bicycle 0.0369 0 327 191 492
bottle 0.0681 208 64 221 111
bottle 0.0428 149 80 165 120
bottle 0.0423 0 136 190 303
bottle 0.0419 47 148 183 262
bottle 0.0315 180 116 312 228
bottle 0.0311 249 66 274 104
bottle 0.0279 135 91 148 125
bottle 0.0267 141 86 151 124
bottle 0.0257 143 372 153 418
bottle 0.0255 6 121 136 223
bottle 0.0238 253 61 300 110
bottle 0.0237 91 99 107 137
bottle 0.0224 130 94 144 125
bottle 0.0223 114 130 196 247
bottle 0.0211 180 70 209 114
bottle 0.0208 159 9 311 405
bottle 0.0205 169 103 283 195
car 0.0242 152 140 326 374
chair 0.0652 132 245 327 500
chair 0.0334 155 345 274 497
chair 0.0326 134 353 218 497
chair 0.0311 224 311 326 497
chair 0.0307 138 400 254 496
chair 0.0289 174 403 295 494
chair 0.0260 0 403 129 495
chair 0.0247 0 335 167 497
chair 0.0200 0 378 66 498
person 0.9179 2 134 201 500
person 0.8253 150 108 330 500
person 0.3006 0 228 41 298
person 0.1801 0 229 40 365
person 0.1726 0 167 45 297
person 0.1133 229 154 326 500
person 0.1123 0 240 33 281
person 0.1064 2 197 55 338
person 0.0964 0 247 15 293
person 0.0881 12 229 39 280
person 0.0854 0 245 27 318
person 0.0840 270 63 303 100
person 0.0803 2 218 57 456
person 0.0750 132 183 226 496
person 0.0739 308 2 329 133
person 0.0645 2 160 174 364
person 0.0632 9 234 28 278
person 0.0595 0 120 34 272
person 0.0587 0 250 17 340
person 0.0577 2 116 30 205
person 0.0534 25 0 330 500
person 0.0524 193 443 251 498
person 0.0515 0 450 14 500
person 0.0514 0 181 106 342
person 0.0483 0 236 18 275
person 0.0482 4 232 34 263
person 0.0464 0 259 25 291
person 0.0456 139 284 207 500
person 0.0430 97 134 203 464
person 0.0427 0 128 68 280
person 0.0421 4 139 166 278
person 0.0406 0 231 74 310
person 0.0401 176 112 325 346
person 0.0396 0 281 152 498
person 0.0388 1 259 28 384
person 0.0377 283 0 328 130
person 0.0375 315 0 330 208
person 0.0375 269 58 313 117
person 0.0371 134 307 273 498
person 0.0371 0 449 33 500
person 0.0362 23 229 41 273
person 0.0349 4 138 21 188
person 0.0346 145 117 260 420
person 0.0345 270 236 326 500
person 0.0331 0 223 24 453
person 0.0327 194 115 321 230
person 0.0322 1 108 44 226
person 0.0320 219 103 324 193
person 0.0316 0 408 16 500
person 0.0308 252 66 296 103
person 0.0299 3 217 76 278
person 0.0290 314 31 329 104
person 0.0288 61 144 192 321
person 0.0282 139 163 205 356
person 0.0282 15 227 61 288
person 0.0276 14 243 32 286
person 0.0276 61 160 163 450
person 0.0268 196 386 251 500
person 0.0268 143 373 153 410
person 0.0262 268 46 328 156
person 0.0260 0 266 41 327
person 0.0260 0 131 14 186
person 0.0258 175 278 330 495
person 0.0257 1 251 51 310
person 0.0251 273 71 308 150
person 0.0249 113 144 196 277
person 0.0240 64 106 75 143
person 0.0239 15 163 119 293
person 0.0237 307 58 329 194
person 0.0236 13 0 188 392
person 0.0234 10 119 32 185
person 0.0231 0 208 18 287
person 0.0231 0 117 106 228
person 0.0231 0 266 15 312
person 0.0230 0 258 11 377
person 0.0227 16 246 43 275
person 0.0226 0 132 20 224
person 0.0226 186 479 217 500
person 0.0226 249 67 306 133
person 0.0225 0 208 39 267
person 0.0222 164 139 231 332
person 0.0221 15 191 48 282
person 0.0218 0 35 33 207
person 0.0218 42 306 214 498
person 0.0215 213 424 248 500
person 0.0213 156 430 253 498
person 0.0209 0 465 10 500
person 0.0209 0 343 74 494
person 0.0207 0 228 28 254
person 0.0207 7 260 37 289
person 0.0207 1 223 24 271
person 0.0207 251 106 330 234
person 0.0206 0 125 56 194
person 0.0204 262 8 312 120
person 0.0202 14 227 41 256
train 0.0298 165 111 330 291
