bird 0.0216 11 12 86 155
bottle 0.0228 27 0 69 33
car 0.0212 9 1 70 42
cow 0.0364 18 0 65 33
dog 0.8445 25 74 306 347
dog 0.0895 24 79 200 277
dog 0.0504 120 162 319 346
dog 0.0487 211 248 324 340
dog 0.0483 219 71 328 347
dog 0.0482 24 75 140 214
dog 0.0453 152 58 316 320
dog 0.0380 0 0 319 500
dog 0.0379 17 53 93 178
dog 0.0354 23 82 91 237
dog 0.0342 230 187 326 334
dog 0.0327 152 247 292 340
dog 0.0324 69 85 265 217
dog 0.0260 185 229 222 251
dog 0.0247 38 76 172 165
dog 0.0246 0 141 271 427
dog 0.0239 14 62 215 196
dog 0.0235 12 0 68 25
dog 0.0216 106 0 332 386
dog 0.0216 201 203 242 226
dog 0.0215 14 71 101 315
dog 0.0211 20 254 332 498
dog 0.0211 115 259 331 387
dog 0.0207 199 219 234 241
dog 0.0206 199 228 232 249
horse 0.0277 17 0 67 26
person 0.0353 32 1 65 30
person 0.0252 43 170 70 195
pottedplant 0.0351 2 2 68 62
pottedplant 0.0276 26 0 66 35
sofa 0.0446 0 7 332 428
train 0.0208 0 0 80 45
