car 0.0294 0 243 33 258
car 0.0232 0 240 20 261
cat 0.1345 274 166 368 220
cat 0.0799 7 16 70 143
cat 0.0783 182 168 362 219
cat 0.0772 90 185 380 247
cat 0.0625 92 215 382 263
cat 0.0286 147 163 310 211
cat 0.0256 313 154 388 220
chair 0.2586 48 33 398 233
chair 0.1208 139 91 392 224
chair 0.0988 47 76 236 232
chair 0.0900 99 50 280 211
chair 0.0881 88 32 372 149
chair 0.0772 63 116 321 217
chair 0.0735 0 1 80 223
chair 0.0716 23 112 186 245
chair 0.0683 11 97 120 257
chair 0.0667 233 44 390 216
chair 0.0647 276 107 396 228
chair 0.0646 18 187 271 263
chair 0.0634 152 4 386 197
chair 0.0631 43 108 147 216
chair 0.0542 90 11 368 102
chair 0.0517 31 109 97 211
chair 0.0501 7 176 121 264
chair 0.0495 12 21 130 217
chair 0.0468 1 134 89 265
chair 0.0463 316 132 395 220
chair 0.0462 37 24 241 157
chair 0.0424 11 93 71 216
chair 0.0394 102 108 241 210
chair 0.0380 75 160 291 219
chair 0.0380 30 212 219 263
chair 0.0374 87 216 297 262
chair 0.0373 169 102 329 199
chair 0.0369 259 0 400 164
chair 0.0351 130 99 298 169
chair 0.0347 38 148 214 222
chair 0.0347 131 40 294 138
chair 0.0340 334 108 398 195
chair 0.0338 16 149 110 233
chair 0.0333 173 142 400 250
chair 0.0327 166 35 342 119
chair 0.0321 184 219 387 262
chair 0.0307 30 174 223 243
chair 0.0307 0 0 234 256
chair 0.0305 283 26 396 123
chair 0.0300 292 63 397 196
chair 0.0293 58 109 179 176
chair 0.0290 29 60 90 182
chair 0.0285 49 115 90 192
chair 0.0283 0 195 71 264
chair 0.0270 76 130 197 210
chair 0.0268 221 109 350 217
chair 0.0266 29 160 161 213
chair 0.0262 40 72 132 191
chair 0.0261 247 91 393 177
chair 0.0261 139 78 328 141
chair 0.0260 49 112 125 182
chair 0.0251 135 43 219 141
chair 0.0250 348 144 400 223
chair 0.0249 97 113 160 206
chair 0.0241 267 161 400 250
chair 0.0231 365 110 400 188
chair 0.0231 135 81 230 193
chair 0.0227 235 41 346 111
chair 0.0225 0 106 338 266
chair 0.0224 44 159 174 266
chair 0.0224 329 0 398 117
chair 0.0220 20 202 94 266
chair 0.0216 320 186 394 266
chair 0.0214 313 92 400 167
chair 0.0212 276 42 358 137
chair 0.0211 96 178 356 266
chair 0.0211 251 45 321 137
chair 0.0210 212 49 398 126
chair 0.0205 122 160 221 218
chair 0.0202 78 101 207 154
chair 0.0201 280 218 400 265
chair 0.0201 190 97 321 154
chair 0.0200 4 30 101 159
dog 0.2776 114 111 369 218
dog 0.2597 145 165 360 219
dog 0.2053 250 166 376 218
dog 0.0735 298 167 394 226
dog 0.0617 242 129 396 220
dog 0.0485 209 160 390 236
dog 0.0344 99 177 329 229
dog 0.0321 309 175 370 221
dog 0.0316 283 182 390 245
dog 0.0293 141 97 269 154
dog 0.0279 123 141 297 220
dog 0.0278 103 170 244 216
dog 0.0263 297 167 366 198
dog 0.0248 163 191 384 247
person 0.2175 120 101 349 219
person 0.0844 18 17 70 120
person 0.0725 94 99 242 222
person 0.0708 0 7 78 210
person 0.0559 140 101 205 180
person 0.0340 39 17 66 75
person 0.0326 325 152 399 222
person 0.0317 7 23 54 109
person 0.0282 130 113 190 205
person 0.0269 19 11 140 165
person 0.0266 30 25 64 99
person 0.0260 145 109 191 162
person 0.0241 151 108 225 161
person 0.0219 111 100 229 154
person 0.0209 139 103 177 154
person 0.0209 46 22 113 126
pottedplant 0.0303 39 17 66 73
pottedplant 0.0218 18 7 135 154
sofa 0.5659 52 95 391 232
sofa 0.1371 51 24 399 190
sofa 0.0966 39 153 371 250
sofa 0.0665 71 206 394 264
sofa 0.0518 131 180 395 249
sofa 0.0499 32 177 277 264
sofa 0.0491 33 68 300 188
sofa 0.0409 196 140 400 220
sofa 0.0253 276 161 392 255
tvmonitor 0.0983 2 0 43 25
tvmonitor 0.0852 5 14 63 118
tvmonitor 0.0728 2 1 54 82
tvmonitor 0.0641 0 9 75 185
tvmonitor 0.0454 1 2 45 49
tvmonitor 0.0372 24 18 67 98
tvmonitor 0.0369 0 184 59 262
tvmonitor 0.0345 4 100 58 196
tvmonitor 0.0336 6 18 55 59
tvmonitor 0.0330 4 0 27 23
tvmonitor 0.0328 0 238 36 263
tvmonitor 0.0328 7 110 36 132
tvmonitor 0.0317 368 172 400 220
tvmonitor 0.0289 8 0 44 14
tvmonitor 0.0281 0 216 32 259
tvmonitor 0.0271 2 24 38 90
tvmonitor 0.0266 0 0 115 121
tvmonitor 0.0247 0 0 17 24
tvmonitor 0.0240 0 0 80 41
tvmonitor 0.0234 23 21 67 60
tvmonitor 0.0233 11 11 89 92
tvmonitor 0.0215 2 104 35 157
