boat 0.0445 8 26 500 270
bottle 0.1800 261 138 292 190
bottle 0.1764 294 346 343 375
bottle 0.1255 162 168 198 246
bottle 0.1174 248 179 279 251
bottle 0.1149 248 140 271 190
bottle 0.1113 283 144 308 177
bottle 0.1085 254 141 286 207
bottle 0.1053 253 169 276 226
bottle 0.0961 198 154 259 241
bottle 0.0936 247 145 276 213
bottle 0.0926 243 137 264 176
bottle 0.0915 389 211 415 281
bottle 0.0905 119 36 148 84
bottle 0.0867 276 141 311 188
bottle 0.0865 236 148 280 247
bottle 0.0857 251 158 269 195
bottle 0.0831 259 134 281 168
bottle 0.0790 259 147 280 189
bottle 0.0764 387 217 405 279
bottle 0.0763 272 143 296 181
bottle 0.0688 161 144 225 243
bottle 0.0676 253 133 270 167
bottle 0.0675 282 342 384 374
bottle 0.0660 177 181 202 244
bottle 0.0637 185 106 264 229
bottle 0.0629 78 182 113 239
bottle 0.0620 198 130 229 180
bottle 0.0619 242 135 283 183
bottle 0.0614 234 136 265 187
bottle 0.0605 398 222 422 284
bottle 0.0599 190 167 232 242
bottle 0.0596 287 327 350 373
bottle 0.0591 218 148 264 224
bottle 0.0590 283 156 304 192
bottle 0.0583 143 150 193 243
bottle 0.0580 236 134 259 166
bottle 0.0563 269 149 301 195
bottle 0.0558 79 203 102 238
bottle 0.0553 199 132 220 166
bottle 0.0546 256 132 283 155
bottle 0.0531 177 335 236 375
bottle 0.0522 93 235 117 280
bottle 0.0516 392 221 409 273
bottle 0.0505 244 135 302 247
bottle 0.0504 330 0 446 83
bottle 0.0497 94 204 116 239
bottle 0.0493 243 156 267 188
bottle 0.0492 395 323 467 372
bottle 0.0488 130 132 158 171
bottle 0.0487 251 116 287 173
bottle 0.0485 257 162 278 206
bottle 0.0484 265 185 283 220
bottle 0.0480 277 337 454 375
bottle 0.0461 203 160 244 220
bottle 0.0460 203 139 253 206
bottle 0.0455 244 159 267 217
bottle 0.0455 404 233 428 287
bottle 0.0454 256 172 315 259
bottle 0.0443 237 154 258 188
bottle 0.0441 420 344 463 375
bottle 0.0427 88 232 169 345
bottle 0.0424 101 117 186 245
bottle 0.0424 256 182 279 216
bottle 0.0422 189 360 243 374
bottle 0.0421 82 147 144 252
bottle 0.0421 202 131 239 164
bottle 0.0407 227 140 292 203
bottle 0.0403 250 122 275 162
bottle 0.0403 118 166 209 245
bottle 0.0397 235 160 260 211
bottle 0.0394 241 133 266 158
bottle 0.0391 48 297 94 371
bottle 0.0385 73 163 122 262
bottle 0.0382 167 142 197 166
bottle 0.0379 366 335 458 375
bottle 0.0377 252 193 289 271
bottle 0.0374 255 120 281 149
bottle 0.0373 139 131 171 174
bottle 0.0371 235 153 274 198
bottle 0.0369 195 115 234 164
bottle 0.0368 161 134 199 206
bottle 0.0367 264 153 309 226
bottle 0.0366 67 166 101 238
bottle 0.0360 264 140 344 259
bottle 0.0360 205 163 237 186
bottle 0.0359 186 191 209 244
bottle 0.0358 383 232 396 267
bottle 0.0357 271 139 298 164
bottle 0.0356 126 174 175 241
bottle 0.0356 159 332 280 374
bottle 0.0356 236 117 270 171
bottle 0.0355 73 294 103 355
bottle 0.0353 227 163 253 218
bottle 0.0353 180 146 201 175
bottle 0.0352 189 158 209 188
bottle 0.0351 88 178 175 247
bottle 0.0351 177 352 255 375
bottle 0.0351 198 206 216 243
bottle 0.0348 263 125 305 179
bottle 0.0344 259 183 278 240
bottle 0.0344 299 164 320 195
bottle 0.0343 298 0 464 118
bottle 0.0342 217 133 259 164
bottle 0.0339 200 150 230 190
bottle 0.0339 275 184 297 214
bottle 0.0339 277 220 294 254
bottle 0.0337 261 160 288 215
bottle 0.0336 377 210 402 275
bottle 0.0331 285 137 323 195
bottle 0.0330 388 349 467 375
bottle 0.0330 191 135 211 165
bottle 0.0329 284 153 315 185
bottle 0.0329 86 203 119 256
bottle 0.0327 50 338 211 375
bottle 0.0325 261 138 293 158
bottle 0.0324 159 180 182 243
bottle 0.0323 267 158 286 197
bottle 0.0322 102 202 122 235
bottle 0.0322 191 145 209 178
bottle 0.0322 283 290 353 375
bottle 0.0321 245 182 264 221
bottle 0.0319 28 334 106 375
bottle 0.0316 189 344 226 374
bottle 0.0316 248 139 280 158
bottle 0.0315 271 181 334 269
bottle 0.0314 247 339 350 374
bottle 0.0313 228 139 251 168
bottle 0.0312 337 324 438 374
bottle 0.0312 348 352 449 375
bottle 0.0311 269 147 306 170
bottle 0.0311 229 159 249 188
bottle 0.0310 80 292 119 366
bottle 0.0309 401 216 417 264
bottle 0.0308 282 150 327 220
bottle 0.0307 197 155 216 188
bottle 0.0305 280 210 308 253
bottle 0.0305 263 196 287 252
bottle 0.0303 249 206 274 249
bottle 0.0302 212 178 270 244
bottle 0.0302 172 308 225 367
bottle 0.0301 178 138 201 165
bottle 0.0301 392 241 409 283
bottle 0.0296 296 151 319 189
bottle 0.0296 180 165 210 249
bottle 0.0294 312 337 345 372
bottle 0.0293 273 162 301 211
bottle 0.0293 116 44 175 79
bottle 0.0293 311 354 358 375
bottle 0.0292 257 178 288 227
bottle 0.0291 266 174 284 210
bottle 0.0290 144 333 222 375
bottle 0.0290 271 190 304 254
bottle 0.0289 66 321 172 374
bottle 0.0289 212 153 264 192
bottle 0.0288 229 169 263 237
bottle 0.0288 423 322 494 374
bottle 0.0286 83 162 119 230
bottle 0.0284 279 0 331 106
bottle 0.0284 86 266 144 359
bottle 0.0284 325 349 415 375
bottle 0.0284 437 339 460 374
bottle 0.0283 216 140 242 167
bottle 0.0282 213 137 272 182
bottle 0.0281 251 145 307 186
bottle 0.0281 321 342 342 368
bottle 0.0281 291 218 311 252
bottle 0.0279 218 161 241 187
bottle 0.0277 164 143 188 174
bottle 0.0277 171 149 196 180
bottle 0.0277 244 124 263 153
bottle 0.0276 85 192 108 234
bottle 0.0275 246 49 280 119
bottle 0.0274 159 134 204 171
bottle 0.0273 178 159 205 185
bottle 0.0273 236 179 255 221
bottle 0.0271 156 156 207 217
bottle 0.0270 145 134 185 182
bottle 0.0270 291 152 353 244
bottle 0.0270 90 190 125 240
bottle 0.0269 189 126 253 161
bottle 0.0269 90 238 122 299
bottle 0.0268 375 205 424 302
bottle 0.0268 193 186 219 243
bottle 0.0267 182 133 225 164
bottle 0.0267 382 312 452 363
bottle 0.0266 190 132 232 201
bottle 0.0265 226 146 256 186
bottle 0.0263 80 172 154 305
bottle 0.0261 147 349 172 375
bottle 0.0261 304 324 393 371
bottle 0.0261 249 140 294 169
bottle 0.0260 45 347 99 375
bottle 0.0260 234 123 258 155
bottle 0.0259 70 283 189 371
bottle 0.0258 60 280 109 368
bottle 0.0257 403 248 420 287
bottle 0.0256 290 166 311 200
bottle 0.0253 244 177 302 292
bottle 0.0252 161 145 221 192
bottle 0.0252 161 156 202 186
bottle 0.0251 178 340 205 373
bottle 0.0251 346 224 418 361
bottle 0.0251 294 209 321 253
bottle 0.0250 219 148 241 174
bottle 0.0250 93 226 133 278
bottle 0.0249 201 171 228 228
bottle 0.0249 143 356 191 375
bottle 0.0247 182 136 216 188
bottle 0.0246 94 237 138 326
bottle 0.0244 156 143 178 177
bottle 0.0243 401 206 430 276
bottle 0.0242 121 131 157 156
bottle 0.0241 344 210 390 279
bottle 0.0241 296 311 362 366
bottle 0.0241 208 142 232 176
bottle 0.0240 89 321 236 375
bottle 0.0239 283 302 426 375
bottle 0.0238 126 262 167 338
bottle 0.0238 284 143 322 168
bottle 0.0237 211 148 245 186
bottle 0.0236 385 240 404 271
bottle 0.0236 424 337 458 363
bottle 0.0236 281 127 305 163
bottle 0.0235 352 210 408 306
bottle 0.0234 157 154 178 187
bottle 0.0234 62 297 142 368
bottle 0.0233 106 261 157 339
bottle 0.0232 159 166 191 189
bottle 0.0229 298 189 343 261
bottle 0.0228 408 214 426 259
bottle 0.0228 382 233 400 281
bottle 0.0227 96 215 115 256
bottle 0.0225 94 204 140 246
bottle 0.0225 2 226 18 271
bottle 0.0225 82 211 119 287
bottle 0.0221 269 218 287 254
bottle 0.0221 174 197 194 243
bottle 0.0221 117 37 145 65
bottle 0.0221 108 228 147 258
bottle 0.0219 408 348 447 374
bottle 0.0218 199 194 258 246
bottle 0.0218 202 164 226 202
bottle 0.0217 139 345 199 375
bottle 0.0215 216 107 258 162
bottle 0.0215 125 326 202 372
bottle 0.0211 113 55 147 85
bottle 0.0211 0 199 22 282
bottle 0.0210 383 231 411 296
bottle 0.0210 159 166 177 202
bottle 0.0209 373 235 387 264
bottle 0.0209 346 355 405 374
bottle 0.0208 200 181 216 224
bottle 0.0208 90 199 120 224
bottle 0.0208 348 315 420 363
bottle 0.0207 84 298 104 342
bottle 0.0206 326 355 375 375
bottle 0.0205 361 206 395 268
bottle 0.0205 285 168 320 188
bottle 0.0205 282 224 302 256
bottle 0.0204 30 0 57 47
bottle 0.0203 220 163 258 184
bottle 0.0203 164 128 189 163
bottle 0.0203 94 184 116 221
bottle 0.0202 152 302 255 373
bottle 0.0202 106 346 182 375
bottle 0.0202 98 195 162 283
bottle 0.0201 268 192 285 234
bottle 0.0200 77 164 102 212
bottle 0.0200 162 165 187 225
car 0.1907 37 56 131 108
car 0.1123 43 66 123 95
car 0.0951 50 65 153 138
car 0.0902 21 42 228 118
car 0.0889 18 57 312 168
car 0.0800 24 13 287 103
car 0.0734 57 79 142 119
car 0.0662 38 74 116 116
car 0.0551 30 39 167 99
car 0.0376 56 73 129 105
car 0.0362 45 51 127 86
car 0.0324 30 2 137 95
car 0.0318 16 36 127 121
car 0.0312 26 1 249 67
car 0.0299 36 72 99 97
car 0.0273 34 48 86 107
car 0.0265 35 85 127 130
car 0.0247 75 73 138 96
car 0.0242 64 80 115 98
car 0.0242 0 94 27 154
car 0.0234 0 96 27 123
car 0.0229 65 70 121 90
car 0.0222 43 81 93 99
car 0.0221 125 58 202 86
car 0.0219 81 81 125 100
car 0.0212 34 5 211 164
car 0.0211 51 89 98 106
car 0.0204 39 88 96 114
chair 0.0863 0 227 113 375
chair 0.0856 80 163 188 355
chair 0.0825 269 164 393 358
chair 0.0807 331 301 498 373
chair 0.0763 184 305 413 371
chair 0.0759 68 223 159 363
chair 0.0717 159 111 264 166
chair 0.0691 28 253 192 372
chair 0.0669 347 228 486 372
chair 0.0662 243 256 419 372
chair 0.0611 155 263 375 371
chair 0.0593 1 301 111 374
chair 0.0559 253 214 356 364
chair 0.0517 274 335 472 375
chair 0.0501 331 339 446 373
chair 0.0495 292 300 435 375
chair 0.0492 0 336 98 373
chair 0.0470 84 268 233 363
chair 0.0463 206 174 346 362
chair 0.0430 162 195 300 372
chair 0.0418 391 337 489 373
chair 0.0418 152 298 314 375
chair 0.0393 40 291 99 374
chair 0.0390 250 112 286 145
chair 0.0381 418 275 499 375
chair 0.0374 304 149 402 211
chair 0.0367 212 256 320 375
chair 0.0358 279 279 381 375
chair 0.0357 0 339 189 375
chair 0.0345 162 331 357 375
chair 0.0327 189 224 276 362
chair 0.0314 110 202 217 346
chair 0.0301 344 273 447 375
chair 0.0297 40 310 173 375
chair 0.0293 348 139 383 212
chair 0.0291 117 227 267 375
chair 0.0286 51 269 118 372
chair 0.0273 160 129 205 167
chair 0.0267 306 229 430 355
chair 0.0263 0 93 27 166
chair 0.0260 456 307 499 375
chair 0.0254 344 353 426 374
chair 0.0241 308 173 420 297
chair 0.0232 184 127 266 163
chair 0.0229 156 136 237 174
chair 0.0226 237 112 273 164
chair 0.0225 297 168 375 212
chair 0.0220 437 332 500 375
chair 0.0219 350 348 484 375
chair 0.0218 190 168 272 312
chair 0.0215 328 165 418 215
chair 0.0205 411 311 477 375
diningtable 0.6709 40 153 399 369
diningtable 0.2777 166 195 498 371
diningtable 0.2178 82 154 374 264
diningtable 0.1796 43 95 375 298
diningtable 0.1771 31 253 371 370
diningtable 0.1550 113 161 296 242
diningtable 0.1330 92 296 473 375
diningtable 0.1249 209 145 491 317
diningtable 0.1220 82 130 268 346
diningtable 0.1148 7 157 189 375
diningtable 0.1143 61 103 347 220
diningtable 0.1136 188 160 363 244
diningtable 0.1111 89 221 297 359
diningtable 0.1014 22 140 276 258
diningtable 0.0977 10 304 307 375
diningtable 0.0919 128 162 327 320
diningtable 0.0873 157 115 305 232
diningtable 0.0850 210 122 396 272
diningtable 0.0844 74 153 218 238
diningtable 0.0844 73 192 216 348
diningtable 0.0779 61 256 233 368
diningtable 0.0737 243 168 437 275
diningtable 0.0711 254 282 500 375
diningtable 0.0681 174 136 367 351
diningtable 0.0636 268 159 419 240
diningtable 0.0556 230 135 353 201
diningtable 0.0542 169 134 288 202
diningtable 0.0539 186 142 273 236
diningtable 0.0536 156 119 275 179
diningtable 0.0536 33 298 184 374
diningtable 0.0504 194 186 403 299
diningtable 0.0498 117 281 345 362
diningtable 0.0447 0 334 264 375
diningtable 0.0433 246 143 340 239
diningtable 0.0431 199 150 323 216
diningtable 0.0409 161 254 412 358
diningtable 0.0399 0 46 499 375
diningtable 0.0397 151 135 248 239
diningtable 0.0394 79 239 246 316
diningtable 0.0393 152 86 500 257
diningtable 0.0382 244 138 308 199
diningtable 0.0368 209 160 296 250
diningtable 0.0366 249 129 338 183
diningtable 0.0361 337 331 495 375
diningtable 0.0359 0 277 156 367
diningtable 0.0338 80 208 248 283
diningtable 0.0323 176 328 481 375
diningtable 0.0321 37 171 188 248
diningtable 0.0311 287 179 472 310
diningtable 0.0309 243 167 346 217
diningtable 0.0301 108 135 243 199
diningtable 0.0291 140 206 328 274
diningtable 0.0291 255 147 326 189
diningtable 0.0291 135 182 260 296
diningtable 0.0284 201 132 278 186
diningtable 0.0279 146 144 253 189
diningtable 0.0277 130 239 325 309
diningtable 0.0276 83 170 186 223
diningtable 0.0275 242 211 430 331
diningtable 0.0264 168 135 255 171
diningtable 0.0259 268 200 408 284
diningtable 0.0247 235 171 319 258
diningtable 0.0234 0 133 168 239
diningtable 0.0233 212 217 339 327
diningtable 0.0231 254 178 351 271
diningtable 0.0228 168 217 294 325
diningtable 0.0223 110 334 363 375
diningtable 0.0219 148 156 255 209
diningtable 0.0219 231 140 293 178
diningtable 0.0214 277 26 492 123
diningtable 0.0211 98 179 196 243
diningtable 0.0207 57 132 178 216
diningtable 0.0204 133 133 225 179
person 0.8391 333 160 499 375
person 0.7753 163 70 258 165
person 0.7581 0 118 108 375
person 0.6953 78 86 157 209
person 0.6806 310 90 391 213
person 0.6159 278 90 333 171
person 0.5779 364 87 492 197
person 0.5085 348 97 496 263
person 0.4625 300 98 452 345
person 0.4451 280 90 364 202
person 0.4393 65 98 165 265
person 0.3946 114 72 244 184
person 0.3539 22 101 139 311
person 0.3329 338 84 440 209
person 0.3136 206 144 483 372
person 0.2830 56 75 164 170
person 0.2715 277 89 397 269
person 0.2480 100 83 176 180
person 0.2419 70 107 205 336
person 0.2294 379 89 464 164
person 0.2221 32 98 140 218
person 0.2112 164 89 253 216
person 0.2000 68 69 217 206
person 0.1940 293 51 428 202
person 0.1909 299 90 376 169
person 0.1775 188 81 328 176
person 0.1704 305 134 417 246
person 0.1700 85 97 268 238
person 0.1694 126 92 162 163
person 0.1461 7 104 92 248
person 0.1286 81 130 189 242
person 0.1259 292 142 500 284
person 0.1240 143 47 281 151
person 0.1232 272 138 393 337
person 0.1225 275 86 355 141
person 0.1191 283 107 449 223
person 0.1186 149 75 306 210
person 0.1183 130 117 168 171
person 0.1183 15 52 183 245
person 0.1173 74 121 133 238
person 0.1154 106 74 159 153
person 0.1152 322 89 383 142
person 0.1148 10 119 241 366
person 0.1141 248 75 346 165
person 0.1131 368 155 500 212
person 0.1084 262 99 330 212
person 0.1070 51 145 166 365
person 0.1052 218 83 401 194
person 0.1032 40 53 172 128
person 0.1004 49 33 276 156
person 0.0988 126 81 188 165
person 0.0984 287 84 333 130
person 0.0962 151 72 233 137
person 0.0955 157 126 383 346
person 0.0939 204 66 307 151
person 0.0937 393 136 500 281
person 0.0935 262 126 360 254
person 0.0934 333 91 390 169
person 0.0933 121 82 155 143
person 0.0929 364 166 434 275
person 0.0917 1 223 140 375
person 0.0901 170 104 376 247
person 0.0890 272 40 337 147
person 0.0890 367 164 478 245
person 0.0871 59 133 118 249
person 0.0870 281 124 320 176
person 0.0861 251 96 328 150
person 0.0853 2 158 19 205
person 0.0849 279 98 326 141
person 0.0847 416 92 494 179
person 0.0834 315 157 405 320
person 0.0822 310 87 335 130
person 0.0822 343 154 447 322
person 0.0811 104 70 201 147
person 0.0805 119 76 178 131
person 0.0766 338 125 395 225
person 0.0754 332 146 399 268
person 0.0750 153 118 265 268
person 0.0733 170 71 251 112
person 0.0730 72 56 267 121
person 0.0726 279 346 346 375
person 0.0720 114 118 176 204
person 0.0718 84 87 149 160
person 0.0716 274 130 331 194
person 0.0701 402 22 500 189
person 0.0693 264 60 500 179
person 0.0690 116 58 155 122
person 0.0689 407 164 494 223
person 0.0689 132 95 155 135
person 0.0688 115 97 214 227
person 0.0684 5 113 84 186
person 0.0676 330 91 377 124
person 0.0667 367 166 439 221
person 0.0662 362 117 432 222
person 0.0660 307 127 367 221
person 0.0657 67 168 108 242
person 0.0649 153 70 211 111
person 0.0648 28 35 305 256
person 0.0648 330 87 453 146
person 0.0640 1 111 46 212
person 0.0637 233 53 288 136
person 0.0636 264 29 485 276
person 0.0635 185 67 272 136
person 0.0634 410 135 496 199
person 0.0634 117 48 219 123
person 0.0629 373 87 438 140
person 0.0621 307 211 438 375
person 0.0619 0 78 414 371
person 0.0613 282 18 366 170
person 0.0610 356 91 403 157
person 0.0603 124 126 154 170
person 0.0603 279 77 432 155
person 0.0588 314 17 459 172
person 0.0576 74 81 156 124
person 0.0573 37 118 97 228
person 0.0563 0 0 43 133
person 0.0552 36 147 105 275
person 0.0547 135 127 183 185
person 0.0545 405 85 473 145
person 0.0544 49 61 134 152
person 0.0544 161 76 208 144
person 0.0536 290 103 339 193
person 0.0533 115 97 150 163
person 0.0530 246 111 319 177
person 0.0529 0 127 24 210
person 0.0528 321 92 342 125
person 0.0527 219 117 310 233
person 0.0520 459 151 500 219
person 0.0519 135 130 167 161
person 0.0515 254 77 295 141
person 0.0511 141 101 276 180
person 0.0511 328 92 351 123
person 0.0506 304 93 339 150
person 0.0505 303 86 331 117
person 0.0484 424 92 458 154
person 0.0484 157 86 222 170
person 0.0484 315 89 346 140
person 0.0482 298 82 372 134
person 0.0479 103 109 156 193
person 0.0478 250 125 302 195
person 0.0478 227 103 300 161
person 0.0478 381 116 481 225
person 0.0474 312 103 336 141
person 0.0474 350 154 418 215
person 0.0472 269 79 313 138
person 0.0470 193 95 266 169
person 0.0466 2 103 35 174
person 0.0465 63 82 124 165
person 0.0464 90 61 169 120
person 0.0454 384 120 441 164
person 0.0452 84 231 158 348
person 0.0452 371 31 476 163
person 0.0451 205 32 283 132
person 0.0449 459 118 499 200
person 0.0447 388 88 454 129
person 0.0444 132 61 192 118
person 0.0442 420 230 498 375
person 0.0441 200 131 343 276
person 0.0438 216 59 269 121
person 0.0438 177 70 216 90
person 0.0437 44 107 92 168
person 0.0435 280 103 307 138
person 0.0432 2 149 33 228
person 0.0432 344 91 417 134
person 0.0431 251 107 299 143
person 0.0431 303 348 389 375
person 0.0428 58 84 119 130
person 0.0425 33 95 105 149
person 0.0423 371 87 399 142
person 0.0423 457 96 499 171
person 0.0420 417 173 497 331
person 0.0419 122 56 232 98
person 0.0416 383 166 468 208
person 0.0416 275 326 452 373
person 0.0415 93 89 168 136
person 0.0411 435 83 486 151
person 0.0411 374 107 434 176
person 0.0407 125 88 150 129
person 0.0406 287 86 328 109
person 0.0404 118 22 277 116
person 0.0404 171 18 387 168
person 0.0403 387 186 432 287
person 0.0402 279 109 312 160
person 0.0397 0 131 68 282
person 0.0396 235 88 282 150
person 0.0395 335 192 428 283
person 0.0391 111 50 160 100
person 0.0390 200 1 320 150
person 0.0386 480 198 499 238
person 0.0383 168 71 200 125
person 0.0378 82 87 124 119
person 0.0374 176 71 204 100
person 0.0370 436 121 459 153
person 0.0366 0 92 160 181
person 0.0365 112 80 149 115
person 0.0365 0 107 28 257
person 0.0364 326 95 355 140
person 0.0361 324 85 360 127
person 0.0360 426 168 496 264
person 0.0358 91 122 209 190
person 0.0358 393 88 442 105
person 0.0357 259 0 326 130
person 0.0355 28 26 139 115
person 0.0354 288 87 314 121
person 0.0352 260 124 356 183
person 0.0349 132 100 168 144
person 0.0348 296 89 323 126
person 0.0347 427 122 481 161
person 0.0346 461 171 499 249
person 0.0344 10 57 98 170
person 0.0342 158 118 239 177
person 0.0341 398 99 450 159
person 0.0341 53 151 96 234
person 0.0339 433 104 500 219
person 0.0339 443 42 500 185
person 0.0336 79 88 117 149
person 0.0336 322 99 362 157
person 0.0336 358 80 477 134
person 0.0335 308 0 422 125
person 0.0333 3 53 37 134
person 0.0332 61 69 189 112
person 0.0332 209 80 263 144
person 0.0332 468 122 497 166
person 0.0330 4 105 82 154
person 0.0327 79 88 103 118
person 0.0326 167 61 250 97
person 0.0324 72 71 117 118
person 0.0324 82 122 146 197
person 0.0323 282 152 361 219
person 0.0323 369 149 430 202
person 0.0322 294 90 350 125
person 0.0321 233 114 288 182
person 0.0321 391 107 487 153
person 0.0321 155 115 206 192
person 0.0319 181 320 360 373
person 0.0314 385 87 403 123
person 0.0312 465 189 500 287
person 0.0310 140 109 164 153
person 0.0309 0 21 28 187
person 0.0309 256 139 328 178
person 0.0309 71 162 127 227
person 0.0308 361 91 380 125
person 0.0307 118 24 424 261
person 0.0306 370 90 389 129
person 0.0305 252 49 284 124
person 0.0304 431 112 455 149
person 0.0304 0 153 17 235
person 0.0301 181 69 227 99
person 0.0300 369 108 390 142
person 0.0299 397 177 458 275
person 0.0298 69 161 129 300
person 0.0298 347 158 391 237
person 0.0296 186 152 271 280
person 0.0296 195 111 275 215
person 0.0295 166 70 202 88
person 0.0295 410 140 495 169
person 0.0293 343 203 391 271
person 0.0292 92 87 134 108
person 0.0288 282 140 335 171
person 0.0287 417 113 467 158
person 0.0287 233 0 446 154
person 0.0286 118 120 197 174
person 0.0286 15 105 134 162
person 0.0285 165 93 198 163
person 0.0285 5 0 72 117
person 0.0284 20 0 57 58
person 0.0283 283 98 315 130
person 0.0283 386 93 425 158
person 0.0282 326 143 376 218
person 0.0282 484 194 500 268
person 0.0282 93 74 146 111
person 0.0279 376 197 438 323
person 0.0277 287 158 382 262
person 0.0276 379 86 396 128
person 0.0275 358 95 386 141
person 0.0274 311 196 396 278
person 0.0273 205 59 252 111
person 0.0272 16 42 56 114
person 0.0271 302 104 332 134
person 0.0271 217 125 263 174
person 0.0268 347 136 384 213
person 0.0265 420 159 476 212
person 0.0264 363 119 474 180
person 0.0264 284 0 342 133
person 0.0263 353 202 407 294
person 0.0263 317 70 345 125
person 0.0263 5 156 26 198
person 0.0262 64 108 105 184
person 0.0262 361 166 408 234
person 0.0262 375 127 424 168
person 0.0261 318 84 407 127
person 0.0261 3 174 102 295
person 0.0260 119 131 145 165
person 0.0256 138 135 197 170
person 0.0256 318 104 343 133
person 0.0255 7 0 41 76
person 0.0255 58 231 121 362
person 0.0254 117 87 143 125
person 0.0253 389 89 412 118
person 0.0252 346 200 417 350
pottedplant 0.0216 172 300 297 372
train 0.0673 0 21 442 229
train 0.0546 95 62 418 171
train 0.0287 10 0 341 77
train 0.0221 135 4 500 193
train 0.0210 0 0 399 141
tvmonitor 0.0927 13 38 338 218
tvmonitor 0.0501 3 0 322 100
tvmonitor 0.0454 35 37 161 105
tvmonitor 0.0447 32 21 417 319
tvmonitor 0.0379 110 39 246 95
tvmonitor 0.0357 91 10 310 181
tvmonitor 0.0341 22 11 206 194
tvmonitor 0.0332 1 3 433 170
tvmonitor 0.0291 64 52 151 100
tvmonitor 0.0273 50 49 125 90
tvmonitor 0.0272 18 0 165 131
tvmonitor 0.0252 29 0 201 78
tvmonitor 0.0244 102 39 164 93
tvmonitor 0.0241 20 21 117 112
tvmonitor 0.0237 142 51 232 81
tvmonitor 0.0215 31 42 102 93
tvmonitor 0.0210 72 42 185 87
tvmonitor 0.0201 132 55 197 87
