aeroplane 0.0359 49 164 69 185
aeroplane 0.0241 46 174 74 185
aeroplane 0.0240 0 305 69 331
aeroplane 0.0238 38 167 75 190
aeroplane 0.0233 44 158 76 185
aeroplane 0.0217 0 291 76 324
bicycle 0.0239 334 188 496 253
bird 0.0339 0 307 72 332
boat 0.6720 29 18 320 306
boat 0.5595 22 166 322 310
boat 0.1543 64 4 479 251
boat 0.1518 117 105 315 294
boat 0.1287 65 4 243 208
boat 0.0975 77 175 330 252
boat 0.0931 151 17 299 197
boat 0.0851 158 178 324 289
boat 0.0741 18 180 91 301
boat 0.0726 0 4 295 148
boat 0.0669 61 73 312 218
boat 0.0640 114 168 308 226
boat 0.0618 21 177 93 228
boat 0.0575 70 24 358 180
boat 0.0554 58 129 464 318
boat 0.0511 72 3 284 102
boat 0.0504 22 170 152 314
boat 0.0488 21 226 289 306
boat 0.0478 22 177 122 250
boat 0.0476 58 8 172 179
boat 0.0457 205 163 327 248
boat 0.0454 22 96 229 294
boat 0.0450 92 65 286 166
boat 0.0431 260 0 293 31
boat 0.0421 33 175 86 207
boat 0.0414 44 178 80 191
boat 0.0395 29 61 205 200
boat 0.0393 48 171 73 186
boat 0.0383 14 155 88 253
boat 0.0367 21 169 245 247
boat 0.0364 47 181 84 197
boat 0.0363 22 181 66 241
boat 0.0344 43 167 79 189
boat 0.0338 71 0 157 121
boat 0.0332 28 7 136 158
boat 0.0326 204 1 314 152
boat 0.0312 127 8 495 126
boat 0.0312 35 181 121 218
boat 0.0299 168 3 296 107
boat 0.0293 65 78 217 148
boat 0.0290 40 179 64 199
boat 0.0282 38 176 65 213
boat 0.0282 99 255 300 308
boat 0.0281 267 0 298 17
boat 0.0281 254 0 294 52
boat 0.0273 18 254 207 311
boat 0.0271 19 70 128 223
boat 0.0271 64 181 99 198
boat 0.0270 34 134 261 220
boat 0.0270 50 177 80 214
boat 0.0268 82 0 122 56
boat 0.0267 26 170 105 202
boat 0.0264 11 238 66 312
boat 0.0261 21 35 215 140
boat 0.0260 230 174 315 215
boat 0.0258 117 24 326 125
boat 0.0254 26 179 57 219
boat 0.0253 90 0 116 34
boat 0.0251 0 0 201 276
boat 0.0246 219 188 479 291
boat 0.0245 50 8 193 86
boat 0.0244 23 159 83 215
boat 0.0243 19 179 169 228
boat 0.0241 99 0 248 74
boat 0.0239 232 185 336 284
boat 0.0235 65 180 105 210
boat 0.0229 36 173 75 195
boat 0.0228 77 0 169 69
boat 0.0225 46 180 71 209
boat 0.0224 116 8 224 144
boat 0.0221 11 121 86 223
boat 0.0221 237 0 280 55
boat 0.0221 93 0 139 57
boat 0.0219 162 0 269 63
boat 0.0218 173 18 460 196
boat 0.0216 249 0 309 19
boat 0.0214 2 264 74 321
boat 0.0210 21 99 190 175
boat 0.0208 202 0 275 85
boat 0.0207 45 182 100 204
boat 0.0206 289 185 463 250
boat 0.0205 34 179 54 209
boat 0.0201 174 222 337 294
bottle 0.0493 48 24 257 239
bottle 0.0422 229 180 327 290
bottle 0.0401 269 101 298 170
bottle 0.0326 83 180 102 211
bottle 0.0302 43 179 82 224
bottle 0.0275 74 178 105 221
bottle 0.0269 223 173 292 226
bottle 0.0260 237 147 266 206
bottle 0.0243 195 93 218 143
bottle 0.0222 172 136 210 201
bottle 0.0217 81 188 99 221
bottle 0.0215 12 178 99 314
bottle 0.0207 210 87 238 135
bottle 0.0203 125 2 268 53
bottle 0.0200 92 57 190 202
bottle 0.0200 199 88 228 136
car 0.0241 209 65 280 98
chair 0.0238 180 102 304 179
diningtable 0.0348 110 98 343 236
diningtable 0.0322 151 135 319 219
person 0.6387 183 68 293 212
person 0.3529 168 107 237 216
person 0.2700 150 67 304 279
person 0.1838 101 45 284 219
person 0.1636 220 71 290 170
person 0.1106 199 73 269 162
person 0.1105 183 84 235 189
person 0.0743 207 104 314 260
person 0.0707 235 68 282 140
person 0.0598 190 78 233 149
person 0.0565 139 70 225 209
person 0.0552 238 89 298 187
person 0.0541 204 71 253 134
person 0.0523 216 100 275 207
person 0.0508 235 69 270 115
person 0.0493 183 122 222 183
person 0.0456 228 74 318 211
person 0.0433 169 152 280 223
person 0.0416 213 83 245 146
person 0.0414 191 130 248 222
person 0.0402 236 70 260 99
person 0.0401 155 173 244 222
person 0.0400 228 75 266 135
person 0.0395 245 65 293 123
person 0.0381 190 101 222 162
person 0.0367 209 71 281 110
person 0.0352 157 72 291 155
person 0.0348 261 91 294 158
person 0.0337 257 76 309 163
person 0.0337 223 162 265 223
person 0.0336 209 175 294 228
person 0.0335 191 130 236 188
person 0.0335 210 27 307 156
person 0.0333 196 179 256 223
person 0.0329 44 176 58 194
person 0.0328 47 174 59 188
person 0.0322 252 77 287 139
person 0.0315 235 87 273 158
person 0.0309 63 178 82 200
person 0.0309 50 170 68 187
person 0.0306 204 198 241 224
person 0.0305 56 176 77 193
person 0.0300 204 135 239 206
person 0.0289 267 102 303 172
person 0.0288 187 129 228 161
person 0.0287 206 203 227 225
person 0.0275 211 142 305 221
person 0.0270 188 126 209 161
person 0.0267 206 78 301 136
person 0.0266 221 69 260 114
person 0.0257 47 169 61 185
person 0.0256 218 88 257 158
person 0.0255 234 151 275 217
person 0.0249 232 64 284 102
person 0.0248 149 178 284 234
person 0.0247 194 77 269 119
person 0.0247 57 180 78 209
person 0.0244 223 82 252 130
person 0.0240 159 100 216 190
person 0.0238 254 118 296 189
person 0.0234 161 148 230 208
person 0.0232 192 65 235 122
person 0.0231 219 78 239 129
person 0.0231 61 173 81 190
person 0.0229 201 101 244 173
person 0.0228 238 47 332 159
person 0.0228 124 23 221 165
person 0.0228 237 87 258 123
person 0.0227 175 188 246 227
person 0.0226 228 71 253 99
person 0.0225 40 170 65 199
person 0.0224 182 52 252 150
person 0.0222 247 82 278 128
person 0.0218 203 162 240 222
person 0.0216 247 70 271 101
person 0.0215 193 202 222 220
person 0.0213 36 179 54 202
person 0.0207 259 90 281 125
person 0.0205 180 73 218 137
person 0.0202 234 117 280 195
person 0.0202 158 11 261 151
person 0.0200 163 110 286 185
sofa 0.0352 135 73 328 213
