car 0.9641 8 129 483 286
car 0.1140 269 149 305 171
car 0.0916 215 128 299 166
car 0.0561 258 138 311 170
car 0.0545 244 130 328 167
car 0.0538 12 166 101 280
car 0.0513 321 132 405 167
car 0.0500 336 136 488 261
car 0.0497 15 144 280 290
car 0.0424 319 123 482 190
car 0.0397 240 128 296 154
car 0.0313 7 205 156 286
car 0.0269 179 127 302 179
car 0.0269 324 135 444 175
car 0.0262 400 122 494 243
car 0.0228 248 125 420 178
car 0.0204 267 139 477 215
person 0.4852 299 137 330 169
person 0.1982 307 134 360 168
person 0.1663 327 133 377 167
person 0.1373 276 144 325 171
person 0.1308 265 131 300 168
person 0.1094 270 133 332 167
person 0.0887 239 128 298 166
person 0.0855 289 140 316 169
person 0.0832 272 149 306 171
person 0.0562 271 129 297 156
person 0.0549 313 133 400 171
person 0.0496 14 229 27 257
person 0.0479 320 135 343 167
person 0.0357 292 140 340 179
person 0.0322 273 138 311 161
person 0.0303 246 128 369 171
person 0.0300 304 135 339 157
person 0.0290 257 128 289 159
person 0.0249 283 134 323 154
person 0.0246 255 124 313 161
person 0.0216 259 135 285 170
person 0.0215 291 125 348 163
person 0.0210 291 150 329 172
person 0.0204 10 239 17 256
sofa 0.0270 9 67 476 332
