bottle 0.3285 437 128 458 165
bottle 0.3075 452 146 476 218
bottle 0.2776 483 121 498 170
bottle 0.2337 387 52 416 102
bottle 0.2292 457 117 478 164
bottle 0.2231 303 218 327 274
bottle 0.1949 458 117 491 204
bottle 0.1785 467 58 489 100
bottle 0.1651 451 163 468 213
bottle 0.1594 424 175 454 227
bottle 0.1533 445 125 463 162
bottle 0.1490 464 113 492 169
bottle 0.1480 480 65 496 103
bottle 0.1451 435 127 462 190
bottle 0.1374 486 93 500 174
bottle 0.1366 356 48 383 94
bottle 0.1329 451 145 493 243
bottle 0.1308 440 125 469 174
bottle 0.1270 447 117 479 182
bottle 0.1251 378 63 396 97
bottle 0.1187 471 120 487 160
bottle 0.1130 12 161 72 207
bottle 0.1110 432 167 464 226
bottle 0.1058 361 265 380 304
bottle 0.1054 482 104 499 153
bottle 0.1042 473 60 498 109
bottle 0.1022 351 36 379 80
bottle 0.0988 443 157 471 225
bottle 0.0958 421 136 467 228
bottle 0.0944 482 63 500 121
bottle 0.0939 392 45 415 81
bottle 0.0900 370 34 388 71
bottle 0.0899 436 127 487 235
bottle 0.0892 478 120 500 193
bottle 0.0891 226 2 248 41
bottle 0.0832 361 33 381 68
bottle 0.0831 364 61 388 96
bottle 0.0804 377 49 393 84
bottle 0.0795 338 37 355 71
bottle 0.0773 457 58 476 96
bottle 0.0764 429 198 463 227
bottle 0.0760 467 101 500 213
bottle 0.0745 366 265 388 303
bottle 0.0743 418 127 460 166
bottle 0.0726 447 183 467 223
bottle 0.0715 462 127 481 173
bottle 0.0715 369 48 387 84
bottle 0.0707 459 159 479 206
bottle 0.0687 437 183 458 223
bottle 0.0680 455 82 497 169
bottle 0.0678 411 155 456 227
bottle 0.0671 360 33 390 87
bottle 0.0670 456 0 475 23
bottle 0.0669 246 1 280 37
bottle 0.0662 462 53 494 114
bottle 0.0660 344 37 365 71
bottle 0.0658 408 58 428 96
bottle 0.0654 442 183 489 252
bottle 0.0632 472 132 489 171
bottle 0.0629 373 44 406 100
bottle 0.0603 466 149 491 207
bottle 0.0586 429 135 462 160
bottle 0.0579 344 42 388 100
bottle 0.0576 408 58 454 103
bottle 0.0575 351 62 399 99
bottle 0.0570 380 64 412 97
bottle 0.0567 295 204 336 276
bottle 0.0553 442 173 457 213
bottle 0.0551 354 33 375 64
bottle 0.0549 437 99 491 176
bottle 0.0539 442 202 470 226
bottle 0.0520 283 0 301 35
bottle 0.0505 485 73 500 104
bottle 0.0494 454 201 500 308
bottle 0.0492 190 0 225 49
bottle 0.0481 454 134 476 188
bottle 0.0480 359 254 394 304
bottle 0.0479 480 141 499 184
bottle 0.0477 374 38 397 80
bottle 0.0475 483 93 499 136
bottle 0.0470 381 28 414 90
bottle 0.0468 449 68 467 97
bottle 0.0464 475 83 500 170
bottle 0.0463 462 142 482 195
bottle 0.0448 422 164 474 253
bottle 0.0446 432 172 451 204
bottle 0.0446 434 200 487 236
bottle 0.0439 227 0 267 41
bottle 0.0438 389 162 439 229
bottle 0.0438 173 0 194 30
bottle 0.0436 173 0 207 51
bottle 0.0435 455 112 488 154
bottle 0.0434 435 113 482 160
bottle 0.0433 142 0 176 54
bottle 0.0429 333 42 350 72
bottle 0.0421 292 220 319 273
bottle 0.0417 441 145 460 207
bottle 0.0413 456 173 485 222
bottle 0.0413 424 132 449 163
bottle 0.0411 455 187 473 221
bottle 0.0410 467 101 494 148
bottle 0.0408 351 69 384 95
bottle 0.0403 417 191 435 226
bottle 0.0403 200 0 243 48
bottle 0.0401 472 107 491 138
bottle 0.0400 438 208 462 238
bottle 0.0399 415 179 442 225
bottle 0.0391 439 124 461 150
bottle 0.0385 429 158 477 213
bottle 0.0381 232 10 252 41
bottle 0.0381 471 147 490 186
bottle 0.0381 384 50 408 89
bottle 0.0380 409 48 428 76
bottle 0.0380 448 204 493 224
bottle 0.0379 342 38 371 84
bottle 0.0378 418 166 450 211
bottle 0.0376 460 186 480 217
bottle 0.0367 372 263 395 299
bottle 0.0358 444 161 456 197
bottle 0.0358 436 57 477 105
bottle 0.0358 227 0 251 22
bottle 0.0354 485 134 500 215
bottle 0.0354 356 269 373 306
bottle 0.0352 446 122 467 148
bottle 0.0351 464 211 498 280
bottle 0.0345 463 71 483 108
bottle 0.0345 453 115 478 142
bottle 0.0343 383 43 410 67
bottle 0.0342 264 0 289 34
bottle 0.0340 452 77 500 122
bottle 0.0340 375 162 416 225
bottle 0.0340 476 154 499 210
bottle 0.0339 418 207 497 338
bottle 0.0338 461 110 484 140
bottle 0.0338 349 254 382 304
bottle 0.0335 156 7 176 49
bottle 0.0330 41 167 70 202
bottle 0.0329 378 76 396 109
bottle 0.0327 446 138 465 181
bottle 0.0326 367 158 402 222
bottle 0.0325 447 147 467 198
bottle 0.0323 425 70 456 107
bottle 0.0323 401 178 432 225
bottle 0.0321 334 9 374 71
bottle 0.0321 472 85 492 116
bottle 0.0320 328 65 350 95
bottle 0.0320 393 58 421 91
bottle 0.0317 160 0 194 51
bottle 0.0317 431 79 451 105
bottle 0.0317 332 68 389 98
bottle 0.0316 439 79 461 103
bottle 0.0314 87 42 105 65
bottle 0.0313 378 184 431 228
bottle 0.0313 276 173 334 277
bottle 0.0312 454 200 476 227
bottle 0.0312 244 9 269 39
bottle 0.0310 459 197 484 224
bottle 0.0309 437 131 469 155
bottle 0.0309 408 81 428 109
bottle 0.0308 337 55 356 87
bottle 0.0307 469 177 491 211
bottle 0.0305 417 210 485 265
bottle 0.0301 432 61 500 129
bottle 0.0301 449 57 469 90
bottle 0.0299 348 266 367 303
bottle 0.0298 245 0 266 25
bottle 0.0297 412 68 436 103
bottle 0.0296 98 39 113 63
bottle 0.0295 360 9 399 71
bottle 0.0294 456 158 496 214
bottle 0.0293 478 86 500 115
bottle 0.0290 179 0 199 24
bottle 0.0289 442 76 491 146
bottle 0.0288 50 54 67 79
bottle 0.0288 427 83 468 108
bottle 0.0287 315 7 352 71
bottle 0.0286 284 203 322 268
bottle 0.0285 453 93 500 137
bottle 0.0284 425 188 458 245
bottle 0.0284 446 80 469 101
bottle 0.0283 304 218 347 281
bottle 0.0283 464 37 500 142
bottle 0.0281 307 36 354 90
bottle 0.0278 341 38 376 61
bottle 0.0277 478 55 498 93
bottle 0.0276 365 66 413 106
bottle 0.0275 342 35 354 58
bottle 0.0275 396 64 418 105
bottle 0.0274 452 59 500 98
bottle 0.0273 466 86 496 128
bottle 0.0273 19 183 66 206
bottle 0.0272 332 37 366 95
bottle 0.0271 406 355 466 374
bottle 0.0270 362 63 395 83
bottle 0.0270 346 54 364 87
bottle 0.0270 21 162 65 184
bottle 0.0270 292 218 311 259
bottle 0.0269 338 54 382 89
bottle 0.0267 323 47 342 73
bottle 0.0265 409 134 459 199
bottle 0.0265 459 46 487 92
bottle 0.0263 419 174 449 195
bottle 0.0262 288 213 343 321
bottle 0.0260 440 215 477 233
bottle 0.0257 402 163 434 206
bottle 0.0256 84 2 110 37
bottle 0.0256 467 81 496 107
bottle 0.0254 29 164 59 203
bottle 0.0253 158 0 177 33
bottle 0.0252 434 201 466 255
bottle 0.0250 246 0 296 47
bottle 0.0246 367 73 391 101
bottle 0.0246 416 71 485 105
bottle 0.0245 167 0 186 40
bottle 0.0245 175 8 194 50
bottle 0.0245 168 0 188 22
bottle 0.0244 420 86 449 106
bottle 0.0244 250 89 284 133
bottle 0.0244 452 76 479 100
bottle 0.0243 469 192 491 217
bottle 0.0243 57 50 74 77
bottle 0.0243 152 16 172 54
bottle 0.0242 475 216 500 299
bottle 0.0242 463 86 483 115
bottle 0.0240 435 153 452 191
bottle 0.0240 272 216 316 276
bottle 0.0239 127 3 170 65
bottle 0.0239 297 238 323 273
bottle 0.0238 414 176 436 207
bottle 0.0237 295 218 323 247
bottle 0.0233 451 190 483 230
bottle 0.0232 190 0 209 35
bottle 0.0231 347 62 385 84
bottle 0.0230 401 190 458 226
bottle 0.0228 407 80 447 108
bottle 0.0228 424 195 447 229
bottle 0.0228 389 201 492 279
bottle 0.0227 212 1 233 41
bottle 0.0227 85 0 142 58
bottle 0.0226 405 167 448 197
bottle 0.0226 68 66 81 89
bottle 0.0224 196 0 219 32
bottle 0.0224 420 64 446 99
bottle 0.0221 481 179 498 212
bottle 0.0221 117 1 172 40
bottle 0.0220 399 60 437 122
bottle 0.0220 15 168 43 202
bottle 0.0220 158 26 175 56
bottle 0.0220 450 154 479 186
bottle 0.0219 11 179 80 213
bottle 0.0219 444 80 488 108
bottle 0.0218 453 112 480 131
bottle 0.0218 300 62 347 97
bottle 0.0218 139 3 166 37
bottle 0.0217 448 107 487 137
bottle 0.0215 452 210 479 239
bottle 0.0215 321 60 344 88
bottle 0.0214 458 188 497 220
bottle 0.0213 230 0 251 12
bottle 0.0213 331 73 359 97
bottle 0.0213 309 232 330 275
bottle 0.0212 341 66 374 91
bottle 0.0211 466 97 495 120
bottle 0.0211 381 65 430 112
bottle 0.0211 463 54 483 85
bottle 0.0211 373 177 398 217
bottle 0.0210 457 125 500 162
bottle 0.0209 51 38 78 80
bottle 0.0209 357 80 398 98
bottle 0.0207 432 213 497 247
bottle 0.0206 464 136 495 174
bottle 0.0205 418 88 495 116
bottle 0.0204 455 81 474 108
bottle 0.0204 88 27 116 65
bottle 0.0203 457 104 488 125
bottle 0.0203 405 202 466 252
bottle 0.0202 292 239 310 275
bottle 0.0202 281 218 308 267
bottle 0.0202 130 0 172 21
bottle 0.0202 406 197 429 227
cat 0.1077 11 162 71 207
chair 0.6245 328 107 404 211
chair 0.4989 259 124 336 213
chair 0.4952 3 175 133 334
chair 0.4534 137 121 281 375
chair 0.3176 424 29 471 64
chair 0.3020 266 112 395 223
chair 0.2962 46 142 157 323
chair 0.2226 251 113 348 261
chair 0.2118 45 162 217 359
chair 0.2083 251 122 419 366
chair 0.1935 81 155 152 295
chair 0.1819 69 86 190 333
chair 0.1807 7 140 92 306
chair 0.1794 304 114 409 299
chair 0.1786 151 189 356 374
chair 0.1773 70 113 125 254
chair 0.1634 0 66 113 320
chair 0.1598 369 337 500 374
chair 0.1568 239 215 361 371
chair 0.1555 417 35 473 85
chair 0.1360 247 83 348 202
chair 0.1324 100 124 167 288
chair 0.1302 185 97 331 242
chair 0.1300 145 212 256 375
chair 0.1274 118 120 172 196
chair 0.1262 393 235 498 370
chair 0.1243 250 159 344 319
chair 0.1206 342 119 417 248
chair 0.1156 49 166 123 295
chair 0.1100 1 187 56 315
chair 0.1095 93 179 179 342
chair 0.1075 122 122 225 344
chair 0.1067 191 124 324 353
chair 0.1042 409 55 469 93
chair 0.0971 12 80 85 235
chair 0.0962 293 111 401 181
chair 0.0931 325 99 399 167
chair 0.0924 78 98 154 221
chair 0.0923 243 47 308 127
chair 0.0908 77 119 117 207
chair 0.0887 271 147 332 264
chair 0.0887 312 68 411 174
chair 0.0882 63 51 167 249
chair 0.0882 251 140 308 237
chair 0.0879 4 162 91 246
chair 0.0878 376 301 500 375
chair 0.0868 398 157 497 335
chair 0.0839 221 251 322 375
chair 0.0836 243 60 324 158
chair 0.0811 126 139 167 185
chair 0.0806 62 79 116 221
chair 0.0791 34 108 110 275
chair 0.0786 251 106 331 177
chair 0.0778 372 341 447 375
chair 0.0754 115 132 151 196
chair 0.0747 236 303 445 370
chair 0.0743 87 125 141 245
chair 0.0743 353 135 403 217
chair 0.0739 366 142 426 230
chair 0.0733 117 134 171 247
chair 0.0723 113 70 181 188
chair 0.0719 286 137 390 263
chair 0.0713 243 283 352 375
chair 0.0712 424 32 449 63
chair 0.0711 244 0 281 42
chair 0.0709 8 161 72 217
chair 0.0684 8 191 95 273
chair 0.0664 239 30 266 85
chair 0.0646 299 137 381 216
chair 0.0641 0 183 29 317
chair 0.0637 285 0 322 49
chair 0.0635 339 114 440 184
chair 0.0627 43 132 124 226
chair 0.0623 269 0 302 48
chair 0.0620 392 45 417 67
chair 0.0592 119 170 172 290
chair 0.0590 189 41 240 82
chair 0.0584 222 0 251 60
chair 0.0581 255 77 340 138
chair 0.0581 21 180 176 278
chair 0.0580 5 40 215 357
chair 0.0576 232 112 302 252
chair 0.0575 252 126 302 198
chair 0.0575 225 28 254 83
chair 0.0574 266 229 441 375
chair 0.0571 203 24 248 85
chair 0.0560 314 123 363 193
chair 0.0556 243 24 292 63
chair 0.0554 268 123 365 182
chair 0.0553 76 61 154 179
chair 0.0552 0 239 99 333
chair 0.0551 265 160 363 211
chair 0.0548 110 121 134 202
chair 0.0544 76 65 209 198
chair 0.0542 243 32 262 70
chair 0.0542 12 11 143 253
chair 0.0542 190 59 337 180
chair 0.0542 419 59 472 82
chair 0.0538 241 84 303 174
chair 0.0532 113 105 158 177
chair 0.0529 167 177 295 318
chair 0.0525 244 75 297 140
chair 0.0525 259 67 308 118
chair 0.0524 270 169 335 228
chair 0.0524 256 43 341 109
chair 0.0521 235 62 410 202
chair 0.0521 445 29 474 65
chair 0.0519 243 9 302 81
chair 0.0515 282 98 347 189
chair 0.0515 235 35 304 97
chair 0.0510 68 101 108 188
chair 0.0506 0 231 24 303
chair 0.0495 291 46 349 123
chair 0.0493 427 18 482 75
chair 0.0491 337 142 500 372
chair 0.0490 319 80 440 238
chair 0.0487 34 198 103 309
chair 0.0481 237 10 273 65
chair 0.0480 459 19 494 88
chair 0.0477 326 140 392 242
chair 0.0477 230 30 247 69
chair 0.0476 41 71 103 213
chair 0.0475 95 114 132 187
chair 0.0467 126 90 173 165
chair 0.0466 184 37 216 87
chair 0.0465 234 24 257 69
chair 0.0462 184 59 240 96
chair 0.0459 363 163 403 233
chair 0.0459 393 101 439 163
chair 0.0458 251 0 295 56
chair 0.0455 254 162 290 242
chair 0.0455 186 2 240 80
chair 0.0446 399 37 465 68
chair 0.0445 274 60 352 163
chair 0.0445 204 121 411 255
chair 0.0440 253 29 296 78
chair 0.0440 437 33 470 78
chair 0.0439 196 0 233 48
chair 0.0435 347 254 455 375
chair 0.0432 265 166 312 253
chair 0.0428 369 345 413 375
chair 0.0427 349 115 400 173
chair 0.0427 217 32 246 74
chair 0.0427 270 326 475 373
chair 0.0426 216 11 265 93
chair 0.0425 199 48 248 104
chair 0.0425 298 74 343 136
chair 0.0423 139 55 187 144
chair 0.0422 379 88 419 158
chair 0.0422 125 143 149 181
chair 0.0421 409 51 439 88
chair 0.0420 381 56 415 124
chair 0.0420 281 0 304 36
chair 0.0419 187 24 256 112
chair 0.0418 446 170 500 316
chair 0.0418 418 35 434 64
chair 0.0417 142 55 178 114
chair 0.0415 390 116 453 207
chair 0.0414 456 294 499 369
chair 0.0414 224 67 366 142
chair 0.0413 225 0 268 44
chair 0.0412 263 193 380 300
chair 0.0412 335 110 396 150
chair 0.0411 391 44 419 84
chair 0.0409 15 244 172 333
chair 0.0408 435 323 500 372
chair 0.0408 271 98 327 130
chair 0.0405 357 70 426 175
chair 0.0403 125 183 193 326
chair 0.0403 99 56 195 145
chair 0.0402 67 140 108 233
chair 0.0398 190 39 208 76
chair 0.0397 434 46 476 99
chair 0.0396 322 159 416 214
chair 0.0396 63 178 105 263
chair 0.0396 279 66 330 129
chair 0.0394 260 0 315 66
chair 0.0394 232 29 261 104
chair 0.0393 69 185 141 276
chair 0.0392 104 233 187 372
chair 0.0387 389 66 443 154
chair 0.0385 118 136 135 179
chair 0.0384 212 0 278 58
chair 0.0383 293 76 388 153
chair 0.0381 233 104 286 206
chair 0.0380 156 135 380 303
chair 0.0378 327 91 397 123
chair 0.0378 142 272 308 366
chair 0.0377 94 161 137 263
chair 0.0376 229 17 247 57
chair 0.0375 122 158 175 217
chair 0.0372 71 62 128 151
chair 0.0371 265 128 325 174
chair 0.0371 56 11 176 182
chair 0.0371 78 87 119 170
chair 0.0371 261 88 312 148
chair 0.0368 206 36 279 96
chair 0.0368 268 118 346 158
chair 0.0368 445 37 492 93
chair 0.0367 201 224 333 343
chair 0.0367 402 47 427 66
chair 0.0366 237 150 283 261
chair 0.0366 386 84 460 180
chair 0.0365 376 355 430 374
chair 0.0365 197 52 335 121
chair 0.0364 66 72 103 156
chair 0.0363 314 77 353 137
chair 0.0362 278 17 333 89
chair 0.0361 327 338 425 373
chair 0.0360 247 100 327 141
chair 0.0359 199 44 233 68
chair 0.0359 2 104 69 213
chair 0.0358 309 153 359 212
chair 0.0355 112 93 247 258
chair 0.0354 373 112 417 178
chair 0.0354 414 36 438 72
chair 0.0354 316 103 361 168
chair 0.0353 335 32 357 68
chair 0.0353 274 188 334 248
chair 0.0353 440 20 470 56
chair 0.0349 103 191 157 302
chair 0.0349 395 40 412 61
chair 0.0348 114 159 156 257
chair 0.0344 0 217 43 287
chair 0.0344 250 176 406 257
chair 0.0344 278 94 330 155
chair 0.0344 144 148 258 289
chair 0.0342 137 107 182 181
chair 0.0342 405 117 457 161
chair 0.0341 369 315 436 375
chair 0.0340 388 38 429 96
chair 0.0339 394 33 421 66
chair 0.0339 110 78 155 148
chair 0.0338 108 105 136 169
chair 0.0336 312 203 401 348
chair 0.0336 376 36 417 102
chair 0.0336 172 11 227 93
chair 0.0333 215 154 329 276
chair 0.0332 205 43 279 144
chair 0.0332 424 2 463 66
chair 0.0331 97 74 136 145
chair 0.0330 5 182 69 239
chair 0.0327 166 59 245 117
chair 0.0327 447 2 477 60
chair 0.0326 403 45 429 81
chair 0.0325 337 152 399 202
chair 0.0325 237 155 351 236
chair 0.0325 476 318 500 375
chair 0.0322 397 110 420 163
chair 0.0322 90 136 141 196
chair 0.0322 301 285 409 375
chair 0.0321 391 62 430 125
chair 0.0320 3 173 41 264
chair 0.0320 412 287 499 361
chair 0.0320 199 38 256 71
chair 0.0318 145 293 254 372
chair 0.0317 259 151 295 216
chair 0.0317 93 203 140 297
chair 0.0315 245 41 276 87
chair 0.0315 158 206 320 286
chair 0.0314 131 2 193 129
chair 0.0314 164 46 312 144
chair 0.0314 411 330 482 375
chair 0.0314 247 29 270 61
chair 0.0313 19 136 101 209
chair 0.0312 244 51 287 109
chair 0.0311 6 166 132 221
chair 0.0310 118 135 160 171
chair 0.0310 239 140 278 218
chair 0.0310 297 163 371 247
chair 0.0309 103 55 251 165
chair 0.0309 114 128 129 173
chair 0.0308 287 41 352 82
chair 0.0308 144 85 175 147
chair 0.0308 131 150 157 187
chair 0.0307 275 133 325 202
chair 0.0305 51 195 95 270
chair 0.0305 304 63 358 112
chair 0.0305 242 332 394 373
chair 0.0304 292 98 350 145
chair 0.0304 178 0 214 70
chair 0.0303 335 117 384 179
chair 0.0301 291 2 311 37
chair 0.0300 281 206 333 263
chair 0.0299 241 44 268 112
chair 0.0298 191 43 221 70
chair 0.0298 461 0 496 66
chair 0.0297 175 48 226 103
chair 0.0297 242 51 304 83
chair 0.0296 210 123 334 193
chair 0.0295 0 235 39 321
chair 0.0295 413 47 432 77
chair 0.0294 315 99 333 132
chair 0.0293 456 25 473 55
chair 0.0293 227 5 250 41
chair 0.0292 348 174 438 324
chair 0.0292 257 30 283 58
chair 0.0290 401 314 486 364
chair 0.0290 224 9 242 47
chair 0.0289 71 160 128 224
diningtable 0.5755 195 143 481 370
diningtable 0.3135 156 88 367 371
diningtable 0.2341 240 237 500 372
diningtable 0.2145 327 161 500 372
diningtable 0.1956 81 108 306 362
diningtable 0.1741 258 300 500 373
diningtable 0.1542 91 211 393 370
diningtable 0.1420 359 134 488 263
diningtable 0.1333 290 126 470 284
diningtable 0.1310 409 40 479 100
diningtable 0.1238 4 176 230 340
diningtable 0.1203 347 98 475 214
diningtable 0.1187 397 138 483 227
diningtable 0.1072 396 56 494 143
diningtable 0.1039 275 202 500 316
diningtable 0.1035 319 84 441 200
diningtable 0.1033 0 92 500 375
diningtable 0.1011 282 175 430 365
diningtable 0.0995 420 127 466 223
diningtable 0.0983 409 149 494 287
diningtable 0.0882 437 121 487 228
diningtable 0.0861 174 85 452 261
diningtable 0.0846 405 117 478 174
diningtable 0.0834 398 91 490 159
diningtable 0.0803 407 30 472 79
diningtable 0.0802 364 53 489 112
diningtable 0.0801 389 107 495 200
diningtable 0.0757 347 46 416 103
diningtable 0.0744 375 73 500 180
diningtable 0.0722 389 58 457 96
diningtable 0.0717 384 198 500 352
diningtable 0.0674 216 272 426 369
diningtable 0.0645 328 63 424 141
diningtable 0.0645 432 114 492 180
diningtable 0.0634 347 40 472 98
diningtable 0.0630 382 158 455 229
diningtable 0.0625 308 269 479 367
diningtable 0.0624 322 59 446 112
diningtable 0.0613 253 105 430 214
diningtable 0.0609 317 330 500 375
diningtable 0.0598 425 44 490 121
diningtable 0.0586 306 64 497 156
diningtable 0.0558 423 59 484 90
diningtable 0.0529 318 43 394 102
diningtable 0.0521 379 53 417 101
diningtable 0.0515 407 125 458 193
diningtable 0.0513 386 61 460 125
diningtable 0.0507 331 69 407 106
diningtable 0.0502 318 72 396 130
diningtable 0.0497 432 162 494 240
diningtable 0.0496 394 184 500 252
diningtable 0.0487 399 77 490 117
diningtable 0.0480 360 211 500 292
diningtable 0.0475 232 26 302 85
diningtable 0.0466 412 63 494 105
diningtable 0.0456 333 70 479 125
diningtable 0.0448 369 41 431 99
diningtable 0.0436 337 155 450 268
diningtable 0.0433 386 44 462 86
diningtable 0.0433 341 38 392 89
diningtable 0.0430 401 110 455 163
diningtable 0.0429 363 108 471 168
diningtable 0.0424 248 39 391 150
diningtable 0.0411 181 27 248 87
diningtable 0.0404 267 44 466 124
diningtable 0.0404 357 34 392 74
diningtable 0.0404 286 39 379 112
diningtable 0.0404 202 222 412 345
diningtable 0.0401 198 18 295 94
diningtable 0.0399 313 182 489 257
diningtable 0.0398 339 34 381 71
diningtable 0.0398 0 62 265 348
diningtable 0.0391 346 73 452 155
diningtable 0.0390 279 47 497 216
diningtable 0.0389 185 2 269 82
diningtable 0.0389 263 48 354 126
diningtable 0.0386 319 29 387 81
diningtable 0.0385 184 142 416 292
diningtable 0.0384 240 6 330 84
diningtable 0.0384 322 222 469 334
diningtable 0.0383 332 22 429 93
diningtable 0.0381 370 50 427 152
diningtable 0.0376 287 64 381 138
diningtable 0.0371 395 85 466 140
diningtable 0.0370 176 49 452 185
diningtable 0.0369 262 168 343 270
diningtable 0.0367 390 57 428 110
diningtable 0.0366 300 189 413 299
diningtable 0.0356 298 36 368 73
diningtable 0.0356 216 38 317 96
diningtable 0.0355 430 127 491 159
diningtable 0.0353 419 149 500 215
diningtable 0.0350 270 214 449 283
diningtable 0.0345 402 81 500 253
diningtable 0.0344 379 41 413 69
diningtable 0.0336 163 65 355 157
diningtable 0.0335 396 182 466 225
diningtable 0.0327 348 74 412 122
diningtable 0.0326 357 34 457 76
diningtable 0.0323 252 27 390 92
diningtable 0.0318 257 33 347 79
diningtable 0.0317 408 93 500 130
diningtable 0.0316 428 100 494 152
diningtable 0.0315 375 145 466 204
diningtable 0.0310 397 49 440 89
diningtable 0.0306 351 59 408 92
diningtable 0.0305 57 66 395 310
diningtable 0.0303 269 213 338 337
diningtable 0.0302 365 54 407 111
diningtable 0.0300 345 36 413 69
diningtable 0.0297 368 38 407 81
diningtable 0.0294 386 26 475 62
diningtable 0.0292 416 199 490 235
diningtable 0.0277 278 5 362 81
diningtable 0.0276 416 123 469 159
diningtable 0.0275 218 18 308 65
diningtable 0.0274 280 212 336 273
diningtable 0.0273 219 1 298 52
diningtable 0.0267 205 20 330 122
diningtable 0.0265 386 18 474 108
diningtable 0.0264 0 114 165 255
diningtable 0.0263 9 154 131 212
diningtable 0.0260 167 0 236 72
diningtable 0.0259 98 69 303 189
diningtable 0.0259 143 55 279 127
diningtable 0.0258 382 81 459 114
diningtable 0.0257 365 51 420 86
diningtable 0.0255 376 69 421 119
diningtable 0.0245 405 162 483 205
diningtable 0.0245 303 83 409 146
diningtable 0.0244 162 39 264 97
diningtable 0.0243 73 65 251 155
diningtable 0.0238 423 188 500 225
diningtable 0.0238 379 46 433 75
diningtable 0.0238 329 58 378 113
diningtable 0.0233 298 57 369 94
diningtable 0.0232 449 60 491 89
diningtable 0.0231 426 81 500 111
diningtable 0.0231 300 69 370 105
diningtable 0.0231 230 236 375 317
diningtable 0.0230 361 74 500 335
diningtable 0.0227 77 49 222 123
diningtable 0.0226 297 209 359 272
diningtable 0.0225 254 218 357 279
diningtable 0.0222 444 69 500 105
diningtable 0.0218 312 16 500 116
diningtable 0.0218 345 14 477 70
diningtable 0.0217 137 7 236 96
diningtable 0.0213 273 191 387 262
diningtable 0.0213 290 216 380 305
diningtable 0.0209 13 79 225 218
diningtable 0.0205 168 37 241 73
diningtable 0.0203 391 217 492 268
diningtable 0.0201 210 24 281 58
diningtable 0.0201 209 14 455 115
person 0.7229 153 67 298 364
person 0.2094 164 87 336 270
person 0.1462 90 98 268 347
person 0.1163 245 77 435 331
person 0.0724 147 72 282 210
person 0.0695 106 0 349 375
person 0.0667 122 84 229 298
person 0.0658 160 78 265 166
person 0.0620 178 49 474 375
person 0.0600 199 81 278 188
person 0.0555 234 85 280 151
person 0.0548 4 4 170 354
person 0.0536 237 0 282 53
person 0.0533 227 62 295 152
person 0.0509 204 0 245 59
person 0.0470 223 0 262 56
person 0.0450 214 73 272 150
person 0.0443 168 68 253 132
person 0.0388 180 97 270 241
person 0.0384 256 0 292 40
person 0.0367 250 18 330 121
person 0.0347 178 0 215 58
person 0.0345 148 82 222 190
person 0.0343 200 58 248 117
person 0.0337 411 15 491 107
person 0.0331 445 198 500 339
person 0.0319 425 0 472 64
person 0.0315 274 0 298 38
person 0.0313 209 116 282 273
person 0.0312 269 0 311 48
person 0.0306 230 0 309 96
person 0.0302 202 32 334 207
person 0.0296 322 11 398 111
person 0.0296 219 54 259 126
person 0.0290 165 0 245 95
person 0.0273 210 0 280 68
person 0.0272 61 6 165 121
person 0.0270 127 0 173 54
person 0.0267 230 0 246 17
person 0.0260 157 87 198 156
person 0.0260 147 65 329 155
person 0.0258 160 105 199 182
person 0.0258 194 85 261 146
person 0.0257 74 109 109 186
person 0.0256 223 101 268 179
person 0.0255 186 46 274 143
person 0.0254 157 9 261 137
person 0.0253 175 92 246 193
person 0.0249 386 0 470 92
person 0.0249 142 0 175 39
person 0.0248 229 0 261 13
person 0.0242 161 0 200 54
person 0.0242 89 0 183 99
person 0.0241 191 0 229 51
person 0.0240 226 0 285 30
person 0.0239 51 59 65 86
person 0.0239 230 0 259 31
person 0.0233 460 0 479 17
person 0.0231 190 83 308 152
person 0.0230 287 0 299 27
person 0.0227 286 0 365 91
person 0.0224 268 7 421 215
person 0.0223 294 0 310 26
person 0.0222 240 71 272 132
person 0.0221 209 0 253 37
person 0.0219 171 2 311 163
person 0.0219 161 109 233 269
person 0.0217 63 0 204 174
person 0.0216 60 62 72 86
person 0.0216 162 135 200 198
person 0.0215 187 0 287 114
person 0.0215 345 0 429 89
person 0.0214 249 0 274 33
person 0.0213 128 0 210 99
person 0.0212 255 0 328 75
person 0.0211 167 86 223 152
person 0.0207 456 0 467 19
person 0.0205 131 0 173 17
person 0.0204 125 1 169 29
person 0.0204 247 0 263 16
person 0.0203 212 110 286 152
person 0.0200 280 0 293 28
pottedplant 0.2717 48 11 86 66
pottedplant 0.1548 452 201 497 263
pottedplant 0.1428 366 338 499 374
pottedplant 0.1368 51 30 80 65
pottedplant 0.1000 457 204 498 236
pottedplant 0.0893 405 349 500 374
pottedplant 0.0879 434 179 497 272
pottedplant 0.0863 36 2 104 68
pottedplant 0.0819 294 0 321 37
pottedplant 0.0795 78 36 99 63
pottedplant 0.0788 456 0 473 28
pottedplant 0.0770 53 10 81 48
pottedplant 0.0739 370 31 388 64
pottedplant 0.0729 65 16 93 62
pottedplant 0.0659 74 12 104 64
pottedplant 0.0638 353 33 385 68
pottedplant 0.0634 421 206 500 293
pottedplant 0.0600 247 0 279 36
pottedplant 0.0566 449 176 500 238
pottedplant 0.0555 55 22 88 57
pottedplant 0.0555 291 0 325 60
pottedplant 0.0549 18 0 75 70
pottedplant 0.0546 72 42 95 65
pottedplant 0.0544 43 9 97 106
pottedplant 0.0514 397 299 500 375
pottedplant 0.0505 395 346 455 374
pottedplant 0.0498 48 30 94 77
pottedplant 0.0497 450 350 500 375
pottedplant 0.0487 18 0 166 218
pottedplant 0.0477 469 207 499 258
pottedplant 0.0473 452 0 478 43
pottedplant 0.0467 430 201 500 240
pottedplant 0.0450 57 0 98 51
pottedplant 0.0450 56 35 101 63
pottedplant 0.0446 55 3 138 63
pottedplant 0.0444 457 8 471 36
pottedplant 0.0443 80 1 114 60
pottedplant 0.0435 71 9 91 45
pottedplant 0.0435 54 43 88 64
pottedplant 0.0425 83 40 106 62
pottedplant 0.0409 362 21 392 68
pottedplant 0.0400 6 0 96 195
pottedplant 0.0397 455 37 489 97
pottedplant 0.0389 484 198 500 262
pottedplant 0.0386 226 0 271 40
pottedplant 0.0382 460 328 500 375
pottedplant 0.0381 30 0 140 112
pottedplant 0.0376 78 27 102 55
pottedplant 0.0373 461 199 500 325
pottedplant 0.0353 306 3 323 41
pottedplant 0.0328 55 11 90 34
pottedplant 0.0325 429 355 493 374
pottedplant 0.0322 376 29 393 60
pottedplant 0.0322 48 44 72 72
pottedplant 0.0319 376 39 397 68
pottedplant 0.0318 369 31 396 78
pottedplant 0.0315 181 62 240 100
pottedplant 0.0315 54 0 178 149
pottedplant 0.0313 263 60 309 113
pottedplant 0.0313 364 30 381 60
pottedplant 0.0297 301 0 317 27
pottedplant 0.0297 80 9 100 41
pottedplant 0.0289 305 0 335 52
pottedplant 0.0285 5 0 40 70
pottedplant 0.0285 478 214 499 273
pottedplant 0.0280 480 336 500 373
pottedplant 0.0279 452 219 500 288
pottedplant 0.0277 339 28 377 72
pottedplant 0.0276 19 13 133 74
pottedplant 0.0275 63 41 83 70
pottedplant 0.0274 443 211 493 246
pottedplant 0.0273 489 204 500 248
pottedplant 0.0272 459 201 497 220
pottedplant 0.0269 314 3 329 38
pottedplant 0.0268 37 14 115 173
pottedplant 0.0266 299 6 318 46
pottedplant 0.0265 80 1 112 32
pottedplant 0.0261 23 1 90 42
pottedplant 0.0260 53 19 91 41
pottedplant 0.0257 0 0 49 157
pottedplant 0.0255 476 200 500 230
pottedplant 0.0252 411 217 494 263
pottedplant 0.0247 454 0 482 18
pottedplant 0.0247 314 0 351 54
pottedplant 0.0244 67 0 95 37
pottedplant 0.0236 62 23 121 69
pottedplant 0.0229 299 22 319 55
pottedplant 0.0229 375 357 482 375
pottedplant 0.0225 79 47 102 67
pottedplant 0.0224 421 340 475 375
pottedplant 0.0224 429 0 470 55
pottedplant 0.0217 72 34 104 79
pottedplant 0.0216 313 8 332 58
pottedplant 0.0216 279 0 311 34
pottedplant 0.0216 319 19 330 49
pottedplant 0.0216 62 28 99 49
pottedplant 0.0215 287 0 319 20
pottedplant 0.0212 0 0 151 59
pottedplant 0.0207 469 286 500 375
pottedplant 0.0206 25 31 85 73
pottedplant 0.0206 94 45 114 64
pottedplant 0.0206 85 13 107 49
pottedplant 0.0205 309 25 325 56
pottedplant 0.0204 363 34 392 56
pottedplant 0.0204 53 7 82 28
pottedplant 0.0203 488 213 500 278
sofa 0.0979 127 63 438 368
sofa 0.0708 173 86 372 219
sofa 0.0685 410 29 478 71
sofa 0.0281 399 19 500 64
sofa 0.0271 111 69 320 189
sofa 0.0247 151 49 329 130
sofa 0.0237 125 109 351 276
tvmonitor 0.1176 10 162 72 209
tvmonitor 0.0896 244 42 308 118
tvmonitor 0.0780 292 35 336 77
tvmonitor 0.0774 7 120 78 211
tvmonitor 0.0737 250 43 302 84
tvmonitor 0.0650 340 0 394 73
tvmonitor 0.0564 85 1 118 30
tvmonitor 0.0560 250 31 300 70
tvmonitor 0.0547 292 36 323 65
tvmonitor 0.0533 78 118 114 194
tvmonitor 0.0533 244 31 323 86
tvmonitor 0.0526 305 35 355 75
tvmonitor 0.0524 286 0 324 60
tvmonitor 0.0481 357 0 394 15
tvmonitor 0.0463 334 36 354 64
tvmonitor 0.0450 239 1 303 56
tvmonitor 0.0444 295 0 340 72
tvmonitor 0.0443 64 0 168 67
tvmonitor 0.0435 264 42 340 82
tvmonitor 0.0423 257 55 296 82
tvmonitor 0.0411 252 35 347 107
tvmonitor 0.0406 190 0 226 49
tvmonitor 0.0394 270 33 319 69
tvmonitor 0.0394 351 0 396 30
tvmonitor 0.0393 262 33 292 57
tvmonitor 0.0392 341 31 389 77
tvmonitor 0.0388 310 0 359 73
tvmonitor 0.0386 172 61 249 116
tvmonitor 0.0381 336 36 364 71
tvmonitor 0.0380 247 57 307 94
tvmonitor 0.0377 295 51 347 94
tvmonitor 0.0366 298 26 328 68
tvmonitor 0.0364 324 34 341 68
tvmonitor 0.0362 316 33 334 68
tvmonitor 0.0359 183 0 243 60
tvmonitor 0.0356 214 0 250 44
tvmonitor 0.0334 301 57 344 76
tvmonitor 0.0327 255 18 317 66
tvmonitor 0.0319 272 5 336 91
tvmonitor 0.0317 308 39 338 70
tvmonitor 0.0316 348 0 447 73
tvmonitor 0.0313 23 0 163 120
tvmonitor 0.0311 107 2 177 60
tvmonitor 0.0310 291 5 383 79
tvmonitor 0.0306 328 19 381 67
tvmonitor 0.0303 173 0 206 57
tvmonitor 0.0302 375 0 417 72
tvmonitor 0.0298 360 0 403 63
tvmonitor 0.0296 87 1 148 31
tvmonitor 0.0295 280 33 306 57
tvmonitor 0.0291 262 0 311 44
tvmonitor 0.0283 418 0 478 72
tvmonitor 0.0280 21 160 72 191
tvmonitor 0.0279 274 33 295 61
tvmonitor 0.0275 306 33 326 62
tvmonitor 0.0274 317 40 346 76
tvmonitor 0.0269 298 35 332 56
tvmonitor 0.0265 295 45 321 78
tvmonitor 0.0264 141 0 226 67
tvmonitor 0.0261 213 0 279 50
tvmonitor 0.0255 139 0 185 64
tvmonitor 0.0255 83 1 121 61
tvmonitor 0.0255 318 33 349 62
tvmonitor 0.0254 262 40 293 67
tvmonitor 0.0244 309 0 414 66
tvmonitor 0.0235 154 70 260 133
tvmonitor 0.0216 325 0 381 52
tvmonitor 0.0204 247 54 278 82
tvmonitor 0.0204 46 1 227 144
tvmonitor 0.0203 364 6 391 55
tvmonitor 0.0203 291 55 331 77
tvmonitor 0.0203 283 26 322 57
tvmonitor 0.0202 91 124 114 185
tvmonitor 0.0202 0 0 212 68
tvmonitor 0.0200 51 0 150 42
