bird 0.7608 4 9 446 373
bird 0.4919 0 12 186 371
bird 0.2567 161 19 391 343
bird 0.1771 424 0 497 52
bird 0.1351 242 335 427 375
bird 0.1322 421 0 498 101
bird 0.1319 0 1 114 291
bird 0.1164 228 14 494 372
bird 0.1058 446 0 499 35
bird 0.1041 365 15 496 284
bird 0.1017 4 263 134 368
bird 0.0986 451 0 499 74
bird 0.0962 345 0 494 111
bird 0.0946 0 169 155 368
bird 0.0915 354 0 476 62
bird 0.0881 398 124 497 271
bird 0.0863 365 132 497 368
bird 0.0790 1 9 91 184
bird 0.0749 298 0 447 56
bird 0.0735 411 27 498 236
bird 0.0724 219 312 411 372
bird 0.0714 382 174 499 254
bird 0.0668 402 200 496 363
bird 0.0613 335 242 497 370
bird 0.0590 6 3 181 194
bird 0.0559 250 272 401 367
bird 0.0556 199 6 456 99
bird 0.0547 0 212 354 375
bird 0.0532 419 0 477 37
bird 0.0521 377 0 452 101
bird 0.0514 466 0 498 29
bird 0.0503 0 0 321 261
bird 0.0501 406 0 455 55
bird 0.0473 50 286 112 365
bird 0.0469 256 343 353 374
bird 0.0448 460 20 499 108
bird 0.0448 313 341 435 372
bird 0.0444 31 36 164 281
bird 0.0435 0 0 37 32
bird 0.0425 4 5 133 128
bird 0.0421 299 318 440 375
bird 0.0421 279 0 487 162
bird 0.0416 283 326 376 371
bird 0.0414 293 348 396 374
bird 0.0411 248 96 398 373
bird 0.0409 1 3 70 70
bird 0.0406 386 0 440 58
bird 0.0401 472 0 500 52
bird 0.0401 0 0 62 140
bird 0.0393 373 88 490 222
bird 0.0378 249 212 466 372
bird 0.0369 5 141 97 350
bird 0.0360 47 288 108 318
bird 0.0349 1 281 92 359
bird 0.0346 324 324 405 369
bird 0.0342 372 37 490 164
bird 0.0335 15 298 195 371
bird 0.0331 470 16 498 77
bird 0.0331 409 37 490 107
bird 0.0330 344 344 413 375
bird 0.0329 408 41 447 108
bird 0.0324 423 261 498 373
bird 0.0319 82 303 411 374
bird 0.0311 259 300 500 374
bird 0.0307 305 226 400 366
bird 0.0307 407 8 449 93
bird 0.0306 144 19 436 141
bird 0.0305 1 283 40 371
bird 0.0305 425 0 496 21
bird 0.0299 459 285 498 375
bird 0.0293 183 243 416 375
bird 0.0292 356 317 499 373
bird 0.0287 363 322 430 370
bird 0.0286 457 188 500 262
bird 0.0286 150 13 330 100
bird 0.0284 16 286 119 342
bird 0.0280 20 274 278 367
bird 0.0278 68 27 197 236
bird 0.0278 396 22 436 104
bird 0.0274 184 2 463 209
bird 0.0274 281 27 426 310
bird 0.0273 72 288 105 313
bird 0.0272 98 184 500 375
bird 0.0266 49 10 155 159
bird 0.0266 359 341 465 373
bird 0.0265 378 267 481 375
bird 0.0261 2 9 48 96
bird 0.0259 421 20 467 102
bird 0.0255 439 0 475 26
bird 0.0253 132 0 216 123
bird 0.0252 361 305 404 369
bird 0.0246 426 2 461 47
bird 0.0244 412 195 500 273
bird 0.0244 303 0 424 112
bird 0.0242 393 301 433 369
bird 0.0242 15 33 123 209
bird 0.0240 144 327 468 375
bird 0.0239 413 60 474 109
bird 0.0239 264 362 382 375
bird 0.0238 433 6 480 47
bird 0.0238 444 5 500 147
bird 0.0237 434 96 493 202
bird 0.0237 368 332 390 364
bird 0.0236 390 176 467 235
bird 0.0230 354 184 500 296
bird 0.0228 1 262 17 306
bird 0.0227 396 341 494 373
bird 0.0227 442 297 489 373
bird 0.0226 224 0 393 74
bird 0.0225 69 98 192 331
bird 0.0225 261 0 500 71
bird 0.0224 391 0 463 31
bird 0.0224 40 63 167 186
bird 0.0224 462 102 498 196
bird 0.0222 365 320 379 353
bird 0.0222 460 252 499 347
bird 0.0221 346 304 388 368
bird 0.0220 146 25 260 131
bird 0.0219 0 0 30 76
bird 0.0219 366 331 408 375
bird 0.0217 260 303 360 375
bird 0.0217 356 0 418 59
bird 0.0217 375 332 397 365
bird 0.0217 313 312 384 362
bird 0.0216 361 349 398 372
bird 0.0216 438 50 489 115
bird 0.0214 426 29 500 71
bird 0.0214 106 2 358 192
bird 0.0214 84 3 200 118
bird 0.0213 288 0 345 38
bird 0.0212 136 48 220 202
bird 0.0211 396 321 464 371
bird 0.0210 410 48 500 147
bird 0.0209 326 36 482 209
bird 0.0209 22 223 166 342
bird 0.0209 370 325 387 353
bird 0.0208 0 94 18 138
bird 0.0206 293 309 344 368
bird 0.0204 376 350 413 373
bird 0.0204 426 146 495 246
bird 0.0203 306 357 414 375
bird 0.0202 375 305 453 370
bird 0.0201 62 286 108 339
bird 0.0201 412 58 439 105
bird 0.0200 461 54 499 135
bird 0.0200 360 313 383 359
bird 0.0200 166 42 371 121
boat 0.0206 0 358 42 375
car 0.0210 0 349 20 375
cat 0.0368 1 3 70 79
person 0.0228 1 269 17 312
person 0.0228 0 261 10 312
