bicycle 0.0231 7 203 147 322
bird 0.0888 91 206 132 229
bird 0.0474 91 205 112 228
bird 0.0359 87 203 141 245
bird 0.0256 5 4 148 95
bird 0.0251 2 1 73 51
bird 0.0224 0 285 35 333
bird 0.0213 10 78 135 274
bird 0.0211 161 30 243 55
bird 0.0208 89 206 117 240
bottle 0.1123 402 298 499 332
bottle 0.0351 434 306 495 332
bottle 0.0294 461 309 498 333
bottle 0.0272 404 314 493 332
bottle 0.0237 448 280 499 333
bottle 0.0219 399 264 500 333
bottle 0.0208 453 306 482 333
car 0.0288 0 10 500 291
dog 0.7231 176 29 296 267
dog 0.1145 193 124 282 267
dog 0.0755 112 22 271 271
dog 0.0715 159 22 277 186
dog 0.0714 155 0 387 274
dog 0.0697 180 182 296 269
dog 0.0566 0 0 26 62
dog 0.0546 138 96 326 290
dog 0.0430 2 1 43 56
dog 0.0396 27 19 188 281
dog 0.0366 1 1 21 39
dog 0.0353 1 4 152 108
dog 0.0297 77 66 213 275
dog 0.0236 163 29 268 116
dog 0.0208 109 129 256 261
person 0.0420 0 8 369 333
person 0.0385 197 127 276 269
person 0.0385 0 0 149 251
person 0.0301 0 284 21 333
person 0.0258 2 4 89 142
person 0.0242 0 94 139 329
person 0.0231 0 279 12 329
person 0.0223 165 261 189 290
person 0.0216 152 0 274 166
person 0.0215 1 276 18 317
person 0.0212 79 85 212 285
person 0.0201 0 0 16 80
person 0.0200 53 86 153 266
pottedplant 0.0481 399 268 500 333
pottedplant 0.0228 1 0 153 157
pottedplant 0.0214 265 228 500 332
pottedplant 0.0208 380 297 500 333
sheep 0.0229 0 0 63 61
sofa 0.0698 145 12 418 283
sofa 0.0315 52 25 324 296
sofa 0.0255 13 9 500 327
sofa 0.0228 125 24 364 198
