boat 0.0725 13 27 500 342
boat 0.0444 48 193 124 218
boat 0.0329 24 0 293 305
boat 0.0228 29 15 132 179
boat 0.0211 68 32 493 206
bottle 0.0495 199 156 233 178
bottle 0.0432 226 194 251 255
bottle 0.0427 204 149 226 172
bottle 0.0414 280 166 303 213
bottle 0.0405 218 135 241 167
bottle 0.0404 261 143 313 214
bottle 0.0397 197 158 242 187
bottle 0.0368 231 183 259 237
bottle 0.0349 213 144 234 172
bottle 0.0341 229 215 248 257
bottle 0.0329 60 357 112 374
bottle 0.0328 200 145 239 174
bottle 0.0315 217 184 246 237
bottle 0.0301 50 195 84 216
bottle 0.0300 226 173 252 224
bottle 0.0300 197 157 221 186
bottle 0.0295 152 192 196 212
bottle 0.0294 230 158 264 225
bottle 0.0291 235 181 256 217
bottle 0.0287 206 167 241 213
bottle 0.0270 377 65 408 110
bottle 0.0264 135 200 158 227
bottle 0.0262 274 164 299 203
bottle 0.0262 232 180 249 209
bottle 0.0261 261 144 292 165
bottle 0.0258 317 135 334 161
bottle 0.0254 35 203 51 225
bottle 0.0253 291 239 331 306
bottle 0.0251 151 176 210 215
bottle 0.0241 294 140 318 169
bottle 0.0240 58 353 149 375
bottle 0.0237 141 203 163 233
bottle 0.0234 324 135 340 161
bottle 0.0233 402 72 434 114
bottle 0.0229 141 196 164 221
bottle 0.0228 331 132 347 152
bottle 0.0226 384 82 405 108
bottle 0.0225 229 170 248 195
bottle 0.0224 229 158 297 191
bottle 0.0222 116 206 139 233
bottle 0.0222 223 201 240 247
bottle 0.0221 77 358 135 374
bottle 0.0221 283 267 303 305
bottle 0.0221 277 241 308 305
bottle 0.0218 172 158 214 175
bottle 0.0217 218 160 257 176
bottle 0.0217 233 168 257 197
bottle 0.0217 198 149 271 182
bottle 0.0216 287 146 315 173
bottle 0.0216 126 205 148 233
bottle 0.0214 220 179 243 215
bottle 0.0211 159 161 203 183
bottle 0.0211 103 204 123 234
bottle 0.0210 110 205 131 234
bottle 0.0209 308 135 325 161
bottle 0.0208 374 87 398 110
bottle 0.0207 290 269 310 305
bottle 0.0203 233 228 254 262
bottle 0.0203 144 298 190 316
bottle 0.0203 151 190 169 215
bottle 0.0202 211 185 236 221
bottle 0.0201 219 150 242 180
bottle 0.0201 208 151 247 169
bottle 0.0201 126 204 165 224
bottle 0.0200 201 165 229 197
car 0.0226 328 85 461 139
cat 0.0367 58 357 108 374
chair 0.5319 338 124 427 259
chair 0.3324 224 165 308 336
chair 0.2872 152 164 250 355
chair 0.2042 93 199 170 308
chair 0.2001 109 253 276 370
chair 0.1941 186 185 277 360
chair 0.1719 226 221 291 360
chair 0.1699 138 195 199 311
chair 0.1649 223 150 300 264
chair 0.1458 357 118 432 205
chair 0.1425 238 203 328 314
chair 0.1388 29 211 133 349
chair 0.1331 276 139 379 263
chair 0.1295 53 206 151 313
chair 0.1247 325 134 402 236
chair 0.1191 49 226 109 315
chair 0.1170 8 223 98 363
chair 0.1164 233 144 328 236
chair 0.1140 338 150 432 213
chair 0.1138 284 148 353 222
chair 0.1134 144 217 244 316
chair 0.1131 281 217 338 308
chair 0.1068 127 211 170 303
chair 0.1065 153 209 323 369
chair 0.1010 330 163 386 259
chair 0.0998 318 168 423 280
chair 0.0995 263 178 342 305
chair 0.0974 311 121 412 205
chair 0.0943 334 171 429 238
chair 0.0905 331 155 372 227
chair 0.0886 341 139 395 205
chair 0.0874 143 229 187 312
chair 0.0838 312 162 357 235
chair 0.0837 282 160 317 218
chair 0.0811 71 309 263 372
chair 0.0811 182 266 276 375
chair 0.0775 57 230 155 366
chair 0.0740 290 173 350 280
chair 0.0719 345 162 464 271
chair 0.0695 233 191 307 279
chair 0.0679 336 163 403 222
chair 0.0676 431 155 496 188
chair 0.0673 346 152 407 192
chair 0.0672 69 222 225 373
chair 0.0655 0 264 77 372
chair 0.0646 134 280 244 375
chair 0.0644 248 179 371 354
chair 0.0643 232 173 283 260
chair 0.0638 468 132 499 186
chair 0.0626 209 190 292 306
chair 0.0611 365 152 435 247
chair 0.0593 71 257 106 313
chair 0.0587 273 161 304 219
chair 0.0586 88 232 150 314
chair 0.0563 69 238 124 317
chair 0.0559 241 230 295 313
chair 0.0558 228 177 261 247
chair 0.0556 8 289 147 375
chair 0.0542 145 263 209 313
chair 0.0535 314 188 357 263
chair 0.0532 297 211 345 287
chair 0.0527 111 169 183 295
chair 0.0515 283 177 305 218
chair 0.0514 239 167 300 235
chair 0.0506 302 132 363 208
chair 0.0499 329 136 379 193
chair 0.0498 237 265 280 356
chair 0.0494 140 276 244 318
chair 0.0489 166 237 277 333
chair 0.0478 196 219 247 318
chair 0.0473 104 227 201 316
chair 0.0469 263 228 311 307
chair 0.0467 373 146 479 239
chair 0.0463 444 143 500 183
chair 0.0462 415 140 493 193
chair 0.0457 46 246 115 359
chair 0.0456 380 130 439 192
chair 0.0456 5 314 98 374
chair 0.0441 227 221 288 283
chair 0.0438 345 183 413 257
chair 0.0437 281 171 328 245
chair 0.0437 334 171 359 225
chair 0.0434 104 203 167 268
chair 0.0427 104 170 166 214
chair 0.0422 299 170 369 251
chair 0.0422 33 235 94 332
chair 0.0420 200 158 244 211
chair 0.0419 37 317 199 373
chair 0.0419 341 168 418 199
chair 0.0412 95 218 156 282
chair 0.0410 430 147 494 221
chair 0.0405 375 121 469 204
chair 0.0404 210 167 248 234
chair 0.0393 356 167 451 223
chair 0.0393 279 137 328 204
chair 0.0392 418 155 498 261
chair 0.0392 292 183 352 240
chair 0.0391 21 341 117 373
chair 0.0390 347 141 383 186
chair 0.0387 164 178 269 295
chair 0.0383 290 163 335 221
chair 0.0379 129 257 179 312
chair 0.0377 415 121 451 183
chair 0.0377 341 150 373 195
chair 0.0376 253 151 315 214
chair 0.0366 386 173 432 240
chair 0.0363 218 150 304 209
chair 0.0360 0 206 56 364
chair 0.0360 403 163 461 245
chair 0.0358 363 134 423 186
chair 0.0354 47 192 123 216
chair 0.0354 420 147 471 186
chair 0.0350 92 160 150 203
chair 0.0350 52 340 152 373
chair 0.0350 159 298 322 372
chair 0.0346 102 182 158 207
chair 0.0343 276 179 348 222
chair 0.0343 195 152 243 185
chair 0.0340 339 178 419 211
chair 0.0340 262 216 336 349
chair 0.0339 472 154 498 197
chair 0.0335 143 276 189 315
chair 0.0334 154 160 253 218
chair 0.0332 46 264 103 319
chair 0.0332 322 142 358 205
chair 0.0329 216 188 271 254
chair 0.0328 401 141 461 191
chair 0.0327 127 187 172 259
chair 0.0326 125 230 165 283
chair 0.0325 351 159 390 186
chair 0.0325 80 217 121 296
chair 0.0323 236 233 278 298
chair 0.0323 103 165 204 244
chair 0.0323 322 159 391 202
chair 0.0320 42 287 102 370
chair 0.0319 332 197 372 265
chair 0.0318 344 173 379 196
chair 0.0316 337 178 372 215
chair 0.0314 216 162 270 222
chair 0.0314 297 134 320 152
chair 0.0313 48 307 129 367
chair 0.0311 145 272 291 339
chair 0.0309 220 234 268 315
chair 0.0305 210 269 357 355
chair 0.0305 466 142 500 168
chair 0.0304 63 174 128 213
chair 0.0304 0 288 49 373
chair 0.0303 457 160 500 207
chair 0.0301 317 136 335 152
chair 0.0301 118 162 187 202
chair 0.0299 326 126 385 170
chair 0.0297 309 133 327 146
chair 0.0297 172 258 241 312
chair 0.0297 323 135 342 152
chair 0.0296 219 281 272 361
chair 0.0295 201 242 256 353
chair 0.0295 44 212 96 284
chair 0.0294 85 334 236 373
chair 0.0294 274 142 326 177
chair 0.0294 334 155 363 204
chair 0.0292 119 179 176 224
chair 0.0289 84 276 106 313
chair 0.0289 279 205 339 258
chair 0.0287 303 133 316 149
chair 0.0286 467 127 496 157
chair 0.0285 285 191 311 219
chair 0.0284 298 162 420 358
chair 0.0284 108 182 157 230
chair 0.0283 0 347 84 375
chair 0.0282 158 206 191 306
chair 0.0281 386 155 484 204
chair 0.0281 375 163 451 197
chair 0.0278 105 153 161 195
chair 0.0278 323 120 345 150
chair 0.0275 32 299 75 368
chair 0.0275 129 348 207 374
chair 0.0274 37 220 79 295
chair 0.0274 293 137 321 159
chair 0.0274 433 158 468 185
chair 0.0272 137 283 231 338
chair 0.0271 176 147 240 174
chair 0.0271 129 251 204 366
chair 0.0270 346 174 400 203
chair 0.0269 265 177 308 252
chair 0.0269 124 255 222 323
chair 0.0267 415 138 439 186
chair 0.0267 222 190 254 229
chair 0.0266 300 181 370 220
chair 0.0266 318 124 358 176
chair 0.0264 0 273 242 375
chair 0.0264 269 120 344 216
chair 0.0264 132 303 206 375
chair 0.0263 296 236 333 306
chair 0.0262 228 207 259 264
chair 0.0261 307 138 345 199
chair 0.0261 57 159 115 206
chair 0.0261 320 136 332 149
chair 0.0261 305 136 332 150
chair 0.0260 236 219 314 256
chair 0.0259 52 355 110 375
chair 0.0259 284 148 318 187
chair 0.0259 146 358 205 374
chair 0.0258 74 289 104 313
chair 0.0258 14 248 115 319
chair 0.0257 219 201 266 289
chair 0.0255 300 122 378 179
chair 0.0255 310 130 323 143
chair 0.0252 236 185 331 241
chair 0.0250 96 144 138 198
chair 0.0249 285 143 318 167
chair 0.0249 462 163 500 183
chair 0.0249 433 150 488 176
chair 0.0247 146 215 175 292
chair 0.0247 107 158 227 212
chair 0.0245 48 158 84 217
chair 0.0244 45 330 100 375
chair 0.0242 249 182 322 221
chair 0.0241 383 141 424 204
chair 0.0240 34 154 128 277
chair 0.0240 329 135 349 152
chair 0.0240 440 165 491 196
chair 0.0239 36 274 76 349
chair 0.0237 148 180 248 239
chair 0.0237 441 160 485 184
chair 0.0237 297 133 313 147
chair 0.0236 82 139 118 201
chair 0.0235 252 250 312 352
chair 0.0235 69 187 146 215
chair 0.0235 22 327 82 375
chair 0.0234 231 225 263 290
chair 0.0233 334 184 350 225
chair 0.0233 435 131 483 182
chair 0.0233 194 317 262 372
chair 0.0232 51 194 92 213
chair 0.0232 148 159 194 199
chair 0.0232 70 279 95 312
chair 0.0231 164 156 223 177
chair 0.0231 167 224 220 311
chair 0.0230 66 137 106 203
chair 0.0230 298 131 332 154
chair 0.0229 425 153 458 183
chair 0.0228 454 125 500 171
chair 0.0227 156 336 262 373
chair 0.0227 298 156 328 207
chair 0.0227 425 173 474 241
chair 0.0227 420 150 446 185
chair 0.0226 364 155 427 195
chair 0.0224 165 155 234 191
chair 0.0223 281 157 323 175
chair 0.0222 295 180 316 219
chair 0.0222 120 204 164 233
chair 0.0220 458 146 492 172
chair 0.0220 232 231 313 271
chair 0.0220 356 173 394 194
chair 0.0220 401 131 432 186
chair 0.0219 259 186 294 258
chair 0.0219 100 173 155 197
chair 0.0218 4 149 112 334
chair 0.0218 422 115 468 172
chair 0.0218 341 175 384 236
chair 0.0218 280 127 332 169
chair 0.0218 226 235 321 297
chair 0.0217 302 119 327 148
chair 0.0217 154 143 218 174
chair 0.0217 139 206 186 274
chair 0.0217 265 141 303 202
chair 0.0215 55 143 92 207
chair 0.0215 466 131 483 163
chair 0.0215 284 131 319 155
chair 0.0214 315 130 346 154
chair 0.0214 92 154 117 198
chair 0.0214 12 219 71 318
chair 0.0214 368 143 403 187
chair 0.0213 78 197 121 265
chair 0.0213 55 281 112 331
chair 0.0211 0 251 43 336
chair 0.0210 99 263 173 309
chair 0.0210 316 132 339 144
chair 0.0209 306 126 340 150
chair 0.0209 254 137 320 192
chair 0.0209 344 127 384 152
chair 0.0209 143 295 197 317
chair 0.0209 90 268 144 316
chair 0.0207 334 177 361 206
chair 0.0207 73 356 152 375
chair 0.0206 323 184 394 221
chair 0.0205 315 134 338 173
chair 0.0205 263 139 322 160
chair 0.0205 364 167 403 189
chair 0.0204 236 118 324 180
chair 0.0204 96 188 140 250
chair 0.0204 443 167 491 228
chair 0.0203 267 257 308 331
chair 0.0203 293 136 334 187
chair 0.0203 344 145 368 180
chair 0.0202 312 140 340 156
chair 0.0202 145 249 174 305
chair 0.0202 413 113 457 158
chair 0.0201 54 299 115 349
chair 0.0200 43 241 90 303
diningtable 0.4467 47 189 270 366
diningtable 0.3838 218 138 364 306
diningtable 0.3786 147 155 283 324
diningtable 0.3609 246 124 411 275
diningtable 0.3511 112 145 402 354
diningtable 0.3342 326 131 430 263
diningtable 0.3197 45 191 184 320
diningtable 0.2447 185 161 327 342
diningtable 0.2396 31 271 287 375
diningtable 0.2318 174 148 357 252
diningtable 0.1804 23 205 150 356
diningtable 0.1716 276 141 364 220
diningtable 0.1706 226 130 336 242
diningtable 0.1606 56 172 248 296
diningtable 0.1572 231 193 335 321
diningtable 0.1546 134 182 235 319
diningtable 0.1533 96 246 307 356
diningtable 0.1452 304 168 467 272
diningtable 0.1434 301 144 420 219
diningtable 0.1382 82 198 167 303
diningtable 0.1316 252 162 456 338
diningtable 0.1239 103 218 261 310
diningtable 0.1211 54 252 244 333
diningtable 0.1146 256 181 377 293
diningtable 0.1048 19 88 335 367
diningtable 0.0985 96 156 276 262
diningtable 0.0949 157 142 311 214
diningtable 0.0888 174 135 488 307
diningtable 0.0882 183 109 433 223
diningtable 0.0866 37 208 126 313
diningtable 0.0848 300 116 481 247
diningtable 0.0836 251 134 395 201
diningtable 0.0820 21 130 201 348
diningtable 0.0799 37 258 189 364
diningtable 0.0680 251 156 352 265
diningtable 0.0679 0 304 208 373
diningtable 0.0636 54 205 147 285
diningtable 0.0609 196 228 365 346
diningtable 0.0604 48 191 180 252
diningtable 0.0589 89 119 342 276
diningtable 0.0587 80 164 221 233
diningtable 0.0580 271 211 348 303
diningtable 0.0548 209 195 500 375
diningtable 0.0513 46 190 125 222
diningtable 0.0493 43 197 126 264
diningtable 0.0488 198 118 331 196
diningtable 0.0476 61 185 169 223
diningtable 0.0423 272 219 436 302
diningtable 0.0422 281 176 412 250
diningtable 0.0410 259 170 355 227
diningtable 0.0401 0 179 170 284
diningtable 0.0378 74 242 197 316
diningtable 0.0377 110 98 338 203
diningtable 0.0376 14 156 194 251
diningtable 0.0375 98 174 195 276
diningtable 0.0372 79 177 161 211
diningtable 0.0370 105 95 468 253
diningtable 0.0367 210 204 336 273
diningtable 0.0366 77 198 161 229
diningtable 0.0364 276 121 424 179
diningtable 0.0353 170 150 277 196
diningtable 0.0346 162 164 285 237
diningtable 0.0345 52 175 118 214
diningtable 0.0342 70 238 436 375
diningtable 0.0337 143 118 280 187
diningtable 0.0332 120 144 250 202
diningtable 0.0329 26 133 142 301
diningtable 0.0329 94 170 185 217
diningtable 0.0313 214 172 324 250
diningtable 0.0312 48 239 152 307
diningtable 0.0300 292 173 383 226
diningtable 0.0298 225 121 375 179
diningtable 0.0295 251 205 355 256
diningtable 0.0292 277 138 329 173
diningtable 0.0291 293 202 500 324
diningtable 0.0288 61 136 245 221
diningtable 0.0288 29 189 142 239
diningtable 0.0288 278 207 397 271
diningtable 0.0288 292 156 371 205
diningtable 0.0286 364 162 500 241
diningtable 0.0283 204 229 315 301
diningtable 0.0277 285 136 347 164
diningtable 0.0276 237 223 341 288
diningtable 0.0270 279 151 349 180
diningtable 0.0267 367 136 488 210
diningtable 0.0252 75 161 172 205
diningtable 0.0250 274 188 371 239
diningtable 0.0249 91 184 153 268
diningtable 0.0243 40 215 101 270
diningtable 0.0231 30 173 156 220
diningtable 0.0223 301 144 357 191
diningtable 0.0223 296 134 337 153
diningtable 0.0216 99 193 193 237
diningtable 0.0216 261 97 412 166
diningtable 0.0210 2 95 260 240
diningtable 0.0204 124 29 488 357
diningtable 0.0204 83 206 165 252
diningtable 0.0202 64 197 123 235
person 0.6379 152 156 246 323
person 0.5618 341 111 430 240
person 0.5381 226 126 303 258
person 0.5379 215 107 261 159
person 0.4725 168 117 216 163
person 0.4372 367 107 428 195
person 0.3616 225 147 313 324
person 0.3547 471 85 500 150
person 0.3214 424 190 498 334
person 0.2714 110 173 254 366
person 0.2484 183 134 286 304
person 0.2440 215 108 277 213
person 0.2151 174 112 245 161
person 0.1931 328 148 475 368
person 0.1844 210 113 242 158
person 0.1771 162 119 225 193
person 0.1741 193 111 267 176
person 0.1689 186 140 347 345
person 0.1663 98 182 179 312
person 0.1472 258 142 427 355
person 0.1382 467 104 500 170
person 0.1363 222 106 254 137
person 0.1340 233 139 332 228
person 0.1332 147 140 253 241
person 0.1212 385 105 433 163
person 0.1199 217 159 285 283
person 0.1196 138 176 198 307
person 0.1194 201 118 228 158
person 0.1183 190 119 218 156
person 0.1168 181 117 300 208
person 0.1161 278 126 380 246
person 0.1151 177 155 258 272
person 0.1100 335 100 432 175
person 0.1081 134 129 232 284
person 0.1078 190 125 263 238
person 0.1074 214 121 288 165
person 0.1071 213 125 253 163
person 0.1047 206 128 250 203
person 0.1035 213 129 233 162
person 0.1007 147 160 221 223
person 0.0999 476 85 500 122
person 0.0992 393 151 500 356
person 0.0958 206 129 225 157
person 0.0954 476 179 500 257
person 0.0952 478 86 500 194
person 0.0942 424 86 496 184
person 0.0881 418 137 491 274
person 0.0846 377 104 460 187
person 0.0841 215 102 314 185
person 0.0798 224 113 252 155
person 0.0794 377 103 425 141
person 0.0789 447 177 498 286
person 0.0764 470 96 497 129
person 0.0730 151 161 212 286
person 0.0729 292 151 500 280
person 0.0722 381 105 420 125
person 0.0678 422 92 471 156
person 0.0668 206 157 250 229
person 0.0657 407 109 429 144
person 0.0649 148 106 331 238
person 0.0645 382 88 482 167
person 0.0642 312 110 414 190
person 0.0641 214 137 270 196
person 0.0638 228 116 373 268
person 0.0633 468 108 497 139
person 0.0633 171 131 245 206
person 0.0629 137 111 215 213
person 0.0626 342 130 395 194
person 0.0620 460 168 497 247
person 0.0609 440 89 488 158
person 0.0600 469 115 494 154
person 0.0589 173 139 222 165
person 0.0582 351 110 426 157
person 0.0582 379 105 408 135
person 0.0575 223 187 253 259
person 0.0574 183 125 211 162
person 0.0573 471 139 500 193
person 0.0561 197 103 296 158
person 0.0559 346 88 467 215
person 0.0558 403 106 450 169
person 0.0558 474 152 500 226
person 0.0557 220 157 264 235
person 0.0549 145 162 196 249
person 0.0544 195 125 232 175
person 0.0542 169 130 204 161
person 0.0533 392 90 491 221
person 0.0528 20 102 402 375
person 0.0527 260 150 311 220
person 0.0519 153 156 241 193
person 0.0516 464 103 490 149
person 0.0512 217 116 258 141
person 0.0506 394 117 432 183
person 0.0503 405 105 430 125
person 0.0499 208 107 248 143
person 0.0497 199 178 252 291
person 0.0496 202 135 229 168
person 0.0495 466 116 481 149
person 0.0487 184 116 215 145
person 0.0484 331 90 402 157
person 0.0483 206 142 225 165
person 0.0479 391 107 427 133
person 0.0476 214 178 248 246
person 0.0471 375 101 412 117
person 0.0466 50 75 250 318
person 0.0453 204 114 224 146
person 0.0448 199 136 218 165
person 0.0446 457 147 498 218
person 0.0443 446 131 500 185
person 0.0437 200 133 294 181
person 0.0437 226 126 262 158
person 0.0436 397 100 432 148
person 0.0435 368 94 419 127
person 0.0434 369 122 410 186
person 0.0432 328 110 407 142
person 0.0432 432 154 494 239
person 0.0426 241 107 294 162
person 0.0425 442 218 499 314
person 0.0423 171 118 199 153
person 0.0421 393 101 429 116
person 0.0421 121 167 179 216
person 0.0412 424 124 471 184
person 0.0411 358 96 435 146
person 0.0408 422 123 496 216
person 0.0408 227 105 267 144
person 0.0399 226 150 291 214
person 0.0396 407 85 456 144
person 0.0390 413 65 478 147
person 0.0389 150 160 193 210
person 0.0388 433 145 491 195
person 0.0385 223 122 265 180
person 0.0381 469 87 499 108
person 0.0377 375 111 401 145
person 0.0377 480 94 500 137
person 0.0376 237 113 264 150
person 0.0370 162 143 222 182
person 0.0368 215 137 243 165
person 0.0366 378 109 413 159
person 0.0364 465 104 482 138
person 0.0362 382 98 434 120
person 0.0360 147 108 227 163
person 0.0354 190 147 228 163
person 0.0349 460 67 495 130
person 0.0348 184 155 242 216
person 0.0348 430 192 493 256
person 0.0340 189 135 238 162
person 0.0339 149 115 199 173
person 0.0338 391 74 434 130
person 0.0337 368 95 402 111
person 0.0335 200 132 260 169
person 0.0335 162 156 500 375
person 0.0334 464 117 486 162
person 0.0331 192 117 237 146
person 0.0330 239 91 435 224
person 0.0329 329 123 379 175
person 0.0326 338 100 411 129
person 0.0325 374 101 401 128
person 0.0318 197 149 235 174
person 0.0318 473 187 495 228
person 0.0317 361 89 424 116
person 0.0316 477 157 498 197
person 0.0314 208 186 239 262
person 0.0311 204 133 241 181
person 0.0309 485 188 500 275
person 0.0308 187 154 267 190
person 0.0306 405 100 443 116
person 0.0305 374 72 412 126
person 0.0304 223 111 322 156
person 0.0303 407 119 430 162
person 0.0298 404 91 432 123
person 0.0298 45 348 113 375
person 0.0293 168 133 189 163
person 0.0291 167 144 207 164
person 0.0291 465 93 483 124
person 0.0290 479 228 498 268
person 0.0289 374 117 415 141
person 0.0289 409 116 440 183
person 0.0289 206 71 451 310
person 0.0288 305 113 500 232
person 0.0285 43 0 149 153
person 0.0284 392 102 413 121
person 0.0283 245 110 275 152
person 0.0282 82 94 279 238
person 0.0281 140 181 187 236
person 0.0279 203 140 233 158
person 0.0279 449 79 500 146
person 0.0278 144 95 274 159
person 0.0275 270 219 500 375
person 0.0273 397 102 449 124
person 0.0269 454 109 478 153
person 0.0268 345 117 391 145
person 0.0267 429 75 488 129
person 0.0264 387 106 464 146
person 0.0264 200 172 238 238
person 0.0259 401 103 422 120
person 0.0257 255 104 312 148
person 0.0256 175 150 228 170
person 0.0255 375 121 398 158
person 0.0255 85 112 202 265
person 0.0255 467 204 500 271
person 0.0254 350 127 380 147
person 0.0249 227 137 298 167
person 0.0245 399 85 438 115
person 0.0245 362 102 402 148
person 0.0245 350 97 402 117
person 0.0242 147 84 256 212
person 0.0241 488 226 500 272
person 0.0234 350 120 390 173
person 0.0234 389 93 455 121
person 0.0233 459 117 475 149
person 0.0233 233 136 306 194
person 0.0231 471 170 494 207
person 0.0231 93 140 202 220
person 0.0230 372 181 500 260
person 0.0228 366 119 395 143
person 0.0226 425 91 443 117
person 0.0226 406 105 443 136
person 0.0224 389 119 430 142
person 0.0223 156 134 215 168
person 0.0221 153 159 210 187
person 0.0221 427 256 493 325
person 0.0219 237 126 280 157
person 0.0219 384 95 404 113
person 0.0219 470 227 496 260
person 0.0216 448 114 483 170
person 0.0216 76 0 184 116
person 0.0215 472 120 500 140
person 0.0213 465 228 499 296
person 0.0212 370 125 391 149
person 0.0212 235 106 266 129
person 0.0211 400 96 426 113
person 0.0211 346 128 366 147
person 0.0210 398 118 488 173
person 0.0210 351 135 379 151
person 0.0209 288 94 379 194
person 0.0208 119 117 247 183
person 0.0206 468 177 499 217
person 0.0205 390 97 416 112
person 0.0201 464 89 491 114
person 0.0200 207 133 243 154
person 0.0200 161 133 176 158
person 0.0200 370 106 394 134
sofa 0.0580 339 117 441 194
sofa 0.0536 303 97 488 224
sofa 0.0278 392 126 496 190
train 0.0301 16 0 435 371
tvmonitor 0.1434 328 47 398 125
tvmonitor 0.1128 346 47 389 75
tvmonitor 0.1099 327 94 386 131
tvmonitor 0.1082 325 109 377 143
tvmonitor 0.1045 323 70 419 146
tvmonitor 0.0954 325 113 351 142
tvmonitor 0.0932 333 92 380 117
tvmonitor 0.0770 436 2 487 65
tvmonitor 0.0760 330 105 410 142
tvmonitor 0.0674 327 120 343 143
tvmonitor 0.0664 332 51 464 118
tvmonitor 0.0662 369 49 407 76
tvmonitor 0.0659 424 52 455 71
tvmonitor 0.0623 325 80 403 117
tvmonitor 0.0598 393 52 412 75
tvmonitor 0.0588 331 45 401 87
tvmonitor 0.0572 384 52 406 79
tvmonitor 0.0556 329 81 372 125
tvmonitor 0.0544 419 0 486 95
tvmonitor 0.0502 401 52 418 76
tvmonitor 0.0499 469 140 497 171
tvmonitor 0.0497 324 112 371 130
tvmonitor 0.0470 410 55 461 75
tvmonitor 0.0468 398 59 473 117
tvmonitor 0.0463 49 192 123 216
tvmonitor 0.0438 324 100 340 134
tvmonitor 0.0435 329 99 367 124
tvmonitor 0.0433 376 51 410 103
tvmonitor 0.0427 325 97 358 137
tvmonitor 0.0420 328 125 350 145
tvmonitor 0.0414 317 56 497 193
tvmonitor 0.0411 402 65 491 150
tvmonitor 0.0399 415 54 444 72
tvmonitor 0.0391 366 50 389 77
tvmonitor 0.0366 346 94 392 112
tvmonitor 0.0362 312 105 429 161
tvmonitor 0.0357 316 113 360 147
tvmonitor 0.0356 470 125 500 158
tvmonitor 0.0354 327 129 340 147
tvmonitor 0.0352 406 54 429 74
tvmonitor 0.0348 433 54 451 70
tvmonitor 0.0345 365 57 422 112
tvmonitor 0.0333 378 50 420 83
tvmonitor 0.0327 67 194 119 211
tvmonitor 0.0326 331 116 391 150
tvmonitor 0.0320 391 59 437 116
tvmonitor 0.0317 328 95 350 124
tvmonitor 0.0316 442 7 472 59
tvmonitor 0.0315 340 76 480 163
tvmonitor 0.0303 439 50 459 73
tvmonitor 0.0303 428 7 469 84
tvmonitor 0.0299 352 65 403 127
tvmonitor 0.0299 405 54 467 90
tvmonitor 0.0297 382 69 461 130
tvmonitor 0.0294 338 45 446 91
tvmonitor 0.0293 416 106 459 159
tvmonitor 0.0290 396 49 447 78
tvmonitor 0.0289 438 0 495 38
tvmonitor 0.0288 331 129 365 144
tvmonitor 0.0282 423 13 497 154
tvmonitor 0.0281 403 37 477 99
tvmonitor 0.0274 368 78 426 121
tvmonitor 0.0272 339 121 384 142
tvmonitor 0.0272 310 128 327 141
tvmonitor 0.0271 319 127 335 141
tvmonitor 0.0267 319 119 331 140
tvmonitor 0.0265 309 112 342 142
tvmonitor 0.0256 389 50 412 93
tvmonitor 0.0251 417 45 473 74
tvmonitor 0.0247 370 33 473 154
tvmonitor 0.0246 336 126 356 146
tvmonitor 0.0243 327 94 338 121
tvmonitor 0.0240 412 0 454 66
tvmonitor 0.0240 335 85 363 115
tvmonitor 0.0234 345 128 383 146
tvmonitor 0.0234 319 85 347 143
tvmonitor 0.0229 376 54 400 86
tvmonitor 0.0228 336 103 386 120
tvmonitor 0.0227 386 0 465 97
tvmonitor 0.0227 303 111 328 145
tvmonitor 0.0225 423 35 459 81
tvmonitor 0.0224 423 112 494 156
tvmonitor 0.0221 465 164 499 198
tvmonitor 0.0220 401 56 438 88
tvmonitor 0.0219 336 15 417 113
tvmonitor 0.0218 441 13 480 98
tvmonitor 0.0218 306 129 321 142
tvmonitor 0.0214 357 49 403 108
tvmonitor 0.0212 334 100 404 124
tvmonitor 0.0212 299 23 500 145
tvmonitor 0.0210 398 52 422 91
tvmonitor 0.0206 309 119 328 139
tvmonitor 0.0204 381 90 482 138
tvmonitor 0.0202 337 113 368 141
tvmonitor 0.0202 447 51 466 74
tvmonitor 0.0201 425 63 484 113
