aeroplane 0.7612 0 58 485 365
aeroplane 0.2168 16 68 443 229
aeroplane 0.1170 15 101 317 330
aeroplane 0.0954 189 106 481 336
aeroplane 0.0904 0 96 183 269
aeroplane 0.0823 103 192 457 353
aeroplane 0.0783 216 71 489 230
aeroplane 0.0668 289 158 477 236
aeroplane 0.0557 1 98 100 237
aeroplane 0.0554 155 155 365 303
aeroplane 0.0523 11 215 272 359
aeroplane 0.0499 352 122 496 223
aeroplane 0.0449 104 69 477 171
aeroplane 0.0442 270 158 500 302
aeroplane 0.0437 231 132 475 215
aeroplane 0.0432 131 86 391 266
aeroplane 0.0391 0 58 241 221
aeroplane 0.0382 335 25 494 234
aeroplane 0.0374 15 131 254 224
aeroplane 0.0373 123 12 497 275
aeroplane 0.0362 215 174 297 291
aeroplane 0.0343 0 107 158 206
aeroplane 0.0338 221 156 431 248
aeroplane 0.0283 69 144 333 277
aeroplane 0.0283 360 79 495 193
aeroplane 0.0277 204 148 389 215
aeroplane 0.0274 250 72 463 145
aeroplane 0.0262 74 74 281 200
aeroplane 0.0247 165 70 370 141
aeroplane 0.0240 1 112 70 203
aeroplane 0.0233 326 176 500 256
aeroplane 0.0221 370 159 500 233
aeroplane 0.0217 220 221 290 289
aeroplane 0.0213 129 150 317 214
aeroplane 0.0210 395 189 497 224
bicycle 0.0648 275 299 433 372
bicycle 0.0339 298 333 424 374
bicycle 0.0323 230 248 269 293
bicycle 0.0215 201 204 295 293
boat 0.0218 233 186 307 289
bottle 0.0371 149 165 210 220
bottle 0.0312 106 164 230 223
bottle 0.0253 1 117 39 194
bottle 0.0230 115 292 150 374
bottle 0.0220 112 256 127 300
bottle 0.0217 176 165 237 219
bottle 0.0210 191 138 260 253
bottle 0.0204 0 118 21 187
car 0.1420 0 114 146 361
car 0.1072 0 173 95 244
car 0.0748 2 135 100 290
car 0.0692 19 167 185 246
car 0.0642 0 181 38 250
car 0.0608 0 107 127 247
car 0.0606 0 111 75 229
car 0.0555 0 201 25 239
car 0.0547 27 174 102 217
car 0.0530 0 174 163 285
car 0.0516 0 172 57 225
car 0.0486 0 173 69 294
car 0.0460 0 131 233 258
car 0.0433 0 197 30 270
car 0.0418 0 155 144 218
car 0.0399 60 174 141 215
car 0.0376 0 184 21 227
car 0.0362 80 175 153 241
car 0.0337 2 113 45 207
car 0.0330 234 239 282 289
car 0.0329 43 153 234 217
car 0.0326 95 166 220 222
car 0.0308 0 197 101 322
car 0.0297 256 261 280 288
car 0.0296 0 111 32 265
car 0.0291 94 172 174 216
car 0.0280 59 154 140 242
car 0.0274 460 271 499 286
car 0.0272 45 180 120 223
car 0.0248 4 203 106 263
car 0.0247 0 218 75 260
car 0.0241 1 213 33 244
car 0.0240 209 232 278 296
car 0.0234 0 159 24 257
car 0.0234 259 71 307 116
car 0.0230 480 260 498 285
car 0.0226 39 166 129 207
car 0.0221 458 301 498 370
car 0.0221 0 172 19 214
car 0.0209 0 202 61 245
car 0.0202 0 195 36 220
car 0.0200 459 258 499 285
chair 0.0498 296 292 420 373
chair 0.0284 271 254 442 372
chair 0.0252 0 291 130 375
chair 0.0248 314 321 391 373
chair 0.0231 88 299 251 373
motorbike 0.0893 253 245 277 288
motorbike 0.0282 231 243 270 291
motorbike 0.0248 241 257 271 287
person 0.7844 282 166 421 375
person 0.7572 0 162 121 375
person 0.6442 102 169 237 374
person 0.2137 30 102 294 375
person 0.2083 231 107 464 375
person 0.1370 38 184 154 375
person 0.1248 219 252 246 325
person 0.1108 73 226 124 372
person 0.1053 253 242 277 288
person 0.0983 81 61 453 375
person 0.0942 126 157 309 342
person 0.0940 42 170 85 221
person 0.0863 7 174 91 236
person 0.0826 2 175 94 312
person 0.0808 223 241 249 305
person 0.0792 63 174 86 222
person 0.0777 13 167 170 306
person 0.0773 0 105 197 337
person 0.0764 228 251 246 296
person 0.0712 204 235 248 325
person 0.0675 84 182 146 318
person 0.0621 0 275 112 375
person 0.0606 189 155 400 321
person 0.0588 299 81 321 121
person 0.0582 55 179 122 338
person 0.0574 202 249 228 320
person 0.0570 195 168 319 295
person 0.0549 229 242 262 296
person 0.0513 42 173 118 235
person 0.0508 96 172 201 315
person 0.0468 71 186 88 224
person 0.0464 235 252 252 291
person 0.0457 1 338 21 375
person 0.0451 292 83 311 120
person 0.0449 195 243 235 338
person 0.0431 90 174 162 271
person 0.0431 309 262 415 374
person 0.0429 67 172 139 264
person 0.0427 241 248 274 290
person 0.0402 197 181 267 316
person 0.0397 145 166 247 321
person 0.0394 289 255 367 373
person 0.0391 113 216 195 365
person 0.0386 52 152 230 263
person 0.0383 247 165 349 296
person 0.0383 138 164 214 222
person 0.0374 105 201 159 355
person 0.0371 163 204 280 375
person 0.0361 232 239 246 284
person 0.0356 66 285 109 374
person 0.0355 0 183 43 290
person 0.0350 0 307 24 375
person 0.0350 321 178 483 368
person 0.0349 79 176 127 239
person 0.0349 283 73 318 122
person 0.0345 39 171 79 188
person 0.0342 55 169 81 205
person 0.0341 34 171 70 215
person 0.0336 2 110 45 195
person 0.0336 1 131 92 232
person 0.0332 255 231 288 287
person 0.0331 149 230 229 365
person 0.0327 37 176 100 265
person 0.0325 211 225 270 305
person 0.0322 88 240 120 311
person 0.0319 212 210 300 346
person 0.0316 210 251 234 310
person 0.0314 271 71 308 119
person 0.0313 283 81 305 118
person 0.0311 230 210 284 291
person 0.0310 136 165 218 277
person 0.0309 138 85 316 292
person 0.0306 81 197 127 272
person 0.0304 82 294 120 375
person 0.0295 102 176 155 240
person 0.0291 2 246 66 375
person 0.0290 243 245 264 283
person 0.0287 109 235 135 303
person 0.0285 214 250 261 339
person 0.0283 61 186 113 261
person 0.0278 101 192 142 259
person 0.0275 2 217 35 302
person 0.0274 95 167 215 243
person 0.0273 222 277 241 326
person 0.0269 98 229 128 306
person 0.0268 144 200 386 374
person 0.0262 243 261 266 291
person 0.0260 271 161 393 257
person 0.0260 0 355 24 375
person 0.0260 0 335 102 373
person 0.0260 91 269 134 375
person 0.0257 93 169 144 224
person 0.0253 47 170 73 203
person 0.0251 296 80 329 136
person 0.0249 67 231 112 325
person 0.0247 66 179 94 237
person 0.0245 114 220 151 305
person 0.0243 83 253 118 342
person 0.0239 230 126 250 155
person 0.0237 191 200 237 308
person 0.0236 0 285 14 375
person 0.0234 53 183 84 230
person 0.0234 237 237 253 275
person 0.0233 0 43 118 286
person 0.0233 106 261 120 301
person 0.0231 18 169 82 204
person 0.0231 293 309 346 375
person 0.0231 197 236 345 368
person 0.0227 206 253 223 304
person 0.0226 0 341 39 375
person 0.0226 2 279 34 374
person 0.0225 57 170 86 191
person 0.0225 232 260 272 323
person 0.0224 109 167 184 218
person 0.0223 0 103 26 189
person 0.0223 309 166 392 229
person 0.0222 113 275 154 374
person 0.0221 345 289 414 375
person 0.0221 67 194 85 233
person 0.0217 297 94 317 136
person 0.0216 2 316 53 373
person 0.0215 361 251 423 371
person 0.0213 112 263 127 302
person 0.0213 99 260 115 300
person 0.0212 241 229 269 281
person 0.0212 261 247 284 287
person 0.0211 264 212 340 363
person 0.0210 213 255 229 297
person 0.0207 107 104 245 271
person 0.0207 6 186 66 254
person 0.0204 4 214 72 333
person 0.0204 59 165 109 221
person 0.0204 33 177 56 213
person 0.0203 254 262 273 291
person 0.0203 0 185 39 241
person 0.0203 2 125 19 176
person 0.0202 301 78 328 109
person 0.0202 47 181 72 218
person 0.0200 0 350 14 375
