aeroplane 0.8424 416 119 461 149
aeroplane 0.0812 425 131 463 151
aeroplane 0.0612 416 117 447 140
aeroplane 0.0534 421 116 467 139
aeroplane 0.0420 0 274 75 375
aeroplane 0.0404 402 116 484 153
aeroplane 0.0361 0 279 73 321
aeroplane 0.0349 407 103 472 144
aeroplane 0.0329 424 114 460 129
aeroplane 0.0329 424 126 490 148
aeroplane 0.0290 0 272 172 361
aeroplane 0.0289 433 108 459 118
aeroplane 0.0288 447 112 460 123
aeroplane 0.0280 405 125 475 169
aeroplane 0.0279 424 107 450 116
aeroplane 0.0278 413 108 454 131
aeroplane 0.0278 46 205 337 287
aeroplane 0.0272 427 111 444 121
aeroplane 0.0270 436 111 452 122
aeroplane 0.0270 437 115 461 132
aeroplane 0.0269 416 136 453 151
aeroplane 0.0259 456 111 467 123
aeroplane 0.0250 429 105 466 131
aeroplane 0.0248 422 112 436 121
aeroplane 0.0241 420 113 492 143
aeroplane 0.0241 403 129 413 139
aeroplane 0.0237 0 286 44 318
aeroplane 0.0232 415 128 440 147
aeroplane 0.0231 0 341 86 374
aeroplane 0.0230 385 76 475 161
aeroplane 0.0227 402 134 412 145
aeroplane 0.0225 404 124 414 134
aeroplane 0.0223 422 96 461 124
aeroplane 0.0217 427 109 454 140
aeroplane 0.0216 419 116 438 129
aeroplane 0.0215 444 109 467 119
aeroplane 0.0215 419 112 429 121
aeroplane 0.0215 449 105 461 118
aeroplane 0.0215 451 116 466 129
aeroplane 0.0214 0 277 48 348
aeroplane 0.0212 421 108 442 117
aeroplane 0.0209 464 111 475 123
aeroplane 0.0205 440 107 452 118
aeroplane 0.0205 394 130 406 139
aeroplane 0.0204 425 140 461 154
aeroplane 0.0202 456 104 468 118
aeroplane 0.0202 432 107 444 117
bicycle 0.0510 0 38 120 322
bicycle 0.0236 0 167 145 310
bird 0.0656 0 19 479 359
bird 0.0382 21 1 274 323
bird 0.0244 64 16 496 215
bird 0.0206 3 5 148 121
bird 0.0201 0 61 78 124
boat 0.2692 11 185 461 369
boat 0.1068 0 12 489 351
boat 0.0671 0 157 344 319
boat 0.0502 0 247 318 371
boat 0.0372 25 87 387 257
boat 0.0340 267 190 451 375
boat 0.0288 0 242 171 356
boat 0.0280 359 200 495 375
boat 0.0279 105 162 482 316
boat 0.0273 17 224 293 317
boat 0.0251 34 83 252 342
boat 0.0231 0 180 207 344
boat 0.0214 75 201 395 286
bottle 0.0475 7 46 421 341
bottle 0.0280 20 58 261 294
chair 0.0618 2 18 122 297
chair 0.0473 3 46 87 220
chair 0.0382 3 158 84 329
chair 0.0354 0 153 241 349
chair 0.0279 0 247 88 370
chair 0.0262 14 0 353 340
chair 0.0238 30 46 232 314
chair 0.0226 0 61 81 148
chair 0.0224 0 6 155 190
chair 0.0222 0 258 74 319
chair 0.0213 0 217 57 333
chair 0.0203 459 307 499 375
diningtable 0.0241 0 92 423 357
person 0.0276 3 0 438 374
person 0.0229 132 259 164 275
person 0.0221 0 0 215 353
pottedplant 0.1863 0 42 95 318
pottedplant 0.0468 10 12 157 305
pottedplant 0.0458 0 60 80 204
pottedplant 0.0320 0 171 101 307
pottedplant 0.0286 0 0 302 326
