bottle 0.2254 410 322 437 375
bottle 0.1258 408 346 440 374
bottle 0.1251 416 103 439 155
bottle 0.0855 416 320 436 359
bottle 0.0728 403 324 422 367
bottle 0.0721 405 327 446 402
bottle 0.0674 396 332 497 407
bottle 0.0653 421 277 499 404
bottle 0.0614 406 321 432 346
bottle 0.0606 418 102 435 136
bottle 0.0606 468 79 499 141
bottle 0.0560 477 302 500 357
bottle 0.0543 420 333 469 405
bottle 0.0522 480 287 499 336
bottle 0.0519 438 315 489 395
bottle 0.0516 451 333 498 406
bottle 0.0508 441 341 475 403
bottle 0.0493 462 281 497 343
bottle 0.0475 476 329 500 360
bottle 0.0453 404 322 418 350
bottle 0.0437 409 292 443 365
bottle 0.0435 402 349 447 386
bottle 0.0429 471 284 493 327
bottle 0.0421 435 288 491 371
bottle 0.0408 451 93 474 145
bottle 0.0399 418 315 435 344
bottle 0.0387 461 87 488 141
bottle 0.0380 463 100 480 141
bottle 0.0369 445 346 467 389
bottle 0.0362 253 326 391 408
bottle 0.0358 419 321 454 382
bottle 0.0353 331 318 400 364
bottle 0.0351 420 350 442 383
bottle 0.0337 431 341 450 377
bottle 0.0335 281 320 364 359
bottle 0.0333 431 326 449 367
bottle 0.0330 274 283 375 351
bottle 0.0322 439 342 461 381
bottle 0.0321 403 352 430 375
bottle 0.0312 459 314 500 358
bottle 0.0311 397 331 413 362
bottle 0.0309 324 281 377 341
bottle 0.0309 455 345 473 391
bottle 0.0306 377 329 430 401
bottle 0.0306 478 78 499 123
bottle 0.0305 458 346 486 401
bottle 0.0299 473 323 500 386
bottle 0.0294 470 304 495 345
bottle 0.0293 401 331 429 376
bottle 0.0289 421 302 467 374
bottle 0.0285 444 80 468 138
bottle 0.0284 350 329 463 403
bottle 0.0281 400 324 442 358
bottle 0.0279 469 102 493 141
bottle 0.0274 422 282 476 355
bottle 0.0271 428 106 446 146
bottle 0.0269 384 322 435 370
bottle 0.0266 126 396 175 413
bottle 0.0266 88 393 146 413
bottle 0.0259 334 293 392 357
bottle 0.0255 408 343 466 378
bottle 0.0254 411 323 427 342
bottle 0.0251 189 382 267 414
bottle 0.0249 442 98 460 139
bottle 0.0248 304 322 405 381
bottle 0.0248 480 0 499 28
bottle 0.0245 399 329 453 374
bottle 0.0241 206 290 238 312
bottle 0.0241 66 387 159 414
bottle 0.0236 399 343 412 367
bottle 0.0234 417 334 499 381
bottle 0.0232 462 342 481 381
bottle 0.0228 469 343 493 387
bottle 0.0228 406 323 417 341
bottle 0.0227 280 340 356 396
bottle 0.0226 397 325 414 343
bottle 0.0226 269 325 378 377
bottle 0.0224 427 0 500 24
bottle 0.0221 434 95 468 155
bottle 0.0221 423 308 441 343
bottle 0.0214 448 105 468 150
bottle 0.0213 352 326 405 400
bottle 0.0209 448 330 478 382
bottle 0.0207 386 344 454 407
bottle 0.0207 420 95 456 153
bottle 0.0206 486 82 500 135
bottle 0.0205 208 265 237 313
bottle 0.0203 205 300 253 315
bottle 0.0203 364 321 399 365
bottle 0.0203 201 265 259 317
bottle 0.0202 434 101 448 130
bottle 0.0201 204 392 260 413
bottle 0.0201 443 84 458 128
cat 0.0526 78 382 166 413
cat 0.0303 98 394 162 413
chair 0.2984 8 180 154 412
chair 0.2512 55 212 384 409
chair 0.1949 55 355 173 414
chair 0.1657 23 151 239 403
chair 0.1623 28 265 181 411
chair 0.1580 110 290 429 404
chair 0.1381 162 338 404 410
chair 0.1220 67 340 290 409
chair 0.1199 52 194 159 364
chair 0.1005 10 179 95 372
chair 0.0827 423 275 496 344
chair 0.0810 71 190 200 397
chair 0.0806 140 307 334 398
chair 0.0779 170 273 384 376
chair 0.0721 213 301 382 398
chair 0.0692 82 248 286 402
chair 0.0659 0 321 247 414
chair 0.0652 100 302 250 405
chair 0.0608 0 93 84 414
chair 0.0527 145 352 313 411
chair 0.0520 398 279 500 372
chair 0.0493 25 185 131 331
chair 0.0485 91 382 173 414
chair 0.0483 250 277 395 359
chair 0.0459 21 332 150 412
chair 0.0449 72 300 168 410
chair 0.0446 49 180 163 287
chair 0.0445 268 231 372 356
chair 0.0426 6 262 98 414
chair 0.0422 74 368 241 413
chair 0.0402 174 292 287 412
chair 0.0388 278 318 351 350
chair 0.0382 236 186 373 376
chair 0.0377 423 278 461 336
chair 0.0377 60 142 333 346
chair 0.0373 273 305 437 400
chair 0.0370 31 371 138 411
chair 0.0368 449 277 493 329
chair 0.0355 259 163 493 371
chair 0.0353 307 312 500 414
chair 0.0343 8 354 102 414
chair 0.0340 28 244 182 344
chair 0.0336 186 369 342 413
chair 0.0335 418 226 489 341
chair 0.0333 455 76 496 158
chair 0.0331 120 249 222 401
chair 0.0324 61 379 151 413
chair 0.0318 0 195 59 404
chair 0.0312 8 383 92 413
chair 0.0307 144 372 254 412
chair 0.0295 203 330 319 414
chair 0.0293 4 107 185 321
chair 0.0292 324 281 460 373
chair 0.0290 411 278 447 352
chair 0.0290 61 269 161 378
chair 0.0288 140 276 268 382
chair 0.0280 24 188 113 267
chair 0.0272 206 265 325 394
chair 0.0270 437 278 476 329
chair 0.0261 33 291 119 414
chair 0.0254 396 317 496 414
chair 0.0247 161 326 259 414
chair 0.0246 242 310 376 366
chair 0.0241 189 359 265 411
chair 0.0237 59 355 151 391
chair 0.0237 115 394 180 414
chair 0.0236 318 256 498 351
chair 0.0236 192 303 312 380
chair 0.0235 58 348 119 408
chair 0.0234 47 378 107 414
chair 0.0231 68 215 282 340
chair 0.0228 248 106 395 252
chair 0.0220 123 369 200 414
chair 0.0216 287 120 321 214
chair 0.0215 101 348 157 411
chair 0.0211 244 268 476 405
chair 0.0210 409 254 461 342
chair 0.0210 60 182 141 244
chair 0.0209 141 214 382 342
chair 0.0206 267 117 314 216
chair 0.0204 0 375 61 414
chair 0.0204 122 337 215 414
chair 0.0204 215 344 362 400
chair 0.0203 199 270 277 378
chair 0.0202 28 144 126 280
chair 0.0200 270 324 376 414
cow 0.0203 374 0 413 28
diningtable 0.3288 165 327 500 414
diningtable 0.1292 84 256 494 414
diningtable 0.1135 304 307 500 408
diningtable 0.0985 47 308 402 414
diningtable 0.0852 353 339 500 412
diningtable 0.0591 227 312 430 394
diningtable 0.0453 337 285 495 367
diningtable 0.0444 238 342 440 410
diningtable 0.0444 417 278 497 367
diningtable 0.0436 113 175 485 381
diningtable 0.0382 388 301 500 382
diningtable 0.0333 279 361 490 414
diningtable 0.0322 309 325 461 389
diningtable 0.0305 419 323 499 414
diningtable 0.0262 187 360 405 414
person 0.8632 60 108 369 404
person 0.1655 20 136 162 414
person 0.1321 70 116 239 382
person 0.1308 200 117 376 375
person 0.1144 95 260 390 397
person 0.0888 76 102 348 252
person 0.0763 384 82 406 118
person 0.0544 472 80 500 140
person 0.0497 95 104 251 196
person 0.0488 264 269 376 350
person 0.0483 257 173 377 358
person 0.0473 167 225 371 370
person 0.0451 93 115 203 270
person 0.0379 383 61 417 119
person 0.0360 67 0 95 32
person 0.0352 141 103 317 197
person 0.0351 126 103 210 170
person 0.0349 88 166 200 336
person 0.0329 397 81 418 117
person 0.0319 205 106 369 245
person 0.0319 151 112 309 337
person 0.0306 252 74 395 313
person 0.0282 19 0 500 414
person 0.0280 310 282 384 349
person 0.0271 64 0 104 72
person 0.0263 31 93 230 261
person 0.0263 112 105 195 218
person 0.0254 121 157 494 414
person 0.0250 251 122 353 276
person 0.0246 19 0 125 153
person 0.0245 80 1 99 38
person 0.0243 127 106 170 186
person 0.0240 56 0 77 34
person 0.0238 172 102 218 167
person 0.0229 62 1 87 39
person 0.0229 482 0 497 24
person 0.0229 446 0 500 29
person 0.0225 9 0 64 72
person 0.0225 49 117 176 303
person 0.0225 153 3 382 353
person 0.0219 311 227 383 340
person 0.0218 328 282 376 331
person 0.0218 113 109 152 189
person 0.0216 74 6 92 47
person 0.0215 187 101 281 227
person 0.0213 44 0 98 85
person 0.0210 486 84 500 138
person 0.0205 415 95 437 134
person 0.0205 186 106 234 189
person 0.0204 195 115 257 202
person 0.0201 49 3 69 33
person 0.0201 84 13 97 59
person 0.0201 27 0 83 70
person 0.0200 1 0 41 77
pottedplant 0.1951 410 104 488 298
pottedplant 0.1087 413 105 472 225
pottedplant 0.1074 427 277 495 347
pottedplant 0.0827 413 105 442 156
pottedplant 0.0714 360 107 498 333
pottedplant 0.0701 411 108 455 191
pottedplant 0.0633 410 58 494 216
pottedplant 0.0601 415 1 495 72
pottedplant 0.0570 429 125 479 263
pottedplant 0.0544 101 115 500 360
pottedplant 0.0503 418 230 496 352
pottedplant 0.0501 459 76 494 144
pottedplant 0.0480 435 88 485 196
pottedplant 0.0463 289 89 471 317
pottedplant 0.0447 371 13 491 283
pottedplant 0.0418 413 93 481 160
pottedplant 0.0413 360 111 445 282
pottedplant 0.0407 429 134 500 353
pottedplant 0.0405 447 83 484 155
pottedplant 0.0403 416 0 496 31
pottedplant 0.0380 389 100 500 189
pottedplant 0.0378 461 278 497 337
pottedplant 0.0353 386 264 500 340
pottedplant 0.0340 410 121 449 166
pottedplant 0.0333 408 11 496 152
pottedplant 0.0320 452 278 491 316
pottedplant 0.0305 390 108 463 258
pottedplant 0.0304 399 101 436 167
pottedplant 0.0299 382 53 418 119
pottedplant 0.0295 458 99 496 192
pottedplant 0.0294 437 94 500 244
pottedplant 0.0291 0 0 46 19
pottedplant 0.0281 330 84 470 239
pottedplant 0.0278 407 120 479 171
pottedplant 0.0269 441 306 500 365
pottedplant 0.0266 460 132 498 222
pottedplant 0.0264 192 383 276 414
pottedplant 0.0264 437 69 496 162
pottedplant 0.0263 344 247 495 361
pottedplant 0.0261 272 117 309 209
pottedplant 0.0255 468 80 499 131
pottedplant 0.0255 409 83 445 148
pottedplant 0.0248 450 137 498 276
pottedplant 0.0248 426 100 494 147
pottedplant 0.0246 445 285 484 339
pottedplant 0.0245 287 117 320 211
pottedplant 0.0241 392 73 430 138
pottedplant 0.0241 446 286 500 399
pottedplant 0.0238 402 132 500 232
pottedplant 0.0232 4 0 85 110
pottedplant 0.0232 331 320 399 364
pottedplant 0.0232 386 80 500 152
pottedplant 0.0232 13 0 131 168
pottedplant 0.0231 426 83 467 151
pottedplant 0.0229 390 85 453 197
pottedplant 0.0228 403 104 467 149
pottedplant 0.0222 429 0 488 18
pottedplant 0.0221 313 99 399 257
pottedplant 0.0219 439 143 473 220
pottedplant 0.0218 255 119 294 205
pottedplant 0.0218 386 0 493 46
pottedplant 0.0211 442 75 471 141
pottedplant 0.0211 385 159 472 338
pottedplant 0.0210 394 114 453 157
pottedplant 0.0209 405 284 479 387
pottedplant 0.0208 37 0 99 147
pottedplant 0.0204 270 0 500 375
pottedplant 0.0204 397 115 437 197
sofa 0.1487 9 160 426 414
train 0.0230 54 0 370 374
tvmonitor 0.0260 464 73 500 131
