bicycle 0.8673 60 94 406 366
bicycle 0.0677 241 101 412 346
bicycle 0.0524 49 214 166 374
bicycle 0.0441 28 125 149 373
bicycle 0.0385 33 56 431 251
bicycle 0.0356 296 111 457 329
bicycle 0.0353 46 90 185 312
bicycle 0.0325 56 153 214 369
bicycle 0.0282 82 97 196 254
bicycle 0.0255 81 94 318 259
bicycle 0.0235 257 52 426 267
bicycle 0.0225 65 141 160 285
bicycle 0.0224 40 171 128 337
bicycle 0.0217 44 90 195 176
bicycle 0.0212 20 101 143 259
bicycle 0.0208 37 250 384 363
boat 0.0326 460 117 500 171
boat 0.0317 3 125 70 170
boat 0.0255 0 120 44 161
boat 0.0240 0 120 31 148
bottle 0.3939 193 193 238 239
bottle 0.3617 249 188 279 259
bottle 0.2364 227 216 248 249
bottle 0.2329 204 199 244 250
bottle 0.2007 217 204 240 236
bottle 0.1988 192 193 224 223
bottle 0.1898 238 202 273 266
bottle 0.1890 235 188 278 295
bottle 0.1883 220 207 252 257
bottle 0.1853 175 188 217 232
bottle 0.1806 228 216 265 267
bottle 0.1797 218 194 270 278
bottle 0.1784 227 207 249 236
bottle 0.1770 185 189 239 271
bottle 0.1660 256 188 279 233
bottle 0.1588 207 200 236 236
bottle 0.1569 235 248 269 303
bottle 0.1498 189 190 211 219
bottle 0.1491 237 203 254 235
bottle 0.1488 182 179 265 254
bottle 0.1472 211 193 255 235
bottle 0.1418 229 192 260 248
bottle 0.1403 237 228 268 272
bottle 0.1348 220 213 242 248
bottle 0.1314 173 191 199 230
bottle 0.1300 239 249 267 273
bottle 0.1204 263 209 291 283
bottle 0.1159 243 191 270 240
bottle 0.1154 232 224 257 260
bottle 0.1151 213 196 241 224
bottle 0.1136 179 189 207 217
bottle 0.1128 234 213 254 250
bottle 0.1093 188 196 211 236
bottle 0.1086 188 185 239 221
bottle 0.1058 188 190 258 305
bottle 0.1020 192 191 222 209
bottle 0.1017 229 198 249 226
bottle 0.1004 174 199 207 242
bottle 0.0976 172 176 233 243
bottle 0.0960 195 200 220 240
bottle 0.0955 257 199 284 274
bottle 0.0954 249 246 270 276
bottle 0.0933 204 193 237 218
bottle 0.0881 232 240 263 277
bottle 0.0839 251 210 271 262
bottle 0.0826 264 189 284 230
bottle 0.0788 236 190 255 226
bottle 0.0787 266 203 285 248
bottle 0.0776 210 208 246 230
bottle 0.0743 179 207 239 246
bottle 0.0734 245 207 265 247
bottle 0.0714 266 239 290 280
bottle 0.0672 191 189 208 207
bottle 0.0671 216 192 232 214
bottle 0.0668 259 202 278 253
bottle 0.0662 209 216 252 243
bottle 0.0651 219 183 268 241
bottle 0.0636 181 216 212 243
bottle 0.0618 227 228 250 269
bottle 0.0599 242 172 296 275
bottle 0.0591 228 191 282 226
bottle 0.0564 226 248 256 272
bottle 0.0563 189 186 212 203
bottle 0.0559 164 185 200 247
bottle 0.0551 219 223 259 251
bottle 0.0551 225 216 269 312
bottle 0.0549 198 190 216 206
bottle 0.0532 257 179 335 296
bottle 0.0529 211 211 236 251
bottle 0.0526 240 198 266 227
bottle 0.0523 174 186 218 210
bottle 0.0523 252 188 275 218
bottle 0.0515 166 210 185 246
bottle 0.0508 223 190 237 215
bottle 0.0501 240 223 268 254
bottle 0.0500 261 244 278 279
bottle 0.0492 180 211 223 265
bottle 0.0491 208 189 225 206
bottle 0.0489 201 214 253 271
bottle 0.0487 172 186 199 213
bottle 0.0486 223 221 254 242
bottle 0.0484 199 190 270 220
bottle 0.0483 167 194 188 236
bottle 0.0476 172 214 200 243
bottle 0.0453 191 204 230 230
bottle 0.0441 216 209 271 243
bottle 0.0436 201 186 228 203
bottle 0.0429 176 179 238 204
bottle 0.0422 182 186 202 209
bottle 0.0413 219 200 262 227
bottle 0.0409 155 189 186 248
bottle 0.0406 223 175 253 232
bottle 0.0403 260 220 279 270
bottle 0.0394 359 190 387 256
bottle 0.0394 292 224 312 261
bottle 0.0392 167 190 191 217
bottle 0.0390 169 204 260 263
bottle 0.0379 261 190 279 209
bottle 0.0370 263 192 300 262
bottle 0.0367 195 215 236 240
bottle 0.0359 232 206 276 231
bottle 0.0357 165 166 291 229
bottle 0.0357 162 200 190 260
bottle 0.0352 232 189 247 217
bottle 0.0349 202 210 227 250
bottle 0.0339 158 174 229 284
bottle 0.0338 225 192 316 297
bottle 0.0337 163 175 204 223
bottle 0.0334 270 224 292 267
bottle 0.0334 221 250 269 278
bottle 0.0323 362 198 379 247
bottle 0.0322 365 191 405 257
bottle 0.0318 158 163 213 245
bottle 0.0315 158 190 176 234
bottle 0.0314 172 198 234 311
bottle 0.0314 243 175 279 232
bottle 0.0308 250 238 285 306
bottle 0.0307 232 264 276 314
bottle 0.0301 184 183 220 199
bottle 0.0300 217 235 273 270
bottle 0.0298 245 188 262 216
bottle 0.0294 209 182 245 217
bottle 0.0291 171 205 203 262
bottle 0.0288 288 209 315 270
bottle 0.0282 170 209 204 231
bottle 0.0281 199 190 294 242
bottle 0.0280 247 188 280 207
bottle 0.0279 273 201 292 238
bottle 0.0279 237 191 274 212
bottle 0.0273 199 185 214 200
bottle 0.0271 220 169 325 251
bottle 0.0271 271 212 292 253
bottle 0.0267 200 191 240 206
bottle 0.0267 275 171 362 314
bottle 0.0265 228 167 285 243
bottle 0.0265 212 185 234 203
bottle 0.0263 274 200 310 268
bottle 0.0254 201 246 264 274
bottle 0.0253 263 220 289 254
bottle 0.0250 196 181 220 196
bottle 0.0247 209 184 224 200
bottle 0.0245 220 239 244 273
bottle 0.0242 182 231 248 273
bottle 0.0242 189 181 212 197
bottle 0.0240 248 252 270 299
bottle 0.0235 236 215 272 234
bottle 0.0234 275 187 293 219
bottle 0.0234 228 236 266 259
bottle 0.0233 257 193 272 208
bottle 0.0233 220 194 255 213
bottle 0.0233 170 156 220 221
bottle 0.0230 209 235 249 310
bottle 0.0227 228 184 261 219
bottle 0.0225 180 220 206 256
bottle 0.0225 392 192 417 262
bottle 0.0224 253 254 284 276
bottle 0.0223 183 223 227 245
bottle 0.0222 241 250 291 282
bottle 0.0221 194 172 256 216
bottle 0.0220 285 225 305 261
bottle 0.0220 229 251 252 288
bottle 0.0217 187 222 244 256
bottle 0.0214 231 247 304 307
bottle 0.0210 156 207 180 239
bottle 0.0207 256 235 285 274
bottle 0.0206 204 180 227 196
bottle 0.0204 401 208 418 256
bottle 0.0202 210 226 239 261
car 0.0710 0 124 26 163
car 0.0638 2 139 23 169
car 0.0593 472 133 500 171
car 0.0466 457 118 497 173
car 0.0443 5 152 31 169
car 0.0430 3 152 22 182
car 0.0415 0 168 28 188
car 0.0413 270 116 400 155
car 0.0397 268 118 347 144
car 0.0387 0 128 30 187
car 0.0358 0 137 35 161
car 0.0332 263 116 410 196
car 0.0330 0 136 46 170
car 0.0322 74 102 405 220
car 0.0306 1 154 34 187
car 0.0280 0 131 19 176
car 0.0268 1 128 73 179
car 0.0261 428 126 497 169
car 0.0260 7 155 36 175
car 0.0254 269 130 322 145
car 0.0246 15 151 41 169
car 0.0241 0 121 30 143
car 0.0232 259 97 413 167
car 0.0229 479 146 500 177
car 0.0229 0 146 11 176
car 0.0221 454 139 500 190
car 0.0203 462 148 500 171
chair 0.2317 403 158 497 297
chair 0.1041 283 132 415 341
chair 0.0987 363 149 495 345
chair 0.0727 343 162 430 326
chair 0.0727 135 125 384 335
chair 0.0604 257 133 368 323
chair 0.0503 303 211 410 344
chair 0.0472 314 100 461 345
chair 0.0427 190 149 359 302
chair 0.0417 397 188 483 270
chair 0.0407 439 173 500 282
chair 0.0374 65 100 383 225
chair 0.0356 317 141 432 258
chair 0.0352 352 163 416 259
chair 0.0336 382 173 459 280
chair 0.0329 407 162 488 234
chair 0.0327 59 106 213 371
chair 0.0306 287 158 368 281
chair 0.0301 97 90 307 162
chair 0.0297 461 163 500 237
chair 0.0297 359 158 490 256
chair 0.0291 390 212 500 332
chair 0.0289 375 184 415 259
chair 0.0283 404 217 500 283
chair 0.0282 388 184 433 267
chair 0.0266 88 88 202 189
chair 0.0259 87 93 269 313
chair 0.0254 457 213 500 286
chair 0.0252 256 209 351 348
chair 0.0238 78 99 196 276
chair 0.0224 164 114 359 243
chair 0.0221 0 122 121 375
chair 0.0218 51 257 200 372
chair 0.0216 405 205 458 276
chair 0.0211 222 167 337 272
chair 0.0209 123 112 345 187
chair 0.0209 40 150 125 290
chair 0.0207 257 270 417 344
diningtable 0.0465 80 134 378 315
diningtable 0.0366 45 222 434 358
person 0.0956 269 122 397 341
person 0.0753 11 147 29 174
person 0.0633 287 141 369 264
person 0.0594 19 149 35 177
person 0.0524 5 140 31 178
person 0.0518 26 148 43 177
person 0.0493 159 103 363 335
person 0.0431 9 154 30 185
person 0.0399 264 108 407 231
person 0.0358 275 117 414 160
person 0.0328 319 135 412 257
person 0.0323 16 147 38 167
person 0.0316 348 117 412 159
person 0.0299 11 148 41 182
person 0.0282 391 179 417 254
person 0.0280 106 91 196 236
person 0.0279 32 150 50 181
person 0.0274 287 94 441 281
person 0.0268 376 121 411 159
person 0.0262 171 130 210 153
person 0.0258 376 184 412 258
person 0.0250 316 155 375 255
person 0.0232 263 92 401 177
person 0.0221 146 113 405 242
person 0.0217 16 138 51 183
person 0.0210 0 124 39 174
person 0.0207 358 151 415 255
person 0.0205 292 145 347 224
person 0.0202 28 145 43 164
person 0.0202 25 147 64 177
pottedplant 0.0546 79 140 388 355
pottedplant 0.0530 267 154 357 278
pottedplant 0.0288 254 184 329 253
pottedplant 0.0270 299 160 365 262
pottedplant 0.0241 103 143 187 282
pottedplant 0.0240 464 49 496 117
pottedplant 0.0225 61 178 187 365
pottedplant 0.0208 346 63 415 158
pottedplant 0.0205 40 151 63 180
pottedplant 0.0200 139 164 344 325
train 0.0364 269 117 415 162
tvmonitor 0.0248 261 180 361 297
tvmonitor 0.0205 172 156 290 231
