aeroplane 0.0341 9 33 412 341
aeroplane 0.0264 11 100 125 238
aeroplane 0.0252 17 88 316 218
aeroplane 0.0247 145 124 334 199
aeroplane 0.0221 3 57 205 235
aeroplane 0.0213 29 25 324 155
bird 0.0692 0 0 500 322
bird 0.0319 19 0 500 165
bird 0.0237 177 74 343 143
bird 0.0222 217 72 270 133
bird 0.0214 328 301 350 351
bird 0.0201 145 116 388 210
car 0.0257 0 113 20 155
car 0.0248 0 117 79 240
car 0.0220 12 41 134 168
car 0.0219 0 112 11 151
chair 0.0220 0 0 500 386
sheep 0.8174 157 207 352 347
sheep 0.2125 239 289 301 342
sheep 0.1771 229 231 348 352
sheep 0.1690 238 278 347 344
sheep 0.1594 174 5 500 232
sheep 0.1342 259 0 500 155
sheep 0.1220 4 8 500 322
sheep 0.1152 136 122 431 347
sheep 0.0947 339 66 500 148
sheep 0.0761 316 14 500 287
sheep 0.0717 157 207 209 245
sheep 0.0554 286 247 350 350
sheep 0.0548 189 289 316 342
sheep 0.0499 378 10 500 151
sheep 0.0433 143 0 447 140
sheep 0.0414 336 85 500 224
sheep 0.0412 240 315 301 341
sheep 0.0408 162 209 342 263
sheep 0.0405 162 200 265 323
sheep 0.0400 243 88 500 323
sheep 0.0391 273 62 500 188
sheep 0.0389 160 205 240 257
sheep 0.0388 264 292 309 344
sheep 0.0373 246 208 364 315
sheep 0.0362 215 204 415 359
sheep 0.0353 159 206 210 286
sheep 0.0347 238 291 289 322
sheep 0.0339 305 281 348 350
sheep 0.0337 157 207 179 236
sheep 0.0327 378 98 498 149
sheep 0.0321 164 162 356 284
sheep 0.0318 165 250 303 372
sheep 0.0314 414 119 499 156
sheep 0.0310 0 108 10 139
sheep 0.0305 96 97 485 244
sheep 0.0298 241 77 421 142
sheep 0.0290 119 207 188 240
sheep 0.0286 187 215 354 294
sheep 0.0286 143 202 232 307
sheep 0.0284 25 90 369 337
sheep 0.0277 0 111 17 141
sheep 0.0265 386 60 500 189
sheep 0.0263 171 210 259 244
sheep 0.0255 225 250 307 343
sheep 0.0239 282 94 467 161
sheep 0.0232 338 0 460 127
sheep 0.0230 404 121 500 221
sheep 0.0228 242 291 282 310
sheep 0.0226 272 287 336 348
sheep 0.0221 234 139 384 337
sheep 0.0218 292 0 500 87
sheep 0.0217 147 200 192 246
sheep 0.0216 217 289 284 336
sheep 0.0213 156 207 196 223
sheep 0.0201 371 75 417 90
sheep 0.0200 251 300 286 343
train 0.0233 4 71 136 141
train 0.0214 3 44 139 226
