boat 0.7251 213 146 323 247
boat 0.6375 7 124 217 252
boat 0.2895 322 211 389 238
boat 0.2423 65 135 304 251
boat 0.2244 39 181 220 251
boat 0.2084 93 213 216 251
boat 0.2032 395 188 497 237
boat 0.1790 206 23 333 249
boat 0.1761 341 165 493 240
boat 0.1747 0 216 30 244
boat 0.1492 449 170 496 235
boat 0.1413 11 37 178 243
boat 0.1389 426 203 500 232
boat 0.1290 384 215 414 233
boat 0.1248 322 186 393 240
boat 0.1210 20 128 154 225
boat 0.1180 231 164 366 243
boat 0.1166 212 115 395 248
boat 0.1157 227 135 291 234
boat 0.1141 0 193 34 245
boat 0.1126 217 176 246 239
boat 0.1114 330 222 385 238
boat 0.1049 254 137 320 233
boat 0.1023 9 164 129 249
boat 0.1017 335 206 411 235
boat 0.1017 323 215 365 235
boat 0.0953 104 229 208 250
boat 0.0943 340 208 382 233
boat 0.0943 315 152 413 241
boat 0.0932 261 155 456 243
boat 0.0919 214 178 233 232
boat 0.0854 101 213 180 241
boat 0.0815 379 222 415 236
boat 0.0781 325 211 354 231
boat 0.0775 95 143 224 257
boat 0.0765 9 87 341 255
boat 0.0761 220 178 241 220
boat 0.0750 387 210 499 240
boat 0.0748 394 206 483 231
boat 0.0717 471 169 500 234
boat 0.0711 351 216 384 235
boat 0.0699 377 212 442 235
boat 0.0687 396 212 420 230
boat 0.0678 209 156 243 229
boat 0.0673 479 201 497 231
boat 0.0671 418 151 498 238
boat 0.0670 339 198 470 236
boat 0.0661 296 104 492 242
boat 0.0658 397 217 438 231
boat 0.0656 355 212 423 237
boat 0.0648 193 207 222 248
boat 0.0626 9 145 79 243
boat 0.0604 218 179 272 231
boat 0.0602 4 161 44 243
boat 0.0597 439 209 492 227
boat 0.0596 388 209 427 233
boat 0.0596 150 152 260 247
boat 0.0590 406 211 444 228
boat 0.0584 207 137 268 238
boat 0.0582 462 201 499 230
boat 0.0566 155 211 222 250
boat 0.0554 226 181 247 222
boat 0.0547 254 190 390 245
boat 0.0541 194 226 220 247
boat 0.0541 29 154 48 203
boat 0.0538 317 199 372 234
boat 0.0535 206 176 231 249
boat 0.0526 374 208 409 234
boat 0.0518 365 217 400 233
boat 0.0516 114 220 199 244
boat 0.0515 224 198 330 248
boat 0.0515 13 200 109 252
boat 0.0510 244 161 283 227
boat 0.0503 206 206 224 246
boat 0.0501 215 173 289 250
boat 0.0501 142 188 228 249
boat 0.0499 106 218 156 245
boat 0.0498 288 146 318 205
boat 0.0496 212 182 225 228
boat 0.0493 0 210 17 244
boat 0.0485 335 208 361 226
boat 0.0484 479 181 498 223
boat 0.0473 124 30 294 251
boat 0.0465 0 228 29 248
boat 0.0462 450 191 499 225
boat 0.0461 40 244 71 252
boat 0.0458 17 145 132 201
boat 0.0457 114 217 159 233
boat 0.0452 373 197 425 236
boat 0.0452 432 201 476 227
boat 0.0451 103 222 143 239
boat 0.0447 15 152 63 221
boat 0.0446 146 235 200 250
boat 0.0444 447 216 498 232
boat 0.0442 369 212 391 231
boat 0.0438 122 235 185 250
boat 0.0436 463 169 491 221
boat 0.0436 61 244 96 252
boat 0.0430 193 180 226 255
boat 0.0426 100 176 199 246
boat 0.0424 78 0 235 251
boat 0.0420 379 210 396 233
boat 0.0416 30 205 181 248
boat 0.0415 391 204 447 228
boat 0.0415 61 238 102 249
boat 0.0414 317 205 443 243
boat 0.0414 386 211 404 231
boat 0.0412 423 217 479 231
boat 0.0410 180 220 221 249
boat 0.0409 337 0 493 242
boat 0.0408 102 225 138 248
boat 0.0408 407 223 500 245
boat 0.0404 436 185 483 232
boat 0.0400 16 207 34 243
boat 0.0400 489 202 500 236
boat 0.0399 368 224 401 237
boat 0.0399 420 211 467 227
boat 0.0397 30 234 115 252
boat 0.0395 25 160 198 235
boat 0.0395 98 230 164 251
boat 0.0394 446 204 480 225
boat 0.0394 347 206 388 225
boat 0.0393 388 85 494 243
boat 0.0391 410 217 458 231
boat 0.0391 47 122 146 196
boat 0.0387 284 161 320 238
boat 0.0384 233 184 294 231
boat 0.0382 195 157 233 229
boat 0.0379 7 195 74 245
boat 0.0375 144 223 201 249
boat 0.0373 322 188 355 237
boat 0.0371 20 239 98 255
boat 0.0364 53 248 71 255
boat 0.0362 191 237 222 250
boat 0.0361 468 212 498 234
boat 0.0360 336 229 385 241
boat 0.0359 334 119 437 242
boat 0.0358 116 222 169 238
boat 0.0357 2 190 23 228
boat 0.0355 230 162 319 215
boat 0.0352 102 117 127 160
boat 0.0350 3 87 121 240
boat 0.0350 201 210 218 241
boat 0.0347 29 143 106 230
boat 0.0346 226 173 287 208
boat 0.0345 471 191 495 225
boat 0.0345 0 219 48 249
boat 0.0345 321 212 344 238
boat 0.0344 183 146 240 255
boat 0.0343 344 205 367 231
boat 0.0342 8 191 31 224
boat 0.0342 421 206 444 225
boat 0.0341 354 203 397 231
boat 0.0341 21 222 113 251
boat 0.0338 62 247 79 255
boat 0.0337 112 196 177 234
boat 0.0337 283 121 363 246
boat 0.0336 429 218 500 238
boat 0.0330 220 200 279 244
boat 0.0329 80 122 171 244
boat 0.0325 34 157 59 197
boat 0.0324 316 48 416 246
boat 0.0324 190 217 211 243
boat 0.0324 42 247 64 255
boat 0.0323 319 211 332 239
boat 0.0323 127 217 175 232
boat 0.0322 108 218 136 236
boat 0.0320 65 112 250 206
boat 0.0314 170 236 211 250
boat 0.0314 372 216 386 237
boat 0.0313 214 205 230 243
boat 0.0311 64 250 92 257
boat 0.0311 256 175 318 222
boat 0.0310 359 177 442 235
boat 0.0308 34 197 115 229
boat 0.0307 244 166 280 201
boat 0.0306 396 208 430 224
boat 0.0306 99 232 130 251
boat 0.0305 63 251 78 260
boat 0.0304 292 162 311 199
boat 0.0299 450 202 497 219
boat 0.0298 11 221 35 247
boat 0.0297 66 247 88 255
boat 0.0295 324 207 343 229
boat 0.0294 121 204 195 239
boat 0.0294 35 239 72 250
boat 0.0294 339 204 500 255
boat 0.0294 123 213 165 229
boat 0.0293 154 109 332 232
boat 0.0293 14 194 37 230
boat 0.0293 409 212 428 230
boat 0.0292 299 155 317 198
boat 0.0291 332 196 360 231
boat 0.0290 385 221 475 238
boat 0.0290 244 0 385 247
boat 0.0290 55 252 71 260
boat 0.0289 0 211 27 233
boat 0.0288 224 160 248 212
boat 0.0287 22 148 83 198
boat 0.0287 431 205 454 224
boat 0.0285 0 180 100 233
boat 0.0283 397 225 440 235
boat 0.0281 117 212 143 231
boat 0.0279 408 196 488 226
boat 0.0276 482 212 497 240
boat 0.0275 138 216 206 239
boat 0.0274 178 222 207 244
boat 0.0274 174 175 222 242
boat 0.0273 118 209 168 252
boat 0.0273 35 245 58 255
boat 0.0271 330 199 392 226
boat 0.0271 405 176 457 235
boat 0.0270 1 202 36 226
boat 0.0270 288 178 315 201
boat 0.0270 13 194 89 224
boat 0.0269 16 197 49 249
boat 0.0268 38 136 130 178
boat 0.0267 51 222 153 250
boat 0.0267 254 154 293 221
boat 0.0266 332 203 348 225
boat 0.0265 321 220 355 239
boat 0.0265 382 208 412 225
boat 0.0263 465 170 483 206
boat 0.0263 170 229 213 246
boat 0.0261 33 239 56 252
boat 0.0260 311 217 323 241
boat 0.0259 245 143 303 207
boat 0.0259 137 208 186 252
boat 0.0259 0 212 25 271
boat 0.0258 299 174 317 204
boat 0.0257 227 153 266 222
boat 0.0256 101 212 143 253
boat 0.0255 22 102 185 185
boat 0.0255 38 154 167 209
boat 0.0253 422 225 481 236
boat 0.0253 216 150 294 196
boat 0.0251 19 157 43 214
boat 0.0250 213 162 236 215
boat 0.0250 45 125 132 164
boat 0.0249 356 178 403 238
boat 0.0248 106 187 161 247
boat 0.0247 283 178 320 213
boat 0.0245 62 254 72 264
boat 0.0244 269 158 307 228
boat 0.0244 116 204 279 255
boat 0.0242 36 191 123 218
boat 0.0242 172 215 215 243
boat 0.0240 248 166 314 199
boat 0.0240 211 177 265 208
boat 0.0240 247 212 327 245
boat 0.0239 67 253 86 260
boat 0.0238 153 67 258 243
boat 0.0238 41 156 100 195
boat 0.0237 321 219 395 247
boat 0.0236 439 203 461 227
boat 0.0236 231 172 254 217
boat 0.0235 117 202 160 230
boat 0.0234 246 179 288 215
boat 0.0234 449 224 498 236
boat 0.0233 426 232 478 241
boat 0.0233 75 117 151 177
boat 0.0233 404 197 443 235
boat 0.0232 145 217 190 233
boat 0.0231 3 123 103 208
boat 0.0231 39 214 132 245
boat 0.0229 229 170 246 204
boat 0.0228 168 222 198 244
boat 0.0228 362 208 396 223
boat 0.0227 121 151 173 242
boat 0.0227 47 206 146 238
boat 0.0227 340 204 353 225
boat 0.0226 383 227 410 240
boat 0.0223 219 147 242 203
boat 0.0221 253 147 329 194
boat 0.0221 267 175 327 204
boat 0.0221 24 203 61 254
boat 0.0220 112 209 144 242
boat 0.0219 218 129 342 212
boat 0.0218 451 172 482 221
boat 0.0217 123 226 163 248
boat 0.0217 216 179 246 202
boat 0.0217 23 244 85 260
boat 0.0215 388 174 489 219
boat 0.0215 290 139 336 229
boat 0.0215 77 240 101 251
boat 0.0215 59 241 82 252
boat 0.0214 270 131 312 208
boat 0.0213 47 172 128 204
boat 0.0212 42 245 107 260
boat 0.0210 189 196 214 242
boat 0.0210 107 119 128 143
boat 0.0209 0 193 54 227
boat 0.0209 469 220 497 238
boat 0.0207 243 195 320 233
boat 0.0207 238 124 277 210
boat 0.0206 204 195 216 229
boat 0.0205 18 231 37 251
boat 0.0205 362 221 382 240
boat 0.0205 60 231 103 244
boat 0.0204 297 211 370 244
car 0.0250 99 119 128 135
dog 0.0239 11 89 500 375
person 0.0671 256 113 268 142
person 0.0664 0 0 234 325
person 0.0408 39 159 57 195
person 0.0356 50 161 66 194
person 0.0308 339 0 491 250
person 0.0280 64 166 83 195
person 0.0278 234 180 253 216
person 0.0275 31 155 51 195
person 0.0274 57 164 76 195
person 0.0256 271 180 286 206
person 0.0251 110 118 127 149
person 0.0247 278 181 294 204
person 0.0243 122 192 136 217
person 0.0235 128 181 145 212
person 0.0231 138 174 154 207
person 0.0226 286 167 303 198
person 0.0225 280 174 293 197
person 0.0221 259 120 268 132
person 0.0220 82 174 97 197
person 0.0215 69 171 89 198
person 0.0212 239 174 252 201
person 0.0207 121 205 136 227
person 0.0206 104 119 124 138
person 0.0206 117 179 129 204
person 0.0203 245 176 264 206
person 0.0201 244 186 264 219
person 0.0200 121 179 136 207
person 0.0200 92 177 107 197
sheep 0.0247 0 19 415 356
