bird 0.0281 421 148 499 255
bottle 0.4127 116 70 183 217
bottle 0.2038 105 68 191 295
bottle 0.1683 112 174 180 296
bottle 0.0931 127 68 173 176
bottle 0.0839 410 156 440 228
bottle 0.0687 116 125 178 256
bottle 0.0500 54 59 180 266
bottle 0.0447 136 65 166 149
bottle 0.0339 118 72 159 157
bottle 0.0329 113 233 177 293
bottle 0.0320 418 23 448 71
bottle 0.0313 106 208 222 296
bottle 0.0292 85 72 162 206
bottle 0.0281 292 266 406 332
bottle 0.0261 417 153 444 204
bottle 0.0239 28 73 125 195
bottle 0.0238 73 137 224 299
bottle 0.0226 43 174 187 295
bottle 0.0221 131 66 208 172
bottle 0.0218 414 164 435 213
bottle 0.0202 120 113 174 201
bottle 0.0200 153 72 233 194
cow 0.0356 0 1 30 14
dog 0.8443 202 0 495 309
dog 0.1030 396 0 500 263
dog 0.0965 198 141 461 329
dog 0.0781 224 4 447 198
dog 0.0702 418 99 496 258
dog 0.0407 204 70 369 308
dog 0.0401 278 2 449 51
dog 0.0398 306 6 482 262
dog 0.0361 241 1 499 116
dog 0.0358 342 87 500 274
dog 0.0350 220 38 312 171
dog 0.0333 207 222 433 319
dog 0.0319 383 29 478 202
dog 0.0282 169 259 500 333
dog 0.0278 379 148 494 252
dog 0.0241 213 8 338 217
dog 0.0239 387 1 500 138
dog 0.0233 202 50 280 174
dog 0.0232 288 0 382 24
dog 0.0231 219 3 384 120
dog 0.0222 285 2 381 45
dog 0.0218 70 80 217 291
dog 0.0207 211 163 311 282
dog 0.0205 282 0 429 31
dog 0.0201 225 1 393 59
person 0.1297 105 64 196 300
person 0.0651 290 0 327 21
person 0.0604 417 132 498 255
person 0.0587 411 152 441 227
person 0.0543 346 0 488 236
person 0.0489 290 0 366 18
person 0.0469 55 27 225 297
person 0.0458 414 4 500 266
person 0.0429 412 10 472 160
person 0.0401 406 126 455 241
person 0.0399 418 21 450 70
person 0.0345 270 0 323 27
person 0.0343 427 0 495 144
person 0.0306 123 59 246 274
person 0.0302 425 50 496 196
person 0.0298 194 233 485 329
person 0.0296 95 143 250 300
person 0.0289 27 0 345 318
person 0.0280 211 0 337 192
person 0.0277 400 49 463 197
person 0.0274 288 1 394 27
person 0.0269 421 15 461 79
person 0.0255 287 0 345 30
person 0.0251 296 0 320 17
person 0.0251 406 6 456 91
person 0.0246 31 121 197 295
person 0.0229 403 159 433 237
person 0.0228 13 61 166 267
person 0.0216 411 194 495 304
person 0.0216 333 228 496 328
person 0.0212 283 1 331 45
person 0.0209 357 113 500 326
person 0.0205 458 143 500 228
pottedplant 0.0996 215 258 409 331
pottedplant 0.0475 38 57 177 298
pottedplant 0.0473 242 286 393 328
pottedplant 0.0368 429 0 497 125
pottedplant 0.0343 388 0 446 31
pottedplant 0.0335 212 235 329 330
pottedplant 0.0288 453 1 500 100
pottedplant 0.0287 292 271 407 333
pottedplant 0.0284 81 74 231 315
pottedplant 0.0267 0 1 215 329
pottedplant 0.0267 251 266 356 325
pottedplant 0.0256 392 0 487 69
pottedplant 0.0243 100 55 189 207
pottedplant 0.0215 386 0 437 15
pottedplant 0.0213 399 2 452 62
pottedplant 0.0212 439 0 492 65
pottedplant 0.0211 107 25 230 223
pottedplant 0.0210 168 242 375 319
pottedplant 0.0209 198 173 379 333
sheep 0.0248 0 0 49 16
