bird 0.0278 155 390 282 477
bottle 0.0665 335 59 359 126
bottle 0.0359 346 45 360 128
bottle 0.0343 333 70 348 119
bottle 0.0288 161 395 253 480
bottle 0.0232 328 70 343 117
bottle 0.0227 342 1 360 70
bottle 0.0217 351 62 360 122
bottle 0.0217 324 62 353 124
car 0.0314 0 0 101 69
cat 0.0666 118 99 348 243
cat 0.0454 130 91 259 188
cat 0.0395 144 113 290 219
cat 0.0311 212 110 355 464
cat 0.0311 110 86 239 238
cat 0.0294 59 71 298 216
cat 0.0271 162 130 306 303
cat 0.0267 62 82 197 244
cat 0.0251 167 390 304 476
cat 0.0238 200 48 360 277
cat 0.0207 246 124 359 324
chair 0.0816 255 60 358 136
chair 0.0450 146 89 360 242
chair 0.0442 54 0 356 454
chair 0.0412 247 79 360 231
chair 0.0397 246 69 359 371
chair 0.0397 260 70 336 117
chair 0.0380 0 84 72 427
chair 0.0345 18 45 212 207
chair 0.0345 252 98 360 177
chair 0.0334 0 0 80 285
chair 0.0305 296 53 360 183
chair 0.0261 0 48 47 207
chair 0.0251 0 0 206 474
chair 0.0248 2 158 57 383
chair 0.0246 321 0 360 136
chair 0.0237 330 59 359 149
chair 0.0233 279 14 360 142
chair 0.0230 290 67 349 122
chair 0.0227 52 0 262 312
chair 0.0226 2 0 157 260
chair 0.0224 0 0 45 392
chair 0.0220 255 62 303 117
chair 0.0212 266 85 347 131
chair 0.0211 316 59 354 131
dog 0.6616 43 82 356 472
dog 0.1139 242 165 358 479
dog 0.0660 75 129 250 479
dog 0.0574 58 100 231 345
dog 0.0523 104 106 334 269
dog 0.0522 295 232 357 480
dog 0.0452 184 303 360 478
dog 0.0420 10 86 195 432
dog 0.0414 42 54 285 238
dog 0.0399 178 107 357 352
dog 0.0353 147 186 352 480
dog 0.0326 53 168 171 338
dog 0.0286 0 217 299 480
dog 0.0267 53 197 120 354
dog 0.0249 150 128 286 299
dog 0.0230 34 134 129 342
dog 0.0227 49 113 178 287
dog 0.0222 236 376 355 476
dog 0.0222 124 134 300 425
dog 0.0216 147 124 248 251
dog 0.0210 54 93 217 229
person 0.0621 16 0 289 446
person 0.0456 0 11 66 379
person 0.0453 242 93 359 425
person 0.0386 0 50 36 294
person 0.0353 29 49 200 267
person 0.0350 88 84 207 187
person 0.0350 306 289 356 480
person 0.0331 105 65 227 154
person 0.0311 158 398 272 478
person 0.0302 13 55 133 378
person 0.0252 1 61 29 187
person 0.0228 0 0 33 78
person 0.0213 0 57 17 172
person 0.0211 298 132 360 384
person 0.0209 1 126 30 247
sofa 0.0750 0 33 349 371
tvmonitor 0.1422 235 0 360 64
tvmonitor 0.1132 244 13 359 137
tvmonitor 0.0944 130 0 360 112
tvmonitor 0.0917 0 101 59 383
tvmonitor 0.0842 0 0 230 120
tvmonitor 0.0752 29 0 360 210
tvmonitor 0.0698 277 0 360 103
tvmonitor 0.0605 0 0 160 201
tvmonitor 0.0602 150 31 360 174
tvmonitor 0.0599 0 0 131 74
tvmonitor 0.0527 251 54 360 199
tvmonitor 0.0522 332 0 359 64
tvmonitor 0.0496 307 1 360 70
tvmonitor 0.0455 18 35 196 166
tvmonitor 0.0452 83 0 360 457
tvmonitor 0.0438 0 124 36 301
tvmonitor 0.0418 171 95 358 311
tvmonitor 0.0411 276 51 360 148
tvmonitor 0.0411 0 46 100 366
tvmonitor 0.0395 1 33 58 244
tvmonitor 0.0374 2 33 103 175
tvmonitor 0.0372 301 46 358 121
tvmonitor 0.0366 192 66 356 145
tvmonitor 0.0338 90 9 285 131
tvmonitor 0.0338 100 56 282 163
tvmonitor 0.0333 13 0 255 389
tvmonitor 0.0329 2 0 68 71
tvmonitor 0.0327 325 5 359 120
tvmonitor 0.0317 219 109 359 215
tvmonitor 0.0300 283 105 359 203
tvmonitor 0.0294 343 2 359 54
tvmonitor 0.0290 331 53 358 130
tvmonitor 0.0286 292 0 360 37
tvmonitor 0.0270 180 0 299 99
tvmonitor 0.0263 0 137 47 243
tvmonitor 0.0260 93 0 190 93
tvmonitor 0.0254 260 39 352 102
tvmonitor 0.0246 180 92 351 181
tvmonitor 0.0245 47 86 181 184
tvmonitor 0.0230 3 98 97 234
tvmonitor 0.0214 12 69 194 246
tvmonitor 0.0206 9 149 95 313
tvmonitor 0.0204 312 63 360 148
tvmonitor 0.0201 1 125 25 236
