aeroplane 0.0668 138 0 439 298
bicycle 0.8916 106 191 380 330
bicycle 0.2914 143 69 349 322
bicycle 0.1684 42 133 407 320
bicycle 0.0857 40 186 264 333
bicycle 0.0785 253 208 375 326
bicycle 0.0780 133 177 274 320
bicycle 0.0464 0 58 316 333
bicycle 0.0456 89 219 201 333
bicycle 0.0432 14 223 155 333
bicycle 0.0405 234 184 449 333
bicycle 0.0321 339 221 493 331
bicycle 0.0312 202 167 369 302
bicycle 0.0302 125 172 230 269
bicycle 0.0287 3 277 132 333
bicycle 0.0243 144 174 310 264
bicycle 0.0221 232 301 300 333
boat 0.0666 0 0 389 226
boat 0.0442 144 9 500 282
boat 0.0391 9 0 212 214
boat 0.0373 0 1 345 110
boat 0.0253 0 25 236 121
boat 0.0217 0 7 218 79
bottle 0.0352 233 251 256 306
bottle 0.0315 0 0 47 56
bottle 0.0311 0 0 60 32
bottle 0.0278 236 247 257 285
bottle 0.0264 267 260 286 298
bottle 0.0235 231 217 260 291
bottle 0.0227 255 265 269 296
bottle 0.0215 244 261 260 298
car 0.1104 0 4 364 117
car 0.0991 0 0 405 229
car 0.0530 177 5 360 53
car 0.0504 104 22 468 285
car 0.0477 30 8 264 61
car 0.0452 75 14 327 95
car 0.0424 38 0 420 74
car 0.0369 164 9 479 103
car 0.0339 37 0 191 40
car 0.0293 478 38 499 70
car 0.0269 218 14 413 82
car 0.0263 144 23 375 138
car 0.0262 54 0 281 35
car 0.0260 258 2 451 57
car 0.0250 295 0 500 124
car 0.0224 146 0 343 33
car 0.0222 467 46 497 68
car 0.0221 459 33 500 72
car 0.0203 180 1 245 35
car 0.0203 66 0 203 81
car 0.0201 340 0 495 67
car 0.0201 20 0 139 21
chair 0.0357 14 298 127 331
chair 0.0357 292 222 375 329
chair 0.0298 13 267 155 332
chair 0.0264 63 238 161 333
chair 0.0224 68 302 169 332
chair 0.0213 232 304 308 333
chair 0.0209 76 291 126 333
motorbike 0.0454 0 0 43 14
motorbike 0.0201 146 51 500 329
person 0.8923 152 21 357 315
person 0.3965 98 0 139 20
person 0.3092 465 0 499 66
person 0.2720 105 0 163 24
person 0.2614 47 0 95 14
person 0.2351 230 0 280 35
person 0.2333 126 0 186 27
person 0.1978 378 13 424 56
person 0.1957 71 0 104 15
person 0.1842 76 0 128 17
person 0.1709 152 0 193 28
person 0.1563 7 0 97 12
person 0.1473 7 1 113 38
person 0.1332 64 0 140 25
person 0.1298 178 0 234 29
person 0.1208 0 51 363 333
person 0.1174 364 4 414 54
person 0.1159 381 14 406 51
person 0.0974 447 2 491 65
person 0.0954 126 0 153 21
person 0.0935 188 1 266 33
person 0.0920 0 0 52 14
person 0.0914 292 0 370 47
person 0.0876 169 0 211 28
person 0.0849 0 0 72 55
person 0.0829 231 0 350 39
person 0.0829 135 0 164 23
person 0.0824 146 0 175 25
person 0.0824 40 0 100 26
person 0.0811 10 7 181 275
person 0.0805 233 103 357 311
person 0.0804 95 0 213 28
person 0.0791 123 0 253 33
person 0.0753 377 0 475 62
person 0.0744 85 0 108 17
person 0.0723 466 0 498 33
person 0.0717 330 1 421 56
person 0.0690 229 0 253 29
person 0.0685 32 0 78 11
person 0.0677 204 0 239 29
person 0.0673 98 0 118 17
person 0.0669 346 1 392 52
person 0.0662 143 1 209 33
person 0.0656 216 0 301 47
person 0.0654 90 1 146 34
person 0.0633 29 0 172 30
person 0.0620 163 125 285 311
person 0.0617 469 23 494 64
person 0.0610 389 1 436 56
person 0.0592 161 24 363 176
person 0.0583 68 17 268 292
person 0.0569 260 0 310 40
person 0.0516 423 0 500 75
person 0.0493 427 0 473 58
person 0.0491 0 0 64 109
person 0.0488 250 0 283 30
person 0.0471 178 21 351 89
person 0.0469 468 7 492 52
person 0.0468 476 33 498 68
person 0.0462 368 15 393 50
person 0.0451 239 0 268 28
person 0.0427 186 0 213 24
person 0.0420 312 0 355 38
person 0.0410 236 0 292 22
person 0.0403 0 0 85 21
person 0.0392 192 0 237 18
person 0.0388 163 24 262 126
person 0.0381 187 16 282 104
person 0.0373 269 0 345 28
person 0.0372 42 0 136 46
person 0.0369 219 0 242 23
person 0.0365 238 12 347 110
person 0.0364 327 1 373 53
person 0.0363 179 38 350 123
person 0.0355 376 19 398 54
person 0.0355 165 0 187 26
person 0.0351 193 3 337 61
person 0.0348 271 166 370 304
person 0.0336 99 12 328 145
person 0.0336 153 38 271 207
person 0.0334 226 0 268 54
person 0.0333 148 169 256 289
person 0.0329 233 0 247 19
person 0.0322 221 0 267 21
person 0.0314 247 0 325 21
person 0.0311 175 0 192 24
person 0.0307 223 0 286 84
person 0.0296 464 7 484 43
person 0.0296 360 14 383 50
person 0.0292 465 26 485 63
person 0.0291 0 278 36 333
person 0.0287 162 0 200 20
person 0.0284 160 0 251 74
person 0.0282 110 0 188 48
person 0.0282 250 0 384 62
person 0.0279 302 0 371 23
person 0.0278 263 0 288 23
person 0.0276 443 0 493 33
person 0.0271 353 0 443 78
person 0.0266 153 180 179 208
person 0.0259 66 0 99 24
person 0.0256 127 0 168 12
person 0.0253 376 13 413 34
person 0.0253 33 12 173 109
person 0.0251 237 10 276 73
person 0.0251 389 17 451 63
person 0.0250 310 0 354 15
person 0.0248 183 0 199 21
person 0.0247 376 8 399 39
person 0.0247 392 22 431 58
person 0.0245 212 0 232 19
person 0.0242 81 0 155 56
person 0.0242 5 23 81 152
person 0.0241 224 0 238 17
person 0.0240 317 14 497 294
person 0.0236 369 0 431 37
person 0.0236 311 0 341 26
person 0.0229 336 0 369 37
person 0.0227 96 1 121 25
person 0.0225 396 16 422 50
person 0.0224 221 30 267 85
person 0.0222 72 0 430 258
person 0.0222 362 0 394 38
person 0.0220 418 17 481 65
person 0.0217 463 0 487 21
person 0.0216 111 4 232 103
person 0.0215 18 6 312 207
person 0.0215 137 51 229 168
person 0.0215 304 0 405 101
person 0.0209 38 0 68 18
person 0.0205 124 99 247 307
person 0.0204 357 0 416 27
person 0.0202 454 15 480 61
person 0.0201 454 0 499 18
person 0.0201 1 272 114 333
person 0.0200 0 0 32 22
sofa 0.0605 0 81 371 333
train 0.0399 172 19 453 126
train 0.0358 0 0 500 147
train 0.0340 107 0 410 268
train 0.0296 36 0 394 53
train 0.0218 286 9 496 80
tvmonitor 0.1071 5 0 127 42
tvmonitor 0.0745 0 0 80 80
tvmonitor 0.0489 3 0 324 142
tvmonitor 0.0438 29 11 253 104
tvmonitor 0.0427 0 0 44 123
tvmonitor 0.0423 12 16 133 126
tvmonitor 0.0369 0 0 57 42
tvmonitor 0.0298 24 7 245 61
tvmonitor 0.0216 0 6 138 70
tvmonitor 0.0203 0 1 33 78
