bicycle 0.7265 18 218 304 332
bicycle 0.4067 41 91 285 325
bicycle 0.3406 76 232 236 329
bicycle 0.1924 113 168 268 333
bicycle 0.1683 22 235 178 325
bicycle 0.1345 89 274 227 331
bicycle 0.0879 149 233 293 329
bicycle 0.0715 36 194 210 319
bicycle 0.0679 30 210 133 315
bicycle 0.0655 130 243 220 333
bicycle 0.0641 106 298 210 331
bicycle 0.0606 112 239 448 328
bicycle 0.0513 18 188 472 333
bicycle 0.0398 73 298 173 331
bicycle 0.0398 134 279 290 331
bicycle 0.0396 14 276 191 332
bicycle 0.0376 125 180 208 313
bicycle 0.0375 43 261 83 306
bicycle 0.0369 117 259 186 333
bicycle 0.0356 37 251 110 305
bicycle 0.0346 124 304 180 332
bicycle 0.0338 140 285 216 332
bicycle 0.0317 113 223 194 321
bicycle 0.0317 156 199 227 315
bicycle 0.0302 6 252 82 302
bicycle 0.0298 168 270 222 333
bicycle 0.0277 48 233 198 290
bicycle 0.0267 106 232 228 293
bicycle 0.0237 42 251 139 333
bicycle 0.0232 0 261 104 323
bicycle 0.0225 112 278 164 333
bicycle 0.0221 285 248 494 312
bicycle 0.0219 182 145 447 319
bicycle 0.0219 119 233 206 274
bicycle 0.0217 176 166 308 333
bicycle 0.0209 113 313 167 332
bicycle 0.0205 8 149 178 305
bicycle 0.0204 147 306 202 333
boat 0.0339 54 41 477 323
boat 0.0210 0 245 24 295
bottle 0.0271 193 195 215 263
bottle 0.0213 198 199 212 237
car 0.0485 0 262 20 292
car 0.0480 2 153 82 207
car 0.0331 0 275 29 291
car 0.0317 0 267 11 293
car 0.0288 0 171 20 209
car 0.0283 1 151 39 208
car 0.0243 37 7 276 119
car 0.0227 10 144 97 274
car 0.0221 21 135 124 221
car 0.0200 7 105 97 214
chair 0.0259 7 294 194 333
chair 0.0248 54 299 163 331
chair 0.0233 12 163 101 301
chair 0.0226 169 248 249 333
motorbike 0.0280 104 303 173 332
person 0.9367 60 9 274 327
person 0.1190 129 153 262 329
person 0.0801 34 124 218 314
person 0.0731 191 188 273 330
person 0.0728 48 0 466 326
person 0.0574 55 9 264 178
person 0.0492 0 6 177 320
person 0.0446 88 15 255 95
person 0.0363 210 165 267 297
person 0.0355 66 12 161 124
person 0.0350 111 305 169 332
person 0.0340 26 147 125 301
person 0.0327 192 277 224 332
person 0.0314 458 59 496 129
person 0.0312 170 266 291 331
person 0.0299 130 46 264 287
person 0.0291 254 34 443 301
person 0.0283 126 170 207 284
person 0.0283 172 196 245 325
person 0.0280 467 99 493 129
person 0.0278 110 11 189 113
person 0.0273 163 46 337 328
person 0.0257 47 11 195 90
person 0.0255 481 100 499 130
person 0.0246 123 10 198 44
person 0.0244 138 10 188 63
person 0.0239 128 290 176 332
person 0.0237 60 27 168 205
person 0.0236 95 197 199 320
person 0.0232 454 90 495 130
person 0.0224 31 10 134 118
person 0.0220 139 302 168 331
person 0.0219 213 234 288 331
person 0.0214 472 73 500 132
person 0.0213 157 7 199 54
person 0.0211 197 196 212 230
person 0.0210 157 175 228 292
person 0.0205 178 147 306 329
person 0.0204 178 251 234 332
person 0.0201 124 13 174 75
person 0.0200 188 189 239 289
pottedplant 0.0297 42 262 86 306
sofa 0.0240 0 39 389 322
tvmonitor 0.0272 47 7 288 122
