aeroplane 0.1039 459 191 500 219
aeroplane 0.0964 386 159 441 203
aeroplane 0.0767 456 189 475 205
aeroplane 0.0765 455 187 494 210
aeroplane 0.0616 0 0 471 375
aeroplane 0.0576 48 129 66 138
aeroplane 0.0549 36 129 52 141
aeroplane 0.0531 454 190 468 204
aeroplane 0.0527 381 134 459 206
aeroplane 0.0524 378 171 430 209
aeroplane 0.0518 181 61 493 365
aeroplane 0.0502 19 126 38 139
aeroplane 0.0493 5 122 44 144
aeroplane 0.0492 458 168 498 222
aeroplane 0.0490 411 133 424 171
aeroplane 0.0482 18 126 61 141
aeroplane 0.0445 422 178 495 211
aeroplane 0.0430 401 142 495 217
aeroplane 0.0423 427 191 498 221
aeroplane 0.0417 291 142 334 155
aeroplane 0.0417 52 128 62 137
aeroplane 0.0403 451 182 480 205
aeroplane 0.0399 43 128 54 137
aeroplane 0.0398 29 127 44 138
aeroplane 0.0398 58 128 69 137
aeroplane 0.0395 461 188 481 209
aeroplane 0.0391 396 165 470 203
aeroplane 0.0374 372 104 477 212
aeroplane 0.0366 33 125 74 140
aeroplane 0.0365 80 127 95 137
aeroplane 0.0352 0 116 61 145
aeroplane 0.0327 394 132 429 202
aeroplane 0.0326 64 127 77 136
aeroplane 0.0324 80 132 91 140
aeroplane 0.0319 64 121 100 140
aeroplane 0.0313 148 120 161 130
aeroplane 0.0303 280 138 327 153
aeroplane 0.0297 430 158 491 208
aeroplane 0.0288 155 119 168 129
aeroplane 0.0287 403 132 424 183
aeroplane 0.0284 72 127 87 136
aeroplane 0.0281 49 121 84 140
aeroplane 0.0279 450 193 476 207
aeroplane 0.0278 314 144 335 156
aeroplane 0.0277 429 181 458 205
aeroplane 0.0276 453 196 500 234
aeroplane 0.0271 445 184 471 207
aeroplane 0.0267 15 122 43 134
aeroplane 0.0264 337 148 444 214
aeroplane 0.0263 412 174 500 236
aeroplane 0.0263 52 279 81 306
aeroplane 0.0258 27 123 49 134
aeroplane 0.0254 471 188 500 213
aeroplane 0.0251 457 186 487 200
aeroplane 0.0247 40 124 59 133
aeroplane 0.0246 466 184 493 204
aeroplane 0.0246 441 191 486 209
aeroplane 0.0241 454 172 490 204
aeroplane 0.0241 452 199 494 215
aeroplane 0.0239 358 125 493 252
aeroplane 0.0237 406 136 423 155
aeroplane 0.0236 17 119 69 137
aeroplane 0.0236 23 120 38 133
aeroplane 0.0235 358 190 425 215
aeroplane 0.0235 51 124 68 133
aeroplane 0.0229 414 138 425 155
aeroplane 0.0227 412 113 469 206
aeroplane 0.0223 325 145 341 157
aeroplane 0.0216 151 117 171 128
aeroplane 0.0214 23 120 91 143
aeroplane 0.0213 70 123 94 134
aeroplane 0.0211 135 113 165 132
aeroplane 0.0210 367 163 481 213
aeroplane 0.0208 396 183 454 216
aeroplane 0.0205 23 127 33 139
aeroplane 0.0202 162 119 175 129
aeroplane 0.0201 105 122 123 133
aeroplane 0.0201 13 119 31 134
bicycle 0.0475 171 328 210 375
bicycle 0.0366 250 329 282 375
bicycle 0.0300 166 347 227 375
bicycle 0.0207 164 308 261 375
boat 0.0649 26 0 250 375
boat 0.0508 441 99 456 133
boat 0.0469 170 335 199 375
boat 0.0441 250 298 287 375
boat 0.0417 0 0 384 252
boat 0.0399 172 317 209 374
boat 0.0343 246 267 305 375
boat 0.0331 141 0 500 371
boat 0.0323 173 276 217 375
boat 0.0317 52 279 81 306
boat 0.0296 383 135 446 210
boat 0.0291 393 109 464 206
boat 0.0281 251 127 396 371
boat 0.0277 182 133 285 375
boat 0.0266 434 96 460 152
boat 0.0264 165 341 219 375
boat 0.0257 179 297 203 357
boat 0.0256 401 130 429 196
boat 0.0255 246 244 264 301
boat 0.0253 247 315 332 375
boat 0.0247 217 141 315 375
boat 0.0234 248 273 276 363
boat 0.0222 242 194 253 239
boat 0.0222 0 37 164 130
boat 0.0217 369 13 480 220
boat 0.0215 167 289 256 375
boat 0.0207 185 276 210 329
boat 0.0203 158 177 252 375
bus 0.1475 387 168 440 203
bus 0.1183 385 173 425 217
bus 0.0947 392 173 415 199
bus 0.0886 418 177 438 201
bus 0.0674 408 174 430 199
bus 0.0609 416 174 449 209
bus 0.0411 397 172 438 194
bus 0.0363 390 181 403 198
bus 0.0309 426 179 441 200
bus 0.0235 398 153 432 198
bus 0.0223 388 171 404 194
car 0.8535 67 207 112 241
car 0.5186 384 192 413 214
car 0.4081 3 128 38 146
car 0.3538 419 186 446 204
car 0.2089 167 153 185 169
car 0.2048 121 116 143 132
car 0.1485 0 129 14 148
car 0.1258 377 184 423 214
car 0.1210 400 191 426 204
car 0.1171 397 192 417 215
car 0.1160 395 188 411 205
car 0.1151 461 193 500 222
car 0.1149 433 187 447 204
car 0.1140 407 180 449 203
car 0.1097 128 119 152 131
car 0.1096 415 190 435 204
car 0.1073 17 128 45 141
car 0.1049 251 310 283 375
car 0.0989 390 187 436 207
car 0.0969 413 184 435 199
car 0.0954 393 184 416 201
car 0.0939 22 130 53 144
car 0.0923 73 128 98 138
car 0.0901 476 197 500 226
car 0.0896 407 194 436 208
car 0.0833 439 191 459 203
car 0.0778 377 190 405 209
car 0.0776 168 353 202 375
car 0.0765 401 182 423 198
car 0.0744 415 186 428 202
car 0.0740 425 190 452 207
car 0.0722 66 210 92 241
car 0.0708 423 180 444 200
car 0.0699 253 342 287 375
car 0.0661 32 129 55 139
car 0.0625 155 150 185 171
car 0.0620 379 200 416 218
car 0.0614 401 200 432 214
car 0.0609 388 174 449 210
car 0.0606 63 128 84 137
car 0.0600 389 192 404 207
car 0.0586 56 128 74 137
car 0.0576 10 132 47 148
car 0.0552 126 117 146 128
car 0.0548 387 188 408 202
car 0.0546 390 196 439 217
car 0.0546 4 0 500 375
car 0.0544 169 345 215 375
car 0.0543 385 184 414 196
car 0.0522 142 120 164 130
car 0.0512 115 113 151 132
car 0.0505 22 131 35 143
car 0.0487 69 129 89 139
car 0.0485 487 197 500 229
car 0.0482 124 120 138 130
car 0.0461 427 187 465 205
car 0.0461 41 130 65 143
car 0.0451 163 157 189 172
car 0.0447 82 125 97 140
car 0.0441 14 132 29 143
car 0.0432 0 131 10 162
car 0.0425 402 174 434 206
car 0.0413 0 127 24 144
car 0.0410 11 127 33 139
car 0.0403 83 127 106 137
car 0.0399 0 133 19 157
car 0.0395 164 146 194 169
car 0.0392 370 192 413 222
car 0.0392 0 125 29 157
car 0.0384 57 125 102 139
car 0.0383 408 175 445 196
car 0.0381 401 188 454 211
car 0.0367 52 130 74 142
car 0.0366 4 129 17 144
car 0.0366 117 121 135 132
car 0.0364 411 199 446 214
car 0.0357 59 130 85 141
car 0.0355 7 133 31 154
car 0.0350 84 207 112 232
car 0.0348 168 161 179 171
car 0.0341 386 167 428 217
car 0.0337 439 194 465 206
car 0.0337 0 118 8 151
car 0.0333 96 206 114 235
car 0.0330 248 281 277 364
car 0.0326 7 122 38 135
car 0.0323 465 207 500 228
car 0.0318 79 222 118 240
car 0.0318 151 121 172 130
car 0.0315 0 140 32 156
car 0.0309 371 179 425 203
car 0.0304 431 182 448 198
car 0.0302 393 201 420 220
car 0.0296 452 191 470 208
car 0.0296 164 363 208 375
car 0.0294 169 147 186 165
car 0.0291 117 120 147 136
car 0.0289 200 225 217 262
car 0.0289 482 206 499 238
car 0.0284 0 128 56 151
car 0.0277 480 187 500 216
car 0.0273 252 327 281 361
car 0.0267 207 208 221 245
car 0.0264 246 224 259 263
car 0.0260 98 223 127 238
car 0.0256 373 195 401 216
car 0.0256 165 152 185 183
car 0.0254 382 187 399 201
car 0.0254 196 229 220 280
car 0.0249 74 125 94 143
car 0.0248 17 131 37 154
car 0.0248 479 260 500 293
car 0.0247 204 219 222 254
car 0.0232 209 197 222 235
car 0.0231 421 191 444 213
car 0.0230 246 237 260 278
car 0.0228 74 201 108 215
car 0.0228 144 142 195 171
car 0.0225 381 192 429 225
car 0.0224 96 126 119 137
car 0.0224 246 331 297 375
car 0.0220 250 348 318 375
car 0.0219 129 117 169 132
car 0.0218 104 211 119 230
car 0.0216 76 123 100 134
car 0.0215 386 195 414 229
car 0.0214 459 193 498 250
car 0.0208 244 215 255 250
car 0.0206 157 121 181 130
car 0.0206 387 176 418 192
car 0.0206 0 113 14 156
chair 0.0471 171 338 196 374
chair 0.0244 450 0 500 73
chair 0.0239 161 349 204 375
chair 0.0207 183 348 211 375
motorbike 0.0791 61 0 397 375
motorbike 0.0453 159 82 296 375
motorbike 0.0414 203 97 354 375
motorbike 0.0393 219 32 470 369
motorbike 0.0287 0 0 200 328
person 0.1119 0 0 228 375
person 0.0879 0 0 489 370
person 0.0566 457 187 472 206
person 0.0560 455 193 463 204
person 0.0559 453 189 465 206
person 0.0526 47 128 57 142
person 0.0521 126 122 138 132
person 0.0474 49 133 56 141
person 0.0473 54 129 65 142
person 0.0472 446 191 454 204
person 0.0465 130 121 143 132
person 0.0385 140 121 150 132
person 0.0382 42 132 49 142
person 0.0381 39 128 50 143
person 0.0372 155 48 295 368
person 0.0368 202 81 353 368
person 0.0364 63 131 71 140
person 0.0361 410 193 426 211
person 0.0356 85 130 96 140
person 0.0333 120 123 130 134
person 0.0322 259 79 432 359
person 0.0315 31 131 41 142
person 0.0312 93 72 231 375
person 0.0306 175 318 215 374
person 0.0303 382 189 394 205
person 0.0284 118 116 132 135
person 0.0283 149 122 159 132
person 0.0258 455 189 463 201
person 0.0256 317 55 490 355
person 0.0252 417 191 436 213
person 0.0251 185 346 211 375
person 0.0250 62 214 74 239
person 0.0248 461 185 471 201
person 0.0247 72 132 80 140
person 0.0244 111 121 126 134
person 0.0235 372 189 390 215
person 0.0233 448 180 467 207
person 0.0232 196 338 215 373
person 0.0230 69 128 82 141
person 0.0224 59 127 72 145
person 0.0218 156 122 166 132
person 0.0212 456 189 473 218
person 0.0212 108 121 119 137
person 0.0211 444 190 456 209
person 0.0207 111 124 118 135
person 0.0205 382 182 392 198
person 0.0202 194 317 217 370
person 0.0201 169 140 183 165
train 0.0714 386 167 432 201
train 0.0545 385 145 442 207
train 0.0480 168 103 301 375
train 0.0439 375 176 438 208
train 0.0395 226 119 368 375
train 0.0324 347 160 441 206
train 0.0313 112 105 239 375
train 0.0292 267 114 439 365
train 0.0276 275 137 339 158
train 0.0240 398 172 454 203
train 0.0236 143 196 343 373
train 0.0232 373 131 486 319
train 0.0216 388 170 411 192
