bottle 0.1455 120 132 143 201
bottle 0.1163 197 465 223 500
bottle 0.1030 194 439 225 500
bottle 0.0606 118 138 140 181
bottle 0.0587 123 123 141 175
bottle 0.0348 118 134 175 208
bottle 0.0344 190 426 236 491
bottle 0.0342 172 126 231 203
bottle 0.0323 181 115 219 156
bottle 0.0320 104 120 194 189
bottle 0.0300 306 303 377 363
bottle 0.0288 172 120 231 165
bottle 0.0275 114 138 156 189
bottle 0.0269 186 113 213 145
bottle 0.0265 173 140 193 182
bottle 0.0254 196 468 246 500
bottle 0.0238 175 134 192 163
bottle 0.0237 113 139 131 186
bottle 0.0229 179 121 207 151
bottle 0.0226 120 144 149 172
bottle 0.0222 188 463 212 500
bottle 0.0213 171 136 200 205
bottle 0.0205 111 113 188 161
bottle 0.0202 115 132 142 160
bottle 0.0201 172 138 188 168
bottle 0.0200 181 126 200 161
chair 0.4339 34 49 403 489
chair 0.2340 64 72 298 406
chair 0.2065 66 223 385 471
chair 0.1781 63 346 333 491
chair 0.1649 24 81 154 471
chair 0.1558 49 133 225 497
chair 0.1252 172 112 385 465
chair 0.1137 79 47 382 285
chair 0.1002 95 408 309 491
chair 0.0980 229 272 401 481
chair 0.0970 37 96 198 327
chair 0.0668 161 433 312 497
chair 0.0662 185 351 358 489
chair 0.0657 262 60 411 432
chair 0.0609 29 119 123 367
chair 0.0557 35 122 144 259
chair 0.0537 71 276 242 500
chair 0.0525 147 281 321 500
chair 0.0499 248 365 403 474
chair 0.0480 305 296 395 474
chair 0.0459 158 202 393 378
chair 0.0440 74 121 165 289
chair 0.0436 295 168 402 410
chair 0.0432 94 120 201 419
chair 0.0426 183 425 253 496
chair 0.0422 149 337 283 469
chair 0.0414 1 246 160 486
chair 0.0403 1 101 103 497
chair 0.0402 133 151 293 487
chair 0.0385 235 464 321 499
chair 0.0383 131 417 249 499
chair 0.0379 101 136 152 296
chair 0.0379 84 131 210 260
chair 0.0368 173 378 278 491
chair 0.0362 94 306 304 440
chair 0.0358 22 40 201 238
chair 0.0325 201 452 316 495
chair 0.0320 205 327 293 481
chair 0.0319 80 365 221 487
chair 0.0311 214 403 391 490
chair 0.0295 142 313 289 404
chair 0.0278 213 258 390 394
chair 0.0276 3 366 137 476
chair 0.0276 167 303 370 430
chair 0.0273 30 113 94 238
chair 0.0272 204 0 377 320
chair 0.0265 26 89 121 214
chair 0.0265 246 221 402 363
chair 0.0262 18 115 79 309
chair 0.0260 76 449 240 500
chair 0.0259 117 150 218 334
chair 0.0259 224 149 389 349
chair 0.0258 167 251 322 403
chair 0.0252 215 445 274 478
chair 0.0250 118 234 278 414
chair 0.0250 285 113 409 333
chair 0.0246 164 451 241 496
chair 0.0241 10 408 184 492
chair 0.0233 166 390 236 500
chair 0.0232 187 146 305 378
chair 0.0231 163 85 406 256
chair 0.0231 223 378 312 500
chair 0.0228 146 9 313 309
chair 0.0226 0 389 291 500
chair 0.0220 94 457 200 495
chair 0.0220 31 117 86 184
chair 0.0220 49 288 133 477
chair 0.0220 89 130 142 229
chair 0.0218 0 455 86 497
chair 0.0217 260 475 321 499
chair 0.0213 191 433 228 500
chair 0.0211 139 210 250 360
chair 0.0208 107 156 168 266
chair 0.0207 122 375 260 464
chair 0.0204 217 236 343 363
person 0.5126 34 34 403 496
person 0.2327 42 29 226 407
person 0.1800 75 18 233 264
person 0.1322 109 49 249 359
person 0.1191 99 77 200 315
person 0.0980 53 8 332 304
person 0.0976 109 126 188 247
person 0.0749 49 81 187 269
person 0.0702 284 162 405 472
person 0.0629 74 22 171 198
person 0.0626 124 124 228 211
person 0.0595 55 21 221 159
person 0.0584 118 122 310 387
person 0.0526 102 131 151 275
person 0.0496 142 83 236 268
person 0.0490 108 133 142 233
person 0.0467 113 132 154 204
person 0.0452 168 112 234 231
person 0.0441 92 62 261 213
person 0.0412 104 79 197 201
person 0.0402 114 140 179 316
person 0.0355 39 76 151 215
person 0.0353 304 294 378 365
person 0.0345 119 140 175 221
person 0.0333 90 119 164 227
person 0.0327 101 126 144 189
person 0.0325 123 148 219 259
person 0.0312 120 92 231 178
person 0.0297 148 140 236 354
person 0.0284 171 98 233 178
person 0.0283 54 19 139 159
person 0.0275 175 112 259 304
person 0.0261 121 96 301 233
person 0.0258 147 158 233 227
person 0.0223 174 66 257 233
person 0.0221 96 119 180 186
person 0.0219 128 156 187 234
person 0.0210 171 156 217 207
person 0.0202 82 82 142 224
pottedplant 0.0310 173 137 228 194
pottedplant 0.0267 185 459 224 500
pottedplant 0.0203 182 115 225 183
tvmonitor 0.0220 86 472 181 500
tvmonitor 0.0207 282 471 319 500
