aeroplane 0.0557 122 37 166 51
aeroplane 0.0267 0 0 500 322
bicycle 0.0643 0 204 83 294
bicycle 0.0297 270 166 445 314
bird 0.0217 0 255 43 284
bottle 0.0858 58 100 92 160
bottle 0.0613 1 228 34 268
bottle 0.0600 126 258 143 291
bottle 0.0554 52 258 98 303
bottle 0.0541 25 98 44 147
bottle 0.0501 0 266 65 353
bottle 0.0474 2 276 47 333
bottle 0.0465 81 258 102 297
bottle 0.0403 69 259 93 299
bottle 0.0394 12 235 36 264
bottle 0.0393 0 287 25 340
bottle 0.0391 0 217 24 258
bottle 0.0390 331 201 352 238
bottle 0.0331 446 45 478 110
bottle 0.0312 2 266 105 322
bottle 0.0302 115 260 130 291
bottle 0.0296 6 276 47 297
bottle 0.0287 15 296 41 332
bottle 0.0287 86 260 110 302
bottle 0.0286 21 233 48 263
bottle 0.0272 69 102 91 147
bottle 0.0270 4 299 31 334
bottle 0.0269 62 267 89 304
bottle 0.0254 27 265 79 324
bottle 0.0251 62 227 84 259
bottle 0.0251 57 106 80 149
bottle 0.0249 63 214 87 248
bottle 0.0249 38 100 82 159
bottle 0.0243 20 270 48 323
bottle 0.0238 54 260 80 294
bottle 0.0237 43 264 60 286
bottle 0.0235 40 270 60 296
bottle 0.0230 46 213 69 258
bottle 0.0222 25 288 46 330
bottle 0.0218 26 298 80 371
bottle 0.0216 53 230 78 261
bottle 0.0207 33 272 52 302
bottle 0.0205 49 267 67 298
bottle 0.0205 449 40 479 82
bottle 0.0203 40 272 93 310
bottle 0.0202 0 305 26 368
car 0.0358 0 185 91 222
car 0.0241 62 189 105 207
car 0.0240 2 214 20 237
chair 0.7325 321 180 433 319
chair 0.5999 211 168 280 241
chair 0.3395 395 345 457 375
chair 0.2877 120 199 230 315
chair 0.1756 104 282 159 375
chair 0.1522 300 222 336 304
chair 0.1370 116 157 221 284
chair 0.1288 332 163 410 280
chair 0.1226 299 251 329 305
chair 0.1193 158 180 275 244
chair 0.1172 5 207 159 351
chair 0.1161 364 179 433 265
chair 0.1080 308 196 373 306
chair 0.1080 64 196 221 369
chair 0.1073 11 275 159 373
chair 0.0944 340 158 391 241
chair 0.0861 3 192 103 313
chair 0.0848 57 192 107 247
chair 0.0839 311 244 352 309
chair 0.0810 381 176 434 238
chair 0.0801 0 216 54 260
chair 0.0779 9 25 101 198
chair 0.0774 397 346 426 375
chair 0.0755 1 202 81 262
chair 0.0751 385 163 420 194
chair 0.0738 425 347 455 375
chair 0.0736 44 211 191 320
chair 0.0723 101 123 129 196
chair 0.0703 196 172 267 290
chair 0.0700 311 261 336 308
chair 0.0697 212 176 430 315
chair 0.0673 440 38 481 104
chair 0.0666 193 173 233 236
chair 0.0660 0 266 86 370
chair 0.0659 320 222 393 317
chair 0.0656 20 185 109 254
chair 0.0641 108 196 204 265
chair 0.0625 234 188 278 243
chair 0.0619 212 169 250 224
chair 0.0617 96 239 184 363
chair 0.0604 284 197 339 302
chair 0.0583 22 97 48 155
chair 0.0580 318 275 341 308
chair 0.0575 421 328 460 375
chair 0.0574 183 190 249 240
chair 0.0567 126 192 221 245
chair 0.0561 380 163 423 220
chair 0.0560 349 177 415 236
chair 0.0558 23 260 194 342
chair 0.0548 397 317 464 375
chair 0.0545 114 117 215 224
chair 0.0542 1 211 63 242
chair 0.0516 0 207 62 299
chair 0.0511 440 332 459 373
chair 0.0509 44 196 102 275
chair 0.0507 211 191 260 245
chair 0.0505 60 304 159 374
chair 0.0500 358 224 427 324
chair 0.0496 63 192 106 223
chair 0.0486 119 222 186 316
chair 0.0485 0 105 98 195
chair 0.0484 115 254 226 314
chair 0.0466 0 175 96 236
chair 0.0466 37 205 71 261
chair 0.0465 85 120 121 195
chair 0.0464 239 168 280 226
chair 0.0462 332 179 376 241
chair 0.0460 35 187 111 224
chair 0.0457 6 127 116 245
chair 0.0456 3 220 30 256
chair 0.0456 148 181 238 275
chair 0.0454 281 181 334 262
chair 0.0452 298 259 321 295
chair 0.0449 0 285 44 372
chair 0.0431 319 192 394 260
chair 0.0431 314 188 357 282
chair 0.0430 171 179 213 235
chair 0.0420 218 167 275 211
chair 0.0406 70 261 162 360
chair 0.0406 446 322 466 372
chair 0.0405 220 208 276 242
chair 0.0405 313 252 428 315
chair 0.0404 382 187 437 303
chair 0.0396 54 191 139 261
chair 0.0393 111 194 187 239
chair 0.0390 247 179 319 302
chair 0.0388 17 93 176 213
chair 0.0386 6 218 46 243
chair 0.0386 163 187 224 255
chair 0.0384 280 181 425 274
chair 0.0380 107 128 123 178
chair 0.0380 295 201 346 255
chair 0.0379 297 256 310 293
chair 0.0378 322 187 354 244
chair 0.0376 58 168 111 233
chair 0.0372 146 189 210 231
chair 0.0371 231 173 339 262
chair 0.0370 68 191 193 247
chair 0.0370 29 193 83 250
chair 0.0368 323 261 368 319
chair 0.0359 100 259 166 316
chair 0.0355 220 171 242 201
chair 0.0354 11 308 121 374
chair 0.0354 385 140 422 196
chair 0.0347 63 109 104 174
chair 0.0347 185 206 235 256
chair 0.0344 43 105 116 210
chair 0.0342 93 327 168 374
chair 0.0341 114 267 158 335
chair 0.0339 367 190 412 241
chair 0.0335 108 146 131 197
chair 0.0334 155 226 226 317
chair 0.0334 290 233 359 310
chair 0.0334 131 306 163 375
chair 0.0332 12 228 39 261
chair 0.0329 353 160 392 214
chair 0.0327 0 336 92 374
chair 0.0324 339 172 500 324
chair 0.0318 29 104 99 163
chair 0.0317 62 137 109 201
chair 0.0317 1 215 35 239
chair 0.0316 170 209 237 300
chair 0.0314 411 344 440 372
chair 0.0313 74 105 127 209
chair 0.0311 24 223 58 262
chair 0.0311 179 141 283 249
chair 0.0307 20 103 39 148
chair 0.0307 380 247 423 322
chair 0.0306 327 238 445 342
chair 0.0305 188 189 210 226
chair 0.0301 393 232 432 313
chair 0.0301 307 270 326 309
chair 0.0301 61 209 95 251
chair 0.0297 125 276 166 351
chair 0.0295 338 139 436 237
chair 0.0295 120 273 170 319
chair 0.0295 389 122 433 205
chair 0.0294 0 111 111 332
chair 0.0292 79 294 133 373
chair 0.0291 309 187 434 247
chair 0.0290 33 154 113 208
chair 0.0288 270 172 310 238
chair 0.0286 212 174 239 207
chair 0.0285 111 306 190 375
chair 0.0284 299 177 339 239
chair 0.0282 45 183 179 279
chair 0.0281 79 104 116 175
chair 0.0279 0 116 27 185
chair 0.0278 55 273 121 370
chair 0.0277 328 202 348 241
chair 0.0277 330 205 437 273
chair 0.0276 410 270 426 308
chair 0.0271 90 100 144 200
chair 0.0270 0 213 24 249
chair 0.0268 190 201 340 310
chair 0.0267 160 169 229 232
chair 0.0266 311 159 381 253
chair 0.0264 329 198 410 239
chair 0.0263 355 340 452 374
chair 0.0263 195 195 215 226
chair 0.0261 410 181 479 323
chair 0.0260 437 340 471 375
chair 0.0260 89 253 145 329
chair 0.0260 15 222 52 251
chair 0.0259 206 201 240 258
chair 0.0256 434 340 454 368
chair 0.0256 124 275 208 316
chair 0.0256 437 16 489 125
chair 0.0254 398 160 419 184
chair 0.0252 85 194 150 240
chair 0.0251 78 192 106 214
chair 0.0250 112 164 128 197
chair 0.0248 2 279 107 337
chair 0.0247 69 239 165 314
chair 0.0247 208 204 227 228
chair 0.0245 317 253 382 305
chair 0.0243 105 154 123 196
chair 0.0242 369 180 431 213
chair 0.0242 94 120 117 174
chair 0.0241 399 185 435 263
chair 0.0240 66 202 123 294
chair 0.0239 5 305 69 375
chair 0.0237 245 220 362 315
chair 0.0236 282 168 324 230
chair 0.0234 409 353 482 375
chair 0.0233 207 197 241 230
chair 0.0233 41 261 100 358
chair 0.0233 122 164 136 196
chair 0.0231 48 210 81 254
chair 0.0231 295 230 326 292
chair 0.0231 116 252 177 306
chair 0.0230 41 202 67 242
chair 0.0229 116 155 138 198
chair 0.0228 183 237 232 313
chair 0.0228 1 118 80 162
chair 0.0226 288 137 397 293
chair 0.0226 74 156 123 204
chair 0.0225 82 196 163 306
chair 0.0224 247 205 274 244
chair 0.0223 75 254 128 348
chair 0.0222 11 230 69 259
chair 0.0220 55 188 106 210
chair 0.0220 188 172 261 217
chair 0.0220 363 159 415 194
chair 0.0218 2 199 67 230
chair 0.0217 320 277 415 317
chair 0.0216 25 336 142 373
chair 0.0216 376 188 426 225
chair 0.0212 0 217 35 304
chair 0.0212 225 172 250 191
chair 0.0212 228 170 265 189
chair 0.0210 375 171 426 201
chair 0.0209 208 194 227 217
chair 0.0208 41 206 100 244
chair 0.0207 62 203 109 233
chair 0.0207 0 179 46 238
chair 0.0206 65 1 98 77
chair 0.0206 245 167 318 229
chair 0.0205 444 42 474 81
chair 0.0204 93 150 138 201
chair 0.0204 382 335 432 375
chair 0.0204 0 254 18 330
chair 0.0203 367 186 395 232
chair 0.0202 203 188 230 228
chair 0.0201 396 167 422 203
chair 0.0201 59 221 113 277
chair 0.0200 250 170 275 203
chair 0.0200 403 163 425 191
chair 0.0200 26 205 60 247
chair 0.0200 405 183 433 234
diningtable 0.1949 1 264 154 374
diningtable 0.1128 0 218 205 360
diningtable 0.0410 0 321 154 375
diningtable 0.0405 37 299 184 375
diningtable 0.0370 0 261 129 328
diningtable 0.0313 4 282 100 368
diningtable 0.0291 153 176 395 319
diningtable 0.0206 21 286 149 341
dog 0.0335 0 259 43 291
person 0.1094 0 95 28 161
person 0.1011 5 234 111 362
person 0.1009 329 199 346 238
person 0.0965 1 237 43 310
person 0.0963 0 221 84 328
person 0.0852 21 10 123 169
person 0.0836 85 256 112 299
person 0.0749 12 23 76 162
person 0.0747 0 228 36 285
person 0.0738 0 66 26 140
person 0.0723 0 245 53 349
person 0.0721 84 151 225 328
person 0.0693 9 100 42 158
person 0.0688 18 202 107 302
person 0.0678 0 261 47 299
person 0.0648 16 93 56 159
person 0.0644 0 0 92 205
person 0.0638 0 214 54 296
person 0.0607 56 256 105 303
person 0.0603 125 258 138 289
person 0.0575 0 250 28 298
person 0.0571 0 6 432 375
person 0.0570 0 17 215 375
person 0.0566 7 102 80 164
person 0.0560 2 62 38 162
person 0.0551 21 252 108 310
person 0.0525 0 248 71 302
person 0.0525 1 99 88 208
person 0.0518 3 266 47 328
person 0.0455 57 199 110 293
person 0.0439 51 103 94 161
person 0.0435 0 88 48 187
person 0.0424 11 0 166 267
person 0.0424 42 206 75 261
person 0.0418 29 103 66 159
person 0.0404 19 271 47 295
person 0.0385 12 259 39 293
person 0.0379 93 254 114 288
person 0.0372 0 260 29 333
person 0.0370 357 138 372 162
person 0.0365 20 263 60 292
person 0.0362 51 235 94 298
person 0.0355 0 234 26 272
person 0.0354 61 203 105 256
person 0.0350 116 259 130 287
person 0.0339 53 0 144 144
person 0.0334 44 203 93 249
person 0.0334 30 58 74 157
person 0.0333 43 245 117 333
person 0.0330 301 160 431 331
person 0.0329 0 109 25 147
person 0.0326 48 130 66 158
person 0.0321 64 255 130 310
person 0.0311 105 257 120 290
person 0.0311 90 254 129 294
person 0.0290 0 266 21 305
person 0.0289 32 267 54 291
person 0.0285 123 257 149 310
person 0.0285 111 256 137 287
person 0.0282 282 20 500 375
person 0.0281 34 259 93 298
person 0.0277 43 114 70 159
person 0.0273 0 119 30 181
person 0.0273 89 250 109 278
person 0.0272 443 37 482 90
person 0.0271 81 255 101 288
person 0.0271 0 226 64 269
person 0.0266 326 196 358 238
person 0.0261 71 221 123 303
person 0.0260 24 107 45 155
person 0.0260 256 118 267 136
person 0.0259 305 155 316 180
person 0.0257 12 252 58 284
person 0.0256 0 101 25 131
person 0.0251 63 0 109 81
person 0.0239 91 246 108 266
person 0.0238 42 266 60 290
person 0.0236 36 141 70 158
person 0.0234 11 269 64 308
person 0.0233 6 94 29 139
person 0.0233 36 260 64 294
person 0.0230 17 111 38 155
person 0.0229 3 268 124 319
person 0.0226 14 241 37 276
person 0.0226 48 257 73 296
person 0.0224 0 258 39 279
person 0.0220 50 257 67 287
person 0.0218 43 266 102 315
person 0.0214 97 244 112 268
person 0.0212 27 263 62 281
person 0.0212 433 1 450 30
person 0.0211 355 125 380 161
person 0.0210 66 252 96 295
person 0.0209 48 141 85 158
person 0.0209 353 144 364 162
person 0.0202 22 258 52 279
person 0.0200 3 269 32 300
pottedplant 0.4448 387 78 426 116
pottedplant 0.2159 128 99 204 208
pottedplant 0.1784 383 73 425 148
pottedplant 0.1208 378 93 393 125
pottedplant 0.1175 438 41 478 123
pottedplant 0.1049 0 66 22 118
pottedplant 0.0978 16 20 86 157
pottedplant 0.0956 367 132 387 160
pottedplant 0.0943 450 78 475 125
pottedplant 0.0933 374 94 387 125
pottedplant 0.0865 383 75 448 121
pottedplant 0.0813 137 102 196 167
pottedplant 0.0805 381 84 418 124
pottedplant 0.0792 385 82 410 114
pottedplant 0.0765 0 218 101 308
pottedplant 0.0708 422 67 469 124
pottedplant 0.0693 375 83 406 133
pottedplant 0.0681 175 163 208 228
pottedplant 0.0674 369 92 389 135
pottedplant 0.0634 12 6 122 200
pottedplant 0.0629 385 36 449 119
pottedplant 0.0618 106 120 221 308
pottedplant 0.0613 378 103 429 163
pottedplant 0.0609 6 224 58 265
pottedplant 0.0559 365 93 381 125
pottedplant 0.0556 405 76 428 109
pottedplant 0.0534 23 228 75 264
pottedplant 0.0531 145 145 208 233
pottedplant 0.0530 0 67 30 140
pottedplant 0.0517 411 75 452 117
pottedplant 0.0504 360 95 384 136
pottedplant 0.0504 0 228 44 279
pottedplant 0.0492 42 210 76 263
pottedplant 0.0483 357 102 427 232
pottedplant 0.0478 383 90 405 121
pottedplant 0.0472 55 0 114 149
pottedplant 0.0472 91 65 194 214
pottedplant 0.0462 366 88 393 118
pottedplant 0.0455 363 109 380 135
pottedplant 0.0450 448 323 464 365
pottedplant 0.0448 51 256 99 301
pottedplant 0.0438 1 233 70 293
pottedplant 0.0435 362 87 399 130
pottedplant 0.0434 2 45 40 159
pottedplant 0.0430 364 80 431 130
pottedplant 0.0428 127 115 178 195
pottedplant 0.0421 9 0 64 71
pottedplant 0.0416 413 79 433 114
pottedplant 0.0411 431 72 454 119
pottedplant 0.0406 366 118 387 148
pottedplant 0.0402 188 172 208 216
pottedplant 0.0394 379 105 394 139
pottedplant 0.0391 131 149 197 204
pottedplant 0.0380 389 73 453 175
pottedplant 0.0375 378 87 399 110
pottedplant 0.0373 389 116 426 178
pottedplant 0.0371 133 170 152 197
pottedplant 0.0371 45 233 82 262
pottedplant 0.0370 374 85 430 196
pottedplant 0.0367 365 103 402 163
pottedplant 0.0361 101 90 219 175
pottedplant 0.0360 130 165 145 196
pottedplant 0.0358 361 131 392 173
pottedplant 0.0358 146 99 183 152
pottedplant 0.0357 16 43 59 151
pottedplant 0.0356 401 18 472 121
pottedplant 0.0349 424 80 444 115
pottedplant 0.0348 374 92 389 109
pottedplant 0.0347 0 0 61 176
pottedplant 0.0345 385 77 425 98
pottedplant 0.0340 420 49 477 157
pottedplant 0.0339 40 52 94 162
pottedplant 0.0337 180 168 204 207
pottedplant 0.0334 132 154 171 200
pottedplant 0.0334 360 92 416 146
pottedplant 0.0334 49 0 102 87
pottedplant 0.0333 82 95 228 243
pottedplant 0.0330 37 232 65 268
pottedplant 0.0328 437 58 467 115
pottedplant 0.0327 47 234 85 287
pottedplant 0.0323 4 55 28 109
pottedplant 0.0320 5 35 35 120
pottedplant 0.0320 406 61 439 114
pottedplant 0.0319 60 40 145 190
pottedplant 0.0319 39 8 95 128
pottedplant 0.0317 13 32 78 111
pottedplant 0.0316 382 96 401 134
pottedplant 0.0313 382 108 424 140
pottedplant 0.0313 189 166 207 196
pottedplant 0.0312 17 233 52 269
pottedplant 0.0311 10 238 39 264
pottedplant 0.0310 358 139 386 162
pottedplant 0.0307 0 36 20 156
pottedplant 0.0305 438 76 459 118
pottedplant 0.0304 376 124 392 155
pottedplant 0.0299 28 236 58 261
pottedplant 0.0299 359 112 389 140
pottedplant 0.0290 376 62 479 119
pottedplant 0.0288 171 139 213 207
pottedplant 0.0286 396 87 421 124
pottedplant 0.0281 108 103 163 196
pottedplant 0.0279 110 136 223 213
pottedplant 0.0276 140 172 160 198
pottedplant 0.0275 109 122 142 196
pottedplant 0.0273 22 254 63 281
pottedplant 0.0271 296 251 322 300
pottedplant 0.0268 0 90 26 121
pottedplant 0.0264 349 111 385 162
pottedplant 0.0260 453 325 469 365
pottedplant 0.0260 125 130 204 183
pottedplant 0.0260 157 157 203 211
pottedplant 0.0259 52 211 92 263
pottedplant 0.0256 447 323 474 375
pottedplant 0.0254 26 10 77 81
pottedplant 0.0252 182 161 202 189
pottedplant 0.0250 29 236 67 291
pottedplant 0.0247 373 107 395 152
pottedplant 0.0246 174 168 196 203
pottedplant 0.0245 22 240 63 273
pottedplant 0.0243 147 182 172 198
pottedplant 0.0243 146 170 184 199
pottedplant 0.0242 22 247 111 289
pottedplant 0.0241 370 142 388 171
pottedplant 0.0241 430 5 476 113
pottedplant 0.0239 0 62 24 93
pottedplant 0.0237 122 148 150 198
pottedplant 0.0237 0 12 26 113
pottedplant 0.0236 71 28 97 116
pottedplant 0.0236 443 65 480 111
pottedplant 0.0235 376 138 391 164
pottedplant 0.0235 27 95 177 171
pottedplant 0.0233 367 95 381 113
pottedplant 0.0233 159 175 175 199
pottedplant 0.0231 391 132 413 168
pottedplant 0.0230 398 132 422 170
pottedplant 0.0229 40 222 100 276
pottedplant 0.0228 31 259 59 278
pottedplant 0.0227 115 166 249 231
pottedplant 0.0227 14 257 83 288
pottedplant 0.0223 372 98 394 116
pottedplant 0.0223 1 2 49 110
pottedplant 0.0221 431 72 467 153
pottedplant 0.0220 329 96 449 300
pottedplant 0.0220 363 119 438 157
pottedplant 0.0219 387 134 400 164
pottedplant 0.0219 160 110 211 180
pottedplant 0.0217 357 109 413 187
pottedplant 0.0217 11 90 64 150
pottedplant 0.0217 365 101 439 138
pottedplant 0.0217 44 247 61 271
pottedplant 0.0216 138 164 215 199
pottedplant 0.0215 168 163 206 197
pottedplant 0.0214 385 103 417 131
pottedplant 0.0213 62 50 105 163
pottedplant 0.0212 181 182 205 223
pottedplant 0.0211 439 319 464 373
pottedplant 0.0211 9 0 111 61
pottedplant 0.0209 372 80 420 105
pottedplant 0.0209 325 110 402 235
pottedplant 0.0209 0 70 16 105
pottedplant 0.0208 132 172 199 218
pottedplant 0.0208 382 105 406 153
pottedplant 0.0208 87 252 112 273
pottedplant 0.0208 442 77 471 108
pottedplant 0.0207 163 165 192 204
pottedplant 0.0207 338 75 464 132
pottedplant 0.0206 391 91 447 145
pottedplant 0.0204 2 4 31 78
pottedplant 0.0204 352 135 390 188
pottedplant 0.0203 375 56 463 216
pottedplant 0.0202 151 101 171 137
pottedplant 0.0201 401 100 442 175
sofa 0.5628 111 196 228 317
sofa 0.2425 23 193 221 348
sofa 0.1923 211 168 279 243
sofa 0.1406 1 108 104 223
sofa 0.1109 340 169 426 248
sofa 0.0989 112 165 228 262
sofa 0.0973 0 161 185 310
sofa 0.0838 77 187 301 324
sofa 0.0805 1 92 134 293
sofa 0.0801 141 180 276 300
sofa 0.0793 1 164 106 279
sofa 0.0732 140 178 393 317
sofa 0.0730 0 155 107 208
sofa 0.0719 224 170 352 233
sofa 0.0704 3 0 125 227
sofa 0.0648 73 145 228 301
sofa 0.0640 369 168 431 226
sofa 0.0616 38 222 216 306
sofa 0.0566 11 201 160 294
sofa 0.0511 353 161 402 233
sofa 0.0499 0 162 140 230
sofa 0.0471 23 265 216 366
sofa 0.0462 38 185 211 265
sofa 0.0446 135 174 261 233
sofa 0.0440 305 127 438 323
sofa 0.0372 213 154 310 229
sofa 0.0359 346 162 416 202
sofa 0.0355 12 106 181 232
sofa 0.0350 267 167 415 234
sofa 0.0337 364 123 433 228
sofa 0.0336 112 123 245 237
sofa 0.0298 0 130 98 189
sofa 0.0296 159 140 293 236
sofa 0.0284 227 178 399 276
sofa 0.0279 219 131 384 235
sofa 0.0244 167 203 353 296
sofa 0.0234 329 157 437 222
sofa 0.0232 185 176 327 261
sofa 0.0219 0 57 179 198
sofa 0.0210 376 165 437 202
sofa 0.0203 0 159 90 185
tvmonitor 0.0954 342 157 389 239
tvmonitor 0.0813 441 37 481 109
tvmonitor 0.0695 359 117 382 145
tvmonitor 0.0577 360 130 389 160
tvmonitor 0.0517 432 7 483 123
tvmonitor 0.0427 346 133 387 196
tvmonitor 0.0420 309 147 324 178
tvmonitor 0.0386 356 106 388 151
tvmonitor 0.0357 302 123 329 180
tvmonitor 0.0354 439 0 483 76
tvmonitor 0.0332 391 129 427 189
tvmonitor 0.0330 350 159 388 206
tvmonitor 0.0303 342 147 419 205
tvmonitor 0.0299 309 132 324 171
tvmonitor 0.0297 0 0 65 167
tvmonitor 0.0282 305 151 315 178
tvmonitor 0.0269 451 0 488 48
tvmonitor 0.0261 371 107 431 210
tvmonitor 0.0253 346 123 392 169
tvmonitor 0.0243 314 148 329 177
tvmonitor 0.0238 13 0 113 201
tvmonitor 0.0237 367 163 390 195
tvmonitor 0.0237 359 117 374 136
tvmonitor 0.0232 449 17 491 99
tvmonitor 0.0230 358 123 374 151
tvmonitor 0.0227 351 116 421 175
tvmonitor 0.0226 307 126 326 155
tvmonitor 0.0217 443 4 468 50
tvmonitor 0.0202 336 148 377 217
tvmonitor 0.0200 302 141 319 181
