aeroplane 0.0516 7 85 486 288
bird 0.0404 27 0 401 288
car 0.0222 479 112 499 147
car 0.0203 465 135 500 153
car 0.0200 5 151 21 167
person 0.0747 2 155 40 238
person 0.0573 0 154 10 200
person 0.0510 0 153 19 184
person 0.0452 230 151 246 193
person 0.0441 0 153 9 180
person 0.0387 0 153 25 214
person 0.0372 0 148 49 281
person 0.0325 369 199 384 231
person 0.0321 236 153 252 194
person 0.0299 0 155 26 170
person 0.0289 5 153 16 170
person 0.0278 227 153 240 191
person 0.0277 469 166 498 201
person 0.0272 8 151 30 173
person 0.0269 0 156 34 178
person 0.0260 13 150 29 167
person 0.0259 367 192 380 225
person 0.0240 4 141 65 237
person 0.0238 186 157 199 178
person 0.0231 365 199 381 242
person 0.0223 372 184 385 221
person 0.0223 366 165 378 199
person 0.0222 481 176 500 221
person 0.0221 447 167 499 228
person 0.0219 468 193 495 223
person 0.0216 366 181 386 230
person 0.0215 420 164 447 192
person 0.0213 293 151 308 187
person 0.0211 451 209 464 226
person 0.0211 246 154 260 194
person 0.0209 191 158 205 179
person 0.0207 10 136 85 288
person 0.0207 461 167 488 202
person 0.0204 449 200 466 223
person 0.0200 402 163 432 193
train 0.8986 24 107 385 281
train 0.7551 385 156 500 222
train 0.1305 171 133 477 274
train 0.0758 226 103 390 282
train 0.0705 387 162 473 195
train 0.0642 370 4 500 218
train 0.0629 375 145 500 287
train 0.0617 346 126 499 230
train 0.0609 0 126 427 375
train 0.0560 416 161 499 197
train 0.0466 444 161 498 224
train 0.0416 10 0 454 309
train 0.0404 25 120 253 242
train 0.0387 257 94 486 251
train 0.0365 11 137 89 165
train 0.0362 103 185 360 283
train 0.0343 387 142 500 195
train 0.0282 15 111 178 291
train 0.0280 387 155 450 212
train 0.0275 86 96 390 205
train 0.0271 11 121 90 241
train 0.0265 12 129 124 169
train 0.0257 317 152 385 277
train 0.0250 286 127 421 265
train 0.0235 15 127 156 227
train 0.0234 396 170 479 214
train 0.0232 350 88 494 170
train 0.0228 207 205 383 281
train 0.0226 388 161 443 188
train 0.0224 461 163 499 197
train 0.0213 362 163 385 231
train 0.0212 399 0 498 132
