bird 0.0310 80 138 114 160
bottle 0.0835 12 128 53 201
bottle 0.0274 77 138 114 160
bottle 0.0227 25 134 66 203
bottle 0.0218 77 137 112 181
bottle 0.0216 24 156 45 201
car 0.0317 53 2 180 65
cat 0.0252 76 136 113 163
chair 0.1245 30 12 215 210
chair 0.0676 0 100 54 203
chair 0.0599 47 0 282 148
chair 0.0543 18 20 292 329
chair 0.0527 33 38 135 186
chair 0.0514 6 227 444 373
chair 0.0490 62 43 202 174
chair 0.0471 455 82 500 215
chair 0.0451 8 53 79 200
chair 0.0392 0 119 56 263
chair 0.0370 8 174 297 361
chair 0.0347 8 83 191 374
chair 0.0327 91 5 249 103
chair 0.0326 7 93 197 201
chair 0.0297 78 6 188 126
chair 0.0288 461 84 498 155
chair 0.0285 178 0 289 98
chair 0.0284 108 19 214 153
chair 0.0282 5 192 84 368
chair 0.0264 6 121 74 319
chair 0.0229 0 99 37 168
chair 0.0228 38 93 274 232
chair 0.0227 0 33 110 248
chair 0.0224 4 241 155 375
chair 0.0223 21 38 166 125
chair 0.0219 68 88 206 151
chair 0.0217 0 115 109 193
chair 0.0215 224 246 493 374
chair 0.0212 150 10 259 137
chair 0.0208 3 308 82 375
chair 0.0207 9 27 107 149
diningtable 0.0585 4 221 491 375
diningtable 0.0453 0 87 500 331
dog 0.0313 78 136 115 162
person 0.0965 60 69 241 209
person 0.0613 3 98 60 199
person 0.0509 53 45 170 196
person 0.0499 80 126 190 207
person 0.0425 74 132 121 193
person 0.0419 55 86 122 195
person 0.0372 132 102 243 213
person 0.0364 6 8 104 196
person 0.0359 13 36 168 265
person 0.0323 59 125 146 199
person 0.0313 89 0 489 289
person 0.0300 35 56 108 187
person 0.0300 5 124 63 242
person 0.0294 33 122 114 197
person 0.0273 90 137 138 202
person 0.0262 21 71 127 233
person 0.0256 73 96 190 184
person 0.0242 167 146 187 182
person 0.0240 131 116 196 204
person 0.0237 78 137 113 174
person 0.0228 12 127 79 197
person 0.0220 23 77 80 186
person 0.0218 450 107 464 148
person 0.0218 0 0 22 33
person 0.0211 53 129 97 193
person 0.0209 0 49 91 321
person 0.0207 11 0 61 66
person 0.0207 0 0 29 73
person 0.0203 0 309 26 375
pottedplant 0.0411 197 55 468 311
pottedplant 0.0316 67 138 110 188
pottedplant 0.0272 203 249 500 375
pottedplant 0.0256 460 75 500 252
pottedplant 0.0213 1 0 42 75
sofa 0.1560 38 15 232 211
sofa 0.0561 0 27 375 229
sofa 0.0507 4 213 499 375
sofa 0.0423 0 91 396 375
tvmonitor 0.9183 244 42 450 221
tvmonitor 0.1790 302 5 405 51
tvmonitor 0.1687 412 0 492 85
tvmonitor 0.1608 35 28 263 218
tvmonitor 0.1157 112 39 410 218
tvmonitor 0.1146 98 99 265 213
tvmonitor 0.0950 352 0 484 93
tvmonitor 0.0862 317 1 451 74
tvmonitor 0.0764 251 1 426 58
tvmonitor 0.0757 251 17 493 136
tvmonitor 0.0743 31 13 205 143
tvmonitor 0.0706 282 41 457 92
tvmonitor 0.0682 231 92 316 218
tvmonitor 0.0644 312 26 424 68
tvmonitor 0.0607 323 22 402 50
tvmonitor 0.0504 348 0 405 49
tvmonitor 0.0500 299 0 465 43
tvmonitor 0.0469 437 84 496 244
tvmonitor 0.0467 448 0 498 82
tvmonitor 0.0467 340 51 468 216
tvmonitor 0.0464 396 27 494 122
tvmonitor 0.0457 43 0 184 89
tvmonitor 0.0452 33 25 136 168
tvmonitor 0.0451 273 0 406 36
tvmonitor 0.0421 409 38 475 89
tvmonitor 0.0418 2 119 65 200
tvmonitor 0.0400 353 4 471 55
tvmonitor 0.0395 158 97 249 203
tvmonitor 0.0394 283 15 416 79
tvmonitor 0.0392 437 17 483 92
tvmonitor 0.0390 340 42 462 117
tvmonitor 0.0388 261 52 451 112
tvmonitor 0.0385 314 49 424 81
tvmonitor 0.0380 409 0 489 42
tvmonitor 0.0376 450 64 471 122
tvmonitor 0.0371 389 40 466 175
tvmonitor 0.0362 75 6 271 97
tvmonitor 0.0347 358 18 406 47
tvmonitor 0.0342 240 47 322 103
tvmonitor 0.0321 348 46 450 84
tvmonitor 0.0318 92 25 235 130
tvmonitor 0.0318 390 74 496 229
tvmonitor 0.0315 382 28 482 77
tvmonitor 0.0314 213 0 302 91
tvmonitor 0.0311 375 70 448 222
tvmonitor 0.0310 273 0 441 109
tvmonitor 0.0308 0 0 73 183
tvmonitor 0.0307 252 47 398 87
tvmonitor 0.0305 228 39 317 174
tvmonitor 0.0292 463 60 500 236
tvmonitor 0.0287 309 0 372 44
tvmonitor 0.0283 430 20 487 155
tvmonitor 0.0279 258 164 445 222
tvmonitor 0.0267 135 0 300 221
tvmonitor 0.0263 479 0 500 77
tvmonitor 0.0262 0 0 45 140
tvmonitor 0.0261 0 1 500 266
tvmonitor 0.0261 292 23 381 54
tvmonitor 0.0261 74 67 252 149
tvmonitor 0.0260 231 34 405 162
tvmonitor 0.0250 9 0 105 132
tvmonitor 0.0248 0 0 131 209
tvmonitor 0.0241 372 0 418 47
tvmonitor 0.0240 296 37 391 65
tvmonitor 0.0238 3 118 401 375
tvmonitor 0.0235 348 38 442 70
tvmonitor 0.0235 445 61 478 139
tvmonitor 0.0234 443 75 487 189
tvmonitor 0.0232 340 23 429 56
tvmonitor 0.0231 144 130 286 212
tvmonitor 0.0228 88 151 267 220
tvmonitor 0.0227 193 121 253 215
tvmonitor 0.0226 388 0 451 40
tvmonitor 0.0223 314 59 444 166
tvmonitor 0.0222 420 45 468 110
tvmonitor 0.0220 422 56 475 205
tvmonitor 0.0220 241 47 365 124
tvmonitor 0.0220 225 62 369 201
tvmonitor 0.0220 244 140 320 214
tvmonitor 0.0220 288 86 500 223
tvmonitor 0.0217 401 16 485 62
tvmonitor 0.0213 184 102 254 171
tvmonitor 0.0212 1 0 84 77
tvmonitor 0.0212 26 0 146 64
tvmonitor 0.0211 265 46 340 86
tvmonitor 0.0209 233 43 296 91
tvmonitor 0.0208 304 121 440 215
tvmonitor 0.0207 138 53 264 164
tvmonitor 0.0206 289 19 334 53
tvmonitor 0.0206 121 32 286 110
tvmonitor 0.0204 183 63 278 201
tvmonitor 0.0204 278 29 377 75
tvmonitor 0.0203 17 118 294 228
tvmonitor 0.0200 273 0 372 20
tvmonitor 0.0200 327 24 367 49
