bicycle 0.0910 196 71 256 154
bicycle 0.0611 230 84 292 155
bicycle 0.0609 205 95 247 150
bicycle 0.0432 464 89 499 146
bicycle 0.0382 250 99 286 155
bicycle 0.0347 345 74 437 160
bicycle 0.0332 390 88 431 151
bicycle 0.0328 190 110 263 153
bicycle 0.0295 239 101 272 155
bicycle 0.0288 165 78 228 138
bicycle 0.0261 411 69 490 153
bicycle 0.0256 180 90 298 157
bicycle 0.0255 399 341 500 373
bicycle 0.0236 237 93 327 151
bicycle 0.0235 392 299 500 375
bicycle 0.0219 393 81 461 157
bicycle 0.0216 369 91 418 139
bicycle 0.0214 23 303 133 374
bicycle 0.0204 209 111 233 152
bicycle 0.0201 227 108 263 156
bird 0.1217 169 356 196 375
bird 0.0553 154 352 198 375
bird 0.0448 167 355 225 375
bird 0.0203 179 352 198 373
boat 0.0320 1 293 124 374
boat 0.0214 1 340 111 373
bus 0.1707 118 53 453 156
bus 0.1127 7 10 487 159
bus 0.0700 17 152 156 375
bus 0.0601 0 0 500 295
bus 0.0592 13 140 347 375
bus 0.0555 0 57 271 161
bus 0.0474 60 0 277 144
bus 0.0432 198 0 329 156
bus 0.0362 17 0 190 168
bus 0.0331 287 0 439 164
bus 0.0272 256 71 447 240
bus 0.0231 0 59 130 180
car 0.8359 0 116 133 184
car 0.6824 273 75 428 146
car 0.2154 341 59 433 155
car 0.1661 4 188 143 372
car 0.1567 237 40 400 147
car 0.1527 188 59 461 162
car 0.1196 308 70 422 125
car 0.1146 2 106 111 158
car 0.1085 0 119 40 178
car 0.1036 389 76 430 133
car 0.0982 284 69 380 133
car 0.0938 4 72 107 178
car 0.0918 365 42 453 140
car 0.0910 254 66 345 150
car 0.0892 0 115 49 154
car 0.0857 0 121 23 162
car 0.0853 212 23 337 146
car 0.0760 4 85 34 123
car 0.0735 0 113 81 173
car 0.0731 178 107 205 129
car 0.0723 331 45 436 114
car 0.0693 0 116 42 137
car 0.0687 0 46 168 179
car 0.0655 0 135 151 298
car 0.0646 13 106 93 139
car 0.0639 153 95 199 130
car 0.0614 255 25 494 154
car 0.0614 1 116 84 146
car 0.0578 4 117 33 149
car 0.0577 75 121 105 144
car 0.0572 3 216 78 342
car 0.0562 172 89 207 130
car 0.0542 277 91 330 135
car 0.0532 0 132 25 179
car 0.0520 0 114 23 145
car 0.0520 285 27 432 101
car 0.0516 409 52 479 143
car 0.0513 257 91 314 149
car 0.0505 356 70 434 113
car 0.0479 39 116 106 145
car 0.0476 370 82 428 149
car 0.0463 363 3 391 48
car 0.0421 3 228 41 302
car 0.0419 76 298 132 341
car 0.0418 44 105 122 136
car 0.0416 158 107 195 129
car 0.0413 334 76 372 94
car 0.0413 9 243 163 342
car 0.0403 2 89 37 144
car 0.0397 463 88 499 144
car 0.0386 218 21 368 99
car 0.0383 278 96 392 156
car 0.0380 32 151 118 182
car 0.0376 5 92 75 129
car 0.0364 3 100 22 125
car 0.0358 394 78 427 107
car 0.0350 134 78 203 131
car 0.0350 18 117 63 136
car 0.0344 0 113 32 128
car 0.0343 350 25 469 102
car 0.0342 400 83 430 122
car 0.0335 357 34 400 56
car 0.0330 372 74 462 130
car 0.0329 385 75 423 96
car 0.0324 66 0 268 153
car 0.0320 6 205 99 298
car 0.0317 64 252 139 347
car 0.0316 71 115 117 146
car 0.0314 365 31 390 48
car 0.0312 326 75 401 107
car 0.0306 339 97 427 142
car 0.0306 0 288 146 374
car 0.0298 75 117 114 136
car 0.0297 0 130 35 152
car 0.0296 62 111 102 142
car 0.0295 328 85 408 124
car 0.0295 13 96 200 173
car 0.0294 58 127 99 146
car 0.0294 226 94 338 157
car 0.0294 13 0 150 130
car 0.0293 309 1 423 135
car 0.0292 5 82 34 106
car 0.0291 0 112 174 219
car 0.0287 52 116 145 150
car 0.0285 1 103 38 122
car 0.0283 7 115 47 129
car 0.0283 43 92 95 135
car 0.0279 360 26 395 50
car 0.0278 277 86 352 119
car 0.0275 360 5 476 162
car 0.0275 78 110 104 132
car 0.0273 142 8 396 140
car 0.0272 57 122 156 179
car 0.0272 275 103 328 156
car 0.0269 400 82 451 132
car 0.0268 406 30 459 65
car 0.0265 0 102 56 139
car 0.0264 2 127 107 231
car 0.0262 13 124 98 155
car 0.0260 393 103 428 134
car 0.0257 46 107 89 142
car 0.0256 1 59 35 118
car 0.0256 406 31 430 66
car 0.0254 358 0 427 94
car 0.0249 484 53 499 96
car 0.0247 20 89 83 158
car 0.0246 83 302 130 321
car 0.0245 351 76 393 93
car 0.0245 83 290 134 326
car 0.0245 0 231 120 317
car 0.0237 161 106 217 132
car 0.0236 173 17 304 104
car 0.0236 393 18 480 120
car 0.0236 1 221 85 277
car 0.0235 200 135 243 152
car 0.0235 2 111 65 133
car 0.0234 376 97 449 143
car 0.0230 38 199 186 350
car 0.0229 4 193 150 272
car 0.0229 7 106 31 133
car 0.0228 76 129 106 150
car 0.0227 251 104 297 153
car 0.0226 1 249 34 319
car 0.0225 479 89 499 136
car 0.0222 274 3 385 87
car 0.0221 285 105 356 135
car 0.0219 6 124 47 147
car 0.0218 293 6 439 68
car 0.0218 3 77 21 112
car 0.0217 56 293 133 360
car 0.0216 42 287 140 335
car 0.0216 52 122 111 160
car 0.0216 183 4 298 48
car 0.0215 362 74 414 96
car 0.0214 336 73 370 88
car 0.0213 277 110 325 137
car 0.0212 259 88 326 119
car 0.0212 45 114 76 139
car 0.0208 292 118 368 155
car 0.0208 327 111 413 157
car 0.0207 363 109 437 157
car 0.0206 373 80 423 108
car 0.0206 410 33 446 56
car 0.0206 184 112 210 132
car 0.0206 76 106 153 139
car 0.0203 0 153 27 184
car 0.0202 5 79 57 120
car 0.0200 11 73 89 134
chair 0.0258 7 0 77 96
chair 0.0253 47 102 88 146
chair 0.0222 151 101 182 129
chair 0.0218 1 0 47 88
chair 0.0213 117 68 148 133
dog 0.1390 304 34 343 99
dog 0.1132 168 357 197 374
dog 0.0927 305 34 342 69
motorbike 0.1315 199 84 252 153
motorbike 0.1121 356 60 448 139
motorbike 0.1089 248 77 300 142
motorbike 0.0724 403 70 460 139
motorbike 0.0503 235 93 286 152
motorbike 0.0432 384 83 440 148
motorbike 0.0409 228 46 295 151
motorbike 0.0294 254 90 329 131
person 0.7115 204 30 247 150
person 0.5963 250 26 291 140
person 0.4573 300 32 343 110
person 0.4406 359 40 416 118
person 0.3804 420 32 460 126
person 0.2265 354 53 429 148
person 0.2052 220 21 288 149
person 0.1935 292 47 347 135
person 0.1908 399 49 461 147
person 0.1829 416 32 461 82
person 0.1717 369 34 451 125
person 0.1698 177 82 196 125
person 0.1667 364 34 422 88
person 0.1654 250 29 283 97
person 0.1633 206 77 241 153
person 0.1499 253 47 319 156
person 0.1345 61 198 92 259
person 0.1326 174 8 241 144
person 0.1240 252 68 283 146
person 0.1232 423 66 462 147
person 0.1218 362 37 396 82
person 0.1192 436 31 459 69
person 0.1050 378 69 442 146
person 0.0993 361 39 385 72
person 0.0957 409 32 425 69
person 0.0902 308 44 403 131
person 0.0835 251 28 283 65
person 0.0818 384 31 437 100
person 0.0805 411 33 443 75
person 0.0797 202 31 243 97
person 0.0775 159 75 203 130
person 0.0769 179 77 209 129
person 0.0735 194 19 208 63
person 0.0711 72 218 93 261
person 0.0695 405 18 465 103
person 0.0676 271 74 342 148
person 0.0662 438 29 459 54
person 0.0649 254 92 293 154
person 0.0631 258 78 310 146
person 0.0626 369 77 409 138
person 0.0621 34 199 102 308
person 0.0618 430 39 461 101
person 0.0616 380 61 423 121
person 0.0616 137 17 219 144
person 0.0601 365 52 409 93
person 0.0601 191 19 218 69
person 0.0600 425 33 461 55
person 0.0590 196 0 274 130
person 0.0577 250 29 276 52
person 0.0576 420 84 453 136
person 0.0565 364 42 408 67
person 0.0558 54 206 82 257
person 0.0556 358 21 411 70
person 0.0547 274 101 312 152
person 0.0546 361 0 402 61
person 0.0544 360 35 394 53
person 0.0544 278 27 369 135
person 0.0535 145 2 169 52
person 0.0532 360 4 433 115
person 0.0531 65 198 83 240
person 0.0530 279 91 323 142
person 0.0529 312 34 384 102
person 0.0529 176 102 195 130
person 0.0528 64 306 83 339
person 0.0527 175 49 221 136
person 0.0526 396 30 426 86
person 0.0517 195 24 229 52
person 0.0516 376 34 450 76
person 0.0509 308 33 343 82
person 0.0497 280 106 305 137
person 0.0493 241 66 270 141
person 0.0489 395 32 415 67
person 0.0487 404 77 448 137
person 0.0486 20 0 125 128
person 0.0486 256 97 279 141
person 0.0482 44 212 72 253
person 0.0479 248 31 265 65
person 0.0477 196 29 214 67
person 0.0471 200 30 231 72
person 0.0471 207 32 234 55
person 0.0470 374 85 423 160
person 0.0466 416 34 453 63
person 0.0464 406 31 434 90
person 0.0462 2 116 47 168
person 0.0461 240 15 347 148
person 0.0455 12 121 40 153
person 0.0451 291 33 332 92
person 0.0445 162 99 186 129
person 0.0443 420 7 466 70
person 0.0442 344 72 404 142
person 0.0440 359 41 374 70
person 0.0436 383 34 406 66
person 0.0433 41 216 93 260
person 0.0432 421 61 460 108
person 0.0420 216 62 252 144
person 0.0415 360 51 386 87
person 0.0414 412 31 432 65
person 0.0403 422 42 460 68
person 0.0400 200 67 280 159
person 0.0398 411 53 452 119
person 0.0394 33 194 87 269
person 0.0390 283 106 326 155
person 0.0390 380 35 423 70
person 0.0388 472 89 500 151
person 0.0385 303 62 363 118
person 0.0382 301 75 342 134
person 0.0381 169 84 189 123
person 0.0381 187 68 218 131
person 0.0378 366 98 405 159
person 0.0377 295 68 374 147
person 0.0375 240 94 273 154
person 0.0374 40 222 64 251
person 0.0374 362 34 409 58
person 0.0373 199 56 235 141
person 0.0372 351 61 407 103
person 0.0370 481 101 499 146
person 0.0368 180 25 211 117
person 0.0367 413 44 442 92
person 0.0364 393 71 432 125
person 0.0363 367 2 418 78
person 0.0358 277 111 298 146
person 0.0357 441 31 457 47
person 0.0356 142 79 192 131
person 0.0355 94 11 188 146
person 0.0349 378 64 421 94
person 0.0348 79 227 96 262
person 0.0347 229 84 262 149
person 0.0341 0 0 26 61
person 0.0340 360 53 372 80
person 0.0340 386 83 422 135
person 0.0338 350 27 401 96
person 0.0335 193 19 216 47
person 0.0331 252 88 274 134
person 0.0330 308 61 338 120
person 0.0329 11 0 62 61
person 0.0328 60 199 135 330
person 0.0327 357 40 378 82
person 0.0327 368 28 388 48
person 0.0326 196 0 325 163
person 0.0325 129 0 268 154
person 0.0322 0 233 37 300
person 0.0320 397 92 434 152
person 0.0317 304 32 336 66
person 0.0316 80 0 124 65
person 0.0313 443 35 463 72
person 0.0313 297 106 321 136
person 0.0313 327 0 457 161
person 0.0311 237 104 256 139
person 0.0305 2 142 173 354
person 0.0302 373 68 402 117
person 0.0301 430 27 476 88
person 0.0300 397 75 423 103
person 0.0296 45 229 148 370
person 0.0296 209 108 234 151
person 0.0295 236 71 259 135
person 0.0295 411 91 440 135
person 0.0295 412 76 442 120
person 0.0294 74 201 114 267
person 0.0293 97 0 136 66
person 0.0292 467 52 499 138
person 0.0292 415 62 441 107
person 0.0292 163 35 204 126
person 0.0290 98 200 174 345
person 0.0289 428 50 476 135
person 0.0289 59 4 146 154
person 0.0288 55 222 76 257
person 0.0288 418 64 435 92
person 0.0288 52 190 110 271
person 0.0287 317 33 343 61
person 0.0287 304 19 358 90
person 0.0286 134 0 166 63
person 0.0286 245 34 268 82
person 0.0286 373 88 400 130
person 0.0285 245 103 263 140
person 0.0281 1 246 19 287
person 0.0281 286 111 311 142
person 0.0280 90 267 139 331
person 0.0279 401 78 429 111
person 0.0277 259 0 334 113
person 0.0276 410 40 429 80
person 0.0276 15 209 93 281
person 0.0276 383 73 406 109
person 0.0274 206 32 247 67
person 0.0273 299 106 345 158
person 0.0273 16 118 67 170
person 0.0273 298 93 330 135
person 0.0272 195 26 222 89
person 0.0270 116 0 153 65
person 0.0269 226 32 251 56
person 0.0269 209 31 242 47
person 0.0269 239 32 259 56
person 0.0268 321 7 406 109
person 0.0267 9 220 62 286
person 0.0265 290 100 350 138
person 0.0265 381 102 406 138
person 0.0264 268 95 303 138
person 0.0262 398 8 484 142
person 0.0260 15 119 50 143
person 0.0260 364 17 460 88
person 0.0258 320 116 347 158
person 0.0258 389 101 414 136
person 0.0257 72 198 101 255
person 0.0257 418 78 436 106
person 0.0257 261 28 302 95
person 0.0255 266 108 287 147
person 0.0254 396 2 431 65
person 0.0252 415 87 435 120
person 0.0252 150 101 178 129
person 0.0251 359 38 379 60
person 0.0250 470 104 493 142
person 0.0250 422 74 448 113
person 0.0250 154 8 172 45
person 0.0249 305 40 330 79
person 0.0249 405 98 430 135
person 0.0249 241 37 276 115
person 0.0249 353 10 390 69
person 0.0249 254 33 272 48
person 0.0248 391 67 500 141
person 0.0248 217 102 250 150
person 0.0246 236 115 258 150
person 0.0246 438 66 460 111
person 0.0244 8 0 94 98
person 0.0244 404 55 431 98
person 0.0244 363 65 383 89
person 0.0243 194 17 207 40
person 0.0243 248 7 290 63
person 0.0243 435 75 469 139
person 0.0242 184 16 208 70
person 0.0241 75 279 132 340
person 0.0241 65 301 124 342
person 0.0241 137 12 152 54
person 0.0238 390 76 418 111
person 0.0238 285 96 314 133
person 0.0238 258 29 287 51
person 0.0237 64 0 114 84
person 0.0237 321 47 368 107
person 0.0236 302 38 322 70
person 0.0236 489 107 500 153
person 0.0236 225 28 272 68
person 0.0236 302 110 327 140
person 0.0236 190 13 235 48
person 0.0235 197 49 221 127
person 0.0235 467 30 496 103
person 0.0234 158 65 246 143
person 0.0234 448 100 468 136
person 0.0232 372 34 396 58
person 0.0232 371 50 415 69
person 0.0231 200 68 216 114
person 0.0231 231 42 249 77
person 0.0231 434 46 462 79
person 0.0231 51 208 92 293
person 0.0230 67 199 92 229
person 0.0230 367 71 391 98
person 0.0229 332 74 352 98
person 0.0227 205 27 233 44
person 0.0227 367 75 409 95
person 0.0226 222 32 251 77
person 0.0225 405 36 419 61
person 0.0224 0 0 10 60
person 0.0224 420 47 448 82
person 0.0224 36 219 71 264
person 0.0224 411 68 428 92
person 0.0222 401 28 466 66
person 0.0222 61 308 77 333
person 0.0221 182 76 200 110
person 0.0221 369 53 448 96
person 0.0221 6 246 31 285
person 0.0221 438 41 497 148
person 0.0220 46 101 89 153
person 0.0218 244 72 260 121
person 0.0217 32 217 78 292
person 0.0217 0 243 23 310
person 0.0217 37 0 230 171
person 0.0215 263 34 286 72
person 0.0215 250 110 273 151
person 0.0215 67 291 131 368
person 0.0215 201 53 216 93
person 0.0214 24 126 46 159
person 0.0214 64 303 99 346
person 0.0213 2 0 30 36
person 0.0213 307 30 327 53
person 0.0213 127 74 166 132
person 0.0213 230 29 261 107
person 0.0213 296 116 319 156
person 0.0213 31 121 55 150
person 0.0213 154 2 200 63
person 0.0213 387 56 429 90
person 0.0212 400 62 420 87
person 0.0212 155 2 208 110
person 0.0212 423 105 444 141
person 0.0212 108 271 138 315
person 0.0211 196 87 215 128
person 0.0210 390 49 415 86
person 0.0210 365 34 383 50
person 0.0209 24 120 73 148
person 0.0209 110 254 153 319
person 0.0209 359 22 387 55
person 0.0208 437 95 459 136
person 0.0208 234 16 287 92
person 0.0208 60 199 81 228
pottedplant 0.0638 369 150 491 375
pottedplant 0.0483 334 171 400 291
pottedplant 0.0431 208 152 274 258
pottedplant 0.0411 422 255 498 375
pottedplant 0.0391 341 175 393 249
pottedplant 0.0367 348 174 442 375
pottedplant 0.0346 230 177 275 251
pottedplant 0.0325 460 274 499 375
pottedplant 0.0319 427 130 500 375
pottedplant 0.0312 329 86 462 375
pottedplant 0.0301 392 250 466 375
pottedplant 0.0293 264 85 398 375
pottedplant 0.0290 314 158 406 372
pottedplant 0.0280 261 157 338 302
pottedplant 0.0279 289 177 365 341
pottedplant 0.0268 309 295 339 355
pottedplant 0.0263 222 155 303 299
pottedplant 0.0261 141 235 179 312
pottedplant 0.0259 182 148 247 256
pottedplant 0.0255 125 76 150 133
pottedplant 0.0254 184 135 284 323
pottedplant 0.0249 196 102 332 363
pottedplant 0.0243 345 247 417 375
pottedplant 0.0242 287 254 349 375
pottedplant 0.0241 200 197 229 248
pottedplant 0.0239 360 167 429 301
pottedplant 0.0237 360 181 401 262
pottedplant 0.0234 391 200 439 306
pottedplant 0.0234 388 278 440 375
pottedplant 0.0232 216 192 273 279
pottedplant 0.0230 190 176 228 251
pottedplant 0.0223 299 184 343 254
pottedplant 0.0222 206 179 248 251
pottedplant 0.0222 265 201 334 362
pottedplant 0.0221 117 226 179 324
pottedplant 0.0221 379 179 419 252
pottedplant 0.0220 273 185 334 276
pottedplant 0.0220 315 182 353 252
pottedplant 0.0214 394 191 433 270
pottedplant 0.0214 311 260 356 368
pottedplant 0.0213 331 184 375 259
pottedplant 0.0209 130 222 173 293
pottedplant 0.0208 130 129 279 375
pottedplant 0.0203 269 184 312 253
pottedplant 0.0202 321 251 381 375
pottedplant 0.0200 301 167 375 272
pottedplant 0.0200 450 210 500 375
sheep 0.0228 140 357 199 374
sofa 0.0313 0 99 491 373
train 0.0421 136 18 377 146
train 0.0298 55 5 292 148
train 0.0261 52 0 500 157
train 0.0244 7 217 204 375
tvmonitor 0.1025 365 1 390 35
tvmonitor 0.0405 362 0 406 74
tvmonitor 0.0374 358 0 393 47
tvmonitor 0.0339 368 10 388 43
tvmonitor 0.0338 57 0 141 70
tvmonitor 0.0318 11 0 176 156
tvmonitor 0.0305 0 230 38 285
tvmonitor 0.0298 298 9 342 66
tvmonitor 0.0291 14 0 119 68
tvmonitor 0.0290 86 0 168 71
tvmonitor 0.0267 80 0 147 108
tvmonitor 0.0257 335 2 401 57
tvmonitor 0.0256 354 3 433 80
tvmonitor 0.0248 297 5 380 59
tvmonitor 0.0229 130 0 169 68
tvmonitor 0.0229 302 0 355 35
tvmonitor 0.0216 189 6 280 58
tvmonitor 0.0216 229 0 291 36
tvmonitor 0.0214 199 4 323 99
tvmonitor 0.0211 1 249 89 369
tvmonitor 0.0206 16 0 292 120
tvmonitor 0.0201 125 0 206 69
