bicycle 0.0645 0 104 458 309
bicycle 0.0349 0 321 88 356
bicycle 0.0251 0 308 51 356
bicycle 0.0233 0 294 99 356
bicycle 0.0222 8 332 59 355
bottle 0.0504 450 214 474 241
bottle 0.0211 424 220 468 241
car 0.9343 23 160 458 287
car 0.0807 0 98 469 356
car 0.0789 23 172 239 289
car 0.0676 19 179 135 288
car 0.0644 282 171 479 280
car 0.0475 175 153 206 165
car 0.0458 32 188 85 208
car 0.0439 18 220 203 288
car 0.0349 219 152 257 164
car 0.0344 31 180 115 211
car 0.0341 11 46 140 280
car 0.0336 430 106 496 229
car 0.0336 221 147 255 159
car 0.0296 421 189 471 241
car 0.0294 371 178 473 259
car 0.0268 308 159 477 230
car 0.0267 22 187 97 257
car 0.0261 0 0 378 232
car 0.0257 307 214 480 286
car 0.0246 411 140 489 268
car 0.0236 436 177 480 238
car 0.0230 187 153 219 163
car 0.0230 11 122 97 270
car 0.0226 14 155 162 229
car 0.0221 216 156 261 170
car 0.0219 352 105 484 285
car 0.0218 197 158 473 244
car 0.0217 176 155 214 168
car 0.0213 19 197 78 282
car 0.0208 423 163 489 229
car 0.0205 24 186 102 222
chair 0.0445 442 216 474 241
chair 0.0347 437 198 474 242
person 0.0789 0 0 246 356
person 0.0728 78 181 110 202
person 0.0665 488 110 500 187
person 0.0583 0 7 500 313
person 0.0499 480 198 499 231
person 0.0422 32 194 79 210
person 0.0401 56 181 114 204
person 0.0329 38 190 86 206
person 0.0312 73 180 97 204
person 0.0298 483 136 499 180
person 0.0294 63 183 92 202
person 0.0293 215 177 232 207
person 0.0277 13 32 172 286
person 0.0270 54 189 99 205
person 0.0261 54 186 77 208
person 0.0258 414 136 446 190
person 0.0257 453 111 499 208
person 0.0250 471 111 500 182
person 0.0246 87 182 107 197
person 0.0242 445 192 477 243
person 0.0230 31 183 98 210
person 0.0230 63 186 82 208
person 0.0228 423 195 471 248
person 0.0225 219 172 240 205
person 0.0223 470 194 500 238
person 0.0220 90 178 114 199
person 0.0211 208 176 225 207
person 0.0208 35 186 68 208
person 0.0204 438 132 489 209
person 0.0203 485 107 498 150
person 0.0202 27 34 114 168
person 0.0201 27 188 80 255
pottedplant 0.0506 412 133 445 191
pottedplant 0.0296 0 323 103 355
pottedplant 0.0269 0 295 121 356
pottedplant 0.0268 146 323 245 356
pottedplant 0.0254 414 138 438 177
pottedplant 0.0253 261 283 356 354
pottedplant 0.0238 131 300 266 356
pottedplant 0.0224 281 281 347 315
pottedplant 0.0212 23 287 244 356
pottedplant 0.0208 101 321 194 356
pottedplant 0.0201 399 124 437 186
sofa 0.0388 0 75 487 310
tvmonitor 0.0395 438 214 474 241
tvmonitor 0.0389 323 134 364 164
tvmonitor 0.0244 321 127 370 178
tvmonitor 0.0229 426 201 474 241
tvmonitor 0.0218 431 102 497 215
tvmonitor 0.0212 381 174 474 270
