bottle 0.0961 252 87 330 204
bottle 0.0820 400 344 480 375
bottle 0.0713 244 153 324 216
bottle 0.0708 237 148 314 266
bottle 0.0634 273 166 309 216
bottle 0.0623 263 94 316 168
bottle 0.0616 335 321 493 372
bottle 0.0575 271 72 353 172
bottle 0.0574 427 339 472 372
bottle 0.0521 260 131 312 210
bottle 0.0513 390 326 473 371
bottle 0.0510 260 306 474 370
bottle 0.0489 278 183 304 216
bottle 0.0482 213 60 446 200
bottle 0.0468 254 113 302 175
bottle 0.0466 404 358 470 374
bottle 0.0451 367 304 465 370
bottle 0.0444 234 77 391 174
bottle 0.0438 317 67 354 149
bottle 0.0428 276 81 331 155
bottle 0.0415 275 337 380 373
bottle 0.0401 388 302 438 369
bottle 0.0372 262 85 368 244
bottle 0.0361 229 163 304 222
bottle 0.0355 250 125 325 167
bottle 0.0350 213 15 397 161
bottle 0.0347 420 307 471 371
bottle 0.0345 250 191 312 277
bottle 0.0338 251 139 338 245
bottle 0.0337 253 173 316 228
bottle 0.0336 401 282 494 375
bottle 0.0334 297 77 346 157
bottle 0.0332 363 354 473 375
bottle 0.0315 410 348 457 373
bottle 0.0312 264 71 434 151
bottle 0.0310 364 360 422 374
bottle 0.0309 380 359 441 374
bottle 0.0300 213 359 268 375
bottle 0.0298 436 336 463 367
bottle 0.0296 435 356 494 374
bottle 0.0294 362 299 406 370
bottle 0.0285 356 333 448 375
bottle 0.0284 232 126 294 217
bottle 0.0282 281 325 428 371
bottle 0.0280 438 294 487 372
bottle 0.0279 271 159 322 201
bottle 0.0277 265 128 333 185
bottle 0.0276 218 126 360 216
bottle 0.0273 221 181 358 261
bottle 0.0272 276 171 307 199
bottle 0.0268 218 331 271 375
bottle 0.0265 268 136 313 168
bottle 0.0263 234 100 282 167
bottle 0.0262 287 305 380 371
bottle 0.0259 430 145 495 287
bottle 0.0257 282 296 331 370
bottle 0.0255 251 166 314 205
bottle 0.0252 373 312 426 375
bottle 0.0251 342 343 499 375
bottle 0.0248 70 303 89 345
bottle 0.0245 230 45 414 124
bottle 0.0244 255 153 342 194
bottle 0.0241 233 86 319 156
bottle 0.0241 234 171 287 243
bottle 0.0235 225 104 337 173
bottle 0.0235 233 100 486 289
bottle 0.0234 209 9 408 93
bottle 0.0233 204 338 313 372
bottle 0.0233 278 159 346 211
bottle 0.0229 231 360 291 374
bottle 0.0228 266 159 309 190
bottle 0.0227 349 300 390 369
bottle 0.0224 259 182 339 217
bottle 0.0219 288 168 311 202
bottle 0.0218 199 354 281 375
bottle 0.0217 230 164 385 240
bottle 0.0216 293 352 387 375
bottle 0.0215 222 333 403 375
bottle 0.0214 407 344 444 367
bottle 0.0214 288 141 312 168
bottle 0.0212 450 346 476 375
bottle 0.0210 92 337 200 372
bottle 0.0209 345 287 432 375
bottle 0.0209 280 133 305 165
bottle 0.0209 245 166 286 217
bottle 0.0207 272 152 315 170
bottle 0.0206 289 68 378 149
bottle 0.0206 282 336 307 374
bottle 0.0205 333 322 407 371
bottle 0.0204 340 355 429 375
bottle 0.0204 429 78 494 251
car 0.0312 39 178 276 302
chair 0.0477 57 305 93 373
chair 0.0474 7 313 96 374
chair 0.0467 50 335 96 374
chair 0.0352 64 291 90 356
chair 0.0317 17 336 108 373
chair 0.0306 213 290 500 375
chair 0.0295 53 284 118 372
chair 0.0213 70 306 90 348
diningtable 0.0259 0 226 278 375
horse 0.2282 191 7 496 363
horse 0.0294 234 71 497 220
person 0.7045 62 183 118 334
person 0.6181 80 186 324 375
person 0.4984 101 123 473 372
person 0.4668 227 27 500 368
person 0.4276 81 87 149 207
person 0.3972 63 184 164 372
person 0.3764 19 181 97 374
person 0.3668 0 170 32 355
person 0.3211 148 87 230 198
person 0.2520 71 114 141 275
person 0.2238 2 178 35 264
person 0.2107 180 87 232 170
person 0.1999 97 82 203 212
person 0.1924 147 84 288 214
person 0.1876 199 94 229 154
person 0.1808 184 136 337 374
person 0.1622 70 140 217 358
person 0.1431 60 95 160 329
person 0.1420 0 171 67 375
person 0.1391 126 91 276 290
person 0.1388 45 222 110 375
person 0.1371 49 147 121 286
person 0.1325 173 75 349 234
person 0.1288 227 84 318 223
person 0.1286 82 85 147 142
person 0.1155 1 258 80 371
person 0.1110 229 200 500 371
person 0.1085 138 160 267 324
person 0.1066 79 16 446 281
person 0.1066 155 122 247 237
person 0.1052 85 83 145 116
person 0.1049 178 89 251 210
person 0.1042 31 76 156 202
person 0.1040 396 0 497 82
person 0.1029 228 72 358 329
person 0.1022 237 172 354 369
person 0.1007 142 132 220 198
person 0.0994 69 178 125 263
person 0.0946 404 0 500 289
person 0.0940 0 175 30 231
person 0.0898 230 150 316 291
person 0.0890 226 64 420 251
person 0.0881 0 208 221 369
person 0.0843 83 102 190 276
person 0.0837 2 174 63 238
person 0.0837 44 59 328 355
person 0.0807 386 81 500 375
person 0.0804 112 190 233 354
person 0.0790 123 83 219 165
person 0.0788 204 82 241 152
person 0.0780 107 177 304 281
person 0.0772 90 172 178 299
person 0.0769 74 145 128 241
person 0.0765 240 107 335 270
person 0.0756 63 185 107 241
person 0.0727 88 211 198 375
person 0.0718 78 87 175 159
person 0.0716 171 150 293 246
person 0.0709 142 29 468 195
person 0.0701 90 101 136 176
person 0.0698 108 94 182 181
person 0.0684 53 182 105 273
person 0.0669 11 178 103 258
person 0.0664 453 234 500 375
person 0.0662 380 0 494 143
person 0.0636 130 252 455 374
person 0.0634 220 51 380 186
person 0.0634 453 0 499 65
person 0.0624 322 1 500 187
person 0.0622 99 28 246 209
person 0.0621 127 173 222 288
person 0.0603 140 162 224 214
person 0.0586 414 188 496 375
person 0.0580 83 186 120 242
person 0.0574 66 239 126 375
person 0.0569 31 175 144 323
person 0.0547 193 89 290 178
person 0.0537 26 182 80 229
person 0.0536 63 271 105 373
person 0.0533 128 182 238 228
person 0.0523 3 184 64 291
person 0.0517 93 107 165 236
person 0.0515 267 73 354 185
person 0.0512 190 167 284 288
person 0.0511 2 284 41 375
person 0.0507 97 95 143 117
person 0.0499 76 182 221 261
person 0.0494 72 41 152 165
person 0.0481 247 193 318 317
person 0.0480 94 109 262 224
person 0.0477 435 0 500 121
person 0.0476 143 91 196 160
person 0.0473 203 78 228 137
person 0.0473 278 5 490 105
person 0.0471 14 280 111 374
person 0.0465 62 186 87 233
person 0.0465 209 83 266 166
person 0.0464 87 122 129 192
person 0.0456 156 79 230 148
person 0.0437 202 112 281 224
person 0.0435 174 205 297 365
person 0.0435 97 174 258 242
person 0.0425 104 129 350 256
person 0.0416 131 73 341 167
person 0.0410 32 188 75 260
person 0.0409 141 149 197 204
person 0.0408 211 4 442 150
person 0.0408 65 171 154 246
person 0.0403 158 90 265 161
person 0.0402 214 226 327 374
person 0.0394 10 299 63 372
person 0.0393 296 43 500 266
person 0.0392 200 180 338 259
person 0.0392 157 9 315 209
person 0.0392 161 151 218 206
person 0.0384 306 253 497 372
person 0.0383 333 21 402 52
person 0.0383 272 320 450 372
person 0.0383 65 284 95 351
person 0.0381 147 155 286 210
person 0.0381 273 6 415 61
person 0.0380 120 119 184 209
person 0.0377 82 292 344 374
person 0.0375 459 0 499 33
person 0.0375 413 0 498 50
person 0.0375 92 141 137 228
person 0.0373 0 195 25 239
person 0.0372 307 68 402 196
person 0.0368 0 113 126 346
person 0.0364 82 103 117 167
person 0.0361 118 183 184 229
person 0.0361 182 79 236 134
person 0.0360 399 279 499 373
person 0.0358 157 35 249 170
person 0.0354 97 104 143 123
person 0.0353 324 14 410 72
person 0.0352 243 188 306 274
person 0.0350 86 288 222 372
person 0.0349 475 256 500 345
person 0.0348 103 108 148 166
person 0.0346 91 82 191 124
person 0.0345 204 309 403 371
person 0.0344 68 215 113 304
person 0.0342 2 334 88 373
person 0.0339 39 182 118 231
person 0.0338 336 0 447 112
person 0.0336 67 86 132 169
person 0.0335 12 63 88 201
person 0.0335 258 268 404 369
person 0.0330 2 174 33 208
person 0.0325 167 166 268 223
person 0.0323 94 185 174 245
person 0.0322 221 56 303 168
person 0.0320 92 189 117 230
person 0.0319 272 216 372 371
person 0.0318 4 62 37 163
person 0.0318 209 93 231 133
person 0.0316 382 45 479 209
person 0.0316 82 72 259 169
person 0.0311 78 124 194 199
person 0.0310 103 154 211 226
person 0.0310 205 73 227 110
person 0.0309 228 11 420 93
person 0.0309 164 175 221 231
person 0.0309 311 20 404 141
person 0.0308 0 241 27 375
person 0.0303 7 177 95 220
person 0.0302 191 133 337 215
person 0.0300 42 38 371 181
person 0.0299 130 136 172 203
person 0.0298 111 180 157 236
person 0.0298 13 81 224 272
person 0.0298 74 186 146 231
person 0.0298 175 120 240 188
person 0.0296 0 198 26 275
person 0.0295 9 165 277 310
person 0.0293 0 29 43 192
person 0.0292 119 84 172 145
person 0.0288 12 185 36 226
person 0.0287 379 222 482 372
person 0.0287 154 146 219 183
person 0.0286 170 93 220 155
person 0.0284 54 262 94 356
person 0.0284 82 207 120 289
person 0.0284 75 188 138 296
person 0.0283 211 106 231 153
person 0.0282 191 62 253 163
person 0.0280 24 194 80 300
person 0.0280 113 86 142 116
person 0.0279 68 247 109 328
person 0.0278 245 33 399 136
person 0.0278 201 109 253 170
person 0.0277 70 106 127 203
person 0.0277 61 186 101 207
person 0.0276 220 108 264 180
person 0.0275 171 121 311 193
person 0.0275 25 236 79 349
person 0.0272 307 10 403 47
person 0.0271 61 191 91 268
person 0.0270 93 92 130 135
person 0.0270 0 168 46 214
person 0.0266 427 345 500 375
person 0.0265 232 101 294 188
person 0.0265 283 139 428 362
person 0.0263 104 122 136 176
person 0.0262 198 95 221 132
person 0.0261 0 231 35 327
person 0.0261 193 21 283 162
person 0.0261 338 66 438 200
person 0.0260 83 104 127 124
person 0.0260 156 191 356 305
person 0.0259 332 3 471 64
person 0.0257 137 108 154 135
person 0.0256 394 0 442 67
person 0.0256 280 345 372 374
person 0.0255 147 175 217 203
person 0.0253 160 170 253 259
person 0.0251 344 22 396 41
person 0.0250 180 151 233 212
person 0.0249 231 91 281 161
person 0.0248 265 55 492 162
person 0.0247 152 182 210 244
person 0.0246 76 280 119 372
person 0.0243 422 0 500 22
person 0.0243 217 100 239 140
person 0.0243 284 278 363 375
person 0.0242 31 290 78 369
person 0.0242 267 149 364 310
person 0.0242 0 12 306 252
person 0.0241 91 100 155 134
person 0.0240 10 108 87 248
person 0.0240 171 114 279 170
person 0.0240 107 197 161 311
person 0.0239 71 67 160 128
person 0.0239 134 166 203 235
person 0.0239 10 20 213 181
person 0.0238 0 308 27 375
person 0.0237 311 71 361 172
person 0.0235 127 165 172 222
person 0.0235 150 157 249 193
person 0.0235 217 152 275 235
person 0.0234 86 93 126 119
person 0.0234 477 2 500 45
person 0.0233 57 297 157 375
person 0.0233 217 67 263 133
person 0.0232 63 203 85 252
person 0.0232 169 185 243 240
person 0.0231 100 195 122 233
person 0.0230 24 34 134 160
person 0.0228 178 71 231 112
person 0.0228 0 109 16 191
person 0.0226 91 322 286 372
person 0.0225 399 10 460 92
person 0.0223 0 109 38 254
person 0.0223 107 91 145 131
person 0.0221 98 173 166 221
person 0.0220 1 138 37 211
person 0.0219 74 110 162 174
person 0.0219 105 131 154 216
person 0.0218 93 206 118 248
person 0.0218 207 64 245 125
person 0.0217 202 165 253 226
person 0.0216 112 144 207 195
person 0.0216 248 325 378 372
person 0.0216 166 63 183 95
person 0.0215 6 14 83 163
person 0.0213 64 220 84 263
person 0.0212 132 90 212 136
person 0.0211 146 74 190 135
person 0.0210 133 108 157 152
person 0.0209 168 180 216 200
person 0.0208 171 71 213 89
person 0.0208 52 179 93 225
person 0.0207 429 150 496 319
person 0.0207 100 98 124 128
person 0.0206 461 216 499 326
person 0.0206 98 82 130 114
person 0.0205 0 191 113 303
person 0.0204 207 108 328 173
person 0.0204 329 109 461 348
person 0.0201 116 100 154 156
person 0.0201 94 221 117 262
sofa 0.0352 0 205 270 373
sofa 0.0295 0 197 129 356
sofa 0.0290 49 81 231 205
train 0.0825 0 6 500 267
train 0.0203 59 0 500 153
tvmonitor 0.0683 0 0 480 317
tvmonitor 0.0298 134 8 468 165
tvmonitor 0.0230 187 0 471 89
