bottle 0.0701 3 0 75 56
bottle 0.0597 27 0 72 38
bottle 0.0591 0 0 38 55
bottle 0.0323 0 3 22 51
bottle 0.0253 26 3 47 37
bottle 0.0245 214 85 478 204
bottle 0.0230 262 112 440 193
bottle 0.0205 11 2 38 39
cat 0.7530 7 108 289 375
cat 0.3195 0 60 500 375
cat 0.2475 317 83 500 375
cat 0.1224 3 109 248 263
cat 0.0979 4 126 157 375
cat 0.0849 0 112 111 202
cat 0.0825 3 24 444 215
cat 0.0652 155 102 387 352
cat 0.0622 328 221 497 375
cat 0.0544 29 100 347 212
cat 0.0516 152 95 500 267
cat 0.0515 14 116 203 197
cat 0.0509 153 102 369 196
cat 0.0507 3 123 100 271
cat 0.0474 113 113 292 192
cat 0.0470 137 37 500 172
cat 0.0410 8 120 128 172
cat 0.0408 32 136 223 332
cat 0.0398 327 300 500 371
cat 0.0331 212 112 244 161
cat 0.0327 215 103 312 158
cat 0.0325 0 212 226 375
cat 0.0312 76 222 463 371
cat 0.0304 334 73 497 209
cat 0.0291 232 109 405 193
cat 0.0283 210 87 435 222
cat 0.0276 5 187 95 375
cat 0.0266 45 99 232 169
cat 0.0251 2 113 49 190
cat 0.0251 0 40 270 164
cat 0.0226 445 55 500 199
cat 0.0213 282 0 500 199
cat 0.0212 214 104 324 204
cat 0.0206 394 50 500 268
cat 0.0203 305 101 473 239
chair 0.0723 0 0 500 375
chair 0.0654 0 0 496 174
chair 0.0427 0 0 87 152
chair 0.0408 0 0 84 70
chair 0.0338 0 0 195 162
chair 0.0289 256 21 468 296
chair 0.0275 0 6 332 124
chair 0.0263 2 0 248 255
chair 0.0244 311 243 387 375
chair 0.0229 158 0 390 190
chair 0.0224 0 54 137 153
chair 0.0221 30 0 74 40
chair 0.0216 291 217 491 375
chair 0.0214 254 49 500 177
chair 0.0212 1 0 45 80
diningtable 0.0289 0 0 446 173
diningtable 0.0253 0 19 393 293
dog 0.0720 315 121 500 375
dog 0.0296 0 111 141 169
dog 0.0213 344 309 500 373
dog 0.0206 307 263 498 374
person 0.1679 266 33 500 375
person 0.1016 31 9 500 358
person 0.0581 290 102 441 361
person 0.0398 312 169 414 368
person 0.0370 207 30 476 226
person 0.0358 7 112 66 162
person 0.0321 210 93 388 353
person 0.0284 9 113 127 162
person 0.0283 310 51 500 219
person 0.0255 192 203 403 374
person 0.0243 241 90 459 269
person 0.0236 294 211 379 368
person 0.0224 297 191 487 375
person 0.0219 148 96 318 345
person 0.0218 315 127 408 278
person 0.0216 2 0 84 75
person 0.0201 10 109 92 146
person 0.0201 1 79 72 170
sofa 0.1130 0 16 500 375
tvmonitor 0.0537 23 0 72 39
