bird 0.0229 212 301 496 372
bottle 0.0802 283 12 302 50
bottle 0.0742 174 164 243 301
bottle 0.0585 415 230 438 262
bottle 0.0582 0 152 49 303
bottle 0.0569 396 173 424 258
bottle 0.0559 280 11 308 66
bottle 0.0426 20 153 48 225
bottle 0.0417 408 226 427 262
bottle 0.0412 278 13 299 40
bottle 0.0385 401 221 418 263
bottle 0.0382 409 202 443 264
bottle 0.0355 207 5 245 57
bottle 0.0343 349 0 378 74
bottle 0.0341 217 22 242 55
bottle 0.0322 370 174 425 261
bottle 0.0315 388 203 418 263
bottle 0.0311 402 194 432 265
bottle 0.0310 403 176 451 258
bottle 0.0305 414 227 450 267
bottle 0.0299 394 223 413 262
bottle 0.0294 221 32 250 55
bottle 0.0292 234 32 275 52
bottle 0.0285 399 179 420 227
bottle 0.0275 334 164 377 238
bottle 0.0258 268 11 306 48
bottle 0.0258 224 29 290 56
bottle 0.0252 178 224 252 299
bottle 0.0251 312 69 327 105
bottle 0.0249 241 305 487 369
bottle 0.0249 186 177 278 335
bottle 0.0248 235 26 260 53
bottle 0.0244 270 11 289 41
bottle 0.0231 475 264 500 316
bottle 0.0219 417 214 434 253
bottle 0.0216 228 19 247 51
bottle 0.0215 213 17 266 55
bottle 0.0214 218 10 242 47
bottle 0.0213 204 0 272 46
bottle 0.0213 288 11 308 40
bottle 0.0212 359 0 378 55
bottle 0.0210 411 244 500 348
bottle 0.0210 316 66 332 95
bottle 0.0206 362 306 500 372
bottle 0.0204 356 172 409 253
cat 0.0381 353 318 500 374
cat 0.0271 240 301 495 373
chair 0.1095 410 166 498 293
chair 0.1038 317 92 388 189
chair 0.0574 315 61 385 155
chair 0.0546 401 173 465 266
chair 0.0437 320 91 379 147
chair 0.0376 151 179 475 374
chair 0.0348 306 7 456 149
chair 0.0339 366 131 493 254
chair 0.0331 345 113 387 181
chair 0.0315 404 0 495 208
chair 0.0311 0 188 311 375
chair 0.0311 384 5 471 160
chair 0.0278 326 14 379 132
chair 0.0277 281 6 374 111
chair 0.0274 316 100 359 155
chair 0.0263 234 273 497 368
chair 0.0257 338 73 409 184
chair 0.0254 234 1 275 54
chair 0.0253 344 58 490 214
chair 0.0236 344 69 386 142
chair 0.0225 324 52 435 159
chair 0.0223 0 303 195 369
chair 0.0222 347 175 443 263
chair 0.0222 436 194 491 282
chair 0.0220 331 164 500 305
chair 0.0216 351 96 385 150
chair 0.0215 300 90 454 172
chair 0.0213 418 196 468 276
chair 0.0211 404 230 499 283
chair 0.0211 369 230 497 353
chair 0.0210 257 40 416 124
chair 0.0208 455 173 500 272
dog 0.0355 357 318 500 374
person 0.7857 178 82 490 375
person 0.7415 0 39 258 365
person 0.5217 36 25 428 375
person 0.3348 28 9 267 224
person 0.3210 118 6 266 136
person 0.2375 133 65 294 345
person 0.2069 95 2 246 323
person 0.2062 198 83 396 312
person 0.1790 60 12 334 145
person 0.1748 192 12 335 124
person 0.1568 131 3 294 228
person 0.1532 161 33 395 214
person 0.1421 270 88 419 282
person 0.1331 319 93 388 234
person 0.1246 0 135 51 308
person 0.1229 353 75 495 286
person 0.1158 415 164 499 295
person 0.1063 5 58 168 310
person 0.1048 367 156 498 361
person 0.1013 85 0 470 248
person 0.0993 27 3 243 116
person 0.0971 243 23 324 122
person 0.0920 219 5 368 159
person 0.0871 0 68 87 295
person 0.0806 333 126 400 256
person 0.0747 149 12 457 149
person 0.0726 214 89 388 177
person 0.0707 177 67 299 259
person 0.0704 165 41 302 151
person 0.0697 127 2 248 87
person 0.0694 278 4 366 124
person 0.0683 195 65 352 148
person 0.0648 157 0 298 102
person 0.0640 302 84 405 190
person 0.0608 220 20 311 89
person 0.0602 0 85 50 248
person 0.0594 322 96 450 269
person 0.0580 264 26 384 185
person 0.0577 147 21 250 189
person 0.0573 0 29 215 177
person 0.0566 262 33 500 255
person 0.0565 207 45 333 209
person 0.0556 6 149 43 250
person 0.0553 245 0 435 202
person 0.0540 312 11 392 149
person 0.0525 168 3 250 61
person 0.0523 213 44 309 116
person 0.0519 59 61 239 147
person 0.0517 223 118 485 271
person 0.0498 1 64 150 197
person 0.0491 158 74 252 275
person 0.0478 125 58 220 248
person 0.0460 0 262 301 368
person 0.0453 203 3 280 60
person 0.0449 357 0 489 218
person 0.0426 98 0 205 106
person 0.0419 191 0 264 121
person 0.0416 297 220 500 375
person 0.0414 177 81 304 179
person 0.0413 326 0 380 112
person 0.0404 89 10 232 182
person 0.0399 277 31 322 109
person 0.0397 394 174 436 265
person 0.0391 119 2 192 64
person 0.0390 340 165 425 259
person 0.0387 20 154 48 223
person 0.0379 404 179 461 276
person 0.0377 246 81 360 222
person 0.0377 270 0 335 106
person 0.0375 424 222 498 347
person 0.0373 178 124 288 327
person 0.0370 10 0 157 137
person 0.0370 137 3 219 56
person 0.0366 265 4 314 85
person 0.0363 178 262 496 369
person 0.0361 202 13 248 79
person 0.0357 340 0 441 152
person 0.0357 42 0 187 86
person 0.0355 346 125 389 181
person 0.0355 332 156 373 247
person 0.0351 225 16 294 66
person 0.0348 202 42 248 110
person 0.0346 3 112 40 215
person 0.0339 170 157 250 312
person 0.0336 207 67 284 113
person 0.0329 210 74 324 122
person 0.0327 416 6 500 307
person 0.0321 229 40 289 79
person 0.0317 443 198 499 304
person 0.0309 12 134 52 214
person 0.0296 335 161 500 273
person 0.0295 289 27 344 117
person 0.0294 1 67 72 191
person 0.0294 361 272 496 369
person 0.0287 269 163 500 319
person 0.0286 0 131 31 276
person 0.0285 348 0 382 93
person 0.0282 283 2 322 74
person 0.0282 370 323 500 374
person 0.0280 201 67 253 129
person 0.0280 6 159 77 366
person 0.0279 171 12 243 135
person 0.0279 215 19 272 79
person 0.0276 1 83 41 169
person 0.0276 338 68 423 201
person 0.0276 330 107 382 191
person 0.0273 146 2 245 37
person 0.0268 265 35 307 100
person 0.0266 456 245 498 320
person 0.0265 112 0 159 66
person 0.0262 410 231 497 293
person 0.0260 251 5 298 63
person 0.0258 104 81 262 161
person 0.0255 2 17 95 154
person 0.0254 194 0 258 47
person 0.0253 0 106 25 196
person 0.0249 294 107 371 246
person 0.0249 267 5 303 50
person 0.0245 208 5 329 70
person 0.0245 294 0 347 90
person 0.0242 231 9 308 50
person 0.0240 306 122 428 337
person 0.0240 231 62 436 156
person 0.0239 75 0 284 66
person 0.0239 313 99 364 178
person 0.0237 314 0 363 93
person 0.0236 472 259 500 322
person 0.0235 138 116 226 304
person 0.0231 12 93 59 172
person 0.0229 25 157 44 206
person 0.0228 58 80 225 281
person 0.0227 122 1 210 36
person 0.0227 166 175 410 369
person 0.0224 300 50 338 120
person 0.0223 205 82 279 133
person 0.0223 225 89 347 137
person 0.0223 266 25 338 156
person 0.0219 100 57 192 198
person 0.0219 153 265 320 370
person 0.0215 422 100 498 248
person 0.0215 54 56 155 169
person 0.0215 347 0 408 118
person 0.0214 302 86 345 146
person 0.0211 191 47 237 125
person 0.0211 252 52 299 125
person 0.0208 161 204 252 361
person 0.0207 213 30 243 79
person 0.0204 210 21 250 60
person 0.0203 220 55 284 87
person 0.0201 315 139 376 264
pottedplant 0.0909 241 14 322 114
pottedplant 0.0615 266 17 314 98
pottedplant 0.0420 239 24 309 84
pottedplant 0.0404 280 0 354 107
pottedplant 0.0390 281 8 321 89
pottedplant 0.0277 249 6 320 72
pottedplant 0.0260 293 14 339 95
pottedplant 0.0252 231 30 289 70
pottedplant 0.0248 274 11 306 72
pottedplant 0.0228 236 22 300 52
pottedplant 0.0215 228 10 356 87
tvmonitor 0.0641 311 93 381 157
tvmonitor 0.0530 316 68 330 102
tvmonitor 0.0306 311 66 335 112
tvmonitor 0.0288 316 67 343 99
tvmonitor 0.0284 308 82 370 135
tvmonitor 0.0258 236 92 379 144
tvmonitor 0.0257 277 56 374 142
tvmonitor 0.0251 318 98 357 142
tvmonitor 0.0250 271 97 390 167
tvmonitor 0.0239 313 68 348 138
tvmonitor 0.0230 192 0 285 59
tvmonitor 0.0221 339 97 376 141
