bird 0.0258 303 338 423 372
boat 0.0687 0 57 33 121
boat 0.0497 2 59 20 109
boat 0.0384 2 59 62 138
boat 0.0349 0 86 47 125
boat 0.0310 6 61 27 104
boat 0.0306 1 101 41 119
boat 0.0263 9 106 48 121
boat 0.0243 26 105 48 119
boat 0.0243 0 42 15 122
boat 0.0233 0 101 59 128
boat 0.0232 0 86 26 117
bottle 0.0359 417 357 465 374
bottle 0.0223 351 200 413 348
bottle 0.0217 356 289 381 340
bus 0.0274 430 52 496 208
car 0.0432 485 107 499 150
car 0.0337 483 95 499 137
cat 0.0737 194 194 274 332
cat 0.0534 443 313 498 375
cat 0.0311 390 315 500 375
cat 0.0220 190 279 275 331
chair 0.0629 481 191 500 268
chair 0.0386 485 168 500 250
chair 0.0348 187 304 445 369
chair 0.0346 135 298 349 371
chair 0.0279 134 206 275 375
chair 0.0271 483 187 499 230
chair 0.0253 133 271 216 375
chair 0.0238 465 182 496 272
chair 0.0236 266 328 436 375
chair 0.0234 488 99 500 175
chair 0.0214 473 192 497 251
chair 0.0213 489 145 500 229
chair 0.0206 359 16 416 55
cow 0.0747 0 133 46 165
dog 0.6085 178 12 488 370
dog 0.1307 282 21 486 219
dog 0.1125 189 198 278 336
dog 0.1049 164 203 498 373
dog 0.0905 332 31 491 332
dog 0.0773 312 303 497 371
dog 0.0748 178 185 367 354
dog 0.0673 425 312 498 375
dog 0.0533 56 13 471 249
dog 0.0488 230 271 500 372
dog 0.0481 177 130 302 336
dog 0.0417 72 131 437 364
dog 0.0408 404 241 495 375
dog 0.0401 153 240 318 364
dog 0.0388 327 55 464 190
dog 0.0346 385 34 498 235
dog 0.0319 145 9 461 151
dog 0.0311 151 277 413 368
dog 0.0285 411 96 495 302
dog 0.0279 448 330 500 375
dog 0.0272 362 331 500 373
dog 0.0261 284 21 450 102
dog 0.0261 271 328 439 375
dog 0.0231 222 44 447 290
dog 0.0229 349 175 500 374
dog 0.0225 184 277 272 331
person 0.0984 355 74 494 375
person 0.0640 356 313 500 374
person 0.0576 209 187 495 370
person 0.0539 223 89 416 364
person 0.0534 144 193 279 375
person 0.0487 246 23 466 263
person 0.0460 33 109 50 137
person 0.0436 184 203 265 325
person 0.0427 379 203 479 371
person 0.0407 276 316 435 374
person 0.0372 411 146 493 353
person 0.0363 311 277 474 370
person 0.0359 296 189 426 370
person 0.0354 313 11 474 191
person 0.0347 83 0 500 375
person 0.0342 199 196 303 334
person 0.0341 191 79 345 341
person 0.0333 339 271 417 372
person 0.0327 252 182 385 366
person 0.0318 425 285 497 374
person 0.0291 349 223 440 369
person 0.0279 270 274 408 368
person 0.0277 431 96 496 262
person 0.0272 358 23 500 239
person 0.0268 28 107 47 127
person 0.0264 241 201 339 345
person 0.0258 145 91 272 339
person 0.0256 0 17 372 265
person 0.0255 286 224 372 365
person 0.0250 34 105 50 121
person 0.0248 356 278 384 341
person 0.0247 41 112 56 139
person 0.0245 380 338 493 372
person 0.0233 52 104 68 141
person 0.0229 257 19 422 98
person 0.0228 313 253 391 374
person 0.0217 278 53 382 197
person 0.0216 429 46 495 192
person 0.0215 244 40 365 234
person 0.0213 36 104 61 143
person 0.0206 56 99 76 141
person 0.0206 219 36 401 172
person 0.0204 22 102 50 133
person 0.0201 463 154 497 256
person 0.0200 339 213 401 355
pottedplant 0.5433 5 133 164 358
pottedplant 0.1451 0 335 91 372
pottedplant 0.1416 0 150 134 289
pottedplant 0.1210 1 90 365 375
pottedplant 0.1190 1 185 100 356
pottedplant 0.0990 0 330 48 370
pottedplant 0.0940 48 173 154 342
pottedplant 0.0931 100 182 164 261
pottedplant 0.0854 58 133 157 253
pottedplant 0.0812 0 332 22 373
pottedplant 0.0810 0 131 116 237
pottedplant 0.0799 19 333 58 364
pottedplant 0.0746 0 117 47 165
pottedplant 0.0735 0 354 92 375
pottedplant 0.0713 45 189 240 370
pottedplant 0.0647 0 135 45 198
pottedplant 0.0628 0 43 196 308
pottedplant 0.0621 0 357 49 375
pottedplant 0.0605 11 341 59 374
pottedplant 0.0590 0 306 109 371
pottedplant 0.0584 257 205 495 371
pottedplant 0.0578 35 111 50 142
pottedplant 0.0571 0 150 45 238
pottedplant 0.0567 123 188 164 242
pottedplant 0.0566 0 150 58 292
pottedplant 0.0557 58 181 161 276
pottedplant 0.0556 94 196 172 342
pottedplant 0.0543 26 135 131 205
pottedplant 0.0533 46 356 99 375
pottedplant 0.0531 89 134 146 182
pottedplant 0.0516 3 257 92 375
pottedplant 0.0511 195 107 235 161
pottedplant 0.0494 1 130 70 182
pottedplant 0.0484 50 136 118 183
pottedplant 0.0468 101 140 159 225
pottedplant 0.0466 13 333 42 363
pottedplant 0.0459 136 195 276 375
pottedplant 0.0450 1 183 45 267
pottedplant 0.0447 0 106 52 146
pottedplant 0.0445 0 141 45 170
pottedplant 0.0444 134 224 227 359
pottedplant 0.0438 0 0 469 318
pottedplant 0.0437 21 342 122 373
pottedplant 0.0422 28 113 47 145
pottedplant 0.0419 22 118 176 226
pottedplant 0.0419 177 142 191 162
pottedplant 0.0411 0 241 153 364
pottedplant 0.0409 207 132 223 160
pottedplant 0.0408 0 145 77 216
pottedplant 0.0404 199 131 215 160
pottedplant 0.0399 195 121 220 162
pottedplant 0.0393 5 333 52 355
pottedplant 0.0386 0 210 56 315
pottedplant 0.0383 41 115 56 143
pottedplant 0.0375 13 331 79 360
pottedplant 0.0373 0 221 20 266
pottedplant 0.0372 63 353 109 375
pottedplant 0.0372 109 214 161 275
pottedplant 0.0370 215 133 230 159
pottedplant 0.0364 101 112 156 183
pottedplant 0.0361 19 354 63 375
pottedplant 0.0358 0 345 37 374
pottedplant 0.0357 75 135 125 194
pottedplant 0.0357 101 238 184 375
pottedplant 0.0355 0 205 159 311
pottedplant 0.0355 193 132 208 160
pottedplant 0.0349 2 329 30 361
pottedplant 0.0348 10 165 159 244
pottedplant 0.0344 0 247 84 318
pottedplant 0.0342 40 333 97 375
pottedplant 0.0333 209 123 234 161
pottedplant 0.0331 12 139 109 178
pottedplant 0.0328 183 142 198 162
pottedplant 0.0322 17 115 41 145
pottedplant 0.0322 172 147 183 163
pottedplant 0.0321 66 129 156 191
pottedplant 0.0316 173 127 194 164
pottedplant 0.0316 113 162 167 240
pottedplant 0.0314 164 148 174 163
pottedplant 0.0312 91 119 251 342
pottedplant 0.0311 175 181 338 375
pottedplant 0.0308 175 111 211 165
pottedplant 0.0307 0 135 43 158
pottedplant 0.0306 23 104 50 139
pottedplant 0.0305 51 111 67 143
pottedplant 0.0303 0 195 24 271
pottedplant 0.0303 0 263 21 308
pottedplant 0.0301 191 142 212 160
pottedplant 0.0300 279 299 450 373
pottedplant 0.0300 0 236 37 308
pottedplant 0.0299 0 100 70 166
pottedplant 0.0299 0 165 36 325
pottedplant 0.0289 223 135 238 159
pottedplant 0.0289 58 133 139 170
pottedplant 0.0285 181 84 241 163
pottedplant 0.0284 91 106 175 213
pottedplant 0.0280 0 351 19 375
pottedplant 0.0279 77 358 129 374
pottedplant 0.0279 5 174 91 251
pottedplant 0.0278 43 354 76 375
pottedplant 0.0274 10 132 98 164
pottedplant 0.0271 62 331 109 375
pottedplant 0.0266 244 134 264 164
pottedplant 0.0266 0 215 35 279
pottedplant 0.0265 0 121 23 157
pottedplant 0.0265 2 118 37 144
pottedplant 0.0262 139 196 164 235
pottedplant 0.0262 130 206 163 253
pottedplant 0.0261 131 273 199 372
pottedplant 0.0260 0 59 86 289
pottedplant 0.0257 182 135 217 162
pottedplant 0.0257 22 110 61 148
pottedplant 0.0256 108 183 160 225
pottedplant 0.0253 157 147 167 163
pottedplant 0.0252 53 220 121 353
pottedplant 0.0252 0 19 352 211
pottedplant 0.0251 0 236 20 281
pottedplant 0.0250 2 84 158 190
pottedplant 0.0248 110 222 148 263
pottedplant 0.0247 9 123 45 151
pottedplant 0.0246 240 136 255 163
pottedplant 0.0246 30 346 84 375
pottedplant 0.0245 80 224 114 282
pottedplant 0.0243 112 145 146 187
pottedplant 0.0239 123 262 398 372
pottedplant 0.0237 200 134 231 161
pottedplant 0.0236 53 97 168 177
pottedplant 0.0234 56 104 75 143
pottedplant 0.0233 125 198 241 305
pottedplant 0.0232 12 108 45 131
pottedplant 0.0231 53 140 117 235
pottedplant 0.0231 2 0 44 66
pottedplant 0.0230 51 267 82 301
pottedplant 0.0230 82 210 157 292
pottedplant 0.0229 177 132 203 164
pottedplant 0.0228 43 98 75 147
pottedplant 0.0227 166 128 187 164
pottedplant 0.0223 232 138 246 162
pottedplant 0.0222 179 148 207 162
pottedplant 0.0220 71 252 151 375
pottedplant 0.0218 323 237 471 375
pottedplant 0.0217 95 217 140 269
pottedplant 0.0217 132 280 294 361
pottedplant 0.0216 23 318 78 370
pottedplant 0.0214 0 111 20 144
pottedplant 0.0214 68 341 164 374
pottedplant 0.0214 31 138 80 199
pottedplant 0.0211 130 190 161 226
pottedplant 0.0211 0 362 30 375
pottedplant 0.0210 35 152 99 248
pottedplant 0.0207 161 111 192 166
pottedplant 0.0207 140 188 163 217
pottedplant 0.0207 60 75 211 265
pottedplant 0.0206 28 340 65 367
pottedplant 0.0202 10 115 50 136
pottedplant 0.0201 3 213 93 292
pottedplant 0.0200 197 142 224 159
sheep 0.0260 0 137 50 164
