bird 0.0343 337 259 398 328
bird 0.0289 111 282 463 382
bird 0.0263 270 259 400 326
bottle 0.0412 344 258 393 326
cat 0.7325 106 71 416 344
cat 0.1096 89 64 278 322
cat 0.0643 236 109 408 287
cat 0.0551 106 73 368 230
cat 0.0429 56 157 359 368
cat 0.0416 104 206 413 334
cat 0.0320 106 83 244 193
cat 0.0315 266 110 396 224
cat 0.0308 145 264 415 349
cat 0.0300 337 260 399 329
cat 0.0274 196 244 395 323
cat 0.0273 306 178 406 326
cat 0.0255 182 91 352 298
cat 0.0246 103 94 201 238
cat 0.0224 104 164 254 325
cat 0.0220 146 76 312 164
cat 0.0211 143 80 298 272
chair 0.1103 49 7 389 346
chair 0.0874 0 48 145 368
chair 0.0841 140 66 473 355
chair 0.0567 19 60 263 359
chair 0.0555 65 43 302 256
chair 0.0520 338 72 500 354
chair 0.0442 11 4 308 131
chair 0.0422 0 29 221 259
chair 0.0396 408 112 500 359
chair 0.0379 0 187 178 383
chair 0.0365 343 0 499 234
chair 0.0363 128 13 409 224
chair 0.0319 261 0 500 326
chair 0.0296 268 95 460 298
chair 0.0284 313 214 500 396
chair 0.0267 447 153 500 311
chair 0.0259 6 8 164 137
chair 0.0250 198 177 495 356
chair 0.0247 138 283 497 387
chair 0.0247 445 56 500 378
chair 0.0233 376 160 478 326
chair 0.0228 279 11 445 243
chair 0.0226 0 271 216 390
chair 0.0223 4 51 151 219
chair 0.0213 49 80 173 311
chair 0.0211 417 0 500 176
chair 0.0209 238 87 404 216
chair 0.0207 5 128 93 352
chair 0.0200 237 0 492 166
diningtable 0.0245 67 104 500 397
dog 0.0221 106 265 391 348
person 0.0842 0 55 146 370
person 0.0261 3 5 158 123
sofa 0.3627 83 32 487 370
sofa 0.0773 21 37 395 269
sofa 0.0534 91 0 500 223
sofa 0.0492 64 14 390 154
sofa 0.0325 6 6 177 130
sofa 0.0230 31 0 415 100
sofa 0.0211 43 0 293 223
