aeroplane 0.0901 26 161 479 318
aeroplane 0.0696 0 0 500 319
aeroplane 0.0495 169 254 242 276
aeroplane 0.0356 0 164 361 272
aeroplane 0.0345 165 245 234 270
aeroplane 0.0338 215 235 379 330
aeroplane 0.0297 122 242 291 291
aeroplane 0.0263 163 152 500 276
aeroplane 0.0250 209 197 500 324
aeroplane 0.0242 169 248 329 313
aeroplane 0.0232 216 257 232 267
aeroplane 0.0230 199 253 280 278
aeroplane 0.0228 199 252 238 271
aeroplane 0.0218 154 201 336 307
aeroplane 0.0204 217 264 262 329
aeroplane 0.0204 185 240 253 270
bird 0.0453 0 0 500 289
bird 0.0286 208 0 500 198
boat 0.0409 0 6 500 305
boat 0.0364 199 164 500 270
boat 0.0333 32 183 456 327
boat 0.0256 20 169 336 265
boat 0.0215 288 165 499 239
bus 0.0301 457 229 499 254
car 0.8505 104 245 169 291
car 0.8477 385 240 424 269
car 0.6327 86 248 114 280
car 0.5152 180 255 219 270
car 0.2283 90 247 132 281
car 0.1462 177 255 201 270
car 0.1321 194 258 226 269
car 0.1141 105 248 142 287
car 0.1057 99 250 126 278
car 0.1031 107 247 132 272
car 0.0989 22 298 112 331
car 0.0853 204 258 234 268
car 0.0839 0 252 18 284
car 0.0800 0 273 108 333
car 0.0788 11 247 138 307
car 0.0779 172 255 189 271
car 0.0775 169 253 207 271
car 0.0765 35 246 163 289
car 0.0754 177 256 242 274
car 0.0753 205 262 237 272
car 0.0695 30 250 103 280
car 0.0685 148 251 168 278
car 0.0670 213 260 232 270
car 0.0665 90 247 119 267
car 0.0662 111 244 149 260
car 0.0642 123 244 165 260
car 0.0613 85 260 111 285
car 0.0574 137 319 203 331
car 0.0566 163 256 176 275
car 0.0546 24 293 171 333
car 0.0531 124 244 168 277
car 0.0522 101 246 131 260
car 0.0506 2 257 84 289
car 0.0495 78 265 177 330
car 0.0487 189 265 229 276
car 0.0482 103 244 246 289
car 0.0482 91 299 186 331
car 0.0456 381 245 395 270
car 0.0451 168 255 183 277
car 0.0436 83 246 115 260
car 0.0424 394 253 427 270
car 0.0421 0 254 40 282
car 0.0411 173 256 217 279
car 0.0402 161 251 192 273
car 0.0399 217 262 230 272
car 0.0398 71 254 107 281
car 0.0395 0 269 47 329
car 0.0394 161 259 175 285
car 0.0391 83 268 101 278
car 0.0388 193 254 230 266
car 0.0387 218 261 239 275
car 0.0378 5 208 96 306
car 0.0370 121 249 215 283
car 0.0365 80 269 93 280
car 0.0362 5 251 39 265
car 0.0358 107 250 124 266
car 0.0356 0 263 26 289
car 0.0356 388 238 464 271
car 0.0354 151 248 181 275
car 0.0354 210 265 240 278
car 0.0353 481 228 498 255
car 0.0352 1 250 23 269
car 0.0342 222 260 238 270
car 0.0341 77 265 87 280
car 0.0341 55 244 113 285
car 0.0339 149 245 171 265
car 0.0337 0 276 42 292
car 0.0336 0 262 63 309
car 0.0333 384 239 419 257
car 0.0332 81 241 140 273
car 0.0330 162 253 179 268
car 0.0328 79 262 94 277
car 0.0327 149 261 172 284
car 0.0320 181 257 203 278
car 0.0319 0 297 79 331
car 0.0315 63 296 126 333
car 0.0313 99 241 166 271
car 0.0310 71 265 83 279
car 0.0309 112 269 167 292
car 0.0304 0 255 11 294
car 0.0302 191 258 206 268
car 0.0296 32 252 69 262
car 0.0293 50 300 102 327
car 0.0292 209 258 223 270
car 0.0284 16 251 56 262
car 0.0282 6 266 97 297
car 0.0280 2 247 61 283
car 0.0279 4 264 50 280
car 0.0278 163 260 185 274
car 0.0277 0 273 21 302
car 0.0276 190 253 211 264
car 0.0273 7 255 48 269
car 0.0271 3 313 89 333
car 0.0271 116 243 147 253
car 0.0270 116 247 133 256
car 0.0270 95 242 124 252
car 0.0268 9 241 101 271
car 0.0267 4 252 30 276
car 0.0265 413 235 497 331
car 0.0263 383 256 410 269
car 0.0263 464 231 498 252
car 0.0263 136 256 172 286
car 0.0261 381 241 403 263
car 0.0260 78 271 87 283
car 0.0260 2 244 17 267
car 0.0260 61 269 89 278
car 0.0259 61 256 94 280
car 0.0259 23 318 69 332
car 0.0257 187 258 198 268
car 0.0257 128 308 226 332
car 0.0256 16 261 68 275
car 0.0256 107 243 133 252
car 0.0253 219 244 323 333
car 0.0253 376 252 389 265
car 0.0252 29 256 71 267
car 0.0251 0 258 21 323
car 0.0250 351 242 411 268
car 0.0247 0 246 41 270
car 0.0246 2 231 126 290
car 0.0242 135 249 289 305
car 0.0240 53 252 85 261
car 0.0237 0 290 26 333
car 0.0235 77 251 101 262
car 0.0233 87 254 148 291
car 0.0232 173 262 198 280
car 0.0231 376 257 394 268
car 0.0230 76 257 88 276
car 0.0229 2 254 69 272
car 0.0226 83 228 117 274
car 0.0226 103 274 147 291
car 0.0223 77 256 95 273
car 0.0222 123 319 178 331
car 0.0222 138 243 188 275
car 0.0220 4 248 66 266
car 0.0219 70 260 83 275
car 0.0219 229 233 500 331
car 0.0218 450 238 499 255
car 0.0218 193 258 234 279
car 0.0218 57 263 89 274
car 0.0216 116 250 128 259
car 0.0216 382 253 400 270
car 0.0216 38 262 81 274
car 0.0215 61 274 87 282
car 0.0214 72 273 91 282
car 0.0214 216 264 246 316
car 0.0214 20 258 92 276
car 0.0213 400 240 426 260
car 0.0213 25 267 72 279
car 0.0213 41 268 81 278
car 0.0213 424 235 497 270
car 0.0212 97 245 118 257
car 0.0212 144 243 165 268
car 0.0212 187 248 217 259
car 0.0211 154 251 201 280
car 0.0211 3 270 50 286
car 0.0211 128 323 188 333
car 0.0210 483 224 498 245
car 0.0209 368 252 383 265
car 0.0209 54 257 88 267
car 0.0208 203 259 246 275
car 0.0205 367 244 398 268
car 0.0204 0 250 12 271
car 0.0204 110 248 126 256
car 0.0204 87 270 109 290
car 0.0203 127 242 163 254
car 0.0203 96 240 184 317
car 0.0202 66 252 91 261
car 0.0202 143 314 174 333
car 0.0202 149 315 218 333
car 0.0201 165 259 236 286
car 0.0200 162 255 186 285
car 0.0200 89 244 109 257
chair 0.0335 42 0 500 293
chair 0.0266 199 167 492 248
chair 0.0215 204 67 489 326
chair 0.0215 223 171 368 257
diningtable 0.0236 134 166 498 256
person 0.1192 68 305 97 332
person 0.1093 88 302 108 333
person 0.1075 44 305 106 332
person 0.0903 54 309 80 333
person 0.0704 39 315 86 332
person 0.0636 44 309 73 333
person 0.0587 79 300 101 330
person 0.0556 1 0 500 321
person 0.0412 106 251 134 283
person 0.0403 64 300 89 329
person 0.0364 3 0 166 263
person 0.0358 215 262 233 282
person 0.0338 221 261 238 276
person 0.0337 376 254 386 268
person 0.0326 26 290 90 333
person 0.0312 218 263 240 292
person 0.0305 81 300 120 333
person 0.0296 2 307 85 332
person 0.0292 72 300 92 323
person 0.0284 51 297 86 331
person 0.0282 224 261 236 272
person 0.0277 103 206 175 289
person 0.0257 376 249 386 264
person 0.0250 208 261 226 280
person 0.0246 218 260 229 270
person 0.0243 40 305 63 330
person 0.0233 368 253 379 267
person 0.0225 58 302 97 321
person 0.0224 29 316 62 333
person 0.0220 96 305 122 333
person 0.0219 36 323 87 333
person 0.0208 424 307 445 333
sofa 0.0249 0 0 500 333
train 0.0307 5 0 492 325
train 0.0251 417 282 497 332
train 0.0214 441 229 500 255
