bottle 0.5865 82 187 112 257
bottle 0.5757 118 175 143 255
bottle 0.3511 121 174 138 231
bottle 0.3261 103 181 129 252
bottle 0.2783 68 169 111 252
bottle 0.2079 111 190 137 249
bottle 0.1833 127 198 144 248
bottle 0.1668 141 216 163 248
bottle 0.1616 135 216 150 250
bottle 0.1381 90 189 114 231
bottle 0.1352 72 189 100 259
bottle 0.1183 111 217 134 251
bottle 0.1037 117 174 132 220
bottle 0.1009 112 160 150 239
bottle 0.0969 137 214 175 249
bottle 0.0940 76 186 108 229
bottle 0.0937 123 195 164 253
bottle 0.0908 68 196 83 237
bottle 0.0880 99 168 135 233
bottle 0.0868 57 196 73 234
bottle 0.0859 73 195 88 241
bottle 0.0854 60 184 91 254
bottle 0.0846 125 174 152 231
bottle 0.0833 115 203 152 249
bottle 0.0820 56 132 116 253
bottle 0.0795 137 321 229 374
bottle 0.0794 132 181 149 220
bottle 0.0773 193 320 231 341
bottle 0.0716 105 216 122 250
bottle 0.0671 134 187 185 249
bottle 0.0664 27 199 72 262
bottle 0.0629 88 163 143 256
bottle 0.0612 153 215 181 248
bottle 0.0605 189 321 228 373
bottle 0.0603 105 197 122 232
bottle 0.0598 52 184 77 241
bottle 0.0586 47 194 110 260
bottle 0.0578 94 186 115 216
bottle 0.0547 103 140 162 248
bottle 0.0532 132 195 150 233
bottle 0.0526 43 194 73 247
bottle 0.0524 92 203 113 251
bottle 0.0514 106 188 120 218
bottle 0.0507 143 319 335 374
bottle 0.0504 210 222 306 357
bottle 0.0479 71 212 90 257
bottle 0.0478 114 174 175 260
bottle 0.0467 117 172 140 202
bottle 0.0459 50 202 71 241
bottle 0.0452 129 212 158 247
bottle 0.0448 133 174 167 235
bottle 0.0443 83 186 112 213
bottle 0.0429 134 205 190 272
bottle 0.0398 180 274 336 368
bottle 0.0395 182 320 273 374
bottle 0.0393 32 218 65 265
bottle 0.0372 433 168 450 212
bottle 0.0359 150 202 196 256
bottle 0.0339 99 212 138 253
bottle 0.0331 123 182 144 218
bottle 0.0327 138 169 185 227
bottle 0.0320 139 214 166 235
bottle 0.0319 141 179 161 219
bottle 0.0314 195 334 220 374
bottle 0.0309 103 182 124 227
bottle 0.0303 145 203 160 228
bottle 0.0299 146 345 222 374
bottle 0.0295 149 216 170 242
bottle 0.0295 72 152 108 214
bottle 0.0294 173 320 232 350
bottle 0.0293 111 181 139 223
bottle 0.0292 211 260 299 318
bottle 0.0291 65 225 87 261
bottle 0.0284 122 155 163 222
bottle 0.0281 57 208 73 249
bottle 0.0280 429 167 444 211
bottle 0.0276 47 224 69 263
bottle 0.0275 193 331 385 375
bottle 0.0274 261 247 299 299
bottle 0.0268 185 293 233 361
bottle 0.0266 240 348 323 375
bottle 0.0265 22 216 53 264
bottle 0.0264 110 180 121 205
bottle 0.0259 51 189 70 224
bottle 0.0254 153 357 211 374
bottle 0.0253 61 191 88 231
bottle 0.0252 236 255 301 302
bottle 0.0251 265 247 293 281
bottle 0.0248 115 194 143 232
bottle 0.0245 110 222 148 244
bottle 0.0241 260 340 374 373
bottle 0.0241 154 170 200 237
bottle 0.0240 145 257 264 373
bottle 0.0239 63 214 104 261
bottle 0.0239 39 203 66 236
bottle 0.0232 180 349 218 375
bottle 0.0230 108 204 133 236
bottle 0.0230 212 33 230 69
bottle 0.0229 244 359 304 374
bottle 0.0228 203 258 227 291
bottle 0.0228 71 180 123 278
bottle 0.0228 70 192 91 223
bottle 0.0226 300 324 370 371
bottle 0.0226 56 226 75 262
bottle 0.0226 84 166 119 233
bottle 0.0223 188 318 215 342
bottle 0.0223 33 179 73 237
bottle 0.0219 257 264 298 314
bottle 0.0219 48 162 83 234
bottle 0.0218 257 354 361 375
bottle 0.0217 126 234 217 357
bottle 0.0217 68 182 84 220
bottle 0.0216 135 172 153 203
bottle 0.0214 278 251 385 375
bottle 0.0212 124 149 198 247
bottle 0.0211 221 245 292 287
bottle 0.0211 57 183 77 219
bottle 0.0211 100 189 114 209
bottle 0.0211 74 180 89 218
bottle 0.0209 259 267 295 292
bottle 0.0203 192 325 225 356
bottle 0.0203 173 277 245 370
chair 0.1466 439 249 499 375
chair 0.0641 186 217 434 374
chair 0.0569 355 134 487 375
chair 0.0554 351 255 488 375
chair 0.0537 220 302 424 371
chair 0.0533 400 283 499 375
chair 0.0524 418 149 497 375
chair 0.0475 281 152 435 375
chair 0.0445 0 125 99 347
chair 0.0442 343 218 436 373
chair 0.0374 309 301 470 372
chair 0.0370 431 314 495 375
chair 0.0345 289 266 430 372
chair 0.0333 362 319 499 374
chair 0.0309 396 335 495 373
chair 0.0308 372 277 452 375
chair 0.0304 351 337 445 373
chair 0.0302 132 333 224 373
chair 0.0287 94 319 236 373
chair 0.0263 187 141 427 326
chair 0.0259 483 269 500 346
chair 0.0258 298 330 455 375
chair 0.0257 415 224 484 356
chair 0.0247 392 225 459 348
chair 0.0247 2 230 93 373
chair 0.0245 460 300 500 375
chair 0.0243 4 199 37 260
chair 0.0243 343 289 426 375
chair 0.0235 0 317 134 371
chair 0.0233 466 269 499 343
chair 0.0227 397 307 467 375
chair 0.0220 199 203 311 320
chair 0.0220 0 331 47 373
chair 0.0218 436 279 492 350
chair 0.0206 0 172 51 346
chair 0.0205 1 191 60 270
chair 0.0205 484 272 499 315
chair 0.0205 404 218 454 310
chair 0.0203 387 317 439 375
chair 0.0202 439 200 490 332
chair 0.0200 2 299 43 369
diningtable 0.3121 0 247 392 370
diningtable 0.1558 0 127 442 375
diningtable 0.1344 166 209 464 374
diningtable 0.1333 69 291 419 375
diningtable 0.1016 15 155 227 346
diningtable 0.0742 10 231 290 325
diningtable 0.0631 101 249 317 361
diningtable 0.0617 36 313 275 372
diningtable 0.0612 115 181 172 250
diningtable 0.0603 1 220 178 363
diningtable 0.0541 91 182 139 251
diningtable 0.0529 2 113 143 353
diningtable 0.0512 49 234 243 301
diningtable 0.0493 36 189 117 263
diningtable 0.0478 60 194 181 256
diningtable 0.0478 161 320 367 373
diningtable 0.0465 7 205 236 289
diningtable 0.0455 105 208 191 254
diningtable 0.0448 123 297 300 375
diningtable 0.0447 154 279 358 365
diningtable 0.0441 27 140 177 267
diningtable 0.0398 28 120 296 301
diningtable 0.0383 128 194 189 246
diningtable 0.0375 96 169 193 258
diningtable 0.0364 113 208 155 256
diningtable 0.0359 89 199 200 279
diningtable 0.0337 72 192 125 262
diningtable 0.0333 16 205 80 264
diningtable 0.0322 7 282 244 360
diningtable 0.0306 67 243 223 347
diningtable 0.0303 0 202 105 323
diningtable 0.0292 172 257 344 338
diningtable 0.0283 79 220 152 257
diningtable 0.0273 14 168 134 240
diningtable 0.0270 131 157 337 360
diningtable 0.0268 30 217 107 260
diningtable 0.0263 69 151 158 239
diningtable 0.0252 87 179 168 230
diningtable 0.0250 123 167 193 228
diningtable 0.0239 127 234 291 300
diningtable 0.0217 167 198 315 336
diningtable 0.0214 192 234 326 375
diningtable 0.0212 78 177 252 267
diningtable 0.0208 74 176 270 374
diningtable 0.0207 1 215 127 272
diningtable 0.0200 137 213 201 252
dog 0.0309 0 1 201 107
person 0.8498 194 82 411 367
person 0.3879 194 87 337 301
person 0.1709 298 69 465 374
person 0.1603 458 0 500 375
person 0.1546 53 48 455 375
person 0.1173 14 102 157 307
person 0.0947 48 101 230 327
person 0.0806 416 31 500 375
person 0.0621 190 86 305 216
person 0.0580 31 2 196 107
person 0.0531 66 0 208 230
person 0.0530 366 35 485 343
person 0.0519 435 28 497 261
person 0.0515 162 91 275 259
person 0.0503 68 89 268 240
person 0.0487 64 0 181 74
person 0.0446 290 117 421 326
person 0.0427 334 144 445 358
person 0.0426 0 98 101 346
person 0.0382 140 144 351 375
person 0.0381 98 150 176 260
person 0.0355 107 94 375 257
person 0.0355 0 9 127 217
person 0.0344 96 121 224 251
person 0.0342 14 35 313 225
person 0.0338 200 91 258 183
person 0.0335 200 116 296 262
person 0.0330 203 88 282 154
person 0.0319 212 153 304 332
person 0.0298 2 0 82 113
person 0.0297 217 89 396 243
person 0.0280 3 0 68 62
person 0.0277 430 166 451 214
person 0.0274 344 85 449 295
person 0.0263 316 144 410 286
person 0.0259 453 4 500 183
person 0.0241 230 162 367 375
person 0.0238 0 87 296 375
person 0.0235 427 166 445 203
person 0.0230 243 89 327 229
person 0.0228 203 86 251 142
person 0.0221 119 0 177 66
person 0.0221 382 136 466 323
person 0.0219 437 137 491 317
person 0.0212 195 95 234 168
person 0.0208 439 39 493 162
person 0.0201 169 79 254 201
pottedplant 0.5493 2 106 111 244
pottedplant 0.1480 0 131 81 217
pottedplant 0.1317 52 114 139 243
pottedplant 0.1151 0 109 18 163
pottedplant 0.1139 72 127 125 192
pottedplant 0.1028 58 124 115 222
pottedplant 0.1009 5 156 72 260
pottedplant 0.0981 7 108 98 183
pottedplant 0.0944 17 104 180 292
pottedplant 0.0887 89 120 182 241
pottedplant 0.0847 0 120 42 199
pottedplant 0.0808 5 42 160 217
pottedplant 0.0806 93 131 123 157
pottedplant 0.0793 1 147 46 216
pottedplant 0.0766 0 168 22 207
pottedplant 0.0760 80 127 143 215
pottedplant 0.0714 77 118 98 149
pottedplant 0.0700 0 97 88 340
pottedplant 0.0695 66 116 99 165
pottedplant 0.0691 74 127 144 166
pottedplant 0.0640 7 196 70 251
pottedplant 0.0634 1 168 45 245
pottedplant 0.0587 58 56 210 250
pottedplant 0.0585 20 115 149 177
pottedplant 0.0579 0 112 31 169
pottedplant 0.0578 0 116 21 194
pottedplant 0.0567 0 170 107 281
pottedplant 0.0556 56 120 115 173
pottedplant 0.0550 23 208 64 264
pottedplant 0.0533 0 105 51 161
pottedplant 0.0510 7 108 63 145
pottedplant 0.0493 77 121 120 157
pottedplant 0.0461 92 131 158 179
pottedplant 0.0456 106 140 154 231
pottedplant 0.0454 43 121 97 193
pottedplant 0.0438 42 135 102 241
pottedplant 0.0423 0 166 63 203
pottedplant 0.0408 140 344 217 374
pottedplant 0.0399 0 143 54 302
pottedplant 0.0383 73 151 143 264
pottedplant 0.0378 73 149 127 212
pottedplant 0.0376 31 110 102 163
pottedplant 0.0368 0 175 87 232
pottedplant 0.0367 3 109 27 147
pottedplant 0.0361 0 157 34 204
pottedplant 0.0358 24 155 160 242
pottedplant 0.0348 65 125 180 186
pottedplant 0.0347 62 116 91 148
pottedplant 0.0337 26 108 57 135
pottedplant 0.0337 133 137 156 167
pottedplant 0.0335 25 153 73 228
pottedplant 0.0335 0 143 23 243
pottedplant 0.0329 0 66 108 166
pottedplant 0.0323 65 172 115 229
pottedplant 0.0323 0 133 23 169
pottedplant 0.0317 117 134 157 164
pottedplant 0.0305 81 132 122 171
pottedplant 0.0304 65 84 149 203
pottedplant 0.0304 49 117 105 152
pottedplant 0.0303 71 140 107 195
pottedplant 0.0299 77 129 101 163
pottedplant 0.0294 2 174 33 224
pottedplant 0.0286 8 203 47 261
pottedplant 0.0285 13 115 38 147
pottedplant 0.0277 0 46 277 337
pottedplant 0.0275 96 132 152 158
pottedplant 0.0266 3 193 35 251
pottedplant 0.0266 91 57 188 208
pottedplant 0.0265 55 154 95 232
pottedplant 0.0265 4 121 64 168
pottedplant 0.0265 0 160 25 192
pottedplant 0.0264 3 96 191 191
pottedplant 0.0257 43 6 180 180
pottedplant 0.0257 10 111 45 138
pottedplant 0.0256 18 112 53 154
pottedplant 0.0252 55 114 78 148
pottedplant 0.0251 8 157 94 199
pottedplant 0.0248 28 110 69 167
pottedplant 0.0246 41 134 108 170
pottedplant 0.0244 4 193 68 225
pottedplant 0.0240 81 122 110 146
pottedplant 0.0236 22 106 84 151
pottedplant 0.0234 0 174 14 212
pottedplant 0.0234 0 150 60 192
pottedplant 0.0230 99 130 118 148
pottedplant 0.0227 9 124 94 157
pottedplant 0.0224 122 138 165 212
pottedplant 0.0222 0 138 17 208
pottedplant 0.0218 74 131 114 153
pottedplant 0.0216 13 126 38 159
pottedplant 0.0216 1 106 18 140
pottedplant 0.0214 23 204 68 237
pottedplant 0.0212 4 176 41 203
pottedplant 0.0209 0 57 261 180
pottedplant 0.0207 49 110 69 142
pottedplant 0.0205 28 134 131 189
pottedplant 0.0203 0 124 15 177
pottedplant 0.0201 0 50 71 208
pottedplant 0.0200 6 199 45 236
sofa 0.0231 0 16 500 339
train 0.0246 0 0 500 117
