bird 0.2292 203 0 282 114
bird 0.2102 109 31 177 93
bird 0.0659 62 24 184 106
bird 0.0622 119 12 283 130
bird 0.0539 199 51 291 138
bird 0.0520 224 1 275 89
bird 0.0499 184 0 305 155
bird 0.0473 205 1 256 89
bird 0.0461 206 78 279 129
bird 0.0388 206 59 275 110
bird 0.0355 96 48 196 126
bird 0.0354 74 10 172 78
bird 0.0332 0 315 96 420
bird 0.0328 99 89 160 119
bird 0.0320 231 22 285 133
bird 0.0275 114 78 182 118
bird 0.0273 94 81 208 155
bird 0.0272 231 82 282 118
bird 0.0261 117 96 156 116
bird 0.0257 214 3 326 88
bird 0.0253 113 13 217 92
bird 0.0246 1 304 89 364
bird 0.0245 246 86 279 113
bird 0.0243 181 81 286 150
bird 0.0239 204 56 263 91
bird 0.0237 96 55 169 102
bird 0.0235 116 13 185 70
bird 0.0235 78 72 170 126
bird 0.0229 116 37 155 88
bird 0.0221 0 280 84 338
bird 0.0216 236 55 288 117
bird 0.0208 167 4 275 83
bird 0.0206 115 66 165 94
bird 0.0202 243 71 283 139
bird 0.0202 79 0 282 86
boat 0.0595 0 296 70 342
boat 0.0447 0 299 90 381
boat 0.0292 9 311 64 338
boat 0.0238 0 287 45 335
boat 0.0229 0 310 37 337
bottle 0.0834 201 0 279 103
bottle 0.0478 0 315 97 415
bottle 0.0440 13 143 58 194
bottle 0.0328 3 304 75 350
bottle 0.0301 0 231 98 361
bottle 0.0300 205 2 275 57
bottle 0.0295 238 4 281 88
bottle 0.0251 0 135 96 326
bottle 0.0248 50 0 362 133
bottle 0.0241 0 289 53 341
bottle 0.0236 114 151 189 317
bottle 0.0209 294 149 318 184
bottle 0.0200 6 123 101 199
car 0.0266 339 393 371 467
car 0.0261 0 292 71 338
cat 0.6093 0 340 270 468
cat 0.5050 226 312 366 468
cat 0.4600 68 318 357 469
cat 0.4006 0 162 371 450
cat 0.1421 5 323 152 462
cat 0.1166 185 227 375 473
cat 0.1002 0 265 328 495
cat 0.0880 6 15 342 371
cat 0.0849 225 319 341 412
cat 0.0834 91 369 267 469
cat 0.0653 3 52 202 448
cat 0.0619 187 362 339 468
cat 0.0493 28 387 182 463
cat 0.0438 0 301 97 437
cat 0.0432 0 113 110 303
cat 0.0416 236 321 316 374
cat 0.0385 2 49 114 204
cat 0.0380 1 132 196 331
cat 0.0373 0 107 85 229
cat 0.0372 0 243 223 438
cat 0.0368 294 309 370 466
cat 0.0365 164 53 375 497
cat 0.0340 0 370 121 456
cat 0.0339 266 199 368 434
cat 0.0326 81 423 162 463
cat 0.0309 8 50 211 216
cat 0.0304 123 278 299 500
cat 0.0291 313 236 373 430
cat 0.0287 163 380 254 476
cat 0.0269 41 357 204 444
cat 0.0266 235 388 368 466
cat 0.0264 4 87 152 249
cat 0.0258 264 308 359 406
cat 0.0250 225 319 285 380
cat 0.0246 263 317 328 364
cat 0.0245 210 241 341 397
cat 0.0237 217 317 302 473
cat 0.0226 160 312 301 409
cat 0.0217 34 89 183 188
chair 0.0314 0 325 94 446
chair 0.0238 0 296 151 452
chair 0.0213 0 387 86 447
chair 0.0206 0 292 58 429
chair 0.0201 0 269 59 337
dog 0.0389 0 318 99 412
dog 0.0347 0 368 109 455
person 0.0544 352 28 372 94
person 0.0420 346 0 374 83
person 0.0326 359 20 373 76
person 0.0313 354 25 369 72
person 0.0304 326 3 371 92
person 0.0286 347 34 362 86
person 0.0283 306 1 372 199
person 0.0270 20 116 199 343
person 0.0267 309 67 374 262
person 0.0261 330 396 356 466
person 0.0260 210 69 292 155
person 0.0257 0 267 16 315
person 0.0251 330 0 374 50
person 0.0229 346 20 374 137
person 0.0228 335 415 351 465
person 0.0228 344 175 373 260
person 0.0213 359 199 375 250
person 0.0207 0 310 64 428
person 0.0206 273 29 323 180
person 0.0200 351 0 374 40
pottedplant 0.2358 1 6 362 489
pottedplant 0.0806 153 0 363 422
pottedplant 0.0724 9 122 59 196
pottedplant 0.0633 273 0 371 91
pottedplant 0.0620 201 6 357 163
pottedplant 0.0617 78 13 289 145
pottedplant 0.0610 199 19 289 153
pottedplant 0.0537 45 20 204 122
pottedplant 0.0505 148 93 229 188
pottedplant 0.0493 12 67 199 417
pottedplant 0.0490 228 23 375 318
pottedplant 0.0471 8 0 352 250
pottedplant 0.0467 322 0 373 90
pottedplant 0.0462 157 90 295 187
pottedplant 0.0459 63 12 188 89
pottedplant 0.0438 107 62 323 205
pottedplant 0.0434 196 0 305 229
pottedplant 0.0407 0 264 86 421
pottedplant 0.0404 0 145 112 437
pottedplant 0.0393 121 64 295 414
pottedplant 0.0370 56 54 247 161
pottedplant 0.0358 170 52 337 273
pottedplant 0.0341 84 62 216 203
pottedplant 0.0338 1 162 80 344
pottedplant 0.0338 269 0 371 211
pottedplant 0.0336 346 267 373 405
pottedplant 0.0333 178 104 224 187
pottedplant 0.0328 125 62 284 157
pottedplant 0.0326 211 66 314 193
pottedplant 0.0325 98 53 195 155
pottedplant 0.0318 231 0 349 110
pottedplant 0.0298 29 35 213 231
pottedplant 0.0291 92 68 259 267
pottedplant 0.0288 0 191 192 377
pottedplant 0.0285 255 88 373 445
pottedplant 0.0284 0 137 77 206
pottedplant 0.0283 0 296 64 340
pottedplant 0.0281 255 14 331 175
pottedplant 0.0281 0 251 77 342
pottedplant 0.0271 269 1 356 50
pottedplant 0.0269 114 0 176 97
pottedplant 0.0265 0 304 126 439
pottedplant 0.0263 325 255 372 412
pottedplant 0.0258 109 0 181 40
pottedplant 0.0257 0 276 34 329
pottedplant 0.0256 111 20 233 123
pottedplant 0.0254 123 101 217 227
pottedplant 0.0254 299 0 344 84
pottedplant 0.0254 67 4 142 78
pottedplant 0.0252 239 88 308 173
pottedplant 0.0240 10 0 148 318
pottedplant 0.0238 66 14 233 367
pottedplant 0.0237 76 0 182 55
pottedplant 0.0237 339 386 372 466
pottedplant 0.0236 0 231 128 359
pottedplant 0.0234 188 113 315 217
pottedplant 0.0233 12 148 56 187
pottedplant 0.0231 14 108 53 173
pottedplant 0.0229 41 0 278 94
pottedplant 0.0226 107 102 198 312
pottedplant 0.0226 228 82 291 151
pottedplant 0.0225 252 88 375 196
pottedplant 0.0221 256 87 283 150
pottedplant 0.0220 266 65 322 189
pottedplant 0.0219 0 99 75 188
pottedplant 0.0215 103 111 375 336
pottedplant 0.0212 53 151 246 465
pottedplant 0.0208 148 135 221 187
pottedplant 0.0207 172 104 250 201
pottedplant 0.0206 192 80 263 236
pottedplant 0.0203 0 276 25 310
pottedplant 0.0202 146 38 256 222
pottedplant 0.0202 1 124 63 247
train 0.0204 21 0 375 168
tvmonitor 0.0492 0 308 93 427
