boat 0.0216 81 287 450 375
bottle 0.6619 197 92 405 191
bottle 0.4165 24 261 49 333
bottle 0.3734 49 256 67 294
bottle 0.3054 26 261 45 307
bottle 0.2594 21 66 447 375
bottle 0.2323 201 114 324 188
bottle 0.2304 296 87 408 187
bottle 0.1821 2 316 24 374
bottle 0.1691 18 256 58 354
bottle 0.1560 212 87 435 266
bottle 0.1396 44 262 62 299
bottle 0.1386 154 105 287 193
bottle 0.1360 13 258 41 347
bottle 0.1287 121 57 437 172
bottle 0.1235 31 266 50 314
bottle 0.1219 330 90 414 155
bottle 0.1172 199 134 272 185
bottle 0.1090 32 261 49 294
bottle 0.1051 44 255 70 311
bottle 0.0944 31 258 64 321
bottle 0.0933 61 89 398 206
bottle 0.0912 239 127 457 320
bottle 0.0904 254 102 366 169
bottle 0.0900 192 131 241 188
bottle 0.0891 318 115 483 375
bottle 0.0876 222 191 355 252
bottle 0.0870 191 116 376 225
bottle 0.0841 5 284 38 373
bottle 0.0792 5 221 72 345
bottle 0.0768 279 91 398 143
bottle 0.0749 369 93 414 163
bottle 0.0737 7 315 28 357
bottle 0.0732 193 162 415 261
bottle 0.0704 192 133 286 236
bottle 0.0697 99 97 248 196
bottle 0.0680 91 8 434 272
bottle 0.0655 203 163 237 187
bottle 0.0639 206 157 317 255
bottle 0.0631 359 103 411 188
bottle 0.0619 8 243 37 319
bottle 0.0617 319 148 416 286
bottle 0.0587 176 127 223 190
bottle 0.0580 45 259 64 281
bottle 0.0564 142 126 240 216
bottle 0.0564 0 217 33 375
bottle 0.0560 202 154 252 189
bottle 0.0558 7 199 101 374
bottle 0.0551 23 238 75 319
bottle 0.0520 22 258 58 305
bottle 0.0520 303 91 371 137
bottle 0.0512 318 238 332 253
bottle 0.0502 320 242 330 252
bottle 0.0494 340 136 393 197
bottle 0.0482 48 254 69 276
bottle 0.0479 263 173 471 268
bottle 0.0478 41 273 61 312
bottle 0.0466 222 117 285 179
bottle 0.0466 268 100 339 148
bottle 0.0464 119 91 326 175
bottle 0.0463 2 343 21 375
bottle 0.0463 58 77 256 279
bottle 0.0452 205 80 346 160
bottle 0.0440 0 256 23 354
bottle 0.0431 0 337 35 375
bottle 0.0430 338 101 430 229
bottle 0.0424 354 150 417 196
bottle 0.0418 194 168 231 240
bottle 0.0415 63 259 82 286
bottle 0.0415 15 253 45 312
bottle 0.0410 378 134 417 198
bottle 0.0404 453 170 491 250
bottle 0.0403 161 137 260 189
bottle 0.0400 56 256 72 280
bottle 0.0399 71 74 261 148
bottle 0.0398 397 301 500 372
bottle 0.0392 256 108 326 160
bottle 0.0385 49 263 61 278
bottle 0.0384 240 200 315 251
bottle 0.0383 39 254 68 285
bottle 0.0383 201 142 228 184
bottle 0.0383 280 155 388 270
bottle 0.0383 194 131 218 185
bottle 0.0383 4 255 18 307
bottle 0.0381 198 194 298 249
bottle 0.0381 35 264 49 284
bottle 0.0375 285 168 449 234
bottle 0.0374 310 240 329 251
bottle 0.0372 376 116 409 176
bottle 0.0368 0 267 72 374
bottle 0.0364 186 108 391 360
bottle 0.0361 22 263 43 291
bottle 0.0360 190 166 358 227
bottle 0.0359 357 120 382 155
bottle 0.0356 216 103 329 150
bottle 0.0354 378 133 472 257
bottle 0.0350 340 157 457 251
bottle 0.0349 372 157 423 206
bottle 0.0345 384 138 403 172
bottle 0.0344 198 189 244 248
bottle 0.0343 253 83 480 185
bottle 0.0341 0 242 19 319
bottle 0.0340 357 85 461 177
bottle 0.0337 9 307 28 343
bottle 0.0335 203 115 260 173
bottle 0.0332 303 93 481 243
bottle 0.0331 184 123 256 214
bottle 0.0331 334 163 404 203
bottle 0.0331 15 316 35 352
bottle 0.0331 150 136 216 194
bottle 0.0330 339 101 399 174
bottle 0.0330 275 115 392 228
bottle 0.0326 219 176 237 203
bottle 0.0326 212 168 232 201
bottle 0.0325 311 224 424 369
bottle 0.0325 1 312 41 359
bottle 0.0324 290 103 347 166
bottle 0.0311 262 95 321 134
bottle 0.0308 69 263 99 283
bottle 0.0308 0 328 15 375
bottle 0.0307 391 160 457 202
bottle 0.0307 193 141 355 200
bottle 0.0307 323 99 381 165
bottle 0.0305 29 265 42 279
bottle 0.0304 307 99 327 127
bottle 0.0304 6 285 29 344
bottle 0.0302 9 172 129 266
bottle 0.0301 44 250 80 289
bottle 0.0299 320 233 331 248
bottle 0.0295 313 99 333 129
bottle 0.0292 243 93 355 136
bottle 0.0292 294 102 324 124
bottle 0.0292 47 262 74 283
bottle 0.0292 3 300 21 347
bottle 0.0291 382 125 405 163
bottle 0.0290 21 266 40 312
bottle 0.0288 314 245 325 253
bottle 0.0288 70 28 384 150
bottle 0.0288 0 357 41 375
bottle 0.0287 215 153 239 185
bottle 0.0284 325 98 342 130
bottle 0.0283 303 239 329 256
bottle 0.0282 209 138 235 177
bottle 0.0279 199 150 219 190
bottle 0.0276 331 97 349 131
bottle 0.0275 2 0 33 67
bottle 0.0273 243 115 305 176
bottle 0.0270 384 152 403 192
bottle 0.0270 167 146 227 206
bottle 0.0269 457 303 473 329
bottle 0.0267 64 107 207 227
bottle 0.0266 38 260 91 311
bottle 0.0264 127 118 298 245
bottle 0.0261 246 127 430 204
bottle 0.0260 213 184 234 207
bottle 0.0260 351 167 413 214
bottle 0.0259 199 151 337 322
bottle 0.0259 215 174 349 209
bottle 0.0257 48 258 64 271
bottle 0.0257 69 70 197 191
bottle 0.0252 228 188 247 205
bottle 0.0252 26 261 47 281
bottle 0.0252 2 318 63 374
bottle 0.0250 196 168 255 211
bottle 0.0249 188 115 236 172
bottle 0.0246 462 358 500 374
bottle 0.0245 59 265 89 289
bottle 0.0245 402 157 422 191
bottle 0.0244 346 314 454 373
bottle 0.0243 11 261 23 299
bottle 0.0241 291 102 311 127
bottle 0.0238 365 135 386 160
bottle 0.0236 205 168 226 200
bottle 0.0236 308 189 352 248
bottle 0.0236 474 343 499 375
bottle 0.0236 393 142 410 172
bottle 0.0236 245 182 261 202
bottle 0.0233 263 232 292 252
bottle 0.0232 52 254 95 290
bottle 0.0232 187 112 291 167
bottle 0.0231 125 0 415 123
bottle 0.0231 317 172 393 212
bottle 0.0230 338 96 356 124
bottle 0.0230 164 137 242 274
bottle 0.0228 214 192 265 249
bottle 0.0225 222 138 264 177
bottle 0.0224 19 293 38 333
bottle 0.0222 23 270 73 335
bottle 0.0222 275 192 331 251
bottle 0.0221 375 144 402 168
bottle 0.0221 226 44 493 375
bottle 0.0220 218 135 239 168
bottle 0.0220 124 119 262 181
bottle 0.0219 326 151 381 204
bottle 0.0218 205 235 415 369
bottle 0.0218 354 87 414 131
bottle 0.0218 353 92 394 156
bottle 0.0216 214 0 439 188
bottle 0.0216 217 104 273 148
bottle 0.0215 194 175 264 238
bottle 0.0213 280 105 308 124
bottle 0.0212 36 268 67 288
bottle 0.0212 307 139 413 211
bottle 0.0211 0 243 55 314
bottle 0.0210 312 57 404 151
bottle 0.0210 10 329 36 368
bottle 0.0209 404 300 448 368
bottle 0.0209 311 110 368 177
bottle 0.0209 241 190 259 204
bottle 0.0208 21 288 47 348
bottle 0.0205 67 258 80 276
bottle 0.0205 366 143 388 170
bottle 0.0204 3 267 20 329
bottle 0.0204 357 134 382 166
bottle 0.0204 257 141 391 190
bottle 0.0203 241 222 330 253
bottle 0.0203 15 7 36 57
bottle 0.0203 337 104 358 142
bottle 0.0202 313 236 324 248
bottle 0.0202 20 21 33 58
bottle 0.0201 403 156 433 181
bottle 0.0200 313 219 339 252
chair 0.0762 337 300 496 372
chair 0.0519 312 244 500 375
chair 0.0468 172 259 473 371
chair 0.0456 408 275 500 375
chair 0.0405 242 302 438 372
chair 0.0312 450 286 499 375
chair 0.0247 360 333 500 374
chair 0.0218 471 315 500 375
chair 0.0215 245 199 425 375
chair 0.0213 342 275 435 372
chair 0.0200 425 313 497 373
diningtable 0.0470 62 104 472 351
diningtable 0.0358 276 152 500 268
diningtable 0.0290 113 116 423 243
diningtable 0.0223 5 263 87 373
person 0.7879 6 75 444 371
person 0.7243 395 158 496 375
person 0.3493 69 26 113 76
person 0.2584 404 161 490 281
person 0.1873 246 135 479 372
person 0.1284 66 26 129 102
person 0.1001 314 218 496 375
person 0.0840 0 58 413 223
person 0.0722 39 13 117 88
person 0.0699 72 25 105 54
person 0.0672 106 57 131 81
person 0.0668 400 160 471 239
person 0.0665 47 78 278 244
person 0.0639 64 46 161 97
person 0.0614 77 38 132 79
person 0.0584 385 291 500 374
person 0.0552 337 163 489 308
person 0.0551 58 28 100 91
person 0.0528 40 25 122 173
person 0.0525 434 163 498 263
person 0.0519 62 44 153 164
person 0.0508 16 61 148 277
person 0.0498 88 55 132 88
person 0.0487 122 257 456 369
person 0.0485 66 63 175 112
person 0.0476 63 15 138 75
person 0.0474 48 19 104 67
person 0.0463 37 75 127 233
person 0.0439 61 72 219 151
person 0.0419 11 1 99 120
person 0.0412 0 223 14 319
person 0.0395 0 50 264 166
person 0.0394 96 45 129 80
person 0.0389 62 47 116 114
person 0.0369 14 6 142 67
person 0.0355 11 9 129 214
person 0.0338 459 188 498 266
person 0.0335 422 185 493 313
person 0.0334 9 54 232 345
person 0.0332 344 193 445 360
person 0.0329 6 114 137 370
person 0.0314 64 32 89 66
person 0.0314 63 27 97 46
person 0.0314 429 205 500 370
person 0.0311 52 83 171 206
person 0.0306 392 157 449 207
person 0.0297 245 231 429 369
person 0.0296 56 40 96 122
person 0.0292 310 239 333 249
person 0.0281 58 9 158 119
person 0.0279 3 240 18 297
person 0.0274 86 32 115 70
person 0.0268 12 64 97 237
person 0.0258 77 25 120 61
person 0.0256 28 6 99 53
person 0.0255 47 12 124 49
person 0.0253 66 260 103 285
person 0.0247 82 50 142 111
person 0.0247 461 224 500 304
person 0.0243 74 44 104 101
person 0.0234 74 25 115 44
person 0.0233 60 22 93 58
person 0.0232 30 13 82 82
person 0.0231 407 177 458 261
person 0.0228 17 132 131 255
person 0.0227 7 193 218 373
person 0.0218 1 226 17 276
person 0.0218 66 0 108 55
person 0.0218 378 243 448 355
person 0.0213 96 62 163 93
person 0.0212 0 224 391 374
person 0.0208 301 240 331 255
person 0.0207 51 250 101 286
person 0.0206 2 233 110 371
person 0.0205 95 54 135 73
person 0.0204 0 0 116 47
person 0.0200 0 227 31 307
pottedplant 0.0662 15 0 71 36
pottedplant 0.0627 5 0 80 59
pottedplant 0.0366 3 0 52 47
pottedplant 0.0363 16 0 61 19
pottedplant 0.0324 27 0 56 29
pottedplant 0.0234 13 2 39 49
pottedplant 0.0217 0 0 111 87
pottedplant 0.0214 35 1 63 35
pottedplant 0.0201 0 0 30 60
tvmonitor 0.0965 409 160 494 259
tvmonitor 0.0726 4 203 109 283
tvmonitor 0.0637 449 163 495 256
tvmonitor 0.0424 3 0 96 91
tvmonitor 0.0306 8 206 74 266
tvmonitor 0.0304 428 157 488 216
tvmonitor 0.0290 4 222 78 298
tvmonitor 0.0289 4 171 111 342
tvmonitor 0.0246 4 143 136 269
tvmonitor 0.0241 17 213 99 254
tvmonitor 0.0216 4 165 87 261
tvmonitor 0.0215 391 155 500 222
tvmonitor 0.0212 402 156 480 193
tvmonitor 0.0207 11 241 66 291
