bicycle 0.6406 231 377 368 465
bicycle 0.1572 229 230 373 473
bicycle 0.1504 321 377 356 428
bicycle 0.1179 230 406 331 468
bicycle 0.1146 301 376 361 446
bicycle 0.0738 339 380 355 427
bicycle 0.0667 255 401 374 482
bicycle 0.0552 322 380 365 463
bicycle 0.0431 247 410 312 457
bicycle 0.0340 259 423 348 466
bicycle 0.0298 247 360 322 466
bicycle 0.0293 140 365 375 483
bicycle 0.0287 239 427 311 466
bicycle 0.0237 275 399 363 454
bicycle 0.0230 314 398 354 427
bicycle 0.0223 289 371 368 492
bicycle 0.0207 189 379 302 462
bird 0.0804 234 113 370 474
bird 0.0457 109 20 375 425
bird 0.0358 262 104 323 162
bird 0.0244 285 125 372 417
bird 0.0243 322 374 355 421
bird 0.0215 232 270 245 303
bird 0.0214 231 135 322 418
bird 0.0211 50 35 263 313
boat 0.1174 262 105 321 163
chair 0.0834 339 377 355 425
chair 0.0485 323 379 355 422
chair 0.0483 235 210 372 467
chair 0.0472 315 379 359 462
chair 0.0398 232 417 306 462
chair 0.0360 215 329 375 475
chair 0.0344 325 378 370 440
chair 0.0318 246 416 372 487
chair 0.0293 222 458 281 498
chair 0.0288 277 368 362 477
chair 0.0272 0 106 40 309
chair 0.0266 330 392 356 429
chair 0.0263 276 423 363 467
chair 0.0254 226 419 305 500
chair 0.0251 301 373 356 431
chair 0.0242 230 437 300 476
chair 0.0239 231 400 278 466
chair 0.0216 233 381 304 475
chair 0.0216 288 389 330 472
chair 0.0212 228 451 312 494
chair 0.0206 269 401 312 456
cow 0.0296 0 32 372 485
dog 0.1077 229 96 374 467
dog 0.0592 121 0 375 475
person 0.0796 230 154 370 461
person 0.0739 0 0 323 476
person 0.0724 340 376 355 423
person 0.0533 0 90 18 186
person 0.0498 1 94 14 157
person 0.0317 177 17 375 500
person 0.0298 0 98 11 228
person 0.0264 0 103 72 500
person 0.0256 1 118 14 182
person 0.0240 1 107 24 172
person 0.0209 329 375 357 402
person 0.0208 0 99 9 172
person 0.0204 277 401 311 468
person 0.0200 319 374 353 422
pottedplant 0.1722 12 42 260 492
pottedplant 0.1438 15 90 133 483
pottedplant 0.1201 107 459 177 498
pottedplant 0.1051 24 135 194 382
pottedplant 0.0941 134 461 170 499
pottedplant 0.0932 15 125 148 273
pottedplant 0.0906 1 73 26 142
pottedplant 0.0824 64 113 225 456
pottedplant 0.0770 28 139 133 217
pottedplant 0.0703 1 88 14 140
pottedplant 0.0684 78 209 232 361
pottedplant 0.0651 36 120 59 149
pottedplant 0.0648 142 460 188 500
pottedplant 0.0637 0 67 60 500
pottedplant 0.0634 71 181 177 394
pottedplant 0.0624 39 170 167 282
pottedplant 0.0604 8 118 111 348
pottedplant 0.0597 62 458 152 498
pottedplant 0.0595 2 79 54 155
pottedplant 0.0593 50 140 127 188
pottedplant 0.0566 4 105 60 302
pottedplant 0.0491 31 93 60 152
pottedplant 0.0482 0 82 18 166
pottedplant 0.0479 3 41 161 323
pottedplant 0.0464 1 82 54 227
pottedplant 0.0451 82 156 166 323
pottedplant 0.0444 0 74 33 202
pottedplant 0.0430 48 155 122 343
pottedplant 0.0426 50 208 178 318
pottedplant 0.0425 110 216 187 362
pottedplant 0.0418 318 418 372 497
pottedplant 0.0417 179 54 372 500
pottedplant 0.0416 61 198 161 254
pottedplant 0.0402 3 87 117 233
pottedplant 0.0399 5 70 24 120
pottedplant 0.0395 0 80 18 124
pottedplant 0.0393 225 459 281 500
pottedplant 0.0385 39 153 112 242
pottedplant 0.0385 64 250 198 431
pottedplant 0.0383 48 130 175 233
pottedplant 0.0375 152 470 180 500
pottedplant 0.0370 0 0 56 156
pottedplant 0.0365 77 444 189 498
pottedplant 0.0364 48 177 151 240
pottedplant 0.0357 3 96 28 154
pottedplant 0.0352 15 111 65 174
pottedplant 0.0352 84 216 159 263
pottedplant 0.0350 148 229 242 351
pottedplant 0.0341 0 18 32 153
pottedplant 0.0338 76 139 123 206
pottedplant 0.0334 334 423 374 479
pottedplant 0.0332 130 296 171 343
pottedplant 0.0331 217 476 258 500
pottedplant 0.0328 304 372 367 494
pottedplant 0.0327 101 448 146 500
pottedplant 0.0327 0 97 36 274
pottedplant 0.0325 36 106 54 146
pottedplant 0.0325 5 131 93 248
pottedplant 0.0319 14 302 244 467
pottedplant 0.0317 104 84 312 500
pottedplant 0.0317 7 118 72 202
pottedplant 0.0313 115 462 151 500
pottedplant 0.0303 38 144 94 211
pottedplant 0.0300 76 190 215 293
pottedplant 0.0299 89 141 123 163
pottedplant 0.0298 83 189 158 235
pottedplant 0.0298 16 170 89 427
pottedplant 0.0297 0 95 24 128
pottedplant 0.0297 48 141 226 268
pottedplant 0.0291 144 462 174 491
pottedplant 0.0289 130 188 250 437
pottedplant 0.0286 58 138 134 261
pottedplant 0.0284 70 149 144 225
pottedplant 0.0284 125 441 167 500
pottedplant 0.0284 161 463 195 498
pottedplant 0.0283 7 128 46 231
pottedplant 0.0283 35 195 126 252
pottedplant 0.0278 47 424 209 492
pottedplant 0.0274 29 133 78 194
pottedplant 0.0272 32 111 161 202
pottedplant 0.0272 72 259 139 440
pottedplant 0.0272 119 453 206 500
pottedplant 0.0271 44 213 139 268
pottedplant 0.0268 0 8 74 293
pottedplant 0.0266 31 120 50 152
pottedplant 0.0265 81 447 119 500
pottedplant 0.0265 11 31 83 188
pottedplant 0.0264 126 260 188 342
pottedplant 0.0261 17 118 59 154
pottedplant 0.0259 74 139 125 169
pottedplant 0.0259 74 80 169 272
pottedplant 0.0257 114 268 183 425
pottedplant 0.0257 333 384 371 471
pottedplant 0.0255 1 73 29 103
pottedplant 0.0251 302 422 369 471
pottedplant 0.0248 1 250 173 489
pottedplant 0.0248 64 225 160 281
pottedplant 0.0247 235 472 274 499
pottedplant 0.0247 18 136 59 219
pottedplant 0.0246 349 435 374 496
pottedplant 0.0244 0 0 128 194
pottedplant 0.0243 27 457 107 498
pottedplant 0.0241 56 193 100 237
pottedplant 0.0239 95 462 132 500
pottedplant 0.0237 4 75 45 123
pottedplant 0.0236 19 12 189 221
pottedplant 0.0234 32 366 223 472
pottedplant 0.0233 65 314 193 405
pottedplant 0.0230 108 142 264 357
pottedplant 0.0229 50 229 118 432
pottedplant 0.0229 244 449 299 498
pottedplant 0.0226 47 173 90 223
pottedplant 0.0224 76 329 178 448
pottedplant 0.0223 0 46 12 153
pottedplant 0.0221 0 15 42 378
pottedplant 0.0219 55 233 119 280
pottedplant 0.0219 252 463 288 500
pottedplant 0.0218 21 461 223 500
pottedplant 0.0218 1 351 55 498
pottedplant 0.0217 101 230 171 322
pottedplant 0.0216 121 295 195 347
pottedplant 0.0215 1 60 14 115
pottedplant 0.0215 67 164 108 244
pottedplant 0.0213 35 150 75 230
pottedplant 0.0213 154 457 231 497
pottedplant 0.0212 114 208 159 255
pottedplant 0.0210 52 212 106 245
pottedplant 0.0210 22 127 116 180
pottedplant 0.0210 238 466 260 500
pottedplant 0.0208 225 263 375 500
pottedplant 0.0208 0 88 10 157
pottedplant 0.0208 87 143 123 184
pottedplant 0.0208 224 467 249 500
pottedplant 0.0206 135 316 179 345
pottedplant 0.0206 41 127 64 152
pottedplant 0.0204 267 460 313 500
pottedplant 0.0204 138 259 214 421
pottedplant 0.0204 83 171 155 216
pottedplant 0.0203 234 424 290 500
pottedplant 0.0203 32 103 47 143
pottedplant 0.0201 114 468 137 500
pottedplant 0.0200 143 169 216 335
pottedplant 0.0200 0 65 33 116
sofa 0.0297 0 0 375 458
