aeroplane 0.0247 0 189 34 218
aeroplane 0.0215 0 169 39 215
bicycle 0.0318 245 185 312 275
bicycle 0.0244 21 255 134 329
car 0.0421 0 0 500 375
car 0.0333 0 188 24 219
car 0.0333 54 159 132 208
car 0.0296 477 108 499 141
car 0.0227 0 159 20 195
car 0.0202 128 184 159 199
chair 0.0343 66 267 102 329
chair 0.0267 55 276 77 329
chair 0.0214 62 276 86 328
diningtable 0.0212 106 148 359 305
dog 0.5766 282 267 321 331
dog 0.5413 95 261 135 328
dog 0.4574 68 255 131 329
dog 0.2743 304 191 368 330
dog 0.2601 279 255 350 332
dog 0.2098 278 181 334 323
dog 0.1573 328 224 368 331
dog 0.1090 316 250 361 330
dog 0.0985 272 224 320 328
dog 0.0765 215 213 268 275
dog 0.0692 284 301 316 330
dog 0.0677 292 199 325 283
dog 0.0655 303 265 344 327
dog 0.0654 272 154 380 340
dog 0.0644 108 260 133 309
dog 0.0572 268 199 298 280
dog 0.0550 262 218 318 279
dog 0.0443 251 272 326 339
dog 0.0435 321 265 347 323
dog 0.0433 295 270 329 324
dog 0.0423 222 233 258 273
dog 0.0416 104 262 138 283
dog 0.0404 284 272 315 312
dog 0.0404 322 215 356 313
dog 0.0401 100 261 128 295
dog 0.0401 267 265 292 281
dog 0.0394 268 243 289 280
dog 0.0352 101 266 127 318
dog 0.0342 324 274 375 331
dog 0.0316 250 225 298 277
dog 0.0293 77 279 146 329
dog 0.0293 290 280 365 331
dog 0.0261 272 269 305 282
dog 0.0253 116 260 139 290
dog 0.0251 94 304 128 330
dog 0.0242 286 314 317 333
dog 0.0240 279 273 305 324
dog 0.0232 220 256 257 273
dog 0.0227 303 210 328 274
dog 0.0218 109 264 146 327
dog 0.0214 64 290 129 328
dog 0.0208 269 260 319 305
horse 0.0344 283 148 395 321
motorbike 0.0207 355 0 497 260
person 0.7416 59 172 120 327
person 0.7114 214 147 265 274
person 0.6188 263 145 318 283
person 0.5009 302 148 362 321
person 0.4045 233 146 289 287
person 0.3039 269 147 343 314
person 0.2511 322 188 371 331
person 0.2480 67 233 130 327
person 0.2318 76 158 102 201
person 0.1755 280 176 325 281
person 0.1599 60 159 113 256
person 0.1589 262 151 292 224
person 0.1510 230 150 263 231
person 0.1357 222 200 258 274
person 0.1293 66 161 100 217
person 0.1191 295 166 342 284
person 0.1090 82 158 106 189
person 0.1050 318 153 377 282
person 0.1028 76 164 113 220
person 0.0932 92 170 120 227
person 0.0927 177 151 241 281
person 0.0908 267 154 302 248
person 0.0877 96 167 116 204
person 0.0850 268 114 394 331
person 0.0768 328 253 364 328
person 0.0755 262 152 280 201
person 0.0751 277 149 322 242
person 0.0726 227 138 324 310
person 0.0719 255 149 292 269
person 0.0689 43 155 126 279
person 0.0663 94 184 122 265
person 0.0639 288 165 318 258
person 0.0626 219 151 248 221
person 0.0598 317 206 349 283
person 0.0594 137 159 217 284
person 0.0586 83 166 108 206
person 0.0581 92 160 114 192
person 0.0580 324 147 419 320
person 0.0579 98 180 117 223
person 0.0567 332 223 385 331
person 0.0560 317 261 348 328
person 0.0539 240 149 272 258
person 0.0528 65 248 103 324
person 0.0520 269 187 299 281
person 0.0519 57 172 97 235
person 0.0515 80 180 118 247
person 0.0496 250 150 275 216
person 0.0489 300 202 329 280
person 0.0480 61 156 111 202
person 0.0472 0 0 500 333
person 0.0471 85 172 155 317
person 0.0460 240 156 264 215
person 0.0457 267 154 314 210
person 0.0454 314 172 346 242
person 0.0449 298 159 336 240
person 0.0444 291 154 319 226
person 0.0431 66 162 88 197
person 0.0424 90 159 133 210
person 0.0423 256 210 292 281
person 0.0420 0 0 229 375
person 0.0417 98 171 133 236
person 0.0404 281 133 373 263
person 0.0401 257 155 271 195
person 0.0398 230 188 273 275
person 0.0397 69 158 102 178
person 0.0390 210 150 236 220
person 0.0389 78 175 99 215
person 0.0384 54 155 137 223
person 0.0378 300 263 342 331
person 0.0368 292 166 313 207
person 0.0366 28 97 140 310
person 0.0364 226 150 247 189
person 0.0359 310 162 340 222
person 0.0353 310 207 337 275
person 0.0348 75 161 123 197
person 0.0348 222 153 240 197
person 0.0347 230 152 262 170
person 0.0338 340 197 372 291
person 0.0337 71 191 111 282
person 0.0336 225 234 253 273
person 0.0334 195 136 286 296
person 0.0333 263 151 286 182
person 0.0330 55 268 80 329
person 0.0330 82 161 100 180
person 0.0326 354 236 409 329
person 0.0325 100 178 123 210
person 0.0323 246 151 263 190
person 0.0321 235 154 258 201
person 0.0314 323 98 359 170
person 0.0314 68 114 223 320
person 0.0312 264 150 304 186
person 0.0307 248 213 277 275
person 0.0306 336 176 374 260
person 0.0305 321 179 357 270
person 0.0304 109 167 152 216
person 0.0298 85 251 125 316
person 0.0297 89 183 111 219
person 0.0295 78 2 167 145
person 0.0293 260 203 320 274
person 0.0291 195 148 239 248
person 0.0289 314 177 335 218
person 0.0287 224 150 250 171
person 0.0286 335 97 357 135
person 0.0281 88 171 136 271
person 0.0281 108 175 128 206
person 0.0281 310 136 370 226
person 0.0280 89 173 121 197
person 0.0278 314 97 385 257
person 0.0277 261 152 293 170
person 0.0272 188 187 268 276
person 0.0269 207 187 223 217
person 0.0267 84 158 114 177
person 0.0265 374 139 474 265
person 0.0260 228 160 246 203
person 0.0259 320 183 342 226
person 0.0258 257 155 274 177
person 0.0258 255 154 278 167
person 0.0254 28 166 91 320
person 0.0253 309 176 326 214
person 0.0249 248 150 277 185
person 0.0248 71 174 108 201
person 0.0247 57 196 93 270
person 0.0245 68 185 111 224
person 0.0241 306 159 328 211
person 0.0239 35 267 67 329
person 0.0238 315 211 334 251
person 0.0237 22 248 127 330
person 0.0237 300 152 318 184
person 0.0235 206 187 234 262
person 0.0234 293 152 312 185
person 0.0234 320 200 343 238
person 0.0234 296 173 317 219
person 0.0228 96 251 133 301
person 0.0228 103 186 120 235
person 0.0227 25 153 97 210
person 0.0227 298 161 317 198
person 0.0225 319 78 461 302
person 0.0225 75 173 142 212
person 0.0225 0 168 49 325
person 0.0223 230 148 274 201
person 0.0223 313 152 333 183
person 0.0223 344 165 383 247
person 0.0222 110 179 151 248
person 0.0222 314 124 362 186
person 0.0221 217 156 231 196
person 0.0220 284 165 306 203
person 0.0220 284 151 305 184
person 0.0217 344 241 376 324
person 0.0217 206 157 225 210
person 0.0217 339 125 425 261
person 0.0217 13 149 59 207
person 0.0216 314 271 338 314
person 0.0216 0 160 116 335
person 0.0215 316 195 334 229
person 0.0215 53 297 68 327
person 0.0212 323 165 372 238
person 0.0212 82 185 117 205
person 0.0212 307 153 325 183
person 0.0211 59 217 81 249
person 0.0211 39 158 79 220
person 0.0210 258 160 280 219
person 0.0209 71 183 93 222
person 0.0209 99 164 121 190
person 0.0208 312 191 337 251
person 0.0207 254 148 297 200
person 0.0206 255 168 269 208
person 0.0205 30 244 80 328
person 0.0205 277 148 309 194
person 0.0205 284 144 317 204
person 0.0205 62 210 104 298
person 0.0204 243 153 269 169
person 0.0204 313 159 334 200
person 0.0203 301 141 341 203
person 0.0203 260 101 338 272
person 0.0202 304 177 328 239
person 0.0202 208 194 225 236
person 0.0201 152 126 311 328
person 0.0201 209 174 222 207
sofa 0.0939 49 263 140 328
sofa 0.0724 265 160 381 324
sofa 0.0465 256 185 331 291
sofa 0.0374 223 149 355 300
sofa 0.0345 46 177 139 329
sofa 0.0283 268 254 388 331
sofa 0.0240 62 161 186 326
sofa 0.0230 13 255 158 337
sofa 0.0205 307 192 384 325
train 0.0347 238 139 374 295
train 0.0222 306 151 424 330
train 0.0205 0 191 34 221
tvmonitor 0.0205 0 12 55 53
