bird 0.0494 281 318 395 406
bird 0.0218 320 348 500 410
bottle 0.1016 278 315 301 347
bottle 0.0669 296 188 411 248
bottle 0.0537 163 4 326 63
bottle 0.0423 233 6 294 49
bottle 0.0372 274 323 383 402
bottle 0.0354 275 314 306 365
bottle 0.0341 332 192 428 237
bottle 0.0337 226 5 312 71
bottle 0.0336 194 158 314 258
bottle 0.0332 341 0 367 39
bottle 0.0331 293 191 359 259
bottle 0.0318 307 0 369 24
bottle 0.0311 222 165 253 255
bottle 0.0286 291 319 382 365
bottle 0.0282 295 184 377 229
bottle 0.0272 369 2 391 48
bottle 0.0251 324 324 373 366
bottle 0.0246 197 0 308 49
bottle 0.0245 336 326 359 360
bottle 0.0244 342 322 368 357
bottle 0.0240 197 161 256 259
bottle 0.0232 322 318 381 393
bottle 0.0227 488 0 500 35
bottle 0.0223 373 0 421 11
bottle 0.0216 219 180 381 250
bottle 0.0212 273 314 319 348
bottle 0.0210 235 169 268 253
bottle 0.0209 277 319 330 392
bottle 0.0200 362 0 404 47
cat 0.0276 333 344 500 411
chair 0.0927 300 0 366 32
chair 0.0781 12 187 373 403
chair 0.0608 335 0 370 46
chair 0.0594 145 18 500 290
chair 0.0539 290 10 362 42
chair 0.0516 15 7 324 316
chair 0.0476 367 4 393 50
chair 0.0462 329 23 499 271
chair 0.0453 290 0 375 60
chair 0.0441 5 0 171 212
chair 0.0440 7 147 181 414
chair 0.0415 370 24 393 49
chair 0.0402 225 2 362 64
chair 0.0378 0 5 133 140
chair 0.0376 92 282 433 405
chair 0.0353 348 0 391 48
chair 0.0336 292 0 496 149
chair 0.0320 236 6 398 124
chair 0.0303 193 2 426 194
chair 0.0296 342 14 500 106
chair 0.0287 0 0 119 320
chair 0.0280 161 244 335 395
chair 0.0277 10 1 167 82
chair 0.0274 323 7 361 45
chair 0.0272 60 146 304 339
chair 0.0270 246 63 461 270
chair 0.0267 2 268 299 408
chair 0.0261 379 29 405 51
chair 0.0253 268 8 385 193
chair 0.0250 127 166 299 413
chair 0.0249 7 30 96 216
chair 0.0248 364 19 383 50
chair 0.0243 306 0 400 41
chair 0.0243 3 201 90 404
chair 0.0242 22 65 144 205
chair 0.0234 287 26 427 224
chair 0.0230 292 14 429 112
chair 0.0228 413 54 500 238
chair 0.0228 173 242 266 325
chair 0.0227 86 148 265 278
chair 0.0227 311 17 351 41
chair 0.0225 368 16 416 52
chair 0.0224 150 209 369 320
chair 0.0223 295 144 465 271
chair 0.0222 146 168 296 308
chair 0.0222 12 128 233 313
chair 0.0216 80 222 269 379
chair 0.0214 231 328 403 403
chair 0.0209 441 384 500 414
chair 0.0206 352 10 372 49
chair 0.0205 174 317 467 414
chair 0.0205 302 26 369 82
chair 0.0204 259 0 479 80
chair 0.0203 305 0 393 89
chair 0.0202 364 36 493 81
dog 0.1144 308 271 496 412
dog 0.0357 0 1 82 65
dog 0.0298 317 182 474 273
dog 0.0281 323 346 500 410
dog 0.0254 0 0 43 33
dog 0.0240 285 185 500 322
dog 0.0206 0 0 81 23
person 0.5113 36 6 463 385
person 0.4339 79 167 466 407
person 0.3024 62 2 402 239
person 0.2985 277 188 451 395
person 0.2044 173 176 427 317
person 0.1979 291 183 431 308
person 0.1674 171 93 412 388
person 0.1488 257 272 498 409
person 0.1093 48 0 279 192
person 0.0932 143 119 384 280
person 0.0885 301 0 369 22
person 0.0770 54 10 176 205
person 0.0748 57 0 351 95
person 0.0738 137 2 334 72
person 0.0728 120 0 367 164
person 0.0720 272 317 389 404
person 0.0678 223 232 399 400
person 0.0648 133 21 328 275
person 0.0634 297 189 407 265
person 0.0634 198 174 399 266
person 0.0624 201 7 456 283
person 0.0615 323 165 500 414
person 0.0586 302 269 411 410
person 0.0534 65 1 234 76
person 0.0519 41 162 285 412
person 0.0514 159 143 343 350
person 0.0510 121 3 251 52
person 0.0483 6 4 157 142
person 0.0442 57 0 152 20
person 0.0434 104 2 192 60
person 0.0423 318 0 368 41
person 0.0422 244 35 493 391
person 0.0418 47 0 189 45
person 0.0402 0 27 29 105
person 0.0401 141 0 299 41
person 0.0387 102 143 326 247
person 0.0379 244 137 453 288
person 0.0367 78 0 200 126
person 0.0366 68 112 285 219
person 0.0365 0 0 79 124
person 0.0356 173 303 410 401
person 0.0344 163 6 386 110
person 0.0343 164 165 314 273
person 0.0341 5 0 150 271
person 0.0337 294 271 376 379
person 0.0325 328 188 427 249
person 0.0317 233 0 392 228
person 0.0316 400 250 498 408
person 0.0302 330 210 430 297
person 0.0295 63 125 306 300
person 0.0293 278 315 304 346
person 0.0291 204 0 316 123
person 0.0290 192 0 373 49
person 0.0288 59 111 174 215
person 0.0282 319 190 468 284
person 0.0278 131 0 169 55
person 0.0276 123 2 281 112
person 0.0272 336 321 372 358
person 0.0270 331 93 493 330
person 0.0268 268 64 391 263
person 0.0265 275 0 373 31
person 0.0264 282 4 373 127
person 0.0263 260 0 380 78
person 0.0257 85 0 169 78
person 0.0255 459 166 498 257
person 0.0253 316 318 383 373
person 0.0253 74 68 209 205
person 0.0253 302 317 483 411
person 0.0252 0 0 111 75
person 0.0250 0 3 46 92
person 0.0250 0 0 75 33
person 0.0248 0 0 28 75
person 0.0247 418 0 435 20
person 0.0247 62 62 139 200
person 0.0245 298 192 386 342
person 0.0244 0 54 22 101
person 0.0242 147 2 244 32
person 0.0241 328 314 394 401
person 0.0241 47 0 141 33
person 0.0240 31 0 150 68
person 0.0240 281 303 370 365
person 0.0236 247 177 361 306
person 0.0236 276 314 315 359
person 0.0234 172 200 295 385
person 0.0232 66 145 231 230
person 0.0232 24 42 226 233
person 0.0227 309 245 426 300
person 0.0222 99 74 340 205
person 0.0220 283 238 440 349
person 0.0216 410 0 428 19
person 0.0214 281 43 376 199
person 0.0213 275 308 341 389
person 0.0213 354 192 474 363
person 0.0209 165 176 263 310
person 0.0206 0 41 41 132
person 0.0205 90 0 186 20
person 0.0204 362 0 395 49
person 0.0204 477 184 500 272
person 0.0200 401 0 435 16
person 0.0200 395 0 424 13
person 0.0200 342 319 390 367
pottedplant 0.0348 0 0 96 79
pottedplant 0.0337 0 0 49 44
pottedplant 0.0220 0 0 29 61
sofa 0.4596 25 24 475 410
sofa 0.1278 52 0 500 239
sofa 0.0954 9 191 429 401
sofa 0.0362 118 62 500 313
tvmonitor 0.0442 359 1 498 66
tvmonitor 0.0407 366 0 400 51
tvmonitor 0.0374 459 0 499 34
tvmonitor 0.0333 480 0 498 34
tvmonitor 0.0292 376 0 443 15
tvmonitor 0.0256 429 0 489 31
tvmonitor 0.0251 370 0 429 35
tvmonitor 0.0244 362 0 451 48
tvmonitor 0.0240 329 0 491 38
tvmonitor 0.0226 413 0 468 26
tvmonitor 0.0222 423 0 444 21
tvmonitor 0.0215 455 1 497 66
tvmonitor 0.0213 432 0 452 23
tvmonitor 0.0211 368 0 410 20
tvmonitor 0.0211 358 28 500 88
tvmonitor 0.0204 474 0 500 52
tvmonitor 0.0201 393 0 425 17
tvmonitor 0.0200 398 0 452 21
