aeroplane 0.0202 31 2 312 349
bicycle 0.0858 86 447 204 499
bicycle 0.0579 1 125 60 256
bicycle 0.0483 108 459 175 500
bicycle 0.0300 191 324 375 485
bicycle 0.0205 0 197 29 265
bird 0.0251 83 404 117 493
bird 0.0247 84 422 109 455
bird 0.0212 154 424 296 495
boat 0.0479 0 22 332 318
boat 0.0273 0 126 187 307
boat 0.0243 0 0 231 239
bottle 0.0280 37 114 202 340
car 0.0604 94 141 128 212
car 0.0475 97 175 128 214
car 0.0469 82 135 179 222
car 0.0425 85 162 139 223
car 0.0358 33 121 132 222
car 0.0357 0 170 18 208
car 0.0310 0 172 29 234
car 0.0285 0 233 16 274
car 0.0279 1 79 72 233
car 0.0267 0 185 27 212
car 0.0247 76 181 130 232
car 0.0239 81 128 139 210
car 0.0233 0 196 33 245
car 0.0226 0 157 26 210
car 0.0226 0 193 28 222
car 0.0225 65 145 144 229
car 0.0224 0 205 20 274
car 0.0200 0 162 65 239
car 0.0200 0 243 24 269
horse 0.6016 85 244 242 500
horse 0.1171 84 384 246 499
horse 0.1101 107 258 252 394
horse 0.1051 60 192 335 483
horse 0.0308 117 423 264 497
horse 0.0300 76 451 242 500
horse 0.0297 147 321 277 489
horse 0.0247 120 346 375 495
horse 0.0240 116 279 225 454
motorbike 0.0936 91 129 129 219
motorbike 0.0360 77 161 131 222
motorbike 0.0330 10 117 103 234
motorbike 0.0318 66 125 125 225
motorbike 0.0227 0 143 73 245
person 0.8501 87 135 248 378
person 0.3842 84 200 260 471
person 0.2093 91 157 174 359
person 0.1932 136 186 243 411
person 0.1606 94 124 123 210
person 0.1145 9 66 273 500
person 0.1003 95 138 206 223
person 0.0919 93 132 141 221
person 0.0914 107 235 242 361
person 0.0897 78 244 183 360
person 0.0879 98 121 122 175
person 0.0794 95 131 114 173
person 0.0702 71 138 218 297
person 0.0676 0 462 15 500
person 0.0662 175 204 251 374
person 0.0608 0 185 27 247
person 0.0603 26 117 51 202
person 0.0600 16 118 61 241
person 0.0596 125 138 208 195
person 0.0595 32 116 47 160
person 0.0582 36 127 68 229
person 0.0509 10 150 48 245
person 0.0488 0 170 17 229
person 0.0487 0 108 221 336
person 0.0486 87 428 222 497
person 0.0467 124 143 175 214
person 0.0460 75 143 361 450
person 0.0458 48 143 72 225
person 0.0455 35 121 51 176
person 0.0443 208 282 244 378
person 0.0436 86 131 138 290
person 0.0430 55 0 334 396
person 0.0430 0 475 29 499
person 0.0407 98 161 126 216
person 0.0406 73 132 116 219
person 0.0388 136 142 227 247
person 0.0385 77 269 164 496
person 0.0385 35 138 53 207
person 0.0379 0 198 18 252
person 0.0378 1 127 33 235
person 0.0372 54 142 68 183
person 0.0372 134 151 188 227
person 0.0369 33 116 62 190
person 0.0365 96 176 136 221
person 0.0364 79 127 167 215
person 0.0363 109 140 152 222
person 0.0362 202 234 247 357
person 0.0359 89 210 147 354
person 0.0357 1 159 15 205
person 0.0350 40 142 59 210
person 0.0345 91 134 106 173
person 0.0342 155 248 265 356
person 0.0339 109 179 127 218
person 0.0339 2 169 22 210
person 0.0338 164 262 260 489
person 0.0336 162 174 240 333
person 0.0335 89 132 111 193
person 0.0332 94 122 117 157
person 0.0327 49 149 64 206
person 0.0321 16 269 199 499
person 0.0319 43 158 55 211
person 0.0312 363 163 374 204
person 0.0312 158 138 200 218
person 0.0309 156 422 227 499
person 0.0309 45 135 67 192
person 0.0307 31 112 91 237
person 0.0301 23 134 41 202
person 0.0300 57 138 94 224
person 0.0296 67 213 199 430
person 0.0292 50 136 64 174
person 0.0289 127 140 274 287
person 0.0286 103 133 122 196
person 0.0285 47 122 121 227
person 0.0285 96 179 123 210
person 0.0284 108 123 124 167
person 0.0281 39 128 57 174
person 0.0276 92 162 150 236
person 0.0275 195 466 258 500
person 0.0275 0 150 25 216
person 0.0273 28 148 48 211
person 0.0271 11 126 40 205
person 0.0271 31 125 46 189
person 0.0270 94 152 116 216
person 0.0266 154 282 348 496
person 0.0255 125 148 192 317
person 0.0252 8 194 28 239
person 0.0251 35 157 150 344
person 0.0250 172 432 297 499
person 0.0250 84 425 153 500
person 0.0248 95 170 111 212
person 0.0247 38 164 51 215
person 0.0247 210 260 241 349
person 0.0247 142 179 204 354
person 0.0243 0 190 50 242
person 0.0243 83 413 119 499
person 0.0236 116 180 133 219
person 0.0232 106 200 198 338
person 0.0232 132 154 156 227
person 0.0231 156 168 205 237
person 0.0230 84 361 141 500
person 0.0229 125 270 218 466
person 0.0227 164 418 196 498
person 0.0226 161 452 248 497
person 0.0226 0 480 18 500
person 0.0225 164 154 216 225
person 0.0225 196 454 288 497
person 0.0224 85 117 118 180
person 0.0222 0 174 38 231
person 0.0222 97 164 148 314
person 0.0220 30 153 56 233
person 0.0220 7 113 51 192
person 0.0219 41 110 76 208
person 0.0217 48 169 63 224
person 0.0215 191 337 327 490
person 0.0214 201 478 249 498
person 0.0214 33 121 45 146
person 0.0212 57 148 73 204
person 0.0211 52 159 69 219
person 0.0210 23 114 212 246
person 0.0210 92 250 134 351
person 0.0210 10 182 28 220
person 0.0207 27 119 42 168
person 0.0205 80 168 124 231
person 0.0205 195 423 235 500
person 0.0204 5 144 22 198
person 0.0204 18 114 50 167
person 0.0202 23 171 52 245
person 0.0201 55 135 67 168
person 0.0200 125 441 259 500
pottedplant 0.4531 278 197 303 239
pottedplant 0.1792 253 182 301 237
pottedplant 0.1636 249 161 276 224
pottedplant 0.1440 333 191 372 258
pottedplant 0.0660 271 196 287 234
pottedplant 0.0623 269 205 308 255
pottedplant 0.0597 276 170 309 239
pottedplant 0.0586 268 190 299 230
pottedplant 0.0569 290 201 307 241
pottedplant 0.0557 254 184 284 226
pottedplant 0.0508 3 191 52 259
pottedplant 0.0506 278 203 328 248
pottedplant 0.0488 241 173 317 243
pottedplant 0.0478 0 448 14 500
pottedplant 0.0473 271 208 300 235
pottedplant 0.0451 293 196 365 254
pottedplant 0.0426 285 195 317 242
pottedplant 0.0425 258 199 290 238
pottedplant 0.0425 337 205 362 255
pottedplant 0.0419 240 172 283 237
pottedplant 0.0416 0 431 28 499
pottedplant 0.0399 300 206 315 240
pottedplant 0.0381 252 161 269 206
pottedplant 0.0372 262 200 283 228
pottedplant 0.0371 271 215 292 242
pottedplant 0.0366 0 465 28 500
pottedplant 0.0361 350 186 375 255
pottedplant 0.0358 329 189 371 315
pottedplant 0.0355 286 192 303 231
pottedplant 0.0354 275 189 343 242
pottedplant 0.0352 4 130 63 263
pottedplant 0.0340 349 209 369 252
pottedplant 0.0340 361 198 375 250
pottedplant 0.0338 248 193 274 225
pottedplant 0.0324 23 196 51 270
pottedplant 0.0323 21 169 55 253
pottedplant 0.0316 257 179 310 273
pottedplant 0.0313 189 325 375 488
pottedplant 0.0301 123 450 212 497
pottedplant 0.0299 265 208 284 235
pottedplant 0.0298 305 207 319 241
pottedplant 0.0294 359 171 375 204
pottedplant 0.0294 337 188 371 210
pottedplant 0.0293 6 281 146 498
pottedplant 0.0287 260 168 279 219
pottedplant 0.0286 333 188 373 225
pottedplant 0.0286 282 215 309 240
pottedplant 0.0282 261 156 306 228
pottedplant 0.0275 258 159 364 247
pottedplant 0.0274 89 442 236 500
pottedplant 0.0267 271 188 285 221
pottedplant 0.0264 250 208 282 249
pottedplant 0.0260 240 184 301 334
pottedplant 0.0253 334 201 352 248
pottedplant 0.0252 265 220 283 244
pottedplant 0.0251 238 159 292 218
pottedplant 0.0251 258 214 297 244
pottedplant 0.0249 248 185 279 260
pottedplant 0.0249 248 162 274 188
pottedplant 0.0242 268 168 289 222
pottedplant 0.0238 228 230 359 379
pottedplant 0.0237 308 188 337 257
pottedplant 0.0234 317 179 359 253
pottedplant 0.0232 225 239 308 355
pottedplant 0.0230 0 419 54 500
pottedplant 0.0228 343 193 365 245
pottedplant 0.0225 266 223 310 273
pottedplant 0.0224 71 279 375 500
pottedplant 0.0222 0 245 261 500
pottedplant 0.0221 346 181 373 204
pottedplant 0.0217 343 164 375 241
pottedplant 0.0217 3 185 60 303
pottedplant 0.0216 272 227 283 253
pottedplant 0.0214 257 221 286 256
pottedplant 0.0213 314 207 374 399
pottedplant 0.0211 245 221 375 490
pottedplant 0.0211 296 170 318 242
pottedplant 0.0210 278 219 332 259
pottedplant 0.0209 299 200 324 239
pottedplant 0.0208 254 204 278 233
pottedplant 0.0207 10 158 119 325
pottedplant 0.0204 14 131 94 285
pottedplant 0.0202 281 209 298 255
pottedplant 0.0202 255 196 373 348
train 0.0377 3 112 60 250
train 0.0308 12 84 96 229
train 0.0235 60 123 129 217
train 0.0217 4 110 170 243
