aeroplane 0.0504 43 58 308 369
aeroplane 0.0398 47 11 259 164
aeroplane 0.0272 0 0 335 500
bicycle 0.2007 104 232 213 307
bicycle 0.1514 103 246 162 300
bicycle 0.1156 124 250 233 328
bicycle 0.0625 150 251 216 314
bicycle 0.0613 114 255 185 308
bicycle 0.0467 109 258 139 298
bicycle 0.0442 105 251 194 339
bicycle 0.0358 54 227 282 434
bicycle 0.0354 96 264 143 306
bicycle 0.0351 57 4 265 163
bicycle 0.0300 75 253 176 314
bicycle 0.0277 0 0 335 356
boat 0.0498 0 0 335 382
boat 0.0369 48 18 307 200
boat 0.0245 99 264 141 301
bottle 0.0240 143 191 199 231
bottle 0.0220 160 219 190 243
bottle 0.0208 159 209 191 232
bottle 0.0205 105 187 138 215
car 0.1779 195 121 319 207
car 0.1719 296 25 317 47
car 0.1709 308 128 325 170
car 0.1321 270 132 322 195
car 0.1305 187 91 273 198
car 0.1074 280 128 324 174
car 0.0890 291 24 304 47
car 0.0835 111 138 301 289
car 0.0809 162 41 322 197
car 0.0781 193 137 267 193
car 0.0748 290 20 325 51
car 0.0718 300 125 326 185
car 0.0701 258 113 327 215
car 0.0658 307 25 322 47
car 0.0656 290 32 311 51
car 0.0606 286 24 300 47
car 0.0606 301 143 326 171
car 0.0583 286 20 308 50
car 0.0577 173 28 296 132
car 0.0568 219 52 274 97
car 0.0565 301 32 323 50
car 0.0545 228 11 295 55
car 0.0536 60 7 268 161
car 0.0532 297 28 307 47
car 0.0519 133 88 322 233
car 0.0511 154 50 250 133
car 0.0489 9 240 97 363
car 0.0483 267 156 323 212
car 0.0459 292 28 319 60
car 0.0456 280 19 301 50
car 0.0453 277 151 323 186
car 0.0453 218 26 291 81
car 0.0446 284 32 303 52
car 0.0442 184 146 307 237
car 0.0422 267 106 333 179
car 0.0419 204 5 301 75
car 0.0416 242 122 319 187
car 0.0415 296 123 327 159
car 0.0411 11 279 70 365
car 0.0409 211 40 291 103
car 0.0386 172 80 255 167
car 0.0366 185 64 244 114
car 0.0355 180 86 237 142
car 0.0349 255 13 315 55
car 0.0337 166 76 229 130
car 0.0325 9 287 41 349
car 0.0321 217 151 292 202
car 0.0320 188 128 253 176
car 0.0319 130 9 232 81
car 0.0315 188 67 287 163
car 0.0309 297 153 326 179
car 0.0306 292 138 324 165
car 0.0304 296 37 322 57
car 0.0303 258 16 287 52
car 0.0302 15 301 64 346
car 0.0301 186 106 233 149
car 0.0288 283 148 315 172
car 0.0287 305 13 326 51
car 0.0286 270 28 304 55
car 0.0286 262 34 288 52
car 0.0280 30 0 318 224
car 0.0280 263 41 288 59
car 0.0279 122 0 332 132
car 0.0278 189 47 265 103
car 0.0271 153 6 289 96
car 0.0270 308 124 327 153
car 0.0268 281 20 315 59
car 0.0267 275 20 285 50
car 0.0266 14 283 65 330
car 0.0263 85 9 195 71
car 0.0257 288 38 311 59
car 0.0256 248 28 291 56
car 0.0255 274 40 299 60
car 0.0255 11 320 67 376
car 0.0255 313 22 326 49
car 0.0254 14 258 89 326
car 0.0250 11 264 145 377
car 0.0247 324 6 333 60
car 0.0245 129 28 233 116
car 0.0242 16 273 65 310
car 0.0238 293 0 326 56
car 0.0234 266 21 282 51
car 0.0233 268 24 293 45
car 0.0232 162 72 218 111
car 0.0225 181 0 247 134
car 0.0225 10 283 36 323
car 0.0224 234 32 285 71
car 0.0218 310 31 328 52
car 0.0216 138 0 248 180
car 0.0216 250 36 289 64
car 0.0212 242 12 284 41
car 0.0210 204 160 260 200
car 0.0208 213 67 273 118
car 0.0205 0 44 163 187
car 0.0204 249 23 282 44
car 0.0203 313 7 330 52
car 0.0202 262 57 331 189
car 0.0200 14 289 41 314
car 0.0200 201 0 277 126
motorbike 0.7341 98 236 272 389
motorbike 0.4576 101 197 253 335
motorbike 0.2732 91 124 280 363
motorbike 0.1759 269 128 322 200
motorbike 0.1600 212 123 323 212
motorbike 0.1592 157 249 285 360
motorbike 0.1316 185 72 307 200
motorbike 0.1025 83 55 280 278
motorbike 0.0988 203 253 265 335
motorbike 0.0916 174 64 251 154
motorbike 0.0842 241 143 320 206
motorbike 0.0791 83 16 278 173
motorbike 0.0744 219 60 259 102
motorbike 0.0660 113 245 215 326
motorbike 0.0649 273 156 317 191
motorbike 0.0632 159 108 317 279
motorbike 0.0590 132 67 282 186
motorbike 0.0550 173 255 255 324
motorbike 0.0537 183 75 242 131
motorbike 0.0489 165 164 291 395
motorbike 0.0483 188 59 261 116
motorbike 0.0476 100 259 203 386
motorbike 0.0475 252 81 322 214
motorbike 0.0475 200 266 278 371
motorbike 0.0473 0 134 335 500
motorbike 0.0466 167 15 285 215
motorbike 0.0460 141 276 259 384
motorbike 0.0447 135 25 254 134
motorbike 0.0437 95 210 284 500
motorbike 0.0413 207 68 254 110
motorbike 0.0400 134 184 304 303
motorbike 0.0398 213 285 277 345
motorbike 0.0395 35 13 320 343
motorbike 0.0365 9 233 126 366
motorbike 0.0343 202 54 281 142
motorbike 0.0317 29 229 220 372
motorbike 0.0279 221 111 325 340
motorbike 0.0278 205 27 328 225
motorbike 0.0246 264 162 320 206
motorbike 0.0244 186 94 233 145
motorbike 0.0236 278 167 312 193
motorbike 0.0230 193 87 236 120
motorbike 0.0217 184 266 250 362
motorbike 0.0205 208 264 258 314
motorbike 0.0204 206 215 312 371
motorbike 0.0200 201 79 242 114
person 0.6697 105 190 222 311
person 0.3574 106 213 248 369
person 0.2256 103 184 173 296
person 0.2241 146 195 211 303
person 0.1367 107 216 200 290
person 0.1326 125 171 272 323
person 0.1163 101 109 238 322
person 0.1056 127 242 213 310
person 0.1027 275 122 320 190
person 0.0949 108 239 174 303
person 0.0868 309 124 326 164
person 0.0867 174 228 256 382
person 0.0839 227 57 257 96
person 0.0752 188 161 248 323
person 0.0698 142 222 187 317
person 0.0675 102 218 145 291
person 0.0650 278 130 313 174
person 0.0643 115 240 203 395
person 0.0622 154 230 239 323
person 0.0613 175 223 211 314
person 0.0590 196 252 255 306
person 0.0588 151 132 281 279
person 0.0578 203 210 271 358
person 0.0569 222 66 245 98
person 0.0567 180 245 225 311
person 0.0561 9 335 19 389
person 0.0559 238 55 258 85
person 0.0517 0 0 154 469
person 0.0516 225 50 272 91
person 0.0508 161 158 228 304
person 0.0500 182 78 235 119
person 0.0498 283 121 326 165
person 0.0495 301 117 326 173
person 0.0478 0 0 335 423
person 0.0470 195 143 284 332
person 0.0457 109 248 152 297
person 0.0456 182 245 262 331
person 0.0451 193 71 246 113
person 0.0451 215 58 261 109
person 0.0447 239 111 322 204
person 0.0419 241 54 274 77
person 0.0418 183 206 209 290
person 0.0414 217 256 248 296
person 0.0405 110 184 193 256
person 0.0403 298 133 316 171
person 0.0396 189 81 214 114
person 0.0395 157 249 207 316
person 0.0388 9 287 38 357
person 0.0387 205 253 231 318
person 0.0386 219 51 301 193
person 0.0384 266 73 321 196
person 0.0379 308 145 324 191
person 0.0376 207 256 225 298
person 0.0374 180 24 250 164
person 0.0367 312 26 323 53
person 0.0366 262 126 301 203
person 0.0365 294 134 320 185
person 0.0363 133 243 170 311
person 0.0358 249 49 278 70
person 0.0356 285 143 314 194
person 0.0351 217 258 258 316
person 0.0346 305 131 326 197
person 0.0340 8 315 24 386
person 0.0339 102 185 142 251
person 0.0334 219 69 239 108
person 0.0332 9 296 26 365
person 0.0332 314 117 327 153
person 0.0329 187 76 216 133
person 0.0327 190 215 236 313
person 0.0326 290 133 309 172
person 0.0325 235 43 282 79
person 0.0322 98 193 134 285
person 0.0321 273 116 304 177
person 0.0320 280 154 308 186
person 0.0319 280 91 317 171
person 0.0319 207 259 250 343
person 0.0315 125 250 161 289
person 0.0312 316 19 326 51
person 0.0310 281 142 300 181
person 0.0303 109 232 161 276
person 0.0302 242 59 259 99
person 0.0299 208 253 239 291
person 0.0298 284 126 304 166
person 0.0297 195 248 228 298
person 0.0295 41 199 217 349
person 0.0295 234 65 253 103
person 0.0294 244 51 264 74
person 0.0289 203 81 220 116
person 0.0284 151 238 217 369
person 0.0283 223 260 242 302
person 0.0282 275 123 309 157
person 0.0281 26 304 42 345
person 0.0278 113 254 138 291
person 0.0277 172 202 207 266
person 0.0274 276 134 296 172
person 0.0273 109 198 149 272
person 0.0272 151 247 181 313
person 0.0269 262 43 279 62
person 0.0268 284 137 316 164
person 0.0268 195 91 229 115
person 0.0266 9 307 19 362
person 0.0265 226 59 240 88
person 0.0263 191 92 210 131
person 0.0263 292 85 325 167
person 0.0262 230 56 246 89
person 0.0262 219 291 236 331
person 0.0261 262 46 276 73
person 0.0260 207 82 231 114
person 0.0258 181 40 231 136
person 0.0258 225 198 291 354
person 0.0257 169 74 221 112
person 0.0257 124 252 141 292
person 0.0256 220 46 249 103
person 0.0256 162 0 232 136
person 0.0254 136 57 294 311
person 0.0252 145 199 182 291
person 0.0252 276 149 307 174
person 0.0250 208 268 226 313
person 0.0249 297 149 314 189
person 0.0246 276 153 295 186
person 0.0246 208 55 243 120
person 0.0246 13 291 32 341
person 0.0245 242 56 255 80
person 0.0245 141 232 207 287
person 0.0244 57 258 86 324
person 0.0239 169 99 236 263
person 0.0238 215 61 248 92
person 0.0237 257 45 272 75
person 0.0236 212 264 232 305
person 0.0235 210 235 242 302
person 0.0234 203 76 276 204
person 0.0233 285 126 315 150
person 0.0233 31 300 45 338
person 0.0232 154 193 198 248
person 0.0232 155 252 174 293
person 0.0231 193 213 216 296
person 0.0230 291 27 301 63
person 0.0229 187 101 221 140
person 0.0229 192 263 245 373
person 0.0228 217 270 239 327
person 0.0228 313 118 323 142
person 0.0227 139 238 179 288
person 0.0226 214 298 232 339
person 0.0226 196 39 256 107
person 0.0224 301 24 312 46
person 0.0224 117 232 182 337
person 0.0224 211 73 236 119
person 0.0223 271 145 308 204
person 0.0222 265 45 284 70
person 0.0222 313 33 323 61
person 0.0221 193 255 221 326
person 0.0220 198 80 224 128
person 0.0219 129 197 169 288
person 0.0219 104 185 136 225
person 0.0218 110 188 175 227
person 0.0218 180 250 229 358
person 0.0217 244 37 285 65
person 0.0216 181 182 222 300
person 0.0215 214 281 232 321
person 0.0214 19 295 37 340
person 0.0214 128 190 171 247
person 0.0214 194 219 209 264
person 0.0213 277 164 304 196
person 0.0213 107 230 132 294
person 0.0212 208 289 227 331
person 0.0210 234 263 251 306
person 0.0210 293 143 325 208
person 0.0210 118 248 149 274
person 0.0210 123 218 154 287
person 0.0209 214 45 287 120
person 0.0209 129 251 147 290
person 0.0207 263 34 277 56
person 0.0206 249 49 267 83
person 0.0206 165 241 192 313
person 0.0206 78 0 153 127
person 0.0204 28 292 49 343
person 0.0203 275 30 285 55
person 0.0203 224 300 240 338
person 0.0203 317 31 326 64
person 0.0202 279 26 293 56
person 0.0202 146 251 164 290
person 0.0202 299 123 314 157
person 0.0201 308 108 325 154
person 0.0201 262 140 315 181
person 0.0201 236 65 264 94
person 0.0201 264 97 298 176
person 0.0200 140 183 217 251
person 0.0200 204 277 221 322
person 0.0200 224 277 241 322
person 0.0200 230 266 261 332
pottedplant 0.0275 107 267 133 299
train 0.0254 18 155 298 404
tvmonitor 0.0242 0 17 37 73
