bicycle 0.0817 358 226 498 320
bicycle 0.0700 336 91 453 323
bicycle 0.0507 347 168 433 319
bicycle 0.0390 285 166 468 320
bicycle 0.0276 227 228 500 323
bicycle 0.0201 313 220 423 316
bird 0.0302 461 179 499 229
bird 0.0260 478 183 500 231
boat 0.0331 389 206 498 323
boat 0.0272 459 175 499 231
boat 0.0202 402 224 498 289
car 0.0789 403 237 499 321
car 0.0364 417 241 500 276
car 0.0254 461 307 500 322
car 0.0204 389 280 499 322
chair 0.0445 405 219 499 318
chair 0.0232 393 265 499 321
cow 0.6810 333 104 435 305
cow 0.5528 31 0 253 321
cow 0.1682 0 232 80 303
cow 0.1568 54 111 206 323
cow 0.1358 239 44 440 319
cow 0.1011 78 0 394 322
cow 0.0939 199 77 372 313
cow 0.0862 356 116 500 307
cow 0.0817 6 221 152 317
cow 0.0729 377 121 437 267
cow 0.0716 69 0 262 133
cow 0.0704 331 103 430 202
cow 0.0682 9 192 94 300
cow 0.0654 29 52 164 311
cow 0.0587 56 224 124 318
cow 0.0567 350 155 416 321
cow 0.0547 79 209 151 323
cow 0.0529 0 237 50 284
cow 0.0516 116 134 216 323
cow 0.0488 138 0 259 102
cow 0.0485 136 173 196 323
cow 0.0458 0 160 21 186
cow 0.0457 32 174 119 309
cow 0.0445 148 142 211 288
cow 0.0423 438 148 463 193
cow 0.0399 88 179 187 323
cow 0.0374 413 133 488 252
cow 0.0367 0 258 67 287
cow 0.0351 410 184 497 310
cow 0.0347 0 156 39 188
cow 0.0341 0 242 23 283
cow 0.0335 289 106 427 246
cow 0.0326 397 145 435 235
cow 0.0316 382 110 437 207
cow 0.0312 426 146 464 217
cow 0.0308 337 116 397 222
cow 0.0306 138 57 245 308
cow 0.0291 367 182 467 319
cow 0.0290 412 157 441 228
cow 0.0282 47 248 173 321
cow 0.0282 30 230 103 303
cow 0.0278 192 5 261 55
cow 0.0273 118 0 270 215
cow 0.0271 173 164 419 319
cow 0.0269 361 141 436 220
cow 0.0259 0 262 126 322
cow 0.0258 350 127 417 245
cow 0.0245 304 197 500 310
cow 0.0245 112 1 252 54
cow 0.0245 0 187 226 317
cow 0.0241 291 134 410 316
cow 0.0235 327 102 409 154
cow 0.0222 0 141 141 302
cow 0.0213 103 225 219 320
cow 0.0206 448 126 500 269
cow 0.0203 372 171 423 300
cow 0.0201 363 111 476 234
dog 0.0961 41 2 242 206
dog 0.0266 87 237 195 322
dog 0.0264 24 0 250 110
dog 0.0223 33 16 177 149
dog 0.0204 103 0 228 51
horse 0.4294 34 0 244 323
horse 0.0672 50 0 440 321
horse 0.0565 112 0 263 194
horse 0.0393 42 50 168 306
horse 0.0313 137 23 249 302
horse 0.0215 34 11 272 134
person 0.0748 37 0 219 258
person 0.0595 352 177 413 320
person 0.0585 439 149 461 185
person 0.0576 338 125 437 323
person 0.0444 42 1 175 178
person 0.0420 484 161 498 188
person 0.0414 103 263 139 323
person 0.0374 140 0 260 166
person 0.0334 37 10 136 129
person 0.0324 89 233 141 323
person 0.0318 149 65 235 232
person 0.0306 118 0 240 104
person 0.0290 147 165 175 235
person 0.0289 434 148 464 201
person 0.0273 474 298 499 323
person 0.0264 73 0 214 144
person 0.0263 471 266 500 323
person 0.0259 149 167 170 203
person 0.0259 149 122 229 271
person 0.0258 0 208 20 241
person 0.0256 103 213 190 323
person 0.0239 0 152 19 186
person 0.0238 103 2 137 52
person 0.0236 365 220 420 320
person 0.0225 0 294 22 323
person 0.0224 0 234 22 278
person 0.0221 1 213 47 280
person 0.0220 455 157 497 225
person 0.0217 150 171 184 253
person 0.0215 97 309 144 322
person 0.0215 156 5 287 286
person 0.0215 64 239 110 320
person 0.0209 89 267 176 322
person 0.0203 358 255 396 313
person 0.0200 189 2 262 118
pottedplant 0.0413 438 148 465 191
pottedplant 0.0295 210 6 262 53
pottedplant 0.0284 170 2 268 122
pottedplant 0.0264 471 159 498 187
pottedplant 0.0255 483 162 500 186
pottedplant 0.0247 407 245 500 323
pottedplant 0.0245 328 108 351 132
pottedplant 0.0223 466 157 481 184
pottedplant 0.0223 104 0 139 43
pottedplant 0.0214 475 162 490 183
pottedplant 0.0209 271 117 431 323
pottedplant 0.0207 14 129 84 278
pottedplant 0.0206 445 151 474 187
pottedplant 0.0204 322 79 460 248
pottedplant 0.0202 200 3 262 85
sheep 0.0218 0 158 12 188
train 0.0359 424 244 500 271
train 0.0295 0 210 76 289
train 0.0294 459 177 498 230
train 0.0251 427 179 495 230
tvmonitor 0.0834 403 237 499 323
tvmonitor 0.0224 451 248 499 321
