aeroplane 0.0477 0 21 500 375
aeroplane 0.0261 253 0 500 360
bottle 0.0312 487 288 500 368
bottle 0.0290 140 350 166 375
bottle 0.0228 175 326 204 371
bottle 0.0215 148 341 169 372
bottle 0.0204 174 325 194 359
bottle 0.0202 141 357 187 375
car 0.0262 31 234 286 364
car 0.0234 20 195 190 347
chair 0.6077 314 235 470 375
chair 0.1562 329 234 460 314
chair 0.1363 385 259 468 375
chair 0.0915 416 299 467 375
chair 0.0882 316 302 468 373
chair 0.0844 314 234 410 341
chair 0.0808 445 346 500 375
chair 0.0771 372 238 467 296
chair 0.0614 310 238 365 317
chair 0.0606 298 226 377 355
chair 0.0582 205 223 426 375
chair 0.0581 346 233 415 291
chair 0.0576 462 304 499 375
chair 0.0557 362 244 439 324
chair 0.0485 195 223 313 317
chair 0.0467 465 256 498 321
chair 0.0458 410 245 467 307
chair 0.0452 421 264 482 375
chair 0.0434 399 334 467 375
chair 0.0427 382 255 452 307
chair 0.0412 401 244 492 325
chair 0.0410 334 333 469 373
chair 0.0408 450 263 500 375
chair 0.0406 310 263 362 361
chair 0.0401 308 270 359 323
chair 0.0397 416 340 488 375
chair 0.0379 324 232 383 297
chair 0.0362 352 255 411 306
chair 0.0356 368 239 404 302
chair 0.0349 433 307 482 375
chair 0.0348 474 267 500 372
chair 0.0348 227 228 367 308
chair 0.0330 416 259 469 335
chair 0.0320 311 228 434 287
chair 0.0316 404 352 477 375
chair 0.0310 370 259 426 302
chair 0.0307 303 243 345 310
chair 0.0305 312 311 396 374
chair 0.0302 315 263 427 318
chair 0.0301 479 268 499 323
chair 0.0297 296 144 452 344
chair 0.0285 482 301 500 362
chair 0.0283 243 247 343 369
chair 0.0278 286 256 323 317
chair 0.0277 309 267 389 308
chair 0.0277 246 210 338 330
chair 0.0277 373 263 475 318
chair 0.0272 434 246 487 310
chair 0.0271 314 226 357 291
chair 0.0261 367 238 500 357
chair 0.0261 340 231 412 265
chair 0.0253 294 222 351 320
chair 0.0253 353 274 476 341
chair 0.0252 344 230 388 280
chair 0.0246 465 353 500 375
chair 0.0241 193 256 326 351
chair 0.0240 441 354 477 375
chair 0.0238 455 331 495 373
chair 0.0231 290 277 402 375
chair 0.0229 311 339 425 372
chair 0.0226 433 343 461 375
chair 0.0225 304 292 344 370
chair 0.0224 472 332 500 375
chair 0.0223 398 300 500 372
chair 0.0223 305 334 371 375
chair 0.0222 487 270 500 356
chair 0.0215 372 348 499 375
chair 0.0214 282 210 380 303
chair 0.0208 379 238 420 291
chair 0.0204 402 236 456 288
chair 0.0203 375 311 463 375
chair 0.0201 377 252 408 294
chair 0.0200 269 244 310 308
diningtable 0.0474 183 225 324 311
diningtable 0.0398 106 233 408 363
diningtable 0.0268 85 221 324 327
diningtable 0.0201 123 261 340 351
person 0.0383 284 1 500 375
person 0.0244 0 0 249 375
person 0.0227 24 0 500 375
pottedplant 0.0316 176 229 208 311
pottedplant 0.0244 176 259 204 325
pottedplant 0.0235 483 277 499 322
sofa 0.2317 278 239 464 375
sofa 0.0526 158 224 306 334
sofa 0.0315 172 222 373 366
train 0.0323 0 0 458 330
tvmonitor 0.8728 49 228 174 336
tvmonitor 0.2631 0 292 74 375
tvmonitor 0.1271 206 228 280 301
tvmonitor 0.1165 0 333 76 373
tvmonitor 0.0926 0 225 111 375
tvmonitor 0.0820 27 303 76 371
tvmonitor 0.0751 62 227 284 343
tvmonitor 0.0740 0 233 49 375
tvmonitor 0.0738 173 223 291 315
tvmonitor 0.0568 11 309 109 375
tvmonitor 0.0546 170 227 209 313
tvmonitor 0.0505 49 310 165 375
tvmonitor 0.0485 79 229 173 297
tvmonitor 0.0480 340 122 454 195
tvmonitor 0.0472 40 324 95 372
tvmonitor 0.0419 0 346 55 375
tvmonitor 0.0397 115 230 176 281
tvmonitor 0.0390 45 271 140 336
tvmonitor 0.0380 179 230 243 315
tvmonitor 0.0372 25 248 165 370
tvmonitor 0.0361 52 279 182 352
tvmonitor 0.0356 49 330 131 375
tvmonitor 0.0350 0 253 84 340
tvmonitor 0.0346 85 260 175 375
tvmonitor 0.0339 179 232 206 280
tvmonitor 0.0338 103 236 174 327
tvmonitor 0.0332 69 338 165 374
tvmonitor 0.0327 71 329 107 375
tvmonitor 0.0320 48 300 132 360
tvmonitor 0.0315 19 344 74 375
tvmonitor 0.0314 116 347 172 375
tvmonitor 0.0310 0 314 48 374
tvmonitor 0.0303 136 355 169 375
tvmonitor 0.0283 107 303 181 367
tvmonitor 0.0283 38 282 81 345
tvmonitor 0.0275 28 152 169 344
tvmonitor 0.0271 121 230 165 257
tvmonitor 0.0270 51 330 81 375
tvmonitor 0.0261 136 331 171 375
tvmonitor 0.0260 185 229 222 302
tvmonitor 0.0259 46 300 89 364
tvmonitor 0.0256 123 242 280 324
tvmonitor 0.0247 106 357 158 375
tvmonitor 0.0244 158 228 205 280
tvmonitor 0.0243 122 263 176 361
tvmonitor 0.0238 133 235 182 297
tvmonitor 0.0238 236 233 279 295
tvmonitor 0.0236 208 225 281 263
tvmonitor 0.0232 0 355 35 375
tvmonitor 0.0227 12 358 70 374
tvmonitor 0.0224 90 234 133 250
tvmonitor 0.0221 144 305 175 369
tvmonitor 0.0217 108 233 153 251
tvmonitor 0.0217 50 316 113 355
tvmonitor 0.0216 81 326 175 367
tvmonitor 0.0215 212 257 279 296
tvmonitor 0.0212 79 230 164 256
tvmonitor 0.0201 0 290 232 375
tvmonitor 0.0200 0 10 57 54
