bird 0.0320 223 63 278 123
bird 0.0247 173 27 240 127
bird 0.0218 194 52 265 130
bird 0.0214 205 82 248 125
bird 0.0203 188 75 234 121
boat 0.0203 253 225 489 250
bottle 0.0203 228 55 246 76
car 0.0361 259 12 309 29
car 0.0290 241 5 419 38
car 0.0263 0 1 181 40
car 0.0249 102 20 153 36
cat 0.7170 234 26 488 209
cat 0.6408 0 32 261 242
cat 0.5201 86 31 477 250
cat 0.1903 249 29 454 137
cat 0.1363 224 25 313 112
cat 0.1045 249 26 344 91
cat 0.1030 192 25 282 111
cat 0.0957 161 26 242 112
cat 0.0901 4 34 241 150
cat 0.0667 201 23 357 133
cat 0.0646 202 94 500 238
cat 0.0619 0 118 428 250
cat 0.0573 133 23 262 157
cat 0.0522 120 28 234 93
cat 0.0503 337 45 491 238
cat 0.0471 59 35 324 193
cat 0.0471 171 18 301 147
cat 0.0454 4 51 143 194
cat 0.0428 267 30 433 83
cat 0.0426 249 20 402 66
cat 0.0402 19 41 215 96
cat 0.0343 261 24 329 71
cat 0.0342 3 60 85 174
cat 0.0334 0 39 109 100
cat 0.0328 0 15 263 101
cat 0.0327 233 26 310 73
cat 0.0327 157 50 257 135
cat 0.0306 195 20 332 68
cat 0.0306 116 19 289 106
cat 0.0297 252 37 342 138
cat 0.0287 182 30 233 84
cat 0.0266 295 49 470 165
cat 0.0247 129 19 277 69
cat 0.0246 211 72 322 143
cat 0.0241 279 25 348 62
cat 0.0238 241 87 480 157
cat 0.0235 0 87 174 248
cat 0.0218 0 0 449 179
cat 0.0211 61 54 217 187
chair 0.0254 229 13 448 98
chair 0.0251 168 68 467 250
chair 0.0239 0 170 302 245
chair 0.0229 68 32 246 233
chair 0.0225 0 119 220 247
diningtable 0.0523 46 93 500 250
dog 0.0285 4 71 81 194
dog 0.0223 156 43 240 120
person 0.0406 247 40 475 250
person 0.0365 334 212 500 249
person 0.0354 208 176 500 247
person 0.0273 351 73 492 249
person 0.0254 322 185 499 242
person 0.0234 418 209 497 250
pottedplant 0.1182 215 27 282 108
pottedplant 0.0944 224 30 267 75
pottedplant 0.0676 0 43 33 90
pottedplant 0.0587 191 24 278 80
pottedplant 0.0519 289 22 405 51
pottedplant 0.0516 352 23 405 49
pottedplant 0.0478 308 23 370 49
pottedplant 0.0416 1 53 21 90
pottedplant 0.0396 373 25 402 47
pottedplant 0.0335 224 22 320 76
pottedplant 0.0325 93 36 162 63
pottedplant 0.0322 3 39 98 90
pottedplant 0.0299 226 51 265 75
pottedplant 0.0294 203 30 253 79
pottedplant 0.0269 227 44 248 74
pottedplant 0.0269 328 24 385 52
pottedplant 0.0264 304 25 343 59
pottedplant 0.0263 384 29 404 49
pottedplant 0.0261 172 23 242 86
pottedplant 0.0261 322 26 359 53
pottedplant 0.0256 270 24 411 69
pottedplant 0.0255 91 37 133 56
pottedplant 0.0251 209 28 284 63
pottedplant 0.0230 309 27 335 46
pottedplant 0.0224 0 35 53 97
pottedplant 0.0213 4 47 29 78
pottedplant 0.0206 23 35 172 68
pottedplant 0.0201 248 27 299 73
sheep 0.0371 221 30 283 124
sheep 0.0322 218 65 273 122
sheep 0.0226 192 30 262 125
sofa 0.0297 0 5 500 239
tvmonitor 0.0521 8 14 235 74
tvmonitor 0.0434 3 32 187 83
tvmonitor 0.0284 263 6 436 44
tvmonitor 0.0279 252 16 444 70
tvmonitor 0.0264 9 4 221 45
tvmonitor 0.0246 281 101 498 246
tvmonitor 0.0222 263 17 343 39
