bottle 0.0763 202 236 222 272
bottle 0.0645 154 305 169 334
bottle 0.0525 169 309 185 332
bottle 0.0502 174 309 197 330
bottle 0.0493 12 284 244 347
bottle 0.0466 160 308 177 331
bottle 0.0405 60 254 264 328
bottle 0.0362 162 306 193 332
bottle 0.0358 0 307 192 360
bottle 0.0355 135 302 169 332
bottle 0.0349 3 142 49 167
bottle 0.0314 7 259 204 335
bottle 0.0299 191 215 222 273
bottle 0.0293 193 234 210 270
bottle 0.0285 318 0 345 38
bottle 0.0270 164 240 224 329
bottle 0.0269 153 303 182 331
bottle 0.0268 149 291 211 329
bottle 0.0266 56 312 267 360
bottle 0.0261 185 200 276 333
bottle 0.0254 160 264 202 327
bottle 0.0249 116 300 177 339
bottle 0.0240 260 27 430 121
bottle 0.0236 199 227 217 263
bottle 0.0235 77 295 176 345
bottle 0.0232 129 269 169 327
bottle 0.0231 157 303 225 335
bottle 0.0231 319 311 500 367
bottle 0.0229 143 267 183 327
bottle 0.0215 394 0 441 15
bottle 0.0206 125 310 199 350
bottle 0.0202 97 289 166 332
bottle 0.0202 151 170 259 327
bottle 0.0200 136 239 194 327
car 0.0256 368 0 443 24
car 0.0207 438 0 500 30
chair 0.0657 0 268 317 356
chair 0.0645 0 284 180 351
chair 0.0509 0 307 149 360
chair 0.0479 0 205 228 353
chair 0.0473 0 146 52 314
chair 0.0438 330 0 432 19
chair 0.0438 258 310 500 367
chair 0.0406 0 308 280 364
chair 0.0389 254 280 500 353
chair 0.0378 338 249 498 323
chair 0.0349 269 241 384 333
chair 0.0343 3 180 96 336
chair 0.0328 0 244 124 342
chair 0.0320 457 254 499 316
chair 0.0316 304 191 500 327
chair 0.0306 61 273 492 361
chair 0.0297 171 308 209 331
chair 0.0284 179 249 415 337
chair 0.0272 185 312 212 329
chair 0.0242 0 314 102 352
chair 0.0233 90 280 300 345
chair 0.0230 416 248 500 318
chair 0.0224 4 276 124 325
chair 0.0217 261 158 392 359
diningtable 0.0694 0 301 362 375
diningtable 0.0677 0 228 319 367
diningtable 0.0578 112 258 500 369
diningtable 0.0483 42 69 500 359
diningtable 0.0473 148 308 500 375
diningtable 0.0430 197 172 500 344
diningtable 0.0250 272 237 500 357
person 0.8228 8 51 278 348
person 0.8012 307 11 494 336
person 0.4981 29 16 471 349
person 0.1514 181 21 375 321
person 0.1216 263 73 391 330
person 0.1037 0 190 277 337
person 0.1032 341 144 494 321
person 0.0869 231 0 471 209
person 0.0834 121 51 274 307
person 0.0618 4 60 262 215
person 0.0581 299 131 415 329
person 0.0548 0 67 115 326
person 0.0537 394 14 500 282
person 0.0524 302 26 417 251
person 0.0498 78 0 340 304
person 0.0497 284 160 369 329
person 0.0492 264 15 381 233
person 0.0491 4 123 87 294
person 0.0490 128 4 457 130
person 0.0478 161 27 311 270
person 0.0474 2 141 54 168
person 0.0451 299 12 474 147
person 0.0445 153 60 254 206
person 0.0439 452 38 500 217
person 0.0435 416 7 499 161
person 0.0427 3 78 91 216
person 0.0419 197 172 396 338
person 0.0417 309 17 405 135
person 0.0402 358 7 484 215
person 0.0397 372 0 447 17
person 0.0378 448 151 500 322
person 0.0364 175 93 288 327
person 0.0361 18 63 198 154
person 0.0350 442 55 484 123
person 0.0349 458 51 498 147
person 0.0345 9 10 331 137
person 0.0345 55 246 303 335
person 0.0340 83 57 255 173
person 0.0337 61 72 220 292
person 0.0320 1 124 67 170
person 0.0314 274 54 379 172
person 0.0309 456 244 499 317
person 0.0303 1 176 148 346
person 0.0301 349 184 420 323
person 0.0300 292 84 373 272
person 0.0287 9 63 128 184
person 0.0286 190 39 346 197
person 0.0285 205 116 324 336
person 0.0280 319 0 344 36
person 0.0274 462 77 499 194
person 0.0265 24 120 186 327
person 0.0265 148 208 305 330
person 0.0262 266 175 500 366
person 0.0261 95 136 250 336
person 0.0259 372 214 500 315
person 0.0259 130 8 282 196
person 0.0257 184 0 500 79
person 0.0254 183 43 280 181
person 0.0251 441 50 491 170
person 0.0248 404 0 449 15
person 0.0246 313 0 405 22
person 0.0243 363 12 500 107
person 0.0239 459 87 500 279
person 0.0236 343 28 439 188
person 0.0236 339 5 446 123
person 0.0236 202 64 500 375
person 0.0233 0 221 467 375
person 0.0232 448 61 471 104
person 0.0232 92 225 249 322
person 0.0231 309 194 393 330
person 0.0231 389 0 481 20
person 0.0228 434 14 492 120
person 0.0215 1 141 67 188
person 0.0211 1 103 40 167
person 0.0211 320 0 381 33
person 0.0208 141 39 269 143
person 0.0204 428 51 471 119
person 0.0204 366 181 454 318
person 0.0202 161 83 201 160
pottedplant 0.1475 246 22 351 117
pottedplant 0.1007 231 1 423 129
pottedplant 0.0779 223 9 377 209
pottedplant 0.0740 284 39 349 122
pottedplant 0.0675 244 30 302 112
pottedplant 0.0536 293 83 339 118
pottedplant 0.0443 308 10 358 118
pottedplant 0.0429 268 22 373 154
pottedplant 0.0411 260 68 350 118
pottedplant 0.0367 258 52 314 116
pottedplant 0.0362 239 5 368 85
pottedplant 0.0356 290 64 346 145
pottedplant 0.0354 300 58 344 118
pottedplant 0.0350 210 40 337 154
pottedplant 0.0333 298 85 336 145
pottedplant 0.0323 146 3 346 166
pottedplant 0.0304 235 0 407 52
pottedplant 0.0304 1 82 46 167
pottedplant 0.0298 1 47 93 171
pottedplant 0.0280 242 36 293 82
pottedplant 0.0277 324 0 402 28
pottedplant 0.0268 317 0 349 55
pottedplant 0.0264 3 0 89 135
pottedplant 0.0260 299 0 408 105
pottedplant 0.0260 275 72 331 112
pottedplant 0.0247 185 20 280 158
pottedplant 0.0244 313 63 353 127
pottedplant 0.0242 308 87 335 119
pottedplant 0.0226 1 102 73 170
pottedplant 0.0220 239 41 323 91
pottedplant 0.0220 282 89 331 113
pottedplant 0.0217 240 0 309 93
pottedplant 0.0212 249 57 291 127
pottedplant 0.0202 290 83 312 112
tvmonitor 0.0491 236 4 487 131
tvmonitor 0.0260 286 4 479 76
