aeroplane 0.0295 73 83 368 329
aeroplane 0.0267 127 127 318 307
aeroplane 0.0234 53 133 254 307
bicycle 0.0704 63 233 237 310
bicycle 0.0436 136 225 249 302
bicycle 0.0424 13 240 258 335
bicycle 0.0295 50 135 119 258
bicycle 0.0294 120 133 155 166
bicycle 0.0236 4 215 163 295
bicycle 0.0216 301 307 468 372
bicycle 0.0206 70 168 130 259
bicycle 0.0205 95 231 184 312
bicycle 0.0205 60 180 105 250
bird 0.0772 128 346 169 363
bird 0.0689 192 242 242 299
bird 0.0367 45 139 76 180
bird 0.0357 0 143 24 178
bird 0.0355 74 142 94 178
bird 0.0300 0 137 44 211
bird 0.0278 50 135 92 200
bird 0.0271 24 143 46 177
bird 0.0269 200 282 241 301
bird 0.0259 127 344 175 374
bird 0.0250 60 139 89 179
bird 0.0245 15 145 38 177
bird 0.0215 271 149 297 172
bird 0.0204 64 133 100 190
bus 0.0654 0 0 494 375
bus 0.0210 32 10 346 273
car 0.0278 126 133 159 166
car 0.0252 131 134 169 154
car 0.0209 317 155 350 172
chair 0.0215 188 245 242 278
diningtable 0.0475 160 218 302 292
diningtable 0.0374 133 230 263 304
diningtable 0.0278 8 233 274 329
diningtable 0.0225 68 225 242 295
diningtable 0.0210 220 208 351 281
diningtable 0.0209 283 132 380 281
diningtable 0.0204 150 161 320 280
dog 0.1397 192 233 241 299
dog 0.0392 271 147 298 184
dog 0.0253 177 256 249 303
person 0.7417 229 129 297 286
person 0.7019 329 100 421 375
person 0.6892 139 123 202 304
person 0.6277 314 155 355 275
person 0.4965 184 216 239 296
person 0.4663 212 129 270 291
person 0.3963 124 118 178 302
person 0.3595 157 131 227 299
person 0.2913 264 144 315 278
person 0.2742 179 162 240 289
person 0.1571 273 147 299 238
person 0.1516 295 136 368 311
person 0.1501 139 205 232 304
person 0.1438 342 99 422 260
person 0.1437 184 210 227 265
person 0.1436 193 224 243 270
person 0.1426 195 142 253 278
person 0.1319 198 162 232 234
person 0.1301 186 143 235 243
person 0.1249 269 184 302 276
person 0.1120 207 230 243 288
person 0.1105 132 193 189 309
person 0.1016 232 132 278 234
person 0.0994 190 196 274 290
person 0.0944 342 89 500 375
person 0.0899 235 163 276 283
person 0.0836 140 136 187 225
person 0.0812 318 199 349 278
person 0.0810 316 154 351 221
person 0.0757 186 196 225 247
person 0.0674 192 215 232 250
person 0.0661 333 204 401 375
person 0.0657 219 231 243 268
person 0.0655 191 210 223 238
person 0.0651 232 115 348 286
person 0.0647 108 167 195 322
person 0.0646 334 144 408 295
person 0.0614 209 228 236 259
person 0.0597 149 144 291 343
person 0.0590 200 226 230 252
person 0.0590 200 195 240 255
person 0.0590 70 124 167 302
person 0.0566 272 148 298 197
person 0.0532 165 135 227 226
person 0.0497 323 159 366 247
person 0.0468 282 148 315 233
person 0.0465 252 135 293 215
person 0.0454 185 150 219 216
person 0.0450 203 132 246 235
person 0.0447 342 97 416 166
person 0.0442 156 215 192 301
person 0.0439 134 136 154 174
person 0.0428 135 134 170 193
person 0.0425 74 217 225 323
person 0.0424 86 132 231 303
person 0.0420 164 240 244 301
person 0.0420 333 92 437 192
person 0.0392 320 156 346 190
person 0.0388 177 143 205 216
person 0.0387 220 209 261 287
person 0.0380 222 196 292 285
person 0.0377 105 131 165 268
person 0.0368 227 233 246 275
person 0.0368 267 146 298 175
person 0.0366 119 134 150 203
person 0.0362 343 120 398 238
person 0.0356 204 168 228 213
person 0.0350 33 130 123 262
person 0.0349 265 59 425 360
person 0.0347 142 132 185 183
person 0.0345 318 171 348 247
person 0.0345 210 178 236 237
person 0.0339 234 220 270 284
person 0.0336 213 223 233 246
person 0.0331 329 155 350 182
person 0.0329 177 221 215 286
person 0.0325 126 232 174 309
person 0.0324 76 147 147 269
person 0.0324 206 101 388 375
person 0.0323 230 128 298 195
person 0.0319 307 153 342 237
person 0.0317 191 231 229 286
person 0.0314 322 185 365 289
person 0.0312 139 140 159 179
person 0.0311 194 176 221 234
person 0.0307 213 215 233 239
person 0.0307 175 143 193 181
person 0.0306 321 236 342 275
person 0.0303 201 207 239 237
person 0.0301 215 229 245 252
person 0.0299 230 127 271 183
person 0.0297 265 219 317 279
person 0.0295 110 221 163 307
person 0.0291 154 137 192 198
person 0.0282 279 193 315 275
person 0.0281 179 212 206 264
person 0.0281 205 223 242 241
person 0.0279 171 139 198 195
person 0.0275 186 226 214 260
person 0.0274 16 162 221 321
person 0.0273 294 99 370 245
person 0.0268 298 180 445 375
person 0.0268 264 132 310 208
person 0.0266 106 117 335 368
person 0.0264 315 159 337 195
person 0.0263 149 136 171 170
person 0.0255 213 239 237 281
person 0.0254 327 153 359 207
person 0.0254 214 170 231 219
person 0.0254 259 144 293 265
person 0.0251 170 216 198 290
person 0.0250 123 123 213 220
person 0.0249 275 158 295 213
person 0.0247 197 203 218 233
person 0.0246 0 7 497 351
person 0.0245 328 277 379 375
person 0.0245 344 139 385 216
person 0.0244 197 170 218 211
person 0.0242 128 132 172 169
person 0.0242 167 137 186 173
person 0.0241 181 212 199 249
person 0.0239 124 221 234 358
person 0.0238 119 227 208 312
person 0.0237 157 137 178 172
person 0.0236 293 184 323 271
person 0.0234 340 187 373 262
person 0.0233 188 166 211 221
person 0.0228 181 148 199 186
person 0.0228 46 140 99 243
person 0.0226 113 204 148 282
person 0.0224 175 183 221 262
person 0.0223 326 168 351 213
person 0.0223 330 237 349 277
person 0.0221 325 128 372 220
person 0.0220 340 159 356 195
person 0.0218 331 97 393 145
person 0.0216 175 133 219 200
person 0.0215 93 134 146 232
person 0.0214 215 204 243 248
person 0.0214 213 156 241 224
person 0.0212 314 156 341 179
person 0.0212 211 195 321 338
person 0.0211 138 147 158 205
person 0.0211 1 158 44 241
person 0.0209 89 214 187 300
person 0.0209 115 152 147 249
person 0.0206 311 183 324 211
person 0.0205 291 201 354 278
person 0.0203 204 195 224 234
person 0.0200 286 165 311 221
pottedplant 0.1049 1 230 145 357
pottedplant 0.0498 0 234 82 374
pottedplant 0.0359 32 224 169 322
pottedplant 0.0309 0 244 265 369
pottedplant 0.0304 0 231 106 314
pottedplant 0.0301 0 235 45 317
pottedplant 0.0301 22 194 130 312
pottedplant 0.0293 0 181 180 332
pottedplant 0.0276 0 276 41 375
pottedplant 0.0227 59 240 141 349
pottedplant 0.0212 43 237 129 305
sheep 0.0325 45 137 79 180
sheep 0.0270 0 137 37 179
sheep 0.0239 0 0 472 375
sheep 0.0223 72 140 102 187
sofa 0.0517 179 135 301 294
sofa 0.0248 162 212 255 286
sofa 0.0242 125 144 262 306
train 0.0482 0 0 454 310
train 0.0427 15 7 170 313
train 0.0295 0 135 73 245
train 0.0238 21 85 302 323
train 0.0235 0 132 43 192
train 0.0234 36 152 270 290
train 0.0233 22 128 149 266
train 0.0224 35 135 102 245
