aeroplane 0.9100 2 98 491 242
aeroplane 0.0829 342 92 499 181
aeroplane 0.0756 1 145 336 243
aeroplane 0.0621 4 183 182 247
aeroplane 0.0602 238 90 495 235
aeroplane 0.0481 433 211 463 222
aeroplane 0.0415 6 180 88 243
aeroplane 0.0385 3 209 84 244
aeroplane 0.0382 10 151 113 240
aeroplane 0.0377 14 0 500 222
aeroplane 0.0347 414 90 498 213
aeroplane 0.0340 414 163 497 221
aeroplane 0.0338 229 166 248 174
aeroplane 0.0335 10 120 174 243
aeroplane 0.0327 427 208 485 224
aeroplane 0.0315 349 151 500 233
aeroplane 0.0311 219 166 239 174
aeroplane 0.0310 207 166 229 175
aeroplane 0.0308 401 94 493 129
aeroplane 0.0305 235 166 254 174
aeroplane 0.0301 241 166 260 174
aeroplane 0.0296 0 66 500 349
aeroplane 0.0290 201 165 218 177
aeroplane 0.0269 0 225 39 243
aeroplane 0.0268 249 167 268 174
aeroplane 0.0264 430 213 468 226
aeroplane 0.0260 427 210 500 235
aeroplane 0.0240 0 221 65 245
aeroplane 0.0236 7 167 74 217
aeroplane 0.0230 427 196 500 223
aeroplane 0.0228 453 208 495 222
aeroplane 0.0222 237 170 244 178
aeroplane 0.0222 7 203 144 244
aeroplane 0.0221 45 218 78 245
aeroplane 0.0215 204 168 214 178
aeroplane 0.0201 231 163 248 171
boat 0.0253 26 15 500 261
car 0.0260 0 223 31 243
car 0.0202 0 263 19 291
person 0.0513 57 217 75 245
person 0.0249 437 213 450 224
person 0.0215 441 212 456 224
train 0.0235 0 95 500 369
