aeroplane 0.0278 106 73 139 135
aeroplane 0.0276 0 0 500 360
aeroplane 0.0244 108 108 144 136
aeroplane 0.0227 466 356 499 375
bird 0.7093 149 99 267 353
bird 0.4728 199 98 276 211
bird 0.2523 150 189 242 349
bird 0.2301 265 347 334 375
bird 0.1628 257 335 389 373
bird 0.1492 150 96 264 227
bird 0.1406 54 71 289 366
bird 0.1311 78 226 119 305
bird 0.1300 248 309 422 372
bird 0.1286 133 100 365 365
bird 0.1145 474 312 500 363
bird 0.1142 232 103 278 193
bird 0.1006 302 343 383 374
bird 0.1001 246 124 447 367
bird 0.0991 83 157 248 349
bird 0.0935 264 349 301 374
bird 0.0932 74 198 152 334
bird 0.0836 272 323 330 375
bird 0.0762 250 255 454 375
bird 0.0696 76 231 112 279
bird 0.0649 181 101 261 182
bird 0.0640 214 96 275 156
bird 0.0629 79 249 191 344
bird 0.0625 263 298 348 375
bird 0.0596 294 320 346 375
bird 0.0581 289 296 388 375
bird 0.0580 224 99 293 228
bird 0.0576 183 93 307 299
bird 0.0575 41 128 193 341
bird 0.0575 273 352 372 375
bird 0.0566 281 347 314 375
bird 0.0559 9 0 64 59
bird 0.0516 303 243 411 369
bird 0.0509 284 356 339 374
bird 0.0503 226 344 355 375
bird 0.0502 0 1 36 66
bird 0.0498 99 57 307 252
bird 0.0494 136 14 488 374
bird 0.0489 197 135 258 208
bird 0.0483 467 328 498 374
bird 0.0477 469 312 498 342
bird 0.0476 77 98 282 202
bird 0.0475 83 248 114 316
bird 0.0459 30 1 78 55
bird 0.0456 248 340 306 375
bird 0.0438 295 188 497 375
bird 0.0438 248 212 364 373
bird 0.0425 110 70 134 117
bird 0.0411 148 150 219 302
bird 0.0408 150 246 222 348
bird 0.0405 19 152 130 333
bird 0.0402 190 115 241 191
bird 0.0402 208 275 334 365
bird 0.0395 310 330 361 375
bird 0.0373 172 234 391 374
bird 0.0364 305 358 366 374
bird 0.0355 403 103 434 127
bird 0.0345 419 246 497 375
bird 0.0341 99 273 252 349
bird 0.0341 403 102 464 129
bird 0.0340 134 103 234 280
bird 0.0338 423 309 496 375
bird 0.0335 402 103 431 169
bird 0.0335 92 273 114 315
bird 0.0333 156 178 175 210
bird 0.0331 85 265 168 328
bird 0.0327 324 357 383 374
bird 0.0320 194 157 310 371
bird 0.0318 293 348 324 375
bird 0.0317 156 132 242 202
bird 0.0315 27 0 60 44
bird 0.0310 22 246 135 336
bird 0.0300 473 346 500 373
bird 0.0298 226 227 305 367
bird 0.0297 90 230 116 268
bird 0.0284 143 284 266 365
bird 0.0279 80 228 113 259
bird 0.0278 297 337 438 375
bird 0.0277 43 0 84 36
bird 0.0275 227 138 282 209
bird 0.0273 289 304 494 373
bird 0.0273 219 326 334 371
bird 0.0272 306 348 342 374
bird 0.0272 244 101 324 235
bird 0.0269 224 98 270 132
bird 0.0269 271 342 300 365
bird 0.0263 29 241 247 350
bird 0.0262 405 105 428 144
bird 0.0260 301 333 333 375
bird 0.0260 96 63 137 134
bird 0.0258 174 155 192 186
bird 0.0258 152 146 261 258
bird 0.0258 426 123 494 259
bird 0.0258 88 272 133 317
bird 0.0257 70 227 127 268
bird 0.0256 211 152 271 216
bird 0.0252 457 309 500 351
bird 0.0249 266 359 324 375
bird 0.0248 308 149 423 356
bird 0.0248 173 115 220 184
bird 0.0247 82 236 136 319
bird 0.0246 148 96 282 159
bird 0.0242 152 159 229 227
bird 0.0241 480 122 500 206
bird 0.0241 158 236 301 361
bird 0.0240 64 145 151 292
bird 0.0239 151 176 179 233
bird 0.0238 449 275 498 372
bird 0.0238 339 263 489 368
bird 0.0238 324 303 375 374
bird 0.0237 259 345 288 369
bird 0.0236 97 1 253 204
bird 0.0232 165 145 221 197
bird 0.0230 6 0 85 91
bird 0.0230 342 108 486 261
bird 0.0230 484 308 500 350
bird 0.0230 442 334 493 375
bird 0.0230 461 345 489 373
bird 0.0227 420 274 451 321
bird 0.0225 244 101 274 158
bird 0.0224 379 218 476 367
bird 0.0221 242 117 342 334
bird 0.0221 185 98 247 150
bird 0.0218 147 261 186 338
bird 0.0215 43 1 128 55
bird 0.0214 68 57 135 140
bird 0.0212 143 202 206 340
bird 0.0211 197 341 310 373
bird 0.0209 0 0 23 40
bird 0.0208 44 3 89 63
bird 0.0208 174 160 256 204
bird 0.0208 460 122 498 241
bird 0.0206 57 4 88 44
bird 0.0206 122 195 475 373
bird 0.0206 30 7 169 139
bird 0.0206 191 160 210 190
bird 0.0205 22 102 237 283
bird 0.0205 237 123 268 209
bird 0.0204 182 123 259 313
bird 0.0203 403 110 448 181
bird 0.0202 157 309 349 366
bird 0.0202 14 276 159 347
car 0.0295 473 356 500 375
car 0.0240 462 364 500 375
cow 0.0321 0 0 33 61
person 0.0650 311 102 486 374
person 0.0586 475 324 500 373
person 0.0580 0 13 326 375
person 0.0514 23 12 131 140
person 0.0510 0 2 27 77
person 0.0483 3 0 46 62
person 0.0483 410 114 500 370
person 0.0462 33 1 56 36
person 0.0401 103 12 500 375
person 0.0368 0 0 89 160
person 0.0357 360 110 484 300
person 0.0355 0 8 22 56
person 0.0347 123 144 138 168
person 0.0343 0 23 19 75
person 0.0325 249 118 415 375
person 0.0323 476 150 500 245
person 0.0322 40 1 60 25
person 0.0317 38 0 74 41
person 0.0310 468 343 495 374
person 0.0303 464 338 483 373
person 0.0300 461 292 499 367
person 0.0294 335 122 435 261
person 0.0256 23 0 64 40
person 0.0253 426 124 495 267
person 0.0252 480 177 499 231
person 0.0248 0 13 11 82
person 0.0248 127 144 143 172
person 0.0244 0 273 19 309
person 0.0243 55 0 78 34
person 0.0241 466 125 498 223
person 0.0240 0 0 61 93
person 0.0235 464 165 499 260
person 0.0234 397 116 431 194
person 0.0231 487 124 500 221
person 0.0231 116 1 269 203
person 0.0230 6 11 29 52
person 0.0224 346 120 388 194
person 0.0220 36 0 68 15
person 0.0215 380 128 395 170
person 0.0215 47 0 70 23
person 0.0210 98 70 138 139
person 0.0205 0 270 23 342
person 0.0202 50 140 68 177
pottedplant 0.0278 5 0 48 60
tvmonitor 0.0260 0 0 60 123
tvmonitor 0.0239 0 0 126 120
