bird 0.7119 198 65 340 291
bird 0.1792 115 17 334 302
bird 0.1207 202 59 341 180
bird 0.0952 224 63 344 116
bird 0.0674 152 77 260 283
bird 0.0641 72 11 252 284
bird 0.0506 405 146 497 297
bird 0.0479 126 84 146 115
bird 0.0479 343 176 496 312
bird 0.0456 279 65 345 111
bird 0.0449 388 173 438 235
bird 0.0440 326 87 486 328
bird 0.0400 128 44 338 153
bird 0.0357 163 142 238 288
bird 0.0352 178 0 344 207
bird 0.0338 302 228 485 305
bird 0.0329 257 208 500 337
bird 0.0324 23 0 189 248
bird 0.0317 374 150 486 256
bird 0.0304 402 161 448 226
bird 0.0302 93 0 230 154
bird 0.0282 114 90 227 281
bird 0.0270 18 108 126 243
bird 0.0260 366 216 486 352
bird 0.0250 415 65 495 241
bird 0.0245 21 73 123 190
bird 0.0240 183 191 347 284
bird 0.0239 173 129 365 324
bird 0.0238 147 72 301 146
bird 0.0238 146 0 246 130
bird 0.0238 310 201 428 290
bird 0.0236 60 29 154 151
bird 0.0236 346 207 449 325
bird 0.0236 157 60 235 208
bird 0.0231 37 129 272 282
bird 0.0226 382 165 422 229
bird 0.0222 156 249 460 352
bird 0.0219 176 262 357 329
bird 0.0216 124 85 158 121
bird 0.0213 442 143 461 170
bird 0.0211 127 41 218 201
bird 0.0211 378 129 500 363
bird 0.0211 133 60 291 208
bird 0.0208 264 58 349 140
bird 0.0202 81 173 206 271
bird 0.0202 62 111 148 248
bird 0.0202 98 38 185 192
bird 0.0200 47 152 177 254
boat 0.0247 28 0 390 249
cat 0.0631 0 0 344 375
cow 0.0200 0 0 450 344
diningtable 0.0245 0 68 439 365
horse 0.0327 0 0 368 321
person 0.0988 0 0 237 375
person 0.0372 0 0 424 278
