aeroplane 0.8215 127 106 447 217
aeroplane 0.4097 1 179 102 209
aeroplane 0.2303 0 140 144 209
aeroplane 0.2230 3 189 77 211
aeroplane 0.2197 64 56 498 226
aeroplane 0.2058 274 103 485 197
aeroplane 0.1935 3 191 41 211
aeroplane 0.1530 377 239 480 297
aeroplane 0.1451 30 185 120 209
aeroplane 0.1323 39 191 88 209
aeroplane 0.1170 66 194 113 209
aeroplane 0.1111 32 287 71 305
aeroplane 0.1095 97 207 163 252
aeroplane 0.1074 388 176 467 212
aeroplane 0.1051 349 121 494 211
aeroplane 0.1027 240 195 422 251
aeroplane 0.0987 356 188 485 268
aeroplane 0.0979 56 113 500 325
aeroplane 0.0956 127 13 314 211
aeroplane 0.0947 0 178 50 211
aeroplane 0.0919 391 191 460 216
aeroplane 0.0867 130 202 159 225
aeroplane 0.0855 385 162 492 207
aeroplane 0.0851 26 125 352 227
aeroplane 0.0835 329 171 469 221
aeroplane 0.0822 126 153 326 210
aeroplane 0.0795 347 156 492 240
aeroplane 0.0780 151 201 339 250
aeroplane 0.0768 31 186 74 209
aeroplane 0.0744 321 178 408 213
aeroplane 0.0737 167 152 439 240
aeroplane 0.0731 7 56 217 234
aeroplane 0.0725 124 202 165 242
aeroplane 0.0724 0 183 85 226
aeroplane 0.0712 17 287 75 314
aeroplane 0.0689 310 180 431 243
aeroplane 0.0686 0 172 160 214
aeroplane 0.0675 0 188 211 320
aeroplane 0.0674 0 173 181 266
aeroplane 0.0666 186 180 284 208
aeroplane 0.0665 2 278 75 328
aeroplane 0.0633 84 196 118 208
aeroplane 0.0630 295 125 494 256
aeroplane 0.0605 4 163 74 211
aeroplane 0.0601 4 256 260 338
aeroplane 0.0590 354 218 482 285
aeroplane 0.0586 124 170 325 233
aeroplane 0.0580 282 151 317 162
aeroplane 0.0572 10 223 500 375
aeroplane 0.0569 9 111 195 209
aeroplane 0.0568 207 14 463 216
aeroplane 0.0550 8 158 209 228
aeroplane 0.0517 122 202 192 252
aeroplane 0.0509 149 172 293 211
aeroplane 0.0496 389 233 492 277
aeroplane 0.0488 136 205 161 234
aeroplane 0.0488 306 105 422 186
aeroplane 0.0484 284 124 435 213
aeroplane 0.0482 310 232 487 306
aeroplane 0.0473 219 179 318 209
aeroplane 0.0469 268 235 495 366
aeroplane 0.0467 125 192 172 227
aeroplane 0.0467 402 153 500 186
aeroplane 0.0466 73 178 153 207
aeroplane 0.0459 379 91 500 188
aeroplane 0.0447 36 166 117 208
aeroplane 0.0442 397 170 464 190
aeroplane 0.0434 9 278 73 306
aeroplane 0.0431 201 157 405 210
aeroplane 0.0428 0 121 217 281
aeroplane 0.0427 129 156 218 211
aeroplane 0.0426 24 185 151 220
aeroplane 0.0423 77 188 121 209
aeroplane 0.0420 129 207 247 249
aeroplane 0.0416 129 170 187 210
aeroplane 0.0408 17 182 73 202
aeroplane 0.0404 382 188 466 234
aeroplane 0.0402 286 153 315 166
aeroplane 0.0401 267 148 325 164
aeroplane 0.0392 116 181 220 249
aeroplane 0.0389 71 76 353 206
aeroplane 0.0386 125 130 260 217
aeroplane 0.0385 347 207 458 250
aeroplane 0.0375 33 282 100 308
aeroplane 0.0375 5 6 149 211
aeroplane 0.0367 31 192 170 244
aeroplane 0.0363 8 266 88 313
aeroplane 0.0351 0 188 39 228
aeroplane 0.0348 350 186 446 218
aeroplane 0.0347 0 191 79 253
aeroplane 0.0347 10 182 38 208
aeroplane 0.0345 198 194 248 207
aeroplane 0.0343 265 169 418 226
aeroplane 0.0337 390 131 500 181
aeroplane 0.0337 378 174 500 225
aeroplane 0.0337 51 184 76 211
aeroplane 0.0334 188 63 361 193
aeroplane 0.0333 99 195 114 209
aeroplane 0.0330 39 183 87 204
aeroplane 0.0327 0 279 43 314
aeroplane 0.0326 183 186 253 206
aeroplane 0.0323 359 165 458 199
aeroplane 0.0320 27 0 335 252
aeroplane 0.0317 336 105 481 172
aeroplane 0.0315 204 98 422 180
aeroplane 0.0310 366 174 438 213
aeroplane 0.0310 59 215 258 326
aeroplane 0.0309 88 194 108 209
aeroplane 0.0309 324 53 500 199
aeroplane 0.0308 283 152 303 163
aeroplane 0.0305 14 280 122 317
aeroplane 0.0303 77 188 157 217
aeroplane 0.0303 378 157 463 187
aeroplane 0.0301 97 197 125 207
aeroplane 0.0299 128 174 165 223
aeroplane 0.0296 106 187 164 231
aeroplane 0.0296 3 204 93 330
aeroplane 0.0291 457 253 500 296
aeroplane 0.0289 77 189 100 210
aeroplane 0.0287 79 182 183 250
aeroplane 0.0282 164 185 289 224
aeroplane 0.0281 126 182 196 225
aeroplane 0.0278 2 159 100 257
aeroplane 0.0276 348 108 417 163
aeroplane 0.0276 309 165 423 208
aeroplane 0.0275 132 195 158 215
aeroplane 0.0273 305 205 438 266
aeroplane 0.0271 123 174 177 243
aeroplane 0.0271 1 179 25 208
aeroplane 0.0270 6 255 71 302
aeroplane 0.0270 0 174 64 200
aeroplane 0.0269 8 197 56 213
aeroplane 0.0268 79 132 200 215
aeroplane 0.0267 458 160 500 187
aeroplane 0.0265 286 176 376 208
aeroplane 0.0263 144 233 168 252
aeroplane 0.0263 443 147 500 190
aeroplane 0.0261 127 179 248 221
aeroplane 0.0260 169 256 461 353
aeroplane 0.0259 101 204 328 276
aeroplane 0.0254 90 269 294 330
aeroplane 0.0253 47 207 228 281
aeroplane 0.0250 421 164 500 199
aeroplane 0.0249 85 188 112 204
aeroplane 0.0249 132 199 197 232
aeroplane 0.0247 103 193 121 206
aeroplane 0.0247 248 179 500 271
aeroplane 0.0245 67 165 130 205
aeroplane 0.0244 30 172 80 211
aeroplane 0.0242 96 191 125 204
aeroplane 0.0241 6 176 34 201
aeroplane 0.0241 6 287 36 308
aeroplane 0.0240 460 153 500 170
aeroplane 0.0239 412 225 500 294
aeroplane 0.0238 379 253 498 323
aeroplane 0.0238 36 277 65 298
aeroplane 0.0236 467 170 496 188
aeroplane 0.0236 94 166 385 261
aeroplane 0.0235 465 157 498 177
aeroplane 0.0235 58 280 123 308
aeroplane 0.0234 269 163 389 205
aeroplane 0.0234 462 243 500 274
aeroplane 0.0231 297 151 336 161
aeroplane 0.0231 140 198 273 239
aeroplane 0.0230 275 153 291 163
aeroplane 0.0229 146 209 169 232
aeroplane 0.0227 56 184 106 202
aeroplane 0.0227 273 108 410 160
aeroplane 0.0227 25 273 76 299
aeroplane 0.0224 1 242 112 312
aeroplane 0.0223 137 208 173 242
aeroplane 0.0222 461 177 499 193
aeroplane 0.0222 4 75 105 212
aeroplane 0.0221 444 119 500 173
aeroplane 0.0219 51 288 89 304
aeroplane 0.0214 314 105 405 143
aeroplane 0.0212 13 262 176 313
aeroplane 0.0212 303 171 386 199
aeroplane 0.0210 466 221 500 267
aeroplane 0.0209 50 175 97 214
aeroplane 0.0208 267 151 291 160
aeroplane 0.0208 2 292 72 359
aeroplane 0.0207 422 176 500 210
aeroplane 0.0207 151 206 187 236
aeroplane 0.0205 293 151 309 164
aeroplane 0.0205 113 198 163 219
aeroplane 0.0205 376 140 464 198
aeroplane 0.0204 137 201 172 216
aeroplane 0.0204 151 216 169 236
aeroplane 0.0204 174 172 251 207
aeroplane 0.0204 0 207 161 285
aeroplane 0.0204 28 197 76 212
aeroplane 0.0204 280 155 303 167
aeroplane 0.0203 460 182 500 199
aeroplane 0.0203 404 223 471 266
aeroplane 0.0203 8 178 314 283
aeroplane 0.0202 435 194 470 217
aeroplane 0.0202 279 147 354 164
aeroplane 0.0202 129 224 176 255
aeroplane 0.0201 11 267 393 363
bird 0.0313 176 286 236 320
bird 0.0213 92 266 147 302
bird 0.0208 96 265 111 296
boat 0.2349 212 52 264 112
boat 0.1428 217 49 253 88
boat 0.0965 127 223 162 252
boat 0.0962 0 146 101 211
boat 0.0961 105 212 163 253
boat 0.0924 209 78 272 112
boat 0.0756 131 206 161 248
boat 0.0684 28 287 75 310
boat 0.0517 213 62 260 92
boat 0.0514 380 221 467 297
boat 0.0469 4 288 76 320
boat 0.0450 216 91 269 111
boat 0.0439 1 281 73 343
boat 0.0435 95 221 153 247
boat 0.0418 14 21 141 196
boat 0.0403 138 214 162 238
boat 0.0370 9 272 258 350
boat 0.0367 77 304 137 323
boat 0.0345 216 70 268 99
boat 0.0344 213 81 261 103
boat 0.0339 223 48 252 72
boat 0.0336 75 271 240 325
boat 0.0328 83 295 127 320
boat 0.0325 455 234 500 302
boat 0.0317 121 212 167 240
boat 0.0309 406 235 457 270
boat 0.0295 23 294 69 315
boat 0.0292 79 293 157 322
boat 0.0288 0 282 46 318
boat 0.0280 92 291 118 310
boat 0.0276 478 219 500 305
boat 0.0271 369 206 461 256
boat 0.0267 2 286 150 335
boat 0.0263 192 62 280 117
boat 0.0263 135 223 165 242
boat 0.0258 90 300 133 315
boat 0.0253 229 60 254 94
boat 0.0252 3 248 71 314
boat 0.0252 216 19 263 99
boat 0.0251 82 290 142 312
boat 0.0251 58 4 151 169
boat 0.0245 143 227 168 250
boat 0.0244 97 307 144 321
boat 0.0240 2 0 487 299
boat 0.0234 1 144 52 206
boat 0.0233 11 119 94 195
boat 0.0232 86 312 139 324
boat 0.0231 93 294 132 307
boat 0.0231 98 222 124 249
boat 0.0231 84 303 117 321
boat 0.0228 223 68 261 86
boat 0.0227 211 73 253 94
boat 0.0227 0 246 126 306
boat 0.0227 133 235 161 254
boat 0.0226 317 178 418 252
boat 0.0225 22 273 193 322
boat 0.0221 123 286 238 327
boat 0.0220 396 247 443 286
boat 0.0219 211 64 269 149
boat 0.0218 10 0 255 211
boat 0.0218 220 99 269 114
boat 0.0216 395 227 485 261
boat 0.0215 154 217 166 239
boat 0.0215 137 215 172 248
boat 0.0215 90 201 167 269
boat 0.0215 73 306 165 327
boat 0.0214 405 227 500 286
boat 0.0213 107 313 152 325
boat 0.0213 260 346 415 374
boat 0.0213 224 70 251 107
boat 0.0211 14 291 51 310
boat 0.0211 1 137 78 185
boat 0.0209 285 353 381 375
boat 0.0206 51 292 188 327
boat 0.0201 223 75 264 93
boat 0.0201 149 222 168 243
boat 0.0200 115 231 148 252
bus 0.5045 309 209 413 244
bus 0.4231 184 212 319 249
bus 0.1825 220 212 392 247
bus 0.0982 311 185 416 239
bus 0.0950 253 195 413 244
bus 0.0759 188 218 271 247
bus 0.0715 228 221 324 251
bus 0.0636 326 213 456 267
bus 0.0523 260 211 338 248
bus 0.0514 313 213 373 243
bus 0.0486 313 225 395 244
bus 0.0446 368 215 414 243
bus 0.0357 362 219 427 257
bus 0.0348 220 217 289 246
bus 0.0334 192 227 242 247
bus 0.0309 205 202 297 240
bus 0.0294 238 206 304 253
bus 0.0260 311 228 361 245
bus 0.0253 271 217 320 245
bus 0.0247 282 221 388 250
bus 0.0242 355 197 421 238
bus 0.0242 379 204 418 249
bus 0.0232 313 210 389 233
bus 0.0210 241 228 297 246
bus 0.0201 188 206 243 252
car 0.3147 476 264 499 300
car 0.2768 378 248 461 295
car 0.2095 398 266 457 297
car 0.1873 472 243 500 296
car 0.1701 382 237 463 278
car 0.1633 473 240 499 269
car 0.1379 239 192 285 213
car 0.1337 422 200 458 215
car 0.1298 375 225 482 305
car 0.1262 400 197 458 216
car 0.1199 378 247 421 293
car 0.1080 398 241 458 265
car 0.1050 314 185 402 215
car 0.0880 438 202 459 216
car 0.0808 357 240 490 337
car 0.0778 134 229 162 253
car 0.0752 31 286 73 311
car 0.0728 409 269 489 302
car 0.0684 2 193 38 214
car 0.0595 249 249 497 374
car 0.0589 387 260 437 293
car 0.0586 413 277 459 297
car 0.0549 433 199 452 217
car 0.0520 459 259 499 302
car 0.0511 469 252 497 278
car 0.0494 367 210 454 244
car 0.0494 465 271 488 295
car 0.0483 404 236 491 269
car 0.0471 469 264 499 285
car 0.0466 425 267 453 296
car 0.0461 373 224 458 258
car 0.0460 412 266 442 295
car 0.0453 446 203 464 216
car 0.0453 271 357 369 375
car 0.0436 468 221 500 274
car 0.0435 215 186 287 212
car 0.0432 375 274 415 293
car 0.0432 372 227 439 289
car 0.0417 440 248 500 300
car 0.0380 404 268 433 297
car 0.0371 316 188 361 215
car 0.0369 424 240 455 266
car 0.0355 389 275 443 293
car 0.0352 314 196 403 228
car 0.0349 322 199 378 215
car 0.0349 333 183 379 198
car 0.0348 400 245 491 286
car 0.0343 401 251 463 278
car 0.0343 394 196 430 217
car 0.0342 322 182 387 203
car 0.0339 318 300 500 374
car 0.0338 415 249 452 288
car 0.0335 466 279 495 298
car 0.0333 206 195 251 208
car 0.0330 187 222 274 250
car 0.0326 369 192 441 219
car 0.0319 478 284 500 301
car 0.0318 1 282 21 314
car 0.0317 138 235 171 251
car 0.0317 424 272 482 295
car 0.0314 339 190 417 220
car 0.0314 272 359 325 374
car 0.0313 352 215 417 244
car 0.0311 307 356 411 375
car 0.0309 382 219 414 242
car 0.0308 376 275 461 309
car 0.0307 393 282 441 296
car 0.0301 349 221 435 251
car 0.0300 190 228 235 246
car 0.0294 0 187 37 244
car 0.0294 240 187 314 215
car 0.0292 388 244 433 279
car 0.0291 194 235 237 249
car 0.0286 422 265 460 284
car 0.0286 434 198 463 212
car 0.0280 432 270 460 292
car 0.0274 413 239 441 266
car 0.0267 319 184 363 197
car 0.0267 395 264 425 291
car 0.0261 410 195 440 217
car 0.0259 417 259 456 272
car 0.0259 378 217 419 264
car 0.0259 404 236 450 253
car 0.0257 381 190 420 216
car 0.0252 452 268 484 296
car 0.0249 473 224 500 254
car 0.0248 1 281 60 340
car 0.0248 467 244 493 265
car 0.0247 477 344 500 375
car 0.0243 379 260 407 293
car 0.0242 475 254 500 272
car 0.0240 394 241 441 258
car 0.0235 96 222 117 244
car 0.0235 129 239 164 254
car 0.0232 254 197 291 213
car 0.0231 151 225 166 251
car 0.0230 212 199 251 213
car 0.0229 6 290 36 311
car 0.0229 398 263 441 285
car 0.0227 442 276 477 293
car 0.0224 400 237 439 272
car 0.0224 407 229 446 242
car 0.0223 295 234 476 293
car 0.0222 409 260 477 292
car 0.0220 0 0 338 218
car 0.0220 402 338 500 373
car 0.0218 324 181 414 245
car 0.0217 326 192 386 212
car 0.0217 390 202 461 267
car 0.0216 185 297 481 374
car 0.0215 442 206 468 217
car 0.0214 226 198 278 214
car 0.0210 308 176 382 209
car 0.0209 385 245 423 264
car 0.0208 414 192 471 219
car 0.0208 466 265 485 286
car 0.0206 451 202 477 214
car 0.0206 414 286 456 300
car 0.0205 383 243 416 258
car 0.0203 349 359 405 374
car 0.0202 1 245 20 286
chair 0.0525 378 250 411 291
chair 0.0266 385 247 427 287
chair 0.0232 265 348 392 372
person 0.1076 206 287 234 322
person 0.0911 378 246 414 292
person 0.0684 33 287 65 306
person 0.0658 465 270 481 297
person 0.0478 384 239 433 291
person 0.0457 399 261 420 294
person 0.0412 402 253 435 294
person 0.0404 459 271 475 293
person 0.0384 393 242 421 285
person 0.0374 463 262 490 298
person 0.0364 95 223 106 246
person 0.0355 181 287 236 325
person 0.0351 377 247 401 284
person 0.0351 18 286 67 313
person 0.0349 18 285 35 311
person 0.0348 5 284 30 311
person 0.0315 217 287 238 317
person 0.0315 97 228 105 242
person 0.0304 96 278 112 303
person 0.0303 98 223 113 243
person 0.0284 212 291 249 322
person 0.0283 26 285 47 309
person 0.0282 398 242 419 271
person 0.0273 198 285 226 318
person 0.0271 380 244 409 272
person 0.0262 438 270 457 294
person 0.0259 16 288 51 306
person 0.0257 454 264 479 296
person 0.0250 10 280 39 314
person 0.0246 405 251 426 284
person 0.0243 400 241 435 280
person 0.0232 414 265 437 293
person 0.0230 0 275 34 318
person 0.0230 430 266 452 292
person 0.0226 99 221 124 247
person 0.0225 403 240 429 268
person 0.0223 10 0 195 213
person 0.0222 468 260 481 282
person 0.0219 412 194 438 217
person 0.0216 450 271 465 293
person 0.0207 393 242 412 265
person 0.0205 421 266 445 293
person 0.0203 229 146 253 165
person 0.0203 459 248 499 301
train 0.1035 98 219 163 252
train 0.0767 128 226 162 253
train 0.0491 139 204 304 250
train 0.0311 112 234 157 251
train 0.0243 251 180 417 237
train 0.0229 179 221 253 249
