aeroplane 0.1355 236 190 390 267
aeroplane 0.0893 389 207 485 288
aeroplane 0.0844 88 202 267 273
aeroplane 0.0765 250 214 384 291
aeroplane 0.0739 261 238 377 309
aeroplane 0.0677 285 247 365 281
aeroplane 0.0656 0 318 122 373
aeroplane 0.0651 208 241 288 322
aeroplane 0.0648 177 137 284 230
aeroplane 0.0611 370 199 497 260
aeroplane 0.0603 278 227 423 284
aeroplane 0.0572 308 244 371 273
aeroplane 0.0562 163 233 273 319
aeroplane 0.0534 131 219 280 292
aeroplane 0.0518 255 233 362 273
aeroplane 0.0488 245 189 385 231
aeroplane 0.0487 162 169 282 256
aeroplane 0.0473 328 240 381 280
aeroplane 0.0471 345 209 435 287
aeroplane 0.0466 280 198 439 259
aeroplane 0.0454 89 269 206 352
aeroplane 0.0446 0 341 61 373
aeroplane 0.0420 356 228 393 253
aeroplane 0.0408 379 207 448 260
aeroplane 0.0402 418 195 493 253
aeroplane 0.0401 183 198 282 283
aeroplane 0.0396 362 218 429 249
aeroplane 0.0395 11 292 143 365
aeroplane 0.0392 390 210 475 243
aeroplane 0.0387 0 280 85 372
aeroplane 0.0374 247 236 326 267
aeroplane 0.0362 323 234 395 263
aeroplane 0.0353 245 241 343 286
aeroplane 0.0328 165 201 281 244
aeroplane 0.0317 104 235 242 318
aeroplane 0.0315 345 219 401 253
aeroplane 0.0309 325 240 368 265
aeroplane 0.0302 117 261 229 334
aeroplane 0.0301 123 272 207 308
aeroplane 0.0298 237 188 286 250
aeroplane 0.0296 413 219 480 255
aeroplane 0.0295 217 175 306 255
aeroplane 0.0293 241 196 316 259
aeroplane 0.0288 190 252 278 304
aeroplane 0.0282 137 201 243 236
aeroplane 0.0278 3 306 59 371
aeroplane 0.0272 322 193 476 246
aeroplane 0.0272 410 207 488 236
aeroplane 0.0265 338 233 376 259
aeroplane 0.0255 33 336 102 364
aeroplane 0.0253 197 242 274 281
aeroplane 0.0253 372 201 460 236
aeroplane 0.0236 353 241 368 254
aeroplane 0.0235 228 206 291 271
aeroplane 0.0231 351 238 376 250
aeroplane 0.0225 317 234 362 259
aeroplane 0.0224 4 274 184 328
aeroplane 0.0222 393 187 496 233
aeroplane 0.0221 174 258 259 293
aeroplane 0.0216 230 235 280 277
aeroplane 0.0216 340 240 360 254
aeroplane 0.0214 301 229 366 266
aeroplane 0.0208 230 173 285 216
aeroplane 0.0205 336 238 367 251
aeroplane 0.0202 381 210 440 234
aeroplane 0.0201 98 254 221 297
aeroplane 0.0201 265 180 368 210
aeroplane 0.0200 368 227 392 246
bicycle 0.0429 28 341 102 370
bicycle 0.0306 6 339 71 373
bicycle 0.0256 58 331 97 368
bicycle 0.0206 20 332 82 367
boat 0.3350 185 140 282 200
boat 0.2956 45 141 491 356
boat 0.2878 301 317 500 372
boat 0.2651 262 87 322 104
boat 0.2424 75 199 275 362
boat 0.1921 90 163 284 302
boat 0.1723 427 238 481 274
boat 0.1699 114 252 500 368
boat 0.1584 188 177 500 333
boat 0.1522 91 267 248 372
boat 0.1446 236 191 413 265
boat 0.1341 133 135 288 218
boat 0.1213 163 103 494 266
boat 0.1169 450 304 486 330
boat 0.1161 406 220 487 291
boat 0.1157 79 202 264 281
boat 0.1135 403 306 498 370
boat 0.1125 17 129 240 336
boat 0.1072 259 274 500 373
boat 0.1066 453 306 496 369
boat 0.1047 143 174 416 279
boat 0.1005 266 199 484 292
boat 0.0961 311 249 359 273
boat 0.0957 13 282 154 366
boat 0.0947 259 75 323 102
boat 0.0940 13 60 344 364
boat 0.0916 186 143 339 251
boat 0.0907 166 139 286 290
boat 0.0901 114 188 324 273
boat 0.0892 67 297 209 375
boat 0.0861 83 304 500 375
boat 0.0821 277 85 322 98
boat 0.0821 0 250 197 375
boat 0.0807 439 243 483 266
boat 0.0763 335 245 491 344
boat 0.0751 121 203 403 333
boat 0.0750 348 233 480 299
boat 0.0738 295 255 313 270
boat 0.0733 316 355 411 375
boat 0.0721 187 37 500 364
boat 0.0700 434 235 481 254
boat 0.0696 227 166 470 254
boat 0.0695 206 155 281 194
boat 0.0692 361 287 500 358
boat 0.0691 280 304 409 373
boat 0.0677 0 339 102 372
boat 0.0658 172 125 348 197
boat 0.0651 456 306 497 338
boat 0.0643 195 135 445 229
boat 0.0642 297 254 323 268
boat 0.0641 270 80 317 94
boat 0.0640 410 224 485 261
boat 0.0632 285 250 338 271
boat 0.0631 203 191 371 302
boat 0.0618 260 87 326 119
boat 0.0615 187 140 248 183
boat 0.0605 361 357 477 375
boat 0.0598 261 234 376 275
boat 0.0598 305 254 340 269
boat 0.0597 6 318 138 374
boat 0.0594 303 335 409 373
boat 0.0592 186 250 284 349
boat 0.0586 203 180 331 267
boat 0.0581 288 259 316 273
boat 0.0581 182 94 290 205
boat 0.0574 185 133 199 169
boat 0.0573 425 304 499 340
boat 0.0572 283 69 486 306
boat 0.0558 459 332 500 375
boat 0.0553 140 194 267 311
boat 0.0553 290 278 425 355
boat 0.0553 377 336 499 372
boat 0.0548 320 358 377 374
boat 0.0545 0 355 43 374
boat 0.0539 143 315 207 351
boat 0.0535 284 254 317 277
boat 0.0527 397 204 492 254
boat 0.0524 184 134 218 192
boat 0.0522 473 313 500 371
boat 0.0520 108 250 316 350
boat 0.0519 153 223 260 363
boat 0.0519 186 138 230 169
boat 0.0509 0 222 217 330
boat 0.0507 217 36 483 221
boat 0.0506 22 271 189 339
boat 0.0504 242 172 403 328
boat 0.0500 360 191 487 280
boat 0.0500 0 338 46 374
boat 0.0496 276 251 352 279
boat 0.0495 411 240 490 334
boat 0.0489 266 248 321 272
boat 0.0471 193 87 387 317
boat 0.0468 61 128 293 251
boat 0.0467 97 202 246 251
boat 0.0462 242 189 378 233
boat 0.0458 352 241 431 334
boat 0.0453 227 119 416 191
boat 0.0449 225 146 383 276
boat 0.0443 0 223 400 375
boat 0.0440 344 358 401 374
boat 0.0432 426 228 486 250
boat 0.0431 0 120 150 371
boat 0.0428 279 258 340 292
boat 0.0427 422 247 486 291
boat 0.0427 442 227 494 265
boat 0.0418 0 292 89 375
boat 0.0405 274 264 374 375
boat 0.0397 365 358 423 374
boat 0.0396 314 142 494 272
boat 0.0385 247 282 345 375
boat 0.0385 95 275 204 322
boat 0.0378 286 208 382 304
boat 0.0377 261 100 496 205
boat 0.0377 208 144 284 246
boat 0.0376 287 262 325 286
boat 0.0373 189 143 230 201
boat 0.0372 386 359 453 373
boat 0.0371 155 271 301 336
boat 0.0370 436 230 480 245
boat 0.0367 326 241 368 284
boat 0.0365 185 136 213 165
boat 0.0362 120 284 215 339
boat 0.0359 263 84 300 100
boat 0.0359 224 222 318 318
boat 0.0357 315 238 387 273
boat 0.0353 459 357 500 374
boat 0.0353 451 239 486 259
boat 0.0353 289 80 310 98
boat 0.0351 282 218 409 265
boat 0.0350 459 305 500 324
boat 0.0343 295 82 317 94
boat 0.0341 0 263 151 313
boat 0.0341 0 319 61 372
boat 0.0341 345 271 451 361
boat 0.0338 331 208 457 324
boat 0.0337 424 262 497 367
boat 0.0337 88 148 229 256
boat 0.0335 378 353 461 370
boat 0.0334 305 349 376 375
boat 0.0334 166 79 394 202
boat 0.0333 422 349 500 374
boat 0.0333 210 269 281 312
boat 0.0332 276 93 324 107
boat 0.0331 445 247 500 278
boat 0.0330 424 244 470 265
boat 0.0329 145 309 190 337
boat 0.0329 223 162 288 210
boat 0.0327 309 318 400 354
boat 0.0323 228 345 398 375
boat 0.0320 460 309 483 345
boat 0.0319 327 352 363 373
boat 0.0316 109 71 312 206
boat 0.0315 424 239 467 258
boat 0.0313 241 191 323 250
boat 0.0311 307 247 350 290
boat 0.0310 15 211 180 290
boat 0.0309 84 221 220 274
boat 0.0308 324 324 450 367
boat 0.0307 474 311 500 337
boat 0.0304 180 169 261 207
boat 0.0303 59 261 213 313
boat 0.0301 290 247 314 273
boat 0.0300 283 80 303 97
boat 0.0300 468 314 494 350
boat 0.0298 233 175 288 256
boat 0.0297 178 173 286 224
boat 0.0295 184 218 375 375
boat 0.0295 308 250 328 267
boat 0.0295 122 201 231 234
boat 0.0290 325 333 370 375
boat 0.0289 447 253 484 273
boat 0.0289 181 130 204 183
boat 0.0289 338 224 415 257
boat 0.0289 334 353 388 372
boat 0.0287 253 325 374 375
boat 0.0285 376 330 473 360
boat 0.0285 261 47 320 105
boat 0.0284 319 174 498 242
boat 0.0281 303 84 317 97
boat 0.0281 136 219 273 274
boat 0.0280 281 248 312 264
boat 0.0278 208 153 351 211
boat 0.0278 285 141 488 213
boat 0.0278 189 188 275 221
boat 0.0277 178 189 274 248
boat 0.0276 323 314 384 371
boat 0.0275 299 180 402 284
boat 0.0275 0 212 113 354
boat 0.0271 398 156 494 295
boat 0.0271 473 349 499 375
boat 0.0270 438 293 494 332
boat 0.0269 299 265 338 277
boat 0.0269 290 89 326 102
boat 0.0269 86 272 183 305
boat 0.0266 305 240 363 263
boat 0.0266 303 205 429 252
boat 0.0263 234 96 427 170
boat 0.0262 275 80 294 97
boat 0.0261 288 81 322 92
boat 0.0261 1 270 110 304
boat 0.0259 172 129 251 210
boat 0.0259 420 219 489 243
boat 0.0256 196 134 281 175
boat 0.0255 281 72 307 91
boat 0.0252 302 248 337 265
boat 0.0250 84 230 133 277
boat 0.0248 196 257 272 298
boat 0.0246 284 83 317 106
boat 0.0245 79 120 251 193
boat 0.0244 316 242 355 257
boat 0.0244 268 226 368 259
boat 0.0241 454 232 480 249
boat 0.0241 452 303 488 319
boat 0.0239 328 202 416 297
boat 0.0236 244 130 345 231
boat 0.0235 67 181 185 271
boat 0.0234 257 192 346 223
boat 0.0234 283 73 316 100
boat 0.0232 197 145 241 165
boat 0.0232 100 236 245 283
boat 0.0230 268 67 326 94
boat 0.0227 298 84 319 102
boat 0.0226 91 207 184 246
boat 0.0226 179 100 344 172
boat 0.0225 290 243 324 283
boat 0.0225 331 91 499 173
boat 0.0222 224 170 351 244
boat 0.0221 269 79 285 97
boat 0.0221 187 143 209 187
boat 0.0221 391 293 500 335
boat 0.0220 247 193 289 247
boat 0.0219 181 155 257 194
boat 0.0219 54 168 186 329
boat 0.0218 105 282 184 309
boat 0.0218 85 211 162 270
boat 0.0218 150 303 217 340
boat 0.0217 354 343 462 370
boat 0.0216 377 354 425 369
boat 0.0216 379 345 470 363
boat 0.0216 11 346 57 365
boat 0.0213 197 146 262 173
boat 0.0213 21 299 131 352
boat 0.0213 362 353 396 373
boat 0.0212 87 253 210 296
boat 0.0212 328 245 355 260
boat 0.0212 109 291 192 327
boat 0.0211 150 125 282 186
boat 0.0211 33 24 455 226
boat 0.0211 437 266 500 326
boat 0.0210 372 211 500 329
boat 0.0210 232 166 279 189
boat 0.0207 141 295 184 346
boat 0.0206 323 321 388 342
boat 0.0206 4 285 118 334
boat 0.0206 348 321 394 373
boat 0.0205 454 305 478 324
boat 0.0204 267 99 320 112
boat 0.0204 356 76 493 244
boat 0.0203 349 317 467 357
boat 0.0203 242 225 332 257
boat 0.0203 251 192 287 223
boat 0.0202 272 115 430 264
boat 0.0202 140 300 202 331
boat 0.0202 80 281 161 312
boat 0.0200 149 319 194 342
boat 0.0200 68 211 161 342
boat 0.0200 255 181 355 211
bottle 0.1089 141 333 171 375
bottle 0.1005 294 271 318 303
bottle 0.0814 290 267 315 294
bottle 0.0773 292 264 312 283
bottle 0.0740 305 271 329 300
bottle 0.0668 143 322 170 356
bottle 0.0635 92 339 119 374
bottle 0.0581 279 270 306 300
bottle 0.0569 144 319 191 352
bottle 0.0515 241 195 375 302
bottle 0.0504 318 251 347 276
bottle 0.0479 299 260 315 275
bottle 0.0420 0 350 39 374
bottle 0.0416 312 250 337 273
bottle 0.0392 143 314 176 339
bottle 0.0389 151 326 179 357
bottle 0.0299 313 266 336 285
bottle 0.0298 309 266 324 284
bottle 0.0283 89 333 110 369
bottle 0.0282 160 316 188 347
bottle 0.0274 244 197 292 262
bottle 0.0273 151 311 184 332
bottle 0.0251 164 309 187 335
bottle 0.0210 172 315 194 348
bottle 0.0204 169 305 186 328
car 0.1076 420 238 478 271
car 0.1050 207 275 258 313
car 0.0869 394 230 479 281
car 0.0759 365 236 392 253
car 0.0744 423 232 480 257
car 0.0730 207 292 235 315
car 0.0716 473 243 500 274
car 0.0712 367 232 416 252
car 0.0622 207 285 254 305
car 0.0589 361 228 398 252
car 0.0578 419 202 491 266
car 0.0572 194 262 271 321
car 0.0565 356 235 391 262
car 0.0534 157 267 280 333
car 0.0528 209 279 231 306
car 0.0517 188 278 242 313
car 0.0508 0 348 41 374
car 0.0489 393 223 470 256
car 0.0464 137 282 254 347
car 0.0442 270 254 320 276
car 0.0442 224 275 261 305
car 0.0433 419 228 482 248
car 0.0427 140 310 189 348
car 0.0406 206 295 249 319
car 0.0391 210 290 265 324
car 0.0386 431 231 472 244
car 0.0385 320 245 373 268
car 0.0371 0 325 40 373
car 0.0369 133 276 219 326
car 0.0367 330 248 366 264
car 0.0366 450 241 500 272
car 0.0363 342 248 374 262
car 0.0360 359 218 440 264
car 0.0355 217 292 259 309
car 0.0350 348 243 374 254
car 0.0349 355 241 385 255
car 0.0345 424 234 463 250
car 0.0337 141 315 183 336
car 0.0335 329 238 386 258
car 0.0333 190 286 274 339
car 0.0327 351 246 368 259
car 0.0322 335 243 366 255
car 0.0298 216 277 244 306
car 0.0292 475 257 500 278
car 0.0288 479 168 500 202
car 0.0288 342 244 388 267
car 0.0282 389 214 441 242
car 0.0277 208 279 225 297
car 0.0276 339 245 360 259
car 0.0259 199 273 231 303
car 0.0255 183 269 247 303
car 0.0253 219 298 258 316
car 0.0252 411 219 486 242
car 0.0240 209 276 254 297
car 0.0234 230 286 251 311
car 0.0228 122 305 189 335
car 0.0223 475 190 500 203
car 0.0221 184 273 216 286
car 0.0221 222 277 285 312
car 0.0217 332 240 361 270
car 0.0211 0 313 23 352
car 0.0209 146 269 243 311
car 0.0203 0 272 21 311
car 0.0203 1 266 21 295
chair 0.5610 284 280 324 345
chair 0.4877 381 258 412 303
chair 0.4697 324 277 361 329
chair 0.4024 222 309 265 375
chair 0.3684 350 255 377 294
chair 0.3432 328 258 370 318
chair 0.3194 366 260 387 295
chair 0.2661 386 243 425 301
chair 0.2574 302 280 343 338
chair 0.2432 371 247 408 297
chair 0.2324 320 275 348 321
chair 0.2250 404 235 435 298
chair 0.2226 207 301 254 372
chair 0.2140 159 343 209 375
chair 0.2137 308 265 364 336
chair 0.2102 303 272 353 312
chair 0.2048 334 253 365 300
chair 0.1992 359 261 398 300
chair 0.1991 184 140 278 199
chair 0.1935 207 310 234 372
chair 0.1918 90 329 169 373
chair 0.1803 314 287 337 329
chair 0.1622 341 252 390 297
chair 0.1596 192 298 228 375
chair 0.1577 228 280 281 367
chair 0.1567 282 281 344 363
chair 0.1550 342 251 371 285
chair 0.1502 409 257 431 299
chair 0.1494 311 277 338 312
chair 0.1471 285 278 319 317
chair 0.1470 175 327 214 375
chair 0.1469 427 240 479 279
chair 0.1465 123 335 210 374
chair 0.1451 143 303 214 374
chair 0.1450 231 302 269 358
chair 0.1447 385 247 414 284
chair 0.1437 261 270 289 328
chair 0.1427 279 270 332 323
chair 0.1426 426 246 451 293
chair 0.1405 375 266 402 300
chair 0.1389 197 323 219 375
chair 0.1369 337 250 360 285
chair 0.1366 320 269 358 302
chair 0.1366 129 335 171 375
chair 0.1294 204 326 276 374
chair 0.1269 315 275 346 302
chair 0.1264 276 275 292 315
chair 0.1211 215 327 249 375
chair 0.1185 88 346 155 375
chair 0.1155 301 276 331 321
chair 0.1152 268 267 306 338
chair 0.1121 203 330 226 375
chair 0.1078 251 290 288 329
chair 0.1073 360 250 392 290
chair 0.1054 321 294 341 334
chair 0.1036 64 339 102 369
chair 0.1034 246 266 294 357
chair 0.1031 280 304 336 347
chair 0.1026 316 249 367 285
chair 0.1017 183 342 211 375
chair 0.1014 410 246 446 301
chair 0.1007 274 291 292 328
chair 0.0962 292 275 322 305
chair 0.0943 476 240 499 273
chair 0.0917 89 348 122 375
chair 0.0914 292 287 334 330
chair 0.0911 241 296 279 347
chair 0.0910 164 337 242 375
chair 0.0904 216 143 277 186
chair 0.0903 217 345 270 374
chair 0.0874 324 287 375 341
chair 0.0873 220 300 303 375
chair 0.0868 141 322 191 373
chair 0.0854 307 280 326 312
chair 0.0849 386 265 441 301
chair 0.0847 278 271 310 311
chair 0.0846 356 249 384 278
chair 0.0844 303 274 334 302
chair 0.0821 307 268 350 296
chair 0.0812 461 240 483 269
chair 0.0811 352 260 387 287
chair 0.0804 267 299 288 331
chair 0.0801 188 308 213 368
chair 0.0799 217 324 239 362
chair 0.0799 206 342 236 374
chair 0.0789 371 259 400 290
chair 0.0788 440 244 474 274
chair 0.0787 13 339 112 372
chair 0.0783 325 251 356 276
chair 0.0778 383 277 406 309
chair 0.0772 61 343 124 374
chair 0.0765 147 348 182 374
chair 0.0764 327 243 380 302
chair 0.0763 243 304 266 338
chair 0.0763 334 292 359 330
chair 0.0751 281 282 307 320
chair 0.0750 366 247 427 319
chair 0.0748 366 247 390 274
chair 0.0747 378 264 413 285
chair 0.0739 328 272 367 296
chair 0.0732 209 318 234 351
chair 0.0732 370 274 386 306
chair 0.0721 323 284 359 308
chair 0.0719 332 257 353 286
chair 0.0716 266 292 327 358
chair 0.0715 311 300 337 345
chair 0.0710 213 288 272 345
chair 0.0704 90 321 129 375
chair 0.0703 230 320 260 353
chair 0.0700 211 316 251 356
chair 0.0692 261 255 339 355
chair 0.0684 423 242 464 301
chair 0.0682 376 246 397 286
chair 0.0675 105 356 163 374
chair 0.0671 420 266 449 297
chair 0.0669 359 266 412 313
chair 0.0667 144 318 206 354
chair 0.0665 397 250 422 295
chair 0.0659 392 248 459 305
chair 0.0655 450 237 480 266
chair 0.0653 344 266 367 303
chair 0.0652 250 299 274 331
chair 0.0643 225 324 254 363
chair 0.0642 327 267 354 291
chair 0.0628 274 307 292 339
chair 0.0619 225 340 252 375
chair 0.0616 192 321 210 362
chair 0.0612 330 250 377 277
chair 0.0612 337 282 363 322
chair 0.0607 320 270 343 295
chair 0.0607 305 289 328 327
chair 0.0602 192 345 257 375
chair 0.0588 426 243 455 270
chair 0.0587 194 283 274 375
chair 0.0582 472 248 494 274
chair 0.0580 315 255 349 290
chair 0.0579 238 294 342 372
chair 0.0572 274 291 390 369
chair 0.0564 433 249 461 281
chair 0.0557 325 258 392 350
chair 0.0551 445 232 487 275
chair 0.0546 215 308 238 348
chair 0.0538 232 310 262 341
chair 0.0529 176 347 228 375
chair 0.0528 351 257 385 324
chair 0.0527 301 304 370 353
chair 0.0521 188 336 213 366
chair 0.0517 190 142 270 170
chair 0.0516 148 335 204 363
chair 0.0507 347 251 380 272
chair 0.0507 240 315 264 357
chair 0.0503 0 348 83 374
chair 0.0499 216 150 285 218
chair 0.0497 20 324 154 375
chair 0.0495 389 272 422 301
chair 0.0495 255 272 283 304
chair 0.0494 353 266 373 307
chair 0.0494 140 347 168 375
chair 0.0492 83 342 112 371
chair 0.0488 469 232 497 267
chair 0.0481 272 271 298 307
chair 0.0481 299 285 337 306
chair 0.0480 287 303 315 347
chair 0.0470 320 298 360 338
chair 0.0467 283 301 307 338
chair 0.0466 322 262 343 284
chair 0.0466 412 275 439 299
chair 0.0457 33 353 105 375
chair 0.0455 368 246 411 272
chair 0.0455 296 271 342 289
chair 0.0453 382 258 432 289
chair 0.0449 193 350 221 375
chair 0.0447 227 154 280 196
chair 0.0447 73 349 107 375
chair 0.0446 164 349 194 375
chair 0.0444 285 295 316 329
chair 0.0443 362 272 381 304
chair 0.0439 167 323 201 363
chair 0.0435 113 349 141 375
chair 0.0431 213 353 248 375
chair 0.0430 429 240 487 310
chair 0.0430 229 298 286 330
chair 0.0430 381 282 417 305
chair 0.0426 258 301 282 335
chair 0.0419 238 328 264 369
chair 0.0418 260 293 292 347
chair 0.0408 56 340 87 364
chair 0.0407 241 289 268 330
chair 0.0407 123 344 152 375
chair 0.0405 321 310 386 357
chair 0.0404 300 290 349 321
chair 0.0403 108 327 148 374
chair 0.0402 268 282 298 326
chair 0.0401 371 284 385 312
chair 0.0400 229 312 299 355
chair 0.0398 409 276 429 304
chair 0.0390 342 253 417 344
chair 0.0388 172 317 212 352
chair 0.0386 55 324 118 371
chair 0.0384 269 298 307 351
chair 0.0383 435 236 463 267
chair 0.0379 244 297 263 326
chair 0.0377 226 306 270 334
chair 0.0377 320 311 340 342
chair 0.0373 236 320 290 375
chair 0.0373 217 329 375 375
chair 0.0370 302 305 328 342
chair 0.0368 202 307 261 344
chair 0.0368 427 277 453 298
chair 0.0368 153 331 178 367
chair 0.0365 325 261 363 279
chair 0.0364 465 249 483 277
chair 0.0363 203 140 256 189
chair 0.0362 251 278 275 323
chair 0.0362 165 340 206 358
chair 0.0362 460 235 483 257
chair 0.0356 227 272 283 318
chair 0.0355 289 322 337 347
chair 0.0352 223 332 271 365
chair 0.0352 327 306 364 327
chair 0.0352 335 248 361 267
chair 0.0345 279 279 314 301
chair 0.0342 352 290 370 323
chair 0.0340 223 144 276 169
chair 0.0339 175 338 222 365
chair 0.0338 347 277 383 297
chair 0.0332 290 288 326 312
chair 0.0322 161 329 216 356
chair 0.0321 269 307 286 341
chair 0.0321 314 320 335 347
chair 0.0320 287 242 356 308
chair 0.0319 34 343 92 366
chair 0.0318 183 330 203 358
chair 0.0315 236 302 259 331
chair 0.0311 456 249 490 269
chair 0.0310 342 299 363 330
chair 0.0309 0 312 50 374
chair 0.0307 411 237 486 343
chair 0.0305 404 264 457 299
chair 0.0297 295 302 346 333
chair 0.0296 350 246 382 262
chair 0.0296 173 337 197 368
chair 0.0294 12 357 74 374
chair 0.0293 50 346 88 370
chair 0.0293 365 285 379 312
chair 0.0292 311 265 340 282
chair 0.0291 45 336 95 375
chair 0.0291 161 337 192 360
chair 0.0290 245 281 261 310
chair 0.0290 399 267 439 291
chair 0.0289 363 277 395 297
chair 0.0288 360 284 382 324
chair 0.0286 318 293 355 318
chair 0.0286 155 310 191 347
chair 0.0284 436 224 493 292
chair 0.0284 398 274 436 305
chair 0.0282 316 263 353 278
chair 0.0282 395 244 421 273
chair 0.0281 259 306 293 328
chair 0.0281 362 271 393 331
chair 0.0280 374 248 456 351
chair 0.0280 248 312 271 354
chair 0.0279 319 316 362 344
chair 0.0278 330 289 366 312
chair 0.0277 270 328 339 375
chair 0.0276 231 146 260 177
chair 0.0276 346 239 401 270
chair 0.0273 219 337 258 360
chair 0.0273 69 336 94 362
chair 0.0273 0 305 102 375
chair 0.0273 339 283 389 326
chair 0.0273 158 327 191 351
chair 0.0273 236 171 284 231
chair 0.0272 10 344 70 367
chair 0.0269 479 220 500 283
chair 0.0269 244 347 272 375
chair 0.0268 379 286 396 312
chair 0.0266 231 279 261 318
chair 0.0266 211 326 250 345
chair 0.0265 46 343 74 364
chair 0.0264 379 290 413 309
chair 0.0262 196 144 244 177
chair 0.0259 445 234 471 260
chair 0.0255 440 262 486 321
chair 0.0254 146 339 184 356
chair 0.0253 282 317 312 344
chair 0.0250 173 330 195 356
chair 0.0248 334 279 383 307
chair 0.0247 285 312 329 337
chair 0.0246 21 322 83 374
chair 0.0245 1 342 35 372
chair 0.0244 314 308 378 339
chair 0.0243 365 295 379 320
chair 0.0243 142 304 183 350
chair 0.0241 248 152 277 184
chair 0.0240 305 226 369 292
chair 0.0239 29 349 67 371
chair 0.0238 222 149 257 192
chair 0.0237 347 286 375 314
chair 0.0237 432 254 457 296
diningtable 0.2688 284 272 349 341
diningtable 0.2291 297 260 368 322
diningtable 0.1861 357 247 419 301
diningtable 0.1860 101 310 209 374
diningtable 0.1639 323 250 381 306
diningtable 0.1597 131 319 242 375
diningtable 0.1573 381 242 435 301
diningtable 0.1540 258 260 330 341
diningtable 0.1523 401 233 464 297
diningtable 0.1431 176 304 259 375
diningtable 0.1405 338 255 398 293
diningtable 0.1385 295 247 410 307
diningtable 0.1377 422 238 474 290
diningtable 0.1366 285 270 357 309
diningtable 0.1337 306 268 367 299
diningtable 0.1308 347 237 452 297
diningtable 0.1275 101 264 269 372
diningtable 0.1237 244 315 480 370
diningtable 0.1187 320 259 400 330
diningtable 0.1187 250 203 394 315
diningtable 0.1175 308 282 361 321
diningtable 0.1072 263 246 355 324
diningtable 0.1041 110 341 213 375
diningtable 0.1012 276 253 371 301
diningtable 0.0966 294 271 346 298
diningtable 0.0930 314 250 373 281
diningtable 0.0928 75 334 189 375
diningtable 0.0914 263 267 405 357
diningtable 0.0896 256 224 479 355
diningtable 0.0881 242 288 346 353
diningtable 0.0806 215 269 299 357
diningtable 0.0801 163 214 376 363
diningtable 0.0788 289 282 343 323
diningtable 0.0777 331 257 434 311
diningtable 0.0777 192 335 500 375
diningtable 0.0765 125 300 306 375
diningtable 0.0745 199 309 355 371
diningtable 0.0713 125 273 416 369
diningtable 0.0709 289 296 369 342
diningtable 0.0705 364 224 483 290
diningtable 0.0693 307 212 475 311
diningtable 0.0693 293 277 370 369
diningtable 0.0649 141 314 216 359
diningtable 0.0634 263 278 323 320
diningtable 0.0625 209 233 333 352
diningtable 0.0618 326 276 389 318
diningtable 0.0617 146 204 287 375
diningtable 0.0601 138 294 254 361
diningtable 0.0594 298 255 355 293
diningtable 0.0593 172 340 230 374
diningtable 0.0585 332 248 391 283
diningtable 0.0584 282 304 407 364
diningtable 0.0580 277 270 328 301
diningtable 0.0570 20 285 230 375
diningtable 0.0568 235 236 376 303
diningtable 0.0547 321 225 427 294
diningtable 0.0546 367 260 446 306
diningtable 0.0534 363 244 416 279
diningtable 0.0458 224 307 309 362
diningtable 0.0456 361 230 440 281
diningtable 0.0443 169 328 231 361
diningtable 0.0439 193 292 289 367
diningtable 0.0436 28 317 188 375
diningtable 0.0419 240 300 308 340
diningtable 0.0417 256 269 318 307
diningtable 0.0405 380 252 423 281
diningtable 0.0404 424 236 489 318
diningtable 0.0398 383 236 438 271
diningtable 0.0390 155 329 301 375
diningtable 0.0388 223 292 301 331
diningtable 0.0384 245 250 336 301
diningtable 0.0378 167 313 231 348
diningtable 0.0378 193 330 253 371
diningtable 0.0372 192 320 254 355
diningtable 0.0364 313 300 386 338
diningtable 0.0361 343 273 418 313
diningtable 0.0349 393 254 443 283
diningtable 0.0338 336 237 406 273
diningtable 0.0335 375 250 487 327
diningtable 0.0335 205 258 315 321
diningtable 0.0310 407 263 479 302
diningtable 0.0294 312 295 469 358
diningtable 0.0290 160 323 216 350
diningtable 0.0264 274 293 323 335
diningtable 0.0259 449 236 500 267
diningtable 0.0257 238 270 291 308
diningtable 0.0222 183 304 241 341
diningtable 0.0221 346 259 454 335
diningtable 0.0219 159 300 222 339
diningtable 0.0214 197 317 247 343
diningtable 0.0209 332 289 419 327
diningtable 0.0209 246 280 303 321
person 0.6370 93 303 162 375
person 0.5291 251 244 287 328
person 0.5016 406 228 435 294
person 0.4994 383 236 415 299
person 0.4742 182 278 213 346
person 0.4114 479 193 500 267
person 0.3913 402 225 431 264
person 0.3906 394 228 427 298
person 0.3816 207 299 233 365
person 0.3366 395 226 427 252
person 0.3295 387 228 415 276
person 0.3263 192 284 223 364
person 0.2739 390 226 413 258
person 0.2452 169 280 218 372
person 0.2451 114 294 211 375
person 0.2282 417 240 446 297
person 0.2028 259 258 289 314
person 0.2005 228 257 283 366
person 0.2003 383 241 410 272
person 0.1966 254 242 283 295
person 0.1956 203 291 264 375
person 0.1947 94 300 134 365
person 0.1851 186 277 238 373
person 0.1832 180 276 208 320
person 0.1734 136 324 169 373
person 0.1712 208 294 234 335
person 0.1699 479 191 499 224
person 0.1659 369 241 411 288
person 0.1556 384 216 439 301
person 0.1506 424 243 462 295
person 0.1501 275 270 293 303
person 0.1427 139 306 192 369
person 0.1420 200 284 230 344
person 0.1370 475 203 495 257
person 0.1364 410 226 434 254
person 0.1363 244 266 282 344
person 0.1314 269 268 296 327
person 0.1288 196 312 219 370
person 0.1284 377 222 426 255
person 0.1171 402 232 453 285
person 0.1169 97 246 235 375
person 0.1165 425 238 444 278
person 0.1153 360 238 394 293
person 0.1094 191 280 215 315
person 0.1093 265 248 288 284
person 0.1092 391 211 429 264
person 0.1084 465 195 497 266
person 0.1074 354 246 371 277
person 0.1073 477 233 499 272
person 0.1051 429 246 447 284
person 0.1043 282 268 318 313
person 0.1036 276 261 293 288
person 0.1035 119 317 166 363
person 0.1031 368 240 389 270
person 0.1026 185 277 227 329
person 0.1026 211 300 259 348
person 0.1022 255 244 313 341
person 0.1006 375 236 401 278
person 0.0993 27 317 162 374
person 0.0982 385 234 415 250
person 0.0972 189 298 210 350
person 0.0963 268 266 288 305
person 0.0953 149 295 212 355
person 0.0943 199 230 273 361
person 0.0931 476 198 492 234
person 0.0916 400 232 422 271
person 0.0913 197 270 261 347
person 0.0904 417 225 480 292
person 0.0892 287 269 317 292
person 0.0881 271 254 296 294
person 0.0880 390 229 406 247
person 0.0872 207 290 226 315
person 0.0868 362 231 414 269
person 0.0866 261 245 298 304
person 0.0862 473 223 491 262
person 0.0857 93 300 123 345
person 0.0850 139 316 167 357
person 0.0840 378 240 395 271
person 0.0838 360 226 419 296
person 0.0812 395 210 473 301
person 0.0808 274 251 293 275
person 0.0800 294 259 310 275
person 0.0797 219 251 276 330
person 0.0793 246 233 294 285
person 0.0779 429 259 450 297
person 0.0768 430 216 488 274
person 0.0765 289 264 314 282
person 0.0764 347 233 387 287
person 0.0757 377 236 406 248
person 0.0757 137 274 259 375
person 0.0756 242 211 297 318
person 0.0752 159 276 210 328
person 0.0733 107 310 144 358
person 0.0723 130 272 221 351
person 0.0723 57 264 169 375
person 0.0722 260 244 290 272
person 0.0696 425 231 442 258
person 0.0693 208 284 223 305
person 0.0688 274 261 317 299
person 0.0687 366 234 389 255
person 0.0681 95 305 155 345
person 0.0677 403 240 431 277
person 0.0673 203 313 230 347
person 0.0660 193 290 215 337
person 0.0657 183 274 212 301
person 0.0652 406 222 428 247
person 0.0640 365 226 411 251
person 0.0626 356 244 371 265
person 0.0613 375 239 398 259
person 0.0609 409 236 438 269
person 0.0607 274 253 339 326
person 0.0604 358 244 385 267
person 0.0602 106 329 171 372
person 0.0598 361 235 395 261
person 0.0597 455 217 495 279
person 0.0596 141 282 196 345
person 0.0594 175 278 198 314
person 0.0594 204 265 253 321
person 0.0594 289 256 308 270
person 0.0594 239 254 280 313
person 0.0593 136 323 157 349
person 0.0573 55 302 138 370
person 0.0568 408 232 467 262
person 0.0565 81 321 139 375
person 0.0561 0 347 73 374
person 0.0559 389 232 435 258
person 0.0556 394 222 413 244
person 0.0555 206 287 250 332
person 0.0547 380 236 394 250
person 0.0543 309 254 329 270
person 0.0536 258 242 313 277
person 0.0529 300 257 315 272
person 0.0526 475 194 495 213
person 0.0522 250 239 322 302
person 0.0522 339 240 374 289
person 0.0519 251 246 276 276
person 0.0517 280 267 306 293
person 0.0517 401 219 436 250
person 0.0517 289 259 302 273
person 0.0512 427 235 449 268
person 0.0512 396 220 426 242
person 0.0510 206 297 238 317
person 0.0510 204 276 227 311
person 0.0508 92 302 129 326
person 0.0507 182 261 241 335
person 0.0503 377 231 408 245
person 0.0500 270 246 297 268
person 0.0499 275 252 314 278
person 0.0497 295 253 310 269
person 0.0495 377 236 417 260
person 0.0490 463 234 482 260
person 0.0488 199 279 216 302
person 0.0468 283 265 304 283
person 0.0463 243 260 267 306
person 0.0454 121 309 152 350
person 0.0447 471 183 499 237
person 0.0445 349 250 366 273
person 0.0440 183 312 217 354
person 0.0440 226 278 264 335
person 0.0437 481 179 499 206
person 0.0435 412 219 446 274
person 0.0433 363 208 433 260
person 0.0433 251 255 275 299
person 0.0431 219 215 306 362
person 0.0428 115 305 171 349
person 0.0428 261 254 317 287
person 0.0425 134 319 191 353
person 0.0425 248 262 263 296
person 0.0416 467 230 482 253
person 0.0413 239 209 283 273
person 0.0412 194 316 219 346
person 0.0410 175 286 199 337
person 0.0410 276 258 304 274
person 0.0409 372 244 407 264
person 0.0407 89 300 123 318
person 0.0405 352 237 377 273
person 0.0401 470 225 482 246
person 0.0398 91 319 121 372
person 0.0397 465 213 486 254
person 0.0397 310 258 322 275
person 0.0396 177 289 193 322
person 0.0395 90 302 112 335
person 0.0392 340 248 358 271
person 0.0391 481 200 500 239
person 0.0389 126 316 148 341
person 0.0385 184 133 199 164
person 0.0382 245 274 262 305
person 0.0381 2 350 42 373
person 0.0376 256 251 296 278
person 0.0376 104 303 131 338
person 0.0373 170 276 204 292
person 0.0371 127 311 164 342
person 0.0369 416 233 445 252
person 0.0369 138 319 159 337
person 0.0367 324 229 382 293
person 0.0366 99 286 203 340
person 0.0366 211 306 240 340
person 0.0364 286 251 307 266
person 0.0362 418 230 445 244
person 0.0362 118 311 140 343
person 0.0361 425 233 454 254
person 0.0359 333 244 362 277
person 0.0358 143 311 177 349
person 0.0358 208 302 243 323
person 0.0350 271 246 341 285
person 0.0347 469 214 482 233
person 0.0346 375 238 430 273
person 0.0345 137 321 171 343
person 0.0343 227 304 250 339
person 0.0339 385 215 435 242
person 0.0337 352 249 364 263
person 0.0331 440 199 499 285
person 0.0330 416 224 432 243
person 0.0326 469 208 482 227
person 0.0324 92 314 109 346
person 0.0323 169 275 217 311
person 0.0321 61 315 108 374
person 0.0319 407 227 453 248
person 0.0316 447 201 500 249
person 0.0315 472 216 491 244
person 0.0314 248 254 264 281
person 0.0314 91 298 145 333
person 0.0313 292 253 319 281
person 0.0313 289 255 327 303
person 0.0309 399 217 435 236
person 0.0308 111 307 143 333
person 0.0307 245 247 271 290
person 0.0307 257 242 283 264
person 0.0305 144 313 162 336
person 0.0304 388 218 424 234
person 0.0303 403 218 462 256
person 0.0291 428 231 439 245
person 0.0289 247 194 340 316
person 0.0287 260 242 294 258
person 0.0286 170 301 199 348
person 0.0285 165 282 193 321
person 0.0283 181 306 205 348
person 0.0281 173 246 220 325
person 0.0280 95 292 171 328
person 0.0279 0 333 47 375
person 0.0276 344 239 369 272
person 0.0274 21 349 60 372
person 0.0273 168 284 185 310
person 0.0268 224 237 270 303
person 0.0268 229 181 289 284
person 0.0267 464 198 490 235
person 0.0265 157 304 233 343
person 0.0262 343 211 401 285
person 0.0261 355 227 391 270
person 0.0257 194 301 246 338
person 0.0257 190 277 208 296
person 0.0256 114 321 144 349
person 0.0256 328 248 351 271
person 0.0255 222 301 252 326
person 0.0254 125 325 151 361
person 0.0253 343 248 356 262
person 0.0251 88 311 112 360
person 0.0249 175 301 192 337
person 0.0249 312 248 336 271
person 0.0249 160 226 243 336
person 0.0249 100 300 137 317
person 0.0246 314 238 360 283
person 0.0245 352 245 363 258
person 0.0243 162 296 190 335
person 0.0243 230 295 249 320
person 0.0243 99 324 157 357
person 0.0243 184 277 202 295
person 0.0241 129 313 151 332
person 0.0240 43 345 82 361
person 0.0240 383 217 411 248
person 0.0239 304 265 330 281
person 0.0233 412 242 459 265
person 0.0232 304 250 330 281
person 0.0232 261 263 295 282
person 0.0232 461 194 496 223
person 0.0231 192 291 243 322
person 0.0231 202 279 215 294
person 0.0228 469 201 488 218
person 0.0227 470 184 500 212
person 0.0227 333 351 358 375
person 0.0227 463 165 497 227
person 0.0226 47 308 97 367
person 0.0226 161 276 200 305
person 0.0225 187 275 211 290
person 0.0225 59 336 76 360
person 0.0225 92 328 109 359
person 0.0223 0 360 46 375
person 0.0221 231 262 260 304
person 0.0220 165 280 190 300
person 0.0220 73 290 142 347
person 0.0219 276 247 293 265
person 0.0219 416 239 449 258
person 0.0215 109 305 147 323
person 0.0214 52 339 68 362
person 0.0213 425 228 444 241
person 0.0213 18 333 63 375
person 0.0211 451 216 482 253
person 0.0210 253 260 304 294
person 0.0207 198 266 232 314
person 0.0206 171 299 185 321
sofa 0.0346 370 243 420 279
tvmonitor 0.0762 142 315 196 357
