car 0.9444 37 104 490 294
car 0.0847 36 112 189 289
car 0.0747 337 110 489 292
car 0.0714 36 139 131 282
car 0.0565 172 109 360 169
car 0.0537 174 165 492 291
car 0.0528 241 108 426 172
car 0.0522 223 107 480 263
car 0.0512 106 107 445 213
car 0.0452 43 166 350 291
car 0.0419 311 105 473 175
car 0.0412 337 225 491 292
car 0.0370 40 229 240 288
car 0.0368 397 162 490 292
car 0.0349 89 105 279 169
car 0.0328 262 108 464 205
car 0.0317 35 106 130 219
car 0.0306 37 188 172 287
car 0.0281 38 117 183 190
car 0.0269 359 109 484 210
car 0.0242 66 113 316 197
car 0.0234 18 148 93 282
dog 0.0292 58 0 477 300
person 0.1249 260 143 307 179
person 0.0699 274 157 307 178
person 0.0677 241 132 310 182
person 0.0540 252 144 289 180
person 0.0536 263 164 308 181
person 0.0504 200 143 238 187
person 0.0476 188 159 211 184
person 0.0453 234 138 281 180
person 0.0443 264 147 293 177
person 0.0425 251 125 344 178
person 0.0422 192 150 224 186
person 0.0415 288 151 310 177
person 0.0399 269 137 322 175
person 0.0386 296 160 319 178
person 0.0384 206 132 287 186
person 0.0361 277 144 304 174
person 0.0315 195 129 252 190
person 0.0301 287 166 322 180
person 0.0297 295 146 321 179
person 0.0277 268 156 334 180
person 0.0267 219 140 262 189
person 0.0261 289 143 343 178
person 0.0257 298 162 335 177
person 0.0252 391 218 412 244
person 0.0249 224 105 371 172
person 0.0245 358 153 372 173
person 0.0239 244 158 314 184
person 0.0237 201 115 321 181
person 0.0223 162 102 309 170
person 0.0222 251 149 274 182
person 0.0221 175 135 225 188
person 0.0211 289 161 311 182
person 0.0210 304 152 324 177
person 0.0210 362 152 377 175
person 0.0209 317 138 346 175
person 0.0209 185 144 217 181
person 0.0208 200 145 231 171
person 0.0207 203 125 238 176
sofa 0.0243 0 0 470 333
