bottle 0.8318 146 0 345 360
bottle 0.1355 162 163 337 355
bottle 0.0728 137 5 222 162
bottle 0.0642 0 0 302 375
bottle 0.0620 164 191 252 348
bottle 0.0570 227 0 500 375
bottle 0.0529 282 2 354 165
bottle 0.0507 99 6 265 336
bottle 0.0497 209 0 352 242
bottle 0.0466 138 0 303 224
bottle 0.0461 151 72 255 327
bottle 0.0456 252 204 331 353
bottle 0.0384 14 25 164 338
bottle 0.0373 144 183 214 346
bottle 0.0370 141 49 216 230
bottle 0.0366 242 104 345 339
bottle 0.0336 269 73 343 280
bottle 0.0319 144 114 213 283
bottle 0.0295 282 183 354 345
bottle 0.0255 206 176 296 301
bottle 0.0247 160 252 309 354
bottle 0.0236 286 54 359 239
bottle 0.0218 113 2 185 156
bottle 0.0210 203 183 290 251
bottle 0.0201 215 159 230 196
chair 0.0560 348 58 488 358
chair 0.0215 417 192 497 372
diningtable 0.0547 143 29 500 361
diningtable 0.0331 113 216 413 368
diningtable 0.0330 10 88 393 368
diningtable 0.0288 52 176 328 353
diningtable 0.0236 223 172 500 350
person 0.0293 0 1 84 51
person 0.0202 425 0 496 138
pottedplant 0.0201 57 119 210 369
