car 0.0869 0 0 500 397
car 0.0309 0 0 363 212
cow 0.6176 346 177 410 214
cow 0.5989 184 171 262 206
cow 0.3872 419 182 451 214
cow 0.3684 440 182 477 215
cow 0.2015 344 180 368 215
cow 0.1989 243 173 266 204
cow 0.1977 220 173 267 203
cow 0.1533 407 183 465 217
cow 0.1443 369 180 445 213
cow 0.1309 428 170 486 215
cow 0.1173 191 173 247 197
cow 0.1074 369 178 402 211
cow 0.1061 469 155 494 213
cow 0.1033 456 159 486 214
cow 0.0939 403 179 444 208
cow 0.0877 454 181 482 210
cow 0.0868 343 177 383 205
cow 0.0792 403 181 422 198
cow 0.0754 452 179 497 218
cow 0.0719 186 172 217 195
cow 0.0713 407 181 435 197
cow 0.0712 297 166 349 210
cow 0.0705 465 170 484 208
cow 0.0696 384 180 416 197
cow 0.0669 467 180 493 209
cow 0.0661 432 181 473 202
cow 0.0661 236 169 269 197
cow 0.0625 189 168 228 202
cow 0.0604 354 183 390 212
cow 0.0567 212 166 258 195
cow 0.0552 349 175 392 194
cow 0.0544 193 169 237 187
cow 0.0538 203 180 251 203
cow 0.0532 389 182 434 206
cow 0.0504 279 183 306 205
cow 0.0483 230 163 250 179
cow 0.0480 371 174 493 218
cow 0.0476 235 172 262 189
cow 0.0469 426 184 444 204
cow 0.0457 180 168 263 237
cow 0.0456 345 159 432 216
cow 0.0437 418 182 439 205
cow 0.0433 432 185 489 225
cow 0.0425 439 181 462 208
cow 0.0413 286 179 327 206
cow 0.0413 312 158 346 203
cow 0.0412 161 175 239 207
cow 0.0412 404 162 458 209
cow 0.0404 317 174 375 211
cow 0.0397 234 175 297 208
cow 0.0395 201 160 257 182
cow 0.0389 237 166 258 180
cow 0.0386 277 179 295 203
cow 0.0383 396 178 425 202
cow 0.0379 322 151 407 221
cow 0.0379 225 162 266 188
cow 0.0378 395 146 431 208
cow 0.0377 249 172 263 188
cow 0.0377 342 175 370 198
cow 0.0373 246 167 265 183
cow 0.0370 217 162 249 175
cow 0.0367 223 168 253 188
cow 0.0361 224 170 249 200
cow 0.0355 185 181 217 205
cow 0.0350 305 177 326 207
cow 0.0350 232 162 263 176
cow 0.0348 184 154 249 196
cow 0.0348 392 182 412 204
cow 0.0341 265 170 322 209
cow 0.0337 363 175 407 194
cow 0.0324 221 164 244 179
cow 0.0316 337 167 364 215
cow 0.0314 438 139 489 217
cow 0.0312 341 168 403 203
cow 0.0311 252 173 275 196
cow 0.0309 321 175 342 208
cow 0.0309 371 158 418 210
cow 0.0299 144 170 279 212
cow 0.0297 401 182 418 211
cow 0.0290 405 185 417 197
cow 0.0283 310 173 337 205
cow 0.0282 395 182 413 194
cow 0.0282 191 167 212 180
cow 0.0281 188 171 206 186
cow 0.0281 378 155 448 211
cow 0.0280 187 159 325 214
cow 0.0276 254 171 268 189
cow 0.0275 469 156 482 199
cow 0.0273 269 180 290 201
cow 0.0271 257 176 293 204
cow 0.0270 233 165 245 177
cow 0.0269 474 183 498 214
cow 0.0267 356 146 472 221
cow 0.0259 207 170 236 201
cow 0.0258 304 136 354 212
cow 0.0257 281 146 374 220
cow 0.0255 424 191 459 216
cow 0.0255 244 147 347 217
cow 0.0255 246 159 295 202
cow 0.0251 348 167 405 188
cow 0.0250 432 184 449 203
cow 0.0249 353 169 389 182
cow 0.0247 239 170 255 185
cow 0.0246 181 174 198 191
cow 0.0244 319 165 355 218
cow 0.0243 398 136 492 222
cow 0.0241 252 180 280 205
cow 0.0240 394 174 437 220
cow 0.0237 410 182 428 194
cow 0.0235 447 166 474 206
cow 0.0227 429 170 494 255
cow 0.0227 354 171 478 243
cow 0.0226 284 163 331 212
cow 0.0224 199 163 233 175
cow 0.0223 206 161 250 207
cow 0.0222 396 186 410 199
cow 0.0219 381 178 415 212
cow 0.0218 243 170 271 188
cow 0.0215 290 181 310 204
cow 0.0215 257 171 275 188
cow 0.0213 458 190 496 264
cow 0.0212 227 163 243 173
cow 0.0206 212 165 235 179
cow 0.0205 269 177 288 193
cow 0.0205 459 168 475 199
cow 0.0204 350 171 377 186
cow 0.0200 461 186 483 218
cow 0.0200 180 166 211 190
motorbike 0.0474 7 0 176 324
motorbike 0.0368 0 6 462 397
person 0.1281 0 0 233 397
person 0.1104 3 0 500 379
person 0.0215 42 0 264 229
pottedplant 0.0433 396 136 427 199
pottedplant 0.0429 471 157 496 210
pottedplant 0.0420 300 135 347 204
pottedplant 0.0386 348 194 438 332
pottedplant 0.0375 162 184 254 317
pottedplant 0.0374 374 198 479 339
pottedplant 0.0364 458 137 495 214
pottedplant 0.0335 415 197 495 364
pottedplant 0.0333 325 194 401 332
pottedplant 0.0323 181 216 236 283
pottedplant 0.0306 312 152 346 195
pottedplant 0.0296 59 181 272 352
pottedplant 0.0294 302 196 489 375
pottedplant 0.0291 123 188 229 323
pottedplant 0.0290 281 196 372 335
pottedplant 0.0284 399 140 421 182
pottedplant 0.0277 446 172 500 211
pottedplant 0.0271 148 163 271 211
pottedplant 0.0269 109 177 264 244
pottedplant 0.0263 101 192 268 280
pottedplant 0.0261 181 168 270 249
pottedplant 0.0261 326 118 391 222
pottedplant 0.0256 309 108 355 183
pottedplant 0.0256 97 187 189 324
pottedplant 0.0251 346 120 425 223
pottedplant 0.0233 407 148 425 188
pottedplant 0.0230 222 189 302 325
pottedplant 0.0226 22 176 211 309
pottedplant 0.0225 404 138 444 207
pottedplant 0.0225 144 207 240 289
pottedplant 0.0225 186 195 272 357
pottedplant 0.0224 255 203 346 356
pottedplant 0.0223 198 206 248 281
pottedplant 0.0223 186 132 281 203
pottedplant 0.0222 186 191 360 324
pottedplant 0.0221 314 136 347 181
pottedplant 0.0216 195 199 417 375
pottedplant 0.0211 483 156 500 210
pottedplant 0.0209 462 206 497 298
pottedplant 0.0208 395 140 413 175
pottedplant 0.0201 60 173 150 307
pottedplant 0.0200 407 172 418 190
train 0.0691 1 0 326 397
