aeroplane 0.0434 0 19 484 328
aeroplane 0.0317 148 112 440 329
bottle 0.2012 225 212 253 256
bottle 0.0762 451 32 465 59
bottle 0.0745 434 29 447 64
bottle 0.0718 165 220 202 284
bottle 0.0618 159 232 175 269
bottle 0.0617 427 32 440 66
bottle 0.0597 418 37 432 68
bottle 0.0509 414 37 426 70
bottle 0.0507 227 212 256 237
bottle 0.0465 441 32 455 61
bottle 0.0455 218 210 259 273
bottle 0.0439 346 184 362 208
bottle 0.0428 180 224 203 275
bottle 0.0373 159 227 189 270
bottle 0.0360 234 216 264 256
bottle 0.0348 357 136 404 197
bottle 0.0289 428 26 453 66
bottle 0.0289 244 216 263 246
bottle 0.0269 353 148 390 205
bottle 0.0251 435 31 464 63
bottle 0.0251 178 253 205 309
bottle 0.0249 355 158 373 189
bottle 0.0247 176 229 197 264
bottle 0.0245 421 28 445 69
bottle 0.0242 59 127 72 168
bottle 0.0236 222 215 248 244
bottle 0.0223 189 232 205 263
bottle 0.0222 357 142 384 187
bottle 0.0215 352 167 373 200
bottle 0.0213 251 226 270 255
bottle 0.0208 238 214 265 235
bottle 0.0206 454 37 464 52
car 0.0434 442 178 458 201
car 0.0430 454 166 497 220
car 0.0343 423 174 496 227
car 0.0318 441 176 476 201
car 0.0315 415 194 435 218
car 0.0308 455 191 497 213
car 0.0307 440 173 497 203
car 0.0287 446 176 463 198
car 0.0257 447 185 499 207
car 0.0222 408 194 429 221
car 0.0220 455 194 487 209
car 0.0219 447 187 468 202
car 0.0219 452 186 499 233
car 0.0213 455 190 494 204
chair 0.3321 136 196 165 272
chair 0.2798 288 226 428 330
chair 0.2769 134 187 198 313
chair 0.2223 281 280 424 333
chair 0.1943 134 235 217 326
chair 0.1888 346 193 420 333
chair 0.1753 0 270 25 334
chair 0.1615 279 304 409 331
chair 0.1469 134 193 158 245
chair 0.1395 122 194 160 281
chair 0.1277 284 310 372 333
chair 0.1056 204 242 417 334
chair 0.0945 141 196 162 237
chair 0.0940 142 191 183 271
chair 0.0897 141 220 161 268
chair 0.0873 335 254 414 333
chair 0.0872 321 309 421 333
chair 0.0813 0 269 51 333
chair 0.0811 142 202 170 255
chair 0.0754 310 265 468 331
chair 0.0751 166 231 302 326
chair 0.0738 156 193 201 282
chair 0.0714 245 215 367 319
chair 0.0694 146 221 169 270
chair 0.0686 132 193 145 232
chair 0.0676 129 195 150 252
chair 0.0667 2 247 74 331
chair 0.0649 114 195 146 260
chair 0.0622 154 219 182 273
chair 0.0595 149 200 168 235
chair 0.0591 329 281 384 334
chair 0.0566 187 269 303 333
chair 0.0559 175 254 208 318
chair 0.0553 206 287 401 332
chair 0.0552 358 216 454 334
chair 0.0549 126 285 225 326
chair 0.0548 148 257 262 331
chair 0.0533 159 230 176 267
chair 0.0522 367 274 421 334
chair 0.0519 152 181 185 248
chair 0.0496 187 267 221 321
chair 0.0494 313 210 394 322
chair 0.0491 242 304 356 331
chair 0.0487 106 189 169 306
chair 0.0486 293 259 392 326
chair 0.0485 281 186 357 240
chair 0.0485 411 213 491 329
chair 0.0483 307 285 368 334
chair 0.0474 154 219 203 314
chair 0.0467 134 194 156 221
chair 0.0463 316 300 472 334
chair 0.0449 201 301 313 332
chair 0.0443 191 212 261 331
chair 0.0435 12 278 40 332
chair 0.0434 336 186 358 209
chair 0.0430 277 291 353 330
chair 0.0429 331 186 350 208
chair 0.0424 12 182 82 325
chair 0.0415 138 233 155 269
chair 0.0412 0 271 24 298
chair 0.0402 157 225 201 271
chair 0.0399 333 194 367 248
chair 0.0399 136 209 156 262
chair 0.0396 162 211 237 319
chair 0.0392 333 316 391 333
chair 0.0387 379 271 491 334
chair 0.0386 312 177 358 232
chair 0.0385 182 255 232 331
chair 0.0385 113 216 155 297
chair 0.0384 155 204 180 254
chair 0.0382 26 270 76 332
chair 0.0382 103 192 139 253
chair 0.0377 131 304 215 326
chair 0.0375 276 217 360 248
chair 0.0370 209 310 403 334
chair 0.0357 0 251 26 311
chair 0.0357 5 291 28 333
chair 0.0355 160 212 189 264
chair 0.0353 149 262 208 327
chair 0.0343 377 229 419 321
chair 0.0342 331 175 359 211
chair 0.0341 266 237 405 304
chair 0.0341 320 183 344 211
chair 0.0337 84 175 145 311
chair 0.0337 209 211 255 296
chair 0.0337 166 276 216 319
chair 0.0335 172 213 198 265
chair 0.0333 283 188 301 215
chair 0.0331 405 301 493 333
chair 0.0328 111 299 238 334
chair 0.0325 346 188 363 210
chair 0.0325 341 291 405 334
chair 0.0320 132 219 160 294
chair 0.0313 33 186 113 322
chair 0.0309 361 235 407 321
chair 0.0302 210 243 274 331
chair 0.0299 0 222 44 328
chair 0.0298 305 314 352 334
chair 0.0298 195 287 275 331
chair 0.0298 246 271 355 334
chair 0.0296 198 280 218 314
chair 0.0296 122 206 186 293
chair 0.0294 306 188 341 235
chair 0.0293 374 309 421 333
chair 0.0293 131 194 144 216
chair 0.0292 146 224 175 300
chair 0.0292 388 258 432 332
chair 0.0291 406 250 465 333
chair 0.0290 203 268 248 329
chair 0.0289 232 208 351 246
chair 0.0289 40 286 81 334
chair 0.0286 347 244 496 324
chair 0.0286 125 198 139 239
chair 0.0285 281 185 318 227
chair 0.0282 114 316 231 334
chair 0.0281 286 212 343 241
chair 0.0278 330 191 364 212
chair 0.0278 345 246 391 317
chair 0.0276 330 181 364 228
chair 0.0275 336 302 380 334
chair 0.0274 270 214 389 281
chair 0.0273 86 194 121 257
chair 0.0272 86 262 206 328
chair 0.0271 57 195 191 324
chair 0.0269 130 216 149 269
chair 0.0269 394 305 443 334
chair 0.0265 387 214 432 315
chair 0.0261 172 216 210 294
chair 0.0260 313 195 349 246
chair 0.0260 9 270 170 330
chair 0.0259 104 252 157 298
chair 0.0256 98 233 141 297
chair 0.0255 202 267 224 312
chair 0.0254 14 217 154 328
chair 0.0253 5 297 64 334
chair 0.0252 315 186 337 219
chair 0.0252 422 278 476 334
chair 0.0252 0 307 22 334
chair 0.0250 457 275 498 334
chair 0.0250 0 285 15 334
chair 0.0249 113 255 347 334
chair 0.0249 136 306 188 321
chair 0.0247 132 300 372 334
chair 0.0245 157 201 177 234
chair 0.0244 408 293 455 334
chair 0.0244 50 214 88 312
chair 0.0243 375 289 440 332
chair 0.0243 132 241 143 266
chair 0.0240 144 194 163 220
chair 0.0240 94 226 186 309
chair 0.0239 282 198 337 235
chair 0.0239 256 223 372 261
chair 0.0239 68 230 97 303
chair 0.0238 0 101 102 334
chair 0.0238 245 282 298 334
chair 0.0236 281 187 294 217
chair 0.0235 332 223 407 299
chair 0.0234 128 212 143 256
chair 0.0232 50 266 87 330
chair 0.0231 266 281 318 334
chair 0.0228 136 294 201 323
chair 0.0228 26 230 95 332
chair 0.0228 406 222 450 311
chair 0.0224 438 267 487 332
chair 0.0224 148 236 170 263
chair 0.0223 336 309 364 334
chair 0.0223 137 215 164 245
chair 0.0223 476 287 500 334
chair 0.0223 121 207 138 252
chair 0.0222 32 205 80 310
chair 0.0220 130 245 170 315
chair 0.0220 310 193 380 250
chair 0.0219 305 297 395 326
chair 0.0218 286 195 312 222
chair 0.0218 282 315 340 333
chair 0.0218 327 207 381 289
chair 0.0217 340 189 365 220
chair 0.0216 59 233 247 334
chair 0.0214 319 188 343 228
chair 0.0214 169 288 218 334
chair 0.0214 195 284 226 330
chair 0.0214 191 240 222 308
chair 0.0213 286 188 342 222
chair 0.0213 0 255 20 288
chair 0.0213 163 224 184 257
chair 0.0213 395 313 421 334
chair 0.0212 151 303 274 330
chair 0.0212 145 212 171 238
chair 0.0210 321 212 371 251
chair 0.0210 78 205 128 303
chair 0.0210 39 240 76 316
chair 0.0210 309 177 342 216
chair 0.0210 68 201 94 268
chair 0.0209 323 254 385 303
chair 0.0209 123 276 188 320
chair 0.0209 187 277 210 315
chair 0.0208 177 223 196 258
chair 0.0208 317 211 344 244
chair 0.0206 94 180 153 265
chair 0.0206 0 319 41 333
chair 0.0206 95 284 184 330
chair 0.0202 398 317 455 334
chair 0.0202 406 236 430 305
chair 0.0201 326 310 355 334
chair 0.0200 229 274 283 332
chair 0.0200 82 236 116 300
diningtable 0.2421 156 221 422 329
diningtable 0.1057 136 198 276 329
diningtable 0.1007 174 275 397 330
diningtable 0.0741 143 246 347 324
diningtable 0.0677 247 214 497 331
diningtable 0.0627 148 208 350 300
diningtable 0.0560 224 209 382 281
diningtable 0.0543 69 261 409 334
diningtable 0.0383 221 214 359 257
diningtable 0.0353 109 248 248 322
diningtable 0.0350 260 170 414 301
diningtable 0.0348 99 172 227 324
diningtable 0.0322 116 296 411 334
diningtable 0.0318 41 230 268 328
diningtable 0.0299 68 273 238 329
diningtable 0.0275 220 214 295 262
diningtable 0.0263 164 164 388 312
diningtable 0.0251 160 211 247 306
diningtable 0.0244 36 254 203 319
diningtable 0.0243 63 181 183 317
diningtable 0.0233 213 215 322 288
diningtable 0.0225 183 187 380 266
diningtable 0.0223 299 176 397 252
diningtable 0.0222 22 200 457 334
diningtable 0.0206 0 264 101 329
diningtable 0.0202 104 187 178 262
person 0.5750 348 122 420 332
person 0.5415 141 176 209 326
person 0.3884 159 152 197 262
person 0.2572 293 202 426 334
person 0.2321 355 129 413 241
person 0.1687 300 134 465 325
person 0.1282 124 178 185 319
person 0.0925 224 212 253 247
person 0.0912 336 122 401 273
person 0.0892 364 131 448 298
person 0.0866 147 149 433 329
person 0.0819 187 202 261 323
person 0.0782 382 127 495 323
person 0.0759 358 177 411 319
person 0.0706 285 152 402 312
person 0.0686 158 216 212 317
person 0.0638 365 153 417 278
person 0.0590 157 222 199 287
person 0.0590 63 0 500 334
person 0.0584 411 187 490 324
person 0.0582 157 145 223 294
person 0.0581 462 194 483 219
person 0.0581 324 183 340 209
person 0.0563 354 128 413 182
person 0.0560 137 128 256 320
person 0.0557 470 193 492 219
person 0.0554 405 174 417 206
person 0.0553 160 149 193 211
person 0.0544 225 161 237 183
person 0.0538 94 109 221 332
person 0.0536 318 186 332 209
person 0.0524 458 195 473 223
person 0.0520 162 165 191 238
person 0.0517 367 134 418 207
person 0.0472 231 160 244 182
person 0.0468 481 190 498 220
person 0.0467 354 124 460 226
person 0.0466 131 167 172 261
person 0.0465 222 193 500 334
person 0.0465 409 124 500 246
person 0.0431 173 235 206 312
person 0.0418 407 173 423 200
person 0.0415 349 135 399 209
person 0.0412 383 135 436 223
person 0.0411 397 173 409 207
person 0.0409 323 164 418 291
person 0.0405 219 210 261 262
person 0.0394 131 146 208 271
person 0.0389 296 139 371 260
person 0.0388 167 152 205 227
person 0.0377 222 212 248 233
person 0.0375 442 181 457 206
person 0.0372 401 172 421 215
person 0.0371 378 190 436 319
person 0.0371 158 237 176 272
person 0.0368 408 179 424 213
person 0.0361 334 169 357 209
person 0.0358 450 199 464 224
person 0.0356 441 193 456 221
person 0.0350 220 160 230 183
person 0.0344 281 186 294 215
person 0.0341 454 185 480 219
person 0.0339 465 178 496 215
person 0.0335 159 230 189 275
person 0.0331 153 228 184 304
person 0.0324 471 187 500 231
person 0.0323 192 161 264 284
person 0.0315 238 162 251 181
person 0.0313 236 168 372 298
person 0.0311 400 157 432 222
person 0.0307 311 185 325 209
person 0.0305 458 188 474 208
person 0.0304 396 139 425 205
person 0.0303 478 172 499 218
person 0.0302 385 168 409 235
person 0.0298 408 193 428 219
person 0.0296 415 192 435 216
person 0.0296 318 125 411 205
person 0.0295 220 216 288 251
person 0.0295 220 148 239 183
person 0.0293 268 50 500 334
person 0.0287 389 171 404 211
person 0.0282 73 135 156 313
person 0.0281 388 159 414 214
person 0.0278 448 185 463 205
person 0.0276 406 144 444 211
person 0.0273 330 181 367 245
person 0.0272 435 194 449 220
person 0.0272 271 126 403 242
person 0.0269 258 149 349 245
person 0.0269 297 187 318 212
person 0.0268 417 182 431 203
person 0.0268 226 150 246 182
person 0.0268 447 177 487 222
person 0.0268 273 167 281 181
person 0.0267 405 160 427 201
person 0.0267 444 190 469 223
person 0.0266 360 180 398 258
person 0.0264 169 184 194 245
person 0.0259 448 192 464 215
person 0.0258 440 184 450 201
person 0.0257 0 0 276 334
person 0.0254 61 121 350 327
person 0.0253 438 182 459 218
person 0.0253 268 165 277 180
person 0.0251 390 128 433 184
person 0.0247 159 150 192 180
person 0.0247 289 162 300 183
person 0.0246 211 202 317 303
person 0.0243 422 193 442 219
person 0.0243 404 177 444 228
person 0.0232 214 143 232 183
person 0.0231 369 170 405 243
person 0.0231 267 161 276 177
person 0.0230 182 215 237 305
person 0.0230 403 189 422 220
person 0.0229 429 185 440 202
person 0.0227 155 185 181 235
person 0.0227 488 188 500 223
person 0.0226 401 184 432 246
person 0.0224 333 100 500 246
person 0.0222 326 158 374 235
person 0.0222 410 175 434 210
person 0.0220 230 212 265 239
person 0.0218 441 178 467 211
person 0.0217 427 189 441 211
person 0.0215 107 134 175 263
person 0.0213 461 181 484 204
person 0.0212 391 172 416 204
person 0.0211 217 145 305 248
person 0.0211 389 171 434 262
person 0.0208 317 180 331 201
person 0.0208 457 191 494 231
person 0.0206 183 225 210 288
person 0.0205 246 162 259 180
person 0.0203 195 144 231 194
person 0.0201 171 188 209 267
person 0.0201 171 153 194 187
person 0.0200 183 121 363 304
person 0.0200 59 0 114 54
pottedplant 0.1949 303 153 327 178
pottedplant 0.1389 324 155 340 178
pottedplant 0.1352 313 154 333 178
pottedplant 0.1062 297 148 337 181
pottedplant 0.0960 330 161 345 179
pottedplant 0.0857 295 152 308 179
pottedplant 0.0569 311 144 346 181
pottedplant 0.0491 292 162 301 179
pottedplant 0.0483 292 138 348 176
pottedplant 0.0470 341 163 353 179
pottedplant 0.0470 305 153 339 169
pottedplant 0.0465 332 172 351 208
pottedplant 0.0426 297 160 325 180
pottedplant 0.0408 299 153 317 172
pottedplant 0.0389 326 159 350 190
pottedplant 0.0383 318 155 334 171
pottedplant 0.0368 315 153 348 197
pottedplant 0.0363 310 166 342 180
pottedplant 0.0354 325 160 355 207
pottedplant 0.0350 327 151 347 180
pottedplant 0.0347 292 145 321 183
pottedplant 0.0333 295 160 343 202
pottedplant 0.0315 339 166 356 199
pottedplant 0.0308 69 218 78 252
pottedplant 0.0307 322 167 350 180
pottedplant 0.0307 329 156 346 173
pottedplant 0.0306 294 160 305 175
pottedplant 0.0305 286 151 303 181
pottedplant 0.0300 325 174 341 204
pottedplant 0.0295 18 108 132 329
pottedplant 0.0293 325 166 341 192
pottedplant 0.0276 286 135 354 209
pottedplant 0.0261 334 155 355 180
pottedplant 0.0257 284 166 292 178
pottedplant 0.0246 293 163 313 181
pottedplant 0.0234 307 165 326 187
pottedplant 0.0233 42 136 113 308
pottedplant 0.0227 13 120 78 302
pottedplant 0.0220 60 215 77 263
pottedplant 0.0213 280 137 306 185
pottedplant 0.0210 212 215 257 264
pottedplant 0.0209 323 151 342 166
pottedplant 0.0207 310 161 337 195
pottedplant 0.0201 317 169 332 189
sofa 0.0419 284 179 354 239
sofa 0.0408 110 178 231 323
sofa 0.0400 126 173 204 273
train 0.0301 0 0 444 319
tvmonitor 0.0773 292 138 343 177
tvmonitor 0.0637 332 177 351 208
tvmonitor 0.0487 323 186 345 207
tvmonitor 0.0481 334 190 359 209
tvmonitor 0.0476 444 172 499 210
tvmonitor 0.0475 315 175 358 209
tvmonitor 0.0466 281 180 356 234
tvmonitor 0.0452 460 189 498 222
tvmonitor 0.0451 28 125 79 235
tvmonitor 0.0441 282 179 331 212
tvmonitor 0.0428 282 187 300 214
tvmonitor 0.0424 46 126 73 187
tvmonitor 0.0394 460 193 488 214
tvmonitor 0.0380 319 187 337 207
tvmonitor 0.0379 287 188 309 213
tvmonitor 0.0364 284 161 355 205
tvmonitor 0.0341 48 127 84 219
tvmonitor 0.0339 293 174 346 219
tvmonitor 0.0329 296 155 333 198
tvmonitor 0.0290 310 186 329 206
tvmonitor 0.0289 295 185 322 207
tvmonitor 0.0282 287 156 351 182
tvmonitor 0.0261 285 125 358 180
tvmonitor 0.0260 286 183 317 203
tvmonitor 0.0259 450 180 479 200
tvmonitor 0.0257 291 181 344 202
tvmonitor 0.0257 57 127 74 175
tvmonitor 0.0255 302 177 328 208
tvmonitor 0.0251 278 181 308 218
tvmonitor 0.0250 421 135 496 222
tvmonitor 0.0247 342 186 362 207
tvmonitor 0.0244 439 188 483 223
tvmonitor 0.0242 418 0 499 86
tvmonitor 0.0233 293 183 328 199
tvmonitor 0.0231 466 167 498 207
tvmonitor 0.0229 454 188 480 204
tvmonitor 0.0228 233 127 376 235
tvmonitor 0.0226 442 176 468 204
tvmonitor 0.0223 466 188 495 209
tvmonitor 0.0220 312 170 338 204
tvmonitor 0.0216 24 128 65 206
tvmonitor 0.0215 281 150 378 217
tvmonitor 0.0212 419 195 444 218
tvmonitor 0.0210 313 190 351 209
tvmonitor 0.0207 5 105 89 325
tvmonitor 0.0206 55 126 68 168
tvmonitor 0.0201 311 130 409 187
tvmonitor 0.0200 454 138 498 207
