aeroplane 0.0470 48 78 367 419
bird 0.0376 84 0 337 450
boat 0.1454 93 114 315 419
boat 0.0386 99 124 313 273
boat 0.0260 141 130 293 214
boat 0.0259 145 143 263 190
boat 0.0228 55 31 226 389
boat 0.0213 0 56 375 412
bus 0.7781 94 142 304 394
bus 0.0861 3 164 60 384
bus 0.0818 90 160 178 378
bus 0.0741 18 168 90 384
bus 0.0703 189 160 303 386
bus 0.0558 80 184 145 380
bus 0.0500 49 169 109 379
bus 0.0435 0 150 37 418
bus 0.0428 102 304 294 401
bus 0.0386 227 224 300 394
bus 0.0303 79 240 92 276
bus 0.0275 77 220 93 282
bus 0.0274 86 142 172 283
bus 0.0273 249 212 347 384
bus 0.0262 16 103 126 390
bus 0.0250 90 137 234 325
bus 0.0232 100 177 219 269
bus 0.0227 291 197 354 367
bus 0.0226 81 239 257 392
bus 0.0224 164 138 305 302
bus 0.0224 227 168 309 318
bus 0.0222 263 238 309 388
bus 0.0215 169 194 222 270
bus 0.0201 285 244 335 380
car 0.7103 331 256 374 382
car 0.1539 326 250 369 318
car 0.1319 327 258 356 298
car 0.1246 299 249 323 269
car 0.1202 298 249 330 303
car 0.1111 315 253 350 303
car 0.1065 300 252 343 317
car 0.0972 322 256 353 353
car 0.0860 233 223 257 267
car 0.0838 302 252 369 361
car 0.0734 326 266 349 310
car 0.0696 346 258 374 285
car 0.0678 299 245 323 287
car 0.0654 348 253 374 274
car 0.0631 324 258 343 300
car 0.0624 296 250 336 355
car 0.0609 0 159 40 383
car 0.0609 334 258 364 284
car 0.0601 338 252 375 299
car 0.0582 307 250 326 273
car 0.0540 312 245 359 332
car 0.0538 330 275 360 365
car 0.0522 312 252 334 270
car 0.0497 337 265 357 302
car 0.0476 332 254 356 273
car 0.0451 310 256 327 302
car 0.0449 231 225 255 249
car 0.0445 320 253 344 271
car 0.0440 339 254 364 272
car 0.0437 329 255 347 279
car 0.0414 348 258 373 323
car 0.0411 346 261 363 295
car 0.0410 317 240 373 285
car 0.0409 302 247 315 267
car 0.0398 321 313 373 382
car 0.0386 310 251 338 295
car 0.0385 305 249 341 275
car 0.0384 288 336 303 372
car 0.0382 0 176 36 303
car 0.0379 328 280 346 332
car 0.0370 1 170 14 229
car 0.0369 354 256 369 278
car 0.0363 360 256 375 300
car 0.0360 350 246 373 263
car 0.0353 332 277 362 303
car 0.0351 297 246 350 284
car 0.0345 331 275 352 321
car 0.0338 324 252 352 286
car 0.0334 352 285 375 384
car 0.0329 360 251 374 280
car 0.0328 295 239 328 276
car 0.0326 340 260 356 289
car 0.0318 232 226 274 273
car 0.0314 348 359 373 383
car 0.0312 307 250 318 267
car 0.0309 355 249 369 269
car 0.0305 305 245 320 263
car 0.0304 333 270 375 308
car 0.0299 227 196 287 270
car 0.0293 272 285 302 379
car 0.0286 326 286 353 313
car 0.0285 342 241 375 269
car 0.0282 180 222 223 272
car 0.0281 341 257 359 276
car 0.0274 231 245 258 271
car 0.0266 335 259 350 283
car 0.0262 302 288 338 370
car 0.0261 361 237 373 264
car 0.0259 0 151 17 247
car 0.0257 175 229 191 270
car 0.0255 0 153 33 253
car 0.0250 329 295 345 356
car 0.0244 172 196 273 271
car 0.0238 314 249 334 263
car 0.0236 193 221 221 260
car 0.0235 201 221 260 266
car 0.0233 286 351 307 373
car 0.0233 349 332 374 383
car 0.0231 173 222 204 270
car 0.0230 332 292 351 343
car 0.0229 303 240 324 259
car 0.0228 225 216 264 253
car 0.0227 356 242 369 262
car 0.0220 332 281 364 330
car 0.0210 326 256 338 281
car 0.0206 327 297 338 342
car 0.0205 285 264 310 370
chair 0.0214 330 300 358 379
person 0.0991 235 222 257 256
person 0.0696 312 250 326 293
person 0.0541 361 319 374 384
person 0.0513 233 217 269 265
person 0.0507 231 225 250 266
person 0.0471 244 220 260 258
person 0.0448 347 295 375 385
person 0.0395 241 224 255 246
person 0.0358 353 333 370 382
person 0.0335 240 221 278 253
person 0.0326 266 218 279 250
person 0.0323 174 232 186 270
person 0.0320 227 216 255 271
person 0.0310 238 221 263 244
person 0.0309 314 251 324 268
person 0.0308 254 215 267 250
person 0.0306 255 205 279 255
person 0.0303 259 216 275 250
person 0.0303 245 213 285 262
person 0.0299 231 223 251 245
person 0.0290 205 224 221 258
person 0.0287 0 0 91 246
person 0.0273 317 251 330 279
person 0.0270 355 154 367 173
person 0.0258 0 376 29 461
person 0.0249 250 217 273 269
person 0.0247 180 225 197 267
person 0.0245 250 220 260 243
person 0.0245 196 223 220 270
person 0.0237 226 226 241 266
person 0.0234 253 223 281 249
person 0.0232 189 223 203 260
person 0.0231 237 221 253 241
person 0.0229 0 384 12 453
person 0.0228 195 222 211 259
person 0.0227 241 205 264 251
person 0.0222 271 219 283 249
person 0.0212 184 216 208 266
person 0.0211 1 152 14 221
person 0.0206 230 214 258 247
person 0.0205 231 196 282 251
person 0.0204 176 208 217 274
person 0.0201 193 233 212 273
pottedplant 0.0302 25 0 133 335
pottedplant 0.0290 37 0 257 424
pottedplant 0.0280 16 0 105 158
pottedplant 0.0265 0 0 99 81
pottedplant 0.0230 3 18 87 215
pottedplant 0.0220 0 0 168 479
train 0.1475 76 247 94 280
train 0.1286 75 114 334 384
train 0.0920 0 150 70 398
train 0.0453 94 127 306 288
train 0.0397 84 251 312 399
train 0.0383 49 157 235 375
train 0.0341 296 248 353 342
train 0.0338 0 160 47 341
train 0.0322 297 230 373 316
train 0.0309 14 54 254 406
train 0.0302 17 187 97 380
train 0.0289 3 33 102 396
train 0.0289 230 191 293 272
train 0.0246 126 128 269 211
train 0.0242 172 186 286 268
train 0.0241 231 184 297 336
train 0.0234 295 230 330 312
train 0.0217 147 200 342 392
train 0.0207 271 210 370 386
train 0.0202 293 233 331 272
