bicycle 0.0336 74 150 125 200
bird 0.0258 265 181 297 245
boat 0.0253 0 0 489 204
boat 0.0203 52 12 309 281
bus 0.0564 0 0 494 332
car 0.0413 0 0 500 332
car 0.0318 66 287 124 300
car 0.0238 88 114 123 130
cow 0.0644 91 286 130 300
cow 0.0301 67 285 135 302
cow 0.0253 107 287 137 300
horse 0.7602 148 128 303 274
horse 0.6194 350 170 414 215
horse 0.5981 74 151 129 234
horse 0.4997 282 139 370 239
horse 0.3850 341 148 399 214
horse 0.3828 306 140 396 222
horse 0.3722 214 132 370 259
horse 0.3623 261 122 336 238
horse 0.2212 265 146 310 240
horse 0.2054 221 114 299 248
horse 0.2007 144 143 214 264
horse 0.1808 277 162 307 206
horse 0.1609 192 118 257 241
horse 0.1336 137 115 245 257
horse 0.1295 295 161 344 245
horse 0.0912 281 156 324 238
horse 0.0807 45 127 341 285
horse 0.0800 248 120 403 229
horse 0.0741 241 146 304 265
horse 0.0724 66 135 147 257
horse 0.0712 290 152 352 208
horse 0.0676 332 137 425 239
horse 0.0635 371 179 404 210
horse 0.0611 87 137 206 248
horse 0.0608 203 143 281 276
horse 0.0550 254 161 306 219
horse 0.0550 46 162 135 245
horse 0.0549 258 130 319 204
horse 0.0547 178 138 344 218
horse 0.0544 365 173 415 200
horse 0.0537 337 162 380 207
horse 0.0491 153 148 206 225
horse 0.0490 82 175 114 235
horse 0.0465 130 117 387 232
horse 0.0441 353 167 392 205
horse 0.0423 141 85 379 316
horse 0.0407 257 145 375 204
horse 0.0378 65 158 118 212
horse 0.0362 143 166 193 242
horse 0.0356 259 166 355 272
horse 0.0351 156 160 291 235
horse 0.0349 181 139 236 245
horse 0.0342 303 167 378 205
horse 0.0341 249 174 303 240
horse 0.0336 115 159 193 264
horse 0.0312 325 158 358 209
horse 0.0304 292 167 413 240
horse 0.0286 152 132 249 214
horse 0.0278 225 149 332 208
horse 0.0275 105 164 134 224
horse 0.0274 271 173 300 206
horse 0.0270 172 172 327 255
horse 0.0269 281 163 330 204
horse 0.0256 277 185 332 248
horse 0.0254 310 130 438 279
horse 0.0251 170 193 278 274
horse 0.0239 81 161 133 209
horse 0.0233 75 170 104 227
horse 0.0230 173 159 216 237
horse 0.0228 85 170 155 239
horse 0.0216 28 127 143 290
horse 0.0211 357 152 422 206
horse 0.0208 367 182 426 213
horse 0.0207 313 148 368 195
horse 0.0201 140 154 195 209
person 0.8161 76 115 126 207
person 0.5144 203 73 251 218
person 0.3749 271 104 315 208
person 0.3695 181 98 280 254
person 0.2702 285 102 319 171
person 0.2601 241 110 312 218
person 0.2553 207 113 246 203
person 0.2241 341 141 389 212
person 0.2148 225 88 291 217
person 0.2127 270 145 308 219
person 0.1763 211 73 249 151
person 0.1742 286 103 314 142
person 0.1703 367 155 387 192
person 0.1642 358 153 385 202
person 0.1526 362 163 395 208
person 0.1479 276 161 306 205
person 0.1434 206 113 267 238
person 0.1316 184 120 248 233
person 0.1192 254 132 303 206
person 0.1109 283 123 355 223
person 0.0998 62 108 141 228
person 0.0982 311 140 365 208
person 0.0927 257 156 302 231
person 0.0923 350 160 380 208
person 0.0809 362 152 382 185
person 0.0796 200 132 234 205
person 0.0778 164 67 253 235
person 0.0764 371 172 411 207
person 0.0737 287 161 309 197
person 0.0719 0 0 500 293
person 0.0698 0 0 242 332
person 0.0686 294 142 345 211
person 0.0678 281 130 312 200
person 0.0677 216 90 253 188
person 0.0667 340 153 374 203
person 0.0651 308 120 322 157
person 0.0621 268 102 317 148
person 0.0621 352 174 374 211
person 0.0612 372 167 397 196
person 0.0587 349 143 378 192
person 0.0584 247 103 312 170
person 0.0580 306 113 324 142
person 0.0577 283 103 308 126
person 0.0573 81 115 116 168
person 0.0566 334 171 360 203
person 0.0565 299 112 318 152
person 0.0557 281 108 308 162
person 0.0543 293 111 320 137
person 0.0543 300 116 324 169
person 0.0534 234 223 262 278
person 0.0531 230 172 283 277
person 0.0525 166 138 220 225
person 0.0505 294 113 334 193
person 0.0504 48 105 118 206
person 0.0487 374 179 401 213
person 0.0486 330 133 375 197
person 0.0481 214 73 244 114
person 0.0478 74 147 112 204
person 0.0474 373 157 392 183
person 0.0467 201 60 326 234
person 0.0466 343 172 369 209
person 0.0465 270 118 306 182
person 0.0464 329 167 351 197
person 0.0462 228 146 293 243
person 0.0460 140 104 221 228
person 0.0450 112 169 132 202
person 0.0442 232 140 283 206
person 0.0441 215 139 258 217
person 0.0438 382 171 407 194
person 0.0435 383 180 414 211
person 0.0426 358 180 382 214
person 0.0426 184 190 200 228
person 0.0415 295 164 316 197
person 0.0413 273 160 300 191
person 0.0405 286 103 323 120
person 0.0393 389 174 414 199
person 0.0386 86 152 130 210
person 0.0382 365 153 418 212
person 0.0378 370 153 386 177
person 0.0371 289 104 332 153
person 0.0359 400 166 410 179
person 0.0356 302 105 326 135
person 0.0351 360 152 401 193
person 0.0349 214 134 243 191
person 0.0346 335 158 360 192
person 0.0342 387 168 404 186
person 0.0341 152 174 201 266
person 0.0339 394 172 412 192
person 0.0339 399 169 411 184
person 0.0332 300 178 333 248
person 0.0332 290 117 312 161
person 0.0331 76 161 99 194
person 0.0330 192 145 224 208
person 0.0330 391 166 402 179
person 0.0327 316 111 396 217
person 0.0326 187 191 208 221
person 0.0326 227 194 265 276
person 0.0320 338 168 370 193
person 0.0315 307 165 328 195
person 0.0313 267 163 297 207
person 0.0308 224 131 252 186
person 0.0307 251 183 292 265
person 0.0300 87 121 161 233
person 0.0299 346 142 367 177
person 0.0297 276 102 307 136
person 0.0297 322 164 344 196
person 0.0296 197 153 216 187
person 0.0293 26 35 183 264
person 0.0290 118 174 135 206
person 0.0290 225 75 247 106
person 0.0290 104 165 126 197
person 0.0286 181 148 214 208
person 0.0282 359 170 401 190
person 0.0281 237 243 257 277
person 0.0278 291 104 310 120
person 0.0275 79 120 102 154
person 0.0270 196 189 216 219
person 0.0269 283 157 327 204
person 0.0269 203 155 226 195
person 0.0265 265 88 390 231
person 0.0260 77 123 105 176
person 0.0254 210 74 239 99
person 0.0254 120 0 252 240
person 0.0254 301 114 360 189
person 0.0254 232 134 251 173
person 0.0253 404 162 416 179
person 0.0251 389 164 406 177
person 0.0249 182 179 201 217
person 0.0248 290 133 323 197
person 0.0246 104 157 134 205
person 0.0243 282 127 303 166
person 0.0243 301 164 333 205
person 0.0243 370 163 411 190
person 0.0242 237 126 253 159
person 0.0239 91 120 117 156
person 0.0238 205 137 228 175
person 0.0237 326 148 355 192
person 0.0236 207 79 226 109
person 0.0236 87 134 121 195
person 0.0235 297 175 317 208
person 0.0235 83 115 116 130
person 0.0235 291 136 311 187
person 0.0233 361 149 384 171
person 0.0233 299 119 329 135
person 0.0232 267 175 287 208
person 0.0232 171 188 212 268
person 0.0229 273 100 344 174
person 0.0229 72 178 83 197
person 0.0228 264 191 290 243
person 0.0227 308 154 340 198
person 0.0227 191 154 210 193
person 0.0226 307 155 327 186
person 0.0225 158 140 206 203
person 0.0225 211 73 288 153
person 0.0224 310 121 330 148
person 0.0223 189 155 228 232
person 0.0222 361 163 396 181
person 0.0222 284 167 311 218
person 0.0222 286 105 303 119
person 0.0220 351 150 378 177
person 0.0220 271 168 308 245
person 0.0219 280 115 313 135
person 0.0215 338 142 360 174
person 0.0215 78 134 90 157
person 0.0214 72 168 93 203
person 0.0214 210 143 233 188
person 0.0213 112 155 129 191
person 0.0213 199 146 216 176
person 0.0213 76 137 102 193
person 0.0212 221 164 265 237
person 0.0209 366 152 397 179
person 0.0209 220 147 239 187
person 0.0209 345 170 384 188
person 0.0208 204 170 225 212
person 0.0208 297 153 317 187
person 0.0207 85 114 110 147
person 0.0207 295 120 318 185
person 0.0206 177 163 234 268
person 0.0206 119 163 135 194
person 0.0205 346 182 366 216
person 0.0204 276 150 318 192
person 0.0203 330 176 351 212
person 0.0202 208 89 222 120
sheep 0.0439 99 285 128 300
sheep 0.0383 70 286 129 300
train 0.0276 66 285 132 301
train 0.0271 175 119 445 271
train 0.0254 0 0 500 322
