aeroplane 0.8676 3 91 500 331
aeroplane 0.4627 350 233 496 307
aeroplane 0.1673 335 131 496 305
aeroplane 0.1571 370 270 486 304
aeroplane 0.1454 286 265 310 293
aeroplane 0.1341 1 224 312 338
aeroplane 0.1313 238 217 495 315
aeroplane 0.1118 321 240 393 265
aeroplane 0.1016 390 170 498 299
aeroplane 0.0926 335 246 384 263
aeroplane 0.0920 286 245 358 266
aeroplane 0.0914 315 254 351 265
aeroplane 0.0874 270 88 492 261
aeroplane 0.0840 283 255 322 292
aeroplane 0.0836 302 248 347 264
aeroplane 0.0768 269 260 312 293
aeroplane 0.0765 350 173 500 231
aeroplane 0.0754 323 248 363 263
aeroplane 0.0752 333 254 370 264
aeroplane 0.0696 397 253 499 307
aeroplane 0.0672 380 147 500 252
aeroplane 0.0645 352 240 399 267
aeroplane 0.0642 281 244 343 283
aeroplane 0.0640 288 235 408 269
aeroplane 0.0639 352 116 496 225
aeroplane 0.0607 306 249 373 267
aeroplane 0.0607 388 283 492 310
aeroplane 0.0600 348 194 500 261
aeroplane 0.0594 381 192 441 214
aeroplane 0.0591 361 242 410 281
aeroplane 0.0588 426 235 500 300
aeroplane 0.0578 96 259 295 333
aeroplane 0.0565 274 272 306 293
aeroplane 0.0560 0 257 154 338
aeroplane 0.0554 354 243 438 303
aeroplane 0.0552 309 252 341 267
aeroplane 0.0539 274 234 348 265
aeroplane 0.0525 119 90 475 228
aeroplane 0.0513 294 236 452 292
aeroplane 0.0511 2 120 165 340
aeroplane 0.0504 378 189 485 219
aeroplane 0.0490 289 252 336 267
aeroplane 0.0482 300 253 490 318
aeroplane 0.0478 96 208 429 332
aeroplane 0.0469 3 203 99 340
aeroplane 0.0459 409 184 499 246
aeroplane 0.0452 300 226 399 258
aeroplane 0.0446 374 245 423 287
aeroplane 0.0444 277 216 423 265
aeroplane 0.0433 450 240 500 278
aeroplane 0.0430 340 230 408 266
aeroplane 0.0426 458 241 499 260
aeroplane 0.0423 381 197 482 233
aeroplane 0.0419 0 257 78 322
aeroplane 0.0415 271 239 380 284
aeroplane 0.0413 442 258 500 307
aeroplane 0.0408 414 211 500 283
aeroplane 0.0405 378 244 407 269
aeroplane 0.0404 327 238 410 289
aeroplane 0.0400 249 232 326 292
aeroplane 0.0389 455 225 500 263
aeroplane 0.0387 164 152 486 292
aeroplane 0.0385 295 223 359 264
aeroplane 0.0380 330 206 473 282
aeroplane 0.0378 351 198 444 231
aeroplane 0.0373 400 163 499 220
aeroplane 0.0360 30 282 255 338
aeroplane 0.0359 308 243 340 262
aeroplane 0.0359 0 264 52 302
aeroplane 0.0355 299 200 464 255
aeroplane 0.0352 192 246 314 334
aeroplane 0.0351 349 241 378 266
aeroplane 0.0342 288 257 327 275
aeroplane 0.0331 420 245 485 282
aeroplane 0.0329 369 244 406 303
aeroplane 0.0328 369 217 491 268
aeroplane 0.0328 282 246 329 262
aeroplane 0.0326 377 178 490 210
aeroplane 0.0326 384 210 479 243
aeroplane 0.0324 257 244 299 293
aeroplane 0.0317 292 252 354 273
aeroplane 0.0310 322 210 411 245
aeroplane 0.0308 30 129 309 332
aeroplane 0.0307 221 223 368 286
aeroplane 0.0305 347 211 441 243
aeroplane 0.0303 220 204 395 259
aeroplane 0.0302 379 250 463 283
aeroplane 0.0297 277 249 314 284
aeroplane 0.0295 199 90 399 173
aeroplane 0.0292 267 227 407 313
aeroplane 0.0292 374 241 399 264
aeroplane 0.0292 354 276 372 302
aeroplane 0.0290 431 202 497 251
aeroplane 0.0288 349 236 391 254
aeroplane 0.0283 307 258 345 270
aeroplane 0.0282 368 240 391 268
aeroplane 0.0278 208 221 317 307
aeroplane 0.0275 332 252 349 267
aeroplane 0.0275 264 265 296 291
aeroplane 0.0267 423 235 500 264
aeroplane 0.0258 329 245 354 262
aeroplane 0.0257 331 221 458 261
aeroplane 0.0251 310 88 488 184
aeroplane 0.0248 248 220 373 262
aeroplane 0.0247 338 250 357 266
aeroplane 0.0246 403 222 493 257
aeroplane 0.0245 85 123 424 266
aeroplane 0.0245 363 239 417 264
aeroplane 0.0236 386 246 412 276
aeroplane 0.0236 380 248 429 273
aeroplane 0.0236 260 277 295 292
aeroplane 0.0232 449 190 500 243
aeroplane 0.0230 0 207 60 325
aeroplane 0.0229 351 237 435 271
aeroplane 0.0229 321 242 364 259
aeroplane 0.0227 327 259 359 270
aeroplane 0.0223 355 277 388 305
aeroplane 0.0222 291 261 351 283
aeroplane 0.0222 373 260 455 299
aeroplane 0.0222 259 250 350 293
aeroplane 0.0221 340 213 408 236
aeroplane 0.0221 4 109 154 237
aeroplane 0.0216 295 276 323 291
aeroplane 0.0216 282 252 309 276
aeroplane 0.0213 295 264 329 282
aeroplane 0.0212 442 169 500 218
aeroplane 0.0211 285 271 327 293
aeroplane 0.0211 397 198 440 215
aeroplane 0.0209 323 259 346 272
aeroplane 0.0209 301 235 345 252
aeroplane 0.0209 0 282 119 347
aeroplane 0.0207 0 232 46 308
aeroplane 0.0206 280 165 475 238
aeroplane 0.0205 275 242 317 272
aeroplane 0.0205 71 106 370 203
aeroplane 0.0204 279 240 329 258
aeroplane 0.0203 227 287 289 334
aeroplane 0.0202 326 263 454 306
aeroplane 0.0201 300 210 374 255
aeroplane 0.0201 181 212 343 272
aeroplane 0.0200 347 255 403 302
boat 0.0250 462 213 498 264
car 0.0738 457 287 499 306
car 0.0713 461 243 500 263
car 0.0627 396 281 499 307
car 0.0564 457 241 500 279
car 0.0415 476 243 500 275
car 0.0363 0 266 93 347
car 0.0352 448 269 500 306
car 0.0344 468 241 500 305
car 0.0343 0 278 47 348
car 0.0340 0 310 22 347
car 0.0302 0 315 81 348
car 0.0293 368 286 408 305
car 0.0279 426 286 482 305
car 0.0270 376 286 469 306
car 0.0262 0 327 40 346
car 0.0251 444 292 493 307
car 0.0242 0 290 21 330
car 0.0241 0 294 29 350
car 0.0231 468 277 496 306
car 0.0223 479 283 499 308
car 0.0221 0 298 116 356
car 0.0215 242 283 287 335
car 0.0212 1 335 40 349
car 0.0207 360 277 399 305
person 0.0441 291 265 314 293
person 0.0299 0 267 21 301
person 0.0269 0 255 50 320
person 0.0262 4 93 204 334
person 0.0223 0 269 44 303
