boat 0.0233 0 0 500 333
bottle 0.1193 297 112 324 157
bottle 0.0787 294 111 311 146
bottle 0.0414 375 196 414 214
bottle 0.0366 366 201 408 218
bottle 0.0362 376 203 410 274
bottle 0.0353 361 196 401 215
bottle 0.0353 367 174 390 209
bottle 0.0329 382 201 420 219
bottle 0.0288 384 181 417 217
bottle 0.0286 370 182 406 216
bottle 0.0283 296 117 327 137
bottle 0.0276 362 203 398 269
bottle 0.0273 355 190 387 212
bottle 0.0269 354 195 416 222
bottle 0.0263 291 115 302 143
bottle 0.0262 392 196 423 217
bottle 0.0261 375 192 425 225
bottle 0.0240 393 168 425 214
bottle 0.0237 376 206 415 223
bottle 0.0236 305 118 331 150
bottle 0.0223 422 170 447 205
bottle 0.0223 384 197 418 251
bottle 0.0220 359 200 408 244
bottle 0.0216 355 198 388 220
bottle 0.0216 389 206 430 225
bottle 0.0216 434 65 458 107
bottle 0.0215 416 181 436 209
bottle 0.0213 408 179 428 211
bottle 0.0211 121 199 137 240
bottle 0.0211 416 199 438 226
bottle 0.0210 412 169 442 213
bottle 0.0209 408 198 429 225
bottle 0.0206 292 109 320 139
bus 0.0402 20 0 500 264
bus 0.0323 267 0 476 281
car 0.0272 327 136 460 177
car 0.0250 113 7 495 333
car 0.0243 44 126 274 271
car 0.0230 401 143 437 156
car 0.0221 122 129 398 274
car 0.0205 391 141 443 159
car 0.0200 0 120 173 262
chair 0.6573 311 185 379 297
chair 0.3340 301 146 432 298
chair 0.3165 365 192 430 300
chair 0.3095 393 192 465 303
chair 0.1635 340 170 416 287
chair 0.1618 358 163 475 309
chair 0.1522 374 224 418 301
chair 0.1343 295 163 364 280
chair 0.1137 288 189 320 265
chair 0.1122 394 161 463 260
chair 0.1000 423 167 465 215
chair 0.0929 423 196 463 248
chair 0.0892 356 163 473 230
chair 0.0837 321 196 399 272
chair 0.0768 413 204 480 318
chair 0.0739 409 221 457 303
chair 0.0732 314 181 448 242
chair 0.0691 430 209 464 262
chair 0.0684 365 196 407 276
chair 0.0641 308 168 392 241
chair 0.0623 374 180 459 222
chair 0.0620 355 191 475 256
chair 0.0597 401 187 465 236
chair 0.0595 421 191 464 219
chair 0.0556 406 203 470 274
chair 0.0546 308 208 366 269
chair 0.0532 70 175 146 276
chair 0.0523 388 213 431 294
chair 0.0519 287 176 337 280
chair 0.0503 437 196 500 322
chair 0.0479 367 238 395 299
chair 0.0476 399 154 500 333
chair 0.0464 228 175 411 315
chair 0.0463 357 190 413 238
chair 0.0453 435 175 463 210
chair 0.0443 385 247 416 300
chair 0.0441 387 172 437 241
chair 0.0438 340 179 389 216
chair 0.0438 380 200 443 248
chair 0.0430 394 207 469 243
chair 0.0423 435 211 461 245
chair 0.0415 336 210 385 293
chair 0.0394 292 187 313 238
chair 0.0378 304 191 365 243
chair 0.0374 291 219 314 263
chair 0.0371 361 197 438 228
chair 0.0371 418 200 460 231
chair 0.0369 416 165 477 283
chair 0.0359 358 187 402 215
chair 0.0351 325 195 410 231
chair 0.0339 347 185 423 221
chair 0.0335 427 207 456 236
chair 0.0332 345 180 393 249
chair 0.0323 349 191 398 225
chair 0.0320 325 182 374 259
chair 0.0319 321 177 382 227
chair 0.0314 378 197 497 278
chair 0.0308 293 198 344 250
chair 0.0304 409 166 450 226
chair 0.0303 409 138 478 239
chair 0.0303 266 204 355 301
chair 0.0302 421 186 464 207
chair 0.0302 80 220 144 274
chair 0.0300 286 219 317 294
chair 0.0293 35 190 111 282
chair 0.0293 345 208 379 266
chair 0.0293 397 186 462 213
chair 0.0293 2 213 40 281
chair 0.0290 456 228 500 333
chair 0.0289 282 214 407 299
chair 0.0287 431 177 469 228
chair 0.0286 200 170 346 300
chair 0.0284 443 184 465 212
chair 0.0283 323 231 400 301
chair 0.0277 434 196 463 225
chair 0.0273 81 168 116 241
chair 0.0267 284 177 409 261
chair 0.0266 83 149 171 267
chair 0.0266 412 248 442 302
chair 0.0265 23 203 77 280
chair 0.0263 369 254 390 295
chair 0.0261 72 152 138 240
chair 0.0260 297 186 375 221
chair 0.0257 359 228 387 295
chair 0.0249 286 157 404 216
chair 0.0248 375 242 452 303
chair 0.0244 338 184 376 236
chair 0.0243 291 175 345 227
chair 0.0242 362 260 416 300
chair 0.0240 289 228 300 259
chair 0.0235 356 184 387 208
chair 0.0234 115 187 210 281
chair 0.0233 386 203 456 229
chair 0.0233 326 201 379 242
chair 0.0229 278 204 310 270
chair 0.0229 413 251 468 307
chair 0.0229 422 210 447 240
chair 0.0227 140 182 176 277
chair 0.0226 396 172 463 206
chair 0.0226 0 298 84 332
chair 0.0225 422 178 448 209
chair 0.0225 317 210 347 256
chair 0.0224 438 195 466 215
chair 0.0222 110 183 134 240
chair 0.0222 45 201 82 272
chair 0.0222 294 184 328 240
chair 0.0221 365 180 427 211
chair 0.0220 73 196 133 257
chair 0.0219 335 226 371 272
chair 0.0217 403 243 433 300
chair 0.0216 152 198 318 306
chair 0.0215 445 207 464 239
chair 0.0214 348 193 381 216
chair 0.0214 424 214 462 289
chair 0.0214 381 209 415 280
chair 0.0213 354 199 391 262
chair 0.0210 295 214 326 270
chair 0.0209 84 214 184 291
chair 0.0208 0 287 46 333
chair 0.0208 435 210 477 285
chair 0.0207 329 205 430 253
chair 0.0205 389 192 427 236
chair 0.0204 381 260 436 302
chair 0.0202 364 225 469 284
chair 0.0201 445 91 500 209
chair 0.0200 395 221 467 257
chair 0.0200 314 226 359 292
diningtable 0.2125 307 147 470 306
diningtable 0.0682 352 215 487 301
diningtable 0.0469 278 178 428 291
diningtable 0.0416 368 192 479 254
diningtable 0.0346 290 210 500 320
diningtable 0.0319 309 237 473 308
diningtable 0.0314 205 198 432 312
diningtable 0.0301 314 217 436 292
diningtable 0.0296 155 120 500 315
diningtable 0.0285 12 211 162 277
diningtable 0.0218 344 173 410 205
person 0.6568 306 141 422 295
person 0.6424 365 145 466 299
person 0.5928 82 111 143 275
person 0.4390 103 115 159 264
person 0.4363 126 118 177 254
person 0.3605 368 162 389 186
person 0.3570 377 146 460 239
person 0.2888 339 143 365 196
person 0.2775 297 137 376 271
person 0.2307 297 124 340 182
person 0.2252 343 145 426 246
person 0.2062 363 161 393 202
person 0.1930 296 131 350 213
person 0.1865 318 132 484 272
person 0.1835 58 110 124 264
person 0.1687 383 144 446 202
person 0.1638 341 157 371 209
person 0.1584 309 140 463 213
person 0.1484 78 109 131 215
person 0.1461 297 115 326 167
person 0.1440 127 115 170 190
person 0.1407 280 105 452 317
person 0.1386 301 136 362 186
person 0.1323 340 143 359 173
person 0.1286 320 138 373 213
person 0.1282 341 151 381 192
person 0.1263 297 131 399 201
person 0.1251 333 148 405 214
person 0.1156 110 108 203 288
person 0.1108 325 140 365 181
person 0.1053 414 150 466 214
person 0.1009 375 153 426 220
person 0.0986 372 166 428 262
person 0.0984 357 146 413 197
person 0.0980 359 159 407 222
person 0.0978 352 161 389 216
person 0.0974 361 153 395 188
person 0.0973 292 1 435 239
person 0.0954 341 141 396 184
person 0.0950 343 159 368 189
person 0.0945 387 146 428 191
person 0.0931 337 165 465 228
person 0.0890 96 108 172 211
person 0.0814 397 150 436 214
person 0.0788 412 144 452 191
person 0.0786 33 101 153 292
person 0.0781 324 167 408 236
person 0.0781 367 144 439 181
person 0.0767 135 137 171 219
person 0.0743 373 159 407 186
person 0.0723 295 129 309 164
person 0.0696 140 128 296 317
person 0.0688 385 160 405 181
person 0.0685 426 165 461 207
person 0.0680 76 183 137 276
person 0.0670 83 110 126 175
person 0.0669 294 150 349 252
person 0.0637 366 163 381 179
person 0.0635 390 147 418 179
person 0.0631 132 118 159 164
person 0.0624 332 143 353 176
person 0.0616 291 118 382 181
person 0.0604 347 148 370 182
person 0.0601 377 163 396 180
person 0.0595 115 112 156 178
person 0.0592 350 163 373 187
person 0.0574 296 136 324 183
person 0.0556 137 112 239 284
person 0.0548 425 151 456 187
person 0.0545 294 114 315 159
person 0.0542 362 181 407 250
person 0.0540 342 117 417 195
person 0.0536 425 130 467 176
person 0.0534 135 244 154 276
person 0.0527 421 158 450 198
person 0.0527 429 164 453 188
person 0.0521 311 134 414 175
person 0.0520 361 131 406 178
person 0.0519 318 138 349 178
person 0.0519 398 144 438 163
person 0.0519 303 150 366 203
person 0.0513 361 183 414 217
person 0.0511 296 157 420 219
person 0.0507 376 167 458 213
person 0.0502 420 147 446 178
person 0.0499 270 139 355 294
person 0.0490 389 155 418 200
person 0.0486 360 139 470 193
person 0.0480 404 144 446 173
person 0.0473 128 152 163 229
person 0.0460 355 163 407 192
person 0.0449 409 155 442 198
person 0.0448 301 126 334 161
person 0.0447 229 133 396 319
person 0.0442 105 172 136 242
person 0.0427 131 107 199 204
person 0.0426 364 160 384 176
person 0.0422 377 136 418 177
person 0.0421 130 183 174 278
person 0.0416 376 163 410 205
person 0.0412 384 155 410 174
person 0.0412 138 237 162 276
person 0.0410 432 167 462 192
person 0.0408 352 147 383 181
person 0.0399 294 110 324 142
person 0.0398 79 145 128 244
person 0.0395 142 226 174 278
person 0.0391 64 122 226 305
person 0.0389 104 109 135 166
person 0.0387 97 115 407 317
person 0.0382 295 143 308 179
person 0.0372 94 196 157 278
person 0.0370 396 135 481 209
person 0.0368 333 178 384 216
person 0.0366 400 144 470 181
person 0.0364 297 158 338 217
person 0.0362 127 245 149 276
person 0.0361 298 147 334 195
person 0.0360 122 228 154 275
person 0.0358 296 131 351 165
person 0.0357 290 149 327 230
person 0.0352 123 141 150 209
person 0.0352 301 173 500 311
person 0.0350 184 109 349 305
person 0.0349 336 144 364 163
person 0.0342 369 172 404 213
person 0.0337 0 1 500 305
person 0.0336 324 140 343 169
person 0.0336 439 163 460 182
person 0.0335 415 143 439 167
person 0.0335 106 132 139 208
person 0.0334 368 166 398 194
person 0.0333 355 192 406 225
person 0.0332 370 160 432 193
person 0.0329 94 221 141 275
person 0.0326 401 157 464 188
person 0.0323 386 119 500 310
person 0.0322 310 141 358 165
person 0.0318 298 140 330 169
person 0.0318 372 148 403 180
person 0.0315 305 113 353 159
person 0.0315 131 137 158 197
person 0.0312 300 118 332 149
person 0.0309 297 150 317 185
person 0.0308 317 71 441 217
person 0.0308 129 179 160 245
person 0.0307 422 106 491 206
person 0.0303 81 215 122 271
person 0.0294 362 153 414 176
person 0.0294 333 145 350 163
person 0.0292 114 152 143 228
person 0.0290 131 120 149 155
person 0.0290 286 53 395 208
person 0.0288 381 180 420 224
person 0.0287 123 166 150 242
person 0.0286 89 144 176 299
person 0.0286 238 127 455 246
person 0.0285 141 159 174 242
person 0.0284 443 170 465 201
person 0.0282 397 145 421 168
person 0.0279 446 164 465 187
person 0.0278 306 106 326 136
person 0.0278 80 134 128 192
person 0.0277 208 16 472 309
person 0.0275 354 167 381 184
person 0.0274 313 163 371 193
person 0.0272 290 142 348 178
person 0.0268 343 144 372 168
person 0.0267 366 158 396 173
person 0.0266 428 144 452 173
person 0.0266 328 155 357 196
person 0.0265 434 132 482 188
person 0.0265 410 124 453 169
person 0.0261 374 192 412 242
person 0.0257 321 165 362 219
person 0.0254 116 185 141 242
person 0.0254 396 152 422 187
person 0.0253 349 167 374 204
person 0.0251 190 113 275 257
person 0.0249 135 113 181 164
person 0.0249 403 147 430 181
person 0.0247 294 109 308 135
person 0.0246 434 152 469 199
person 0.0245 99 107 125 157
person 0.0240 119 150 141 201
person 0.0239 340 45 488 240
person 0.0238 388 138 446 166
person 0.0237 439 154 460 176
person 0.0237 59 212 163 290
person 0.0237 111 121 131 159
person 0.0236 332 142 359 155
person 0.0235 353 174 418 207
person 0.0235 385 157 437 183
person 0.0233 95 107 164 160
person 0.0232 131 116 159 141
person 0.0226 295 113 369 142
person 0.0226 148 242 169 277
person 0.0225 346 121 395 172
person 0.0225 116 117 141 159
person 0.0225 412 78 425 112
person 0.0223 320 132 342 159
person 0.0223 353 162 380 178
person 0.0218 267 113 338 215
person 0.0216 293 138 303 162
person 0.0216 344 146 357 157
person 0.0215 316 157 348 196
person 0.0215 337 166 396 197
person 0.0214 311 98 325 129
person 0.0213 294 132 320 167
person 0.0212 84 193 126 249
person 0.0212 129 211 161 274
person 0.0211 112 146 137 194
person 0.0209 420 162 454 178
person 0.0209 152 152 178 226
person 0.0209 66 0 106 51
person 0.0208 68 116 113 191
person 0.0208 324 150 346 183
person 0.0208 358 152 382 171
person 0.0205 386 124 447 179
person 0.0204 406 159 430 193
person 0.0202 334 139 386 170
person 0.0202 229 132 310 272
person 0.0202 85 109 112 159
person 0.0201 412 69 437 112
person 0.0200 112 213 145 274
pottedplant 0.0608 297 2 418 140
pottedplant 0.0382 143 221 175 277
pottedplant 0.0353 396 38 426 105
pottedplant 0.0281 379 27 423 108
pottedplant 0.0274 288 25 381 169
pottedplant 0.0267 339 25 427 172
pottedplant 0.0228 377 20 460 149
pottedplant 0.0224 149 238 170 275
pottedplant 0.0223 358 103 409 134
pottedplant 0.0222 488 98 500 175
pottedplant 0.0207 410 49 446 113
pottedplant 0.0207 356 84 391 128
pottedplant 0.0206 360 84 384 111
pottedplant 0.0203 406 51 425 89
sofa 0.2118 298 149 499 283
sofa 0.0655 31 114 156 276
sofa 0.0334 104 130 210 278
sofa 0.0273 95 105 469 315
sofa 0.0257 144 116 328 298
sofa 0.0245 34 182 140 280
sofa 0.0235 127 164 270 293
sofa 0.0231 38 214 189 276
sofa 0.0207 0 144 226 278
sofa 0.0206 172 204 404 311
train 0.0508 0 1 500 299
train 0.0318 101 112 433 291
tvmonitor 0.4418 2 129 43 214
tvmonitor 0.1687 2 207 39 277
tvmonitor 0.1261 458 284 500 333
tvmonitor 0.1260 288 0 455 135
tvmonitor 0.0765 0 135 47 271
tvmonitor 0.0681 18 115 78 245
tvmonitor 0.0639 31 112 157 273
tvmonitor 0.0565 0 123 49 177
tvmonitor 0.0551 0 168 44 208
tvmonitor 0.0521 454 236 500 333
tvmonitor 0.0493 304 115 414 178
tvmonitor 0.0473 459 309 499 332
tvmonitor 0.0461 12 136 42 191
tvmonitor 0.0446 8 111 123 228
tvmonitor 0.0409 421 219 492 329
tvmonitor 0.0403 0 187 42 209
tvmonitor 0.0400 0 192 51 241
tvmonitor 0.0398 280 10 491 265
tvmonitor 0.0392 431 274 497 333
tvmonitor 0.0389 285 2 442 50
tvmonitor 0.0382 1 188 64 277
tvmonitor 0.0379 465 95 499 175
tvmonitor 0.0375 435 62 461 107
tvmonitor 0.0369 478 296 500 332
tvmonitor 0.0364 1 134 40 167
tvmonitor 0.0363 2 171 20 206
tvmonitor 0.0352 322 137 426 174
tvmonitor 0.0350 1 138 18 174
tvmonitor 0.0347 344 3 427 117
tvmonitor 0.0347 430 96 498 186
tvmonitor 0.0343 0 135 24 194
tvmonitor 0.0342 287 88 435 195
tvmonitor 0.0338 425 117 467 170
tvmonitor 0.0337 290 37 417 156
tvmonitor 0.0327 292 7 430 85
tvmonitor 0.0310 25 200 78 277
tvmonitor 0.0306 293 6 387 126
tvmonitor 0.0303 1 157 27 208
tvmonitor 0.0299 355 113 410 178
tvmonitor 0.0296 6 214 33 253
tvmonitor 0.0293 351 7 471 167
tvmonitor 0.0289 0 184 28 205
tvmonitor 0.0283 422 300 495 331
tvmonitor 0.0279 352 0 469 59
tvmonitor 0.0276 481 96 500 170
tvmonitor 0.0273 0 136 24 162
tvmonitor 0.0265 474 265 500 333
tvmonitor 0.0255 0 197 43 219
tvmonitor 0.0253 424 0 493 109
tvmonitor 0.0253 0 115 78 189
tvmonitor 0.0247 20 138 40 172
tvmonitor 0.0246 405 129 477 176
tvmonitor 0.0246 296 109 403 147
tvmonitor 0.0245 8 196 41 212
tvmonitor 0.0244 412 107 486 163
tvmonitor 0.0235 1 214 21 256
tvmonitor 0.0234 313 104 408 133
tvmonitor 0.0231 438 116 485 177
tvmonitor 0.0229 365 109 480 188
tvmonitor 0.0228 284 0 392 15
tvmonitor 0.0228 331 126 402 165
tvmonitor 0.0228 7 140 31 176
tvmonitor 0.0224 0 125 44 142
tvmonitor 0.0223 12 156 105 265
tvmonitor 0.0221 0 193 30 213
tvmonitor 0.0221 14 181 39 207
tvmonitor 0.0221 0 219 25 278
tvmonitor 0.0220 104 0 500 146
tvmonitor 0.0218 401 125 460 162
tvmonitor 0.0214 305 79 500 218
tvmonitor 0.0212 423 59 488 114
tvmonitor 0.0209 465 7 497 96
tvmonitor 0.0208 0 165 66 226
tvmonitor 0.0207 477 47 498 84
tvmonitor 0.0200 0 74 70 260
