aeroplane 0.0341 0 53 500 271
boat 0.0210 22 44 500 264
car 0.0246 459 179 498 248
person 0.0429 178 153 192 190
person 0.0337 466 196 497 238
person 0.0296 478 193 499 231
person 0.0289 247 166 260 196
person 0.0288 32 0 73 48
person 0.0276 262 171 277 194
person 0.0274 253 169 269 195
person 0.0262 473 169 500 236
person 0.0257 241 167 254 196
person 0.0224 482 169 498 202
person 0.0216 480 181 499 220
person 0.0206 182 163 196 195
person 0.0204 134 156 153 184
person 0.0203 465 202 486 232
pottedplant 0.0438 1 222 80 325
pottedplant 0.0302 2 240 39 325
pottedplant 0.0226 0 292 77 324
pottedplant 0.0212 0 282 40 325
pottedplant 0.0211 9 256 58 325
train 0.8829 41 132 371 257
train 0.0774 21 149 49 177
train 0.0594 47 142 250 244
train 0.0539 33 168 500 325
train 0.0479 231 141 379 250
train 0.0447 3 146 48 184
train 0.0407 119 174 371 262
train 0.0407 16 23 377 259
train 0.0355 4 107 42 176
train 0.0322 16 133 53 181
train 0.0302 2 147 17 185
train 0.0293 0 136 28 196
train 0.0285 202 135 360 193
train 0.0270 53 126 315 209
train 0.0257 16 148 52 201
train 0.0245 195 201 377 253
train 0.0232 0 105 23 183
train 0.0231 2 142 47 216
train 0.0224 9 150 28 181
train 0.0223 291 147 368 256
train 0.0221 44 148 191 202
train 0.0212 30 150 51 170
train 0.0210 41 144 140 241
train 0.0210 361 108 487 258
train 0.0202 64 101 500 275
