aeroplane 0.1122 0 8 469 372
boat 0.0547 0 0 500 375
bottle 0.1634 236 212 294 258
bottle 0.0821 235 217 260 254
bottle 0.0672 242 232 296 260
bottle 0.0660 292 81 310 120
bottle 0.0604 238 205 269 252
bottle 0.0596 253 219 289 253
bottle 0.0513 249 214 275 251
bottle 0.0429 226 225 254 254
bottle 0.0388 245 196 279 248
bottle 0.0384 221 220 269 258
bottle 0.0378 252 184 271 217
bottle 0.0369 233 239 275 258
bottle 0.0368 263 211 299 258
bottle 0.0355 261 239 300 259
bottle 0.0339 250 55 290 80
bottle 0.0329 216 228 245 254
bottle 0.0327 287 67 314 120
bottle 0.0322 213 225 292 265
bottle 0.0321 240 214 284 238
bottle 0.0312 233 224 275 249
bottle 0.0296 249 244 293 262
bottle 0.0279 225 198 257 253
bottle 0.0273 253 207 285 234
bottle 0.0268 268 196 290 227
bottle 0.0268 239 229 265 260
bottle 0.0262 39 246 77 301
bottle 0.0259 283 222 303 257
bottle 0.0257 101 228 127 254
bottle 0.0257 248 233 274 261
bottle 0.0256 248 196 289 229
bottle 0.0253 255 202 296 241
bottle 0.0249 213 214 252 259
bottle 0.0247 280 238 305 260
bottle 0.0246 257 229 284 260
bottle 0.0241 219 239 263 257
bottle 0.0239 59 242 90 302
bottle 0.0226 404 0 434 17
bottle 0.0225 66 248 85 293
bottle 0.0223 287 233 333 259
bottle 0.0220 230 213 251 247
bottle 0.0219 273 207 298 247
bottle 0.0215 227 244 283 264
bottle 0.0211 203 208 278 251
bottle 0.0207 246 186 266 223
bottle 0.0204 57 249 76 290
bottle 0.0202 27 255 45 284
bus 0.2266 27 5 477 331
bus 0.1292 12 0 473 173
bus 0.1022 330 0 490 310
bus 0.0693 213 0 476 261
bus 0.0671 291 1 441 211
bus 0.0606 378 0 484 222
bus 0.0573 101 0 323 183
bus 0.0363 211 0 375 193
bus 0.0209 262 99 379 197
car 0.2466 72 126 475 364
car 0.2099 236 212 448 368
car 0.1998 0 0 488 296
car 0.1515 30 21 400 149
car 0.0768 84 103 444 238
car 0.0733 153 267 470 375
car 0.0729 264 248 438 340
car 0.0718 311 253 493 370
car 0.0705 355 0 489 218
car 0.0684 29 0 300 257
car 0.0614 326 234 400 269
car 0.0587 101 31 343 202
car 0.0514 96 2 337 110
car 0.0507 270 0 469 175
car 0.0462 413 0 494 152
car 0.0436 287 225 450 312
car 0.0410 174 120 332 187
car 0.0400 91 81 315 169
car 0.0396 409 243 497 375
car 0.0351 285 222 406 273
car 0.0341 201 0 372 190
car 0.0341 289 0 494 373
car 0.0308 462 0 500 17
car 0.0294 374 0 479 122
car 0.0291 204 132 357 209
car 0.0288 20 47 272 192
car 0.0285 260 5 401 143
car 0.0273 293 264 413 317
car 0.0261 288 189 443 264
car 0.0257 5 281 299 375
car 0.0255 451 0 500 158
car 0.0252 5 7 240 104
car 0.0245 3 1 153 71
car 0.0238 247 136 329 175
car 0.0230 313 0 476 80
car 0.0227 49 0 265 74
car 0.0222 404 1 500 61
car 0.0221 432 30 498 194
car 0.0207 198 11 373 94
car 0.0207 317 238 407 304
car 0.0202 361 224 480 338
car 0.0201 160 2 315 60
chair 0.0807 49 225 313 374
chair 0.0521 85 192 285 323
chair 0.0482 389 0 499 299
chair 0.0382 267 0 401 196
chair 0.0371 12 238 203 370
chair 0.0355 87 274 399 375
chair 0.0338 96 255 246 370
chair 0.0322 94 301 295 372
chair 0.0319 0 307 197 371
chair 0.0311 331 0 460 191
chair 0.0308 315 27 392 191
chair 0.0306 287 25 423 284
chair 0.0297 414 1 496 198
chair 0.0294 297 10 370 132
chair 0.0257 384 16 473 212
chair 0.0250 109 241 290 336
chair 0.0248 161 255 306 367
chair 0.0246 257 50 342 185
chair 0.0237 211 103 406 258
chair 0.0230 287 63 369 207
chair 0.0224 322 0 404 128
chair 0.0217 168 300 388 371
chair 0.0208 318 101 395 247
chair 0.0207 26 0 308 116
chair 0.0205 55 0 153 99
chair 0.0204 94 250 235 319
diningtable 0.0205 0 266 352 375
person 0.7233 127 123 289 367
person 0.5882 14 64 226 373
person 0.4119 272 193 341 316
person 0.3551 264 194 379 341
person 0.3189 44 33 377 372
person 0.2688 190 165 349 370
person 0.2431 0 28 204 252
person 0.2400 108 161 432 368
person 0.2250 251 194 335 264
person 0.2134 227 207 435 367
person 0.2062 239 201 304 260
person 0.2031 238 200 310 316
person 0.1797 234 173 361 291
person 0.1751 277 193 374 277
person 0.1732 0 40 136 362
person 0.1642 284 191 342 255
person 0.1571 14 180 328 375
person 0.1535 90 142 241 323
person 0.1404 0 98 279 280
person 0.1279 99 20 309 277
person 0.1194 167 134 323 265
person 0.1183 133 150 366 294
person 0.1183 223 149 290 257
person 0.1130 105 127 266 256
person 0.1126 38 129 173 328
person 0.1102 249 96 453 359
person 0.1102 0 0 39 42
person 0.1027 255 219 344 369
person 0.1021 1 0 80 58
person 0.0971 259 220 322 322
person 0.0902 5 35 145 190
person 0.0829 282 175 408 304
person 0.0724 183 159 284 315
person 0.0720 280 272 314 321
person 0.0718 0 21 303 146
person 0.0717 90 218 271 373
person 0.0715 107 145 131 176
person 0.0692 218 227 315 370
person 0.0662 252 54 289 81
person 0.0658 83 110 209 267
person 0.0655 69 191 137 311
person 0.0650 296 227 399 272
person 0.0646 210 208 299 294
person 0.0628 220 204 282 257
person 0.0581 2 14 99 120
person 0.0578 286 190 332 229
person 0.0576 287 248 421 370
person 0.0573 0 37 86 92
person 0.0565 72 264 91 304
person 0.0555 249 182 296 248
person 0.0555 264 167 380 253
person 0.0552 124 127 271 185
person 0.0546 106 139 164 176
person 0.0537 0 188 169 369
person 0.0533 135 201 335 322
person 0.0527 426 0 497 129
person 0.0523 99 177 196 315
person 0.0513 168 232 395 351
person 0.0506 164 129 271 226
person 0.0503 1 0 26 26
person 0.0496 0 26 60 75
person 0.0495 327 12 492 363
person 0.0488 313 192 335 225
person 0.0484 241 145 328 254
person 0.0459 322 212 435 337
person 0.0452 155 2 399 257
person 0.0442 262 187 320 235
person 0.0441 466 0 500 70
person 0.0440 274 250 330 319
person 0.0438 0 0 71 32
person 0.0437 169 198 299 259
person 0.0435 32 192 114 307
person 0.0429 33 0 102 67
person 0.0429 390 0 471 127
person 0.0427 257 247 396 322
person 0.0424 279 191 312 255
person 0.0424 83 168 155 282
person 0.0420 66 247 95 304
person 0.0419 28 42 102 182
person 0.0418 94 115 208 200
person 0.0412 282 223 386 296
person 0.0408 460 1 500 117
person 0.0399 322 198 381 261
person 0.0399 198 122 322 201
person 0.0397 311 0 397 151
person 0.0391 252 182 270 215
person 0.0386 107 148 188 260
person 0.0385 56 147 123 295
person 0.0377 236 181 351 246
person 0.0377 214 84 365 274
person 0.0374 215 130 269 224
person 0.0371 300 174 488 375
person 0.0366 97 225 189 361
person 0.0366 3 49 95 255
person 0.0365 310 154 396 265
person 0.0364 68 41 199 203
person 0.0363 95 193 171 260
person 0.0361 331 218 394 268
person 0.0361 108 131 216 176
person 0.0358 228 131 348 223
person 0.0356 18 0 125 93
person 0.0356 298 186 360 232
person 0.0356 43 1 245 192
person 0.0352 235 140 277 219
person 0.0350 287 190 311 226
person 0.0341 244 181 278 239
person 0.0340 0 9 37 67
person 0.0340 20 6 187 129
person 0.0337 66 270 85 303
person 0.0337 265 204 316 284
person 0.0336 62 223 116 309
person 0.0334 4 185 81 310
person 0.0333 140 176 271 265
person 0.0330 392 1 470 61
person 0.0329 152 129 238 169
person 0.0328 61 103 303 221
person 0.0316 243 225 302 292
person 0.0316 285 221 338 264
person 0.0312 201 128 275 185
person 0.0311 274 170 333 239
person 0.0310 79 216 124 292
person 0.0309 294 192 335 215
person 0.0308 91 218 169 285
person 0.0306 252 161 294 229
person 0.0306 0 38 45 107
person 0.0303 59 214 161 360
person 0.0303 270 186 298 226
person 0.0302 312 185 434 275
person 0.0302 249 267 311 322
person 0.0300 244 175 268 219
person 0.0296 279 189 305 215
person 0.0293 437 0 491 66
person 0.0292 23 105 129 302
person 0.0292 229 132 284 181
person 0.0289 56 127 180 237
person 0.0286 0 8 60 48
person 0.0284 124 182 174 247
person 0.0284 238 137 268 193
person 0.0283 45 6 118 145
person 0.0283 93 206 142 274
person 0.0282 241 138 303 224
person 0.0282 310 189 345 236
person 0.0282 89 15 187 158
person 0.0279 413 0 477 92
person 0.0278 248 140 271 178
person 0.0277 140 127 226 235
person 0.0276 269 200 300 252
person 0.0275 106 155 146 175
person 0.0275 283 191 320 214
person 0.0273 345 0 444 148
person 0.0272 251 17 345 160
person 0.0272 203 158 267 256
person 0.0269 24 219 85 304
person 0.0268 77 270 97 306
person 0.0265 47 48 92 125
person 0.0265 320 141 443 308
person 0.0263 471 23 500 102
person 0.0263 122 167 202 241
person 0.0262 207 246 322 321
person 0.0262 72 261 102 310
person 0.0261 43 228 99 309
person 0.0260 49 248 84 303
person 0.0257 103 199 137 255
person 0.0257 383 202 475 353
person 0.0256 0 9 27 47
person 0.0256 111 215 176 262
person 0.0256 405 0 449 17
person 0.0255 386 0 444 90
person 0.0255 20 44 102 110
person 0.0254 405 0 465 38
person 0.0254 65 47 132 185
person 0.0252 82 235 157 309
person 0.0252 58 46 109 162
person 0.0248 476 4 499 48
person 0.0247 459 0 499 16
person 0.0246 24 96 214 194
person 0.0245 378 0 419 63
person 0.0245 134 136 190 229
person 0.0244 282 196 305 240
person 0.0244 106 55 252 203
person 0.0243 243 134 312 179
person 0.0243 157 127 201 183
person 0.0243 320 190 341 221
person 0.0242 303 211 362 277
person 0.0239 462 0 499 34
person 0.0236 231 181 264 253
person 0.0233 282 273 349 322
person 0.0233 128 217 289 284
person 0.0232 256 143 282 177
person 0.0232 140 129 188 180
person 0.0231 251 224 329 257
person 0.0231 242 53 303 97
person 0.0229 261 182 278 211
person 0.0229 206 215 267 261
person 0.0228 287 222 312 260
person 0.0228 225 68 318 186
person 0.0227 75 246 112 308
person 0.0224 105 189 236 279
person 0.0224 2 0 48 21
person 0.0224 177 233 286 322
person 0.0224 218 176 275 241
person 0.0224 25 163 210 285
person 0.0223 401 0 478 19
person 0.0222 188 223 288 273
person 0.0222 13 232 63 300
person 0.0221 331 180 373 237
person 0.0220 284 235 320 261
person 0.0218 0 21 38 43
person 0.0217 380 85 480 334
person 0.0216 26 17 82 77
person 0.0215 256 176 282 214
person 0.0214 325 235 387 284
person 0.0214 310 207 402 288
person 0.0213 81 184 125 264
person 0.0213 0 33 73 154
person 0.0213 293 278 316 321
person 0.0211 175 149 252 250
person 0.0211 281 119 368 240
person 0.0209 69 125 139 266
person 0.0209 358 203 402 263
person 0.0209 24 0 70 49
person 0.0209 267 169 310 222
person 0.0208 49 10 95 80
person 0.0208 213 19 323 148
person 0.0206 440 17 489 106
person 0.0205 232 161 267 233
person 0.0205 110 176 160 243
person 0.0204 58 265 77 301
person 0.0204 1 223 40 303
person 0.0203 67 0 127 73
person 0.0203 330 197 349 229
person 0.0202 98 124 143 178
person 0.0202 101 146 116 177
pottedplant 0.0483 107 137 170 175
pottedplant 0.0464 268 184 290 216
pottedplant 0.0424 463 3 500 90
pottedplant 0.0404 259 185 278 217
pottedplant 0.0358 261 179 294 223
pottedplant 0.0352 249 182 288 237
pottedplant 0.0340 248 181 274 221
pottedplant 0.0304 254 180 286 214
pottedplant 0.0290 463 0 499 47
pottedplant 0.0267 140 134 179 177
pottedplant 0.0266 274 182 295 209
pottedplant 0.0234 463 0 499 17
pottedplant 0.0223 140 142 165 175
pottedplant 0.0219 474 0 500 32
pottedplant 0.0217 253 197 289 218
pottedplant 0.0204 269 191 302 213
pottedplant 0.0203 477 25 499 72
sofa 0.0231 183 148 426 259
train 0.1415 0 0 488 167
train 0.0295 135 125 373 243
train 0.0208 45 32 500 375
tvmonitor 0.0399 80 0 318 175
tvmonitor 0.0373 383 0 479 72
tvmonitor 0.0349 382 0 458 134
tvmonitor 0.0331 319 0 412 62
tvmonitor 0.0316 109 69 303 184
tvmonitor 0.0312 417 0 500 97
tvmonitor 0.0306 344 0 453 68
tvmonitor 0.0277 254 64 328 183
tvmonitor 0.0274 133 88 355 227
tvmonitor 0.0249 458 311 500 375
tvmonitor 0.0245 287 260 422 327
tvmonitor 0.0237 107 130 185 175
tvmonitor 0.0233 462 32 500 104
tvmonitor 0.0219 222 52 318 142
tvmonitor 0.0217 201 87 332 173
tvmonitor 0.0215 425 275 499 375
tvmonitor 0.0215 27 26 286 137
