bird 0.0362 14 0 375 448
bird 0.0262 168 1 375 382
car 0.9223 17 257 360 444
car 0.0989 9 265 77 424
car 0.0946 0 287 17 331
car 0.0829 244 282 373 434
car 0.0740 341 342 375 447
car 0.0703 322 299 375 452
car 0.0636 11 254 175 451
car 0.0633 345 294 374 408
car 0.0630 307 250 375 418
car 0.0555 0 294 15 358
car 0.0530 4 288 30 383
car 0.0529 337 383 374 463
car 0.0525 338 288 375 355
car 0.0519 7 277 61 369
car 0.0517 356 305 375 377
car 0.0494 12 248 103 368
car 0.0436 17 262 89 313
car 0.0434 132 259 278 314
car 0.0411 359 378 375 427
car 0.0400 7 303 109 449
car 0.0382 11 296 48 403
car 0.0381 10 277 75 330
car 0.0379 279 282 375 362
car 0.0365 258 225 373 382
car 0.0357 359 397 375 449
car 0.0356 4 295 22 346
car 0.0353 0 320 13 366
car 0.0350 318 292 374 378
car 0.0348 351 317 373 357
car 0.0343 119 274 373 403
car 0.0336 3 269 29 347
car 0.0326 351 377 375 450
car 0.0319 357 322 375 414
car 0.0284 321 377 375 434
car 0.0272 89 255 305 352
car 0.0271 300 358 375 448
car 0.0264 347 387 375 415
car 0.0259 9 260 59 319
car 0.0255 345 367 375 426
car 0.0248 1 377 121 468
car 0.0245 0 336 19 359
car 0.0244 254 370 375 465
car 0.0243 353 293 375 321
car 0.0240 12 338 38 407
car 0.0238 3 305 25 365
car 0.0238 54 264 120 311
car 0.0234 27 247 92 298
car 0.0234 0 287 40 329
car 0.0232 1 267 14 313
car 0.0226 0 307 26 334
car 0.0225 334 405 375 446
car 0.0224 309 276 375 343
car 0.0220 8 297 29 333
car 0.0213 348 297 375 336
car 0.0213 357 369 375 410
car 0.0210 27 287 62 310
car 0.0207 338 315 375 369
car 0.0205 0 255 18 325
car 0.0202 285 165 375 434
cat 0.0813 0 0 374 500
chair 0.0320 0 0 357 405
dog 0.0402 0 0 375 424
person 0.1232 358 295 375 355
person 0.0794 0 31 375 457
person 0.0622 345 280 374 361
person 0.0448 360 285 374 331
person 0.0347 366 289 375 345
person 0.0337 0 0 176 500
person 0.0337 268 285 303 304
person 0.0327 352 296 373 337
person 0.0315 255 282 275 306
person 0.0306 346 216 375 346
person 0.0303 356 244 375 351
person 0.0290 310 170 375 367
person 0.0286 336 255 375 399
person 0.0257 10 295 28 337
person 0.0247 11 339 30 406
person 0.0242 257 289 291 308
person 0.0239 354 268 375 433
person 0.0226 329 269 373 350
person 0.0222 353 321 373 364
person 0.0217 290 0 375 397
person 0.0214 11 306 28 356
person 0.0207 253 279 306 307
person 0.0200 7 301 31 380
pottedplant 0.0278 264 284 306 305
sheep 0.0255 10 0 375 443
sofa 0.0868 12 0 375 420
