bicycle 0.0220 0 269 68 375
bird 0.0547 335 303 377 359
bird 0.0317 327 277 382 368
bird 0.0204 303 300 378 363
bottle 0.0897 99 185 159 226
bottle 0.0755 164 205 193 231
bottle 0.0618 101 176 191 229
bottle 0.0604 100 198 144 222
bottle 0.0583 333 288 377 360
bottle 0.0533 459 117 500 152
bottle 0.0520 103 144 167 224
bottle 0.0448 106 141 220 230
bottle 0.0415 110 199 203 230
bottle 0.0406 111 176 147 220
bottle 0.0402 165 188 203 231
bottle 0.0357 187 84 222 110
bottle 0.0356 175 205 217 232
bottle 0.0352 196 212 219 231
bottle 0.0348 202 218 226 234
bottle 0.0344 336 253 387 355
bottle 0.0311 101 193 128 219
bottle 0.0301 123 161 163 191
bottle 0.0293 121 173 153 195
bottle 0.0293 120 163 161 220
bottle 0.0285 171 162 208 223
bottle 0.0258 181 83 205 111
bottle 0.0256 477 122 500 154
bottle 0.0253 154 201 234 232
bottle 0.0251 115 142 173 194
bottle 0.0251 108 184 133 214
bottle 0.0250 188 203 211 230
bottle 0.0249 118 174 142 208
bottle 0.0238 194 73 218 106
bottle 0.0237 121 193 147 225
bottle 0.0231 466 116 500 138
bottle 0.0227 104 173 164 210
bottle 0.0226 391 84 436 105
bottle 0.0211 143 141 278 230
bottle 0.0204 129 173 155 206
bottle 0.0200 178 199 201 226
chair 0.0861 306 73 347 125
chair 0.0829 461 138 500 221
chair 0.0783 192 69 253 110
chair 0.0718 176 71 253 148
chair 0.0664 411 119 500 214
chair 0.0647 370 58 484 123
chair 0.0553 127 78 257 170
chair 0.0545 216 71 256 120
chair 0.0506 160 207 496 364
chair 0.0467 333 116 489 202
chair 0.0433 477 272 500 333
chair 0.0427 330 274 497 353
chair 0.0422 187 82 233 111
chair 0.0397 165 61 272 125
chair 0.0393 235 71 385 124
chair 0.0385 430 150 499 223
chair 0.0354 328 80 468 168
chair 0.0346 403 64 500 141
chair 0.0334 407 260 500 335
chair 0.0320 459 265 499 332
chair 0.0318 252 70 275 88
chair 0.0316 183 267 423 357
chair 0.0307 107 114 278 224
chair 0.0304 162 80 249 118
chair 0.0299 211 82 250 143
chair 0.0298 192 84 263 128
chair 0.0296 410 61 475 117
chair 0.0291 415 38 494 124
chair 0.0287 303 70 361 103
chair 0.0285 196 85 248 108
chair 0.0281 263 76 343 124
chair 0.0279 445 133 500 271
chair 0.0276 229 74 256 108
chair 0.0275 260 245 485 348
chair 0.0273 271 264 389 355
chair 0.0266 185 87 212 112
chair 0.0259 455 66 499 135
chair 0.0249 445 235 500 335
chair 0.0244 295 125 500 236
chair 0.0239 392 64 474 96
chair 0.0238 355 218 495 336
chair 0.0235 288 293 380 367
chair 0.0235 238 73 268 97
chair 0.0235 357 133 475 183
chair 0.0231 473 162 500 224
chair 0.0222 292 60 363 130
chair 0.0221 228 67 272 104
chair 0.0220 335 125 442 172
chair 0.0218 205 79 253 102
chair 0.0216 252 156 500 337
chair 0.0214 252 73 282 94
chair 0.0206 336 308 484 363
chair 0.0205 195 95 257 164
chair 0.0204 325 281 395 361
chair 0.0201 454 185 500 226
diningtable 0.0556 112 210 479 368
diningtable 0.0287 154 263 412 357
diningtable 0.0202 33 248 356 375
person 0.7302 117 77 495 354
person 0.6820 115 38 265 213
person 0.5719 332 60 493 186
person 0.4051 289 71 489 328
person 0.3484 114 64 354 256
person 0.3196 177 38 256 156
person 0.2671 153 55 484 198
person 0.2243 331 59 452 137
person 0.1604 324 60 392 124
person 0.1404 193 37 256 101
person 0.1212 145 66 285 182
person 0.1191 392 92 496 208
person 0.1059 242 67 453 155
person 0.1052 338 57 427 100
person 0.0958 159 62 358 157
person 0.0939 254 89 500 214
person 0.0935 135 37 254 114
person 0.0877 370 60 488 141
person 0.0822 192 65 259 124
person 0.0784 384 93 500 323
person 0.0771 91 57 252 314
person 0.0752 197 80 392 187
person 0.0750 340 58 386 88
person 0.0639 226 71 372 140
person 0.0627 446 113 500 218
person 0.0625 35 16 250 190
person 0.0618 36 38 443 244
person 0.0602 199 41 247 82
person 0.0581 336 59 378 110
person 0.0560 456 115 500 152
person 0.0556 185 73 246 110
person 0.0545 234 103 427 334
person 0.0526 96 83 233 233
person 0.0525 297 206 500 357
person 0.0517 322 75 420 197
person 0.0499 324 247 383 359
person 0.0482 215 57 255 111
person 0.0468 195 70 266 174
person 0.0456 302 0 500 209
person 0.0446 387 73 478 114
person 0.0445 422 77 498 164
person 0.0444 189 51 231 108
person 0.0428 124 79 223 188
person 0.0427 286 70 364 126
person 0.0415 353 58 482 108
person 0.0415 185 91 320 211
person 0.0412 102 25 217 154
person 0.0409 86 26 382 148
person 0.0401 212 78 262 142
person 0.0388 440 104 500 162
person 0.0382 220 40 253 82
person 0.0377 335 59 369 84
person 0.0375 354 60 413 87
person 0.0370 232 81 329 121
person 0.0370 195 61 315 121
person 0.0369 304 53 431 114
person 0.0368 358 75 438 104
person 0.0357 309 66 377 114
person 0.0356 184 82 219 111
person 0.0353 382 246 500 341
person 0.0347 399 76 438 104
person 0.0321 358 64 448 95
person 0.0299 454 77 500 146
person 0.0298 176 219 428 362
person 0.0292 203 45 228 83
person 0.0291 134 74 239 123
person 0.0290 332 78 402 117
person 0.0290 302 64 380 156
person 0.0288 302 72 344 130
person 0.0287 1 295 48 375
person 0.0286 167 77 252 201
person 0.0283 227 54 250 81
person 0.0282 330 68 406 149
person 0.0280 349 107 472 184
person 0.0279 350 59 400 77
person 0.0276 425 215 499 336
person 0.0275 406 24 500 134
person 0.0274 235 60 253 80
person 0.0272 293 246 425 348
person 0.0270 111 101 189 219
person 0.0258 147 48 226 130
person 0.0251 240 54 356 119
person 0.0250 256 68 271 85
person 0.0249 96 145 200 236
person 0.0248 431 67 490 129
person 0.0248 201 56 246 97
person 0.0245 381 80 448 109
person 0.0243 422 99 500 269
person 0.0241 209 80 331 159
person 0.0239 232 68 255 96
person 0.0231 406 117 500 172
person 0.0230 225 84 294 134
person 0.0230 378 81 430 99
person 0.0228 225 42 260 103
person 0.0223 275 173 388 353
person 0.0222 470 119 500 181
person 0.0221 126 161 328 375
person 0.0218 337 74 380 129
person 0.0218 197 59 220 85
person 0.0217 210 38 235 76
person 0.0214 177 63 210 111
person 0.0212 175 67 225 127
person 0.0211 386 59 439 112
person 0.0210 459 235 500 328
person 0.0209 155 45 206 109
person 0.0207 7 0 161 212
person 0.0206 145 124 273 225
person 0.0204 412 83 445 109
person 0.0201 346 66 378 96
person 0.0200 148 104 414 210
pottedplant 0.0207 0 0 31 12
sofa 0.0404 336 36 493 142
sofa 0.0325 244 110 500 280
tvmonitor 0.0312 403 71 488 118
