bird 0.0331 130 65 203 162
bird 0.0281 139 100 177 149
bird 0.0273 62 380 198 468
bottle 0.1982 71 222 97 280
bottle 0.0893 51 216 104 279
bottle 0.0837 49 177 165 274
bottle 0.0660 247 163 298 315
bottle 0.0530 299 15 331 37
bottle 0.0482 42 184 115 276
bottle 0.0432 43 198 97 259
bottle 0.0428 66 226 122 277
bottle 0.0426 250 206 285 311
bottle 0.0413 69 224 94 253
bottle 0.0410 70 223 85 269
bottle 0.0377 41 203 141 310
bottle 0.0375 42 184 98 236
bottle 0.0364 255 234 279 308
bottle 0.0342 80 235 97 283
bottle 0.0338 19 320 114 452
bottle 0.0337 38 168 146 240
bottle 0.0328 109 421 193 472
bottle 0.0314 246 206 266 238
bottle 0.0292 0 300 64 370
bottle 0.0286 129 139 168 200
bottle 0.0284 39 219 101 317
bottle 0.0283 31 419 175 482
bottle 0.0282 57 214 187 301
bottle 0.0263 242 214 270 306
bottle 0.0254 0 324 53 366
bottle 0.0250 311 8 330 38
bottle 0.0244 37 367 141 470
bottle 0.0239 53 206 122 255
bottle 0.0236 61 329 160 458
bottle 0.0230 247 207 267 267
bottle 0.0223 27 186 68 238
bottle 0.0219 73 250 98 280
bottle 0.0210 53 417 83 443
bottle 0.0209 0 343 26 368
bottle 0.0207 77 224 99 263
bottle 0.0204 245 199 275 247
cat 0.0405 128 74 179 156
cat 0.0344 136 96 175 149
chair 0.1562 236 43 316 309
chair 0.1405 44 134 331 483
chair 0.1100 251 63 315 207
chair 0.1005 11 222 215 480
chair 0.0999 168 35 315 276
chair 0.0982 43 192 154 266
chair 0.0772 88 347 327 477
chair 0.0703 249 167 299 314
chair 0.0668 247 90 302 278
chair 0.0609 35 147 191 286
chair 0.0596 0 287 107 463
chair 0.0585 174 284 318 485
chair 0.0560 233 29 322 166
chair 0.0523 214 143 310 474
chair 0.0497 26 198 165 315
chair 0.0484 140 376 298 472
chair 0.0482 68 214 145 266
chair 0.0469 269 11 329 173
chair 0.0460 0 343 190 483
chair 0.0456 244 303 319 486
chair 0.0427 51 158 163 248
chair 0.0417 254 60 316 130
chair 0.0386 0 371 117 469
chair 0.0382 211 356 312 479
chair 0.0382 5 223 131 436
chair 0.0373 0 452 61 498
chair 0.0372 141 26 331 166
chair 0.0356 1 324 70 486
chair 0.0351 0 425 104 496
chair 0.0350 97 206 147 254
chair 0.0347 129 105 195 234
chair 0.0345 224 144 308 323
chair 0.0341 126 74 183 175
chair 0.0335 96 148 157 271
chair 0.0334 255 236 279 312
chair 0.0319 278 455 333 499
chair 0.0318 2 240 78 413
chair 0.0316 44 285 301 462
chair 0.0303 260 139 322 316
chair 0.0298 161 406 316 486
chair 0.0295 228 266 300 473
chair 0.0291 118 107 168 260
chair 0.0291 297 0 333 166
chair 0.0287 25 14 202 196
chair 0.0287 247 180 333 498
chair 0.0286 90 379 224 470
chair 0.0284 40 182 262 336
chair 0.0281 40 380 176 467
chair 0.0278 303 407 333 500
chair 0.0268 277 61 323 239
chair 0.0265 286 35 323 160
chair 0.0265 38 204 171 410
chair 0.0264 276 68 314 166
chair 0.0257 255 101 293 201
chair 0.0256 72 136 175 228
chair 0.0252 232 97 323 232
chair 0.0252 151 171 298 474
chair 0.0250 241 208 317 342
chair 0.0250 72 204 139 244
chair 0.0249 267 89 303 197
chair 0.0248 271 349 332 500
chair 0.0246 0 433 31 500
chair 0.0246 47 415 207 483
chair 0.0235 96 165 195 250
chair 0.0232 52 305 105 447
chair 0.0230 262 19 333 336
chair 0.0228 0 296 76 371
chair 0.0227 0 400 158 500
chair 0.0220 266 35 322 117
chair 0.0218 246 233 303 311
chair 0.0217 282 97 313 207
chair 0.0215 0 474 34 499
chair 0.0214 97 114 184 207
chair 0.0209 44 266 139 473
chair 0.0208 243 422 333 496
chair 0.0208 101 412 264 482
chair 0.0207 240 252 321 404
chair 0.0205 258 68 298 167
chair 0.0205 42 394 324 493
chair 0.0202 0 353 36 498
diningtable 0.0583 0 407 204 500
diningtable 0.0366 0 431 140 496
diningtable 0.0284 0 227 288 500
diningtable 0.0258 38 429 197 487
diningtable 0.0225 49 219 143 297
dog 0.0284 129 74 207 156
person 0.7420 20 29 311 473
person 0.2854 53 27 303 256
person 0.2531 46 48 191 264
person 0.1690 32 3 230 363
person 0.1171 247 140 301 312
person 0.1051 5 215 174 463
person 0.0990 42 140 168 265
person 0.0986 147 57 304 304
person 0.0791 223 57 311 325
person 0.0785 116 52 254 224
person 0.0779 122 31 286 149
person 0.0765 95 36 212 201
person 0.0604 40 183 149 280
person 0.0562 35 158 180 367
person 0.0542 25 301 243 469
person 0.0518 86 130 256 256
person 0.0518 2 215 112 398
person 0.0509 14 198 139 346
person 0.0502 101 102 195 238
person 0.0502 128 83 178 232
person 0.0451 122 26 200 150
person 0.0442 111 110 269 491
person 0.0372 160 41 323 462
person 0.0342 59 171 228 281
person 0.0335 77 108 276 324
person 0.0292 218 0 316 190
person 0.0283 20 1 148 253
person 0.0276 14 183 102 294
person 0.0264 58 55 182 178
person 0.0244 44 109 114 259
person 0.0241 148 119 293 227
person 0.0239 50 180 247 440
person 0.0238 128 0 228 186
person 0.0223 193 152 300 326
person 0.0223 127 141 219 256
person 0.0216 299 6 332 37
person 0.0215 6 103 150 306
person 0.0214 129 103 173 179
person 0.0213 184 46 295 166
person 0.0207 33 147 127 320
person 0.0205 159 67 281 203
person 0.0202 145 96 205 233
person 0.0201 125 93 201 188
