bus 0.0210 7 32 89 186
bus 0.0203 15 9 132 199
car 0.9615 29 128 485 320
car 0.4997 1 136 36 227
car 0.2264 19 146 132 242
car 0.1948 13 130 92 228
car 0.1646 0 131 27 196
car 0.1429 4 148 66 233
car 0.1386 0 200 21 232
car 0.1336 26 154 120 190
car 0.1053 0 168 24 234
car 0.0891 479 252 500 294
car 0.0830 26 154 74 190
car 0.0802 1 127 22 164
car 0.0759 0 132 70 198
car 0.0732 0 122 43 184
car 0.0718 22 163 97 219
car 0.0681 24 157 49 191
car 0.0677 20 153 54 204
car 0.0675 16 135 201 272
car 0.0660 0 182 48 236
car 0.0638 18 174 139 278
car 0.0634 351 126 490 311
car 0.0629 14 191 70 238
car 0.0604 17 175 98 247
car 0.0568 461 239 495 305
car 0.0515 10 120 142 205
car 0.0514 401 187 491 314
car 0.0454 3 137 32 170
car 0.0443 18 162 51 228
car 0.0439 23 143 93 185
car 0.0414 157 195 494 315
car 0.0413 33 142 313 285
car 0.0405 8 142 38 193
car 0.0396 17 151 37 186
car 0.0370 38 136 229 211
car 0.0368 26 166 57 196
car 0.0362 3 170 77 216
car 0.0345 21 189 51 234
car 0.0343 349 229 496 309
car 0.0339 0 205 36 234
car 0.0333 122 135 487 251
car 0.0332 469 248 494 289
car 0.0327 6 77 92 210
car 0.0325 24 168 48 207
car 0.0319 15 137 37 175
car 0.0309 18 154 61 182
car 0.0308 0 156 31 205
car 0.0278 442 225 488 297
car 0.0277 10 15 137 222
car 0.0276 3 150 32 183
car 0.0272 1 132 121 335
car 0.0263 354 130 489 224
car 0.0256 481 331 500 374
car 0.0252 25 183 56 212
car 0.0238 25 146 180 197
car 0.0237 8 210 79 244
car 0.0236 7 163 63 199
car 0.0235 6 100 188 226
car 0.0234 29 173 67 192
car 0.0233 0 148 44 264
car 0.0226 13 157 45 178
car 0.0217 0 150 23 171
car 0.0216 0 128 66 166
car 0.0210 0 129 31 152
car 0.0209 27 190 83 260
car 0.0209 0 146 54 188
car 0.0207 14 163 39 191
car 0.0206 21 153 54 172
car 0.0204 22 180 61 200
car 0.0204 272 137 473 210
car 0.0202 466 267 498 294
car 0.0201 433 258 494 308
chair 0.0249 61 0 468 314
chair 0.0211 352 108 489 206
person 0.1602 250 157 275 187
person 0.1387 267 157 290 187
person 0.1148 127 140 143 180
person 0.0904 255 154 299 187
person 0.0721 237 150 278 188
person 0.0721 275 156 302 187
person 0.0629 0 208 20 234
person 0.0499 0 124 21 158
person 0.0443 209 78 232 111
person 0.0416 0 119 26 175
person 0.0416 254 92 271 135
person 0.0395 203 77 237 132
person 0.0382 259 156 280 186
person 0.0335 143 148 164 184
person 0.0333 192 153 206 179
person 0.0331 128 142 155 185
person 0.0329 236 156 257 188
person 0.0315 270 152 318 188
person 0.0310 289 155 310 187
person 0.0301 463 224 497 294
person 0.0284 228 156 246 188
person 0.0277 124 0 207 20
person 0.0270 216 157 231 181
person 0.0269 222 157 238 187
person 0.0266 15 0 175 238
person 0.0258 222 139 333 183
person 0.0254 463 244 484 285
person 0.0252 33 161 62 191
person 0.0249 207 75 225 105
person 0.0244 406 177 459 200
person 0.0239 185 150 202 176
person 0.0236 475 310 500 375
person 0.0236 464 222 482 261
person 0.0231 219 83 238 118
person 0.0230 140 137 176 185
person 0.0226 133 139 150 169
person 0.0226 266 154 304 172
person 0.0223 247 95 266 134
person 0.0221 408 174 485 298
person 0.0218 438 190 485 267
person 0.0218 242 84 272 137
person 0.0216 420 181 474 247
person 0.0215 199 159 211 178
person 0.0209 441 210 488 294
person 0.0208 42 158 68 187
person 0.0207 211 160 223 179
person 0.0206 222 142 261 189
person 0.0203 37 0 436 317
person 0.0203 142 1 190 24
person 0.0201 0 191 33 236
person 0.0200 413 186 456 203
pottedplant 0.0747 204 107 240 134
pottedplant 0.0421 13 0 97 54
pottedplant 0.0354 201 85 238 134
pottedplant 0.0210 200 105 216 135
pottedplant 0.0205 0 0 36 15
pottedplant 0.0203 362 90 486 201
sofa 0.0841 47 99 500 329
tvmonitor 0.0709 23 0 196 240
tvmonitor 0.0308 33 0 288 319
tvmonitor 0.0304 14 0 95 63
tvmonitor 0.0255 18 0 147 137
