aeroplane 0.0319 1 60 39 75
aeroplane 0.0211 57 45 137 76
bicycle 0.0257 6 233 76 271
boat 0.0908 23 49 127 81
boat 0.0533 20 0 151 133
boat 0.0531 16 24 146 82
boat 0.0446 35 60 115 80
boat 0.0434 17 0 160 264
boat 0.0394 38 51 104 75
boat 0.0384 19 43 139 99
boat 0.0375 41 41 142 75
boat 0.0360 109 64 129 113
boat 0.0345 26 32 98 77
boat 0.0335 15 117 132 271
boat 0.0278 42 37 182 120
boat 0.0277 47 4 122 82
boat 0.0266 5 9 89 78
boat 0.0265 13 59 162 138
boat 0.0265 26 55 89 79
boat 0.0263 10 46 78 83
boat 0.0259 103 55 137 118
boat 0.0259 0 0 333 285
boat 0.0244 0 57 29 75
boat 0.0242 33 54 65 78
boat 0.0240 53 55 96 78
boat 0.0237 63 0 241 139
boat 0.0217 68 27 154 175
boat 0.0213 69 0 156 104
boat 0.0213 83 45 143 89
boat 0.0210 47 46 115 69
boat 0.0205 11 8 92 141
boat 0.0201 0 48 20 74
bottle 0.0261 142 325 164 361
bottle 0.0218 109 68 129 112
bus 0.9043 124 2 492 286
bus 0.1107 130 1 270 252
bus 0.0929 123 13 230 182
bus 0.0742 135 9 284 133
bus 0.0633 345 12 494 281
bus 0.0564 87 0 207 266
bus 0.0511 130 55 210 234
bus 0.0465 112 27 184 167
bus 0.0458 132 6 427 130
bus 0.0442 157 57 291 292
bus 0.0442 33 0 174 270
bus 0.0419 356 3 493 132
bus 0.0351 143 3 228 120
bus 0.0350 109 55 150 119
bus 0.0337 264 44 433 291
bus 0.0306 119 47 216 136
bus 0.0292 189 30 274 159
bus 0.0290 82 4 213 124
bus 0.0286 198 53 337 301
bus 0.0281 164 0 347 222
bus 0.0275 234 0 489 148
bus 0.0273 114 46 172 131
bus 0.0259 131 128 262 249
bus 0.0256 44 117 160 262
bus 0.0255 231 114 500 279
bus 0.0255 139 28 190 125
bus 0.0233 126 88 336 370
bus 0.0201 80 122 196 257
car 0.1647 132 186 165 248
car 0.1076 461 0 498 15
car 0.0669 134 186 163 219
car 0.0631 248 200 400 284
car 0.0570 448 0 490 12
car 0.0552 457 0 500 28
car 0.0478 425 0 496 113
car 0.0451 135 164 187 253
car 0.0447 423 0 500 16
car 0.0436 133 166 261 245
car 0.0412 134 207 159 249
car 0.0374 460 0 498 84
car 0.0352 150 31 252 120
car 0.0343 135 180 169 205
car 0.0340 136 185 160 203
car 0.0337 356 1 500 64
car 0.0323 134 52 231 144
car 0.0312 417 1 499 35
car 0.0305 49 129 158 266
car 0.0304 176 54 262 108
car 0.0294 290 204 478 278
car 0.0274 121 183 154 254
car 0.0267 87 147 198 262
car 0.0231 109 63 129 110
car 0.0225 434 0 495 65
car 0.0215 142 334 217 372
car 0.0215 143 355 188 374
car 0.0211 140 164 222 223
car 0.0209 460 114 499 206
car 0.0206 163 359 207 374
car 0.0206 477 104 500 145
car 0.0204 429 95 499 213
car 0.0204 472 0 500 42
car 0.0204 147 52 184 124
chair 0.0259 406 0 498 149
chair 0.0238 141 324 169 367
chair 0.0232 383 0 500 261
diningtable 0.0225 59 180 179 262
person 0.7461 22 122 77 272
person 0.6419 167 186 232 375
person 0.4797 199 185 261 375
person 0.4620 221 173 277 344
person 0.4358 147 167 209 366
person 0.3596 161 163 195 249
person 0.2705 3 119 59 268
person 0.2359 161 169 210 296
person 0.2224 0 118 21 284
person 0.2164 149 170 185 256
person 0.2012 137 155 209 265
person 0.1915 198 63 250 124
person 0.1622 196 73 219 110
person 0.1607 219 229 270 375
person 0.1563 162 162 205 216
person 0.1445 169 178 214 258
person 0.1441 199 168 271 278
person 0.1345 28 123 72 187
person 0.1309 232 179 276 273
person 0.1284 157 164 226 249
person 0.1265 340 61 372 124
person 0.1222 0 181 16 279
person 0.1215 171 171 239 283
person 0.1167 181 170 232 239
person 0.1121 178 163 213 204
person 0.1101 240 54 281 117
person 0.0999 208 170 249 240
person 0.0986 166 163 201 194
person 0.0961 322 60 361 135
person 0.0956 162 169 189 205
person 0.0919 143 178 192 301
person 0.0901 136 180 173 253
person 0.0837 197 63 229 107
person 0.0814 322 94 357 151
person 0.0813 155 256 210 375
person 0.0800 146 286 177 372
person 0.0793 214 56 264 115
person 0.0770 317 70 348 129
person 0.0745 218 174 272 238
person 0.0688 64 127 150 264
person 0.0676 0 121 20 160
person 0.0660 344 62 370 100
person 0.0658 197 57 268 147
person 0.0653 221 193 253 270
person 0.0647 0 120 18 217
person 0.0620 180 34 251 123
person 0.0611 181 63 215 129
person 0.0611 335 103 358 145
person 0.0606 208 60 250 101
person 0.0604 113 138 182 265
person 0.0604 32 184 67 271
person 0.0590 166 185 195 278
person 0.0573 24 75 118 268
person 0.0571 1 231 22 276
person 0.0567 233 57 261 100
person 0.0559 211 52 295 123
person 0.0557 255 53 306 120
person 0.0555 316 88 335 125
person 0.0548 145 106 159 130
person 0.0521 215 142 287 294
person 0.0520 168 162 239 215
person 0.0520 137 123 261 326
person 0.0511 207 189 250 297
person 0.0507 335 81 362 133
person 0.0486 187 66 216 104
person 0.0479 237 188 341 292
person 0.0479 163 168 267 236
person 0.0475 330 116 353 153
person 0.0474 249 64 274 103
person 0.0469 6 123 33 196
person 0.0466 320 93 342 133
person 0.0464 123 200 186 370
person 0.0455 0 187 32 272
person 0.0454 302 57 345 125
person 0.0453 191 171 261 216
person 0.0452 241 169 277 238
person 0.0451 147 317 173 366
person 0.0448 170 301 216 375
person 0.0445 174 185 219 228
person 0.0443 210 67 234 102
person 0.0442 172 200 208 278
person 0.0430 192 71 224 133
person 0.0426 1 131 19 185
person 0.0426 339 62 359 101
person 0.0421 198 66 218 95
person 0.0419 27 121 66 159
person 0.0411 176 261 228 375
person 0.0406 162 49 238 149
person 0.0404 101 144 232 375
person 0.0400 0 242 12 277
person 0.0397 152 183 168 204
person 0.0396 221 292 265 373
person 0.0394 277 56 326 122
person 0.0390 146 294 232 375
person 0.0387 227 60 251 98
person 0.0384 241 69 267 105
person 0.0381 329 96 352 134
person 0.0378 173 89 279 273
person 0.0368 0 122 24 143
person 0.0368 344 78 367 121
person 0.0362 321 108 344 150
person 0.0360 249 181 287 258
person 0.0359 144 227 180 369
person 0.0357 258 59 281 101
person 0.0356 178 197 232 260
person 0.0356 32 122 68 144
person 0.0356 328 84 349 121
person 0.0352 26 226 78 270
person 0.0352 24 216 52 271
person 0.0349 191 66 241 95
person 0.0348 320 89 357 125
person 0.0347 317 102 333 144
person 0.0347 199 77 256 110
person 0.0346 25 127 47 160
person 0.0346 247 74 288 114
person 0.0344 26 232 45 271
person 0.0343 351 58 372 88
person 0.0341 141 158 195 217
person 0.0332 157 175 183 213
person 0.0332 49 55 163 264
person 0.0331 167 173 194 215
person 0.0328 191 167 238 207
person 0.0328 2 155 20 211
person 0.0328 0 258 15 275
person 0.0324 180 179 204 219
person 0.0319 238 170 270 214
person 0.0317 208 198 301 370
person 0.0316 338 73 359 118
person 0.0313 157 309 202 375
person 0.0311 244 31 321 122
person 0.0311 192 43 237 110
person 0.0311 2 188 19 248
person 0.0309 292 93 320 121
person 0.0308 328 58 355 114
person 0.0306 217 57 243 94
person 0.0305 229 192 259 244
person 0.0304 136 308 171 373
person 0.0304 236 76 257 111
person 0.0303 159 60 201 133
person 0.0302 192 165 216 198
person 0.0301 330 83 368 159
person 0.0300 183 73 206 110
person 0.0296 143 99 162 133
person 0.0293 150 103 165 130
person 0.0289 239 58 269 89
person 0.0288 224 201 247 239
person 0.0287 288 48 360 145
person 0.0286 146 348 172 373
person 0.0285 200 80 222 122
person 0.0284 208 59 238 88
person 0.0283 146 174 175 209
person 0.0282 0 134 29 227
person 0.0281 448 0 500 109
person 0.0280 276 120 292 144
person 0.0279 304 92 325 123
person 0.0278 31 119 86 220
person 0.0275 140 106 154 129
person 0.0275 163 186 187 244
person 0.0275 310 32 369 133
person 0.0274 219 75 253 122
person 0.0270 231 51 276 94
person 0.0269 206 96 326 301
person 0.0267 0 34 73 271
person 0.0265 188 268 272 373
person 0.0262 292 84 336 121
person 0.0261 170 57 226 108
person 0.0260 305 81 342 150
person 0.0257 185 170 220 214
person 0.0257 146 185 166 217
person 0.0257 142 181 171 226
person 0.0256 158 170 192 190
person 0.0256 170 191 251 241
person 0.0253 174 193 203 244
person 0.0253 184 192 213 223
person 0.0250 8 217 44 272
person 0.0250 153 178 175 197
person 0.0249 194 191 230 247
person 0.0247 231 176 263 228
person 0.0246 217 181 244 232
person 0.0246 329 50 383 148
person 0.0246 249 82 275 116
person 0.0244 20 129 37 159
person 0.0243 44 124 70 161
person 0.0242 234 170 264 199
person 0.0241 0 78 45 229
person 0.0238 189 206 226 287
person 0.0236 30 132 56 170
person 0.0236 248 191 274 237
person 0.0236 147 90 158 120
person 0.0235 358 62 377 95
person 0.0235 208 178 236 228
person 0.0234 27 133 65 236
person 0.0234 342 95 364 140
person 0.0232 243 195 270 254
person 0.0232 217 70 243 105
person 0.0231 193 69 211 92
person 0.0231 466 0 499 74
person 0.0230 229 114 298 267
person 0.0229 240 190 290 301
person 0.0227 335 94 360 122
person 0.0225 28 124 54 141
person 0.0225 203 83 255 134
person 0.0225 154 332 176 369
person 0.0224 224 56 252 83
person 0.0224 181 342 202 375
person 0.0222 0 135 13 198
person 0.0219 289 92 326 137
person 0.0218 332 59 350 95
person 0.0218 352 62 379 113
person 0.0216 321 67 342 114
person 0.0216 336 63 370 85
person 0.0215 237 91 255 123
person 0.0214 221 174 254 220
person 0.0213 207 172 247 207
person 0.0213 241 82 266 117
person 0.0212 196 63 235 83
person 0.0211 209 288 249 374
person 0.0211 22 138 38 171
person 0.0210 180 161 203 187
person 0.0210 253 86 317 117
person 0.0210 254 67 347 122
person 0.0210 174 72 201 121
person 0.0208 237 74 274 131
person 0.0207 266 68 299 116
person 0.0204 4 122 57 192
person 0.0203 136 268 168 363
person 0.0203 148 84 170 131
person 0.0202 135 167 171 212
person 0.0201 17 236 37 272
person 0.0200 233 206 255 241
person 0.0200 3 126 30 157
person 0.0200 210 193 240 261
person 0.0200 146 168 199 201
person 0.0200 192 77 212 123
train 0.0401 204 175 474 283
train 0.0393 38 29 169 265
train 0.0201 115 55 212 153
tvmonitor 0.0414 422 0 496 109
tvmonitor 0.0322 160 17 262 114
tvmonitor 0.0242 151 50 182 121
tvmonitor 0.0229 149 27 209 124
