bus 0.0306 243 2 318 44
car 0.9336 123 47 494 323
car 0.9106 58 39 160 86
car 0.9049 137 33 295 101
car 0.6519 439 34 498 112
car 0.5561 79 40 226 95
car 0.3558 421 29 473 50
car 0.2892 432 30 493 76
car 0.2563 152 39 387 109
car 0.2548 418 33 455 51
car 0.1694 423 38 500 162
car 0.1567 460 56 500 116
car 0.1370 395 46 500 119
car 0.1352 57 41 115 83
car 0.1169 403 33 500 89
car 0.1109 438 31 480 48
car 0.1089 421 39 461 53
car 0.1072 351 44 494 298
car 0.1068 440 28 479 41
car 0.0969 418 30 437 50
car 0.0928 421 42 484 104
car 0.0868 428 23 488 55
car 0.0848 137 42 200 97
car 0.0842 463 84 499 116
car 0.0840 67 38 152 64
car 0.0833 130 43 157 59
car 0.0832 410 40 500 247
car 0.0811 157 35 277 61
car 0.0785 369 28 401 41
car 0.0780 55 44 84 84
car 0.0777 329 54 491 131
car 0.0750 434 36 466 55
car 0.0736 370 23 387 41
car 0.0732 112 0 323 79
car 0.0723 122 28 289 224
car 0.0712 450 35 493 53
car 0.0708 420 39 440 49
car 0.0707 232 49 416 106
car 0.0687 134 38 206 61
car 0.0681 203 43 297 105
car 0.0674 50 44 174 111
car 0.0673 427 28 455 47
car 0.0660 103 42 154 57
car 0.0650 453 28 488 39
car 0.0637 451 32 490 47
car 0.0627 98 38 158 72
car 0.0621 139 40 183 58
car 0.0617 435 25 496 44
car 0.0604 424 73 499 117
car 0.0604 477 73 500 109
car 0.0599 417 30 472 68
car 0.0576 441 24 476 34
car 0.0574 419 22 479 40
car 0.0563 436 33 479 60
car 0.0558 136 42 156 53
car 0.0547 63 41 103 58
car 0.0511 56 39 93 64
car 0.0494 155 38 196 53
car 0.0492 129 38 178 70
car 0.0488 163 28 302 75
car 0.0486 418 36 431 47
car 0.0484 46 0 176 100
car 0.0466 457 25 475 36
car 0.0462 372 32 416 43
car 0.0457 140 40 162 61
car 0.0452 138 39 173 52
car 0.0445 135 43 167 65
car 0.0444 416 38 427 50
car 0.0439 467 23 482 35
car 0.0437 0 0 22 42
car 0.0437 455 35 499 65
car 0.0431 107 63 243 307
car 0.0428 445 26 470 38
car 0.0424 247 47 295 87
car 0.0421 461 87 499 140
car 0.0418 462 80 499 101
car 0.0417 427 24 462 35
car 0.0414 410 39 431 49
car 0.0410 385 29 419 40
car 0.0406 387 34 421 44
car 0.0404 109 38 149 52
car 0.0398 170 37 214 53
car 0.0396 126 41 151 53
car 0.0390 125 37 160 57
car 0.0385 473 35 500 55
car 0.0381 206 32 298 62
car 0.0379 439 55 487 134
car 0.0377 439 86 500 123
car 0.0372 180 48 486 128
car 0.0371 416 38 455 64
car 0.0370 446 65 500 101
car 0.0368 468 33 494 47
car 0.0361 455 29 474 45
car 0.0359 422 11 471 48
car 0.0357 470 28 492 41
car 0.0356 357 29 383 39
car 0.0354 134 42 169 93
car 0.0354 415 7 500 68
car 0.0351 150 70 309 130
car 0.0351 470 19 483 32
car 0.0347 87 214 478 318
car 0.0346 164 36 237 57
car 0.0344 361 27 500 105
car 0.0343 414 26 447 48
car 0.0340 430 26 456 39
car 0.0337 441 48 500 86
car 0.0337 408 36 422 46
car 0.0333 464 21 477 33
car 0.0328 398 60 479 96
car 0.0325 438 41 463 66
car 0.0324 450 56 480 102
car 0.0322 121 39 162 84
car 0.0322 394 38 424 48
car 0.0318 210 35 274 56
car 0.0316 457 35 500 188
car 0.0315 370 27 428 42
car 0.0315 448 20 500 50
car 0.0314 114 36 166 65
car 0.0311 85 37 150 54
car 0.0309 144 41 159 56
car 0.0308 140 30 191 75
car 0.0306 75 41 119 56
car 0.0302 344 28 375 40
car 0.0298 375 48 486 91
car 0.0298 137 64 212 105
car 0.0295 243 4 318 40
car 0.0291 451 18 477 30
car 0.0290 463 45 498 95
car 0.0289 448 14 483 37
car 0.0286 460 9 488 36
car 0.0286 238 38 293 60
car 0.0282 117 124 229 226
car 0.0279 152 37 223 68
car 0.0277 398 35 443 50
car 0.0277 441 37 476 80
car 0.0276 259 48 296 64
car 0.0275 238 36 271 54
car 0.0274 393 26 459 48
car 0.0274 471 13 489 33
car 0.0274 140 38 156 48
car 0.0273 398 31 464 57
car 0.0273 439 18 470 30
car 0.0273 391 30 429 49
car 0.0272 354 26 396 41
car 0.0272 80 50 147 86
car 0.0271 403 30 428 39
car 0.0264 464 0 496 40
car 0.0262 460 70 500 91
car 0.0262 418 32 430 43
car 0.0262 227 31 407 81
car 0.0260 141 43 152 52
car 0.0260 453 22 471 33
car 0.0259 265 51 298 71
car 0.0258 157 13 486 95
car 0.0256 226 35 301 85
car 0.0255 118 34 147 44
car 0.0254 68 40 100 52
car 0.0253 475 91 500 123
car 0.0253 102 124 200 314
car 0.0253 161 37 188 61
car 0.0251 132 38 149 47
car 0.0251 422 45 460 61
car 0.0248 408 38 418 49
car 0.0248 460 76 484 108
car 0.0243 440 5 495 45
car 0.0242 450 28 467 41
car 0.0241 414 32 443 59
car 0.0240 482 35 498 51
car 0.0240 424 99 500 137
car 0.0239 175 34 207 46
car 0.0238 155 35 189 47
car 0.0238 432 29 450 43
car 0.0236 61 59 121 85
car 0.0236 482 4 497 36
car 0.0236 56 0 156 64
car 0.0235 478 28 500 42
car 0.0235 451 19 477 45
car 0.0230 329 28 357 39
car 0.0230 449 63 478 88
car 0.0229 468 18 493 46
car 0.0228 138 34 161 44
car 0.0228 424 25 446 39
car 0.0228 108 177 345 323
car 0.0228 417 18 454 54
car 0.0227 155 36 180 57
car 0.0227 205 25 333 93
car 0.0227 416 30 438 39
car 0.0227 0 20 19 49
car 0.0227 142 50 179 100
car 0.0226 454 75 495 95
car 0.0225 388 1 475 96
car 0.0223 455 18 497 38
car 0.0222 390 40 468 73
car 0.0222 407 32 421 42
car 0.0220 415 42 442 52
car 0.0220 117 16 468 174
car 0.0218 172 36 194 55
car 0.0217 53 34 269 133
car 0.0217 229 32 266 46
car 0.0216 64 41 87 55
car 0.0216 366 32 392 42
car 0.0214 440 56 471 82
car 0.0211 237 20 310 49
car 0.0211 144 34 172 45
car 0.0210 379 37 419 48
car 0.0208 143 67 165 100
car 0.0208 33 30 137 79
car 0.0207 477 37 500 70
car 0.0207 465 34 482 49
car 0.0207 431 17 459 29
car 0.0205 250 37 289 53
car 0.0205 462 60 500 80
car 0.0202 452 66 495 84
car 0.0202 153 36 174 49
car 0.0202 422 42 460 73
car 0.0201 440 29 459 43
car 0.0201 207 78 288 113
car 0.0200 147 37 164 48
car 0.0200 4 6 30 37
person 0.0624 0 1 19 38
person 0.0561 470 20 480 35
person 0.0526 425 47 473 117
person 0.0464 473 12 487 34
person 0.0405 3 0 30 35
person 0.0402 212 191 254 220
person 0.0392 463 25 473 36
person 0.0377 395 51 481 133
person 0.0367 328 63 369 91
person 0.0334 467 29 480 42
person 0.0321 409 58 460 118
person 0.0319 463 6 488 38
person 0.0316 473 28 489 42
person 0.0316 240 53 296 110
person 0.0310 417 35 426 46
person 0.0308 411 38 462 97
person 0.0300 295 60 378 94
person 0.0298 434 38 473 92
person 0.0297 158 20 167 39
person 0.0292 421 24 433 43
person 0.0292 314 62 355 90
person 0.0286 326 61 377 114
person 0.0283 363 64 381 90
person 0.0281 463 19 473 33
person 0.0280 345 64 377 89
person 0.0274 163 20 172 39
person 0.0263 8 8 28 41
person 0.0259 427 39 458 78
person 0.0259 370 26 381 40
person 0.0257 440 62 478 121
person 0.0252 372 15 385 40
person 0.0245 54 49 71 82
person 0.0239 335 189 374 237
person 0.0238 469 0 493 34
person 0.0234 426 26 440 43
person 0.0233 259 49 299 90
person 0.0226 454 26 465 37
person 0.0225 198 195 246 217
person 0.0224 455 8 479 38
person 0.0218 337 64 376 79
person 0.0215 308 202 369 241
person 0.0214 438 45 463 74
person 0.0213 454 69 475 102
person 0.0207 256 58 362 100
person 0.0206 13 5 36 39
train 0.0224 98 235 487 321
