bottle 0.0337 228 109 301 269
bottle 0.0288 0 286 114 373
bottle 0.0277 169 39 301 319
bottle 0.0208 226 168 308 310
car 0.0235 0 351 22 375
horse 0.8735 0 33 300 375
horse 0.0619 2 136 173 372
horse 0.0510 123 37 289 290
horse 0.0467 158 15 471 375
horse 0.0416 5 206 98 370
horse 0.0393 227 53 298 248
horse 0.0374 197 46 282 223
horse 0.0372 0 43 288 214
horse 0.0337 0 211 291 370
horse 0.0333 229 138 458 360
horse 0.0308 219 119 354 366
horse 0.0292 13 134 301 301
horse 0.0287 0 264 145 371
person 0.0474 0 303 25 375
person 0.0441 6 168 91 336
person 0.0405 24 28 211 314
person 0.0404 0 332 21 374
person 0.0403 81 35 282 294
person 0.0399 41 358 99 374
person 0.0392 5 69 156 364
person 0.0332 0 293 20 337
person 0.0332 17 358 70 374
person 0.0323 0 356 43 375
person 0.0322 28 351 107 375
person 0.0307 0 348 73 374
person 0.0291 0 223 24 305
person 0.0288 160 47 258 216
person 0.0281 1 307 92 374
person 0.0275 0 228 21 274
person 0.0265 0 329 43 374
person 0.0258 193 42 224 107
person 0.0250 0 286 48 375
person 0.0250 0 269 23 349
person 0.0249 5 101 91 256
person 0.0244 44 53 152 273
person 0.0233 1 345 30 375
person 0.0232 236 48 274 105
person 0.0226 0 243 19 295
person 0.0222 21 76 126 232
person 0.0221 1 243 85 372
person 0.0221 63 359 113 375
person 0.0221 1 215 42 295
person 0.0220 133 47 217 213
person 0.0219 18 125 127 285
person 0.0219 134 70 300 373
train 0.0203 0 230 337 361
