aeroplane 0.0266 0 234 27 275
aeroplane 0.0240 0 56 500 375
aeroplane 0.0201 0 239 37 263
bird 0.8766 171 149 323 236
bird 0.1041 194 148 322 199
bird 0.0701 165 75 327 240
bird 0.0619 241 155 318 236
bird 0.0497 175 147 253 222
bird 0.0449 40 144 322 253
bird 0.0446 88 8 500 241
bird 0.0424 174 149 267 185
bird 0.0403 0 230 38 262
bird 0.0311 0 221 23 258
bird 0.0295 189 126 428 242
bird 0.0284 0 207 40 274
bird 0.0265 176 151 220 180
bird 0.0230 0 232 30 286
bird 0.0213 171 154 234 204
bird 0.0209 2 7 284 277
bird 0.0208 230 152 325 188
horse 0.0534 0 0 500 375
person 0.0790 0 0 211 375
person 0.0256 0 0 500 375
person 0.0226 176 152 213 173
