aeroplane 0.0327 159 244 179 257
aeroplane 0.0242 148 241 177 262
aeroplane 0.0237 0 334 61 364
bird 0.7113 371 181 407 221
bird 0.0805 368 200 407 222
bird 0.0469 369 180 389 212
bird 0.0412 379 184 412 212
bird 0.0319 367 184 380 217
bird 0.0313 23 214 50 284
bird 0.0268 378 204 413 221
bird 0.0248 29 216 42 254
bird 0.0220 374 182 429 216
boat 0.6776 295 31 394 168
boat 0.4787 9 250 408 318
boat 0.3391 12 134 435 312
boat 0.2817 337 34 385 157
boat 0.2688 0 27 215 78
boat 0.2424 283 95 396 169
boat 0.1992 286 128 395 166
boat 0.1838 263 25 421 205
boat 0.1722 346 32 384 108
boat 0.1419 400 49 500 84
boat 0.1378 201 57 232 77
boat 0.1376 0 0 375 84
boat 0.1323 0 18 447 262
boat 0.1300 11 257 235 309
boat 0.1013 179 255 400 311
boat 0.0959 46 31 404 174
boat 0.0952 399 12 500 85
boat 0.0950 305 0 453 161
boat 0.0941 425 60 500 85
boat 0.0940 43 46 207 79
boat 0.0900 0 50 106 74
boat 0.0885 182 59 205 77
boat 0.0875 280 147 400 169
boat 0.0836 358 34 382 88
boat 0.0820 22 267 167 307
boat 0.0810 156 204 500 318
boat 0.0761 1 237 500 347
boat 0.0753 187 62 231 78
boat 0.0721 429 245 496 321
boat 0.0717 445 292 500 323
boat 0.0705 336 31 375 88
boat 0.0685 309 33 387 116
boat 0.0657 290 112 357 162
boat 0.0646 232 0 398 156
boat 0.0643 311 21 459 93
boat 0.0635 350 35 402 83
boat 0.0625 368 35 384 79
boat 0.0623 458 292 500 312
boat 0.0610 334 31 408 104
boat 0.0608 192 45 444 281
boat 0.0603 452 64 500 83
boat 0.0599 2 212 340 307
boat 0.0588 0 33 264 104
boat 0.0586 82 253 334 305
boat 0.0585 83 55 198 78
boat 0.0583 280 149 304 169
boat 0.0571 429 241 467 314
boat 0.0560 0 51 55 74
boat 0.0541 232 260 476 319
boat 0.0527 172 66 205 78
boat 0.0517 181 59 411 178
boat 0.0507 369 38 419 84
boat 0.0494 358 36 395 110
boat 0.0492 470 294 500 321
boat 0.0491 260 22 399 108
boat 0.0491 339 0 491 103
boat 0.0487 263 97 427 304
boat 0.0484 344 51 370 112
boat 0.0480 320 88 384 158
boat 0.0454 374 45 394 78
boat 0.0454 20 281 141 310
boat 0.0444 157 57 209 78
boat 0.0439 458 1 500 86
boat 0.0433 345 40 365 81
boat 0.0431 310 35 380 80
boat 0.0430 0 51 29 76
boat 0.0423 353 39 374 82
boat 0.0421 377 44 411 78
boat 0.0419 11 0 156 83
boat 0.0418 4 277 488 375
boat 0.0415 469 286 500 308
boat 0.0407 280 150 347 169
boat 0.0407 62 256 174 294
boat 0.0407 424 279 500 319
boat 0.0402 383 41 441 83
boat 0.0402 250 65 294 78
boat 0.0400 11 39 158 73
boat 0.0398 254 57 285 76
boat 0.0394 330 59 349 78
boat 0.0394 341 46 357 78
boat 0.0388 184 49 208 79
boat 0.0386 173 56 234 80
boat 0.0377 26 260 133 297
boat 0.0374 404 63 482 82
boat 0.0365 126 48 213 78
boat 0.0361 464 279 500 328
boat 0.0356 364 35 480 79
boat 0.0356 213 156 498 295
boat 0.0347 333 49 366 80
boat 0.0345 309 13 396 86
boat 0.0339 279 145 319 168
boat 0.0339 60 21 205 67
boat 0.0339 66 42 184 69
boat 0.0339 286 42 301 77
boat 0.0338 187 54 202 74
boat 0.0333 213 56 238 77
boat 0.0332 300 245 500 310
boat 0.0331 20 238 185 301
boat 0.0329 75 26 269 86
boat 0.0329 322 53 356 79
boat 0.0328 340 25 391 75
boat 0.0328 201 41 236 82
boat 0.0326 14 276 257 330
boat 0.0326 388 57 414 77
boat 0.0322 55 0 230 81
boat 0.0322 298 141 380 161
boat 0.0321 361 33 391 74
boat 0.0321 305 282 388 309
boat 0.0321 83 249 212 302
boat 0.0319 115 20 420 125
boat 0.0316 290 117 407 197
boat 0.0316 281 232 420 311
boat 0.0315 328 51 377 98
boat 0.0314 0 37 38 77
boat 0.0312 461 71 500 86
boat 0.0312 464 52 499 85
boat 0.0310 324 59 343 78
boat 0.0309 0 20 140 68
boat 0.0306 96 34 194 76
boat 0.0305 121 256 142 277
boat 0.0305 480 277 499 306
boat 0.0302 174 36 206 83
boat 0.0302 237 45 254 76
boat 0.0302 304 109 394 152
boat 0.0301 0 335 57 364
boat 0.0298 420 70 487 84
boat 0.0297 258 49 278 76
boat 0.0296 21 217 59 286
boat 0.0295 433 242 452 311
boat 0.0294 478 55 498 83
boat 0.0294 207 51 227 74
boat 0.0292 4 72 239 276
boat 0.0291 213 94 370 166
boat 0.0290 31 51 125 71
boat 0.0290 287 0 378 135
boat 0.0290 292 45 307 77
boat 0.0289 8 47 43 68
boat 0.0285 334 11 424 82
boat 0.0285 55 273 150 303
boat 0.0284 135 63 210 80
boat 0.0284 411 67 498 94
boat 0.0284 254 47 269 76
boat 0.0283 272 153 386 175
boat 0.0283 350 33 377 65
boat 0.0281 284 148 332 164
boat 0.0279 61 269 304 314
boat 0.0279 345 49 463 150
boat 0.0278 40 209 370 375
boat 0.0277 422 51 477 81
boat 0.0277 13 53 70 69
boat 0.0277 416 239 451 311
boat 0.0275 236 47 307 78
boat 0.0275 86 256 147 287
boat 0.0275 329 0 376 82
boat 0.0274 0 37 71 68
boat 0.0273 299 55 359 153
boat 0.0272 364 32 381 68
boat 0.0272 275 36 500 142
boat 0.0271 280 44 294 76
boat 0.0270 488 294 500 331
boat 0.0270 54 178 355 280
boat 0.0269 373 53 386 87
boat 0.0268 340 50 361 97
boat 0.0265 230 56 251 76
boat 0.0264 230 276 390 313
boat 0.0263 419 30 480 85
boat 0.0263 197 55 219 78
boat 0.0263 144 67 189 78
boat 0.0263 381 61 409 80
boat 0.0263 274 137 345 172
boat 0.0262 20 199 130 302
boat 0.0262 241 56 267 76
boat 0.0261 248 87 489 233
boat 0.0259 271 46 347 79
boat 0.0259 246 46 261 76
boat 0.0259 202 60 251 80
boat 0.0256 143 61 189 74
boat 0.0254 279 116 331 167
boat 0.0254 0 0 89 82
boat 0.0253 372 19 467 123
boat 0.0252 291 47 379 94
boat 0.0251 268 48 286 76
boat 0.0250 92 52 178 71
boat 0.0249 298 153 358 166
boat 0.0249 145 33 208 75
boat 0.0247 434 71 500 89
boat 0.0244 243 181 410 289
boat 0.0243 338 56 383 122
boat 0.0240 112 269 402 337
boat 0.0240 452 272 500 312
boat 0.0239 1 37 22 70
boat 0.0238 441 60 494 77
boat 0.0237 127 255 145 270
boat 0.0237 0 58 101 85
boat 0.0237 178 62 198 79
boat 0.0236 349 155 392 165
boat 0.0235 261 61 305 76
boat 0.0234 322 38 361 84
boat 0.0234 309 119 375 161
boat 0.0234 438 39 494 90
boat 0.0233 0 1 43 68
boat 0.0232 224 50 237 76
boat 0.0232 261 43 291 78
boat 0.0231 19 47 114 66
boat 0.0231 296 65 392 132
boat 0.0228 375 57 393 84
boat 0.0228 206 12 244 78
boat 0.0227 95 248 196 279
boat 0.0227 208 48 279 78
boat 0.0226 259 142 408 250
boat 0.0225 478 301 500 329
boat 0.0225 53 286 172 312
boat 0.0224 173 56 206 71
boat 0.0223 381 229 479 322
boat 0.0222 284 54 305 76
boat 0.0221 351 56 372 100
boat 0.0221 310 55 346 79
boat 0.0221 21 59 81 73
boat 0.0220 337 57 375 77
boat 0.0220 347 19 500 193
boat 0.0219 106 258 143 273
boat 0.0218 183 69 204 83
boat 0.0218 278 157 320 172
boat 0.0217 232 65 269 78
boat 0.0217 455 301 500 329
boat 0.0217 255 283 366 306
boat 0.0216 401 59 421 77
boat 0.0216 0 61 42 79
boat 0.0216 452 77 499 87
boat 0.0216 311 186 397 307
boat 0.0215 115 256 247 292
boat 0.0215 374 14 419 75
boat 0.0214 257 39 392 84
boat 0.0214 5 41 35 64
boat 0.0214 344 149 393 162
boat 0.0214 405 63 430 81
boat 0.0214 0 47 13 78
boat 0.0213 334 35 368 70
boat 0.0213 22 224 89 305
boat 0.0213 318 154 381 166
boat 0.0212 338 58 358 81
boat 0.0212 231 50 264 77
boat 0.0212 379 43 414 116
boat 0.0211 332 286 383 306
boat 0.0210 216 53 344 155
boat 0.0209 202 66 230 82
boat 0.0208 268 19 308 80
boat 0.0205 170 31 222 76
boat 0.0204 285 143 320 158
boat 0.0204 12 60 259 134
boat 0.0202 165 61 193 76
boat 0.0202 17 273 96 304
boat 0.0202 318 88 467 164
boat 0.0201 16 49 69 63
boat 0.0201 241 256 364 297
bottle 0.0470 125 254 142 291
bottle 0.0376 431 240 454 315
bottle 0.0296 116 253 144 301
car 0.0245 0 323 23 354
person 0.5519 313 111 333 154
person 0.0860 160 243 176 262
person 0.0657 310 113 350 160
person 0.0646 318 111 339 140
person 0.0620 312 114 327 139
person 0.0515 254 258 268 299
person 0.0493 206 258 222 285
person 0.0430 163 247 175 260
person 0.0424 328 112 346 141
person 0.0414 302 109 332 166
person 0.0342 310 121 329 160
person 0.0307 324 117 346 152
person 0.0300 128 256 143 273
person 0.0286 305 116 318 148
person 0.0256 307 110 334 138
person 0.0253 149 242 177 264
person 0.0249 285 118 339 162
person 0.0237 332 257 349 287
person 0.0223 209 265 227 287
person 0.0222 302 131 318 156
person 0.0218 205 263 217 282
person 0.0217 256 267 273 302
person 0.0216 252 258 270 277
person 0.0215 320 111 331 131
person 0.0212 2 9 19 50
person 0.0210 9 16 27 47
person 0.0205 284 150 294 166
person 0.0200 286 248 301 265
tvmonitor 0.0443 0 0 276 69
