aeroplane 0.0838 278 160 297 192
aeroplane 0.0463 2 159 465 354
aeroplane 0.0383 67 260 88 299
aeroplane 0.0325 0 331 40 375
aeroplane 0.0322 5 259 90 297
aeroplane 0.0277 205 265 240 309
aeroplane 0.0267 60 259 184 296
aeroplane 0.0267 261 160 301 193
aeroplane 0.0254 10 176 302 313
aeroplane 0.0235 148 291 170 302
aeroplane 0.0204 202 151 475 332
aeroplane 0.0201 45 262 124 296
bicycle 0.2094 26 154 89 186
bicycle 0.0737 33 154 67 182
bicycle 0.0444 42 152 88 175
bicycle 0.0402 40 157 101 204
bicycle 0.0301 73 163 101 204
bicycle 0.0298 0 297 83 375
bird 0.0226 0 299 31 354
boat 0.0598 276 160 298 193
boat 0.0542 12 154 347 316
boat 0.0390 69 259 88 300
boat 0.0368 220 199 239 229
boat 0.0332 272 210 357 228
boat 0.0323 0 125 500 362
boat 0.0313 137 259 167 279
boat 0.0310 95 183 294 304
boat 0.0305 110 261 172 281
boat 0.0271 84 260 182 292
boat 0.0268 3 223 281 306
boat 0.0266 259 164 301 191
boat 0.0263 192 198 254 310
boat 0.0241 0 302 24 357
boat 0.0232 0 0 421 237
boat 0.0232 205 247 244 309
boat 0.0227 92 176 451 291
boat 0.0223 209 198 244 280
boat 0.0214 219 163 301 197
boat 0.0204 0 244 302 344
boat 0.0204 216 197 244 240
boat 0.0203 441 0 456 40
boat 0.0203 434 0 449 40
boat 0.0200 401 0 420 41
car 0.0386 0 348 37 375
car 0.0205 77 173 101 206
motorbike 0.6204 22 148 98 199
motorbike 0.1933 21 139 85 181
motorbike 0.1321 24 155 78 189
motorbike 0.0877 42 151 95 184
motorbike 0.0836 74 161 101 199
motorbike 0.0796 0 128 107 196
motorbike 0.0708 50 155 101 203
motorbike 0.0627 66 155 98 180
motorbike 0.0474 5 144 70 192
motorbike 0.0453 21 158 55 185
motorbike 0.0451 27 141 114 230
motorbike 0.0438 7 147 95 267
motorbike 0.0396 24 150 67 174
motorbike 0.0310 121 150 143 163
motorbike 0.0306 11 151 500 375
motorbike 0.0242 0 146 83 219
motorbike 0.0229 26 157 54 174
motorbike 0.0208 60 149 114 194
motorbike 0.0207 111 152 142 167
person 0.6696 36 127 74 185
person 0.2056 25 150 68 187
person 0.2016 30 147 87 195
person 0.1852 207 276 222 310
person 0.1320 30 146 58 178
person 0.1273 24 150 48 176
person 0.1143 40 145 71 178
person 0.1109 51 147 90 182
person 0.1064 0 301 19 364
person 0.0971 24 157 49 187
person 0.0951 37 130 67 167
person 0.0803 37 138 96 176
person 0.0776 69 153 94 177
person 0.0713 13 127 93 188
person 0.0690 206 269 232 310
person 0.0675 124 148 138 166
person 0.0641 26 140 45 167
person 0.0640 49 135 77 176
person 0.0625 24 135 54 173
person 0.0609 61 145 87 174
person 0.0597 1 292 39 371
person 0.0596 0 330 22 374
person 0.0569 61 156 90 190
person 0.0532 127 152 137 164
person 0.0530 153 290 167 307
person 0.0511 126 147 142 174
person 0.0437 156 294 166 304
person 0.0435 52 155 79 189
person 0.0415 19 133 74 168
person 0.0410 78 154 98 177
person 0.0410 130 150 141 163
person 0.0405 42 126 72 155
person 0.0399 22 147 41 169
person 0.0356 75 149 91 166
person 0.0355 0 348 29 375
person 0.0344 0 318 12 373
person 0.0340 73 152 101 189
person 0.0327 17 147 78 175
person 0.0314 70 259 89 298
person 0.0313 0 32 467 369
person 0.0293 4 161 92 305
person 0.0288 53 129 88 170
person 0.0282 45 128 82 148
person 0.0281 2 314 26 355
person 0.0274 0 268 42 348
person 0.0273 205 278 216 305
person 0.0273 0 137 75 181
person 0.0264 2 286 19 341
person 0.0264 32 129 60 158
person 0.0264 36 157 63 193
person 0.0258 6 129 50 186
person 0.0257 61 139 99 169
person 0.0255 65 132 85 161
person 0.0243 145 259 162 273
person 0.0242 231 262 245 288
person 0.0240 29 135 47 155
person 0.0235 117 149 132 167
person 0.0232 22 144 41 160
person 0.0224 214 269 240 307
person 0.0222 234 265 245 279
person 0.0219 25 142 36 157
person 0.0216 14 145 60 167
person 0.0214 55 129 104 184
person 0.0208 120 146 141 182
person 0.0207 77 145 89 158
person 0.0207 86 151 96 165
person 0.0207 120 152 130 164
person 0.0201 13 149 48 192
person 0.0201 49 129 68 150
person 0.0200 9 144 29 168
train 0.0499 0 149 405 333
train 0.0374 273 210 362 228
train 0.0205 0 210 500 375
