bicycle 0.0205 249 125 311 189
boat 0.0606 2 0 469 351
boat 0.0255 0 2 319 181
bottle 0.0588 56 0 123 20
bus 0.0832 0 0 429 364
chair 0.4747 446 183 500 314
chair 0.1165 355 192 434 349
chair 0.1044 419 176 500 352
chair 0.1020 37 70 170 343
chair 0.0883 327 175 459 370
chair 0.0832 0 325 34 375
chair 0.0826 395 181 470 321
chair 0.0793 413 311 498 374
chair 0.0785 348 319 426 372
chair 0.0771 244 120 394 335
chair 0.0747 457 186 499 266
chair 0.0738 1 318 82 375
chair 0.0698 274 191 437 343
chair 0.0682 0 0 372 375
chair 0.0646 24 154 134 360
chair 0.0627 1 58 115 375
chair 0.0622 339 257 447 365
chair 0.0612 344 341 410 373
chair 0.0610 435 239 500 372
chair 0.0608 320 199 404 343
chair 0.0598 268 182 370 318
chair 0.0595 0 282 46 375
chair 0.0560 209 91 346 332
chair 0.0559 177 57 300 341
chair 0.0533 428 345 500 374
chair 0.0522 0 339 62 375
chair 0.0513 9 201 83 367
chair 0.0511 97 77 236 350
chair 0.0504 65 188 145 344
chair 0.0473 36 170 233 362
chair 0.0472 0 330 154 375
chair 0.0470 352 302 470 374
chair 0.0467 114 97 438 363
chair 0.0462 362 338 458 372
chair 0.0458 393 338 488 373
chair 0.0457 351 277 413 374
chair 0.0453 419 186 478 294
chair 0.0443 235 218 378 346
chair 0.0441 76 138 184 346
chair 0.0441 253 122 341 291
chair 0.0409 455 317 500 375
chair 0.0407 403 316 450 375
chair 0.0378 388 199 444 311
chair 0.0377 381 295 442 374
chair 0.0373 228 137 308 308
chair 0.0361 368 228 500 366
chair 0.0361 6 237 157 368
chair 0.0343 0 342 25 375
chair 0.0342 39 319 185 372
chair 0.0339 196 161 269 325
chair 0.0327 0 348 105 375
chair 0.0315 158 163 250 364
chair 0.0313 76 222 130 324
chair 0.0308 240 245 491 367
chair 0.0304 439 184 491 250
chair 0.0303 69 104 150 316
chair 0.0299 118 192 223 371
chair 0.0299 445 355 500 373
chair 0.0296 405 344 449 375
chair 0.0288 97 210 174 360
chair 0.0281 404 196 452 280
chair 0.0280 445 184 471 259
chair 0.0279 301 103 410 316
chair 0.0276 366 325 411 375
chair 0.0273 454 184 500 228
chair 0.0271 220 213 329 319
chair 0.0268 392 263 462 375
chair 0.0268 447 259 500 316
chair 0.0265 138 171 204 333
chair 0.0261 25 321 109 370
chair 0.0261 346 344 379 369
chair 0.0256 0 149 53 375
chair 0.0249 240 307 437 370
chair 0.0247 376 211 425 317
chair 0.0247 305 336 421 375
chair 0.0246 424 189 463 270
chair 0.0245 7 342 38 375
chair 0.0245 343 92 435 318
chair 0.0244 145 171 338 354
chair 0.0243 167 200 419 375
chair 0.0240 331 221 379 321
chair 0.0238 382 318 419 375
chair 0.0238 60 310 257 370
chair 0.0237 447 231 493 305
chair 0.0236 0 283 108 373
chair 0.0234 46 333 128 375
chair 0.0234 193 244 356 365
chair 0.0232 401 225 450 330
chair 0.0231 452 289 500 312
chair 0.0231 37 200 108 325
chair 0.0228 364 348 404 374
chair 0.0228 234 221 278 316
chair 0.0228 474 344 499 375
chair 0.0227 1 355 53 374
chair 0.0225 245 273 419 355
chair 0.0225 266 140 379 266
chair 0.0223 342 241 390 359
chair 0.0221 396 120 500 309
chair 0.0216 105 109 175 310
chair 0.0215 402 289 500 354
chair 0.0212 232 318 317 374
chair 0.0212 16 275 255 368
chair 0.0212 475 188 500 248
chair 0.0209 156 268 234 375
chair 0.0209 51 233 126 346
chair 0.0207 0 291 25 375
chair 0.0206 252 245 345 316
chair 0.0205 95 253 128 320
chair 0.0203 267 259 336 288
chair 0.0202 359 214 406 318
chair 0.0200 191 230 265 370
diningtable 0.0407 0 45 461 365
diningtable 0.0305 147 185 453 347
diningtable 0.0267 1 179 306 357
diningtable 0.0239 245 168 475 310
diningtable 0.0220 36 225 408 370
diningtable 0.0219 337 185 480 274
diningtable 0.0204 0 306 243 375
person 0.1057 63 0 126 21
person 0.0532 40 14 154 130
person 0.0386 4 0 437 352
person 0.0375 61 3 136 46
person 0.0345 98 0 140 18
person 0.0314 253 33 436 330
person 0.0302 113 104 151 189
person 0.0294 183 209 205 282
person 0.0291 91 112 121 191
person 0.0286 290 127 311 158
person 0.0284 270 127 312 183
person 0.0284 98 77 156 195
person 0.0270 58 0 151 30
person 0.0266 486 127 498 175
person 0.0265 92 1 126 23
person 0.0245 184 229 201 276
person 0.0243 0 5 20 48
person 0.0239 94 86 121 166
person 0.0239 132 135 156 186
person 0.0233 43 0 102 26
person 0.0227 278 126 308 163
person 0.0221 0 0 120 182
person 0.0220 296 126 322 156
person 0.0218 46 3 163 59
person 0.0218 127 104 162 188
person 0.0216 101 131 142 189
person 0.0214 489 122 500 195
pottedplant 0.1623 66 0 122 22
pottedplant 0.1362 339 143 369 192
pottedplant 0.1059 12 0 372 363
pottedplant 0.0954 15 0 161 355
pottedplant 0.0913 422 132 447 194
pottedplant 0.0837 140 14 279 300
pottedplant 0.0830 342 133 389 195
pottedplant 0.0774 333 102 367 191
pottedplant 0.0730 342 84 368 158
pottedplant 0.0723 427 136 443 181
pottedplant 0.0668 412 109 445 190
pottedplant 0.0663 1 10 98 251
pottedplant 0.0632 336 96 398 196
pottedplant 0.0620 256 93 338 215
pottedplant 0.0601 46 18 159 241
pottedplant 0.0599 416 133 438 190
pottedplant 0.0588 44 72 96 201
pottedplant 0.0576 360 122 402 190
pottedplant 0.0572 327 0 455 225
pottedplant 0.0569 196 49 272 218
pottedplant 0.0565 398 124 433 194
pottedplant 0.0553 349 44 428 198
pottedplant 0.0519 185 42 209 114
pottedplant 0.0519 247 93 351 288
pottedplant 0.0505 9 59 75 211
pottedplant 0.0502 427 124 457 195
pottedplant 0.0498 321 87 357 173
pottedplant 0.0496 280 70 361 192
pottedplant 0.0491 41 0 133 30
pottedplant 0.0488 377 128 413 194
pottedplant 0.0485 193 35 324 309
pottedplant 0.0485 351 90 370 148
pottedplant 0.0483 30 31 118 203
pottedplant 0.0474 78 74 135 196
pottedplant 0.0470 227 67 294 204
pottedplant 0.0462 403 87 453 203
pottedplant 0.0458 319 126 357 190
pottedplant 0.0457 336 160 363 190
pottedplant 0.0453 14 12 139 137
pottedplant 0.0453 241 81 275 170
pottedplant 0.0448 386 129 404 186
pottedplant 0.0448 13 124 41 198
pottedplant 0.0446 62 40 194 352
pottedplant 0.0440 228 28 368 243
pottedplant 0.0436 311 33 412 207
pottedplant 0.0429 186 45 200 90
pottedplant 0.0421 89 125 122 189
pottedplant 0.0415 57 2 126 48
pottedplant 0.0404 0 64 48 229
pottedplant 0.0396 399 86 436 168
pottedplant 0.0382 431 124 449 170
pottedplant 0.0381 280 106 365 248
pottedplant 0.0380 332 136 374 207
pottedplant 0.0380 265 124 313 180
pottedplant 0.0376 383 40 457 200
pottedplant 0.0374 410 81 440 141
pottedplant 0.0371 73 88 150 276
pottedplant 0.0368 232 103 302 267
pottedplant 0.0367 332 145 355 190
pottedplant 0.0366 273 128 351 187
pottedplant 0.0364 283 12 431 270
pottedplant 0.0363 389 128 403 166
pottedplant 0.0359 419 131 434 175
pottedplant 0.0358 342 126 367 179
pottedplant 0.0357 249 87 289 162
pottedplant 0.0355 353 76 406 182
pottedplant 0.0353 354 82 369 126
pottedplant 0.0349 298 120 342 179
pottedplant 0.0349 349 106 365 154
pottedplant 0.0348 127 37 225 243
pottedplant 0.0348 160 35 291 196
pottedplant 0.0347 337 82 360 145
pottedplant 0.0346 101 57 173 207
pottedplant 0.0345 184 37 252 182
pottedplant 0.0342 68 7 284 214
pottedplant 0.0341 62 82 106 192
pottedplant 0.0341 422 88 462 190
pottedplant 0.0338 38 81 120 279
pottedplant 0.0338 13 0 134 53
pottedplant 0.0334 17 152 35 195
pottedplant 0.0333 286 129 380 201
pottedplant 0.0326 357 110 427 203
pottedplant 0.0325 199 49 212 87
pottedplant 0.0324 50 105 87 193
pottedplant 0.0323 288 127 327 182
pottedplant 0.0317 336 147 363 180
pottedplant 0.0315 190 49 207 97
pottedplant 0.0315 200 56 327 195
pottedplant 0.0314 4 98 37 203
pottedplant 0.0312 331 154 381 190
pottedplant 0.0312 351 136 370 179
pottedplant 0.0311 427 94 453 172
pottedplant 0.0310 410 135 428 179
pottedplant 0.0309 251 119 296 184
pottedplant 0.0308 250 37 393 180
pottedplant 0.0307 167 63 246 237
pottedplant 0.0307 342 166 368 193
pottedplant 0.0307 307 78 408 276
pottedplant 0.0305 345 128 410 214
pottedplant 0.0305 220 60 272 178
pottedplant 0.0305 324 69 376 186
pottedplant 0.0304 354 116 368 154
pottedplant 0.0304 95 101 136 191
pottedplant 0.0295 423 112 444 167
pottedplant 0.0294 81 148 97 189
pottedplant 0.0293 349 83 364 127
pottedplant 0.0292 10 141 30 198
pottedplant 0.0292 133 79 196 234
pottedplant 0.0291 40 87 78 190
pottedplant 0.0290 420 86 447 156
pottedplant 0.0290 413 110 437 164
pottedplant 0.0288 263 91 313 157
pottedplant 0.0287 433 133 455 180
pottedplant 0.0286 283 112 420 192
pottedplant 0.0285 387 115 445 209
pottedplant 0.0284 79 123 106 189
pottedplant 0.0284 425 107 441 143
pottedplant 0.0284 275 108 328 166
pottedplant 0.0283 112 123 151 191
pottedplant 0.0281 301 85 366 161
pottedplant 0.0280 340 101 357 149
pottedplant 0.0279 434 72 492 192
pottedplant 0.0278 348 125 365 159
pottedplant 0.0278 389 161 403 194
pottedplant 0.0277 441 112 482 186
pottedplant 0.0276 13 159 27 197
pottedplant 0.0274 431 112 448 153
pottedplant 0.0273 239 86 267 143
pottedplant 0.0273 400 135 422 189
pottedplant 0.0273 343 137 368 162
pottedplant 0.0272 0 0 33 17
pottedplant 0.0269 427 121 441 157
pottedplant 0.0268 459 106 496 187
pottedplant 0.0267 19 116 53 198
pottedplant 0.0266 108 95 172 270
pottedplant 0.0265 371 75 428 179
pottedplant 0.0263 376 128 402 179
pottedplant 0.0262 406 142 430 194
pottedplant 0.0261 302 127 327 158
pottedplant 0.0261 186 40 232 146
pottedplant 0.0259 424 89 441 136
pottedplant 0.0259 193 49 214 105
pottedplant 0.0254 333 161 350 191
pottedplant 0.0253 90 0 119 23
pottedplant 0.0252 416 109 436 141
pottedplant 0.0249 8 84 80 317
pottedplant 0.0246 320 143 344 189
pottedplant 0.0246 173 88 301 268
pottedplant 0.0245 339 84 356 124
pottedplant 0.0245 419 84 436 133
pottedplant 0.0244 66 0 93 21
pottedplant 0.0242 431 144 447 189
pottedplant 0.0239 424 132 445 159
pottedplant 0.0239 74 151 91 188
pottedplant 0.0238 405 132 436 173
pottedplant 0.0237 308 145 372 189
pottedplant 0.0236 243 93 307 193
pottedplant 0.0235 418 118 435 155
pottedplant 0.0235 63 44 190 195
pottedplant 0.0234 241 120 277 193
pottedplant 0.0231 239 48 275 133
pottedplant 0.0229 184 32 205 91
pottedplant 0.0227 363 75 398 153
pottedplant 0.0226 5 18 77 162
pottedplant 0.0224 398 103 439 144
pottedplant 0.0221 2 0 24 30
pottedplant 0.0219 338 133 360 166
pottedplant 0.0219 90 136 146 192
pottedplant 0.0219 0 104 94 230
pottedplant 0.0217 346 102 368 137
pottedplant 0.0215 352 77 381 142
pottedplant 0.0214 0 80 27 221
pottedplant 0.0213 427 156 441 193
pottedplant 0.0212 309 136 338 187
pottedplant 0.0212 392 143 407 188
pottedplant 0.0211 332 92 353 150
pottedplant 0.0210 288 132 372 168
pottedplant 0.0207 260 89 278 134
pottedplant 0.0204 368 141 396 189
pottedplant 0.0204 333 78 393 153
pottedplant 0.0203 353 109 372 141
pottedplant 0.0203 419 0 493 192
pottedplant 0.0203 73 1 104 25
pottedplant 0.0203 413 113 470 217
pottedplant 0.0202 403 148 417 188
pottedplant 0.0202 358 89 375 127
pottedplant 0.0201 402 112 435 138
pottedplant 0.0201 416 131 438 157
pottedplant 0.0200 28 1 350 119
pottedplant 0.0200 228 108 265 190
sheep 0.0774 0 0 396 375
sofa 0.3441 437 184 493 318
sofa 0.1034 379 181 489 322
sofa 0.0996 324 174 463 364
sofa 0.0408 0 15 449 369
sofa 0.0372 409 182 497 277
sofa 0.0309 258 207 457 323
sofa 0.0293 259 231 348 318
sofa 0.0276 265 253 500 371
sofa 0.0254 164 172 491 360
train 0.0365 145 0 463 283
train 0.0309 22 0 423 369
train 0.0302 0 0 471 166
tvmonitor 0.0608 10 9 144 254
tvmonitor 0.0585 0 0 194 375
tvmonitor 0.0482 11 3 203 161
tvmonitor 0.0469 14 0 370 337
tvmonitor 0.0449 15 0 136 66
tvmonitor 0.0350 50 4 131 44
tvmonitor 0.0338 88 66 147 203
tvmonitor 0.0294 254 86 352 167
tvmonitor 0.0288 24 8 177 88
tvmonitor 0.0282 458 290 499 312
tvmonitor 0.0282 53 13 128 64
tvmonitor 0.0277 0 10 106 97
tvmonitor 0.0276 23 0 135 24
tvmonitor 0.0274 317 0 468 217
tvmonitor 0.0254 6 0 322 90
tvmonitor 0.0237 4 10 79 152
tvmonitor 0.0232 261 234 344 301
