boat 0.0716 0 0 447 375
boat 0.0431 64 47 280 298
boat 0.0302 0 96 213 258
boat 0.0234 227 29 500 375
boat 0.0213 55 27 152 152
bus 0.0570 0 0 468 375
horse 0.8953 118 142 273 273
horse 0.8034 359 149 496 256
horse 0.6335 314 147 389 233
horse 0.6334 55 157 129 247
horse 0.4736 254 136 306 177
horse 0.3913 94 145 204 255
horse 0.3385 338 142 407 246
horse 0.2723 270 137 325 176
horse 0.2722 417 134 490 258
horse 0.2420 294 138 339 175
horse 0.2293 365 157 437 258
horse 0.2189 300 130 384 209
horse 0.1668 279 136 357 179
horse 0.1342 305 133 351 171
horse 0.1188 79 135 137 241
horse 0.1131 240 133 338 179
horse 0.1099 256 137 367 247
horse 0.1038 308 149 453 246
horse 0.1029 359 149 409 215
horse 0.1018 301 135 343 201
horse 0.0986 205 145 459 262
horse 0.0927 48 130 166 274
horse 0.0784 323 157 426 213
horse 0.0723 252 130 330 215
horse 0.0703 241 142 295 186
horse 0.0696 314 135 387 178
horse 0.0580 198 146 306 249
horse 0.0579 304 147 355 235
horse 0.0567 60 164 142 203
horse 0.0553 400 161 500 224
horse 0.0539 37 88 280 289
horse 0.0532 288 139 330 162
horse 0.0527 263 144 293 179
horse 0.0521 303 148 375 190
horse 0.0507 51 152 165 219
horse 0.0497 52 165 104 237
horse 0.0464 148 132 372 257
horse 0.0447 111 155 170 265
horse 0.0443 281 124 397 177
horse 0.0437 322 159 368 229
horse 0.0425 355 163 454 222
horse 0.0424 110 155 246 231
horse 0.0423 362 170 414 244
horse 0.0408 257 142 300 166
horse 0.0408 439 165 496 261
horse 0.0387 284 152 319 177
horse 0.0351 353 155 390 233
horse 0.0343 295 135 343 159
horse 0.0342 323 149 406 190
horse 0.0328 261 132 309 161
horse 0.0314 366 121 474 227
horse 0.0294 59 169 118 216
horse 0.0281 304 152 342 176
horse 0.0280 363 159 437 204
horse 0.0279 284 137 326 204
horse 0.0247 0 143 213 259
horse 0.0245 221 140 319 190
horse 0.0242 275 135 325 158
horse 0.0237 252 153 290 176
horse 0.0236 398 187 500 258
horse 0.0231 107 159 164 217
horse 0.0218 374 189 420 259
motorbike 0.0249 403 165 493 204
person 0.7758 423 117 469 225
person 0.5674 167 118 208 224
person 0.5619 88 126 126 203
person 0.5200 366 123 395 190
person 0.3923 76 128 128 233
person 0.3905 404 110 486 252
person 0.3682 359 124 402 216
person 0.3467 324 116 340 158
person 0.3206 270 123 287 157
person 0.2991 264 127 295 174
person 0.2926 336 128 394 225
person 0.2778 351 123 389 195
person 0.2670 133 123 209 236
person 0.2421 334 131 371 177
person 0.2338 154 126 226 258
person 0.1971 85 128 110 191
person 0.1908 310 122 345 171
person 0.1890 285 142 314 177
person 0.1843 338 126 383 166
person 0.1813 130 126 171 194
person 0.1782 313 130 360 192
person 0.1711 151 125 170 153
person 0.1661 317 133 365 169
person 0.1616 303 138 339 174
person 0.1556 324 119 355 167
person 0.1514 326 124 378 192
person 0.1494 146 124 172 165
person 0.1490 320 131 342 166
person 0.1377 272 135 308 174
person 0.1267 97 125 152 198
person 0.1257 291 138 327 175
person 0.1237 118 125 185 216
person 0.1218 429 151 494 256
person 0.1207 332 124 365 163
person 0.1205 181 149 214 220
person 0.1170 101 130 124 175
person 0.1120 361 124 391 164
person 0.1110 157 123 174 151
person 0.1103 84 134 101 183
person 0.1083 176 148 266 274
person 0.1074 88 127 107 168
person 0.1060 68 129 116 203
person 0.1011 363 136 423 242
person 0.0996 177 144 229 239
person 0.0985 322 121 335 151
person 0.0982 140 135 168 172
person 0.0962 162 121 199 191
person 0.0936 0 0 307 375
person 0.0924 147 124 182 181
person 0.0918 100 139 167 256
person 0.0893 86 156 107 195
person 0.0868 273 126 285 144
person 0.0834 329 137 353 168
person 0.0827 450 154 498 229
person 0.0806 60 148 118 228
person 0.0762 429 147 484 211
person 0.0758 279 131 304 164
person 0.0751 94 127 118 166
person 0.0748 365 121 392 149
person 0.0748 252 146 270 179
person 0.0747 256 144 288 177
person 0.0746 381 119 454 209
person 0.0740 99 135 132 190
person 0.0728 173 119 204 176
person 0.0684 169 118 199 144
person 0.0683 443 145 471 216
person 0.0679 372 135 465 244
person 0.0673 423 116 460 183
person 0.0672 349 125 372 158
person 0.0666 327 120 338 139
person 0.0646 160 120 195 153
person 0.0641 261 125 283 161
person 0.0627 308 139 351 162
person 0.0620 452 161 474 207
person 0.0613 387 148 403 175
person 0.0612 306 139 340 207
person 0.0603 290 138 312 163
person 0.0602 137 135 156 166
person 0.0602 306 137 329 163
person 0.0600 435 156 463 215
person 0.0598 384 136 402 171
person 0.0597 158 129 168 143
person 0.0576 333 144 364 198
person 0.0574 81 167 103 198
person 0.0572 156 127 177 166
person 0.0560 371 125 403 172
person 0.0552 152 119 182 146
person 0.0539 92 152 116 195
person 0.0526 423 117 458 135
person 0.0525 311 132 326 152
person 0.0513 88 128 124 151
person 0.0508 342 143 386 205
person 0.0508 277 125 291 143
person 0.0503 313 147 352 226
person 0.0502 345 143 376 187
person 0.0501 198 153 253 224
person 0.0500 342 153 367 190
person 0.0497 329 119 345 145
person 0.0495 190 155 211 204
person 0.0485 325 146 369 224
person 0.0481 120 153 173 227
person 0.0478 162 125 174 141
person 0.0472 366 138 415 200
person 0.0466 323 124 333 144
person 0.0461 342 138 373 166
person 0.0460 170 145 200 217
person 0.0453 321 135 363 156
person 0.0452 70 154 109 211
person 0.0451 173 117 207 136
person 0.0450 366 149 390 197
person 0.0449 104 150 160 209
person 0.0443 276 127 303 150
person 0.0441 113 133 140 176
person 0.0440 370 122 389 142
person 0.0438 106 130 131 165
person 0.0438 337 121 358 152
person 0.0438 447 186 500 258
person 0.0435 253 136 270 166
person 0.0431 144 130 171 147
person 0.0429 319 162 343 204
person 0.0427 183 127 213 184
person 0.0421 120 134 138 167
person 0.0417 312 148 336 187
person 0.0415 317 145 343 180
person 0.0414 157 140 177 180
person 0.0412 313 126 324 146
person 0.0410 382 163 436 233
person 0.0410 256 128 270 158
person 0.0409 294 136 309 153
person 0.0408 427 117 452 149
person 0.0407 412 153 457 227
person 0.0405 300 139 318 162
person 0.0400 385 154 403 188
person 0.0399 244 134 291 181
person 0.0389 338 159 359 199
person 0.0388 268 129 330 180
person 0.0385 267 124 309 164
person 0.0382 329 135 401 179
person 0.0382 149 129 163 147
person 0.0382 245 148 264 182
person 0.0381 118 151 137 182
person 0.0381 352 157 375 190
person 0.0374 328 162 351 201
person 0.0374 130 138 144 164
person 0.0373 162 123 178 137
person 0.0373 135 129 167 159
person 0.0372 285 126 299 145
person 0.0372 194 152 216 188
person 0.0372 102 149 125 195
person 0.0366 446 172 468 213
person 0.0366 95 143 130 222
person 0.0365 304 138 315 152
person 0.0361 341 123 374 143
person 0.0361 266 127 278 148
person 0.0359 355 149 391 228
person 0.0358 50 100 146 241
person 0.0358 163 119 194 135
person 0.0357 72 131 178 204
person 0.0357 183 123 223 211
person 0.0353 441 124 470 185
person 0.0352 373 140 397 185
person 0.0352 329 146 353 180
person 0.0350 120 133 164 175
person 0.0348 76 140 98 195
person 0.0346 182 120 210 142
person 0.0345 255 137 288 165
person 0.0344 330 145 369 169
person 0.0341 301 136 338 154
person 0.0341 381 123 404 156
person 0.0338 419 120 500 197
person 0.0338 430 173 454 211
person 0.0338 193 156 219 220
person 0.0336 102 2 240 258
person 0.0335 147 141 172 182
person 0.0333 85 164 125 198
person 0.0328 158 125 171 138
person 0.0324 178 166 205 225
person 0.0322 141 147 190 221
person 0.0318 273 134 312 154
person 0.0317 126 132 150 169
person 0.0316 305 132 313 146
person 0.0315 59 174 85 208
person 0.0313 159 153 176 193
person 0.0311 85 128 99 155
person 0.0311 252 130 278 171
person 0.0309 272 122 288 137
person 0.0309 292 133 312 148
person 0.0306 421 174 444 211
person 0.0302 103 129 135 148
person 0.0301 451 150 474 191
person 0.0300 117 165 178 271
person 0.0297 426 139 459 210
person 0.0296 181 128 278 209
person 0.0294 338 119 411 191
person 0.0294 163 127 189 167
person 0.0293 451 168 477 227
person 0.0293 112 123 191 175
person 0.0292 109 151 132 191
person 0.0292 239 143 282 204
person 0.0292 140 132 152 151
person 0.0290 308 120 330 156
person 0.0289 269 123 295 142
person 0.0289 418 167 436 205
person 0.0288 329 122 363 143
person 0.0287 373 195 418 258
person 0.0287 423 122 446 161
person 0.0285 296 132 306 145
person 0.0283 167 121 185 139
person 0.0282 239 146 255 181
person 0.0282 187 124 210 164
person 0.0280 92 172 117 204
person 0.0279 372 123 407 140
person 0.0279 303 134 321 147
person 0.0278 361 139 388 180
person 0.0275 420 119 447 131
person 0.0275 71 171 94 199
person 0.0273 386 130 412 169
person 0.0271 458 165 481 204
person 0.0269 55 136 98 201
person 0.0267 315 163 335 213
person 0.0265 276 127 283 137
person 0.0264 450 130 469 171
person 0.0262 383 165 405 201
person 0.0261 390 133 433 205
person 0.0260 65 167 101 206
person 0.0258 143 128 186 154
person 0.0258 290 120 386 178
person 0.0257 344 197 364 234
person 0.0257 150 126 171 140
person 0.0254 199 203 252 276
person 0.0254 314 125 329 142
person 0.0253 289 129 330 155
person 0.0252 369 150 399 211
person 0.0252 133 137 148 154
person 0.0252 340 132 377 156
person 0.0251 69 146 143 197
person 0.0248 300 121 369 162
person 0.0246 391 125 410 151
person 0.0245 436 118 470 133
person 0.0244 349 125 363 143
person 0.0243 421 124 437 151
person 0.0243 225 139 280 183
person 0.0243 329 155 369 178
person 0.0241 248 150 273 189
person 0.0240 345 127 381 149
person 0.0240 374 207 399 258
person 0.0239 393 140 408 163
person 0.0238 116 162 137 194
person 0.0237 365 170 390 238
person 0.0236 115 198 162 270
person 0.0235 392 149 407 166
person 0.0235 261 133 297 152
person 0.0234 436 119 461 157
person 0.0233 307 128 319 141
person 0.0233 316 160 346 184
person 0.0233 276 125 343 163
person 0.0232 146 115 213 181
person 0.0231 139 135 167 152
person 0.0231 133 138 142 151
person 0.0230 141 148 267 226
person 0.0230 258 121 287 148
person 0.0229 321 126 355 149
person 0.0228 103 167 124 206
person 0.0227 329 182 362 235
person 0.0227 307 128 313 141
person 0.0226 326 120 385 152
person 0.0226 219 146 265 203
person 0.0225 106 131 155 166
person 0.0225 217 156 268 242
person 0.0224 77 157 94 191
person 0.0223 195 123 218 140
person 0.0222 259 126 268 146
person 0.0222 174 171 197 219
person 0.0222 345 149 417 188
person 0.0222 159 128 167 137
person 0.0221 201 159 222 202
person 0.0220 459 179 482 220
person 0.0220 330 121 337 131
person 0.0219 196 139 216 177
person 0.0219 296 128 310 141
person 0.0218 358 125 369 140
person 0.0217 341 122 355 142
person 0.0217 52 157 99 222
person 0.0216 115 210 129 254
person 0.0214 164 126 173 136
person 0.0214 338 144 387 174
person 0.0213 419 120 443 140
person 0.0213 121 133 139 148
person 0.0213 200 129 216 162
person 0.0213 81 144 91 175
person 0.0212 357 121 424 174
person 0.0212 453 154 489 200
person 0.0212 312 156 350 176
person 0.0211 64 171 84 196
person 0.0211 298 123 319 155
person 0.0210 290 128 299 141
person 0.0210 358 157 388 186
person 0.0209 136 146 161 179
person 0.0209 134 135 147 147
person 0.0209 132 143 176 174
