boat 0.0225 170 35 292 125
bottle 0.0758 0 327 25 432
bottle 0.0485 0 422 48 475
bottle 0.0479 10 122 94 456
bottle 0.0432 2 324 86 459
bottle 0.0383 120 53 295 168
bottle 0.0329 21 187 84 407
bottle 0.0300 0 388 14 432
bottle 0.0294 88 233 260 462
bottle 0.0291 301 395 331 492
bottle 0.0290 224 148 317 443
bottle 0.0285 143 404 182 431
bottle 0.0273 0 384 27 431
bottle 0.0271 107 333 206 452
bottle 0.0270 280 382 333 496
bottle 0.0267 153 48 257 120
bottle 0.0256 136 406 186 444
bottle 0.0253 0 324 17 400
bottle 0.0248 112 380 228 451
bottle 0.0244 319 422 333 477
bottle 0.0237 131 393 183 429
bottle 0.0228 46 159 134 439
bottle 0.0226 173 73 302 192
bottle 0.0225 19 294 106 431
bottle 0.0225 272 185 295 256
bottle 0.0223 1 406 58 459
bottle 0.0220 74 22 300 340
bottle 0.0216 108 163 202 447
bottle 0.0214 150 401 180 422
bottle 0.0206 0 432 66 500
bottle 0.0205 13 314 254 473
bottle 0.0205 105 66 223 190
bottle 0.0203 307 419 332 468
car 0.0242 0 322 15 358
car 0.0235 302 254 332 274
chair 0.1412 0 323 30 450
chair 0.0832 262 156 333 489
chair 0.0771 0 336 57 465
chair 0.0658 19 195 333 489
chair 0.0537 0 394 51 468
chair 0.0492 2 310 92 470
chair 0.0484 281 246 331 408
chair 0.0367 2 175 80 475
chair 0.0366 3 382 73 447
chair 0.0344 5 238 62 434
chair 0.0344 274 290 332 490
chair 0.0309 4 277 153 484
chair 0.0263 292 359 333 494
chair 0.0261 12 165 128 440
chair 0.0256 204 230 331 495
chair 0.0255 248 222 326 400
chair 0.0248 0 346 244 487
chair 0.0243 0 367 47 431
chair 0.0230 151 330 333 495
chair 0.0229 0 320 18 404
chair 0.0221 9 355 81 436
chair 0.0215 240 342 331 488
chair 0.0202 298 258 332 363
diningtable 0.0201 5 398 294 500
person 0.7772 7 38 332 490
person 0.0977 0 428 47 464
person 0.0913 134 72 310 468
person 0.0899 239 99 329 458
person 0.0620 0 425 56 490
person 0.0604 10 57 155 484
person 0.0541 0 427 16 470
person 0.0492 67 67 228 462
person 0.0489 0 433 30 472
person 0.0484 7 163 94 467
person 0.0401 0 322 20 431
person 0.0365 7 437 44 460
person 0.0339 274 121 332 385
person 0.0328 0 334 42 491
person 0.0325 0 402 34 477
person 0.0314 0 443 17 481
person 0.0305 67 50 307 325
person 0.0298 112 52 245 200
person 0.0289 117 45 241 124
person 0.0284 0 441 33 495
person 0.0282 196 38 315 354
person 0.0241 34 162 187 454
person 0.0240 302 401 332 497
person 0.0231 314 413 333 490
person 0.0230 247 59 322 315
person 0.0224 0 397 20 467
person 0.0220 5 425 26 462
person 0.0218 0 324 14 379
person 0.0217 0 462 14 500
person 0.0206 15 431 47 456
person 0.0205 0 461 19 483
person 0.0201 0 429 9 483
tvmonitor 0.0668 0 326 24 434
tvmonitor 0.0464 0 419 69 477
tvmonitor 0.0404 0 410 51 457
tvmonitor 0.0283 302 412 333 476
tvmonitor 0.0236 0 387 89 497
tvmonitor 0.0230 0 381 33 440
