aeroplane 0.0285 0 12 492 275
boat 0.6207 247 204 301 243
boat 0.5169 340 190 367 240
boat 0.4508 198 41 328 245
boat 0.3454 249 163 300 243
boat 0.3429 432 197 456 237
boat 0.3289 247 65 343 245
boat 0.3187 412 200 457 238
boat 0.2530 94 222 118 237
boat 0.2359 290 79 357 243
boat 0.2272 409 216 439 236
boat 0.2242 58 181 89 236
boat 0.1882 96 217 115 234
boat 0.1691 0 215 33 236
boat 0.1387 245 100 304 244
boat 0.1335 67 36 338 249
boat 0.1331 167 51 270 244
boat 0.1299 92 210 116 236
boat 0.1288 350 193 370 233
boat 0.1284 338 219 368 240
boat 0.1099 441 197 462 236
boat 0.1067 417 211 451 235
boat 0.1031 190 179 221 242
boat 0.1020 92 188 115 234
boat 0.0988 58 155 107 238
boat 0.0918 97 225 131 236
boat 0.0898 414 209 434 234
boat 0.0871 401 216 459 238
boat 0.0853 460 183 494 244
boat 0.0817 415 175 463 238
boat 0.0803 357 192 378 235
boat 0.0787 58 206 88 233
boat 0.0786 0 190 31 239
boat 0.0756 265 197 298 235
boat 0.0753 318 90 381 244
boat 0.0728 425 218 455 238
boat 0.0724 335 208 364 238
boat 0.0717 412 214 428 233
boat 0.0709 106 53 248 247
boat 0.0708 425 191 480 241
boat 0.0690 446 193 477 237
boat 0.0687 70 177 105 232
boat 0.0671 89 222 140 238
boat 0.0670 0 213 31 259
boat 0.0663 25 180 94 238
boat 0.0659 185 160 211 233
boat 0.0658 3 208 77 238
boat 0.0653 68 193 89 232
boat 0.0652 246 221 298 241
boat 0.0645 315 189 369 241
boat 0.0645 249 214 277 241
boat 0.0635 1 205 26 233
boat 0.0630 346 190 407 240
boat 0.0626 4 215 56 235
boat 0.0620 340 172 382 239
boat 0.0610 376 204 448 238
boat 0.0607 331 229 367 241
boat 0.0605 80 225 115 235
boat 0.0602 44 176 83 233
boat 0.0597 98 228 122 239
boat 0.0595 344 95 442 244
boat 0.0580 50 203 113 237
boat 0.0577 20 126 94 237
boat 0.0572 67 214 132 237
boat 0.0572 134 16 440 256
boat 0.0572 82 218 123 235
boat 0.0565 426 197 448 232
boat 0.0562 29 178 61 236
boat 0.0559 56 222 89 237
boat 0.0547 80 167 117 237
boat 0.0545 93 209 108 228
boat 0.0537 197 201 215 240
boat 0.0536 180 129 289 246
boat 0.0525 362 188 389 239
boat 0.0522 114 226 147 236
boat 0.0521 200 195 223 241
boat 0.0520 185 148 227 244
boat 0.0510 14 212 35 234
boat 0.0505 190 200 207 240
boat 0.0505 410 221 426 237
boat 0.0501 314 205 333 242
boat 0.0490 31 205 92 235
boat 0.0487 286 57 403 239
boat 0.0487 124 226 169 237
boat 0.0486 253 209 290 237
boat 0.0484 335 192 350 233
boat 0.0482 90 196 108 229
boat 0.0475 311 186 340 248
boat 0.0471 16 77 122 242
boat 0.0466 170 51 398 208
boat 0.0457 58 190 79 230
boat 0.0453 163 185 306 248
boat 0.0450 29 213 55 231
boat 0.0448 379 124 462 241
boat 0.0447 295 216 307 237
boat 0.0440 474 178 500 244
boat 0.0440 104 209 117 230
boat 0.0439 364 202 377 235
boat 0.0439 281 212 301 234
boat 0.0437 331 134 371 241
boat 0.0436 60 218 98 233
boat 0.0435 89 81 192 243
boat 0.0433 409 209 446 226
boat 0.0431 167 105 236 249
boat 0.0431 454 199 470 234
boat 0.0429 21 216 47 234
boat 0.0428 269 212 297 241
boat 0.0425 306 217 340 240
boat 0.0418 318 223 334 236
boat 0.0413 314 227 337 238
boat 0.0412 407 195 440 242
boat 0.0412 370 206 384 234
boat 0.0402 353 184 452 240
boat 0.0401 188 178 206 217
boat 0.0400 285 70 375 182
boat 0.0400 306 207 326 241
boat 0.0394 322 219 330 237
boat 0.0394 185 187 203 241
boat 0.0393 415 202 440 224
boat 0.0390 126 219 147 235
boat 0.0389 186 184 199 220
boat 0.0385 259 179 293 227
boat 0.0385 20 216 78 234
boat 0.0382 94 216 117 227
boat 0.0380 86 205 127 238
boat 0.0380 2 211 35 227
boat 0.0380 134 94 211 243
boat 0.0375 315 219 377 242
boat 0.0370 346 210 373 238
boat 0.0369 483 205 498 242
boat 0.0368 436 161 486 240
boat 0.0366 29 208 66 233
boat 0.0365 310 222 327 236
boat 0.0365 222 171 314 251
boat 0.0363 0 159 25 236
boat 0.0358 324 199 340 242
boat 0.0358 310 232 349 240
boat 0.0357 12 188 71 236
boat 0.0354 302 214 311 234
boat 0.0352 2 183 20 228
boat 0.0352 328 213 336 236
boat 0.0352 389 221 405 234
boat 0.0350 125 215 134 234
boat 0.0349 402 226 423 235
boat 0.0349 129 213 142 235
boat 0.0348 275 197 295 224
boat 0.0347 258 201 298 221
boat 0.0346 257 185 358 245
boat 0.0346 0 219 106 239
boat 0.0343 5 186 149 244
boat 0.0339 84 222 172 240
boat 0.0338 387 226 410 234
boat 0.0338 373 202 395 237
boat 0.0338 409 221 419 235
boat 0.0336 123 221 139 235
boat 0.0333 297 211 352 242
boat 0.0333 80 191 96 229
boat 0.0331 411 229 453 240
boat 0.0330 110 209 187 237
boat 0.0329 380 212 391 234
boat 0.0328 88 186 251 244
boat 0.0328 143 225 174 237
boat 0.0327 331 205 380 241
boat 0.0327 125 204 147 239
boat 0.0326 48 189 74 234
boat 0.0326 2 0 23 24
boat 0.0325 0 219 56 246
boat 0.0323 69 102 142 242
boat 0.0323 403 221 415 234
boat 0.0320 319 226 355 237
boat 0.0319 35 218 61 233
boat 0.0317 456 206 495 238
boat 0.0316 0 225 35 242
boat 0.0316 101 231 136 238
boat 0.0315 28 208 42 230
boat 0.0314 262 207 334 242
boat 0.0311 191 181 260 243
boat 0.0310 13 224 54 236
boat 0.0310 1 223 22 259
boat 0.0310 417 201 456 222
boat 0.0309 107 223 128 235
boat 0.0309 312 218 320 235
boat 0.0309 414 210 426 227
boat 0.0307 378 220 397 234
boat 0.0307 27 188 47 233
boat 0.0305 100 236 110 245
boat 0.0305 124 214 168 237
boat 0.0300 348 137 411 239
boat 0.0299 27 226 63 235
boat 0.0299 0 205 51 232
boat 0.0294 376 227 402 235
boat 0.0293 23 205 33 226
boat 0.0291 298 225 358 240
boat 0.0291 77 220 105 234
boat 0.0290 391 218 400 235
boat 0.0290 95 178 129 239
boat 0.0286 326 221 341 236
boat 0.0285 13 191 36 232
boat 0.0283 401 225 414 236
boat 0.0283 126 199 164 243
boat 0.0282 278 221 305 241
boat 0.0279 215 207 227 238
boat 0.0279 156 226 178 238
boat 0.0278 472 209 493 239
boat 0.0278 319 205 348 238
boat 0.0277 265 151 301 223
boat 0.0277 371 218 389 234
boat 0.0275 382 206 402 238
boat 0.0275 136 211 150 235
boat 0.0274 41 219 82 232
boat 0.0274 314 234 338 241
boat 0.0273 186 206 200 239
boat 0.0273 34 197 51 229
boat 0.0272 184 225 227 239
boat 0.0271 389 221 439 236
boat 0.0269 282 204 300 227
boat 0.0267 414 207 431 222
boat 0.0267 62 232 86 240
boat 0.0267 77 213 101 231
boat 0.0267 44 226 84 235
boat 0.0265 372 226 389 237
boat 0.0265 126 224 141 237
boat 0.0265 289 86 354 162
boat 0.0264 389 214 421 236
boat 0.0263 414 216 433 228
boat 0.0263 7 170 40 236
boat 0.0262 85 223 119 241
boat 0.0262 4 226 29 252
boat 0.0261 335 211 349 238
boat 0.0261 329 181 359 237
boat 0.0261 218 75 368 149
boat 0.0260 351 226 383 238
boat 0.0259 330 158 464 245
boat 0.0259 40 202 59 231
boat 0.0259 376 214 410 236
boat 0.0258 222 73 291 231
boat 0.0258 131 232 175 239
boat 0.0257 462 204 481 236
boat 0.0255 299 218 315 235
boat 0.0255 485 221 497 247
boat 0.0253 423 198 466 228
boat 0.0252 53 127 306 248
boat 0.0252 8 187 27 226
boat 0.0251 208 200 229 241
boat 0.0251 0 194 94 250
boat 0.0251 369 191 384 228
boat 0.0250 137 208 216 239
boat 0.0250 290 230 370 242
boat 0.0249 401 220 408 235
boat 0.0248 308 234 330 241
boat 0.0248 258 228 302 243
boat 0.0247 121 196 138 237
boat 0.0247 281 89 342 200
boat 0.0247 161 220 176 237
boat 0.0247 51 191 66 228
boat 0.0246 0 229 74 257
boat 0.0246 434 225 451 239
boat 0.0245 298 206 315 239
boat 0.0245 16 25 237 229
boat 0.0245 181 231 231 241
boat 0.0244 330 191 381 228
boat 0.0244 250 204 272 231
boat 0.0242 129 164 283 240
boat 0.0242 299 224 318 239
boat 0.0242 379 198 392 232
boat 0.0241 456 135 500 246
boat 0.0241 290 207 308 238
boat 0.0241 0 132 55 244
boat 0.0241 20 196 55 239
boat 0.0240 375 189 405 244
boat 0.0240 81 209 95 234
boat 0.0239 95 228 109 240
boat 0.0239 427 197 461 215
boat 0.0238 117 186 143 244
boat 0.0237 364 189 378 222
boat 0.0237 403 211 422 238
boat 0.0236 396 164 448 239
boat 0.0235 105 202 153 239
boat 0.0234 328 195 338 234
boat 0.0234 119 211 126 229
boat 0.0234 418 216 497 241
boat 0.0234 131 221 180 239
boat 0.0234 150 218 169 237
boat 0.0233 178 125 215 240
boat 0.0232 221 200 280 243
boat 0.0231 5 237 28 260
boat 0.0231 142 216 161 237
boat 0.0229 337 190 361 218
boat 0.0229 47 212 71 230
boat 0.0228 349 190 372 216
boat 0.0228 115 217 145 238
boat 0.0226 406 215 445 248
boat 0.0225 119 219 127 233
boat 0.0225 144 207 174 240
boat 0.0224 346 234 362 245
boat 0.0224 422 118 487 242
boat 0.0224 184 184 213 221
boat 0.0223 22 168 51 233
boat 0.0223 341 223 390 240
boat 0.0223 114 219 127 230
boat 0.0222 360 215 380 236
bottle 0.0470 26 92 113 241
bottle 0.0216 63 89 149 238
bottle 0.0207 0 159 22 242
car 0.0256 21 18 349 333
chair 0.0375 51 127 113 237
chair 0.0359 7 68 109 243
chair 0.0226 0 103 54 241
diningtable 0.0228 292 191 448 244
person 0.0795 190 43 278 229
person 0.0586 108 27 274 246
person 0.0485 52 36 216 242
person 0.0441 0 14 376 328
person 0.0440 7 48 145 240
person 0.0438 409 62 425 93
person 0.0383 190 22 335 250
person 0.0329 12 98 91 236
person 0.0313 207 34 271 168
person 0.0295 132 65 211 230
person 0.0230 289 33 367 179
person 0.0203 314 85 355 156
train 0.0223 96 34 346 184
