bicycle 0.0729 18 147 278 286
boat 0.0340 0 2 500 298
boat 0.0291 0 334 53 374
boat 0.0258 0 325 83 367
boat 0.0222 0 292 99 371
boat 0.0218 249 166 288 234
bottle 0.6503 305 258 349 375
bottle 0.6459 347 258 388 375
bottle 0.5525 274 238 310 343
bottle 0.4894 424 255 460 351
bottle 0.4354 104 159 124 205
bottle 0.4046 279 241 326 365
bottle 0.4040 345 184 372 252
bottle 0.3898 459 276 498 349
bottle 0.3870 386 252 421 321
bottle 0.3826 347 244 386 326
bottle 0.3577 386 283 420 369
bottle 0.2969 314 222 336 273
bottle 0.2955 386 256 437 371
bottle 0.2863 329 244 377 375
bottle 0.2814 278 236 314 301
bottle 0.2798 384 223 415 302
bottle 0.2740 391 215 416 264
bottle 0.2622 314 243 352 328
bottle 0.2617 426 222 459 316
bottle 0.2533 348 198 381 282
bottle 0.2398 303 240 340 332
bottle 0.2346 435 269 487 354
bottle 0.2291 339 253 359 307
bottle 0.2174 416 266 450 361
bottle 0.2059 421 224 449 292
bottle 0.2055 357 235 420 373
bottle 0.2050 370 200 389 254
bottle 0.2049 344 245 368 307
bottle 0.1949 384 219 409 267
bottle 0.1936 338 196 370 276
bottle 0.1923 358 225 387 300
bottle 0.1907 419 218 471 352
bottle 0.1799 339 201 360 252
bottle 0.1754 269 268 307 369
bottle 0.1740 392 217 428 292
bottle 0.1682 289 224 356 366
bottle 0.1670 355 189 382 253
bottle 0.1645 378 248 394 286
bottle 0.1577 276 279 306 342
bottle 0.1531 361 237 381 279
bottle 0.1520 327 253 353 314
bottle 0.1494 448 237 500 347
bottle 0.1493 417 227 434 270
bottle 0.1463 344 318 389 375
bottle 0.1458 219 73 264 146
bottle 0.1447 466 275 499 323
bottle 0.1446 333 255 348 300
bottle 0.1428 304 224 339 287
bottle 0.1413 377 224 428 350
bottle 0.1385 319 216 350 290
bottle 0.1368 376 220 473 372
bottle 0.1368 363 219 382 257
bottle 0.1365 341 207 391 317
bottle 0.1351 350 244 377 298
bottle 0.1344 361 252 390 305
bottle 0.1342 363 207 391 277
bottle 0.1321 432 227 449 272
bottle 0.1315 303 316 347 375
bottle 0.1313 382 244 407 294
bottle 0.1296 311 257 340 313
bottle 0.1267 128 300 203 370
bottle 0.1264 368 242 387 284
bottle 0.1256 345 237 365 279
bottle 0.1254 334 205 348 248
bottle 0.1213 285 237 313 276
bottle 0.1184 368 220 387 262
bottle 0.1179 378 217 393 258
bottle 0.1168 344 214 364 259
bottle 0.1159 340 244 358 286
bottle 0.1158 336 226 363 307
bottle 0.1155 405 220 427 268
bottle 0.1135 98 158 118 198
bottle 0.1115 461 218 495 304
bottle 0.1078 316 204 345 269
bottle 0.1076 429 259 455 323
bottle 0.1057 444 223 471 294
bottle 0.1052 331 223 347 261
bottle 0.1051 296 236 317 268
bottle 0.1050 373 206 399 267
bottle 0.1037 414 221 441 277
bottle 0.1034 376 228 398 281
bottle 0.1028 363 199 379 246
bottle 0.1007 215 294 274 373
bottle 0.0984 234 248 312 375
bottle 0.0980 400 210 419 254
bottle 0.0978 334 248 348 283
bottle 0.0976 352 209 371 253
bottle 0.0975 309 228 330 268
bottle 0.0967 391 245 421 297
bottle 0.0966 376 193 419 275
bottle 0.0960 339 173 388 273
bottle 0.0950 330 203 355 261
bottle 0.0950 373 245 398 302
bottle 0.0949 356 189 400 274
bottle 0.0945 426 226 444 269
bottle 0.0925 353 220 406 329
bottle 0.0922 154 328 200 372
bottle 0.0901 279 236 308 264
bottle 0.0899 377 262 395 299
bottle 0.0891 397 261 468 360
bottle 0.0890 321 222 339 264
bottle 0.0889 386 213 444 316
bottle 0.0881 150 309 228 374
bottle 0.0869 272 222 335 324
bottle 0.0869 34 141 131 278
bottle 0.0852 431 217 483 305
bottle 0.0848 299 258 317 290
bottle 0.0832 267 283 351 375
bottle 0.0828 353 183 371 236
bottle 0.0825 412 184 492 336
bottle 0.0818 309 269 342 343
bottle 0.0817 263 235 301 319
bottle 0.0808 221 72 288 172
bottle 0.0806 467 272 497 299
bottle 0.0773 312 209 394 374
bottle 0.0768 116 319 184 372
bottle 0.0767 270 220 309 277
bottle 0.0766 386 212 402 248
bottle 0.0759 337 226 359 267
bottle 0.0757 416 244 434 286
bottle 0.0755 338 271 356 319
bottle 0.0754 148 301 188 367
bottle 0.0744 354 241 373 277
bottle 0.0743 402 218 462 290
bottle 0.0736 436 225 459 279
bottle 0.0735 342 236 385 284
bottle 0.0723 418 259 434 295
bottle 0.0718 330 237 349 293
bottle 0.0716 91 167 107 203
bottle 0.0703 412 235 428 270
bottle 0.0698 387 253 416 286
bottle 0.0695 321 260 343 302
bottle 0.0692 256 285 281 349
bottle 0.0691 438 263 456 302
bottle 0.0686 111 153 129 195
bottle 0.0685 218 73 258 110
bottle 0.0683 455 275 473 314
bottle 0.0683 423 253 449 306
bottle 0.0683 307 263 326 298
bottle 0.0682 413 249 492 375
bottle 0.0681 114 332 162 375
bottle 0.0679 408 256 428 291
bottle 0.0678 432 260 451 301
bottle 0.0662 417 269 435 309
bottle 0.0656 345 266 363 313
bottle 0.0654 420 291 466 361
bottle 0.0649 468 206 500 339
bottle 0.0648 331 248 379 303
bottle 0.0645 430 239 450 291
bottle 0.0642 154 332 181 368
bottle 0.0641 368 186 397 249
bottle 0.0634 322 187 363 272
bottle 0.0632 291 250 318 296
bottle 0.0630 302 265 317 303
bottle 0.0628 342 258 365 294
bottle 0.0614 33 143 115 203
bottle 0.0613 216 73 250 96
bottle 0.0609 92 149 126 203
bottle 0.0608 380 250 405 278
bottle 0.0607 283 262 312 336
bottle 0.0604 449 229 467 279
bottle 0.0602 256 361 309 374
bottle 0.0590 258 163 279 201
bottle 0.0589 342 235 369 263
bottle 0.0587 408 244 456 305
bottle 0.0586 461 278 485 314
bottle 0.0580 339 337 357 371
bottle 0.0579 449 264 465 304
bottle 0.0578 398 243 419 282
bottle 0.0575 276 238 299 274
bottle 0.0572 166 335 224 375
bottle 0.0569 327 208 342 250
bottle 0.0568 313 239 334 288
bottle 0.0568 452 265 488 332
bottle 0.0567 117 161 134 200
bottle 0.0567 232 284 278 353
bottle 0.0567 287 233 351 304
bottle 0.0565 33 104 52 151
bottle 0.0563 313 205 367 320
bottle 0.0558 400 227 418 271
bottle 0.0558 337 243 362 269
bottle 0.0558 408 233 431 284
bottle 0.0555 441 251 467 322
bottle 0.0549 343 203 369 241
bottle 0.0549 448 249 466 294
bottle 0.0545 18 221 41 272
bottle 0.0544 170 301 280 375
bottle 0.0540 367 153 426 270
bottle 0.0533 38 87 127 224
bottle 0.0531 375 243 397 271
bottle 0.0526 310 260 337 289
bottle 0.0526 332 165 376 251
bottle 0.0526 343 222 380 258
bottle 0.0519 110 304 160 370
bottle 0.0517 264 165 331 287
bottle 0.0516 448 276 464 316
bottle 0.0514 187 301 232 371
bottle 0.0514 255 286 297 369
bottle 0.0513 405 213 424 246
bottle 0.0513 0 243 21 275
bottle 0.0508 169 302 209 370
bottle 0.0507 292 219 326 273
bottle 0.0506 377 161 481 294
bottle 0.0503 395 210 413 242
bottle 0.0500 456 260 472 301
bottle 0.0499 300 289 317 327
bottle 0.0496 374 210 394 242
bottle 0.0496 440 272 459 325
bottle 0.0493 97 290 188 375
bottle 0.0491 383 321 419 366
bottle 0.0490 376 277 395 311
bottle 0.0489 282 169 362 287
bottle 0.0489 346 177 366 224
bottle 0.0489 453 307 497 346
bottle 0.0486 293 191 346 274
bottle 0.0486 383 211 432 261
bottle 0.0485 264 282 297 341
bottle 0.0484 356 261 385 294
bottle 0.0484 339 292 356 333
bottle 0.0483 351 271 394 342
bottle 0.0480 242 84 306 177
bottle 0.0478 341 255 369 337
bottle 0.0478 134 294 195 341
bottle 0.0477 416 222 432 253
bottle 0.0475 417 284 435 331
bottle 0.0473 362 184 378 229
bottle 0.0472 1 223 36 276
bottle 0.0470 0 106 43 156
bottle 0.0469 291 256 320 327
bottle 0.0468 450 249 477 318
bottle 0.0468 258 156 291 206
bottle 0.0466 153 302 207 346
bottle 0.0465 340 190 356 233
bottle 0.0458 351 239 377 263
bottle 0.0455 345 337 366 374
bottle 0.0455 351 230 376 255
bottle 0.0451 334 270 350 312
bottle 0.0450 454 288 477 327
bottle 0.0449 378 209 411 249
bottle 0.0446 291 239 312 262
bottle 0.0446 385 150 499 367
bottle 0.0446 156 330 191 358
bottle 0.0445 424 222 467 274
bottle 0.0438 193 237 283 353
bottle 0.0437 407 267 426 302
bottle 0.0436 467 246 495 296
bottle 0.0428 421 261 448 289
bottle 0.0427 238 79 265 155
bottle 0.0427 346 176 455 357
bottle 0.0424 141 298 239 353
bottle 0.0424 418 295 439 353
bottle 0.0423 343 202 421 285
bottle 0.0423 336 207 356 237
bottle 0.0422 399 209 421 234
bottle 0.0419 227 196 307 308
bottle 0.0418 366 255 399 319
bottle 0.0415 463 269 482 303
bottle 0.0415 454 220 473 279
bottle 0.0415 281 242 306 284
bottle 0.0414 300 340 316 374
bottle 0.0414 144 299 179 346
bottle 0.0414 36 88 107 172
bottle 0.0411 84 173 102 202
bottle 0.0410 258 310 316 372
bottle 0.0410 352 299 396 368
bottle 0.0407 2 80 62 160
bottle 0.0405 274 230 323 268
bottle 0.0404 177 303 206 343
bottle 0.0404 281 202 326 265
bottle 0.0403 387 264 417 300
bottle 0.0402 457 268 496 310
bottle 0.0402 170 337 196 373
bottle 0.0401 34 143 94 184
bottle 0.0401 380 240 406 269
bottle 0.0400 344 248 382 271
bottle 0.0400 335 260 360 347
bottle 0.0399 335 201 347 230
bottle 0.0398 149 329 172 362
bottle 0.0397 322 245 362 298
bottle 0.0393 256 227 297 290
bottle 0.0392 369 185 386 231
bottle 0.0391 130 333 156 370
bottle 0.0389 43 289 165 372
bottle 0.0388 268 160 287 202
bottle 0.0388 400 252 432 286
bottle 0.0386 131 332 192 368
bottle 0.0386 314 290 344 371
bottle 0.0384 328 216 385 288
bottle 0.0383 431 297 498 342
bottle 0.0381 35 93 63 152
bottle 0.0379 29 250 110 368
bottle 0.0379 328 338 348 374
bottle 0.0378 316 209 332 255
bottle 0.0377 10 201 45 272
bottle 0.0377 284 153 324 210
bottle 0.0375 197 313 262 372
bottle 0.0375 242 234 281 308
bottle 0.0375 408 251 431 274
bottle 0.0373 332 243 351 267
bottle 0.0372 306 251 328 285
car 0.0300 21 12 224 110
chair 0.1016 6 175 65 285
chair 0.0934 25 127 259 287
chair 0.0750 32 187 121 285
chair 0.0734 17 205 58 281
chair 0.0724 24 204 196 284
chair 0.0671 6 197 44 280
chair 0.0668 17 200 89 291
chair 0.0633 34 221 64 281
chair 0.0520 19 220 47 271
chair 0.0471 21 145 98 281
chair 0.0461 4 215 69 317
chair 0.0443 48 217 144 283
chair 0.0435 0 74 52 159
chair 0.0434 43 221 95 284
chair 0.0400 0 69 47 109
chair 0.0377 0 211 30 278
chair 0.0372 31 192 73 277
chair 0.0364 0 228 54 287
chair 0.0343 18 147 154 308
chair 0.0323 41 228 61 273
chair 0.0319 0 3 45 108
chair 0.0317 63 228 266 289
chair 0.0317 5 228 125 290
chair 0.0315 51 236 117 284
chair 0.0314 31 78 115 162
chair 0.0291 32 219 107 322
chair 0.0286 244 201 283 246
chair 0.0285 33 223 53 268
chair 0.0281 6 245 67 297
chair 0.0268 12 198 255 320
chair 0.0265 248 169 297 259
chair 0.0256 5 71 64 126
chair 0.0249 5 242 117 337
chair 0.0242 0 232 59 355
chair 0.0235 18 72 97 140
chair 0.0225 242 167 280 242
chair 0.0223 181 206 286 293
chair 0.0218 16 72 94 105
chair 0.0208 5 88 116 294
chair 0.0207 49 226 78 275
chair 0.0207 10 252 112 296
chair 0.0200 37 77 114 117
diningtable 0.1874 0 254 363 364
diningtable 0.1020 348 231 463 369
diningtable 0.1011 192 255 345 375
diningtable 0.0932 310 236 416 371
diningtable 0.0905 277 238 379 372
diningtable 0.0865 98 285 332 375
diningtable 0.0829 260 235 492 364
diningtable 0.0819 119 248 474 375
diningtable 0.0697 29 283 248 361
diningtable 0.0594 255 228 339 333
diningtable 0.0567 235 230 436 327
diningtable 0.0553 0 191 321 324
diningtable 0.0548 330 192 479 330
diningtable 0.0507 351 285 491 375
diningtable 0.0501 259 207 479 288
diningtable 0.0497 151 191 481 333
diningtable 0.0491 222 278 417 375
diningtable 0.0480 229 234 362 305
diningtable 0.0476 155 256 326 333
diningtable 0.0472 30 260 237 325
diningtable 0.0460 236 255 368 342
diningtable 0.0456 23 138 500 366
diningtable 0.0450 272 209 371 300
diningtable 0.0445 282 163 451 279
diningtable 0.0433 217 227 318 321
diningtable 0.0427 284 216 442 272
diningtable 0.0424 305 208 406 299
diningtable 0.0403 10 266 153 361
diningtable 0.0395 154 145 474 286
diningtable 0.0382 271 180 378 269
diningtable 0.0362 317 140 493 258
diningtable 0.0348 223 218 369 279
diningtable 0.0331 356 213 492 283
diningtable 0.0324 77 228 368 331
diningtable 0.0318 302 155 421 245
diningtable 0.0312 36 223 286 300
diningtable 0.0304 270 199 342 264
diningtable 0.0292 289 142 456 213
diningtable 0.0287 395 291 468 374
diningtable 0.0278 355 133 497 216
diningtable 0.0271 406 268 500 340
diningtable 0.0271 2 232 222 353
diningtable 0.0271 390 323 500 372
diningtable 0.0266 202 180 421 269
diningtable 0.0259 204 308 337 375
diningtable 0.0255 351 191 498 260
diningtable 0.0250 261 218 326 275
diningtable 0.0247 389 216 475 269
diningtable 0.0244 252 153 346 252
diningtable 0.0242 355 242 480 308
diningtable 0.0240 254 122 414 238
diningtable 0.0236 416 301 500 360
diningtable 0.0234 181 224 292 310
diningtable 0.0232 31 88 342 329
diningtable 0.0230 20 230 129 337
diningtable 0.0225 202 170 333 291
diningtable 0.0213 264 205 316 256
diningtable 0.0210 274 231 359 274
diningtable 0.0202 374 237 465 287
diningtable 0.0202 343 216 430 265
person 0.9326 44 15 262 285
person 0.0703 10 17 470 305
person 0.0667 0 35 223 375
person 0.0650 33 122 139 283
person 0.0580 172 27 342 291
person 0.0494 54 19 235 106
person 0.0491 37 78 127 187
person 0.0437 144 55 261 287
person 0.0414 51 42 184 252
person 0.0398 222 42 312 175
person 0.0398 182 40 275 174
person 0.0396 42 151 256 349
person 0.0393 26 24 129 139
person 0.0390 340 150 486 375
person 0.0381 0 34 127 297
person 0.0362 27 12 251 163
person 0.0338 216 0 371 200
person 0.0337 140 19 258 112
person 0.0317 188 156 270 295
person 0.0301 276 228 428 375
person 0.0297 244 64 330 193
person 0.0270 234 41 436 283
person 0.0270 359 0 497 223
person 0.0253 403 0 495 154
person 0.0247 69 74 121 108
person 0.0246 123 17 258 188
person 0.0241 215 67 317 271
person 0.0234 189 243 366 375
person 0.0234 92 76 119 106
person 0.0231 241 11 340 162
person 0.0224 158 2 291 223
person 0.0216 0 153 396 375
person 0.0209 15 8 144 101
person 0.0208 52 105 213 293
person 0.0204 266 0 463 199
person 0.0202 61 47 150 172
pottedplant 0.0289 409 132 499 208
pottedplant 0.0275 452 136 500 199
pottedplant 0.0206 404 0 493 151
tvmonitor 0.0618 8 155 70 284
tvmonitor 0.0598 0 179 21 252
tvmonitor 0.0553 0 174 38 248
tvmonitor 0.0466 0 108 43 157
tvmonitor 0.0423 17 176 58 272
tvmonitor 0.0358 1 93 64 162
tvmonitor 0.0339 0 199 28 280
tvmonitor 0.0301 423 184 494 291
tvmonitor 0.0296 0 218 43 271
tvmonitor 0.0296 0 133 49 171
tvmonitor 0.0292 0 179 16 223
tvmonitor 0.0287 20 146 109 246
tvmonitor 0.0281 9 187 44 268
tvmonitor 0.0274 0 67 46 106
tvmonitor 0.0270 5 126 79 181
tvmonitor 0.0269 4 132 97 209
tvmonitor 0.0268 15 84 103 171
tvmonitor 0.0264 0 202 21 239
tvmonitor 0.0250 465 204 496 277
tvmonitor 0.0247 0 168 43 214
tvmonitor 0.0234 380 0 441 142
tvmonitor 0.0232 0 186 12 247
tvmonitor 0.0232 0 177 22 203
tvmonitor 0.0227 0 148 48 182
tvmonitor 0.0216 391 129 500 204
tvmonitor 0.0213 15 147 73 190
tvmonitor 0.0210 0 215 25 244
tvmonitor 0.0203 15 167 64 223
