aeroplane 0.0242 54 234 71 246
aeroplane 0.0235 176 188 191 199
aeroplane 0.0230 12 82 159 213
aeroplane 0.0228 59 232 77 246
aeroplane 0.0224 172 187 199 197
aeroplane 0.0221 43 223 77 247
aeroplane 0.0213 175 191 205 199
aeroplane 0.0210 35 217 87 248
bird 0.0666 17 26 88 56
bird 0.0285 6 7 94 59
bird 0.0266 4 4 154 72
bird 0.0230 10 3 132 141
bird 0.0203 10 24 84 82
boat 0.6697 34 160 84 227
boat 0.5044 284 121 306 163
boat 0.4476 56 88 111 169
boat 0.3505 320 111 348 162
boat 0.3504 325 150 350 169
boat 0.3220 475 152 500 177
boat 0.3060 79 150 118 170
boat 0.2901 437 152 482 179
boat 0.2853 353 119 373 160
boat 0.2794 33 106 115 203
boat 0.2677 330 116 366 168
boat 0.2564 33 156 82 197
boat 0.2438 286 117 320 164
boat 0.2383 1 107 66 185
boat 0.2306 44 149 119 170
boat 0.2278 75 153 119 184
boat 0.2257 69 89 100 148
boat 0.2179 327 140 349 166
boat 0.2040 302 113 339 165
boat 0.2019 16 88 99 181
boat 0.1975 25 135 91 209
boat 0.1934 284 145 307 164
boat 0.1896 453 151 477 173
boat 0.1759 32 149 111 188
boat 0.1713 398 72 493 177
boat 0.1604 465 151 498 189
boat 0.1599 73 84 135 165
boat 0.1530 425 152 442 174
boat 0.1527 30 173 88 208
boat 0.1461 79 166 116 185
boat 0.1416 422 108 500 179
boat 0.1371 41 157 101 183
boat 0.1369 214 147 248 156
boat 0.1349 38 132 122 176
boat 0.1348 449 147 496 180
boat 0.1325 35 149 85 177
boat 0.1305 48 141 121 163
boat 0.1305 356 138 372 160
boat 0.1280 335 115 357 158
boat 0.1280 159 145 180 158
boat 0.1278 33 193 84 229
boat 0.1275 31 140 113 242
boat 0.1250 422 154 432 174
boat 0.1241 308 129 323 158
boat 0.1240 80 111 119 168
boat 0.1180 362 133 377 159
boat 0.1179 81 144 115 164
boat 0.1177 341 112 382 168
boat 0.1164 308 113 364 176
boat 0.1159 140 135 150 160
boat 0.1155 318 128 359 168
boat 0.1133 426 151 459 175
boat 0.1131 478 142 499 167
boat 0.1127 39 149 99 163
boat 0.1126 27 172 95 247
boat 0.1124 391 109 433 165
boat 0.1114 429 138 500 177
boat 0.1101 350 119 366 156
boat 0.1094 53 94 79 149
boat 0.1082 84 157 118 176
boat 0.1080 430 152 493 191
boat 0.1063 76 87 113 154
boat 0.1062 354 147 374 162
boat 0.1056 364 144 377 161
boat 0.1053 391 133 423 163
boat 0.1022 286 114 350 197
boat 0.1012 281 122 297 157
boat 0.1001 18 29 125 174
boat 0.0999 458 139 500 168
boat 0.0979 2 95 76 155
boat 0.0978 430 151 450 171
boat 0.0977 215 150 250 159
boat 0.0968 94 149 114 164
boat 0.0967 32 160 51 186
boat 0.0955 28 155 62 193
boat 0.0940 150 142 181 160
boat 0.0936 300 122 317 155
boat 0.0918 169 145 183 160
boat 0.0906 429 148 489 170
boat 0.0904 287 143 317 196
boat 0.0893 456 117 499 174
boat 0.0877 38 152 78 167
boat 0.0876 31 85 85 153
boat 0.0868 0 150 42 191
boat 0.0865 281 131 308 175
boat 0.0865 199 145 254 158
boat 0.0859 321 147 354 192
boat 0.0846 323 128 344 160
boat 0.0842 53 163 85 193
boat 0.0834 286 156 302 199
boat 0.0820 37 149 65 164
boat 0.0819 0 117 58 157
boat 0.0817 34 103 74 161
boat 0.0813 87 143 107 160
boat 0.0813 193 150 212 157
boat 0.0811 389 87 448 167
boat 0.0809 39 117 106 165
boat 0.0808 82 174 114 187
boat 0.0808 459 149 477 159
boat 0.0807 31 169 51 194
boat 0.0803 288 97 370 167
boat 0.0799 86 135 119 170
boat 0.0798 425 152 445 166
boat 0.0797 33 153 53 178
boat 0.0797 424 154 437 168
boat 0.0796 320 114 377 197
boat 0.0794 436 151 465 169
boat 0.0794 13 142 66 203
boat 0.0791 29 83 149 169
boat 0.0784 138 126 153 162
boat 0.0781 308 143 323 164
boat 0.0776 449 150 480 163
boat 0.0772 77 145 111 157
boat 0.0769 56 150 98 160
boat 0.0768 281 112 334 172
boat 0.0765 406 148 469 176
boat 0.0763 286 146 301 173
boat 0.0762 216 144 248 153
boat 0.0756 52 87 97 140
boat 0.0754 83 129 109 161
boat 0.0746 420 148 448 180
boat 0.0744 144 136 155 160
boat 0.0744 192 152 211 160
boat 0.0743 316 145 362 174
boat 0.0742 154 146 170 160
boat 0.0736 51 150 80 163
boat 0.0735 460 151 474 162
boat 0.0734 200 150 218 157
boat 0.0730 38 162 80 180
boat 0.0728 370 0 488 182
boat 0.0725 57 158 113 177
boat 0.0724 33 205 50 229
boat 0.0718 389 138 500 188
boat 0.0717 0 117 58 237
boat 0.0713 33 132 75 181
boat 0.0711 391 118 472 170
boat 0.0709 462 148 484 158
boat 0.0705 144 126 179 161
boat 0.0704 447 142 500 159
boat 0.0702 358 117 385 160
boat 0.0699 419 150 436 177
boat 0.0695 364 147 375 168
boat 0.0695 194 163 211 172
boat 0.0694 141 148 149 164
boat 0.0691 347 127 376 170
boat 0.0691 329 155 366 204
boat 0.0689 199 148 225 156
boat 0.0688 300 137 316 161
boat 0.0686 202 165 212 173
boat 0.0686 33 181 74 217
boat 0.0685 63 95 88 140
boat 0.0682 272 103 309 162
boat 0.0681 35 155 66 174
boat 0.0678 21 153 48 192
boat 0.0668 329 149 354 163
boat 0.0666 355 151 371 172
boat 0.0665 218 146 238 155
boat 0.0664 64 125 116 159
boat 0.0662 460 146 491 155
boat 0.0662 477 161 499 192
boat 0.0661 199 152 217 160
boat 0.0660 203 168 212 177
boat 0.0660 207 151 238 158
boat 0.0660 287 138 318 163
boat 0.0657 467 153 497 169
boat 0.0653 46 143 90 161
boat 0.0653 97 147 112 160
boat 0.0651 331 146 374 172
boat 0.0650 192 157 211 166
boat 0.0649 53 100 67 139
boat 0.0648 102 150 120 169
boat 0.0647 15 158 116 211
boat 0.0647 147 145 155 161
boat 0.0646 197 166 208 174
boat 0.0642 136 142 145 159
boat 0.0640 0 73 79 222
boat 0.0639 23 141 100 166
boat 0.0639 23 142 155 191
boat 0.0635 385 119 416 167
boat 0.0633 439 155 460 180
boat 0.0633 212 149 229 157
boat 0.0632 280 139 303 197
boat 0.0627 77 104 102 156
boat 0.0622 466 150 498 162
boat 0.0622 57 146 95 156
boat 0.0620 92 81 160 165
boat 0.0613 26 123 59 166
boat 0.0613 233 148 253 157
boat 0.0609 108 149 119 162
boat 0.0608 312 127 336 161
boat 0.0603 453 157 495 202
boat 0.0601 59 167 103 186
boat 0.0600 44 160 110 197
boat 0.0599 372 141 383 158
boat 0.0596 29 155 45 179
boat 0.0594 316 153 345 165
boat 0.0593 50 189 88 241
boat 0.0592 55 147 80 159
boat 0.0591 350 148 368 159
boat 0.0589 136 148 144 162
boat 0.0588 200 163 215 171
boat 0.0588 94 151 134 168
boat 0.0587 293 151 344 207
boat 0.0586 470 145 496 159
boat 0.0585 79 168 115 201
boat 0.0584 30 144 59 181
boat 0.0582 69 151 106 167
boat 0.0579 18 126 173 238
boat 0.0579 394 142 413 165
boat 0.0579 149 145 163 159
boat 0.0578 46 138 105 156
boat 0.0578 0 186 38 196
boat 0.0577 475 125 500 181
boat 0.0575 179 145 217 159
boat 0.0574 398 147 421 164
boat 0.0573 57 152 89 167
boat 0.0573 318 81 385 174
boat 0.0571 26 163 69 215
boat 0.0570 195 160 208 169
boat 0.0567 394 145 444 174
boat 0.0565 0 188 36 210
boat 0.0562 142 145 153 160
boat 0.0562 478 177 500 193
boat 0.0562 5 146 90 182
boat 0.0562 227 148 247 158
boat 0.0557 0 129 87 172
boat 0.0557 370 109 494 197
boat 0.0552 37 161 62 185
boat 0.0552 178 146 190 158
boat 0.0549 403 155 496 210
boat 0.0549 201 159 212 169
boat 0.0549 341 140 374 162
boat 0.0548 50 157 81 175
boat 0.0547 344 152 366 167
boat 0.0546 311 156 322 172
boat 0.0544 429 151 456 163
boat 0.0543 199 156 216 166
boat 0.0542 186 147 209 156
boat 0.0541 483 133 498 157
boat 0.0541 34 146 54 168
boat 0.0539 310 151 327 167
boat 0.0538 444 157 475 186
boat 0.0537 315 116 334 153
boat 0.0537 179 158 215 174
boat 0.0536 46 148 72 159
boat 0.0533 83 146 145 167
boat 0.0531 358 141 377 166
boat 0.0528 370 124 384 155
boat 0.0526 131 133 148 163
boat 0.0526 185 151 210 159
boat 0.0525 217 154 245 164
boat 0.0525 234 152 253 160
boat 0.0525 311 154 352 172
boat 0.0522 142 96 184 163
boat 0.0521 422 152 431 163
boat 0.0520 360 146 382 158
boat 0.0520 464 141 498 154
boat 0.0520 428 160 440 180
boat 0.0519 295 149 317 163
boat 0.0518 122 155 138 167
boat 0.0518 265 122 301 163
boat 0.0517 423 149 465 165
boat 0.0515 449 147 476 155
boat 0.0513 216 135 244 158
boat 0.0513 301 127 328 166
boat 0.0513 314 136 329 159
boat 0.0512 194 166 217 173
boat 0.0511 364 132 385 160
boat 0.0511 348 147 382 195
boat 0.0508 100 138 122 164
boat 0.0508 185 146 265 163
boat 0.0507 319 158 346 170
boat 0.0507 82 178 112 192
boat 0.0507 461 145 478 155
boat 0.0507 188 162 207 172
boat 0.0506 133 153 147 163
boat 0.0505 65 157 117 169
boat 0.0503 130 155 145 167
boat 0.0502 16 128 98 158
boat 0.0502 272 120 291 156
boat 0.0500 182 148 238 160
boat 0.0500 210 151 228 160
boat 0.0498 475 174 491 191
boat 0.0497 34 137 54 158
boat 0.0494 441 150 456 167
boat 0.0494 425 159 437 175
boat 0.0494 172 150 255 173
boat 0.0492 59 162 94 203
boat 0.0492 134 107 167 163
boat 0.0491 84 173 119 219
boat 0.0491 317 145 348 159
boat 0.0491 302 151 370 194
boat 0.0489 172 152 181 166
boat 0.0489 0 136 47 179
boat 0.0487 415 142 470 168
boat 0.0487 125 135 172 165
boat 0.0486 13 156 73 181
boat 0.0486 141 123 160 161
boat 0.0484 198 128 250 159
boat 0.0484 307 132 349 165
dog 0.0252 15 0 178 51
person 0.0509 73 170 87 188
person 0.0500 1 30 429 281
person 0.0413 276 30 500 281
person 0.0381 60 225 74 247
person 0.0300 54 230 67 246
person 0.0274 17 20 142 196
person 0.0260 470 176 480 191
person 0.0260 380 0 500 180
person 0.0248 0 0 237 269
person 0.0228 444 170 456 186
person 0.0224 56 213 80 248
person 0.0210 63 222 83 248
person 0.0207 47 222 72 249
person 0.0201 61 235 73 249
