bicycle 0.0328 345 203 375 235
bird 0.0419 49 380 199 475
boat 0.0369 278 169 305 187
boat 0.0252 0 87 329 483
car 0.0355 10 3 108 88
car 0.0352 280 169 306 187
car 0.0350 60 3 110 90
car 0.0282 40 7 162 84
car 0.0252 0 0 36 49
horse 0.4258 34 82 213 417
horse 0.1174 36 223 211 480
horse 0.0608 52 200 207 357
horse 0.0446 0 147 287 477
horse 0.0424 343 180 375 236
horse 0.0422 39 364 207 478
horse 0.0355 102 162 204 417
horse 0.0344 36 130 145 461
horse 0.0281 28 301 165 481
horse 0.0225 89 256 213 352
horse 0.0214 38 247 115 367
person 0.8946 42 50 206 330
person 0.7644 348 171 372 233
person 0.2553 41 89 132 342
person 0.2434 102 93 202 349
person 0.1727 0 79 221 500
person 0.1613 43 185 89 356
person 0.0982 151 157 208 364
person 0.0806 36 176 193 344
person 0.0507 346 171 374 200
person 0.0468 352 164 375 288
person 0.0453 50 150 111 351
person 0.0443 344 187 356 230
person 0.0427 45 257 73 357
person 0.0422 0 186 14 249
person 0.0409 31 231 142 351
person 0.0402 348 192 364 236
person 0.0395 74 48 186 127
person 0.0386 34 24 332 346
person 0.0369 355 169 374 214
person 0.0366 61 2 97 91
person 0.0355 0 193 8 252
person 0.0306 347 170 365 218
person 0.0300 39 46 193 195
person 0.0296 92 177 172 350
person 0.0293 107 48 163 115
person 0.0289 84 161 139 329
person 0.0288 0 0 29 54
person 0.0285 140 75 202 307
person 0.0278 329 169 375 241
person 0.0264 354 132 375 234
person 0.0263 0 190 126 354
person 0.0257 360 169 374 198
person 0.0252 357 182 375 238
person 0.0245 262 163 272 193
person 0.0245 343 173 355 217
person 0.0240 174 254 208 367
person 0.0238 43 324 67 357
person 0.0234 62 74 365 500
person 0.0228 354 168 368 189
person 0.0227 3 1 48 82
person 0.0212 10 0 121 301
person 0.0209 120 130 176 323
person 0.0209 336 185 353 234
person 0.0206 1 173 13 227
person 0.0206 2 202 21 248
person 0.0206 339 196 349 229
person 0.0204 71 0 107 66
person 0.0203 51 294 112 482
person 0.0201 341 162 375 215
pottedplant 0.0210 0 179 21 249
tvmonitor 0.0299 82 48 192 121
tvmonitor 0.0267 48 34 171 133
tvmonitor 0.0259 57 11 191 84
