bicycle 0.1414 51 243 90 288
bicycle 0.0825 44 234 115 293
bicycle 0.0488 30 193 123 336
bicycle 0.0424 37 232 83 290
bicycle 0.0402 59 254 117 297
bicycle 0.0379 74 230 122 292
bicycle 0.0373 387 272 439 336
bicycle 0.0365 49 247 71 283
bicycle 0.0347 27 191 92 294
bicycle 0.0338 373 245 434 333
bicycle 0.0338 64 251 94 294
bicycle 0.0276 13 245 143 364
bicycle 0.0273 48 258 88 283
bicycle 0.0261 84 260 116 297
bicycle 0.0227 18 237 115 318
bicycle 0.0224 88 271 110 297
boat 0.0325 0 10 486 339
bottle 0.0520 246 119 290 232
bottle 0.0250 350 125 384 217
bottle 0.0205 256 119 290 191
bus 0.0946 7 0 315 373
bus 0.0535 16 0 164 354
bus 0.0342 223 16 298 82
bus 0.0327 88 37 439 345
car 0.0751 479 249 499 283
car 0.0596 460 224 499 284
car 0.0533 12 0 156 337
car 0.0501 462 253 499 285
car 0.0448 402 181 417 201
car 0.0426 156 202 206 241
car 0.0412 0 356 41 374
car 0.0332 0 132 10 159
car 0.0322 0 198 8 224
car 0.0319 14 0 398 375
car 0.0307 207 198 224 222
car 0.0304 205 201 225 214
car 0.0304 347 286 389 313
car 0.0290 158 173 200 192
car 0.0285 0 347 27 375
car 0.0283 448 244 500 291
car 0.0280 400 189 422 205
car 0.0275 0 128 16 153
car 0.0239 407 185 425 198
car 0.0232 395 178 423 202
car 0.0230 470 266 500 284
car 0.0221 395 194 437 214
car 0.0218 178 197 204 217
car 0.0218 0 341 87 374
car 0.0213 161 195 206 218
car 0.0207 0 330 35 375
car 0.0203 190 201 214 215
car 0.0200 402 192 433 203
chair 0.0408 386 260 440 332
chair 0.0361 346 261 390 316
chair 0.0303 234 250 297 336
chair 0.0296 453 229 499 287
chair 0.0290 48 244 70 281
chair 0.0241 59 233 89 281
chair 0.0231 452 241 482 287
chair 0.0230 440 233 475 292
chair 0.0228 363 263 398 328
chair 0.0203 440 256 461 291
person 0.6912 384 195 442 333
person 0.1683 247 233 263 273
person 0.1010 409 195 448 288
person 0.0977 456 206 496 287
person 0.0920 403 194 470 331
person 0.0807 393 248 433 338
person 0.0806 382 224 422 330
person 0.0737 362 173 420 321
person 0.0670 419 195 446 257
person 0.0652 384 204 416 297
person 0.0587 420 195 466 295
person 0.0561 408 241 438 331
person 0.0537 238 233 259 275
person 0.0533 437 180 493 291
person 0.0530 474 207 500 285
person 0.0527 245 122 290 237
person 0.0522 424 198 443 242
person 0.0505 460 211 472 233
person 0.0504 418 195 437 233
person 0.0501 0 0 185 358
person 0.0478 453 214 463 239
person 0.0477 390 192 438 270
person 0.0462 388 254 416 336
person 0.0459 480 191 499 258
person 0.0457 431 200 448 242
person 0.0456 466 209 478 234
person 0.0451 381 135 458 307
person 0.0446 400 196 433 212
person 0.0442 245 232 269 286
person 0.0441 425 191 460 252
person 0.0433 48 219 87 283
person 0.0413 443 223 488 290
person 0.0394 417 195 436 214
person 0.0391 474 201 489 239
person 0.0388 61 239 91 285
person 0.0383 484 190 497 237
person 0.0379 401 188 418 206
person 0.0378 397 194 424 218
person 0.0374 393 194 440 232
person 0.0370 472 199 493 255
person 0.0363 11 6 434 345
person 0.0359 445 212 456 242
person 0.0357 457 214 473 247
person 0.0355 387 195 419 252
person 0.0350 454 209 477 257
person 0.0343 459 211 483 269
person 0.0335 455 203 476 239
person 0.0333 464 213 480 250
person 0.0327 461 202 482 241
person 0.0315 454 209 463 230
person 0.0314 436 203 456 247
person 0.0302 461 198 472 223
person 0.0299 242 213 268 271
person 0.0298 441 202 455 233
person 0.0294 409 197 441 216
person 0.0294 365 217 406 322
person 0.0294 449 207 467 245
person 0.0293 333 173 393 324
person 0.0291 42 202 73 277
person 0.0290 450 217 463 256
person 0.0286 157 167 176 194
person 0.0286 20 194 49 263
person 0.0285 415 205 440 273
person 0.0283 420 196 433 208
person 0.0282 407 195 431 227
person 0.0282 402 194 452 246
person 0.0279 467 168 500 293
person 0.0278 433 202 460 281
person 0.0277 299 171 369 319
person 0.0273 87 200 124 261
person 0.0272 467 201 477 225
person 0.0271 392 196 415 231
person 0.0268 16 11 134 166
person 0.0267 401 211 438 301
person 0.0267 231 237 250 273
person 0.0262 430 203 450 267
person 0.0261 448 213 466 266
person 0.0260 47 235 74 281
person 0.0259 418 206 438 249
person 0.0256 399 183 411 202
person 0.0250 410 194 425 207
person 0.0250 445 218 456 259
person 0.0250 444 207 473 279
person 0.0247 410 188 423 201
person 0.0244 397 182 421 210
person 0.0242 458 193 490 254
person 0.0242 455 215 468 236
person 0.0238 340 118 444 330
person 0.0234 104 201 122 237
person 0.0230 418 226 445 315
person 0.0221 30 204 53 260
person 0.0220 456 186 474 230
person 0.0219 460 186 472 217
person 0.0218 248 228 269 261
person 0.0217 476 191 489 221
person 0.0216 405 269 432 335
person 0.0214 427 197 451 222
person 0.0214 392 184 427 223
person 0.0213 248 219 262 252
person 0.0213 1 345 33 375
person 0.0212 489 191 500 244
person 0.0211 257 148 291 223
person 0.0211 97 204 117 235
person 0.0211 25 215 44 259
person 0.0210 427 137 500 342
person 0.0207 157 196 177 229
person 0.0206 36 195 66 262
person 0.0204 365 191 396 270
person 0.0203 462 208 476 226
person 0.0202 484 182 496 216
person 0.0202 18 193 38 251
person 0.0201 455 245 497 312
pottedplant 0.0761 250 261 268 295
pottedplant 0.0695 247 253 263 289
pottedplant 0.0626 235 119 291 260
pottedplant 0.0613 246 252 276 301
pottedplant 0.0593 241 233 268 295
pottedplant 0.0564 233 236 286 327
pottedplant 0.0536 33 163 119 310
pottedplant 0.0525 249 158 289 245
pottedplant 0.0519 44 197 95 290
pottedplant 0.0466 257 261 278 295
pottedplant 0.0456 238 173 282 260
pottedplant 0.0419 248 233 288 302
pottedplant 0.0419 350 175 387 238
pottedplant 0.0404 57 224 108 289
pottedplant 0.0403 241 257 270 290
pottedplant 0.0402 79 219 122 286
pottedplant 0.0396 237 260 269 311
pottedplant 0.0392 247 234 266 274
pottedplant 0.0371 249 191 288 273
pottedplant 0.0367 20 108 130 350
pottedplant 0.0366 88 210 125 266
pottedplant 0.0362 236 197 281 299
pottedplant 0.0351 55 192 126 293
pottedplant 0.0331 238 262 256 293
pottedplant 0.0329 228 237 263 310
pottedplant 0.0326 37 200 75 284
pottedplant 0.0326 236 174 269 230
pottedplant 0.0317 232 154 289 324
pottedplant 0.0309 234 249 261 291
pottedplant 0.0302 57 244 89 281
pottedplant 0.0301 352 192 378 239
pottedplant 0.0287 103 221 123 261
pottedplant 0.0287 260 256 288 300
pottedplant 0.0283 225 178 269 274
pottedplant 0.0273 259 183 292 239
pottedplant 0.0262 242 120 283 215
pottedplant 0.0259 234 237 262 274
pottedplant 0.0256 390 271 413 336
pottedplant 0.0252 228 218 259 283
pottedplant 0.0251 104 207 122 245
pottedplant 0.0251 267 184 289 221
pottedplant 0.0246 235 228 281 278
pottedplant 0.0244 224 144 276 243
pottedplant 0.0236 241 189 265 235
pottedplant 0.0229 240 189 289 234
pottedplant 0.0229 17 196 101 346
pottedplant 0.0226 253 257 282 281
pottedplant 0.0225 233 260 287 295
pottedplant 0.0225 237 254 261 277
pottedplant 0.0224 235 262 267 282
pottedplant 0.0224 92 228 120 264
pottedplant 0.0211 246 196 273 243
pottedplant 0.0211 88 237 122 279
pottedplant 0.0207 104 198 122 230
pottedplant 0.0206 231 241 249 276
pottedplant 0.0204 356 205 383 234
pottedplant 0.0203 248 131 312 251
pottedplant 0.0203 95 215 118 253
pottedplant 0.0202 240 260 273 274
pottedplant 0.0201 21 179 63 281
train 0.0500 0 13 482 353
train 0.0306 21 0 260 375
train 0.0217 0 0 147 324
train 0.0205 6 0 304 149
tvmonitor 0.1701 156 144 208 194
tvmonitor 0.0931 13 0 137 309
tvmonitor 0.0672 150 146 212 226
tvmonitor 0.0604 20 11 126 173
tvmonitor 0.0546 162 160 202 192
tvmonitor 0.0534 33 139 118 301
tvmonitor 0.0510 233 98 288 255
tvmonitor 0.0485 402 177 416 198
tvmonitor 0.0462 207 198 224 218
tvmonitor 0.0440 153 113 223 198
tvmonitor 0.0382 212 110 271 247
tvmonitor 0.0367 162 151 203 173
tvmonitor 0.0351 156 192 206 240
tvmonitor 0.0344 298 149 338 221
tvmonitor 0.0342 20 112 133 242
tvmonitor 0.0340 397 170 419 202
tvmonitor 0.0331 100 101 239 355
tvmonitor 0.0316 142 123 209 265
tvmonitor 0.0315 146 112 264 232
tvmonitor 0.0308 296 109 371 252
tvmonitor 0.0308 213 0 326 264
tvmonitor 0.0305 96 0 239 243
tvmonitor 0.0295 209 153 224 172
tvmonitor 0.0294 0 131 19 154
tvmonitor 0.0293 28 71 227 277
tvmonitor 0.0283 238 106 365 246
tvmonitor 0.0282 133 50 224 237
tvmonitor 0.0277 203 116 284 328
tvmonitor 0.0275 285 118 381 320
tvmonitor 0.0273 24 0 213 186
tvmonitor 0.0267 459 181 471 210
tvmonitor 0.0259 200 46 284 250
tvmonitor 0.0254 178 151 202 182
tvmonitor 0.0250 168 153 226 202
tvmonitor 0.0250 22 61 161 219
tvmonitor 0.0246 18 119 170 317
tvmonitor 0.0244 157 119 249 331
tvmonitor 0.0242 159 171 195 193
tvmonitor 0.0241 154 146 251 208
tvmonitor 0.0238 152 130 208 172
tvmonitor 0.0236 156 213 201 239
tvmonitor 0.0235 92 130 198 225
tvmonitor 0.0233 122 109 296 302
tvmonitor 0.0227 212 157 223 169
tvmonitor 0.0224 166 148 232 179
tvmonitor 0.0223 0 200 7 221
tvmonitor 0.0221 310 166 333 200
tvmonitor 0.0220 293 117 346 207
tvmonitor 0.0219 254 120 322 276
tvmonitor 0.0218 208 187 224 213
tvmonitor 0.0216 399 170 411 195
tvmonitor 0.0216 148 51 320 241
tvmonitor 0.0214 207 154 225 190
tvmonitor 0.0213 124 134 209 206
tvmonitor 0.0209 348 128 387 236
tvmonitor 0.0206 253 0 395 276
tvmonitor 0.0206 409 181 422 198
tvmonitor 0.0204 393 151 422 201
tvmonitor 0.0203 204 178 227 217
tvmonitor 0.0203 17 139 70 280
tvmonitor 0.0203 242 128 295 216
tvmonitor 0.0202 0 131 20 216
tvmonitor 0.0202 310 203 335 231
tvmonitor 0.0200 226 159 301 283
