aeroplane 0.0649 59 127 123 174
aeroplane 0.0520 41 130 127 196
aeroplane 0.0469 88 189 132 205
aeroplane 0.0455 23 166 119 204
aeroplane 0.0429 63 146 137 172
aeroplane 0.0384 109 158 132 170
aeroplane 0.0371 26 149 162 208
aeroplane 0.0366 95 156 135 169
aeroplane 0.0359 38 163 98 196
aeroplane 0.0350 12 145 143 249
aeroplane 0.0350 360 267 381 294
aeroplane 0.0346 80 182 190 210
aeroplane 0.0334 98 160 136 172
aeroplane 0.0329 102 191 138 203
aeroplane 0.0326 49 177 141 209
aeroplane 0.0319 30 167 200 214
aeroplane 0.0310 81 184 121 210
aeroplane 0.0309 49 153 111 193
aeroplane 0.0295 77 217 332 375
aeroplane 0.0292 57 157 132 202
aeroplane 0.0283 19 224 37 258
aeroplane 0.0280 96 189 198 220
aeroplane 0.0265 77 155 137 174
aeroplane 0.0257 21 168 52 179
aeroplane 0.0253 52 125 98 187
aeroplane 0.0252 13 182 202 255
aeroplane 0.0248 429 280 453 312
aeroplane 0.0244 66 152 118 169
aeroplane 0.0241 21 123 183 192
aeroplane 0.0240 145 350 162 375
aeroplane 0.0235 54 140 163 189
aeroplane 0.0230 115 192 150 204
aeroplane 0.0209 10 123 211 275
aeroplane 0.0205 83 216 202 363
aeroplane 0.0204 53 167 89 191
bicycle 0.0352 0 15 500 375
bird 0.8000 187 129 353 278
bird 0.1212 90 144 312 287
bird 0.0823 22 0 218 321
bird 0.0675 162 61 424 272
bird 0.0529 179 135 333 208
bird 0.0499 184 136 282 174
bird 0.0492 62 124 74 159
bird 0.0475 19 182 55 259
bird 0.0393 61 124 83 169
bird 0.0354 252 143 342 270
bird 0.0310 213 120 466 295
bird 0.0307 37 8 500 300
bird 0.0302 207 181 390 286
bird 0.0300 35 82 311 260
bird 0.0294 18 203 43 259
bird 0.0284 132 175 377 353
bird 0.0247 185 136 286 243
bird 0.0241 174 136 235 178
bird 0.0236 189 225 354 295
bird 0.0209 84 130 283 226
bird 0.0205 167 19 332 249
boat 0.0295 0 0 419 226
boat 0.0279 74 229 347 370
boat 0.0237 10 53 168 131
cow 0.0732 0 0 500 289
diningtable 0.0329 52 241 420 365
horse 0.0824 0 0 500 375
person 0.0974 0 0 319 375
person 0.0359 65 1 231 252
person 0.0349 32 62 124 172
sheep 0.0204 28 0 291 307
