car 0.9644 105 122 383 246
car 0.0547 103 139 175 234
car 0.0488 214 126 374 182
car 0.0458 0 0 445 199
car 0.0397 55 31 354 257
car 0.0372 0 304 93 333
car 0.0352 104 137 241 244
car 0.0326 102 138 165 180
car 0.0318 263 132 379 238
car 0.0284 0 291 53 333
car 0.0283 156 125 304 176
car 0.0263 346 156 381 225
car 0.0263 0 294 22 333
car 0.0262 270 127 366 157
car 0.0247 318 131 382 245
car 0.0244 103 154 165 208
car 0.0238 155 131 240 167
car 0.0207 54 68 500 333
dog 0.0762 0 0 491 307
person 0.0886 0 0 328 333
person 0.0798 257 139 282 166
person 0.0403 247 138 263 168
person 0.0354 253 137 286 178
person 0.0339 276 136 292 163
person 0.0297 72 37 303 261
person 0.0290 222 140 238 169
person 0.0270 0 0 500 210
person 0.0254 232 135 261 170
person 0.0232 282 137 302 162
person 0.0225 264 135 288 163
person 0.0222 253 136 272 162
person 0.0219 240 136 274 166
person 0.0216 203 140 225 168
person 0.0214 288 137 313 163
person 0.0207 213 140 232 169
person 0.0201 220 129 273 167
person 0.0200 249 130 293 165
sofa 0.0788 35 0 367 274
sofa 0.0333 0 49 500 329
