aeroplane 0.0315 338 0 375 48
aeroplane 0.0246 318 0 375 95
aeroplane 0.0217 350 0 373 38
bicycle 0.6622 155 246 204 340
bicycle 0.1399 165 259 192 337
bicycle 0.1223 169 250 206 303
bicycle 0.0925 182 233 207 295
bicycle 0.0905 138 209 214 302
bicycle 0.0786 137 244 197 299
bicycle 0.0681 144 246 185 332
bicycle 0.0564 126 240 211 322
bicycle 0.0541 185 259 205 300
bicycle 0.0387 175 257 194 302
bicycle 0.0356 123 245 174 302
bicycle 0.0311 165 225 221 359
bicycle 0.0281 157 243 208 288
bicycle 0.0268 159 256 190 304
bicycle 0.0251 79 231 218 351
bicycle 0.0230 191 269 212 297
bird 0.0353 342 0 374 39
bird 0.0343 7 2 266 336
bird 0.0224 13 32 375 448
bird 0.0210 16 0 375 221
bird 0.0210 358 0 374 40
boat 0.0356 363 89 373 141
boat 0.0223 362 84 375 177
boat 0.0216 366 90 375 158
bottle 0.0211 168 208 204 235
horse 0.0506 13 165 187 406
horse 0.0433 0 167 122 352
horse 0.0264 71 192 222 347
horse 0.0238 0 24 210 379
horse 0.0204 12 233 153 347
person 0.8531 152 183 209 323
person 0.1543 152 239 194 330
person 0.0955 183 216 208 294
person 0.0811 140 213 213 364
person 0.0702 186 246 206 294
person 0.0692 168 241 203 308
person 0.0619 152 202 170 246
person 0.0513 151 216 201 296
person 0.0437 181 184 210 268
person 0.0390 147 218 179 302
person 0.0361 188 200 208 241
person 0.0337 161 190 207 258
person 0.0325 162 254 185 316
person 0.0319 174 254 193 297
person 0.0309 363 90 373 131
person 0.0298 156 188 174 230
person 0.0284 150 195 182 248
person 0.0283 170 198 206 297
person 0.0282 150 200 173 286
person 0.0281 155 188 167 222
person 0.0277 161 202 180 242
person 0.0276 0 21 295 500
person 0.0269 156 183 208 230
person 0.0256 155 185 177 214
person 0.0238 189 219 207 266
person 0.0236 152 216 164 253
person 0.0230 145 180 191 292
person 0.0229 150 31 375 500
person 0.0227 122 196 203 298
person 0.0218 182 185 209 230
person 0.0218 162 184 181 225
person 0.0213 158 201 201 237
person 0.0213 165 182 189 211
person 0.0207 154 216 176 251
pottedplant 0.0234 259 233 272 265
pottedplant 0.0202 251 241 273 263
