aeroplane 0.0345 0 0 463 354
bird 0.7113 429 259 500 341
bird 0.0899 442 303 500 339
bird 0.0781 432 258 471 322
bird 0.0740 429 254 491 304
bird 0.0635 409 91 427 144
bird 0.0604 457 276 500 333
bird 0.0602 431 259 452 309
bird 0.0593 474 308 499 341
bird 0.0557 455 317 500 339
bird 0.0533 386 255 492 350
bird 0.0431 147 84 168 136
bird 0.0395 413 95 425 122
bird 0.0381 434 258 478 287
bird 0.0380 476 289 499 318
bird 0.0378 445 182 500 344
bird 0.0362 448 260 492 320
bird 0.0337 465 273 497 314
bird 0.0336 434 287 488 350
bird 0.0335 429 259 446 292
bird 0.0306 435 259 456 292
bird 0.0300 460 265 484 283
bird 0.0291 451 261 480 283
bird 0.0284 430 260 454 281
bird 0.0283 469 274 492 299
bird 0.0278 426 340 453 354
bird 0.0271 408 282 415 295
bird 0.0268 406 94 420 137
bird 0.0266 415 94 430 131
bird 0.0255 453 263 490 291
bird 0.0254 469 270 494 288
bird 0.0250 479 279 499 307
bird 0.0247 459 266 488 307
bird 0.0241 423 266 434 293
bird 0.0240 425 317 500 348
bird 0.0240 441 259 471 279
bird 0.0229 407 286 415 300
bird 0.0226 462 272 484 298
bird 0.0215 438 270 492 295
bird 0.0215 473 298 500 326
bird 0.0215 148 84 160 123
bird 0.0201 282 118 292 142
boat 0.0388 13 34 67 51
boat 0.0218 32 29 72 47
bus 0.0845 0 0 500 354
car 0.0202 0 0 452 202
cat 0.0359 0 0 500 354
person 0.0242 0 0 225 354
sheep 0.7667 143 158 256 228
sheep 0.4912 141 150 229 207
sheep 0.4738 309 87 332 107
sheep 0.4534 462 100 493 114
sheep 0.2903 141 150 197 191
sheep 0.2269 192 74 217 86
sheep 0.1601 192 166 253 226
sheep 0.1476 141 150 174 181
sheep 0.1142 146 155 223 186
sheep 0.1073 201 163 255 203
sheep 0.0968 465 98 485 112
sheep 0.0940 456 93 498 115
sheep 0.0918 132 156 267 285
sheep 0.0870 197 78 210 87
sheep 0.0835 304 91 326 105
sheep 0.0806 287 90 297 119
sheep 0.0798 163 160 225 196
sheep 0.0786 139 156 194 221
sheep 0.0782 297 90 316 108
sheep 0.0759 133 184 241 226
sheep 0.0756 302 86 332 120
sheep 0.0747 283 91 292 120
sheep 0.0737 219 165 256 217
sheep 0.0716 211 76 237 84
sheep 0.0683 141 117 263 214
sheep 0.0673 456 0 499 75
sheep 0.0668 290 91 303 108
sheep 0.0666 229 166 256 199
sheep 0.0664 173 156 258 206
sheep 0.0587 201 73 213 85
sheep 0.0577 312 89 325 104
sheep 0.0547 363 136 398 149
sheep 0.0541 294 89 306 111
sheep 0.0537 320 91 350 104
sheep 0.0529 282 88 299 132
sheep 0.0518 289 85 324 110
sheep 0.0502 246 75 270 85
sheep 0.0494 185 161 227 188
sheep 0.0491 227 76 249 84
sheep 0.0475 307 87 355 107
sheep 0.0475 284 92 296 108
sheep 0.0467 235 75 257 84
sheep 0.0463 475 0 500 67
sheep 0.0462 203 73 221 84
sheep 0.0462 131 145 332 236
sheep 0.0460 474 90 490 107
sheep 0.0457 466 84 495 113
sheep 0.0451 188 72 229 87
sheep 0.0431 193 75 207 83
sheep 0.0423 281 87 306 116
sheep 0.0422 146 150 184 167
sheep 0.0421 426 0 495 90
sheep 0.0410 201 68 216 80
sheep 0.0405 461 92 492 107
sheep 0.0401 278 87 294 127
sheep 0.0394 330 212 359 232
sheep 0.0393 221 165 256 186
sheep 0.0388 195 72 216 81
sheep 0.0386 481 90 497 111
sheep 0.0385 194 77 225 88
sheep 0.0382 459 98 473 110
sheep 0.0381 176 191 262 232
sheep 0.0379 484 81 497 106
sheep 0.0379 196 78 214 97
sheep 0.0379 462 101 495 126
sheep 0.0377 282 101 293 137
sheep 0.0368 483 46 498 76
sheep 0.0363 314 83 334 99
sheep 0.0355 479 31 499 79
sheep 0.0355 194 163 247 187
sheep 0.0344 465 96 481 106
sheep 0.0341 404 91 429 147
sheep 0.0341 254 76 272 86
sheep 0.0340 290 92 304 121
sheep 0.0338 141 151 161 174
sheep 0.0334 138 126 206 198
sheep 0.0330 185 152 291 230
sheep 0.0329 283 85 316 134
sheep 0.0328 489 52 500 81
sheep 0.0320 229 73 242 83
sheep 0.0319 477 82 489 97
sheep 0.0318 485 57 497 77
sheep 0.0318 262 76 284 84
sheep 0.0317 131 182 179 226
sheep 0.0316 284 94 291 107
sheep 0.0316 242 74 253 86
sheep 0.0314 184 75 197 86
sheep 0.0312 141 177 220 209
sheep 0.0309 190 69 213 89
sheep 0.0307 274 87 297 143
sheep 0.0303 467 88 485 101
sheep 0.0301 484 76 500 95
sheep 0.0301 479 76 500 112
sheep 0.0300 490 70 500 101
sheep 0.0298 476 80 492 94
sheep 0.0298 292 90 304 102
sheep 0.0298 310 96 325 121
sheep 0.0297 290 94 297 107
sheep 0.0297 150 98 169 137
sheep 0.0295 449 99 461 110
sheep 0.0294 296 92 306 105
sheep 0.0288 214 72 238 82
sheep 0.0287 460 96 477 113
sheep 0.0287 208 75 220 86
sheep 0.0287 218 73 233 83
sheep 0.0285 147 173 207 232
sheep 0.0282 228 72 249 81
sheep 0.0281 360 236 381 256
sheep 0.0280 470 95 500 112
sheep 0.0279 276 95 285 116
sheep 0.0270 146 84 264 179
sheep 0.0270 467 0 499 41
sheep 0.0270 285 91 296 101
sheep 0.0268 273 77 286 86
sheep 0.0267 236 76 245 87
sheep 0.0264 447 102 460 114
sheep 0.0259 459 96 470 105
sheep 0.0258 240 71 264 83
sheep 0.0255 197 85 213 109
sheep 0.0253 271 76 291 84
sheep 0.0252 277 93 289 107
sheep 0.0250 75 153 214 223
sheep 0.0249 190 79 199 87
sheep 0.0247 456 99 463 109
sheep 0.0245 138 152 175 207
sheep 0.0245 410 107 425 144
sheep 0.0243 485 66 497 84
sheep 0.0242 451 102 470 112
sheep 0.0242 480 0 500 31
sheep 0.0241 320 87 337 105
sheep 0.0240 141 152 167 165
sheep 0.0237 369 132 394 146
sheep 0.0237 285 109 297 139
sheep 0.0237 272 86 299 112
sheep 0.0237 144 84 171 141
sheep 0.0236 487 42 500 94
sheep 0.0234 181 76 188 86
sheep 0.0233 301 87 325 98
sheep 0.0232 216 186 264 232
sheep 0.0231 247 74 261 87
sheep 0.0230 471 83 484 93
sheep 0.0228 209 79 240 88
sheep 0.0227 477 76 490 91
sheep 0.0227 227 75 236 86
sheep 0.0226 193 92 207 118
sheep 0.0226 326 96 353 106
sheep 0.0226 189 75 213 103
sheep 0.0225 320 83 329 97
sheep 0.0225 298 87 306 98
sheep 0.0224 266 77 276 88
sheep 0.0224 441 99 452 110
sheep 0.0222 307 96 327 135
sheep 0.0222 461 112 497 135
sheep 0.0222 175 169 231 212
sheep 0.0220 327 341 374 353
sheep 0.0219 208 68 222 79
sheep 0.0219 464 73 498 101
sheep 0.0219 193 102 206 120
sheep 0.0219 191 160 232 201
sheep 0.0219 337 92 365 103
sheep 0.0219 299 77 310 86
sheep 0.0218 187 77 208 90
sheep 0.0218 199 92 213 117
sheep 0.0217 201 105 212 120
sheep 0.0217 165 150 201 164
sheep 0.0216 178 86 274 125
sheep 0.0216 232 198 255 232
sheep 0.0216 187 86 211 123
sheep 0.0216 194 163 223 181
sheep 0.0215 282 78 294 87
sheep 0.0214 467 84 495 97
sheep 0.0214 155 175 216 196
sheep 0.0213 445 125 454 136
sheep 0.0212 470 86 478 98
sheep 0.0212 461 23 497 96
sheep 0.0211 311 109 323 129
sheep 0.0210 459 124 493 135
sheep 0.0209 314 83 322 95
sheep 0.0209 280 76 299 84
sheep 0.0208 153 148 209 170
sheep 0.0207 413 96 430 139
sheep 0.0207 300 83 312 92
sheep 0.0205 277 87 332 116
sheep 0.0205 238 147 344 229
sheep 0.0204 305 90 337 142
sheep 0.0204 302 93 323 113
sheep 0.0203 321 78 334 90
sheep 0.0203 299 80 306 90
sheep 0.0203 139 155 156 187
sheep 0.0203 475 51 493 75
sheep 0.0203 293 88 314 97
sheep 0.0202 292 78 303 87
sheep 0.0201 209 72 259 86
sheep 0.0201 476 63 495 76
sheep 0.0201 446 100 454 114
sheep 0.0201 193 79 216 115
sheep 0.0201 400 0 500 56
sheep 0.0201 449 96 460 105
sheep 0.0200 438 103 447 120
train 0.0402 0 0 400 354
tvmonitor 0.0214 0 10 78 49
