bicycle 0.5426 17 114 307 497
bicycle 0.4691 16 134 170 487
bicycle 0.2319 269 176 389 489
bicycle 0.2249 185 108 384 499
bicycle 0.1609 325 231 389 500
bicycle 0.1307 0 304 178 482
bicycle 0.1019 83 261 355 500
bicycle 0.0799 41 137 170 334
bicycle 0.0690 284 193 377 384
bicycle 0.0507 330 362 389 499
bicycle 0.0493 206 319 389 500
bicycle 0.0436 17 157 124 399
bicycle 0.0381 0 364 135 479
bicycle 0.0380 81 158 176 463
bicycle 0.0379 293 304 383 500
bicycle 0.0370 264 215 346 403
bicycle 0.0367 359 413 389 500
bicycle 0.0323 66 170 190 285
bicycle 0.0316 264 253 385 363
bicycle 0.0314 1 313 76 480
bicycle 0.0285 198 161 376 363
bicycle 0.0277 192 227 387 426
bicycle 0.0238 273 396 387 498
bicycle 0.0230 13 172 205 368
bicycle 0.0214 41 357 191 489
bicycle 0.0203 267 298 387 412
boat 0.0609 373 70 389 147
boat 0.0242 336 382 389 500
boat 0.0214 272 334 307 360
boat 0.0209 359 417 389 500
bottle 0.2070 338 223 363 313
bottle 0.1760 333 204 384 382
bottle 0.1367 104 268 124 386
bottle 0.1273 343 255 368 333
bottle 0.1118 347 248 363 310
bottle 0.1039 344 210 364 287
bottle 0.0971 287 194 357 343
bottle 0.0883 309 195 386 324
bottle 0.0761 345 175 389 325
bottle 0.0752 78 158 100 209
bottle 0.0743 265 235 351 362
bottle 0.0704 339 247 377 358
bottle 0.0691 347 225 371 308
bottle 0.0662 342 237 358 301
bottle 0.0621 102 231 123 353
bottle 0.0617 75 161 91 202
bottle 0.0596 327 214 375 319
bottle 0.0583 360 169 388 265
bottle 0.0572 339 265 362 306
bottle 0.0562 336 238 352 295
bottle 0.0556 349 216 367 266
bottle 0.0534 343 211 365 250
bottle 0.0531 337 234 389 465
bottle 0.0527 352 231 367 278
bottle 0.0526 341 298 381 362
bottle 0.0525 344 272 367 315
bottle 0.0503 100 200 153 395
bottle 0.0500 342 195 368 265
bottle 0.0454 73 148 103 191
bottle 0.0442 344 215 378 273
bottle 0.0433 376 65 389 150
bottle 0.0425 275 170 316 226
bottle 0.0415 348 286 371 359
bottle 0.0388 108 322 119 387
bottle 0.0387 85 165 102 216
bottle 0.0386 71 131 110 198
bottle 0.0385 335 276 350 322
bottle 0.0380 111 285 123 358
bottle 0.0379 350 234 383 316
bottle 0.0367 358 214 388 262
bottle 0.0363 331 231 359 288
bottle 0.0363 333 250 360 335
bottle 0.0360 111 319 123 383
bottle 0.0347 76 147 106 172
bottle 0.0347 351 278 368 333
bottle 0.0340 331 247 347 289
bottle 0.0334 107 218 122 293
bottle 0.0329 293 186 366 271
bottle 0.0327 122 272 147 355
bottle 0.0325 349 260 368 303
bottle 0.0322 359 127 389 191
bottle 0.0320 330 277 371 354
bottle 0.0317 327 209 364 277
bottle 0.0314 298 228 366 384
bottle 0.0309 354 230 383 264
bottle 0.0309 325 258 351 336
bottle 0.0309 343 305 369 345
bottle 0.0308 70 88 109 172
bottle 0.0304 350 205 368 244
bottle 0.0299 294 250 346 326
bottle 0.0299 280 254 387 349
bottle 0.0297 333 264 355 303
bottle 0.0297 70 139 112 251
bottle 0.0296 253 262 329 352
bottle 0.0296 74 153 94 185
bottle 0.0295 283 199 307 232
bottle 0.0294 339 224 362 267
bottle 0.0291 318 233 356 330
bottle 0.0290 330 260 387 319
bottle 0.0285 360 252 388 331
bottle 0.0282 335 293 351 341
bottle 0.0278 107 278 120 354
bottle 0.0277 368 75 389 190
bottle 0.0275 80 161 107 233
bottle 0.0274 282 269 337 340
bottle 0.0272 51 162 117 318
bottle 0.0267 340 303 356 351
bottle 0.0266 113 276 138 374
bottle 0.0265 288 200 332 256
bottle 0.0265 346 201 365 237
bottle 0.0263 331 286 347 331
bottle 0.0260 274 208 332 337
bottle 0.0259 99 277 115 366
bottle 0.0258 357 264 374 310
bottle 0.0258 318 205 389 277
bottle 0.0258 338 290 363 358
bottle 0.0257 333 282 356 364
bottle 0.0256 372 207 388 261
bottle 0.0253 336 308 352 359
bottle 0.0251 280 186 300 229
bottle 0.0250 310 215 361 293
bottle 0.0250 286 200 318 240
bottle 0.0248 269 291 341 368
bottle 0.0243 340 277 359 326
bottle 0.0242 118 285 129 327
bottle 0.0242 330 227 385 288
bottle 0.0241 128 279 144 328
bottle 0.0239 339 304 372 329
bottle 0.0237 345 182 376 249
bottle 0.0237 297 205 343 308
bottle 0.0236 308 276 350 333
bottle 0.0236 279 169 299 216
bottle 0.0235 346 270 387 392
bottle 0.0233 343 271 384 338
bottle 0.0231 94 271 106 313
bottle 0.0230 323 208 367 247
bottle 0.0230 90 172 106 220
bottle 0.0228 98 255 118 335
bottle 0.0225 271 169 312 200
bottle 0.0224 66 123 119 173
bottle 0.0222 87 156 106 202
bottle 0.0220 282 176 306 222
bottle 0.0219 349 238 376 265
bottle 0.0217 343 231 371 260
bottle 0.0215 286 191 314 224
bottle 0.0215 99 0 127 19
bottle 0.0214 339 295 372 320
bottle 0.0214 357 288 374 330
bottle 0.0214 347 167 387 229
bottle 0.0213 371 132 389 184
bottle 0.0213 351 186 369 225
bottle 0.0212 69 165 110 212
bottle 0.0211 309 186 381 239
bottle 0.0209 295 227 373 310
bottle 0.0208 66 126 137 238
bottle 0.0206 104 244 120 314
bottle 0.0206 72 162 85 195
bottle 0.0204 252 227 321 328
bottle 0.0203 355 305 375 347
bottle 0.0202 91 209 128 398
bottle 0.0202 325 277 368 320
bottle 0.0200 101 322 114 379
car 0.0596 359 60 388 185
car 0.0479 239 16 386 225
car 0.0431 290 145 389 243
car 0.0409 230 19 373 128
car 0.0374 339 55 389 206
car 0.0362 374 79 388 142
car 0.0289 258 92 387 212
car 0.0286 317 136 389 204
car 0.0284 6 146 166 326
car 0.0282 232 50 367 170
car 0.0261 20 149 125 274
car 0.0207 353 53 389 134
car 0.0200 300 178 360 214
chair 0.0404 63 121 161 281
chair 0.0390 271 123 326 171
chair 0.0349 30 151 133 282
chair 0.0278 272 122 333 205
chair 0.0235 50 77 186 252
chair 0.0208 2 141 130 350
chair 0.0203 20 120 107 252
motorbike 0.1914 267 153 389 460
motorbike 0.1709 105 111 385 470
motorbike 0.1067 323 177 389 410
motorbike 0.0824 268 125 387 315
motorbike 0.0734 332 265 387 497
motorbike 0.0698 275 203 377 365
person 0.8211 143 43 329 484
person 0.7164 50 0 181 410
person 0.3829 30 41 245 488
person 0.3423 71 5 178 245
person 0.2908 214 71 376 500
person 0.1785 290 151 389 490
person 0.1534 254 105 371 389
person 0.1164 350 134 389 292
person 0.1060 333 164 387 332
person 0.1034 25 85 169 336
person 0.0962 304 106 389 363
person 0.0877 153 45 319 280
person 0.0801 316 145 389 277
person 0.0763 354 84 389 237
person 0.0761 238 65 331 350
person 0.0742 95 25 288 192
person 0.0722 263 175 349 366
person 0.0689 256 30 389 297
person 0.0622 76 6 178 91
person 0.0615 262 121 344 302
person 0.0600 169 36 298 136
person 0.0597 97 91 167 328
person 0.0583 224 46 322 181
person 0.0578 137 120 236 491
person 0.0558 331 50 389 245
person 0.0547 78 13 241 336
person 0.0545 286 187 367 313
person 0.0538 95 65 196 478
person 0.0537 14 138 138 403
person 0.0512 260 119 327 228
person 0.0509 74 9 206 148
person 0.0507 365 143 389 266
person 0.0485 88 7 142 78
person 0.0484 253 60 339 230
person 0.0477 282 160 371 267
person 0.0438 351 131 389 209
person 0.0437 119 0 181 160
person 0.0430 112 5 168 76
person 0.0422 270 114 383 250
person 0.0415 71 8 144 174
person 0.0408 84 3 118 84
person 0.0408 101 172 156 388
person 0.0393 119 18 247 129
person 0.0389 235 31 369 198
person 0.0384 336 249 389 474
person 0.0382 341 180 380 278
person 0.0377 143 99 225 270
person 0.0375 372 58 389 152
person 0.0369 240 180 337 440
person 0.0362 151 270 215 500
person 0.0361 51 0 386 500
person 0.0359 277 171 317 225
person 0.0349 324 178 372 296
person 0.0345 284 176 338 277
person 0.0343 16 0 157 225
person 0.0339 271 162 329 247
person 0.0322 130 0 176 88
person 0.0318 288 198 335 254
person 0.0315 94 22 109 77
person 0.0309 210 100 314 408
person 0.0308 181 58 344 209
person 0.0305 138 38 236 169
person 0.0303 68 0 121 131
person 0.0301 94 4 165 50
person 0.0297 194 46 294 108
person 0.0292 354 160 389 239
person 0.0291 97 0 157 24
person 0.0288 359 13 388 136
person 0.0288 40 158 121 327
person 0.0285 366 142 389 204
person 0.0280 364 74 389 181
person 0.0274 0 78 100 451
person 0.0273 245 92 320 204
person 0.0270 132 23 174 128
person 0.0269 22 0 88 164
person 0.0268 107 53 188 275
person 0.0267 116 123 189 335
person 0.0266 77 124 168 249
person 0.0262 300 34 389 194
person 0.0255 282 188 321 237
person 0.0255 287 184 355 242
person 0.0253 148 133 218 344
person 0.0249 69 74 174 174
person 0.0247 107 0 149 64
person 0.0247 128 208 205 494
person 0.0241 19 82 108 288
person 0.0238 125 0 159 39
person 0.0235 0 0 39 188
person 0.0235 100 1 138 19
person 0.0234 127 34 180 225
person 0.0227 134 62 175 166
person 0.0226 248 50 298 170
person 0.0224 261 121 325 178
person 0.0220 154 71 260 347
person 0.0218 57 44 129 241
person 0.0215 137 0 160 59
person 0.0214 371 157 388 220
person 0.0214 77 0 108 74
person 0.0214 65 1 98 84
person 0.0213 78 164 124 351
person 0.0212 147 0 215 127
person 0.0207 374 56 388 107
person 0.0207 290 141 348 249
person 0.0207 112 1 148 35
person 0.0206 174 352 195 454
person 0.0205 328 184 388 240
person 0.0204 5 1 52 83
person 0.0203 136 97 174 199
person 0.0203 157 61 271 197
person 0.0203 143 45 181 145
person 0.0200 366 391 389 481
pottedplant 0.0741 302 183 386 314
pottedplant 0.0362 344 366 388 500
pottedplant 0.0353 359 416 389 500
pottedplant 0.0347 352 148 389 343
pottedplant 0.0303 334 272 385 457
pottedplant 0.0277 319 180 389 422
pottedplant 0.0217 105 189 161 386
pottedplant 0.0209 369 410 389 480
tvmonitor 0.0396 211 30 339 131
tvmonitor 0.0391 106 0 183 90
tvmonitor 0.0311 223 11 383 183
tvmonitor 0.0285 241 3 315 128
tvmonitor 0.0278 31 160 116 270
tvmonitor 0.0273 145 29 355 166
tvmonitor 0.0268 233 4 381 94
tvmonitor 0.0260 138 3 184 77
tvmonitor 0.0219 151 0 193 94
tvmonitor 0.0215 191 13 326 94
