bird 0.0643 0 7 500 277
car 0.3294 0 212 80 236
car 0.2640 32 217 80 233
car 0.2000 0 211 84 263
car 0.1210 30 213 105 236
car 0.1088 56 219 108 233
car 0.1033 0 195 94 248
car 0.0827 0 204 18 236
car 0.0763 7 216 143 277
car 0.0759 66 222 115 237
car 0.0744 0 161 97 239
car 0.0722 0 199 53 235
car 0.0704 237 225 368 272
car 0.0631 12 219 114 256
car 0.0628 22 211 64 232
car 0.0627 22 214 83 248
car 0.0622 0 213 19 248
car 0.0619 238 227 286 271
car 0.0613 153 212 179 230
car 0.0602 0 209 36 240
car 0.0578 13 203 88 232
car 0.0557 426 172 496 281
car 0.0543 0 185 18 224
car 0.0539 43 219 119 240
car 0.0531 1 156 18 193
car 0.0503 48 221 94 236
car 0.0501 54 217 77 233
car 0.0475 52 214 87 229
car 0.0461 0 206 42 226
car 0.0435 32 207 73 222
car 0.0427 387 219 500 279
car 0.0423 0 220 20 278
car 0.0420 0 164 18 212
car 0.0415 378 228 426 278
car 0.0408 0 188 77 230
car 0.0397 0 139 17 176
car 0.0390 0 207 102 306
car 0.0386 0 214 61 250
car 0.0386 5 218 55 237
car 0.0383 12 207 57 224
car 0.0378 0 214 39 274
car 0.0377 217 229 314 271
car 0.0371 38 212 68 236
car 0.0359 140 216 179 232
car 0.0345 0 206 26 260
car 0.0342 249 225 320 262
car 0.0338 60 215 104 228
car 0.0337 38 226 82 245
car 0.0335 308 224 340 238
car 0.0331 0 191 25 241
car 0.0328 152 226 301 275
car 0.0324 0 188 11 246
car 0.0324 405 243 487 278
car 0.0323 4 212 242 284
car 0.0317 47 212 80 238
car 0.0314 0 248 16 282
car 0.0309 301 229 437 279
car 0.0309 309 236 356 275
car 0.0307 0 117 18 160
car 0.0305 38 221 175 266
car 0.0296 0 183 41 227
car 0.0290 367 232 464 277
car 0.0286 256 241 354 274
car 0.0285 6 223 72 282
car 0.0280 0 198 36 219
car 0.0279 254 235 283 270
car 0.0277 222 233 272 273
car 0.0276 0 226 36 246
car 0.0275 451 202 500 268
car 0.0272 133 208 188 233
car 0.0269 0 147 12 191
car 0.0264 24 212 163 249
car 0.0263 250 224 289 239
car 0.0258 249 225 289 257
car 0.0257 21 230 72 244
car 0.0254 55 222 119 260
car 0.0248 0 230 11 285
car 0.0247 0 140 25 198
car 0.0244 48 208 84 222
car 0.0241 10 199 135 236
car 0.0240 41 216 86 265
car 0.0240 14 241 99 279
car 0.0239 0 181 142 263
car 0.0237 240 237 304 277
car 0.0233 242 248 282 270
car 0.0233 453 170 500 239
car 0.0233 295 245 374 278
car 0.0231 0 173 84 214
car 0.0227 45 211 73 226
car 0.0226 63 218 81 233
car 0.0226 76 214 114 229
car 0.0225 156 238 228 267
car 0.0222 59 211 120 232
car 0.0222 473 175 500 209
car 0.0220 421 253 466 278
car 0.0219 180 235 274 269
car 0.0218 253 227 297 244
car 0.0212 88 225 131 237
car 0.0210 315 256 353 276
car 0.0204 381 228 422 245
car 0.0200 239 109 279 123
car 0.0200 157 217 193 231
person 0.3104 471 151 488 199
person 0.1428 479 150 495 184
person 0.1398 471 150 491 176
person 0.1159 464 221 499 285
person 0.1062 463 150 496 203
person 0.0971 448 227 481 278
person 0.0929 470 154 482 179
person 0.0927 466 163 483 208
person 0.0814 448 242 469 277
person 0.0727 488 147 500 177
person 0.0688 451 195 497 284
person 0.0684 477 149 498 169
person 0.0673 474 161 498 210
person 0.0639 457 236 487 281
person 0.0622 467 216 497 260
person 0.0616 476 234 499 296
person 0.0610 459 160 496 251
person 0.0585 380 231 425 282
person 0.0581 484 148 500 196
person 0.0570 470 234 495 275
person 0.0565 425 216 494 280
person 0.0551 428 230 468 277
person 0.0547 455 146 485 207
person 0.0535 438 244 460 276
person 0.0525 469 146 500 182
person 0.0511 154 211 180 231
person 0.0507 331 249 352 279
person 0.0490 477 153 489 167
person 0.0479 472 158 480 172
person 0.0453 455 215 495 246
person 0.0434 462 248 482 281
person 0.0427 454 222 476 253
person 0.0426 52 144 68 171
person 0.0415 476 214 498 247
person 0.0407 351 237 388 291
person 0.0394 471 250 490 288
person 0.0385 484 153 496 167
person 0.0384 481 177 498 211
person 0.0371 406 227 450 280
person 0.0370 459 153 473 196
person 0.0368 33 143 49 170
person 0.0362 488 164 500 204
person 0.0360 449 255 466 280
person 0.0360 460 221 485 249
person 0.0355 455 254 473 281
person 0.0353 448 152 488 236
person 0.0340 467 166 492 223
person 0.0340 387 226 476 279
person 0.0332 317 237 357 280
person 0.0330 485 235 500 327
person 0.0328 433 243 480 280
person 0.0319 465 146 485 180
person 0.0312 42 144 61 170
person 0.0309 430 256 467 276
person 0.0308 470 200 500 252
person 0.0305 462 153 471 179
person 0.0304 478 156 500 175
person 0.0302 429 250 454 278
person 0.0291 35 210 52 229
person 0.0288 9 211 45 237
person 0.0283 382 242 407 277
person 0.0282 472 176 490 215
person 0.0281 457 172 474 207
person 0.0273 2 157 28 190
person 0.0273 449 147 471 200
person 0.0272 333 235 377 285
person 0.0268 482 200 499 241
person 0.0263 483 165 500 231
person 0.0262 397 247 423 282
person 0.0262 472 207 500 317
person 0.0261 45 141 72 186
person 0.0260 488 179 500 214
person 0.0255 358 228 414 281
person 0.0253 2 207 34 234
person 0.0250 446 219 473 263
person 0.0250 224 228 268 273
person 0.0248 320 250 346 278
person 0.0248 451 169 468 203
person 0.0247 25 145 47 181
person 0.0246 444 239 500 277
person 0.0243 481 255 498 311
person 0.0239 476 148 493 162
person 0.0236 334 258 357 283
person 0.0235 27 144 45 166
person 0.0233 40 212 60 229
person 0.0231 26 205 60 234
person 0.0231 0 144 36 188
person 0.0230 481 148 499 162
person 0.0230 309 229 395 278
person 0.0228 447 255 480 276
person 0.0227 30 140 56 180
person 0.0225 0 213 53 271
person 0.0224 422 211 459 274
person 0.0223 440 257 459 280
person 0.0221 449 220 468 247
person 0.0220 471 148 500 232
person 0.0218 473 262 489 303
person 0.0215 14 143 41 175
person 0.0213 186 124 206 135
person 0.0212 418 243 459 277
person 0.0211 472 156 479 166
person 0.0205 467 263 481 289
person 0.0203 327 245 362 291
person 0.0201 18 208 50 227
person 0.0201 32 142 71 171
person 0.0200 12 206 40 230
train 0.8459 0 111 487 276
train 0.1023 0 128 113 211
train 0.1020 6 121 178 228
train 0.0906 0 122 353 223
train 0.0665 131 104 498 227
train 0.0611 181 144 500 282
train 0.0546 305 108 489 280
train 0.0467 229 210 412 280
train 0.0406 406 146 492 282
train 0.0398 0 139 48 184
train 0.0392 0 144 89 191
train 0.0348 301 209 481 281
train 0.0346 85 195 439 286
train 0.0321 0 153 164 265
train 0.0300 0 161 96 219
train 0.0296 0 159 64 195
train 0.0282 62 140 435 248
train 0.0281 0 113 90 172
train 0.0269 438 130 495 260
train 0.0252 259 107 489 205
train 0.0248 0 100 162 182
train 0.0242 133 213 341 278
train 0.0229 36 181 379 264
train 0.0228 0 135 28 195
train 0.0226 12 214 297 284
train 0.0225 0 0 483 222
train 0.0208 22 117 265 192
train 0.0208 0 148 500 375
train 0.0207 391 119 491 214
