boat 0.0362 0 55 500 337
car 0.0480 301 98 470 227
car 0.0226 327 85 457 188
motorbike 0.7369 33 102 477 341
motorbike 0.2663 59 74 396 270
motorbike 0.1141 111 138 423 255
motorbike 0.1031 251 108 474 296
motorbike 0.0749 168 146 359 242
motorbike 0.0568 30 123 194 339
motorbike 0.0509 237 153 421 239
motorbike 0.0449 88 167 457 293
motorbike 0.0417 114 137 298 237
motorbike 0.0366 52 118 171 232
motorbike 0.0366 290 113 442 228
motorbike 0.0351 29 119 143 276
motorbike 0.0298 26 204 394 344
motorbike 0.0237 257 173 465 258
motorbike 0.0237 338 97 478 253
motorbike 0.0227 25 168 131 347
motorbike 0.0207 16 267 195 347
motorbike 0.0206 28 137 320 289
motorbike 0.0201 60 126 226 275
person 0.7859 103 28 355 282
person 0.1422 163 81 349 239
person 0.1249 69 86 435 330
person 0.1105 249 96 346 244
person 0.0997 126 70 281 247
person 0.0742 77 117 330 261
person 0.0696 201 138 334 246
person 0.0666 119 115 224 240
person 0.0631 219 55 436 278
person 0.0531 289 95 352 227
person 0.0515 238 14 382 233
person 0.0482 339 19 485 269
person 0.0453 53 122 223 321
person 0.0405 40 27 256 215
person 0.0389 279 88 470 239
person 0.0378 46 116 186 240
person 0.0365 131 14 340 111
person 0.0320 164 128 303 275
person 0.0315 305 93 412 222
person 0.0295 0 0 373 218
person 0.0266 144 18 267 96
person 0.0262 184 97 287 238
person 0.0259 92 54 210 226
person 0.0252 31 53 188 283
person 0.0243 269 149 372 272
person 0.0243 236 122 307 247
person 0.0238 93 129 194 269
person 0.0227 133 149 266 250
person 0.0226 313 104 357 193
person 0.0225 158 7 433 220
person 0.0214 275 37 367 188
person 0.0208 107 7 310 192
