boat 0.0442 0 17 500 315
boat 0.0298 250 190 500 326
boat 0.0218 262 244 451 320
bottle 0.1143 167 96 210 159
bottle 0.0696 176 108 216 172
bottle 0.0635 371 113 390 143
bottle 0.0587 249 84 286 114
bottle 0.0491 190 257 221 334
bottle 0.0465 371 112 407 141
bottle 0.0417 370 88 404 140
bottle 0.0375 192 249 211 304
bottle 0.0361 256 130 279 164
bottle 0.0352 248 61 289 113
bottle 0.0351 288 220 317 286
bottle 0.0347 135 266 184 332
bottle 0.0346 368 111 396 154
bottle 0.0330 196 296 218 332
bottle 0.0330 169 240 222 334
bottle 0.0294 375 172 476 325
bottle 0.0292 252 152 286 207
bottle 0.0291 367 113 381 144
bottle 0.0291 188 300 212 332
bottle 0.0287 193 127 218 170
bottle 0.0277 158 263 203 331
bottle 0.0275 180 300 201 332
bottle 0.0274 347 113 377 181
bottle 0.0268 349 191 434 326
bottle 0.0262 267 57 289 80
bottle 0.0253 188 109 209 145
bottle 0.0248 131 219 156 253
bottle 0.0246 158 105 219 143
bottle 0.0235 58 258 100 288
bottle 0.0230 184 291 227 333
bottle 0.0228 257 173 281 206
bottle 0.0224 175 95 206 140
bottle 0.0222 182 113 203 149
bottle 0.0217 326 81 367 158
bottle 0.0213 162 97 191 143
bottle 0.0213 175 281 212 333
bottle 0.0210 263 57 291 101
bottle 0.0208 165 160 198 178
bottle 0.0207 139 319 194 333
bottle 0.0201 362 110 387 164
car 0.0213 0 38 500 334
chair 0.0504 29 231 205 332
chair 0.0494 319 134 500 326
chair 0.0294 426 200 497 322
chair 0.0278 141 217 265 332
chair 0.0275 64 267 195 332
chair 0.0268 266 190 448 326
chair 0.0245 144 264 319 329
chair 0.0236 358 205 485 319
chair 0.0224 358 224 436 328
chair 0.0217 243 234 361 326
chair 0.0202 23 185 148 320
diningtable 0.0900 142 94 500 325
diningtable 0.0610 165 200 491 334
diningtable 0.0386 9 179 300 334
diningtable 0.0302 106 218 355 334
diningtable 0.0233 31 125 276 297
diningtable 0.0216 76 22 500 234
person 0.8267 40 127 179 331
person 0.7822 140 87 284 332
person 0.7020 321 26 474 322
person 0.6124 90 109 220 334
person 0.5711 207 62 323 329
person 0.4824 242 49 365 322
person 0.3011 193 23 430 331
person 0.2806 108 33 347 334
person 0.1776 21 128 110 319
person 0.1758 152 97 216 195
person 0.1598 252 62 337 220
person 0.1472 136 92 233 273
person 0.1434 318 33 412 226
person 0.1281 14 65 245 334
person 0.1116 79 193 183 334
person 0.1025 244 78 301 216
person 0.0927 259 24 393 249
person 0.0913 0 15 478 323
person 0.0848 319 45 380 185
person 0.0818 280 52 367 198
person 0.0788 47 133 90 190
person 0.0784 125 200 191 328
person 0.0780 160 95 208 160
person 0.0677 239 138 436 328
person 0.0648 300 70 407 311
person 0.0636 373 68 500 327
person 0.0633 41 134 129 274
person 0.0584 253 162 343 328
person 0.0583 0 129 58 325
person 0.0572 163 131 369 334
person 0.0537 152 82 297 208
person 0.0518 43 135 92 243
person 0.0515 189 248 215 319
person 0.0512 343 58 485 233
person 0.0479 88 254 192 331
person 0.0474 230 67 319 174
person 0.0473 242 118 287 210
person 0.0469 258 131 277 163
person 0.0455 246 60 300 146
person 0.0448 254 130 283 198
person 0.0433 369 55 435 168
person 0.0409 16 126 82 268
person 0.0404 35 181 129 334
person 0.0398 250 86 292 169
person 0.0386 1 208 206 334
person 0.0384 51 251 108 334
person 0.0380 137 108 206 232
person 0.0376 119 160 179 300
person 0.0370 341 42 420 160
person 0.0359 155 169 250 334
person 0.0355 61 99 213 232
person 0.0354 146 88 252 170
person 0.0353 414 159 495 323
person 0.0345 253 115 283 164
person 0.0344 145 228 215 330
person 0.0341 39 132 126 197
person 0.0337 68 153 158 281
person 0.0333 372 77 451 201
person 0.0331 296 31 500 188
person 0.0326 129 217 161 261
person 0.0326 305 143 500 309
person 0.0324 210 96 281 212
person 0.0319 229 109 307 295
person 0.0317 307 77 374 228
person 0.0313 131 142 193 274
person 0.0310 221 181 303 332
person 0.0308 307 28 412 132
person 0.0307 130 204 169 273
person 0.0295 322 25 379 121
person 0.0294 374 83 418 151
person 0.0293 13 198 85 334
person 0.0285 406 46 496 192
person 0.0283 244 65 285 125
person 0.0282 243 100 280 179
person 0.0276 330 83 389 217
person 0.0270 111 166 162 265
person 0.0269 327 89 373 174
person 0.0260 244 56 320 112
person 0.0260 163 108 236 176
person 0.0260 15 133 85 189
person 0.0253 289 20 438 82
person 0.0253 319 24 360 84
person 0.0251 0 159 47 276
person 0.0250 101 83 268 235
person 0.0249 44 134 113 174
person 0.0248 112 197 164 309
person 0.0243 338 74 434 270
person 0.0243 145 95 200 143
person 0.0241 328 68 442 180
person 0.0241 196 37 360 198
person 0.0238 119 122 184 229
person 0.0234 146 100 195 174
person 0.0233 348 162 435 320
person 0.0232 95 136 168 253
person 0.0231 219 90 272 171
person 0.0228 252 146 291 219
person 0.0227 117 200 157 272
person 0.0223 124 108 182 189
person 0.0223 110 155 157 212
person 0.0221 321 26 402 80
person 0.0220 372 108 417 170
person 0.0220 46 139 74 183
person 0.0218 44 118 168 212
person 0.0215 374 21 471 156
person 0.0213 26 37 280 232
person 0.0212 94 95 203 180
person 0.0212 57 243 151 331
person 0.0212 353 80 416 203
person 0.0211 8 261 104 333
person 0.0211 224 121 266 184
person 0.0210 182 88 285 172
person 0.0209 44 175 274 332
person 0.0209 176 241 234 331
person 0.0208 314 195 401 328
person 0.0208 295 78 351 168
person 0.0207 324 64 369 148
person 0.0207 156 94 226 131
person 0.0203 239 144 287 247
person 0.0203 181 115 273 229
person 0.0203 65 138 92 186
person 0.0202 128 176 171 254
person 0.0201 162 95 190 140
person 0.0201 127 155 171 213
sofa 0.0890 51 77 488 332
sofa 0.0590 17 125 315 325
sofa 0.0315 3 177 215 332
train 0.0429 0 7 500 289
tvmonitor 0.0393 0 8 387 321
