bottle 0.3693 458 235 499 333
bottle 0.1952 462 279 500 333
bottle 0.1370 483 224 500 296
bottle 0.1294 425 229 497 333
bottle 0.0901 100 167 121 195
bottle 0.0882 239 180 303 286
bottle 0.0876 476 237 500 321
bottle 0.0848 81 280 187 333
bottle 0.0720 252 238 297 287
bottle 0.0717 338 230 490 332
bottle 0.0686 338 276 410 333
bottle 0.0669 469 226 499 291
bottle 0.0618 73 149 90 178
bottle 0.0584 459 165 498 247
bottle 0.0576 448 263 492 333
bottle 0.0565 83 162 97 181
bottle 0.0563 463 209 497 277
bottle 0.0562 463 309 499 333
bottle 0.0560 166 100 184 145
bottle 0.0552 397 237 467 333
bottle 0.0543 90 166 108 191
bottle 0.0534 96 157 128 197
bottle 0.0533 97 165 117 188
bottle 0.0500 482 225 500 261
bottle 0.0489 68 150 83 177
bottle 0.0475 58 141 72 161
bottle 0.0473 92 165 104 182
bottle 0.0445 120 268 173 331
bottle 0.0443 68 141 82 169
bottle 0.0441 459 205 500 248
bottle 0.0434 364 255 420 333
bottle 0.0423 474 225 500 249
bottle 0.0413 75 152 100 184
bottle 0.0404 302 231 408 332
bottle 0.0402 101 240 185 328
bottle 0.0396 265 206 305 285
bottle 0.0393 342 318 401 332
bottle 0.0381 465 219 500 257
bottle 0.0381 80 166 102 183
bottle 0.0363 307 167 328 210
bottle 0.0363 90 158 104 178
bottle 0.0361 93 219 232 299
bottle 0.0358 85 171 113 194
bottle 0.0357 83 284 290 333
bottle 0.0356 236 225 288 285
bottle 0.0356 73 161 91 182
bottle 0.0350 415 190 495 306
bottle 0.0348 444 232 488 311
bottle 0.0346 389 266 500 333
bottle 0.0346 160 299 181 333
bottle 0.0337 76 169 105 188
bottle 0.0335 75 139 88 163
bottle 0.0329 105 246 283 317
bottle 0.0328 476 282 499 325
bottle 0.0323 455 299 473 332
bottle 0.0310 459 227 490 248
bottle 0.0303 70 315 118 333
bottle 0.0302 285 205 378 309
bottle 0.0295 170 274 283 327
bottle 0.0292 0 191 22 229
bottle 0.0292 391 255 432 331
bottle 0.0288 41 309 120 333
bottle 0.0287 245 247 278 285
bottle 0.0285 106 304 180 332
bottle 0.0285 469 230 492 263
bottle 0.0284 64 285 142 331
bottle 0.0284 278 274 403 333
bottle 0.0281 435 199 494 246
bottle 0.0281 337 305 406 333
bottle 0.0279 437 209 500 289
bottle 0.0279 298 167 320 209
bottle 0.0278 479 255 500 302
bottle 0.0274 116 319 174 332
bottle 0.0270 129 281 233 333
bottle 0.0266 242 250 265 283
bottle 0.0265 425 282 500 331
bottle 0.0259 232 220 259 282
bottle 0.0258 149 306 172 333
bottle 0.0254 339 302 358 332
bottle 0.0253 330 270 462 332
bottle 0.0251 477 237 500 281
bottle 0.0251 218 222 309 321
bottle 0.0250 420 217 497 250
bottle 0.0249 430 223 491 264
bottle 0.0248 157 264 198 329
bottle 0.0246 424 264 471 333
bottle 0.0246 341 279 376 332
bottle 0.0239 70 176 111 193
bottle 0.0238 475 209 500 243
bottle 0.0236 155 285 185 333
bottle 0.0236 378 270 407 333
bottle 0.0235 161 117 179 146
bottle 0.0234 462 297 486 330
bottle 0.0232 132 310 170 332
bottle 0.0232 94 271 145 327
bottle 0.0231 461 223 500 243
bottle 0.0228 441 279 473 333
bottle 0.0228 145 128 162 145
bottle 0.0226 278 199 329 284
bottle 0.0225 339 310 371 333
bottle 0.0225 213 277 364 333
bottle 0.0225 363 202 489 286
bottle 0.0223 89 169 126 203
bottle 0.0222 487 218 500 253
bottle 0.0220 246 226 344 326
bottle 0.0220 236 244 256 281
bottle 0.0219 466 287 496 316
bottle 0.0219 249 259 295 325
bottle 0.0218 451 308 483 332
bottle 0.0216 473 165 500 225
bottle 0.0215 44 299 166 332
bottle 0.0214 475 247 491 284
bottle 0.0213 293 169 311 205
bottle 0.0211 271 245 296 284
bottle 0.0209 69 298 123 333
bottle 0.0209 70 141 81 158
bottle 0.0205 151 122 169 145
bottle 0.0203 130 295 188 333
bottle 0.0203 418 232 471 307
bottle 0.0201 68 171 124 196
car 0.0291 331 2 488 52
chair 0.3384 5 175 108 311
chair 0.3108 4 154 75 185
chair 0.1693 0 222 80 326
chair 0.1643 3 168 109 242
chair 0.1509 0 190 171 327
chair 0.1499 0 268 99 333
chair 0.1246 0 277 201 332
chair 0.1241 2 158 87 217
chair 0.1163 131 127 164 154
chair 0.1140 0 294 52 332
chair 0.1137 2 187 78 275
chair 0.1115 96 144 142 174
chair 0.1065 3 165 82 196
chair 0.1022 92 130 154 172
chair 0.1002 0 241 132 317
chair 0.0946 5 152 111 197
chair 0.0887 3 148 44 187
chair 0.0884 24 157 70 181
chair 0.0814 1 185 91 224
chair 0.0806 110 128 164 165
chair 0.0782 95 150 134 187
chair 0.0762 0 306 81 332
chair 0.0759 0 177 94 201
chair 0.0755 0 132 80 188
chair 0.0727 31 144 75 184
chair 0.0705 34 183 106 281
chair 0.0699 1 266 70 314
chair 0.0691 1 181 61 199
chair 0.0679 0 295 141 333
chair 0.0677 51 140 70 165
chair 0.0662 22 180 259 296
chair 0.0647 0 308 39 332
chair 0.0622 88 140 152 191
chair 0.0614 4 135 127 274
chair 0.0613 43 170 147 291
chair 0.0613 17 176 113 215
chair 0.0612 128 126 150 151
chair 0.0600 46 142 72 175
chair 0.0597 4 156 32 183
chair 0.0596 99 155 128 179
chair 0.0576 13 150 71 173
chair 0.0574 15 149 102 180
chair 0.0564 0 192 50 318
chair 0.0564 1 177 48 229
chair 0.0562 5 194 68 243
chair 0.0554 0 126 35 182
chair 0.0547 37 156 125 187
chair 0.0547 0 272 35 331
chair 0.0533 2 161 44 201
chair 0.0520 19 155 50 183
chair 0.0515 1 145 25 186
chair 0.0513 83 138 129 182
chair 0.0507 90 217 262 288
chair 0.0506 48 148 129 177
chair 0.0497 58 146 74 171
chair 0.0497 0 182 40 207
chair 0.0496 135 128 156 150
chair 0.0487 94 160 123 191
chair 0.0459 49 128 169 177
chair 0.0458 59 189 114 298
chair 0.0452 3 140 69 169
chair 0.0445 41 155 82 181
chair 0.0441 91 157 142 200
chair 0.0439 70 141 92 180
chair 0.0434 31 182 107 233
chair 0.0431 6 199 106 253
chair 0.0427 0 165 52 188
chair 0.0422 113 127 154 152
chair 0.0420 1 253 95 304
chair 0.0418 97 161 117 180
chair 0.0411 469 159 500 226
chair 0.0406 456 153 500 250
chair 0.0403 54 145 78 180
chair 0.0403 75 241 206 318
chair 0.0402 2 163 24 191
chair 0.0400 0 142 16 201
chair 0.0399 0 294 26 330
chair 0.0398 1 175 36 194
chair 0.0393 1 190 38 246
chair 0.0392 94 168 200 303
chair 0.0389 26 178 75 193
chair 0.0389 20 170 66 185
chair 0.0383 10 178 57 192
chair 0.0382 30 212 99 305
chair 0.0378 57 141 75 160
chair 0.0374 46 163 119 203
chair 0.0373 25 143 77 163
chair 0.0364 259 212 418 313
chair 0.0363 30 144 159 196
chair 0.0362 114 113 176 171
chair 0.0358 0 117 116 215
chair 0.0355 112 148 139 173
chair 0.0354 49 222 159 322
chair 0.0353 56 160 78 178
chair 0.0353 135 119 178 151
chair 0.0353 27 189 77 248
chair 0.0352 66 146 109 194
chair 0.0350 0 199 23 308
chair 0.0348 68 159 88 178
chair 0.0346 39 146 72 159
chair 0.0343 63 138 84 174
chair 0.0339 25 147 125 232
chair 0.0338 218 211 314 294
chair 0.0337 276 199 384 281
chair 0.0332 85 155 110 185
chair 0.0332 95 148 121 175
chair 0.0331 0 182 25 223
chair 0.0328 63 132 122 173
chair 0.0327 237 71 308 179
chair 0.0326 37 147 91 194
chair 0.0324 47 143 65 157
chair 0.0319 72 154 104 181
chair 0.0317 77 170 128 212
chair 0.0315 1 180 23 204
chair 0.0312 5 314 62 332
chair 0.0309 92 130 168 223
chair 0.0309 101 141 172 173
chair 0.0308 0 279 23 319
chair 0.0308 0 144 57 250
chair 0.0307 244 199 340 283
chair 0.0307 30 159 76 202
chair 0.0307 84 143 324 280
chair 0.0304 146 126 169 149
chair 0.0303 0 300 40 322
chair 0.0301 117 132 142 163
chair 0.0292 88 137 144 161
chair 0.0290 70 140 140 223
chair 0.0283 152 244 309 317
chair 0.0282 18 145 56 159
chair 0.0282 71 182 124 270
chair 0.0281 36 150 68 170
chair 0.0278 82 152 121 196
chair 0.0276 87 156 156 278
chair 0.0275 0 280 53 318
chair 0.0275 281 174 465 273
chair 0.0275 11 136 58 160
chair 0.0271 53 131 76 162
chair 0.0270 4 223 68 286
chair 0.0270 37 133 95 174
chair 0.0269 85 103 164 178
chair 0.0267 56 170 113 223
chair 0.0266 119 136 151 174
chair 0.0266 14 272 63 331
chair 0.0265 12 135 133 176
chair 0.0263 23 165 60 196
chair 0.0261 221 244 370 320
chair 0.0259 82 143 112 178
chair 0.0258 90 157 111 175
chair 0.0257 16 151 56 165
chair 0.0255 235 135 333 288
chair 0.0254 53 159 99 180
chair 0.0253 0 307 19 332
chair 0.0252 35 273 129 326
chair 0.0249 2 124 20 175
chair 0.0249 5 138 30 172
chair 0.0248 30 179 77 225
chair 0.0244 34 142 57 156
chair 0.0241 66 142 82 159
chair 0.0240 168 198 304 284
chair 0.0239 3 116 52 170
chair 0.0236 41 135 67 164
chair 0.0236 132 126 170 175
chair 0.0235 51 194 98 263
chair 0.0234 10 151 43 170
chair 0.0232 12 304 49 329
chair 0.0232 95 116 142 164
chair 0.0230 1 192 34 218
chair 0.0228 105 131 142 154
chair 0.0228 93 167 124 182
chair 0.0227 65 153 90 185
chair 0.0225 1 249 39 307
chair 0.0223 34 172 78 186
chair 0.0222 0 179 16 244
chair 0.0221 13 146 43 162
chair 0.0219 103 146 147 164
chair 0.0219 37 175 106 195
chair 0.0219 23 231 75 303
chair 0.0218 125 129 180 160
chair 0.0218 99 150 161 184
chair 0.0217 0 207 52 266
chair 0.0216 7 132 44 167
chair 0.0215 39 265 76 310
chair 0.0214 5 298 69 323
chair 0.0214 79 140 97 172
chair 0.0212 0 158 15 186
chair 0.0211 67 165 108 183
chair 0.0210 3 188 68 210
chair 0.0209 49 166 85 180
chair 0.0209 51 180 129 240
chair 0.0209 39 279 96 333
chair 0.0208 107 136 135 165
chair 0.0207 230 225 375 289
chair 0.0201 259 124 408 302
chair 0.0201 73 163 100 178
diningtable 0.2962 0 280 484 333
diningtable 0.1618 0 225 358 331
diningtable 0.1315 126 231 500 329
diningtable 0.1197 0 275 249 330
diningtable 0.1060 214 262 478 333
diningtable 0.0634 75 253 376 321
diningtable 0.0607 291 222 494 321
diningtable 0.0586 0 163 258 304
diningtable 0.0581 66 64 500 320
diningtable 0.0531 17 140 152 187
diningtable 0.0531 74 201 331 307
diningtable 0.0496 0 190 92 251
diningtable 0.0484 88 269 306 333
diningtable 0.0478 150 282 353 333
diningtable 0.0440 46 233 240 321
diningtable 0.0431 21 151 90 180
diningtable 0.0388 156 165 487 304
diningtable 0.0373 77 147 139 177
diningtable 0.0360 68 145 116 181
diningtable 0.0325 40 155 106 183
diningtable 0.0312 300 205 481 268
diningtable 0.0308 54 141 93 178
diningtable 0.0297 16 294 189 333
diningtable 0.0297 236 278 401 333
diningtable 0.0276 14 202 179 333
diningtable 0.0244 30 141 88 167
diningtable 0.0236 256 179 462 333
diningtable 0.0204 78 160 136 188
diningtable 0.0203 207 223 389 333
diningtable 0.0200 0 199 68 236
dog 0.0386 252 15 500 170
dog 0.0358 347 7 500 238
person 0.9159 92 49 298 297
person 0.4285 116 19 419 302
person 0.2676 264 3 495 279
person 0.1585 0 76 92 322
person 0.1265 19 54 181 302
person 0.1161 373 2 500 251
person 0.0875 180 51 316 280
person 0.0786 299 1 500 137
person 0.0716 35 139 325 311
person 0.0686 164 91 185 146
person 0.0680 220 62 312 194
person 0.0654 379 28 416 53
person 0.0626 370 0 500 53
person 0.0622 219 158 304 285
person 0.0616 99 55 270 185
person 0.0598 97 135 204 296
person 0.0563 91 181 280 293
person 0.0544 3 118 87 219
person 0.0493 0 112 22 186
person 0.0492 346 4 496 87
person 0.0473 146 80 182 148
person 0.0470 102 84 189 185
person 0.0465 0 91 12 169
person 0.0464 433 0 500 27
person 0.0458 0 12 268 320
person 0.0449 455 153 500 251
person 0.0434 328 27 471 219
person 0.0432 2 114 18 155
person 0.0422 3 122 70 184
person 0.0415 162 89 176 126
person 0.0402 410 1 500 161
person 0.0402 451 0 499 51
person 0.0394 415 64 498 247
person 0.0393 2 114 43 177
person 0.0382 0 94 101 180
person 0.0380 54 138 67 158
person 0.0379 162 51 251 151
person 0.0378 239 41 413 229
person 0.0376 154 5 500 166
person 0.0357 416 167 500 247
person 0.0357 368 23 425 49
person 0.0353 152 66 195 149
person 0.0347 130 105 173 157
person 0.0347 353 30 414 56
person 0.0339 284 182 499 319
person 0.0330 0 24 100 196
person 0.0323 131 73 189 161
person 0.0320 191 55 287 184
person 0.0316 426 221 456 242
person 0.0307 0 92 157 244
person 0.0306 0 96 16 142
person 0.0305 304 96 500 260
person 0.0303 0 107 33 161
person 0.0297 164 139 298 297
person 0.0295 356 4 445 51
person 0.0287 379 29 413 79
person 0.0286 223 48 362 165
person 0.0282 23 58 186 170
person 0.0281 80 167 106 181
person 0.0278 76 165 123 195
person 0.0267 74 171 109 187
person 0.0266 289 10 456 86
person 0.0263 404 175 497 316
person 0.0260 250 22 485 106
person 0.0259 368 21 459 67
person 0.0254 166 53 249 85
person 0.0253 170 189 246 283
person 0.0253 384 26 427 43
person 0.0252 218 115 478 304
person 0.0250 282 68 367 196
person 0.0247 380 93 480 240
person 0.0246 159 84 175 115
person 0.0246 6 118 26 150
person 0.0246 267 33 460 161
person 0.0244 89 168 116 181
person 0.0244 332 182 495 245
person 0.0244 145 84 172 123
person 0.0238 469 0 500 37
person 0.0237 114 124 186 157
person 0.0236 416 0 484 48
person 0.0236 220 149 396 286
person 0.0235 335 26 436 65
person 0.0234 454 199 500 243
person 0.0233 49 124 70 160
person 0.0231 64 36 351 206
person 0.0231 51 96 161 172
person 0.0230 371 16 435 42
person 0.0222 7 108 61 164
person 0.0221 445 0 500 105
person 0.0219 431 195 466 243
person 0.0218 396 201 496 245
person 0.0215 400 0 455 49
person 0.0215 97 56 215 142
person 0.0213 382 11 432 59
person 0.0211 61 169 112 198
person 0.0211 318 59 401 185
person 0.0209 235 92 335 283
person 0.0208 211 51 327 120
person 0.0207 388 0 436 43
person 0.0205 164 68 217 152
person 0.0204 0 84 16 125
person 0.0204 130 52 323 148
person 0.0201 0 0 49 24
person 0.0201 0 0 79 17
pottedplant 0.0336 232 194 306 283
pottedplant 0.0285 0 0 79 24
pottedplant 0.0240 0 0 52 15
pottedplant 0.0215 241 228 281 282
pottedplant 0.0211 239 58 322 178
sofa 0.1909 5 152 76 190
sofa 0.1572 1 155 89 228
sofa 0.0220 0 134 153 243
tvmonitor 0.1176 0 0 85 44
tvmonitor 0.0803 0 0 87 93
tvmonitor 0.0604 466 161 500 221
tvmonitor 0.0514 0 3 99 166
tvmonitor 0.0491 136 80 172 119
tvmonitor 0.0404 389 231 483 330
tvmonitor 0.0396 0 0 155 38
tvmonitor 0.0363 0 0 82 18
tvmonitor 0.0331 0 28 84 68
tvmonitor 0.0313 45 0 90 41
tvmonitor 0.0303 474 164 500 203
tvmonitor 0.0291 148 84 169 118
tvmonitor 0.0291 456 145 500 241
tvmonitor 0.0272 129 76 179 146
tvmonitor 0.0270 0 11 212 136
tvmonitor 0.0249 38 45 286 158
tvmonitor 0.0237 58 0 118 37
tvmonitor 0.0223 0 31 145 105
tvmonitor 0.0217 394 229 472 289
tvmonitor 0.0215 0 0 173 88
tvmonitor 0.0209 133 62 200 153
tvmonitor 0.0208 0 40 83 86
tvmonitor 0.0206 1 4 54 65
