bicycle 0.1688 154 209 221 273
bicycle 0.0932 169 208 220 250
bicycle 0.0835 155 230 220 296
bicycle 0.0695 177 219 220 284
bicycle 0.0432 187 241 221 284
bicycle 0.0398 148 218 231 337
bicycle 0.0388 177 248 214 288
bicycle 0.0329 186 219 218 248
bicycle 0.0233 159 245 208 280
bicycle 0.0220 170 237 216 274
bicycle 0.0204 171 225 216 261
bird 0.0667 90 351 371 497
bird 0.0551 326 0 370 61
bird 0.0274 37 162 67 203
bird 0.0233 323 34 367 64
bird 0.0226 306 299 370 485
bird 0.0217 238 316 370 473
boat 0.1602 71 185 362 455
boat 0.1130 91 191 265 411
boat 0.0774 142 212 339 377
boat 0.0705 58 102 365 357
boat 0.0637 3 6 371 446
boat 0.0608 144 222 231 335
boat 0.0591 86 135 254 331
boat 0.0585 27 148 250 447
boat 0.0403 20 31 341 280
boat 0.0379 111 95 126 135
boat 0.0371 32 100 192 235
boat 0.0353 82 132 216 264
boat 0.0346 277 218 311 239
boat 0.0319 79 95 140 139
boat 0.0317 41 163 67 200
boat 0.0316 276 211 301 232
boat 0.0315 144 264 212 330
boat 0.0313 212 137 250 188
boat 0.0312 140 171 290 317
boat 0.0306 93 207 218 321
boat 0.0284 220 147 259 214
boat 0.0278 0 438 127 500
boat 0.0265 33 179 53 215
boat 0.0260 107 95 139 137
boat 0.0255 199 126 253 178
boat 0.0254 101 94 137 164
boat 0.0253 50 164 207 299
boat 0.0246 248 211 279 234
boat 0.0242 87 119 114 140
boat 0.0242 284 229 314 244
boat 0.0237 61 95 154 169
boat 0.0236 212 181 264 217
boat 0.0235 18 8 214 370
boat 0.0234 80 105 121 147
boat 0.0232 106 115 122 141
boat 0.0226 100 106 126 143
boat 0.0226 336 224 354 251
boat 0.0226 269 213 319 243
boat 0.0219 285 212 308 236
boat 0.0215 89 112 111 135
boat 0.0210 181 128 269 205
boat 0.0210 144 303 367 420
boat 0.0209 30 164 68 213
boat 0.0202 236 184 277 231
bottle 0.1049 66 233 370 500
bottle 0.0680 99 334 371 480
bottle 0.0667 124 190 287 447
bottle 0.0549 78 383 246 496
bottle 0.0489 158 180 371 436
bottle 0.0438 36 164 62 214
bottle 0.0407 134 122 353 357
bottle 0.0329 35 177 52 216
bottle 0.0315 65 365 175 490
bottle 0.0307 50 148 206 434
bottle 0.0306 196 127 280 230
bottle 0.0306 260 200 277 233
bottle 0.0301 141 357 301 444
bottle 0.0299 0 0 54 247
bottle 0.0272 192 306 371 432
bottle 0.0247 226 129 269 218
bottle 0.0227 0 0 116 150
bottle 0.0223 5 403 165 496
bottle 0.0222 108 98 122 134
bottle 0.0216 276 207 287 232
bottle 0.0213 245 196 278 233
bottle 0.0203 271 207 280 233
car 0.0324 216 151 245 192
car 0.0277 173 146 215 174
car 0.0276 212 140 253 184
car 0.0271 196 153 216 170
car 0.0257 210 158 234 176
car 0.0254 0 401 143 500
car 0.0228 203 152 240 181
car 0.0224 205 159 224 175
car 0.0224 94 126 120 144
car 0.0221 223 150 258 191
car 0.0220 164 126 247 183
car 0.0220 213 151 240 173
car 0.0218 209 180 260 217
car 0.0214 213 161 239 187
car 0.0214 204 154 224 169
car 0.0206 214 125 246 145
chair 0.0265 216 157 233 192
chair 0.0228 123 0 371 90
dog 0.1544 327 0 371 53
dog 0.0328 324 23 367 57
horse 0.1377 72 324 368 491
horse 0.0218 232 335 370 495
motorbike 0.5705 145 193 222 325
motorbike 0.2189 145 176 222 268
motorbike 0.0828 151 210 211 290
motorbike 0.0827 127 190 226 405
motorbike 0.0620 169 241 218 289
motorbike 0.0532 117 159 238 321
motorbike 0.0346 145 249 214 319
motorbike 0.0328 182 253 218 284
motorbike 0.0236 171 255 206 284
person 0.7239 148 150 219 257
person 0.3499 143 175 217 310
person 0.1844 160 197 222 289
person 0.1832 74 368 357 498
person 0.1714 164 138 181 176
person 0.1620 327 0 371 51
person 0.1345 75 208 368 489
person 0.1226 96 205 239 478
person 0.1214 176 200 219 248
person 0.1199 231 143 248 188
person 0.1112 165 139 193 166
person 0.1101 149 183 194 265
person 0.1090 189 208 221 270
person 0.1020 309 0 370 76
person 0.1006 161 154 213 214
person 0.0937 0 0 39 78
person 0.0928 163 142 190 186
person 0.0883 150 146 193 228
person 0.0872 147 178 182 237
person 0.0852 162 146 179 195
person 0.0806 160 143 251 228
person 0.0763 148 203 204 242
person 0.0747 152 142 210 193
person 0.0730 194 204 222 247
person 0.0723 149 199 178 258
person 0.0705 76 362 220 498
person 0.0698 166 143 203 174
person 0.0681 148 155 183 208
person 0.0666 143 208 204 275
person 0.0622 158 151 186 179
person 0.0608 178 159 216 242
person 0.0597 47 285 230 500
person 0.0591 227 144 254 207
person 0.0586 162 211 214 263
person 0.0573 161 140 174 174
person 0.0562 146 172 174 209
person 0.0557 161 180 236 243
person 0.0555 0 3 18 79
person 0.0550 147 197 173 234
person 0.0525 171 154 204 178
person 0.0506 152 164 177 199
person 0.0492 178 148 206 170
person 0.0491 9 47 371 457
person 0.0483 179 216 216 286
person 0.0481 169 210 206 246
person 0.0475 333 0 370 27
person 0.0467 146 184 170 216
person 0.0465 175 140 224 200
person 0.0459 190 211 213 249
person 0.0456 334 0 371 107
person 0.0456 155 214 188 287
person 0.0453 179 141 196 167
person 0.0439 105 129 225 365
person 0.0435 171 249 208 288
person 0.0423 221 149 237 188
person 0.0420 163 136 185 159
person 0.0420 164 225 204 291
person 0.0416 221 130 249 189
person 0.0415 160 157 195 201
person 0.0414 184 213 204 249
person 0.0412 132 124 257 272
person 0.0396 165 166 202 244
person 0.0393 183 145 202 165
person 0.0388 153 209 175 247
person 0.0387 179 251 198 290
person 0.0385 172 137 199 157
person 0.0384 186 155 213 212
person 0.0384 155 149 166 176
person 0.0377 213 139 267 214
person 0.0371 238 0 371 58
person 0.0363 98 25 368 323
person 0.0359 0 184 218 492
person 0.0358 171 141 182 159
person 0.0358 302 0 371 30
person 0.0355 145 179 165 206
person 0.0355 4 342 193 500
person 0.0353 192 152 209 172
person 0.0350 148 148 177 185
person 0.0350 160 241 198 283
person 0.0347 351 2 370 49
person 0.0343 174 244 193 284
person 0.0342 306 0 371 180
person 0.0338 191 232 219 286
person 0.0338 102 117 215 254
person 0.0330 155 159 186 188
person 0.0328 184 240 203 285
person 0.0327 210 239 370 500
person 0.0326 2 2 68 204
person 0.0323 187 156 213 178
person 0.0319 167 244 186 284
person 0.0318 190 136 244 191
person 0.0312 220 0 371 196
person 0.0308 244 73 371 400
person 0.0307 151 156 176 177
person 0.0304 162 208 191 241
person 0.0291 216 153 233 186
person 0.0290 162 132 221 178
person 0.0288 165 161 200 188
person 0.0287 306 319 369 500
person 0.0287 160 165 180 210
person 0.0286 157 132 189 173
person 0.0286 152 179 211 232
person 0.0286 200 198 228 238
person 0.0285 193 167 214 206
person 0.0282 187 252 215 286
person 0.0281 108 114 120 142
person 0.0281 184 151 240 211
person 0.0280 173 149 203 205
person 0.0279 196 148 206 169
person 0.0278 198 159 215 180
person 0.0277 179 217 199 253
person 0.0275 190 157 230 239
person 0.0272 145 130 223 217
person 0.0270 179 149 197 185
person 0.0269 168 141 177 160
person 0.0268 153 178 174 223
person 0.0268 190 171 216 228
person 0.0267 161 234 181 275
person 0.0263 200 155 213 172
person 0.0261 132 139 203 284
person 0.0261 111 103 124 140
person 0.0256 203 151 258 201
person 0.0252 156 151 176 170
person 0.0251 204 198 230 218
person 0.0250 160 216 180 256
person 0.0250 106 120 120 153
person 0.0248 186 150 204 185
person 0.0246 170 217 198 270
person 0.0244 297 0 346 44
person 0.0243 173 169 216 208
person 0.0243 189 148 211 193
person 0.0243 190 142 275 245
person 0.0242 170 135 186 152
person 0.0236 162 248 181 289
person 0.0235 137 135 190 201
person 0.0234 171 259 194 290
person 0.0234 228 150 243 196
person 0.0231 104 127 121 165
person 0.0230 282 0 348 25
person 0.0229 5 8 121 186
person 0.0229 154 176 184 202
person 0.0228 243 147 257 191
person 0.0228 189 141 199 163
person 0.0227 142 212 180 295
person 0.0227 332 0 356 43
person 0.0225 159 198 180 240
person 0.0223 196 183 215 218
person 0.0222 150 155 159 175
person 0.0220 150 139 176 173
person 0.0219 137 182 171 234
person 0.0218 180 231 198 277
person 0.0218 201 150 211 170
person 0.0217 200 222 220 267
person 0.0216 147 166 162 192
person 0.0211 190 221 211 266
person 0.0210 146 369 277 488
person 0.0210 179 161 198 205
person 0.0210 167 216 186 254
person 0.0209 157 147 170 168
person 0.0206 177 141 188 157
person 0.0206 339 381 370 500
person 0.0205 278 0 365 98
person 0.0205 167 167 186 209
person 0.0204 7 7 143 330
person 0.0203 148 181 190 214
person 0.0201 185 140 194 156
person 0.0200 103 120 113 143
person 0.0200 229 136 243 167
pottedplant 0.0697 71 195 368 500
pottedplant 0.0394 321 100 368 256
pottedplant 0.0328 224 142 269 214
pottedplant 0.0327 246 0 370 238
pottedplant 0.0310 310 2 371 251
pottedplant 0.0291 264 104 362 246
pottedplant 0.0277 272 130 315 239
pottedplant 0.0260 227 131 302 232
pottedplant 0.0259 1 88 66 220
pottedplant 0.0256 298 127 340 246
pottedplant 0.0234 35 161 68 208
pottedplant 0.0227 6 0 66 149
pottedplant 0.0226 240 185 278 232
pottedplant 0.0222 5 0 114 232
pottedplant 0.0213 312 131 356 252
pottedplant 0.0207 291 136 322 237
pottedplant 0.0205 248 158 276 228
pottedplant 0.0203 216 0 370 54
tvmonitor 0.0219 0 0 38 166
tvmonitor 0.0211 3 0 70 160
