bicycle 0.1057 219 112 333 480
bicycle 0.0936 122 335 324 493
bicycle 0.0869 6 95 90 200
bicycle 0.0627 140 183 323 443
bicycle 0.0519 107 308 175 495
bicycle 0.0419 129 414 284 495
bicycle 0.0359 2 150 41 184
bicycle 0.0356 219 371 332 489
bicycle 0.0301 197 194 333 348
bicycle 0.0267 246 160 325 373
bicycle 0.0265 16 132 77 193
bicycle 0.0238 72 257 185 482
bicycle 0.0236 148 171 310 306
bicycle 0.0230 116 387 199 500
bicycle 0.0227 18 266 263 500
bird 0.0331 238 405 333 495
boat 0.0286 318 185 333 244
bottle 0.0452 318 186 332 252
bottle 0.0429 14 95 31 145
bottle 0.0358 237 66 266 107
bottle 0.0308 127 75 162 102
bottle 0.0298 17 95 36 166
bottle 0.0294 272 84 333 225
bottle 0.0243 11 148 37 178
bottle 0.0234 135 226 215 295
bottle 0.0222 115 205 159 274
bottle 0.0215 15 116 31 171
bottle 0.0207 141 229 184 292
bottle 0.0201 308 180 333 244
car 0.0857 269 3 296 21
car 0.0739 254 0 296 37
car 0.0471 279 2 302 19
car 0.0433 261 5 292 27
car 0.0429 230 0 299 26
car 0.0367 254 0 307 20
car 0.0321 224 0 274 35
car 0.0271 269 0 299 14
car 0.0267 309 0 333 19
car 0.0261 258 1 285 22
car 0.0231 243 7 270 27
car 0.0231 261 19 285 35
car 0.0230 252 8 280 26
car 0.0228 246 19 269 36
car 0.0221 254 20 276 36
car 0.0209 240 2 273 20
car 0.0202 243 13 287 39
motorbike 0.6474 97 50 330 496
motorbike 0.1669 89 256 315 497
motorbike 0.1082 221 72 332 419
motorbike 0.0926 122 219 239 496
motorbike 0.0788 115 304 192 485
motorbike 0.0631 118 78 322 249
motorbike 0.0559 144 151 320 413
motorbike 0.0489 105 234 182 440
motorbike 0.0485 26 205 262 479
motorbike 0.0449 109 306 171 391
motorbike 0.0438 107 299 206 409
motorbike 0.0322 128 340 224 494
motorbike 0.0321 77 108 267 331
motorbike 0.0272 210 185 323 304
motorbike 0.0270 251 76 333 163
motorbike 0.0263 118 289 272 450
motorbike 0.0259 199 89 332 234
motorbike 0.0213 214 139 325 258
motorbike 0.0201 163 304 333 488
person 0.8173 20 44 78 191
person 0.6941 95 19 319 480
person 0.5889 111 0 139 64
person 0.5857 267 10 304 89
person 0.5271 73 32 96 117
person 0.4891 41 0 75 53
person 0.4411 71 48 166 200
person 0.4367 80 30 110 115
person 0.4256 299 63 321 99
person 0.3767 52 36 77 116
person 0.3586 317 31 333 108
person 0.3582 0 84 19 189
person 0.3245 0 0 31 25
person 0.3079 80 16 304 236
person 0.2820 74 35 120 163
person 0.2752 51 35 84 169
person 0.2692 48 9 76 84
person 0.2687 113 4 158 76
person 0.2668 98 0 116 53
person 0.2658 86 51 118 112
person 0.2636 82 12 111 86
person 0.2438 58 32 100 188
person 0.2403 78 29 138 120
person 0.2383 305 55 331 105
person 0.2351 97 31 165 117
person 0.2312 72 58 240 211
person 0.2186 127 38 165 90
person 0.2172 26 63 125 197
person 0.2139 78 0 104 36
person 0.2134 10 50 53 184
person 0.2127 39 25 77 135
person 0.2074 289 64 315 99
person 0.1994 308 12 331 100
person 0.1902 86 34 118 87
person 0.1894 0 57 33 192
person 0.1884 102 16 143 81
person 0.1862 54 36 75 79
person 0.1779 92 4 131 67
person 0.1741 73 0 100 22
person 0.1708 25 3 80 84
person 0.1698 15 0 71 48
person 0.1688 81 0 109 55
person 0.1687 123 185 232 481
person 0.1681 93 12 223 178
person 0.1677 273 26 326 101
person 0.1633 60 27 108 125
person 0.1604 84 56 167 138
person 0.1572 117 60 163 101
person 0.1546 66 44 88 126
person 0.1492 35 23 93 179
person 0.1475 80 0 154 156
person 0.1417 321 15 333 90
person 0.1411 257 12 317 140
person 0.1390 85 1 142 92
person 0.1369 17 11 85 134
person 0.1366 94 51 125 83
person 0.1361 107 34 167 176
person 0.1306 286 40 311 97
person 0.1304 51 0 93 40
person 0.1296 133 5 167 76
person 0.1288 3 0 50 37
person 0.1273 21 45 53 85
person 0.1248 38 39 74 82
person 0.1231 270 32 329 184
person 0.1229 286 59 327 107
person 0.1225 130 41 160 71
person 0.1221 90 44 110 93
person 0.1204 86 68 261 374
person 0.1195 269 5 298 55
person 0.1182 72 6 101 79
person 0.1181 77 0 121 105
person 0.1148 313 66 329 106
person 0.1147 13 41 68 114
person 0.1133 84 30 107 72
person 0.1099 77 51 92 120
person 0.1074 165 127 327 497
person 0.1067 76 63 187 276
person 0.1064 46 4 109 96
person 0.1063 7 61 98 304
person 0.1061 114 26 151 104
person 0.1054 82 59 101 119
person 0.1049 89 0 113 42
person 0.1037 127 0 158 57
person 0.1035 4 4 56 69
person 0.1033 288 7 325 86
person 0.1031 9 94 39 192
person 0.1015 94 42 115 76
person 0.1005 59 32 89 94
person 0.1004 61 55 78 126
person 0.1001 0 0 32 56
person 0.0994 94 55 147 92
person 0.0990 34 0 111 55
person 0.0987 189 25 328 253
person 0.0982 69 66 100 123
person 0.0965 113 44 159 79
person 0.0959 101 77 182 197
person 0.0952 74 68 125 124
person 0.0950 116 3 264 87
person 0.0943 0 124 14 190
person 0.0933 231 44 331 386
person 0.0926 73 69 88 122
person 0.0915 317 60 333 135
person 0.0890 297 62 333 126
person 0.0890 35 85 174 218
person 0.0883 89 69 154 117
person 0.0878 111 1 126 53
person 0.0862 68 0 96 51
person 0.0857 3 91 28 179
person 0.0857 83 37 99 90
person 0.0855 102 6 290 134
person 0.0847 79 68 136 194
person 0.0842 269 5 296 30
person 0.0832 0 82 15 145
person 0.0830 98 46 125 71
person 0.0829 264 56 316 105
person 0.0827 119 7 172 113
person 0.0822 75 30 101 58
person 0.0821 194 11 320 149
person 0.0819 236 57 333 224
person 0.0817 127 1 199 86
person 0.0814 65 82 77 129
person 0.0798 55 12 96 70
person 0.0797 9 31 49 86
person 0.0789 68 16 111 61
person 0.0789 31 44 83 106
person 0.0781 61 0 94 25
person 0.0777 145 0 177 62
person 0.0777 313 25 333 76
person 0.0773 127 27 149 74
person 0.0768 42 2 60 49
person 0.0761 144 37 163 77
person 0.0761 51 25 77 66
person 0.0761 280 28 305 92
person 0.0752 0 90 68 196
person 0.0752 13 0 53 23
person 0.0751 144 222 213 429
person 0.0748 91 58 126 98
person 0.0746 85 71 108 115
person 0.0737 72 0 90 33
person 0.0728 305 58 322 88
person 0.0725 132 17 155 69
person 0.0713 296 29 333 92
person 0.0706 289 34 306 82
person 0.0704 77 29 94 86
person 0.0697 0 28 21 222
person 0.0693 15 52 43 90
person 0.0691 100 45 137 117
person 0.0691 0 0 17 30
person 0.0676 51 89 84 196
person 0.0670 88 0 101 25
person 0.0670 0 0 78 226
person 0.0669 276 60 311 93
person 0.0667 67 66 111 146
person 0.0667 238 7 319 94
person 0.0656 32 42 61 78
person 0.0651 58 64 163 384
person 0.0649 292 54 324 88
person 0.0638 94 15 118 63
person 0.0634 275 5 292 49
person 0.0631 122 0 147 46
person 0.0626 105 53 132 77
person 0.0621 84 17 99 53
person 0.0614 73 0 216 99
person 0.0613 109 67 175 127
person 0.0611 46 40 68 74
person 0.0609 63 78 86 153
person 0.0609 11 0 137 171
person 0.0608 249 1 304 61
person 0.0604 138 111 271 452
person 0.0601 76 86 95 121
person 0.0600 77 4 94 41
person 0.0596 304 71 323 106
person 0.0596 1 19 38 80
person 0.0594 177 55 303 370
person 0.0593 48 0 77 30
person 0.0592 67 89 93 129
person 0.0584 80 25 105 50
person 0.0582 2 20 74 90
person 0.0581 102 0 177 63
person 0.0566 4 4 229 204
person 0.0566 120 37 185 99
person 0.0565 118 246 198 419
person 0.0564 98 140 201 440
person 0.0559 247 38 328 114
person 0.0552 68 70 83 124
person 0.0552 259 0 302 33
person 0.0549 137 0 248 59
person 0.0549 96 43 143 78
person 0.0549 293 56 333 195
person 0.0548 121 44 150 70
person 0.0547 306 40 326 92
person 0.0545 9 87 28 147
person 0.0534 65 0 145 51
person 0.0533 27 0 55 38
person 0.0531 0 132 31 186
person 0.0530 148 0 193 29
person 0.0529 30 25 70 73
person 0.0527 67 31 109 80
person 0.0525 84 85 98 121
person 0.0522 82 83 119 120
person 0.0521 315 45 329 92
person 0.0520 274 12 301 41
person 0.0514 280 10 297 62
person 0.0514 92 33 127 67
person 0.0511 26 45 42 82
person 0.0506 36 4 63 79
person 0.0498 125 18 141 69
person 0.0497 112 0 133 37
person 0.0495 14 57 40 149
person 0.0495 119 12 135 67
person 0.0493 272 67 322 121
person 0.0493 134 43 154 83
person 0.0491 97 0 108 31
person 0.0490 111 111 230 286
person 0.0489 145 1 205 44
person 0.0487 317 79 333 106
person 0.0487 316 0 333 62
person 0.0487 284 8 301 51
person 0.0478 37 137 178 500
person 0.0476 280 2 307 78
person 0.0475 132 0 183 37
person 0.0473 4 90 19 155
person 0.0473 124 71 159 95
person 0.0472 109 21 127 71
person 0.0472 0 18 51 129
person 0.0471 216 350 332 496
person 0.0470 71 31 91 69
person 0.0463 13 93 33 162
person 0.0461 145 72 314 203
person 0.0460 275 131 333 378
person 0.0459 108 45 134 69
person 0.0457 245 154 333 495
person 0.0455 119 76 156 109
person 0.0452 213 3 298 78
person 0.0448 108 227 170 392
person 0.0444 126 61 159 86
person 0.0440 279 71 331 158
person 0.0437 70 115 149 197
person 0.0436 39 0 67 24
person 0.0435 0 10 30 35
person 0.0435 281 4 296 24
person 0.0433 279 7 303 31
person 0.0433 59 35 80 63
person 0.0433 58 4 77 47
person 0.0428 291 20 305 58
person 0.0420 4 109 20 178
person 0.0418 295 56 312 91
person 0.0418 38 39 63 61
person 0.0418 61 80 97 170
person 0.0417 83 0 107 15
person 0.0416 3 24 31 111
person 0.0416 94 32 119 57
person 0.0415 97 66 131 109
person 0.0415 143 22 176 103
person 0.0413 106 0 117 36
person 0.0413 138 0 166 43
person 0.0410 113 53 143 75
person 0.0409 141 222 221 331
person 0.0408 48 45 62 84
person 0.0406 140 8 275 330
person 0.0405 90 72 118 104
person 0.0399 100 38 124 61
person 0.0396 131 51 178 112
person 0.0395 265 52 304 90
person 0.0387 80 0 122 29
person 0.0386 148 12 168 72
person 0.0386 129 6 144 61
person 0.0385 98 39 129 93
person 0.0384 242 65 331 137
person 0.0384 28 41 53 63
person 0.0376 44 46 100 120
person 0.0374 110 47 125 74
person 0.0373 68 40 82 82
person 0.0371 206 184 292 427
person 0.0370 12 64 36 94
person 0.0369 112 38 124 66
person 0.0368 259 37 302 109
person 0.0366 138 28 166 70
person 0.0365 267 0 327 66
person 0.0365 122 98 261 194
person 0.0363 137 317 215 500
person 0.0362 48 33 61 67
person 0.0362 170 0 288 104
person 0.0360 133 0 153 43
person 0.0358 20 121 88 196
person 0.0358 76 17 88 51
person 0.0357 79 19 93 54
person 0.0357 107 55 126 89
person 0.0357 264 67 307 96
person 0.0356 11 108 25 167
person 0.0355 113 0 122 30
person 0.0354 285 22 303 69
person 0.0354 280 82 332 235
person 0.0354 0 74 17 109
person 0.0353 101 154 158 203
person 0.0352 269 277 331 488
person 0.0346 118 78 163 150
person 0.0346 111 36 146 69
person 0.0345 76 136 182 242
person 0.0345 79 90 104 118
pottedplant 0.0458 8 204 140 484
pottedplant 0.0381 9 155 40 180
pottedplant 0.0349 24 315 172 500
pottedplant 0.0340 251 393 333 497
pottedplant 0.0318 0 174 287 500
pottedplant 0.0312 1 235 85 492
pottedplant 0.0243 91 306 159 480
pottedplant 0.0239 37 403 161 499
pottedplant 0.0234 0 353 51 499
pottedplant 0.0220 52 357 146 488
pottedplant 0.0214 286 193 333 377
pottedplant 0.0201 135 426 251 497
train 0.0235 11 0 173 80
