bottle 0.0208 28 33 43 67
car 0.0523 1 39 67 132
car 0.0420 4 82 60 132
car 0.0403 4 30 142 143
car 0.0368 0 66 118 127
car 0.0284 1 64 51 122
car 0.0251 0 93 48 126
car 0.0238 402 233 500 312
car 0.0231 446 241 497 262
car 0.0223 414 238 499 272
car 0.0206 0 86 94 141
chair 0.0755 335 230 496 332
chair 0.0673 32 52 405 328
chair 0.0656 319 69 488 327
chair 0.0631 54 174 383 333
chair 0.0513 7 205 102 326
chair 0.0433 340 228 422 330
chair 0.0388 114 239 415 331
chair 0.0363 283 229 370 333
chair 0.0358 3 140 141 327
chair 0.0357 210 93 370 333
chair 0.0356 1 242 80 333
chair 0.0347 283 260 471 330
chair 0.0346 202 267 383 330
chair 0.0318 303 192 427 333
chair 0.0312 51 219 118 332
chair 0.0297 12 231 317 329
chair 0.0292 409 42 495 269
chair 0.0289 0 219 52 315
chair 0.0284 39 270 261 328
chair 0.0265 1 253 41 325
chair 0.0255 400 235 500 314
chair 0.0249 34 232 172 327
chair 0.0245 256 177 395 333
chair 0.0228 179 36 491 333
chair 0.0226 0 275 119 331
chair 0.0220 449 84 499 228
chair 0.0220 384 81 468 237
chair 0.0216 394 196 500 294
chair 0.0211 1 214 82 280
chair 0.0210 348 65 445 252
chair 0.0210 258 74 427 333
chair 0.0203 0 300 83 332
diningtable 0.0248 0 105 443 333
person 0.9161 64 12 366 333
person 0.0741 5 77 44 125
person 0.0624 214 9 359 279
person 0.0589 16 82 39 119
person 0.0538 121 13 345 200
person 0.0526 3 60 59 133
person 0.0463 1 76 68 186
person 0.0452 12 0 250 286
person 0.0446 398 211 499 321
person 0.0445 1 59 37 119
person 0.0421 143 14 321 89
person 0.0385 284 7 490 326
person 0.0366 2 37 146 222
person 0.0362 348 143 497 333
person 0.0362 4 85 145 328
person 0.0354 1 87 47 161
person 0.0351 8 80 34 114
person 0.0350 68 16 207 250
person 0.0342 367 39 487 277
person 0.0335 0 20 71 128
person 0.0334 4 51 93 169
person 0.0328 0 279 38 332
person 0.0327 108 59 156 91
person 0.0322 187 45 424 333
person 0.0321 10 36 129 142
person 0.0310 99 32 187 148
person 0.0306 0 304 64 333
person 0.0292 0 261 35 315
person 0.0290 413 144 498 282
person 0.0290 17 82 56 126
person 0.0289 117 15 220 129
person 0.0287 21 93 46 125
person 0.0284 119 8 500 273
person 0.0265 18 87 125 208
person 0.0263 5 94 34 125
person 0.0260 455 206 498 269
person 0.0258 2 111 46 189
person 0.0254 100 54 159 118
person 0.0253 288 19 420 258
person 0.0248 55 20 155 128
person 0.0240 261 60 377 330
person 0.0238 0 16 266 160
person 0.0235 0 95 23 128
person 0.0235 29 91 53 123
person 0.0235 3 121 69 214
person 0.0233 1 71 22 110
person 0.0229 0 301 24 333
person 0.0228 425 241 500 333
person 0.0228 63 52 154 171
person 0.0228 21 72 73 127
person 0.0225 1 269 20 309
person 0.0218 437 88 493 226
person 0.0218 12 33 58 112
person 0.0213 433 182 496 267
person 0.0210 70 85 154 215
person 0.0208 256 35 346 206
person 0.0206 199 0 219 21
person 0.0206 19 69 47 113
person 0.0206 411 5 496 250
person 0.0205 197 9 288 41
person 0.0203 84 3 293 124
person 0.0202 145 24 251 151
person 0.0202 100 15 167 106
person 0.0201 2 59 19 100
train 0.0240 106 20 352 154
tvmonitor 0.0302 455 199 498 266
tvmonitor 0.0291 424 168 497 270
tvmonitor 0.0250 437 106 494 238
tvmonitor 0.0246 0 4 71 126
tvmonitor 0.0233 447 230 499 262
tvmonitor 0.0226 103 8 353 114
tvmonitor 0.0212 405 221 500 292
tvmonitor 0.0208 0 0 89 60
