boat 0.0303 0 0 500 356
bottle 0.0325 234 359 280 374
bottle 0.0259 290 285 314 315
bottle 0.0243 227 351 265 374
bottle 0.0228 241 298 263 334
bottle 0.0222 280 285 305 316
bottle 0.0208 252 286 317 321
bus 0.0223 0 0 388 285
car 0.0692 298 140 327 155
car 0.0326 297 138 312 157
car 0.0326 0 16 494 368
car 0.0265 307 138 335 155
car 0.0248 295 137 334 163
car 0.0222 294 134 321 156
car 0.0203 291 133 343 155
chair 0.0937 377 267 494 367
chair 0.0665 305 272 496 330
chair 0.0541 385 162 500 355
chair 0.0534 359 247 489 322
chair 0.0515 251 299 396 375
chair 0.0413 414 243 497 344
chair 0.0406 184 345 263 374
chair 0.0396 385 236 426 279
chair 0.0363 232 293 288 373
chair 0.0360 219 295 265 374
chair 0.0354 383 218 412 281
chair 0.0341 280 279 500 375
chair 0.0335 406 298 497 374
chair 0.0304 301 235 500 348
chair 0.0302 391 246 414 279
chair 0.0302 188 318 266 373
chair 0.0295 219 265 376 371
chair 0.0293 290 279 345 316
chair 0.0287 398 267 494 305
chair 0.0287 386 247 405 279
chair 0.0279 377 253 435 281
chair 0.0278 452 262 497 335
chair 0.0276 217 356 269 374
chair 0.0261 209 343 298 374
chair 0.0253 374 199 466 327
chair 0.0252 240 283 386 338
chair 0.0252 376 332 498 374
chair 0.0251 445 273 499 375
chair 0.0239 420 253 495 299
chair 0.0230 358 247 418 282
chair 0.0230 424 271 494 326
chair 0.0226 355 260 431 284
chair 0.0225 175 274 258 374
chair 0.0222 381 261 408 280
chair 0.0218 258 290 343 324
chair 0.0217 269 275 398 319
chair 0.0215 247 291 328 371
chair 0.0210 172 308 327 372
chair 0.0205 455 237 499 300
chair 0.0204 379 278 487 317
chair 0.0203 191 222 434 368
chair 0.0202 478 264 500 339
dog 0.7141 377 162 467 282
dog 0.2502 368 198 481 305
dog 0.1106 372 163 433 257
dog 0.1005 388 221 468 284
dog 0.0997 370 163 406 221
dog 0.0954 289 267 485 318
dog 0.0608 388 253 476 289
dog 0.0577 377 202 421 280
dog 0.0559 397 243 456 278
dog 0.0559 329 254 487 303
dog 0.0532 366 164 405 184
dog 0.0474 369 166 393 203
dog 0.0466 306 157 475 307
dog 0.0466 391 247 428 278
dog 0.0454 373 237 429 283
dog 0.0454 385 190 441 281
dog 0.0428 387 220 414 279
dog 0.0408 403 257 432 280
dog 0.0399 386 239 493 308
dog 0.0351 361 164 411 272
dog 0.0331 371 158 453 222
dog 0.0322 380 269 483 303
dog 0.0310 385 262 426 279
dog 0.0302 411 244 493 285
dog 0.0297 400 271 441 285
dog 0.0282 353 242 462 286
dog 0.0281 373 178 401 215
dog 0.0260 366 166 393 179
dog 0.0258 408 259 454 280
dog 0.0240 360 223 408 274
dog 0.0240 370 162 500 347
dog 0.0234 367 162 419 195
dog 0.0229 384 270 429 284
dog 0.0227 365 265 406 279
dog 0.0224 351 269 402 284
dog 0.0221 290 275 366 305
dog 0.0214 403 202 488 280
dog 0.0211 332 257 433 291
dog 0.0204 366 164 383 192
dog 0.0204 356 243 412 282
person 0.0569 386 207 416 280
person 0.0567 403 252 433 279
person 0.0475 382 215 481 341
person 0.0456 399 247 454 280
person 0.0453 0 0 489 362
person 0.0412 397 247 421 278
person 0.0389 229 359 276 374
person 0.0385 365 51 485 282
person 0.0382 84 189 112 207
person 0.0354 398 192 493 298
person 0.0349 76 130 93 140
person 0.0331 158 358 209 374
person 0.0305 96 189 116 207
person 0.0299 386 240 407 277
person 0.0296 76 123 89 139
person 0.0284 395 219 444 279
person 0.0276 75 189 123 210
person 0.0264 396 123 500 324
person 0.0256 63 90 100 142
person 0.0256 419 245 493 289
person 0.0245 72 133 83 143
person 0.0245 70 124 82 139
person 0.0243 71 128 94 137
person 0.0239 314 135 334 154
person 0.0236 71 130 102 142
person 0.0231 68 132 89 143
person 0.0228 412 228 460 280
person 0.0227 289 276 355 306
person 0.0226 91 192 105 207
person 0.0224 158 355 242 375
person 0.0223 298 46 500 330
person 0.0212 71 132 95 151
person 0.0211 69 108 94 141
person 0.0207 99 188 124 213
pottedplant 0.0521 273 280 300 299
pottedplant 0.0388 288 282 314 301
pottedplant 0.0385 273 281 311 312
pottedplant 0.0372 286 279 340 315
pottedplant 0.0350 281 279 319 304
pottedplant 0.0323 294 283 318 312
pottedplant 0.0284 276 278 308 293
pottedplant 0.0263 283 282 302 296
pottedplant 0.0249 290 281 312 294
pottedplant 0.0248 265 272 323 301
pottedplant 0.0247 271 277 289 300
pottedplant 0.0238 255 279 307 319
pottedplant 0.0233 280 272 350 303
pottedplant 0.0230 0 0 39 17
pottedplant 0.0230 295 283 309 297
sofa 0.5240 246 269 491 368
sofa 0.1746 340 156 492 360
sofa 0.1213 311 241 493 349
sofa 0.0680 258 260 437 340
sofa 0.0576 300 199 481 321
sofa 0.0490 384 260 488 369
sofa 0.0431 239 295 398 375
sofa 0.0425 198 142 500 375
sofa 0.0380 224 234 412 375
sofa 0.0343 0 14 500 358
sofa 0.0303 387 141 500 313
sofa 0.0293 285 255 447 310
sofa 0.0224 63 227 500 375
train 0.0341 8 0 369 363
tvmonitor 0.0382 238 286 319 335
tvmonitor 0.0332 236 294 320 370
tvmonitor 0.0265 89 91 108 133
tvmonitor 0.0248 246 281 349 324
tvmonitor 0.0225 240 297 291 335
tvmonitor 0.0225 251 292 305 324
