car 0.0609 389 244 432 284
car 0.0559 399 240 449 283
car 0.0487 364 245 412 284
car 0.0277 416 245 465 284
car 0.0250 437 248 463 285
car 0.0247 404 252 430 284
car 0.0239 239 246 308 282
car 0.0228 356 251 389 284
car 0.0201 0 244 21 281
chair 0.0261 195 252 219 281
person 0.1092 276 229 307 284
person 0.0926 399 243 427 284
person 0.0696 288 236 310 285
person 0.0634 284 245 304 284
person 0.0576 262 232 300 284
person 0.0508 378 243 409 283
person 0.0485 274 245 297 283
person 0.0463 196 86 216 123
person 0.0450 335 254 359 283
person 0.0440 392 248 414 282
person 0.0438 291 254 309 284
person 0.0428 411 248 435 282
person 0.0400 370 238 400 281
person 0.0355 246 151 263 194
person 0.0341 370 239 389 271
person 0.0323 253 154 268 194
person 0.0321 367 250 389 283
person 0.0314 190 94 211 128
person 0.0309 360 252 382 284
person 0.0294 440 251 461 284
person 0.0294 414 243 450 283
person 0.0288 383 239 404 271
person 0.0275 261 157 277 192
person 0.0273 384 255 405 285
person 0.0269 422 251 443 283
person 0.0265 388 237 420 277
person 0.0263 267 249 290 282
person 0.0256 321 110 332 148
person 0.0256 356 241 389 285
person 0.0254 375 235 395 264
person 0.0253 202 83 221 116
person 0.0251 189 105 209 142
person 0.0251 355 248 374 282
person 0.0245 230 88 246 111
person 0.0243 324 107 338 151
person 0.0240 2 171 17 213
person 0.0234 238 230 311 283
person 0.0232 427 244 460 283
person 0.0232 252 146 270 174
person 0.0229 400 239 421 264
person 0.0227 190 229 222 282
person 0.0226 178 120 190 155
person 0.0226 247 142 263 169
person 0.0225 275 242 327 282
person 0.0225 344 250 365 283
person 0.0219 298 227 345 284
person 0.0218 257 236 286 280
person 0.0217 288 92 300 108
person 0.0216 240 154 255 195
person 0.0214 447 242 465 279
person 0.0214 245 144 272 196
person 0.0213 187 96 214 165
person 0.0213 225 87 240 111
person 0.0210 263 146 277 172
person 0.0209 297 260 315 283
person 0.0207 277 227 294 268
person 0.0205 381 216 397 249
person 0.0203 336 244 373 285
person 0.0203 190 83 219 136
person 0.0202 295 93 306 109
person 0.0201 366 243 381 270
person 0.0201 237 89 252 109
pottedplant 0.0212 192 257 222 281
train 0.9226 8 51 367 293
train 0.1955 326 49 486 297
train 0.1527 366 235 462 282
train 0.1410 349 205 481 283
train 0.0704 190 53 352 288
train 0.0611 393 238 459 271
train 0.0604 51 50 342 172
train 0.0596 175 45 478 302
train 0.0530 385 239 436 283
train 0.0489 5 147 96 279
train 0.0486 309 159 500 286
train 0.0428 362 232 410 283
train 0.0395 0 189 320 282
train 0.0368 4 80 157 280
train 0.0333 259 62 369 285
train 0.0332 413 235 467 284
train 0.0329 0 206 168 278
train 0.0319 79 155 400 290
train 0.0316 371 123 476 286
train 0.0303 7 84 87 240
train 0.0297 371 235 445 262
train 0.0284 352 222 435 286
train 0.0271 237 198 359 282
train 0.0265 297 42 422 289
train 0.0227 397 172 491 287
train 0.0225 371 218 401 273
train 0.0213 3 67 137 200
train 0.0205 390 232 462 257
