bird 0.8532 39 36 424 464
bird 0.1320 98 45 407 227
bird 0.1061 58 49 275 420
bird 0.1023 245 48 410 234
bird 0.0836 188 300 459 487
bird 0.0705 9 110 135 445
bird 0.0702 41 342 208 439
bird 0.0687 355 461 393 500
bird 0.0624 12 325 129 451
bird 0.0613 107 36 369 137
bird 0.0585 296 240 457 496
bird 0.0570 219 38 388 127
bird 0.0559 186 35 406 354
bird 0.0558 16 368 186 463
bird 0.0552 26 216 116 430
bird 0.0541 292 30 419 152
bird 0.0540 89 21 276 124
bird 0.0532 48 209 375 459
bird 0.0509 338 456 422 500
bird 0.0469 10 318 265 461
bird 0.0441 374 317 457 500
bird 0.0440 37 288 159 435
bird 0.0431 15 238 203 453
bird 0.0411 229 137 452 500
bird 0.0410 92 343 272 436
bird 0.0395 0 426 146 496
bird 0.0393 8 248 87 449
bird 0.0391 58 365 314 473
bird 0.0385 331 423 459 499
bird 0.0356 36 11 317 155
bird 0.0341 0 413 76 496
bird 0.0339 80 52 255 160
bird 0.0338 297 104 417 257
bird 0.0329 4 0 205 424
bird 0.0325 327 69 403 221
bird 0.0321 43 325 406 490
bird 0.0312 303 363 459 490
bird 0.0306 268 267 458 404
bird 0.0305 31 409 233 491
bird 0.0303 54 197 144 420
bird 0.0292 26 126 114 358
bird 0.0290 0 369 64 457
bird 0.0289 237 44 348 103
bird 0.0283 88 72 223 207
bird 0.0278 318 23 433 210
bird 0.0278 44 452 149 496
bird 0.0277 374 229 459 435
bird 0.0276 8 153 82 396
bird 0.0270 111 168 439 411
bird 0.0269 111 411 318 493
bird 0.0268 143 366 399 476
bird 0.0262 331 232 457 361
bird 0.0261 0 453 108 498
bird 0.0258 77 97 184 237
bird 0.0256 293 37 439 325
bird 0.0256 203 394 455 500
bird 0.0250 42 82 154 352
bird 0.0250 66 477 146 500
bird 0.0248 187 30 436 175
bird 0.0242 48 336 145 475
bird 0.0241 0 473 72 500
bird 0.0241 2 259 60 400
bird 0.0238 313 469 405 500
bird 0.0237 3 270 139 500
bird 0.0236 59 432 185 494
bird 0.0234 37 437 133 488
bird 0.0232 174 333 301 447
bird 0.0229 0 388 45 483
bird 0.0228 299 1 365 43
bird 0.0228 11 37 124 303
bird 0.0225 28 472 114 500
bird 0.0224 273 3 391 98
bird 0.0224 300 160 426 297
bird 0.0220 48 120 152 264
bird 0.0215 334 125 438 266
bird 0.0215 1 324 66 411
bird 0.0212 285 3 357 66
bird 0.0211 291 430 419 498
bird 0.0211 65 116 186 423
bird 0.0210 78 299 217 429
bird 0.0209 0 384 112 467
bird 0.0209 285 188 446 349
bird 0.0207 69 2 241 96
bird 0.0203 359 467 439 500
bird 0.0202 79 23 192 190
bird 0.0200 47 0 210 231
person 0.0212 0 370 17 422
pottedplant 0.0258 4 0 132 259
sheep 0.0231 373 450 457 498
