bottle 0.0332 3 201 72 259
bottle 0.0275 255 272 299 325
bottle 0.0257 216 255 241 281
bottle 0.0234 218 269 310 327
bottle 0.0213 40 235 82 268
cat 0.0307 255 274 299 326
cat 0.0233 233 270 313 327
chair 0.1878 0 266 246 375
chair 0.1194 160 294 396 372
chair 0.0875 283 308 500 372
chair 0.0708 66 270 356 369
chair 0.0688 0 226 149 364
chair 0.0578 250 300 373 372
chair 0.0528 288 208 500 375
chair 0.0466 248 237 434 368
chair 0.0448 171 242 337 375
chair 0.0388 0 237 58 375
chair 0.0374 339 266 500 371
chair 0.0343 270 330 372 371
chair 0.0341 251 262 369 347
chair 0.0335 304 309 366 373
chair 0.0331 331 128 500 350
chair 0.0327 398 296 499 375
chair 0.0326 113 266 233 375
chair 0.0326 26 310 228 371
chair 0.0324 293 286 407 375
chair 0.0322 203 262 316 337
chair 0.0302 412 200 496 361
chair 0.0300 4 268 105 375
chair 0.0294 153 259 271 375
chair 0.0284 13 229 179 310
chair 0.0281 245 240 325 337
chair 0.0275 0 191 69 308
chair 0.0266 179 329 384 375
chair 0.0261 350 325 500 374
chair 0.0259 337 237 441 363
chair 0.0245 32 230 287 332
chair 0.0243 217 192 471 332
chair 0.0243 457 298 498 373
chair 0.0232 98 250 500 375
chair 0.0230 290 319 397 366
chair 0.0229 308 332 410 373
chair 0.0222 206 219 312 316
chair 0.0218 224 272 326 375
chair 0.0217 464 270 498 346
chair 0.0210 0 336 202 375
chair 0.0208 0 342 98 373
chair 0.0207 366 214 491 331
chair 0.0207 237 155 407 310
chair 0.0204 243 275 352 326
chair 0.0204 301 321 360 353
chair 0.0203 328 309 432 368
person 0.7240 4 119 381 370
person 0.2690 103 191 404 373
person 0.2006 5 120 188 336
person 0.1917 3 193 258 375
person 0.1715 171 257 375 372
person 0.1393 119 20 458 373
person 0.1364 216 137 436 375
person 0.1142 149 125 330 371
person 0.1008 194 319 377 373
person 0.0932 0 200 82 301
person 0.0920 353 314 500 374
person 0.0906 27 118 193 201
person 0.0866 0 208 157 347
person 0.0782 4 142 112 318
person 0.0777 214 268 498 372
person 0.0761 315 122 486 372
person 0.0751 11 114 276 261
person 0.0747 288 320 450 372
person 0.0740 308 321 362 363
person 0.0655 12 264 449 375
person 0.0620 189 84 379 345
person 0.0608 398 25 500 348
person 0.0607 274 321 369 371
person 0.0536 272 277 427 369
person 0.0490 0 232 80 368
person 0.0445 257 236 383 371
person 0.0436 2 41 167 275
person 0.0431 6 112 95 255
person 0.0419 1 242 70 299
person 0.0408 109 115 278 198
person 0.0350 424 342 500 374
person 0.0340 0 239 135 304
person 0.0339 107 116 186 182
person 0.0328 276 35 419 345
person 0.0321 185 260 310 338
person 0.0315 266 1 337 33
person 0.0308 17 95 131 209
person 0.0301 419 121 497 332
person 0.0299 208 215 330 363
person 0.0294 303 328 388 373
person 0.0294 20 112 49 167
person 0.0288 83 124 248 321
person 0.0286 108 110 379 240
person 0.0286 255 186 500 340
person 0.0274 170 286 304 371
person 0.0273 260 0 389 36
person 0.0271 129 116 190 158
person 0.0265 68 145 357 302
person 0.0261 97 117 178 153
person 0.0259 455 311 498 375
person 0.0246 64 113 201 165
person 0.0235 45 123 167 283
person 0.0235 169 129 350 272
person 0.0232 10 129 69 231
person 0.0229 152 252 274 331
person 0.0227 116 115 221 235
person 0.0218 13 198 135 288
person 0.0216 478 338 500 375
person 0.0216 453 112 500 295
person 0.0214 243 198 350 343
person 0.0213 5 194 89 250
person 0.0210 27 240 98 291
person 0.0208 163 121 296 233
person 0.0201 327 323 368 371
person 0.0200 24 110 77 169
pottedplant 0.0327 480 0 500 59
pottedplant 0.0298 427 0 493 105
pottedplant 0.0285 463 0 496 70
pottedplant 0.0275 382 56 486 305
pottedplant 0.0245 489 0 500 68
pottedplant 0.0232 432 111 496 283
pottedplant 0.0200 439 0 500 329
sofa 0.2557 0 257 303 373
sofa 0.0611 0 33 471 375
sofa 0.0289 0 292 219 375
tvmonitor 0.2196 268 29 394 196
tvmonitor 0.2131 0 4 215 168
tvmonitor 0.1814 3 0 220 64
tvmonitor 0.1770 10 45 362 369
tvmonitor 0.1256 0 0 361 195
tvmonitor 0.0949 9 78 207 177
tvmonitor 0.0836 45 1 204 40
tvmonitor 0.0806 158 0 466 375
tvmonitor 0.0714 6 53 195 249
tvmonitor 0.0649 178 16 409 155
tvmonitor 0.0632 377 0 491 276
tvmonitor 0.0580 250 28 429 295
tvmonitor 0.0496 373 306 498 375
tvmonitor 0.0482 262 20 404 104
tvmonitor 0.0455 155 43 405 239
tvmonitor 0.0446 7 34 138 175
tvmonitor 0.0420 478 287 500 351
tvmonitor 0.0419 1 200 78 274
tvmonitor 0.0413 269 104 393 226
tvmonitor 0.0408 123 2 209 51
tvmonitor 0.0395 299 5 443 236
tvmonitor 0.0366 306 0 496 358
tvmonitor 0.0364 317 42 398 165
tvmonitor 0.0332 278 49 388 127
tvmonitor 0.0330 21 40 220 120
tvmonitor 0.0329 6 0 100 83
tvmonitor 0.0326 257 1 407 64
tvmonitor 0.0321 18 56 257 152
tvmonitor 0.0301 0 0 149 45
tvmonitor 0.0284 103 0 313 165
tvmonitor 0.0275 0 4 145 109
tvmonitor 0.0263 261 15 469 158
tvmonitor 0.0263 42 0 426 81
tvmonitor 0.0258 107 0 196 32
tvmonitor 0.0243 180 72 389 180
tvmonitor 0.0242 219 0 349 182
tvmonitor 0.0240 157 105 376 209
tvmonitor 0.0237 148 0 196 43
tvmonitor 0.0232 64 41 197 164
tvmonitor 0.0227 274 82 389 141
tvmonitor 0.0227 112 18 215 138
tvmonitor 0.0225 67 8 222 93
tvmonitor 0.0224 270 33 392 74
tvmonitor 0.0215 199 0 275 182
tvmonitor 0.0215 87 1 266 58
tvmonitor 0.0211 339 53 430 249
