bicycle 0.1157 365 160 461 238
bicycle 0.0500 409 159 500 197
bicycle 0.0412 365 140 437 212
bicycle 0.0349 359 175 418 236
bicycle 0.0291 393 173 483 234
bicycle 0.0284 350 157 473 203
bicycle 0.0239 347 163 424 210
bicycle 0.0231 386 151 486 189
boat 0.0620 20 13 500 232
bus 0.5441 0 105 100 207
bus 0.1171 204 41 497 227
bus 0.0832 3 106 93 160
bus 0.0757 41 107 113 191
bus 0.0695 3 44 139 201
bus 0.0646 1 28 65 111
bus 0.0629 303 1 500 198
bus 0.0586 0 40 48 70
bus 0.0578 164 88 247 200
bus 0.0540 0 111 50 215
bus 0.0516 25 75 397 224
bus 0.0504 182 70 319 209
bus 0.0494 419 43 497 129
bus 0.0494 3 66 65 114
bus 0.0477 62 104 140 200
bus 0.0473 0 43 22 69
bus 0.0456 0 8 52 81
bus 0.0437 92 66 172 189
bus 0.0409 64 111 102 165
bus 0.0354 2 115 45 175
bus 0.0348 42 0 172 193
bus 0.0347 327 35 498 130
bus 0.0343 4 41 83 157
bus 0.0303 41 95 196 196
bus 0.0302 0 48 54 92
bus 0.0302 41 108 94 154
bus 0.0295 118 95 219 188
bus 0.0250 0 119 28 202
bus 0.0247 1 106 53 154
bus 0.0245 464 71 499 119
bus 0.0231 376 18 500 175
bus 0.0218 50 0 278 225
bus 0.0218 199 0 379 185
bus 0.0212 0 43 11 70
bus 0.0211 79 106 127 168
bus 0.0204 5 115 78 144
bus 0.0203 265 0 442 154
bus 0.0201 0 38 37 113
car 0.3130 459 180 499 265
car 0.3099 210 80 388 230
car 0.2795 303 69 488 228
car 0.2655 0 107 101 210
car 0.1898 0 143 46 213
car 0.1865 208 141 459 233
car 0.1767 355 89 493 200
car 0.1549 414 96 497 161
car 0.1511 285 78 439 194
car 0.1341 302 81 500 161
car 0.1310 192 94 291 217
car 0.1308 135 67 500 233
car 0.1233 214 122 319 223
car 0.1231 227 122 282 155
car 0.1172 400 95 490 131
car 0.1132 253 88 337 203
car 0.1080 197 178 390 228
car 0.1067 408 70 499 194
car 0.1042 223 138 283 156
car 0.1030 305 143 500 243
car 0.1014 214 113 271 166
car 0.1006 286 88 369 199
car 0.0925 221 110 314 166
car 0.0913 384 82 500 125
car 0.0891 401 93 484 116
car 0.0865 266 117 295 137
car 0.0864 220 136 242 158
car 0.0864 218 129 256 158
car 0.0851 452 91 497 141
car 0.0823 0 154 93 213
car 0.0822 461 224 500 265
car 0.0810 276 115 335 185
car 0.0786 312 90 381 169
car 0.0726 233 109 298 149
car 0.0720 321 69 500 126
car 0.0713 401 97 456 120
car 0.0686 199 143 278 228
car 0.0684 246 116 292 140
car 0.0681 223 132 286 168
car 0.0664 456 68 497 125
car 0.0649 262 98 349 165
car 0.0639 429 91 491 123
car 0.0635 40 100 348 213
car 0.0625 0 155 41 188
car 0.0622 460 251 499 264
car 0.0620 371 103 500 263
car 0.0616 450 31 497 76
car 0.0610 217 110 446 204
car 0.0596 294 90 347 154
car 0.0593 166 94 243 211
car 0.0593 206 120 282 197
car 0.0591 403 101 473 147
car 0.0583 253 107 327 149
car 0.0559 43 170 95 207
car 0.0555 0 103 198 205
car 0.0553 0 161 29 213
car 0.0547 272 95 340 142
car 0.0546 347 94 477 141
car 0.0545 198 112 256 185
car 0.0523 63 115 108 187
car 0.0518 211 137 295 180
car 0.0515 219 114 274 143
car 0.0513 39 141 100 209
car 0.0501 224 91 320 147
car 0.0499 79 109 138 188
car 0.0497 208 127 241 159
car 0.0494 461 106 500 145
car 0.0488 351 132 500 189
car 0.0477 276 72 386 151
car 0.0474 341 115 450 198
car 0.0469 227 72 367 168
car 0.0463 257 130 391 218
car 0.0462 420 30 500 130
car 0.0460 245 118 288 164
car 0.0455 2 63 51 113
car 0.0454 0 46 22 70
car 0.0448 0 156 25 182
car 0.0447 31 61 52 78
car 0.0444 397 107 457 137
car 0.0439 0 61 43 75
car 0.0433 94 128 116 165
car 0.0414 191 148 354 215
car 0.0414 210 128 369 194
car 0.0407 0 132 20 159
car 0.0400 301 93 433 146
car 0.0399 0 52 48 79
car 0.0399 269 115 325 137
car 0.0393 330 90 427 177
car 0.0390 398 85 492 110
car 0.0390 205 131 252 171
car 0.0387 429 147 500 265
car 0.0386 0 57 40 70
car 0.0385 44 170 90 184
car 0.0381 204 41 498 160
car 0.0379 455 43 499 111
car 0.0379 220 141 255 156
car 0.0377 311 102 359 149
car 0.0376 262 83 319 140
car 0.0373 0 137 29 186
car 0.0361 433 208 464 225
car 0.0360 443 54 500 143
car 0.0357 174 112 236 180
car 0.0353 257 107 407 170
car 0.0352 0 175 20 211
car 0.0347 466 95 499 129
car 0.0345 293 126 443 184
car 0.0344 270 120 316 172
car 0.0343 477 111 500 135
car 0.0341 277 117 305 129
car 0.0338 416 67 498 116
car 0.0336 443 103 500 130
car 0.0336 241 127 337 165
car 0.0334 0 140 21 170
car 0.0332 252 126 287 140
car 0.0330 43 166 98 190
car 0.0327 194 145 268 191
car 0.0323 238 132 286 153
car 0.0321 284 80 326 129
car 0.0318 266 125 302 139
car 0.0315 423 110 496 142
car 0.0315 286 125 344 168
car 0.0310 451 94 495 116
car 0.0308 472 123 500 156
car 0.0302 129 102 193 183
car 0.0300 85 153 127 186
car 0.0299 384 94 464 166
car 0.0296 269 123 341 150
car 0.0294 34 112 127 188
car 0.0291 0 57 22 77
car 0.0288 9 64 51 78
car 0.0287 58 162 111 198
car 0.0281 89 161 113 186
car 0.0281 462 111 500 127
car 0.0280 478 129 500 150
car 0.0278 454 110 495 135
car 0.0277 281 118 317 133
car 0.0273 257 107 310 135
car 0.0273 209 106 291 138
car 0.0272 473 175 500 244
car 0.0272 243 93 303 131
car 0.0271 267 123 287 145
car 0.0270 197 178 219 203
car 0.0268 186 79 300 154
car 0.0267 400 101 448 115
car 0.0262 215 123 254 139
car 0.0261 0 149 37 174
car 0.0260 430 237 494 264
car 0.0259 69 141 114 183
car 0.0259 96 111 148 174
car 0.0258 291 64 435 133
car 0.0257 0 66 27 112
car 0.0257 472 119 500 139
car 0.0257 243 110 293 127
car 0.0254 12 173 107 210
car 0.0252 454 204 475 223
car 0.0251 281 112 355 141
car 0.0249 64 120 100 159
car 0.0249 302 108 360 181
car 0.0247 287 148 454 204
car 0.0246 447 207 468 226
car 0.0244 182 150 231 187
car 0.0242 417 199 466 225
car 0.0242 77 122 116 157
car 0.0241 409 97 456 110
car 0.0240 477 88 498 114
car 0.0240 2 86 73 114
car 0.0240 302 54 489 107
car 0.0238 329 166 395 186
car 0.0236 0 63 29 80
car 0.0234 340 26 500 147
car 0.0234 470 241 499 265
car 0.0233 204 145 318 192
car 0.0231 0 46 10 71
car 0.0230 210 152 285 173
car 0.0228 0 188 85 213
car 0.0227 78 134 114 169
car 0.0227 368 109 488 157
car 0.0226 247 109 277 119
car 0.0226 405 107 451 119
car 0.0224 326 108 373 159
car 0.0223 468 139 500 155
car 0.0223 265 113 295 123
car 0.0222 465 202 498 251
car 0.0220 0 162 72 198
car 0.0219 0 105 31 122
car 0.0219 290 99 378 138
car 0.0218 463 163 499 188
car 0.0218 284 75 357 116
car 0.0217 194 163 265 213
car 0.0217 253 121 314 142
car 0.0216 331 160 413 198
car 0.0216 236 127 301 189
car 0.0215 0 121 35 172
car 0.0214 55 133 93 188
car 0.0214 242 168 408 213
car 0.0212 6 158 40 178
car 0.0211 0 64 22 94
car 0.0211 93 169 111 187
car 0.0210 345 140 432 182
car 0.0210 168 102 335 180
car 0.0209 79 127 99 149
car 0.0209 45 170 73 190
car 0.0209 434 6 498 77
car 0.0208 204 155 252 201
car 0.0208 191 164 229 208
car 0.0207 248 66 358 133
car 0.0206 0 58 35 88
car 0.0205 456 247 482 264
car 0.0205 53 110 100 148
car 0.0205 418 123 500 178
car 0.0204 460 187 500 230
car 0.0203 7 60 57 83
car 0.0200 264 22 410 180
car 0.0200 89 133 109 152
motorbike 0.5702 366 150 499 243
motorbike 0.2861 348 93 500 228
motorbike 0.1492 253 146 491 235
motorbike 0.1470 412 134 500 217
motorbike 0.1074 455 164 500 265
motorbike 0.0994 260 75 439 233
motorbike 0.0922 352 130 444 227
motorbike 0.0595 389 156 464 229
motorbike 0.0509 112 150 157 186
motorbike 0.0490 371 143 468 206
motorbike 0.0460 172 145 218 187
motorbike 0.0448 435 161 500 216
motorbike 0.0393 451 176 500 225
motorbike 0.0364 99 153 139 186
motorbike 0.0354 108 166 134 186
motorbike 0.0352 126 133 168 184
motorbike 0.0321 456 166 500 203
motorbike 0.0313 387 149 441 189
motorbike 0.0294 296 155 426 226
motorbike 0.0282 97 168 115 187
motorbike 0.0248 381 168 500 217
motorbike 0.0235 424 149 500 187
motorbike 0.0225 94 130 150 185
motorbike 0.0223 370 157 432 196
motorbike 0.0215 390 161 471 190
motorbike 0.0204 400 185 500 246
person 0.5939 418 102 489 221
person 0.4169 242 112 269 140
person 0.4007 177 112 209 184
person 0.3958 129 111 162 189
person 0.3630 226 117 248 140
person 0.2932 111 156 130 186
person 0.2582 237 115 254 139
person 0.2424 221 117 250 152
person 0.2423 124 109 149 182
person 0.2106 432 99 484 179
person 0.1916 99 156 113 186
person 0.1874 259 115 279 138
person 0.1854 106 155 123 185
person 0.1760 235 113 276 150
person 0.1739 211 114 244 161
person 0.1651 169 110 197 181
person 0.1583 266 117 289 137
person 0.1499 188 116 221 177
person 0.1362 390 137 479 231
person 0.1336 438 98 461 122
person 0.1329 246 115 285 140
person 0.1317 138 111 181 188
person 0.1284 220 130 242 158
person 0.1247 316 109 333 137
person 0.1220 217 111 271 161
person 0.1213 176 164 194 186
person 0.1206 200 117 226 163
person 0.1206 437 98 472 147
person 0.1194 216 121 231 140
person 0.1170 205 119 222 145
person 0.1130 480 141 500 170
person 0.1127 177 135 200 186
person 0.1100 438 140 500 243
person 0.1053 106 95 164 190
person 0.1038 179 112 200 160
person 0.0997 335 88 461 220
person 0.0994 211 117 237 144
person 0.0963 130 137 154 187
person 0.0943 445 107 480 163
person 0.0921 450 97 495 147
person 0.0919 132 116 155 170
person 0.0915 170 96 227 192
person 0.0913 312 106 339 144
person 0.0904 99 150 129 184
person 0.0894 337 104 360 143
person 0.0888 179 155 199 184
person 0.0887 201 118 216 147
person 0.0880 431 130 482 195
person 0.0867 206 126 221 158
person 0.0862 95 160 108 185
person 0.0804 323 102 357 145
person 0.0783 322 106 339 134
person 0.0758 212 128 236 159
person 0.0758 310 109 328 134
person 0.0740 234 117 246 132
person 0.0738 103 111 143 184
person 0.0731 181 110 199 140
person 0.0716 387 83 486 187
person 0.0713 426 97 461 132
person 0.0713 201 128 217 164
person 0.0706 473 141 500 189
person 0.0703 308 93 408 206
person 0.0703 247 113 262 127
person 0.0694 66 122 96 174
person 0.0679 230 118 266 142
person 0.0678 99 148 112 174
person 0.0674 311 94 361 163
person 0.0673 241 114 255 131
person 0.0640 421 145 469 206
person 0.0633 433 156 487 214
person 0.0625 200 111 255 177
person 0.0622 114 141 143 184
person 0.0617 127 154 147 186
person 0.0612 269 117 286 131
person 0.0611 425 98 458 115
person 0.0609 433 95 475 120
person 0.0607 282 116 301 135
person 0.0595 154 116 180 178
person 0.0595 263 115 278 131
person 0.0591 329 100 367 159
person 0.0582 467 133 500 174
person 0.0582 300 110 317 132
person 0.0582 94 142 113 179
person 0.0581 384 149 445 218
person 0.0577 410 95 465 118
person 0.0572 450 98 474 121
person 0.0562 187 122 207 172
person 0.0558 404 99 469 157
person 0.0547 292 112 308 132
person 0.0545 239 104 295 154
person 0.0540 302 101 335 138
person 0.0537 331 105 350 133
person 0.0531 257 113 298 137
person 0.0527 409 128 500 184
person 0.0526 450 155 500 208
person 0.0520 129 113 148 145
person 0.0511 180 169 198 192
person 0.0510 194 111 221 153
person 0.0509 81 124 96 154
person 0.0505 106 157 143 187
person 0.0503 84 137 111 188
person 0.0500 227 113 273 134
person 0.0499 74 132 103 184
person 0.0496 437 107 460 138
person 0.0487 240 111 271 124
person 0.0483 251 115 284 130
person 0.0482 268 96 312 139
person 0.0481 444 89 489 130
person 0.0480 118 153 136 182
person 0.0477 201 117 231 140
person 0.0475 392 145 438 194
person 0.0472 96 124 128 179
person 0.0467 228 120 238 130
person 0.0462 319 113 342 149
person 0.0457 96 128 114 157
person 0.0450 77 127 99 168
person 0.0449 172 170 185 185
person 0.0447 186 112 207 149
person 0.0446 445 98 467 115
person 0.0440 294 110 328 133
person 0.0437 81 113 126 185
person 0.0436 256 123 284 140
person 0.0435 380 117 455 195
person 0.0429 73 126 92 158
person 0.0425 64 131 85 173
person 0.0422 252 113 269 127
person 0.0420 425 105 462 152
person 0.0417 132 96 201 205
person 0.0416 286 116 312 134
person 0.0414 441 100 468 132
person 0.0413 233 114 249 126
person 0.0413 221 109 258 144
person 0.0412 192 115 206 142
person 0.0412 454 112 475 142
person 0.0409 456 197 474 222
person 0.0408 299 105 341 164
person 0.0407 449 134 499 189
person 0.0402 462 115 500 160
person 0.0399 288 76 301 103
person 0.0397 93 157 119 192
person 0.0395 82 124 111 171
person 0.0395 234 94 280 137
person 0.0394 290 117 301 129
person 0.0394 120 118 136 163
person 0.0394 153 161 169 184
person 0.0390 228 116 253 129
person 0.0389 178 111 194 129
person 0.0385 410 143 451 196
person 0.0376 131 113 147 128
person 0.0373 91 127 106 153
person 0.0372 479 135 500 157
person 0.0369 268 114 312 160
person 0.0362 238 110 282 128
person 0.0360 452 103 475 133
person 0.0356 278 118 293 131
person 0.0353 92 122 119 166
person 0.0351 251 89 296 134
person 0.0349 469 165 500 218
person 0.0348 342 102 380 144
person 0.0347 219 119 235 130
person 0.0346 313 143 407 233
person 0.0346 104 153 120 175
person 0.0342 219 112 242 136
person 0.0341 274 114 324 138
person 0.0340 83 138 98 170
person 0.0339 93 148 105 173
person 0.0338 142 136 173 185
person 0.0336 216 123 244 138
person 0.0336 237 123 275 140
person 0.0336 85 160 100 184
person 0.0332 290 112 339 143
person 0.0332 124 118 136 146
person 0.0329 345 103 363 133
person 0.0329 442 177 487 239
person 0.0327 458 111 488 145
person 0.0327 362 133 436 200
person 0.0325 332 99 388 169
person 0.0325 470 137 496 159
person 0.0323 290 78 309 108
person 0.0323 109 133 133 179
person 0.0320 308 100 356 134
person 0.0320 117 155 156 187
person 0.0319 175 161 204 200
person 0.0319 431 113 471 162
person 0.0319 179 148 211 193
person 0.0312 409 168 475 238
person 0.0312 133 150 163 187
person 0.0310 209 118 226 131
person 0.0310 66 127 86 153
person 0.0310 395 98 451 137
person 0.0309 326 114 351 152
person 0.0308 70 113 95 151
person 0.0308 165 137 193 186
person 0.0307 178 174 193 196
person 0.0306 183 112 198 124
person 0.0305 371 110 385 136
person 0.0305 89 161 110 191
person 0.0304 75 119 93 145
person 0.0303 430 96 468 110
person 0.0303 89 140 105 166
person 0.0301 160 163 174 182
person 0.0300 466 158 499 193
person 0.0300 280 107 304 133
person 0.0296 425 101 450 122
person 0.0295 167 155 188 185
person 0.0293 378 140 428 184
person 0.0292 454 190 475 214
person 0.0292 254 112 285 123
person 0.0291 431 103 458 126
person 0.0291 172 116 182 140
person 0.0289 82 153 105 186
person 0.0289 136 108 151 122
person 0.0287 228 116 242 125
person 0.0287 353 109 371 136
person 0.0286 448 201 468 222
person 0.0286 293 90 327 134
person 0.0283 445 114 467 144
person 0.0282 266 114 277 124
person 0.0282 316 123 335 149
person 0.0280 221 120 229 128
person 0.0280 137 125 161 176
person 0.0279 147 109 175 169
person 0.0279 197 132 218 182
person 0.0279 460 108 483 132
person 0.0279 104 125 119 156
person 0.0277 420 141 444 156
person 0.0277 244 117 254 125
person 0.0277 178 110 237 164
person 0.0276 341 109 365 154
person 0.0275 224 129 262 158
person 0.0275 168 113 184 156
person 0.0274 192 123 206 155
person 0.0273 73 137 89 171
person 0.0272 186 165 205 186
person 0.0272 295 113 312 127
person 0.0272 437 199 461 223
person 0.0271 204 118 213 129
person 0.0271 183 119 241 214
person 0.0271 469 153 497 179
person 0.0269 118 124 131 156
person 0.0269 391 107 451 168
person 0.0268 134 113 146 123
person 0.0265 131 108 154 135
person 0.0264 350 99 443 183
person 0.0263 85 148 98 179
person 0.0263 373 159 427 215
person 0.0263 434 111 454 135
person 0.0263 96 146 140 194
person 0.0261 460 98 482 120
person 0.0260 448 194 468 212
person 0.0260 449 182 481 225
person 0.0260 469 147 498 169
person 0.0260 123 112 142 148
person 0.0259 451 35 494 71
person 0.0256 457 246 477 265
person 0.0254 50 118 86 171
person 0.0253 271 113 284 125
person 0.0253 201 111 253 139
person 0.0252 361 107 385 138
person 0.0251 394 125 438 173
person 0.0251 161 169 179 183
person 0.0251 332 165 349 185
person 0.0251 156 145 177 183
person 0.0251 133 163 154 188
person 0.0250 438 187 460 209
person 0.0249 202 117 218 131
person 0.0248 394 153 426 187
person 0.0248 232 127 253 155
person 0.0247 468 126 495 150
person 0.0247 476 169 500 198
person 0.0246 176 113 217 150
person 0.0245 256 104 282 130
person 0.0244 189 151 226 199
person 0.0243 453 43 474 69
person 0.0243 118 119 173 199
person 0.0242 125 116 138 132
person 0.0241 456 95 490 124
person 0.0241 236 117 244 125
person 0.0239 211 119 220 129
person 0.0239 366 111 381 131
person 0.0239 453 174 496 220
person 0.0238 324 105 340 123
person 0.0237 173 168 203 183
person 0.0236 428 203 456 225
person 0.0235 165 123 184 171
person 0.0235 97 167 113 192
person 0.0234 275 116 296 127
person 0.0233 59 133 76 155
person 0.0233 422 182 465 233
person 0.0232 266 103 290 131
person 0.0232 217 115 256 132
person 0.0232 423 123 467 175
person 0.0231 164 168 195 189
person 0.0231 117 164 136 187
person 0.0230 234 113 256 121
person 0.0229 290 80 300 91
person 0.0229 173 175 185 191
person 0.0228 192 177 208 202
person 0.0228 303 114 335 129
person 0.0228 411 103 456 129
pottedplant 0.0288 38 0 173 146
pottedplant 0.0245 66 5 162 104
train 0.1349 95 68 500 230
train 0.0459 279 30 500 128
train 0.0452 168 75 337 196
train 0.0337 214 85 307 142
train 0.0322 10 100 214 192
train 0.0309 195 69 478 165
train 0.0297 89 89 264 195
train 0.0232 240 79 333 135
train 0.0232 40 26 468 184
train 0.0200 181 110 500 265
tvmonitor 0.0332 465 78 500 122
tvmonitor 0.0288 11 115 75 149
tvmonitor 0.0280 0 115 43 151
tvmonitor 0.0275 445 88 499 116
tvmonitor 0.0251 0 0 120 142
tvmonitor 0.0234 0 120 20 153
tvmonitor 0.0221 0 0 56 113
tvmonitor 0.0205 467 96 496 114
