aeroplane 0.0745 0 0 500 312
boat 0.0288 363 134 399 154
boat 0.0273 12 0 197 273
boat 0.0245 76 100 211 192
boat 0.0212 250 116 298 157
bottle 0.0396 339 187 356 226
bottle 0.0266 373 133 398 155
bus 0.0311 83 119 203 193
bus 0.0264 251 116 296 159
bus 0.0244 53 57 217 226
car 0.1742 72 164 111 188
car 0.0765 68 163 129 198
car 0.0741 67 162 186 200
car 0.0706 189 174 214 198
car 0.0586 121 158 188 186
car 0.0495 73 163 98 182
car 0.0483 69 114 216 215
car 0.0476 157 157 189 188
car 0.0460 79 161 101 178
car 0.0445 78 163 119 178
car 0.0409 72 152 121 182
car 0.0391 82 154 208 232
car 0.0373 330 196 448 251
car 0.0340 77 165 139 184
car 0.0337 125 167 170 182
car 0.0335 137 164 188 183
car 0.0331 74 158 110 174
car 0.0323 107 140 193 191
car 0.0313 138 162 191 201
car 0.0308 103 147 242 208
car 0.0308 186 174 202 198
car 0.0294 71 164 111 213
car 0.0290 72 167 100 195
car 0.0285 115 162 161 185
car 0.0284 102 171 195 206
car 0.0282 136 155 190 178
car 0.0277 116 167 149 182
car 0.0274 13 47 216 208
car 0.0274 72 134 132 193
car 0.0267 77 167 160 192
car 0.0265 7 32 296 311
car 0.0259 122 172 167 186
car 0.0252 249 147 270 158
car 0.0251 76 162 93 176
car 0.0248 10 257 500 334
car 0.0247 88 167 132 181
car 0.0245 127 162 173 178
car 0.0241 62 162 107 180
car 0.0240 163 169 187 197
car 0.0238 154 153 199 198
car 0.0238 22 117 219 262
car 0.0233 109 163 173 194
car 0.0230 241 148 262 158
car 0.0223 14 164 173 228
car 0.0223 76 145 105 177
car 0.0220 119 163 141 179
car 0.0220 234 149 254 158
car 0.0216 82 152 98 171
car 0.0215 257 148 273 161
car 0.0214 71 180 111 197
car 0.0214 174 170 216 200
car 0.0213 94 163 130 176
car 0.0213 98 120 143 138
car 0.0211 156 170 193 187
car 0.0209 126 163 150 179
car 0.0203 92 158 114 181
chair 0.2096 2 224 154 332
chair 0.1399 388 228 500 324
chair 0.1135 20 225 257 313
chair 0.1101 17 267 407 334
chair 0.1026 181 274 459 332
chair 0.0905 303 225 481 298
chair 0.0764 7 282 170 333
chair 0.0762 293 259 491 331
chair 0.0761 0 225 75 330
chair 0.0753 138 223 469 308
chair 0.0741 25 233 129 296
chair 0.0677 76 234 354 329
chair 0.0668 279 142 328 238
chair 0.0665 329 235 456 276
chair 0.0653 281 198 307 232
chair 0.0604 283 181 324 240
chair 0.0589 5 134 166 324
chair 0.0566 1 271 85 333
chair 0.0558 322 224 416 272
chair 0.0538 60 282 302 331
chair 0.0517 444 227 500 333
chair 0.0510 309 206 446 281
chair 0.0466 420 267 499 334
chair 0.0456 1 223 50 305
chair 0.0440 95 229 321 294
chair 0.0432 364 225 500 280
chair 0.0429 316 245 411 282
chair 0.0424 336 204 424 261
chair 0.0400 278 200 297 231
chair 0.0387 287 160 470 321
chair 0.0382 38 253 137 327
chair 0.0381 287 168 341 248
chair 0.0377 241 245 432 325
chair 0.0371 297 195 336 248
chair 0.0371 69 235 128 288
chair 0.0359 336 211 491 266
chair 0.0352 0 228 104 279
chair 0.0346 367 231 462 263
chair 0.0342 360 243 465 334
chair 0.0339 276 197 314 246
chair 0.0338 53 198 220 288
chair 0.0326 294 201 319 245
chair 0.0325 356 200 404 242
chair 0.0324 401 229 494 263
chair 0.0315 219 221 379 299
chair 0.0314 8 298 113 332
chair 0.0312 0 175 107 315
chair 0.0305 315 207 356 259
chair 0.0303 446 224 500 267
chair 0.0303 352 184 500 329
chair 0.0302 354 241 436 282
chair 0.0302 0 246 115 310
chair 0.0301 320 215 394 258
chair 0.0298 212 216 413 268
chair 0.0291 316 239 402 266
chair 0.0288 0 248 44 333
chair 0.0287 69 227 192 331
chair 0.0284 345 276 448 333
chair 0.0278 329 197 375 250
chair 0.0274 316 189 403 271
chair 0.0270 359 215 432 277
chair 0.0270 202 200 322 268
chair 0.0266 351 246 475 293
chair 0.0261 279 169 313 232
chair 0.0259 82 212 253 269
chair 0.0258 1 224 69 270
chair 0.0254 339 197 356 226
chair 0.0252 303 205 327 248
chair 0.0252 113 291 373 334
chair 0.0250 319 187 352 243
chair 0.0249 347 241 395 283
chair 0.0249 281 208 329 252
chair 0.0248 55 205 152 300
chair 0.0245 41 230 128 264
chair 0.0245 274 186 331 277
chair 0.0245 281 212 388 314
chair 0.0243 289 183 379 284
chair 0.0242 317 259 398 288
chair 0.0238 45 290 132 331
chair 0.0236 335 234 418 261
chair 0.0234 471 226 500 293
chair 0.0232 383 278 481 333
chair 0.0232 308 174 359 250
chair 0.0224 352 218 440 250
chair 0.0222 337 190 369 233
chair 0.0221 72 219 130 256
chair 0.0220 300 212 340 268
chair 0.0216 396 226 475 293
chair 0.0216 267 234 424 282
chair 0.0215 78 228 141 267
chair 0.0215 343 199 364 227
chair 0.0215 270 204 285 230
chair 0.0214 428 221 496 291
chair 0.0213 341 263 452 310
chair 0.0213 430 220 494 256
chair 0.0213 99 210 236 324
chair 0.0212 104 191 377 300
chair 0.0212 364 236 427 268
chair 0.0211 29 216 136 275
chair 0.0209 442 294 500 334
chair 0.0206 281 253 418 296
chair 0.0204 76 237 214 293
chair 0.0204 401 200 422 233
chair 0.0203 388 215 477 261
chair 0.0202 368 255 492 310
chair 0.0201 213 201 283 231
chair 0.0200 350 201 458 245
chair 0.0200 313 232 367 278
diningtable 0.0378 144 211 488 302
person 0.0866 349 263 394 282
person 0.0651 357 131 370 155
person 0.0516 328 174 492 334
person 0.0432 328 253 398 281
person 0.0430 0 9 437 328
person 0.0406 246 150 253 160
person 0.0402 293 118 307 134
person 0.0391 371 134 399 154
person 0.0384 0 225 45 282
person 0.0365 260 147 268 159
person 0.0363 402 139 423 153
person 0.0356 251 150 259 160
person 0.0318 352 134 366 156
person 0.0316 242 148 253 162
person 0.0314 352 256 420 281
person 0.0303 340 180 355 221
person 0.0295 262 138 275 159
person 0.0294 460 0 499 39
person 0.0291 259 139 268 156
person 0.0287 12 22 185 301
person 0.0287 251 145 259 157
person 0.0287 360 136 369 150
person 0.0281 358 133 384 154
person 0.0269 443 0 488 55
person 0.0258 238 153 245 161
person 0.0257 386 137 419 152
person 0.0257 296 122 306 132
person 0.0255 336 186 348 225
person 0.0248 343 185 364 222
person 0.0242 355 190 371 218
person 0.0237 248 148 260 163
person 0.0236 478 0 500 37
person 0.0236 247 148 257 157
person 0.0229 344 180 363 206
person 0.0227 221 152 227 161
person 0.0227 253 148 263 158
person 0.0216 93 239 134 292
person 0.0212 404 140 440 154
person 0.0210 234 150 250 160
person 0.0207 456 2 471 40
person 0.0206 218 149 228 164
person 0.0203 115 158 129 176
person 0.0202 367 264 408 281
person 0.0202 108 155 121 176
person 0.0202 288 117 303 139
person 0.0201 290 122 302 135
person 0.0200 337 178 347 212
sofa 0.4628 10 233 485 334
sofa 0.3178 2 223 132 333
sofa 0.2527 347 223 500 329
sofa 0.1376 215 239 490 326
sofa 0.0706 58 177 475 317
sofa 0.0668 324 214 484 281
sofa 0.0637 252 203 500 305
sofa 0.0607 6 199 197 316
sofa 0.0414 11 167 295 318
sofa 0.0413 8 233 127 292
sofa 0.0353 56 220 271 334
sofa 0.0276 17 213 177 278
sofa 0.0248 102 215 380 280
sofa 0.0241 0 27 348 334
train 0.0514 11 0 265 245
train 0.0309 5 72 500 332
train 0.0279 0 4 233 129
train 0.0224 32 55 224 206
tvmonitor 0.7143 214 156 282 223
tvmonitor 0.1295 352 173 426 197
tvmonitor 0.1172 277 126 333 238
tvmonitor 0.1171 342 169 430 215
tvmonitor 0.1039 242 146 328 225
tvmonitor 0.0901 349 196 413 234
tvmonitor 0.0796 288 148 445 251
tvmonitor 0.0772 161 152 285 214
tvmonitor 0.0732 340 154 436 199
tvmonitor 0.0730 276 150 384 236
tvmonitor 0.0666 334 184 428 246
tvmonitor 0.0595 199 125 294 231
tvmonitor 0.0573 315 173 473 275
tvmonitor 0.0558 220 155 280 194
tvmonitor 0.0525 343 187 424 221
tvmonitor 0.0514 360 201 401 226
tvmonitor 0.0493 270 132 317 211
tvmonitor 0.0489 367 175 408 196
tvmonitor 0.0467 204 156 327 246
tvmonitor 0.0459 206 190 285 231
tvmonitor 0.0450 273 169 313 233
tvmonitor 0.0442 189 174 216 197
tvmonitor 0.0436 255 116 289 160
tvmonitor 0.0406 339 192 356 225
tvmonitor 0.0385 281 127 326 192
tvmonitor 0.0385 330 162 476 236
tvmonitor 0.0376 216 165 266 204
tvmonitor 0.0357 106 136 224 213
tvmonitor 0.0349 214 130 396 238
tvmonitor 0.0343 355 197 371 226
tvmonitor 0.0343 221 131 312 207
tvmonitor 0.0343 339 172 400 206
tvmonitor 0.0328 112 122 304 232
tvmonitor 0.0327 337 182 365 227
tvmonitor 0.0321 245 158 283 209
tvmonitor 0.0317 242 171 349 247
tvmonitor 0.0308 214 177 283 211
tvmonitor 0.0287 283 169 313 212
tvmonitor 0.0286 374 179 423 197
tvmonitor 0.0286 333 194 386 236
tvmonitor 0.0283 264 122 414 278
tvmonitor 0.0281 347 198 383 226
tvmonitor 0.0277 281 167 346 235
tvmonitor 0.0275 0 91 69 214
tvmonitor 0.0271 178 173 459 269
tvmonitor 0.0268 267 125 319 172
tvmonitor 0.0268 237 156 280 181
tvmonitor 0.0262 318 162 403 254
tvmonitor 0.0258 249 157 276 174
tvmonitor 0.0256 342 198 366 224
tvmonitor 0.0256 257 127 281 161
tvmonitor 0.0255 358 192 404 217
tvmonitor 0.0252 350 180 398 227
tvmonitor 0.0252 130 162 296 255
tvmonitor 0.0250 181 168 292 237
tvmonitor 0.0249 216 157 263 183
tvmonitor 0.0247 248 116 297 187
tvmonitor 0.0247 223 181 305 236
tvmonitor 0.0246 355 181 419 202
tvmonitor 0.0244 402 203 418 231
tvmonitor 0.0244 332 159 382 231
tvmonitor 0.0243 346 143 418 186
tvmonitor 0.0239 206 209 287 238
tvmonitor 0.0238 168 160 218 201
tvmonitor 0.0237 302 152 357 237
tvmonitor 0.0236 338 165 369 211
tvmonitor 0.0233 188 158 242 203
tvmonitor 0.0232 302 140 427 210
tvmonitor 0.0229 387 174 415 198
tvmonitor 0.0229 145 125 260 205
tvmonitor 0.0225 236 151 259 165
tvmonitor 0.0220 260 141 277 158
tvmonitor 0.0219 387 159 434 205
tvmonitor 0.0218 215 158 247 197
tvmonitor 0.0217 252 152 274 167
tvmonitor 0.0216 88 87 219 218
tvmonitor 0.0215 169 137 249 227
tvmonitor 0.0212 375 173 422 213
tvmonitor 0.0207 224 157 270 172
tvmonitor 0.0206 260 147 272 158
tvmonitor 0.0206 353 141 458 192
tvmonitor 0.0203 235 121 301 159
tvmonitor 0.0203 285 135 316 179
tvmonitor 0.0202 333 177 355 229
tvmonitor 0.0202 232 149 275 170
tvmonitor 0.0200 394 174 436 198
