bicycle 0.0782 352 248 416 371
bicycle 0.0769 347 229 464 371
bicycle 0.0605 25 217 446 366
bicycle 0.0485 190 143 432 357
bicycle 0.0415 0 111 476 357
bicycle 0.0399 340 295 487 369
bicycle 0.0392 348 247 387 359
bicycle 0.0320 49 170 364 279
bicycle 0.0314 277 198 483 371
bicycle 0.0267 251 253 414 370
bicycle 0.0234 11 159 150 275
bicycle 0.0211 65 178 265 251
bird 0.0454 188 109 364 353
bird 0.0373 170 355 211 371
bird 0.0359 293 224 319 266
bird 0.0349 115 194 387 368
bird 0.0257 189 194 330 254
bird 0.0229 188 197 233 246
boat 0.0479 357 247 434 371
boat 0.0377 350 297 481 371
boat 0.0319 19 2 361 248
boat 0.0262 63 177 146 266
boat 0.0255 348 332 442 369
boat 0.0253 383 220 445 340
boat 0.0241 412 220 485 337
boat 0.0237 353 220 416 334
boat 0.0225 51 176 219 255
boat 0.0221 345 223 387 308
boat 0.0201 362 230 430 304
bottle 0.1567 341 200 367 246
bottle 0.1253 452 0 499 28
bottle 0.0953 298 224 322 263
bottle 0.0746 382 311 411 371
bottle 0.0693 481 3 500 34
bottle 0.0620 98 194 113 238
bottle 0.0588 373 229 396 276
bottle 0.0573 394 253 463 366
bottle 0.0566 347 208 371 258
bottle 0.0553 431 0 496 39
bottle 0.0539 382 339 407 371
bottle 0.0477 29 205 42 251
bottle 0.0477 94 190 117 257
bottle 0.0439 331 158 370 229
bottle 0.0425 303 173 326 207
bottle 0.0419 30 199 73 276
bottle 0.0419 26 204 49 278
bottle 0.0415 374 352 416 370
bottle 0.0409 392 316 422 371
bottle 0.0407 394 232 424 309
bottle 0.0406 487 6 500 45
bottle 0.0402 69 182 127 265
bottle 0.0402 391 263 413 326
bottle 0.0387 372 336 419 371
bottle 0.0386 468 9 493 37
bottle 0.0376 67 203 100 265
bottle 0.0372 295 224 313 261
bottle 0.0370 386 232 400 272
bottle 0.0366 343 215 377 274
bottle 0.0366 112 184 145 247
bottle 0.0358 446 9 490 30
bottle 0.0354 393 234 416 284
bottle 0.0348 380 231 395 263
bottle 0.0340 400 329 420 371
bottle 0.0338 87 173 147 259
bottle 0.0334 142 180 166 229
bottle 0.0333 337 204 367 227
bottle 0.0328 471 0 500 48
bottle 0.0320 372 229 388 263
bottle 0.0319 447 0 481 19
bottle 0.0318 407 330 427 371
bottle 0.0307 341 212 358 249
bottle 0.0304 402 234 418 276
bottle 0.0303 189 200 233 243
bottle 0.0294 40 188 92 273
bottle 0.0294 347 229 384 297
bottle 0.0290 139 196 152 231
bottle 0.0280 387 274 407 331
bottle 0.0280 390 345 413 371
bottle 0.0276 451 0 494 13
bottle 0.0272 364 225 378 259
bottle 0.0267 332 181 373 262
bottle 0.0266 365 352 398 371
bottle 0.0263 359 220 381 265
bottle 0.0263 32 204 48 241
bottle 0.0262 376 232 409 292
bottle 0.0261 345 228 367 265
bottle 0.0260 308 225 329 260
bottle 0.0259 416 290 468 366
bottle 0.0258 393 310 410 357
bottle 0.0254 395 234 410 266
bottle 0.0253 446 0 469 28
bottle 0.0250 353 219 391 274
bottle 0.0250 142 200 161 231
bottle 0.0248 360 306 401 370
bottle 0.0248 404 234 429 282
bottle 0.0247 440 0 498 81
bottle 0.0246 131 178 163 239
bottle 0.0243 304 167 337 223
bottle 0.0240 399 318 466 369
bottle 0.0238 124 187 148 240
bottle 0.0237 297 216 335 266
bottle 0.0229 373 226 423 322
bottle 0.0229 44 211 72 272
bottle 0.0227 361 230 402 299
bottle 0.0226 359 343 404 371
bottle 0.0225 378 323 398 369
bottle 0.0224 93 193 108 224
bottle 0.0223 112 196 131 239
bottle 0.0221 65 174 109 250
bottle 0.0221 458 232 492 312
bottle 0.0217 361 216 377 249
bottle 0.0215 310 175 369 224
bottle 0.0213 333 132 366 211
bottle 0.0212 311 172 332 208
bottle 0.0211 81 142 98 174
bottle 0.0211 101 192 117 228
bottle 0.0209 89 189 111 233
bottle 0.0209 100 200 119 246
bottle 0.0205 190 205 225 230
bottle 0.0204 119 195 139 241
bottle 0.0204 342 224 356 256
bottle 0.0203 97 177 128 246
bottle 0.0201 55 215 77 269
bottle 0.0200 333 201 353 231
car 0.2473 0 24 114 200
car 0.1550 113 58 166 107
car 0.1163 116 62 208 109
car 0.1045 97 0 316 116
car 0.0819 140 71 218 126
car 0.0789 129 60 253 117
car 0.0786 0 54 105 142
car 0.0772 158 78 214 112
car 0.0652 154 67 235 107
car 0.0487 68 4 390 173
car 0.0474 115 75 181 112
car 0.0433 182 83 213 108
car 0.0430 168 85 233 113
car 0.0414 119 90 173 114
car 0.0404 0 7 207 213
car 0.0352 67 28 260 123
car 0.0352 103 56 289 139
car 0.0340 167 59 231 95
car 0.0334 106 41 233 102
car 0.0325 157 85 202 106
car 0.0313 112 60 158 88
car 0.0263 121 91 194 127
car 0.0231 115 86 160 107
car 0.0216 157 64 213 91
car 0.0214 134 84 189 109
car 0.0211 112 62 134 91
car 0.0207 11 166 164 243
cat 0.0345 447 320 500 371
cat 0.0267 445 353 500 370
chair 0.4443 285 2 415 130
chair 0.2949 422 21 500 152
chair 0.1641 244 4 407 196
chair 0.1427 323 12 485 143
chair 0.1223 0 304 90 371
chair 0.1163 180 0 411 117
chair 0.1071 280 0 413 63
chair 0.0979 308 44 405 125
chair 0.0935 218 38 403 134
chair 0.0881 440 63 499 157
chair 0.0834 367 51 493 147
chair 0.0776 203 57 241 107
chair 0.0728 0 28 111 267
chair 0.0727 301 61 448 138
chair 0.0613 251 0 462 96
chair 0.0609 280 47 389 160
chair 0.0581 3 245 90 366
chair 0.0576 351 254 380 327
chair 0.0575 347 12 412 115
chair 0.0575 296 24 409 83
chair 0.0555 190 59 227 108
chair 0.0555 259 5 362 125
chair 0.0548 429 313 500 371
chair 0.0525 210 59 235 95
chair 0.0516 223 63 240 100
chair 0.0498 288 49 379 111
chair 0.0492 133 0 354 89
chair 0.0480 355 262 410 371
chair 0.0465 210 136 370 236
chair 0.0451 203 64 228 99
chair 0.0429 394 299 493 371
chair 0.0407 300 71 375 125
chair 0.0406 9 126 89 281
chair 0.0401 374 0 470 121
chair 0.0391 354 48 405 123
chair 0.0390 441 261 500 368
chair 0.0384 193 176 356 255
chair 0.0376 325 143 371 228
chair 0.0360 196 66 219 101
chair 0.0351 453 228 496 333
chair 0.0342 327 83 399 129
chair 0.0338 3 282 70 359
chair 0.0338 0 340 85 370
chair 0.0336 182 78 242 111
chair 0.0329 349 306 425 370
chair 0.0322 275 33 466 172
chair 0.0322 404 0 500 106
chair 0.0320 178 60 239 94
chair 0.0319 346 0 417 72
chair 0.0315 198 0 306 96
chair 0.0312 228 68 250 98
chair 0.0304 317 0 477 71
chair 0.0303 212 73 251 111
chair 0.0303 252 66 374 142
chair 0.0297 3 121 150 260
chair 0.0297 294 41 386 68
chair 0.0296 366 5 422 98
chair 0.0289 0 281 142 371
chair 0.0286 6 195 56 283
chair 0.0284 178 69 219 104
chair 0.0282 204 75 226 109
chair 0.0275 363 313 465 370
chair 0.0274 203 87 245 113
chair 0.0273 3 65 114 179
chair 0.0269 357 271 385 345
chair 0.0269 436 339 500 371
chair 0.0268 417 309 472 371
chair 0.0265 403 331 492 369
chair 0.0264 429 79 481 149
chair 0.0263 360 286 393 371
chair 0.0259 287 12 359 95
chair 0.0258 351 262 375 304
chair 0.0257 368 261 457 371
chair 0.0255 21 171 138 270
chair 0.0253 273 54 348 108
chair 0.0249 456 23 500 119
chair 0.0244 211 60 265 95
chair 0.0242 437 39 490 130
chair 0.0239 345 241 379 302
chair 0.0239 324 35 412 69
chair 0.0238 460 67 500 138
chair 0.0238 23 205 69 275
chair 0.0237 48 165 170 254
chair 0.0232 276 0 395 36
chair 0.0232 374 48 417 120
chair 0.0232 4 209 102 325
chair 0.0229 3 286 77 323
chair 0.0229 391 68 480 133
chair 0.0228 327 335 418 369
chair 0.0227 205 69 241 92
chair 0.0224 355 37 414 96
chair 0.0218 275 2 359 57
chair 0.0217 287 32 351 76
chair 0.0215 316 45 409 90
chair 0.0215 390 85 500 153
chair 0.0214 324 264 396 371
chair 0.0212 406 30 500 225
chair 0.0212 426 104 498 156
chair 0.0207 0 161 274 350
chair 0.0206 187 73 215 99
chair 0.0206 282 46 365 85
chair 0.0206 244 40 391 98
chair 0.0203 349 238 422 345
chair 0.0202 385 42 445 126
chair 0.0201 0 277 47 343
chair 0.0201 443 226 486 307
chair 0.0201 241 68 421 168
chair 0.0200 313 14 416 57
diningtable 0.0841 212 6 407 154
diningtable 0.0291 88 0 422 206
diningtable 0.0215 0 161 435 368
diningtable 0.0206 241 56 481 172
diningtable 0.0205 424 7 498 85
dog 0.0422 443 328 500 371
dog 0.0260 449 354 500 370
motorbike 0.1011 355 220 481 371
motorbike 0.0902 102 0 300 119
motorbike 0.0568 413 221 491 362
person 0.8368 207 66 368 240
person 0.2629 175 71 365 350
person 0.1781 113 57 167 106
person 0.1498 147 95 191 135
person 0.1350 168 16 357 197
person 0.1293 234 23 399 204
person 0.1003 150 97 173 128
person 0.1003 117 36 292 114
person 0.0950 163 65 346 153
person 0.0945 450 0 499 26
person 0.0900 155 80 198 127
person 0.0894 248 40 289 69
person 0.0891 110 4 322 134
person 0.0880 163 93 188 126
person 0.0870 111 28 178 110
person 0.0815 361 239 429 371
person 0.0777 138 72 190 125
person 0.0774 146 65 216 111
person 0.0771 114 56 145 96
person 0.0763 38 147 401 362
person 0.0755 212 63 270 112
person 0.0682 200 57 254 101
person 0.0681 148 98 187 118
person 0.0673 177 63 241 109
person 0.0673 210 65 322 137
person 0.0666 150 91 171 117
person 0.0644 142 59 278 138
person 0.0639 391 252 418 327
person 0.0636 216 52 241 97
person 0.0626 113 58 133 91
person 0.0619 194 57 290 121
person 0.0588 132 54 182 108
person 0.0584 160 88 191 114
person 0.0584 148 76 227 132
person 0.0566 229 28 286 68
person 0.0566 67 14 372 323
person 0.0559 232 67 257 109
person 0.0556 126 53 161 94
person 0.0540 202 54 231 95
person 0.0537 225 63 249 106
person 0.0528 231 65 280 129
person 0.0528 119 57 200 135
person 0.0525 250 45 274 72
person 0.0523 29 203 72 276
person 0.0517 387 230 443 356
person 0.0513 194 17 291 98
person 0.0511 222 55 288 98
person 0.0499 96 192 116 252
person 0.0499 230 67 311 108
person 0.0498 190 55 228 105
person 0.0493 377 235 419 345
person 0.0486 309 106 370 225
person 0.0470 124 58 165 78
person 0.0462 239 63 265 105
person 0.0460 200 68 297 192
person 0.0460 144 57 173 100
person 0.0460 0 69 21 100
person 0.0459 421 256 496 368
person 0.0459 126 87 193 118
person 0.0444 136 98 173 114
person 0.0442 187 82 212 109
person 0.0442 147 77 174 114
person 0.0442 208 118 347 301
person 0.0440 213 49 261 92
person 0.0429 157 56 201 106
person 0.0425 164 83 206 108
person 0.0423 170 55 225 92
person 0.0422 133 70 167 113
person 0.0420 272 40 294 70
person 0.0418 156 45 236 99
person 0.0411 162 76 249 115
person 0.0408 114 49 131 81
person 0.0405 206 52 225 77
person 0.0403 134 39 226 123
person 0.0400 244 42 281 89
person 0.0400 111 44 164 88
person 0.0400 141 55 164 85
person 0.0399 66 43 258 254
person 0.0399 398 242 428 330
person 0.0398 164 56 205 73
person 0.0396 29 205 43 243
person 0.0395 280 76 361 215
person 0.0395 221 37 290 82
person 0.0387 206 71 255 133
person 0.0386 174 74 217 112
person 0.0386 152 56 170 82
person 0.0386 231 47 282 71
person 0.0381 197 57 220 89
person 0.0371 225 148 405 369
person 0.0370 143 91 179 111
person 0.0369 458 244 496 330
person 0.0366 0 25 106 311
person 0.0366 221 52 240 81
person 0.0365 159 56 181 76
person 0.0365 165 15 262 115
person 0.0362 155 57 182 99
person 0.0357 406 244 445 333
person 0.0356 218 80 269 146
person 0.0353 325 146 478 370
person 0.0349 158 65 250 171
person 0.0346 11 166 87 304
person 0.0344 157 86 181 110
person 0.0343 75 142 363 262
person 0.0342 114 61 160 84
person 0.0340 136 53 155 77
person 0.0338 443 225 499 350
person 0.0337 134 99 182 123
person 0.0337 246 59 273 99
person 0.0336 248 61 296 116
person 0.0335 155 57 168 74
person 0.0333 124 55 149 84
person 0.0332 206 160 362 221
person 0.0328 173 42 281 89
person 0.0328 0 65 32 94
person 0.0328 121 35 150 77
person 0.0327 395 193 492 366
person 0.0323 387 266 407 324
person 0.0323 255 21 293 70
person 0.0322 130 32 145 61
person 0.0321 164 55 177 73
person 0.0318 205 50 240 81
person 0.0318 213 47 324 108
person 0.0317 146 50 161 70
person 0.0315 222 73 242 110
person 0.0315 131 45 145 67
person 0.0314 67 196 107 268
person 0.0314 63 106 275 320
person 0.0314 137 47 152 69
person 0.0313 29 154 124 276
person 0.0311 400 260 418 312
person 0.0311 177 57 219 74
person 0.0308 160 53 190 91
person 0.0308 236 52 274 82
person 0.0307 80 193 116 261
person 0.0307 130 38 158 78
person 0.0304 163 76 187 106
person 0.0303 61 167 157 270
person 0.0301 228 80 250 112
person 0.0299 45 201 86 273
person 0.0297 361 245 401 330
person 0.0296 129 53 146 75
person 0.0293 137 94 217 139
person 0.0293 148 58 176 75
person 0.0293 110 175 155 247
person 0.0292 426 0 488 29
person 0.0292 208 46 276 77
person 0.0292 119 44 136 71
person 0.0291 244 57 280 75
person 0.0290 25 204 52 278
person 0.0288 242 61 269 87
person 0.0286 162 97 200 116
person 0.0285 241 35 269 65
person 0.0284 211 86 251 113
person 0.0281 110 39 136 94
person 0.0281 238 61 353 184
person 0.0280 192 54 224 68
person 0.0280 201 55 217 74
person 0.0277 158 58 214 83
person 0.0274 206 25 252 88
person 0.0274 186 53 245 88
person 0.0274 145 101 166 132
person 0.0274 116 52 140 75
person 0.0269 185 74 238 130
person 0.0269 93 10 228 135
person 0.0268 141 79 165 111
person 0.0267 245 51 267 74
person 0.0267 263 37 298 78
person 0.0265 169 52 193 76
person 0.0262 300 34 466 281
person 0.0259 97 184 137 258
person 0.0257 224 53 246 89
person 0.0256 202 53 232 68
person 0.0255 235 60 258 92
person 0.0255 147 45 172 81
person 0.0255 236 33 257 63
person 0.0255 260 133 373 222
person 0.0253 321 195 421 370
person 0.0252 140 55 171 71
person 0.0247 250 30 275 64
person 0.0246 120 54 157 71
person 0.0244 203 53 215 68
person 0.0244 206 0 422 298
person 0.0244 212 51 247 69
person 0.0244 443 266 487 338
person 0.0242 144 81 209 162
person 0.0242 216 41 243 79
person 0.0240 119 34 137 63
person 0.0240 481 0 500 34
person 0.0240 134 35 151 63
person 0.0239 121 65 154 102
person 0.0239 125 91 162 112
person 0.0239 191 65 266 156
person 0.0238 131 31 169 86
person 0.0238 198 56 234 76
person 0.0237 247 63 287 83
person 0.0234 254 66 353 130
person 0.0234 187 57 214 86
person 0.0233 476 0 500 20
person 0.0233 231 35 264 73
person 0.0233 150 18 216 96
person 0.0232 0 80 20 120
person 0.0232 199 89 231 111
person 0.0230 55 184 118 275
person 0.0230 115 29 143 71
person 0.0228 394 256 414 306
person 0.0227 112 48 213 95
person 0.0226 151 80 266 247
person 0.0226 179 52 202 72
person 0.0225 86 36 308 175
person 0.0221 178 57 204 83
person 0.0219 422 0 456 37
person 0.0219 114 36 129 66
person 0.0218 128 84 178 137
person 0.0218 163 45 207 91
person 0.0217 234 52 262 71
person 0.0216 116 68 141 105
person 0.0216 215 53 231 71
person 0.0216 189 31 232 88
person 0.0215 301 159 346 223
person 0.0215 125 25 148 63
person 0.0215 189 53 210 72
person 0.0215 163 56 187 69
person 0.0214 1 250 73 360
person 0.0214 248 55 296 91
person 0.0214 0 0 23 38
person 0.0213 404 256 425 316
person 0.0212 145 39 161 64
person 0.0212 474 258 500 333
person 0.0211 20 188 61 270
person 0.0211 153 92 254 141
person 0.0210 234 46 263 65
person 0.0209 312 55 396 203
person 0.0205 155 48 186 74
person 0.0202 243 76 262 116
person 0.0202 1 77 29 111
person 0.0202 208 50 226 66
person 0.0202 139 57 201 89
person 0.0201 236 24 297 94
person 0.0200 259 217 390 371
person 0.0200 266 46 290 75
pottedplant 0.0880 444 0 497 34
pottedplant 0.0734 186 0 292 82
pottedplant 0.0633 425 0 496 49
pottedplant 0.0562 227 9 289 72
pottedplant 0.0542 27 204 57 278
pottedplant 0.0510 170 46 185 69
pottedplant 0.0483 377 248 450 370
pottedplant 0.0426 34 201 68 266
pottedplant 0.0414 428 15 489 36
pottedplant 0.0405 165 39 188 73
pottedplant 0.0401 21 188 81 277
pottedplant 0.0365 30 203 50 257
pottedplant 0.0358 169 53 197 70
pottedplant 0.0354 423 0 497 96
pottedplant 0.0352 456 10 489 35
pottedplant 0.0331 367 252 419 370
pottedplant 0.0321 189 202 230 248
pottedplant 0.0304 166 31 202 74
pottedplant 0.0293 165 52 177 70
pottedplant 0.0288 40 205 60 244
pottedplant 0.0286 171 43 212 70
pottedplant 0.0282 394 284 471 368
pottedplant 0.0277 123 0 300 55
pottedplant 0.0271 182 49 200 68
pottedplant 0.0268 200 219 227 248
pottedplant 0.0259 360 278 392 346
pottedplant 0.0243 383 271 409 344
pottedplant 0.0242 422 18 468 35
pottedplant 0.0232 49 204 69 245
pottedplant 0.0230 162 41 177 67
pottedplant 0.0227 429 2 475 33
pottedplant 0.0227 170 36 194 66
pottedplant 0.0225 156 33 182 72
pottedplant 0.0220 231 34 299 70
pottedplant 0.0217 32 173 104 273
pottedplant 0.0216 242 0 299 55
pottedplant 0.0215 191 51 208 68
pottedplant 0.0210 46 201 77 268
pottedplant 0.0207 420 0 462 38
pottedplant 0.0204 206 10 258 73
pottedplant 0.0203 419 16 478 46
pottedplant 0.0202 242 20 280 64
sheep 0.0628 25 247 376 364
sheep 0.0283 3 281 293 371
sheep 0.0241 74 306 319 366
sheep 0.0219 118 342 229 369
sheep 0.0205 173 235 406 371
sofa 0.1261 1 302 89 371
sofa 0.0961 199 21 411 139
sofa 0.0522 110 0 430 113
sofa 0.0396 1 55 112 180
sofa 0.0385 69 32 391 201
sofa 0.0346 211 64 421 190
sofa 0.0227 8 99 422 347
tvmonitor 0.3559 0 14 114 194
tvmonitor 0.2366 0 309 89 371
tvmonitor 0.2016 0 0 101 80
tvmonitor 0.1459 91 0 299 109
tvmonitor 0.1171 0 57 85 88
tvmonitor 0.1143 0 30 85 92
tvmonitor 0.1016 0 47 100 116
tvmonitor 0.0876 15 0 240 145
tvmonitor 0.0837 2 2 47 72
tvmonitor 0.0705 61 0 390 144
tvmonitor 0.0679 398 234 461 366
tvmonitor 0.0642 0 64 48 93
tvmonitor 0.0554 0 1 91 41
tvmonitor 0.0530 0 311 45 370
tvmonitor 0.0527 420 226 493 350
tvmonitor 0.0518 0 8 145 121
tvmonitor 0.0499 99 0 202 104
tvmonitor 0.0487 411 270 448 331
tvmonitor 0.0454 133 0 291 70
tvmonitor 0.0437 0 48 74 78
tvmonitor 0.0407 0 0 26 72
tvmonitor 0.0407 50 0 168 98
tvmonitor 0.0373 0 31 41 90
tvmonitor 0.0367 408 253 479 333
tvmonitor 0.0366 0 67 26 93
tvmonitor 0.0329 0 339 82 370
tvmonitor 0.0324 0 57 54 113
tvmonitor 0.0318 0 3 35 42
tvmonitor 0.0291 159 15 340 95
tvmonitor 0.0287 0 27 64 67
tvmonitor 0.0283 5 63 62 82
tvmonitor 0.0278 0 68 78 103
tvmonitor 0.0276 32 55 81 81
tvmonitor 0.0270 130 8 233 109
tvmonitor 0.0269 403 255 435 324
tvmonitor 0.0263 0 62 90 151
tvmonitor 0.0258 0 69 36 103
tvmonitor 0.0257 8 57 60 75
tvmonitor 0.0245 13 52 57 67
tvmonitor 0.0238 23 47 104 89
tvmonitor 0.0237 59 7 118 97
tvmonitor 0.0235 22 20 103 104
tvmonitor 0.0229 39 6 98 73
tvmonitor 0.0227 0 0 184 67
tvmonitor 0.0224 0 0 86 303
tvmonitor 0.0223 274 0 426 43
tvmonitor 0.0218 0 0 26 30
tvmonitor 0.0218 371 231 454 332
tvmonitor 0.0217 0 85 55 126
tvmonitor 0.0216 29 53 71 68
tvmonitor 0.0213 0 310 70 342
tvmonitor 0.0213 435 275 490 330
tvmonitor 0.0212 462 235 496 313
tvmonitor 0.0210 0 57 38 80
tvmonitor 0.0210 0 112 86 196
tvmonitor 0.0201 7 0 113 24
tvmonitor 0.0201 0 85 21 124
