aeroplane 0.0621 41 0 500 258
bottle 0.0447 367 107 427 193
bottle 0.0414 102 277 184 331
bottle 0.0392 76 268 275 329
bottle 0.0328 107 319 152 333
bottle 0.0322 435 0 473 41
bottle 0.0312 369 129 407 187
bottle 0.0270 18 266 191 331
bottle 0.0229 489 232 500 311
bottle 0.0221 400 260 497 332
bottle 0.0217 113 284 158 333
bottle 0.0217 482 240 500 302
bottle 0.0215 110 1 241 52
bottle 0.0213 68 296 172 331
bottle 0.0207 114 309 140 333
car 0.0772 87 5 473 127
car 0.0768 21 4 152 116
car 0.0594 33 3 295 114
car 0.0379 53 18 129 88
car 0.0367 53 0 225 75
car 0.0317 53 4 133 53
car 0.0304 6 52 133 128
car 0.0301 54 21 123 46
car 0.0286 224 28 498 147
car 0.0245 272 70 448 130
car 0.0244 33 35 133 104
car 0.0241 0 18 200 141
car 0.0237 109 0 293 70
car 0.0210 9 0 98 100
car 0.0206 8 0 119 54
car 0.0201 2 74 71 184
chair 0.1125 344 101 492 330
chair 0.0958 180 161 493 328
chair 0.0742 164 6 496 132
chair 0.0677 0 188 331 333
chair 0.0665 253 21 500 220
chair 0.0655 117 0 500 255
chair 0.0601 338 0 492 156
chair 0.0596 0 113 451 333
chair 0.0545 168 266 479 330
chair 0.0515 414 146 497 321
chair 0.0498 323 228 492 331
chair 0.0471 6 269 196 330
chair 0.0382 235 0 312 137
chair 0.0374 400 0 492 114
chair 0.0366 394 253 496 332
chair 0.0364 38 18 124 106
chair 0.0350 113 270 361 329
chair 0.0349 192 0 318 167
chair 0.0345 0 234 245 329
chair 0.0341 377 68 500 261
chair 0.0316 257 0 490 86
chair 0.0313 345 81 493 161
chair 0.0311 360 187 491 294
chair 0.0298 217 121 475 279
chair 0.0285 399 47 500 174
chair 0.0281 51 4 144 82
chair 0.0281 221 0 386 147
chair 0.0277 225 215 475 312
chair 0.0276 274 52 495 137
chair 0.0256 358 84 437 160
chair 0.0251 269 248 448 328
chair 0.0249 369 117 483 230
chair 0.0242 439 231 499 333
chair 0.0239 54 20 124 47
chair 0.0219 298 34 491 102
chair 0.0213 369 87 433 129
chair 0.0212 0 48 292 268
chair 0.0211 391 234 492 304
chair 0.0210 350 49 449 153
chair 0.0210 0 0 64 191
chair 0.0206 152 234 385 328
person 0.7091 8 3 329 331
person 0.6813 205 75 492 323
person 0.1911 56 64 117 107
person 0.1707 91 34 280 310
person 0.1673 0 0 45 135
person 0.1494 53 28 128 107
person 0.1454 339 84 488 310
person 0.1260 235 77 435 247
person 0.1221 4 2 36 88
person 0.1143 82 57 124 103
person 0.0988 49 4 500 232
person 0.0936 204 55 344 293
person 0.0827 51 5 221 107
person 0.0766 9 3 323 134
person 0.0746 1 0 35 50
person 0.0734 10 7 81 136
person 0.0718 23 0 139 119
person 0.0679 314 80 467 194
person 0.0670 93 48 134 106
person 0.0649 169 8 417 202
person 0.0647 363 91 430 193
person 0.0647 350 11 495 197
person 0.0574 169 3 308 269
person 0.0570 62 73 99 108
person 0.0525 10 0 53 65
person 0.0518 221 64 316 195
person 0.0512 0 0 75 77
person 0.0505 253 80 414 162
person 0.0488 76 71 102 104
person 0.0483 15 129 273 333
person 0.0480 44 278 190 331
person 0.0480 38 57 111 128
person 0.0457 111 0 292 190
person 0.0453 104 243 467 330
person 0.0452 6 14 136 262
person 0.0434 353 102 440 255
person 0.0434 91 73 119 104
person 0.0422 84 2 160 103
person 0.0411 48 71 96 126
person 0.0395 47 6 245 215
person 0.0386 1 235 301 327
person 0.0384 148 89 308 331
person 0.0369 101 272 219 333
person 0.0364 54 67 87 105
person 0.0356 53 91 92 109
person 0.0350 99 67 125 103
person 0.0349 251 65 496 175
person 0.0344 247 84 344 236
person 0.0343 206 2 319 164
person 0.0339 392 259 496 333
person 0.0339 16 41 117 157
person 0.0332 0 23 92 217
person 0.0321 69 78 120 106
person 0.0320 78 185 319 326
person 0.0317 4 79 170 332
person 0.0315 25 49 164 123
person 0.0309 100 45 125 95
person 0.0309 223 110 324 271
person 0.0307 25 33 92 116
person 0.0305 36 65 80 117
person 0.0302 55 82 80 110
person 0.0302 152 0 251 114
person 0.0300 78 1 256 72
person 0.0293 71 33 192 126
person 0.0291 0 0 31 27
person 0.0279 118 0 219 91
person 0.0279 43 83 91 115
person 0.0277 181 175 458 329
person 0.0276 238 156 429 293
person 0.0276 5 0 53 33
person 0.0274 287 80 381 115
person 0.0269 86 67 112 101
person 0.0268 244 66 343 171
person 0.0267 21 70 90 141
person 0.0259 59 41 148 154
person 0.0253 301 81 431 135
person 0.0252 191 69 291 230
person 0.0250 67 55 166 103
person 0.0249 123 245 275 328
person 0.0249 57 56 122 89
person 0.0246 319 85 412 231
person 0.0243 274 278 446 331
person 0.0243 12 20 56 108
person 0.0243 436 0 485 53
person 0.0241 108 70 132 103
person 0.0240 21 0 58 45
person 0.0240 103 32 149 103
person 0.0239 31 0 74 54
person 0.0238 44 91 76 112
person 0.0236 96 59 119 97
person 0.0224 56 51 96 99
person 0.0221 458 253 497 332
person 0.0218 4 182 88 329
person 0.0218 5 85 82 266
person 0.0218 12 62 58 137
person 0.0216 81 72 137 111
person 0.0210 73 68 122 121
person 0.0208 127 22 222 144
person 0.0202 230 60 438 141
person 0.0202 98 51 118 84
sofa 0.0935 56 9 500 301
train 0.0252 47 0 498 173
tvmonitor 0.0809 0 0 52 158
tvmonitor 0.0440 0 35 91 135
tvmonitor 0.0321 2 58 66 151
tvmonitor 0.0276 55 15 125 55
tvmonitor 0.0272 2 9 33 95
tvmonitor 0.0267 0 5 119 157
tvmonitor 0.0262 51 1 147 64
tvmonitor 0.0252 2 22 70 105
tvmonitor 0.0231 13 48 56 128
tvmonitor 0.0223 0 72 97 171
