car 0.0895 101 243 162 262
car 0.0298 460 229 486 243
car 0.0261 87 230 163 265
car 0.0250 470 227 491 245
car 0.0221 482 223 497 252
car 0.0213 444 230 476 242
car 0.0211 455 227 481 241
car 0.0207 124 245 162 261
person 0.0492 480 274 500 334
person 0.0418 487 275 498 312
person 0.0354 278 181 336 246
person 0.0332 457 228 473 243
person 0.0311 316 181 332 213
person 0.0296 466 229 480 244
person 0.0291 450 225 466 243
person 0.0278 316 187 335 225
person 0.0262 428 119 451 152
person 0.0254 487 275 497 295
person 0.0249 410 141 427 179
person 0.0240 440 221 459 242
person 0.0233 313 192 338 237
person 0.0226 423 216 445 243
person 0.0226 488 264 500 327
person 0.0224 432 136 448 173
person 0.0223 408 204 427 241
person 0.0223 293 194 325 238
person 0.0217 303 179 333 222
person 0.0217 475 160 486 193
person 0.0215 298 182 320 210
person 0.0212 427 137 442 172
person 0.0205 308 178 328 209
person 0.0205 462 271 497 334
person 0.0204 473 225 489 244
pottedplant 0.0479 31 228 66 278
pottedplant 0.0263 38 247 62 277
train 0.8273 67 135 343 248
train 0.5207 286 106 488 245
train 0.4975 98 114 500 252
train 0.0993 398 108 488 242
train 0.0899 9 104 500 334
train 0.0568 165 150 464 242
train 0.0495 155 139 336 196
train 0.0484 339 200 500 243
train 0.0420 321 125 429 242
train 0.0409 347 24 491 240
train 0.0398 311 174 483 247
train 0.0387 25 32 500 242
train 0.0356 77 178 299 249
train 0.0330 316 103 486 178
train 0.0316 195 181 345 245
train 0.0314 271 156 338 248
train 0.0300 20 146 180 259
train 0.0288 88 145 343 334
train 0.0273 197 120 478 212
train 0.0270 134 168 371 250
train 0.0263 408 108 494 184
train 0.0242 223 138 335 233
train 0.0229 387 210 488 241
train 0.0209 195 144 461 334
