aeroplane 0.0590 7 0 402 314
aeroplane 0.0213 42 0 383 108
bicycle 0.0569 0 330 38 356
bicycle 0.0438 0 307 28 357
bicycle 0.0304 7 293 29 320
bicycle 0.0232 0 302 68 357
bicycle 0.0222 0 288 25 326
bird 0.1446 465 292 497 357
bird 0.0453 0 333 34 356
bird 0.0397 437 288 500 357
bird 0.0280 0 341 50 356
bird 0.0277 465 324 494 355
bird 0.0257 0 329 64 356
bird 0.0233 429 319 498 355
boat 0.0244 46 17 163 106
bus 0.0485 0 0 500 357
car 0.0513 0 342 31 356
car 0.0490 0 0 500 357
car 0.0209 0 337 53 357
chair 0.0262 26 0 410 82
horse 0.7568 248 312 299 347
horse 0.0877 250 312 279 343
horse 0.0587 238 303 312 351
horse 0.0556 454 277 500 357
horse 0.0482 246 307 298 332
horse 0.0351 263 312 292 340
horse 0.0336 251 308 292 324
horse 0.0292 238 253 299 356
horse 0.0255 273 309 298 326
horse 0.0236 266 318 297 348
horse 0.0212 247 295 284 345
horse 0.0206 281 305 296 319
person 0.1426 462 284 497 356
person 0.0883 173 211 192 235
person 0.0795 436 293 457 343
person 0.0756 442 290 489 354
person 0.0710 468 322 492 357
person 0.0653 1 331 24 356
person 0.0526 250 310 275 338
person 0.0517 435 311 451 341
person 0.0489 281 317 303 345
person 0.0483 277 310 295 330
person 0.0448 430 289 465 351
person 0.0440 474 278 500 340
person 0.0437 0 0 219 357
person 0.0421 282 309 293 323
person 0.0415 266 305 297 338
person 0.0388 469 298 492 346
person 0.0385 255 303 268 322
person 0.0363 0 3 500 341
person 0.0348 2 288 21 320
person 0.0346 464 336 496 357
person 0.0343 257 297 267 313
person 0.0341 8 290 28 319
person 0.0321 283 301 291 315
person 0.0314 254 302 285 335
person 0.0308 246 317 265 346
person 0.0305 273 308 286 323
person 0.0303 470 289 493 323
person 0.0296 480 274 499 314
person 0.0272 276 304 284 315
person 0.0269 282 292 290 308
person 0.0266 453 300 478 348
person 0.0258 295 324 307 344
person 0.0258 281 286 291 303
person 0.0257 464 300 483 342
person 0.0256 287 215 302 240
person 0.0253 470 278 492 308
person 0.0250 372 235 389 267
person 0.0244 448 313 496 357
person 0.0238 262 306 276 323
person 0.0238 290 315 299 327
person 0.0238 292 310 298 322
person 0.0234 242 328 253 344
person 0.0233 475 305 498 356
person 0.0231 277 298 284 310
person 0.0231 264 301 274 314
person 0.0231 434 256 497 355
person 0.0223 175 204 190 228
person 0.0221 258 293 268 306
person 0.0219 251 291 272 323
person 0.0219 286 313 301 334
person 0.0218 247 309 263 335
person 0.0217 413 290 448 349
person 0.0216 167 203 189 236
person 0.0209 290 301 298 315
person 0.0207 3 216 20 261
person 0.0206 277 293 284 304
person 0.0205 286 286 298 303
person 0.0205 432 318 442 339
person 0.0203 252 306 260 321
person 0.0201 458 301 473 336
sheep 0.0205 6 291 29 319
train 0.0540 0 0 433 357
train 0.0464 78 208 154 232
train 0.0363 287 215 303 238
train 0.0288 171 212 196 236
train 0.0284 112 221 149 231
train 0.0282 87 213 127 227
train 0.0273 91 217 160 234
train 0.0252 100 221 138 230
train 0.0239 110 226 141 236
train 0.0237 81 205 121 228
train 0.0235 76 200 187 233
train 0.0235 173 219 202 234
train 0.0234 10 0 164 308
train 0.0228 160 213 211 237
train 0.0225 101 215 146 227
train 0.0201 87 210 110 229
