bird 0.0472 79 0 375 468
bird 0.0216 221 0 375 418
bottle 0.0813 165 125 178 162
bottle 0.0334 170 127 182 164
bottle 0.0289 309 478 345 498
bottle 0.0218 314 466 336 500
bottle 0.0206 164 223 178 252
cat 0.0420 0 0 370 500
chair 0.0660 334 456 375 500
chair 0.0539 283 405 361 500
chair 0.0415 145 356 188 491
chair 0.0404 289 446 375 499
chair 0.0368 350 472 375 500
chair 0.0345 283 402 323 495
chair 0.0273 56 456 132 496
chair 0.0245 5 320 122 493
chair 0.0228 132 294 181 488
chair 0.0222 0 456 74 496
chair 0.0222 273 451 334 498
chair 0.0220 315 473 375 500
chair 0.0214 142 421 190 486
chair 0.0201 357 446 375 500
dog 0.0334 1 0 345 486
person 0.0629 3 0 237 500
person 0.0377 360 304 374 347
person 0.0340 351 296 374 354
person 0.0332 354 301 371 336
person 0.0272 359 314 375 368
person 0.0267 341 302 357 344
person 0.0247 347 302 364 344
pottedplant 0.0589 160 125 178 162
pottedplant 0.0336 167 127 183 162
pottedplant 0.0325 156 125 169 164
pottedplant 0.0264 156 120 186 163
pottedplant 0.0222 179 126 189 163
pottedplant 0.0219 162 225 179 251
pottedplant 0.0207 159 310 176 343
sofa 0.0206 0 43 366 500
train 0.0373 0 0 368 496
tvmonitor 0.7744 324 287 374 444
tvmonitor 0.0872 294 376 375 495
tvmonitor 0.0816 323 362 369 445
tvmonitor 0.0791 335 455 375 500
tvmonitor 0.0718 299 282 357 442
tvmonitor 0.0555 309 436 375 500
tvmonitor 0.0552 345 290 373 313
tvmonitor 0.0543 283 402 349 494
tvmonitor 0.0531 337 285 375 325
tvmonitor 0.0528 345 286 372 302
tvmonitor 0.0525 333 358 374 484
tvmonitor 0.0522 307 334 375 469
tvmonitor 0.0506 332 283 375 370
tvmonitor 0.0502 350 463 375 498
tvmonitor 0.0417 285 233 375 444
tvmonitor 0.0408 330 420 375 477
tvmonitor 0.0399 361 301 374 338
tvmonitor 0.0398 353 293 370 316
tvmonitor 0.0385 357 295 375 323
tvmonitor 0.0362 288 399 347 445
tvmonitor 0.0344 359 453 374 490
tvmonitor 0.0335 319 399 375 444
tvmonitor 0.0333 313 470 375 500
tvmonitor 0.0325 333 284 375 305
tvmonitor 0.0318 352 286 375 357
tvmonitor 0.0307 345 443 375 483
tvmonitor 0.0291 351 279 370 295
tvmonitor 0.0287 344 274 373 300
tvmonitor 0.0285 362 286 374 309
tvmonitor 0.0285 149 159 189 209
tvmonitor 0.0281 345 294 367 320
tvmonitor 0.0278 160 224 177 251
tvmonitor 0.0263 352 302 372 332
tvmonitor 0.0260 285 388 334 470
tvmonitor 0.0259 253 298 375 470
tvmonitor 0.0258 251 427 375 500
tvmonitor 0.0254 346 301 374 381
tvmonitor 0.0248 357 275 374 296
tvmonitor 0.0242 0 12 45 76
tvmonitor 0.0237 285 303 339 454
tvmonitor 0.0235 341 293 361 312
tvmonitor 0.0231 4 125 115 500
tvmonitor 0.0229 344 432 374 468
tvmonitor 0.0225 314 383 357 442
tvmonitor 0.0220 358 309 375 350
tvmonitor 0.0213 351 454 375 479
tvmonitor 0.0208 246 159 354 471
tvmonitor 0.0206 365 282 375 321
tvmonitor 0.0202 352 447 371 471
