aeroplane 0.0271 19 16 489 311
bicycle 0.4321 204 222 319 328
bicycle 0.3338 189 135 319 325
bicycle 0.2175 447 20 500 187
bicycle 0.2053 251 238 317 324
bicycle 0.1869 416 0 493 186
bicycle 0.1787 162 104 423 357
bicycle 0.1779 296 123 399 187
bicycle 0.1721 370 0 476 186
bicycle 0.1669 384 0 443 149
bicycle 0.1406 195 191 364 341
bicycle 0.1305 296 132 352 173
bicycle 0.1298 280 152 476 366
bicycle 0.1275 427 97 500 183
bicycle 0.1233 114 199 318 357
bicycle 0.1222 242 235 457 368
bicycle 0.1152 303 110 359 181
bicycle 0.1115 0 150 308 356
bicycle 0.1096 286 83 422 190
bicycle 0.1066 235 160 312 320
bicycle 0.0966 339 93 488 198
bicycle 0.0924 298 111 412 231
bicycle 0.0877 356 11 415 151
bicycle 0.0749 455 122 500 180
bicycle 0.0748 298 0 434 186
bicycle 0.0694 344 60 429 184
bicycle 0.0656 345 0 491 279
bicycle 0.0654 226 98 415 251
bicycle 0.0652 20 227 415 364
bicycle 0.0634 403 74 495 171
bicycle 0.0629 305 122 419 333
bicycle 0.0619 316 32 402 178
bicycle 0.0617 186 21 450 292
bicycle 0.0585 402 27 451 153
bicycle 0.0585 311 96 500 257
bicycle 0.0546 375 0 425 119
bicycle 0.0541 375 44 424 153
bicycle 0.0528 316 230 428 343
bicycle 0.0516 276 24 380 185
bicycle 0.0512 412 67 500 254
bicycle 0.0491 321 118 380 180
bicycle 0.0483 180 237 298 351
bicycle 0.0467 163 193 252 342
bicycle 0.0467 263 228 313 299
bicycle 0.0462 0 48 500 375
bicycle 0.0460 395 44 433 146
bicycle 0.0455 313 273 462 369
bicycle 0.0454 246 171 402 326
bicycle 0.0451 384 51 470 156
bicycle 0.0451 275 93 352 172
bicycle 0.0443 341 118 408 187
bicycle 0.0435 211 240 278 329
bicycle 0.0413 380 61 500 357
bicycle 0.0408 439 0 489 138
bicycle 0.0401 396 8 435 118
bicycle 0.0394 262 231 385 327
bicycle 0.0386 476 136 500 182
bicycle 0.0377 419 25 468 149
bicycle 0.0363 434 135 495 187
bicycle 0.0360 202 187 267 324
bicycle 0.0358 272 40 500 180
bicycle 0.0350 370 117 496 179
bicycle 0.0333 419 121 484 173
bicycle 0.0329 298 143 336 170
bicycle 0.0324 391 105 470 164
bicycle 0.0324 411 13 445 119
bicycle 0.0322 310 109 431 174
bicycle 0.0320 378 88 447 153
bicycle 0.0319 405 125 499 198
bicycle 0.0312 365 26 399 124
bicycle 0.0300 355 75 411 167
bicycle 0.0289 449 133 479 177
bicycle 0.0281 349 12 394 132
bicycle 0.0280 457 6 498 134
bicycle 0.0271 343 130 469 187
bicycle 0.0264 313 143 356 175
bicycle 0.0262 455 89 494 172
bicycle 0.0261 322 137 429 195
bicycle 0.0254 304 143 389 177
bicycle 0.0252 274 242 308 290
bicycle 0.0250 278 124 389 266
bicycle 0.0244 320 136 344 172
bicycle 0.0239 387 76 419 148
bicycle 0.0237 462 56 498 159
bicycle 0.0235 309 71 472 156
bicycle 0.0231 222 231 320 291
bicycle 0.0228 441 66 486 168
bicycle 0.0228 295 146 321 173
bicycle 0.0225 392 97 434 160
bicycle 0.0223 48 258 289 357
bicycle 0.0216 341 54 397 159
bicycle 0.0209 337 21 500 147
bicycle 0.0207 367 109 426 158
bicycle 0.0206 423 89 468 163
bicycle 0.0201 232 247 351 352
boat 0.0473 0 15 500 358
boat 0.0210 321 151 408 197
bottle 0.1378 1 218 21 258
bottle 0.0954 0 216 23 282
bottle 0.0912 1 201 33 255
bottle 0.0856 1 179 57 274
bottle 0.0822 4 215 28 251
bottle 0.0600 5 192 48 251
bottle 0.0573 0 191 47 348
bottle 0.0511 2 206 22 244
bottle 0.0474 8 199 29 241
bottle 0.0467 326 238 410 331
bottle 0.0448 15 214 36 249
bottle 0.0423 12 211 55 249
bottle 0.0416 5 224 44 250
bottle 0.0414 275 264 318 321
bottle 0.0412 344 139 402 186
bottle 0.0411 277 34 340 164
bottle 0.0376 15 182 60 246
bottle 0.0342 0 229 32 252
bottle 0.0284 0 217 33 238
bottle 0.0264 0 215 72 258
bottle 0.0262 180 86 298 153
bottle 0.0253 0 262 35 350
bottle 0.0251 0 189 37 234
bottle 0.0242 399 355 454 374
bottle 0.0237 3 225 28 265
bottle 0.0229 0 216 69 306
bottle 0.0222 282 58 325 149
bottle 0.0217 0 198 26 228
bottle 0.0217 19 226 61 248
bottle 0.0214 164 133 190 182
bottle 0.0212 293 281 318 319
bottle 0.0209 16 183 38 219
bottle 0.0202 91 18 132 41
car 0.0802 3 0 70 65
car 0.0730 0 28 68 93
car 0.0708 0 0 48 47
car 0.0566 21 16 157 97
car 0.0541 0 20 48 71
car 0.0529 0 50 48 90
car 0.0506 39 6 172 71
car 0.0422 0 166 61 237
car 0.0407 0 49 20 84
car 0.0387 0 40 68 172
car 0.0373 0 56 62 107
car 0.0358 1 13 112 84
car 0.0345 1 54 40 78
car 0.0329 172 9 387 175
car 0.0329 0 178 44 222
car 0.0308 0 24 47 50
car 0.0282 328 142 402 181
car 0.0273 0 142 43 212
car 0.0270 0 179 40 203
car 0.0266 0 179 25 216
car 0.0261 45 11 354 132
car 0.0257 323 115 408 161
car 0.0246 10 32 92 73
car 0.0236 0 10 126 136
car 0.0223 49 0 355 254
car 0.0221 4 70 68 125
car 0.0215 0 0 328 69
car 0.0208 206 77 373 158
car 0.0205 0 0 45 18
car 0.0203 308 134 386 168
car 0.0201 0 71 56 96
chair 0.0903 5 133 228 363
chair 0.0831 0 213 47 356
chair 0.0817 384 0 441 131
chair 0.0734 76 0 134 36
chair 0.0691 0 141 57 252
chair 0.0663 58 97 218 291
chair 0.0580 70 0 110 53
chair 0.0569 196 0 232 66
chair 0.0533 5 109 80 255
chair 0.0532 454 0 500 160
chair 0.0525 0 1 50 52
chair 0.0518 244 9 349 169
chair 0.0509 357 0 415 124
chair 0.0492 183 0 214 67
chair 0.0492 1 170 137 361
chair 0.0489 466 0 498 73
chair 0.0465 95 0 150 34
chair 0.0454 0 213 92 349
chair 0.0446 177 5 346 135
chair 0.0445 60 0 138 64
chair 0.0437 416 0 476 128
chair 0.0428 2 128 170 280
chair 0.0415 175 139 300 300
chair 0.0401 403 0 435 72
chair 0.0399 405 0 447 105
chair 0.0397 8 240 290 362
chair 0.0389 304 112 346 170
chair 0.0374 174 0 235 78
chair 0.0370 0 68 66 337
chair 0.0367 78 10 128 51
chair 0.0352 440 0 488 99
chair 0.0344 298 0 435 153
chair 0.0329 139 3 260 96
chair 0.0327 2 178 78 244
chair 0.0323 207 235 277 349
chair 0.0315 0 42 143 259
chair 0.0312 93 1 132 26
chair 0.0312 193 0 220 54
chair 0.0312 451 0 495 50
chair 0.0310 408 0 440 46
chair 0.0309 19 159 117 304
chair 0.0304 368 0 432 80
chair 0.0302 22 200 251 329
chair 0.0300 0 26 54 63
chair 0.0299 87 14 134 40
chair 0.0294 437 0 477 37
chair 0.0290 161 153 250 323
chair 0.0282 346 0 393 111
chair 0.0281 121 152 217 319
chair 0.0278 84 0 162 72
chair 0.0275 45 0 90 58
chair 0.0269 112 2 146 26
chair 0.0266 89 5 124 34
chair 0.0256 219 0 328 102
chair 0.0255 427 0 466 73
chair 0.0255 201 206 331 374
chair 0.0250 145 0 321 72
chair 0.0244 395 0 426 85
chair 0.0242 27 160 201 249
chair 0.0241 124 101 208 214
chair 0.0240 0 272 160 357
chair 0.0240 209 12 235 71
chair 0.0240 47 106 170 239
chair 0.0239 228 162 317 294
chair 0.0239 102 8 138 32
chair 0.0239 276 0 361 132
chair 0.0237 158 95 223 224
chair 0.0237 79 0 117 28
chair 0.0236 319 109 342 158
chair 0.0234 465 0 498 37
chair 0.0232 60 5 326 114
chair 0.0232 408 336 498 374
chair 0.0232 286 95 350 172
chair 0.0231 0 54 47 224
chair 0.0231 268 250 317 315
chair 0.0229 115 5 145 42
chair 0.0228 189 3 207 52
chair 0.0228 0 162 122 236
chair 0.0226 75 2 101 40
chair 0.0225 124 13 291 142
chair 0.0223 161 104 191 178
chair 0.0223 385 0 432 39
chair 0.0222 172 242 258 358
chair 0.0220 439 3 459 37
chair 0.0213 423 0 457 40
chair 0.0213 33 113 105 238
chair 0.0211 201 19 228 75
chair 0.0210 412 30 439 94
chair 0.0207 112 243 242 348
chair 0.0205 204 4 225 50
chair 0.0201 85 6 111 43
chair 0.0200 43 175 175 295
cow 0.0319 348 317 458 375
diningtable 0.0505 0 180 371 372
dog 0.1907 341 316 463 375
dog 0.1826 330 248 468 374
dog 0.0436 384 343 457 375
dog 0.0287 253 277 490 375
dog 0.0239 356 324 420 375
horse 0.0784 319 261 478 373
motorbike 0.1366 311 131 405 187
motorbike 0.1053 12 48 463 370
motorbike 0.0426 180 128 449 336
person 0.7718 183 80 317 331
person 0.6757 25 28 196 347
person 0.4698 118 37 302 350
person 0.2405 12 25 346 375
person 0.2266 74 62 231 321
person 0.1885 322 199 474 371
person 0.1723 157 61 405 369
person 0.1514 238 122 441 362
person 0.1305 0 148 109 357
person 0.1075 48 0 90 63
person 0.1075 2 179 67 305
person 0.1033 311 109 346 172
person 0.1031 182 38 370 239
person 0.0954 363 0 435 153
person 0.0917 53 1 127 61
person 0.0813 157 118 271 335
person 0.0798 0 191 50 358
person 0.0765 12 0 101 68
person 0.0758 0 167 58 257
person 0.0753 335 45 493 350
person 0.0752 288 74 350 173
person 0.0734 49 14 171 235
person 0.0729 336 244 431 370
person 0.0708 0 0 47 59
person 0.0685 0 28 45 81
person 0.0650 121 97 213 272
person 0.0649 355 288 455 375
person 0.0622 234 21 426 278
person 0.0614 144 5 184 77
person 0.0606 75 5 145 54
person 0.0606 374 0 396 30
person 0.0598 18 86 152 304
person 0.0590 130 9 167 77
person 0.0585 156 2 201 76
person 0.0578 239 148 311 309
person 0.0571 179 81 301 190
person 0.0567 155 84 288 249
person 0.0567 144 0 160 32
person 0.0561 281 34 366 178
person 0.0561 405 0 498 185
person 0.0529 65 0 99 55
person 0.0513 113 11 154 72
person 0.0511 217 4 361 187
person 0.0504 0 15 19 51
person 0.0500 175 0 220 74
person 0.0495 47 14 166 97
person 0.0480 218 77 338 252
person 0.0465 0 19 25 74
person 0.0464 0 180 30 257
person 0.0459 0 2 21 41
person 0.0455 64 16 143 77
person 0.0450 0 34 275 222
person 0.0450 104 20 224 235
person 0.0449 0 41 21 81
person 0.0448 324 0 421 166
person 0.0443 233 79 351 181
person 0.0440 33 8 77 77
person 0.0435 190 0 233 74
person 0.0429 0 21 10 70
person 0.0428 211 87 293 150
person 0.0424 377 162 495 374
person 0.0418 392 338 455 375
person 0.0418 2 198 41 301
person 0.0413 58 6 208 71
person 0.0401 375 0 412 36
person 0.0401 120 69 187 229
person 0.0398 38 13 133 153
person 0.0392 126 1 287 195
person 0.0383 450 0 500 182
person 0.0373 0 22 15 89
person 0.0373 323 237 407 332
person 0.0369 45 17 101 73
person 0.0369 36 0 110 100
person 0.0369 10 178 53 239
person 0.0366 11 47 54 76
person 0.0365 390 0 427 47
person 0.0361 352 318 500 374
person 0.0358 143 0 175 49
person 0.0358 320 131 352 176
person 0.0352 21 5 204 159
person 0.0347 31 49 55 76
person 0.0344 334 140 401 183
person 0.0341 395 0 434 91
person 0.0339 154 0 242 106
person 0.0339 354 0 392 30
person 0.0334 363 0 406 103
person 0.0334 144 85 209 212
person 0.0331 359 338 433 375
person 0.0330 87 2 163 80
person 0.0329 229 87 306 219
person 0.0328 8 186 31 226
person 0.0327 0 6 10 50
person 0.0326 68 86 324 265
person 0.0324 403 0 434 40
person 0.0324 0 6 128 265
person 0.0321 102 22 166 191
person 0.0321 283 84 330 164
person 0.0320 111 7 228 95
person 0.0315 381 311 442 373
person 0.0310 2 45 34 78
person 0.0308 175 91 258 216
person 0.0307 148 0 159 19
person 0.0300 80 21 154 134
person 0.0299 182 0 203 61
person 0.0298 313 141 379 179
person 0.0296 201 150 280 315
person 0.0296 269 85 310 155
person 0.0293 11 53 39 79
person 0.0292 410 0 445 85
person 0.0291 133 0 157 35
person 0.0291 381 0 421 84
person 0.0288 370 0 401 56
person 0.0288 249 251 469 375
person 0.0283 152 0 182 38
person 0.0283 256 61 327 157
person 0.0280 87 14 131 62
person 0.0273 296 136 321 167
person 0.0273 4 7 34 42
person 0.0272 465 0 498 99
person 0.0271 107 176 237 361
person 0.0270 409 42 441 122
person 0.0269 292 121 335 170
person 0.0268 372 0 389 24
person 0.0268 421 0 442 34
person 0.0267 94 8 183 115
person 0.0267 114 19 179 80
person 0.0266 116 0 153 39
person 0.0266 196 92 387 198
person 0.0265 109 20 159 103
person 0.0264 148 0 167 26
person 0.0264 342 0 399 123
person 0.0262 400 0 421 34
person 0.0261 0 182 25 221
person 0.0259 338 0 381 31
person 0.0257 24 52 48 78
person 0.0257 5 31 82 190
person 0.0253 279 99 345 198
person 0.0251 34 63 130 235
person 0.0249 341 312 421 375
person 0.0248 0 52 61 90
person 0.0246 16 37 79 88
person 0.0244 126 0 159 55
person 0.0244 304 136 329 168
person 0.0243 398 0 454 115
person 0.0243 21 25 131 76
person 0.0241 71 0 93 39
person 0.0238 36 0 73 46
person 0.0237 193 0 220 48
person 0.0235 23 46 60 86
person 0.0234 70 12 109 67
person 0.0233 322 116 364 172
person 0.0229 165 93 220 179
person 0.0229 17 0 57 47
person 0.0229 389 0 414 31
person 0.0228 364 2 383 33
person 0.0227 159 53 252 168
person 0.0226 129 9 214 156
person 0.0224 240 89 301 165
person 0.0223 162 111 192 183
person 0.0223 330 141 361 179
person 0.0222 99 13 148 51
person 0.0220 97 22 142 91
person 0.0220 430 0 450 34
person 0.0220 258 88 325 235
person 0.0220 381 349 422 374
person 0.0217 62 21 110 88
person 0.0216 189 124 260 288
person 0.0216 0 45 11 86
person 0.0215 348 0 388 73
person 0.0214 172 0 198 52
person 0.0213 34 0 246 99
person 0.0210 437 0 465 36
person 0.0210 80 21 126 89
person 0.0207 1 171 47 222
person 0.0207 32 3 52 37
person 0.0207 162 0 186 58
person 0.0207 404 58 433 130
person 0.0207 0 236 28 339
person 0.0207 349 137 384 178
person 0.0206 319 109 342 154
person 0.0204 60 0 113 37
person 0.0204 283 244 388 373
person 0.0203 395 43 426 125
person 0.0202 273 312 458 373
person 0.0202 65 0 85 43
person 0.0202 358 241 424 337
person 0.0201 132 120 201 229
pottedplant 0.0813 255 241 318 324
pottedplant 0.0387 464 0 500 166
pottedplant 0.0336 211 242 273 333
pottedplant 0.0332 279 32 346 166
pottedplant 0.0315 0 172 54 279
pottedplant 0.0268 311 20 416 153
pottedplant 0.0249 357 319 455 375
pottedplant 0.0245 436 0 500 204
pottedplant 0.0236 363 27 393 104
pottedplant 0.0234 265 240 359 325
pottedplant 0.0213 197 16 233 77
sofa 0.2053 0 69 362 354
sofa 0.0553 47 3 151 61
sofa 0.0220 38 145 280 298
train 0.0219 153 0 431 288
tvmonitor 0.0726 3 0 80 70
tvmonitor 0.0660 0 0 48 47
tvmonitor 0.0621 0 118 52 227
tvmonitor 0.0509 0 178 58 243
tvmonitor 0.0467 0 68 62 208
tvmonitor 0.0430 0 134 49 185
tvmonitor 0.0346 1 53 37 79
tvmonitor 0.0300 266 0 340 156
tvmonitor 0.0284 231 0 340 78
tvmonitor 0.0283 339 0 386 31
tvmonitor 0.0274 4 3 35 38
tvmonitor 0.0270 0 99 55 171
tvmonitor 0.0235 0 48 49 92
tvmonitor 0.0232 1 22 106 121
tvmonitor 0.0228 2 155 63 218
tvmonitor 0.0224 1 16 37 44
tvmonitor 0.0219 111 0 146 21
tvmonitor 0.0211 0 77 57 143
tvmonitor 0.0204 0 44 40 68
tvmonitor 0.0200 21 132 49 178
