bus 0.0203 344 134 496 375
car 0.9275 71 0 495 366
car 0.0996 71 17 209 271
car 0.0941 70 6 300 341
car 0.0618 75 72 151 225
car 0.0453 62 5 170 184
car 0.0429 82 68 233 220
car 0.0411 60 0 163 91
car 0.0351 69 4 252 95
car 0.0332 347 0 496 213
car 0.0316 92 0 302 65
car 0.0306 30 14 146 298
car 0.0298 377 2 500 50
car 0.0269 69 83 211 174
car 0.0268 313 0 500 67
car 0.0267 153 3 380 57
car 0.0266 227 3 467 58
car 0.0262 214 0 390 33
car 0.0253 354 52 498 375
car 0.0236 398 0 498 125
car 0.0227 47 47 120 208
car 0.0216 113 195 500 370
car 0.0210 72 2 314 144
car 0.0208 84 125 193 250
car 0.0206 39 1 129 122
car 0.0200 61 33 211 126
person 0.0577 179 59 199 101
person 0.0544 176 59 206 121
person 0.0375 74 89 91 129
person 0.0315 178 62 195 86
