bird 0.0301 0 322 75 375
bottle 0.0548 32 54 66 78
bottle 0.0540 143 212 191 228
bottle 0.0442 38 47 78 76
bottle 0.0430 142 203 162 228
bottle 0.0394 5 50 65 81
bottle 0.0328 200 0 231 46
bottle 0.0312 327 114 355 149
bottle 0.0302 136 202 197 229
bottle 0.0276 319 0 351 72
bottle 0.0269 53 48 86 72
bottle 0.0264 28 46 76 103
bottle 0.0256 342 115 367 149
bottle 0.0249 138 206 174 230
bottle 0.0245 164 211 194 229
bottle 0.0230 33 46 57 72
bottle 0.0230 69 47 114 65
bottle 0.0229 201 0 242 19
bottle 0.0226 147 196 169 226
bottle 0.0225 192 0 222 34
bottle 0.0221 135 185 169 230
bottle 0.0220 24 55 81 83
bottle 0.0217 280 1 304 43
car 0.0981 353 91 499 173
car 0.0868 245 91 500 217
car 0.0415 178 15 488 133
car 0.0335 396 104 492 146
car 0.0299 64 18 367 132
car 0.0298 113 96 164 135
car 0.0291 378 75 500 148
car 0.0288 76 65 166 146
car 0.0243 0 126 21 163
car 0.0240 354 123 500 211
cat 0.0300 0 332 109 373
chair 0.4099 157 42 231 192
chair 0.2986 148 3 225 138
chair 0.1831 121 46 266 205
chair 0.1550 168 0 273 157
chair 0.1518 196 0 267 106
chair 0.1462 0 210 323 375
chair 0.1450 35 58 233 220
chair 0.1449 374 42 499 110
chair 0.1425 343 111 392 153
chair 0.1418 148 3 219 76
chair 0.1318 252 248 500 374
chair 0.1306 148 75 322 229
chair 0.1054 162 97 257 197
chair 0.0933 0 234 157 374
chair 0.0906 123 253 425 371
chair 0.0890 0 55 58 155
chair 0.0850 349 94 460 158
chair 0.0850 329 32 494 144
chair 0.0839 122 101 242 223
chair 0.0815 214 124 272 194
chair 0.0811 67 22 222 156
chair 0.0810 319 107 407 154
chair 0.0802 91 59 198 202
chair 0.0789 351 267 497 372
chair 0.0780 0 301 167 373
chair 0.0776 194 118 269 218
chair 0.0768 188 0 246 78
chair 0.0737 131 72 276 154
chair 0.0688 313 78 487 182
chair 0.0685 171 9 241 115
chair 0.0673 151 70 224 156
chair 0.0666 239 296 453 371
chair 0.0622 374 57 470 160
chair 0.0610 56 98 292 242
chair 0.0609 362 108 429 157
chair 0.0603 105 103 180 217
chair 0.0595 105 74 178 175
chair 0.0594 76 256 298 374
chair 0.0591 113 0 262 122
chair 0.0574 187 1 324 135
chair 0.0553 117 3 192 103
chair 0.0531 173 191 355 375
chair 0.0509 111 78 169 139
chair 0.0504 33 301 263 370
chair 0.0493 153 23 300 113
chair 0.0476 145 7 208 48
chair 0.0466 91 163 354 330
chair 0.0462 293 70 433 155
chair 0.0461 197 0 232 58
chair 0.0460 5 182 98 371
chair 0.0443 206 61 333 160
chair 0.0442 163 56 237 130
chair 0.0439 68 190 213 375
chair 0.0434 341 103 418 183
chair 0.0432 75 13 213 92
chair 0.0429 124 299 328 371
chair 0.0428 0 84 50 141
chair 0.0427 133 131 263 206
chair 0.0422 376 50 500 208
chair 0.0418 137 77 198 167
chair 0.0416 105 153 312 268
chair 0.0415 294 35 428 131
chair 0.0415 96 3 217 64
chair 0.0413 166 130 310 217
chair 0.0412 226 227 437 350
chair 0.0412 336 232 452 368
chair 0.0409 130 4 170 73
chair 0.0409 319 316 500 372
chair 0.0409 301 251 418 375
chair 0.0409 242 255 370 375
chair 0.0406 162 29 225 91
chair 0.0393 117 98 170 165
chair 0.0392 178 0 218 50
chair 0.0391 401 303 500 374
chair 0.0387 353 88 409 155
chair 0.0385 144 9 181 66
chair 0.0383 2 278 103 375
chair 0.0373 206 10 465 151
chair 0.0371 370 91 488 141
chair 0.0367 30 52 190 127
chair 0.0364 116 31 173 118
chair 0.0362 201 104 289 189
chair 0.0361 142 78 182 143
chair 0.0358 117 151 229 233
chair 0.0354 166 87 220 186
chair 0.0353 14 146 184 348
chair 0.0350 151 47 214 102
chair 0.0349 363 113 398 155
chair 0.0335 352 12 448 123
chair 0.0329 431 257 500 375
chair 0.0328 112 94 228 174
chair 0.0327 107 1 165 80
chair 0.0325 319 167 389 290
chair 0.0322 365 71 478 118
chair 0.0314 134 107 196 200
chair 0.0312 140 18 198 120
chair 0.0312 372 46 447 101
chair 0.0309 116 61 225 127
chair 0.0309 0 51 59 84
chair 0.0306 116 120 171 190
chair 0.0304 431 41 500 159
chair 0.0303 0 53 99 127
chair 0.0299 365 218 490 349
chair 0.0296 54 0 163 85
chair 0.0294 228 185 359 298
chair 0.0293 115 101 162 135
chair 0.0292 216 229 328 363
chair 0.0291 325 210 354 281
chair 0.0291 287 197 358 313
chair 0.0291 275 206 388 355
chair 0.0290 432 46 494 107
chair 0.0290 316 111 417 215
chair 0.0289 223 151 428 274
chair 0.0287 85 257 193 375
chair 0.0285 112 58 171 104
chair 0.0284 128 38 237 111
chair 0.0282 41 161 249 271
chair 0.0282 159 118 228 223
chair 0.0281 272 164 500 351
chair 0.0280 180 80 231 168
chair 0.0279 144 100 182 169
chair 0.0278 244 197 463 317
chair 0.0278 357 112 387 138
chair 0.0275 0 102 227 270
chair 0.0275 459 43 499 114
chair 0.0275 367 0 494 100
chair 0.0274 386 102 465 152
chair 0.0270 0 233 56 375
chair 0.0269 89 76 204 142
chair 0.0265 158 64 225 94
chair 0.0264 196 157 316 257
chair 0.0263 269 237 376 318
chair 0.0261 375 334 500 374
chair 0.0261 184 114 234 192
chair 0.0259 0 11 41 137
chair 0.0257 94 138 188 236
chair 0.0257 80 173 156 280
chair 0.0257 0 71 43 215
chair 0.0254 71 189 290 304
chair 0.0251 141 0 254 52
chair 0.0250 401 56 489 137
chair 0.0249 154 93 178 155
chair 0.0246 299 220 400 311
chair 0.0243 0 86 25 143
chair 0.0243 206 48 274 186
chair 0.0243 147 69 222 109
chair 0.0242 154 0 221 34
chair 0.0242 143 57 184 123
chair 0.0241 0 74 59 122
chair 0.0241 379 105 441 172
chair 0.0240 0 331 139 375
chair 0.0239 271 13 437 99
chair 0.0239 206 110 251 181
chair 0.0236 54 41 120 68
chair 0.0236 317 61 390 154
chair 0.0235 353 44 430 151
chair 0.0234 183 47 259 120
chair 0.0233 5 148 140 285
chair 0.0232 151 102 214 165
chair 0.0230 400 80 492 114
chair 0.0230 372 95 416 150
chair 0.0229 58 0 121 55
chair 0.0228 47 26 82 74
chair 0.0227 373 84 459 113
chair 0.0227 0 95 33 163
chair 0.0226 356 94 438 135
chair 0.0226 168 100 223 151
chair 0.0226 272 0 303 53
chair 0.0224 250 227 335 327
chair 0.0223 0 306 50 374
chair 0.0222 330 339 446 371
chair 0.0222 201 146 261 204
chair 0.0222 188 0 226 38
chair 0.0221 309 144 409 245
chair 0.0220 351 107 415 140
chair 0.0219 95 121 212 191
chair 0.0214 242 211 409 286
chair 0.0213 135 51 192 100
chair 0.0213 333 159 417 274
chair 0.0213 119 231 229 370
chair 0.0212 286 251 436 317
chair 0.0212 221 98 267 164
chair 0.0211 358 117 385 154
chair 0.0211 201 94 230 156
chair 0.0210 157 41 221 74
chair 0.0210 223 31 262 113
chair 0.0208 252 331 476 375
chair 0.0208 0 107 59 153
chair 0.0207 120 144 173 216
chair 0.0206 36 259 126 372
chair 0.0204 221 125 259 175
chair 0.0204 157 13 191 55
chair 0.0203 52 3 95 68
chair 0.0200 104 42 165 91
chair 0.0200 338 291 434 375
chair 0.0200 43 187 171 308
chair 0.0200 134 99 167 139
diningtable 0.0489 28 28 266 151
diningtable 0.0264 0 225 462 375
dog 0.0455 0 319 87 375
dog 0.0289 476 253 500 329
dog 0.0249 0 317 45 374
person 0.6658 212 99 499 371
person 0.6585 11 61 207 366
person 0.6125 23 74 454 373
person 0.4009 102 77 317 355
person 0.3201 363 102 500 374
person 0.2653 192 79 385 340
person 0.2348 251 225 499 374
person 0.1957 204 0 273 96
person 0.1926 256 0 319 105
person 0.1865 49 0 134 67
person 0.1738 101 60 249 258
person 0.1625 20 159 288 375
person 0.1608 216 88 434 252
person 0.1551 225 0 302 105
person 0.1359 154 52 293 244
person 0.1262 205 101 336 264
person 0.1207 7 53 160 250
person 0.1193 0 122 130 375
person 0.1158 155 0 264 146
person 0.1133 51 0 156 124
person 0.1079 173 69 369 209
person 0.1078 240 92 422 173
person 0.1042 398 197 496 374
person 0.1040 140 195 384 373
person 0.1011 288 118 427 338
person 0.1006 277 0 348 111
person 0.0972 32 19 188 190
person 0.0939 324 85 500 246
person 0.0927 5 60 91 193
person 0.0912 409 97 500 270
person 0.0903 171 0 323 124
person 0.0894 0 44 287 182
person 0.0857 318 161 474 370
person 0.0806 57 0 234 143
person 0.0802 330 111 391 152
person 0.0790 277 96 401 153
person 0.0774 399 98 500 182
person 0.0769 75 91 203 290
person 0.0768 443 93 500 211
person 0.0768 4 65 162 162
person 0.0742 460 96 500 179
person 0.0732 206 88 336 189
person 0.0728 8 46 423 243
person 0.0719 12 0 111 74
person 0.0714 73 0 201 76
person 0.0700 240 2 343 138
person 0.0672 173 117 313 308
person 0.0668 311 107 480 191
person 0.0663 233 157 378 359
person 0.0659 38 6 265 282
person 0.0654 193 49 485 172
person 0.0646 172 117 296 225
person 0.0644 115 103 362 246
person 0.0644 60 58 159 205
person 0.0609 1 44 110 140
person 0.0606 94 138 264 282
person 0.0604 9 3 90 120
person 0.0583 1 67 64 160
person 0.0571 143 0 212 95
person 0.0566 339 309 500 373
person 0.0538 303 95 414 214
person 0.0536 183 0 397 259
person 0.0531 229 14 433 150
person 0.0526 2 0 65 77
person 0.0511 224 79 391 149
person 0.0501 437 104 492 171
person 0.0491 440 240 500 375
person 0.0481 459 125 500 218
person 0.0471 121 110 226 248
person 0.0466 264 88 352 152
person 0.0462 300 0 342 83
person 0.0458 274 0 309 71
person 0.0450 30 0 77 66
person 0.0449 224 33 316 164
person 0.0447 0 218 196 375
person 0.0447 57 0 123 43
person 0.0445 409 53 499 166
person 0.0444 262 27 380 125
person 0.0438 90 1 185 126
person 0.0438 319 109 368 150
person 0.0437 194 0 231 53
person 0.0426 312 124 412 276
person 0.0420 336 111 441 242
person 0.0419 303 228 413 365
person 0.0418 313 0 356 104
person 0.0410 267 18 301 98
person 0.0399 371 105 488 159
person 0.0398 343 75 448 179
person 0.0391 269 102 389 248
person 0.0390 190 132 268 251
person 0.0388 70 164 205 366
person 0.0387 137 145 247 234
person 0.0383 433 175 500 330
person 0.0375 6 213 500 375
person 0.0375 290 0 325 74
person 0.0374 370 109 491 223
person 0.0373 460 242 500 332
person 0.0372 253 0 297 73
person 0.0370 219 102 295 196
person 0.0354 298 292 453 371
person 0.0340 272 12 500 273
person 0.0340 418 104 498 147
person 0.0337 82 135 157 275
person 0.0335 462 158 500 248
person 0.0335 201 0 237 34
person 0.0331 260 86 328 134
person 0.0331 306 177 371 304
person 0.0323 182 0 219 45
person 0.0319 0 72 55 228
person 0.0318 247 33 276 101
person 0.0316 24 30 80 76
person 0.0315 277 245 392 322
person 0.0312 307 0 391 122
person 0.0312 451 85 500 145
person 0.0310 107 0 163 72
person 0.0309 478 81 500 163
person 0.0309 47 13 91 77
person 0.0308 210 121 380 214
person 0.0307 452 118 500 306
person 0.0304 478 149 500 222
person 0.0301 62 0 364 191
person 0.0298 241 142 327 272
person 0.0295 471 72 500 209
person 0.0293 482 176 499 219
person 0.0291 255 94 346 216
person 0.0290 86 167 202 271
person 0.0290 0 41 33 91
person 0.0289 47 0 89 50
person 0.0285 435 128 497 246
person 0.0283 37 44 96 85
person 0.0282 277 61 374 160
person 0.0281 67 10 128 93
person 0.0278 0 0 27 70
person 0.0276 0 94 47 172
person 0.0273 207 0 252 60
person 0.0272 47 30 124 70
person 0.0272 286 158 358 290
person 0.0271 187 0 228 18
person 0.0271 367 267 498 365
person 0.0270 300 88 367 144
person 0.0269 87 0 138 59
person 0.0267 340 148 439 313
person 0.0266 280 0 316 49
person 0.0261 476 255 500 345
person 0.0259 3 101 87 295
person 0.0258 422 346 500 374
person 0.0255 272 0 303 44
person 0.0251 180 0 250 76
person 0.0249 477 46 500 139
person 0.0248 319 0 350 71
person 0.0246 247 157 459 277
person 0.0245 232 0 279 74
person 0.0244 52 0 129 23
person 0.0243 440 254 492 326
person 0.0242 1 0 190 90
person 0.0238 24 52 74 121
person 0.0237 282 81 347 125
person 0.0237 482 150 499 193
person 0.0234 0 7 18 51
person 0.0229 452 291 499 375
person 0.0229 334 112 359 147
person 0.0226 242 305 414 375
person 0.0225 191 0 223 32
person 0.0224 211 0 270 38
person 0.0224 125 170 213 232
person 0.0221 0 314 41 375
person 0.0221 385 111 437 169
person 0.0221 176 0 213 16
person 0.0221 401 104 455 163
person 0.0221 60 50 113 103
person 0.0219 165 0 219 27
person 0.0217 74 46 118 65
person 0.0217 73 62 122 135
person 0.0216 486 170 500 243
person 0.0214 130 0 170 54
person 0.0213 420 114 487 211
person 0.0213 46 60 132 154
person 0.0213 327 212 361 274
person 0.0213 257 64 317 109
person 0.0211 38 59 103 110
person 0.0210 222 0 395 99
person 0.0208 252 15 285 99
person 0.0207 477 115 500 194
person 0.0207 161 0 221 56
person 0.0207 63 0 97 40
person 0.0204 248 80 307 119
pottedplant 0.1865 208 0 271 93
pottedplant 0.0483 140 211 193 229
pottedplant 0.0422 205 0 237 68
pottedplant 0.0410 234 6 277 100
pottedplant 0.0318 198 0 259 58
pottedplant 0.0299 222 18 256 100
pottedplant 0.0230 250 24 302 97
pottedplant 0.0225 180 0 296 68
pottedplant 0.0221 243 33 273 102
pottedplant 0.0203 210 19 233 74
sofa 0.1382 366 36 498 142
sofa 0.0904 306 61 495 156
sofa 0.0888 0 16 500 375
sofa 0.0770 256 80 500 189
sofa 0.0617 283 14 498 128
sofa 0.0571 90 2 286 120
sofa 0.0434 17 6 228 123
sofa 0.0424 161 53 401 175
sofa 0.0369 156 11 368 145
sofa 0.0346 179 4 490 192
tvmonitor 0.1153 0 40 35 76
tvmonitor 0.0686 0 17 43 78
tvmonitor 0.0664 0 44 72 85
tvmonitor 0.0616 0 0 82 80
tvmonitor 0.0588 0 50 79 142
tvmonitor 0.0548 145 5 212 48
tvmonitor 0.0479 0 42 47 115
tvmonitor 0.0466 2 58 142 124
tvmonitor 0.0441 64 60 166 131
tvmonitor 0.0433 102 66 167 118
tvmonitor 0.0388 46 53 127 103
tvmonitor 0.0362 47 28 125 86
tvmonitor 0.0345 17 50 81 98
tvmonitor 0.0335 142 1 181 47
tvmonitor 0.0331 0 33 100 100
tvmonitor 0.0326 1 36 22 64
tvmonitor 0.0325 68 59 160 95
tvmonitor 0.0313 47 43 82 72
tvmonitor 0.0296 115 87 164 136
tvmonitor 0.0293 26 47 109 82
tvmonitor 0.0293 115 71 164 99
tvmonitor 0.0292 63 11 140 125
tvmonitor 0.0259 0 62 75 108
tvmonitor 0.0252 0 14 23 64
tvmonitor 0.0244 14 39 86 75
tvmonitor 0.0236 53 49 137 82
tvmonitor 0.0230 7 43 57 70
tvmonitor 0.0218 3 25 19 54
tvmonitor 0.0216 0 0 47 53
tvmonitor 0.0215 3 41 40 62
tvmonitor 0.0214 72 58 122 122
tvmonitor 0.0210 185 2 213 40
