bicycle 0.0960 185 139 353 219
bicycle 0.0560 264 114 330 216
bicycle 0.0270 273 130 356 237
bicycle 0.0240 238 102 325 194
bicycle 0.0231 281 128 324 203
bicycle 0.0213 261 122 317 183
bicycle 0.0202 165 168 300 228
car 0.2776 0 1 28 48
car 0.0788 4 1 71 50
car 0.0737 1 11 45 48
car 0.0698 0 25 31 48
car 0.0630 7 0 207 45
car 0.0494 0 17 18 48
car 0.0493 0 34 40 51
car 0.0466 0 19 34 40
car 0.0391 456 0 500 17
car 0.0332 437 0 500 24
car 0.0332 78 2 275 48
car 0.0316 10 21 105 49
car 0.0304 476 0 499 21
car 0.0295 0 28 53 53
car 0.0280 0 9 141 51
car 0.0276 9 11 192 65
car 0.0276 0 0 80 84
car 0.0270 0 5 34 27
car 0.0259 0 42 44 54
car 0.0231 0 13 30 68
car 0.0227 482 223 499 252
car 0.0220 0 5 267 80
car 0.0207 0 0 52 35
motorbike 0.8483 101 135 358 290
motorbike 0.3452 165 82 341 261
motorbike 0.1168 170 145 373 245
motorbike 0.0630 212 127 388 296
motorbike 0.0608 252 134 379 235
motorbike 0.0592 96 165 267 273
motorbike 0.0583 71 62 469 309
motorbike 0.0443 185 116 341 205
motorbike 0.0318 104 140 287 231
motorbike 0.0297 110 0 308 39
motorbike 0.0284 145 0 252 14
motorbike 0.0281 99 181 175 276
motorbike 0.0272 92 156 211 244
motorbike 0.0270 237 151 354 270
motorbike 0.0242 125 194 308 280
motorbike 0.0233 180 0 279 11
motorbike 0.0227 198 0 253 12
person 0.7663 191 61 320 245
person 0.2266 142 134 304 288
person 0.2147 179 112 365 280
person 0.1684 189 122 285 256
person 0.1206 217 60 317 175
person 0.1183 235 84 335 232
person 0.1182 91 38 360 284
person 0.1033 191 143 260 232
person 0.0987 211 99 299 221
person 0.0914 171 161 219 220
person 0.0880 253 107 319 213
person 0.0746 206 156 249 222
person 0.0644 187 159 234 221
person 0.0579 234 61 388 277
person 0.0523 253 138 294 212
person 0.0506 161 160 234 243
person 0.0491 263 107 369 234
person 0.0484 225 144 286 226
person 0.0427 266 113 313 183
person 0.0395 222 61 316 119
person 0.0389 104 118 248 252
person 0.0365 213 156 265 245
person 0.0330 234 142 310 250
person 0.0315 268 79 314 157
person 0.0307 2 0 37 42
person 0.0299 271 60 316 113
person 0.0296 198 22 450 287
person 0.0293 202 131 279 214
person 0.0290 143 0 246 14
person 0.0289 16 0 424 331
person 0.0288 169 97 268 229
person 0.0286 24 0 77 48
person 0.0275 465 0 499 23
person 0.0272 163 122 231 222
person 0.0269 202 157 302 236
person 0.0263 141 33 317 188
person 0.0261 225 159 260 220
person 0.0261 141 0 186 11
person 0.0252 231 93 312 160
person 0.0250 95 151 202 252
person 0.0250 259 59 328 168
person 0.0247 183 168 213 214
person 0.0241 132 0 178 8
person 0.0241 6 3 56 49
person 0.0240 338 39 479 297
person 0.0232 200 56 410 183
person 0.0230 299 127 393 232
person 0.0221 190 0 245 12
person 0.0221 10 11 35 45
person 0.0220 210 71 286 154
person 0.0219 120 0 202 10
person 0.0215 257 155 316 206
person 0.0213 117 162 224 228
person 0.0211 266 135 287 167
person 0.0208 248 152 280 212
person 0.0205 246 61 322 98
person 0.0205 103 98 332 231
person 0.0202 252 122 286 192
train 0.0337 0 0 276 47
train 0.0317 55 28 399 278
train 0.0252 3 0 116 51
train 0.0206 25 0 487 39
