bird 0.0239 0 1 59 36
boat 0.1045 50 0 335 465
boat 0.0394 51 20 253 259
boat 0.0374 231 139 301 186
boat 0.0272 0 245 29 266
boat 0.0266 219 150 290 213
boat 0.0243 77 83 138 129
boat 0.0230 108 8 323 235
boat 0.0213 220 175 293 238
boat 0.0206 115 285 293 460
boat 0.0201 245 140 288 171
bottle 0.7278 113 12 253 464
bottle 0.1259 87 23 235 305
bottle 0.1242 117 214 239 455
bottle 0.1149 29 155 237 481
bottle 0.1145 85 90 159 254
bottle 0.0730 105 218 158 432
bottle 0.0662 6 234 139 499
bottle 0.0643 247 201 371 483
bottle 0.0617 116 107 202 433
bottle 0.0586 157 29 310 423
bottle 0.0586 100 151 157 359
bottle 0.0537 77 51 146 213
bottle 0.0514 83 82 138 126
bottle 0.0513 89 168 149 246
bottle 0.0502 214 137 308 255
bottle 0.0501 91 57 186 392
bottle 0.0480 186 8 237 50
bottle 0.0464 124 239 193 451
bottle 0.0430 121 15 235 177
bottle 0.0414 11 55 140 410
bottle 0.0383 194 11 220 47
bottle 0.0383 79 82 144 154
bottle 0.0366 13 14 180 273
bottle 0.0365 227 44 369 401
bottle 0.0358 10 0 297 500
bottle 0.0357 167 168 327 483
bottle 0.0355 108 86 136 123
bottle 0.0352 124 320 249 442
bottle 0.0341 114 49 188 240
bottle 0.0335 229 66 305 243
bottle 0.0329 210 250 268 443
bottle 0.0324 182 17 250 212
bottle 0.0313 246 142 299 179
bottle 0.0311 123 72 361 500
bottle 0.0310 0 475 16 500
bottle 0.0309 119 186 173 387
bottle 0.0308 199 99 222 193
bottle 0.0297 313 467 335 499
bottle 0.0295 190 221 243 443
bottle 0.0291 146 18 202 185
bottle 0.0285 162 29 233 253
bottle 0.0285 253 146 280 176
bottle 0.0268 287 469 340 500
bottle 0.0265 187 16 361 282
bottle 0.0261 195 157 243 374
bottle 0.0260 117 100 179 297
bottle 0.0257 196 66 234 216
bottle 0.0256 223 177 238 225
bottle 0.0252 85 191 196 484
bottle 0.0251 244 145 265 176
bottle 0.0249 124 307 167 447
bottle 0.0246 303 470 363 500
bottle 0.0245 202 120 231 228
bottle 0.0243 237 483 277 498
bottle 0.0243 212 149 244 237
bottle 0.0243 196 105 292 385
bottle 0.0238 186 9 220 29
bottle 0.0238 147 15 227 125
bottle 0.0237 105 90 154 204
bottle 0.0231 217 167 235 228
bottle 0.0228 0 1 15 46
bottle 0.0227 183 14 215 39
bottle 0.0225 151 19 196 86
bottle 0.0224 198 20 216 60
bottle 0.0223 98 98 134 125
bottle 0.0223 105 77 148 132
bottle 0.0222 147 118 160 170
bottle 0.0222 197 103 252 295
bottle 0.0222 167 16 222 84
bottle 0.0219 180 479 223 500
bottle 0.0218 198 22 285 227
bottle 0.0218 207 183 272 385
bottle 0.0212 85 81 211 200
bottle 0.0208 95 154 168 265
bottle 0.0208 200 332 237 437
bottle 0.0207 0 446 14 500
bottle 0.0207 103 289 264 482
bottle 0.0206 76 228 141 439
bottle 0.0204 186 74 231 303
bottle 0.0204 81 154 140 333
bottle 0.0203 192 112 222 227
bottle 0.0203 237 261 296 451
bottle 0.0202 202 235 235 349
car 0.0227 0 244 26 264
chair 0.0930 220 144 303 247
chair 0.0808 284 169 375 248
chair 0.0637 84 98 151 247
chair 0.0589 88 170 149 246
chair 0.0530 239 150 371 256
chair 0.0446 224 138 305 201
chair 0.0421 226 247 375 498
chair 0.0360 77 83 143 150
chair 0.0357 202 60 307 260
chair 0.0337 252 142 301 179
chair 0.0336 0 237 133 498
chair 0.0291 341 170 374 250
chair 0.0286 228 150 277 238
chair 0.0270 301 94 374 248
chair 0.0259 236 146 286 186
chair 0.0256 3 258 75 487
chair 0.0251 177 14 240 110
chair 0.0249 311 248 375 484
chair 0.0249 290 203 374 260
chair 0.0244 22 91 142 263
chair 0.0239 276 145 302 176
chair 0.0228 250 179 374 314
chair 0.0208 228 193 298 246
chair 0.0206 248 221 375 400
chair 0.0202 223 148 274 199
chair 0.0202 83 199 141 245
diningtable 0.0985 20 4 283 493
diningtable 0.0916 12 246 235 481
diningtable 0.0765 112 137 344 483
diningtable 0.0542 223 225 375 475
diningtable 0.0488 107 3 369 343
diningtable 0.0463 86 293 329 485
diningtable 0.0416 94 35 275 232
diningtable 0.0298 22 17 249 293
diningtable 0.0275 0 240 125 342
diningtable 0.0252 2 230 166 420
diningtable 0.0251 168 336 375 491
diningtable 0.0244 54 12 243 165
diningtable 0.0243 137 103 317 272
diningtable 0.0233 233 244 370 337
diningtable 0.0227 130 254 355 433
person 0.0745 116 5 236 309
person 0.0624 81 16 200 278
person 0.0599 178 11 237 60
person 0.0474 177 14 239 175
person 0.0463 74 39 150 235
person 0.0446 168 11 241 101
person 0.0444 3 236 158 493
person 0.0441 184 14 302 260
person 0.0422 248 107 373 248
person 0.0413 0 7 129 268
person 0.0356 240 232 373 497
person 0.0328 0 479 29 500
person 0.0323 97 14 222 171
person 0.0317 155 16 217 65
person 0.0299 215 35 364 248
person 0.0292 83 130 97 161
person 0.0290 0 463 14 500
person 0.0288 0 0 30 39
person 0.0277 102 82 137 125
person 0.0274 142 6 276 206
person 0.0270 3 271 72 491
person 0.0267 0 0 15 43
person 0.0264 311 260 374 491
person 0.0262 200 13 238 52
person 0.0258 277 471 337 500
person 0.0249 26 67 171 252
person 0.0248 82 128 91 158
person 0.0247 32 3 193 201
person 0.0243 12 80 94 255
person 0.0232 141 22 249 142
person 0.0217 233 27 305 228
person 0.0215 81 110 100 161
person 0.0211 89 11 164 166
person 0.0206 52 86 126 253
person 0.0204 291 159 375 244
pottedplant 0.0655 187 11 238 65
pottedplant 0.0455 244 479 313 500
pottedplant 0.0452 78 84 141 143
pottedplant 0.0450 78 84 146 235
pottedplant 0.0386 0 234 143 490
pottedplant 0.0365 184 8 242 108
pottedplant 0.0310 313 476 375 500
pottedplant 0.0260 0 0 103 40
pottedplant 0.0236 338 480 374 499
pottedplant 0.0228 305 467 358 500
pottedplant 0.0220 161 5 236 54
pottedplant 0.0219 219 185 364 478
pottedplant 0.0216 270 476 331 500
pottedplant 0.0214 204 0 241 57
tvmonitor 0.0238 147 7 230 88
