bottle 0.0353 152 296 260 374
bottle 0.0333 72 22 90 71
bottle 0.0276 0 0 20 57
bottle 0.0273 136 0 186 15
bottle 0.0267 230 259 434 326
bottle 0.0248 211 0 239 40
bottle 0.0241 154 303 206 372
bottle 0.0238 121 300 395 372
bottle 0.0229 236 295 259 334
bottle 0.0205 181 300 240 369
bottle 0.0203 166 295 275 346
chair 0.2166 195 23 492 346
chair 0.0922 54 116 500 375
chair 0.0869 171 219 500 370
chair 0.0749 70 1 215 63
chair 0.0701 78 3 256 98
chair 0.0628 69 0 123 71
chair 0.0581 324 39 498 312
chair 0.0573 47 12 202 119
chair 0.0570 26 0 246 282
chair 0.0496 211 277 492 364
chair 0.0476 61 0 160 82
chair 0.0462 69 7 97 71
chair 0.0461 200 3 452 217
chair 0.0436 17 0 120 70
chair 0.0417 29 213 419 374
chair 0.0410 86 0 222 35
chair 0.0393 1 15 274 149
chair 0.0392 0 47 304 375
chair 0.0389 245 123 486 306
chair 0.0318 324 164 500 373
chair 0.0311 9 253 294 369
chair 0.0279 189 96 390 375
chair 0.0277 230 217 469 314
chair 0.0273 9 0 70 59
chair 0.0267 152 305 394 369
chair 0.0266 3 0 39 58
chair 0.0259 90 2 174 53
chair 0.0251 79 305 287 368
chair 0.0244 108 0 192 27
chair 0.0242 119 3 211 51
chair 0.0236 276 66 418 283
chair 0.0236 26 6 85 66
chair 0.0235 54 0 369 191
chair 0.0230 249 260 458 328
chair 0.0228 95 26 212 75
chair 0.0227 5 33 181 187
chair 0.0219 205 13 428 108
chair 0.0218 17 151 225 375
chair 0.0215 297 303 500 372
chair 0.0214 83 0 138 55
chair 0.0212 212 1 243 49
chair 0.0212 239 0 386 182
chair 0.0211 373 17 496 239
chair 0.0204 13 73 126 323
dog 0.5234 51 36 275 317
dog 0.2119 64 53 223 209
dog 0.1231 97 55 205 133
dog 0.1054 0 71 361 360
dog 0.0916 52 82 185 273
dog 0.0519 50 36 204 154
dog 0.0466 34 181 318 340
dog 0.0451 36 110 134 263
dog 0.0440 109 57 196 102
dog 0.0440 28 58 166 218
dog 0.0423 50 163 168 269
dog 0.0412 137 84 307 348
dog 0.0360 103 55 281 229
dog 0.0346 142 67 210 124
dog 0.0283 87 71 250 161
dog 0.0279 45 236 154 266
dog 0.0278 52 147 249 295
dog 0.0259 24 117 221 364
dog 0.0251 93 63 187 188
dog 0.0249 122 60 217 181
dog 0.0238 24 192 143 278
dog 0.0236 86 41 217 100
dog 0.0221 190 101 298 225
person 0.5434 171 15 423 341
person 0.5058 72 22 318 333
person 0.2654 185 21 341 265
person 0.2303 174 28 252 130
person 0.1952 180 24 281 164
person 0.1521 125 19 270 127
person 0.1358 98 29 286 189
person 0.0911 162 10 345 148
person 0.0796 58 12 251 146
person 0.0745 178 25 242 83
person 0.0639 77 21 215 112
person 0.0636 178 31 298 104
person 0.0609 139 8 242 81
person 0.0589 172 47 223 123
person 0.0583 125 0 203 17
person 0.0515 99 3 237 59
person 0.0497 79 2 299 88
person 0.0491 112 47 228 165
person 0.0475 132 49 214 113
person 0.0465 214 125 451 316
person 0.0452 196 42 327 180
person 0.0401 157 38 207 98
person 0.0395 196 21 363 108
person 0.0374 208 27 271 79
person 0.0365 0 30 249 233
person 0.0353 178 9 241 56
person 0.0343 153 0 231 21
person 0.0333 186 66 287 248
person 0.0326 148 67 207 128
person 0.0325 211 0 238 34
person 0.0324 131 39 233 91
person 0.0323 203 10 409 194
person 0.0321 202 15 248 76
person 0.0313 185 12 291 81
person 0.0311 154 27 218 77
person 0.0307 109 0 230 32
person 0.0297 171 97 304 320
person 0.0288 213 1 234 22
person 0.0287 164 1 229 67
person 0.0287 227 33 290 86
person 0.0280 205 4 279 64
person 0.0278 211 37 265 111
person 0.0277 221 10 263 73
person 0.0268 237 51 389 286
person 0.0266 211 2 310 102
person 0.0264 180 68 242 132
person 0.0261 73 27 92 70
person 0.0260 156 58 256 222
person 0.0252 0 0 20 52
person 0.0238 187 0 239 26
person 0.0237 213 174 315 321
person 0.0227 136 20 229 61
person 0.0225 254 0 295 63
person 0.0221 230 48 247 82
person 0.0216 171 50 250 100
person 0.0214 33 54 147 172
person 0.0208 58 0 117 79
person 0.0208 221 37 293 127
person 0.0207 173 71 206 115
person 0.0207 193 45 240 120
person 0.0206 269 0 308 63
person 0.0205 182 30 213 80
person 0.0205 207 0 247 51
person 0.0202 159 274 305 357
sofa 0.4177 49 17 500 365
sofa 0.1452 16 28 335 267
sofa 0.1003 126 55 443 273
sofa 0.0602 40 9 267 129
sofa 0.0433 65 1 470 201
sofa 0.0427 0 160 395 375
sofa 0.0235 96 41 342 192
tvmonitor 0.0237 0 0 22 57
tvmonitor 0.0216 211 0 243 45
