car 0.0365 351 123 390 153
car 0.0327 0 77 16 121
car 0.0292 0 24 15 77
car 0.0266 374 122 390 155
car 0.0206 0 23 37 105
horse 0.7666 87 122 295 428
horse 0.4831 92 98 286 293
horse 0.1141 57 271 119 439
horse 0.1021 21 315 108 445
horse 0.1007 76 261 147 437
horse 0.0810 70 270 302 446
horse 0.0716 174 121 286 329
horse 0.0622 54 304 101 424
horse 0.0533 103 176 295 341
horse 0.0479 215 137 298 296
horse 0.0429 17 201 105 450
horse 0.0356 11 272 74 450
horse 0.0347 10 134 248 470
horse 0.0346 83 185 181 437
horse 0.0285 127 110 390 480
horse 0.0284 223 184 300 339
horse 0.0277 74 318 108 428
horse 0.0277 193 142 352 416
horse 0.0272 62 306 92 383
horse 0.0260 254 168 376 468
horse 0.0257 78 294 195 443
horse 0.0232 118 128 234 374
horse 0.0225 84 309 121 434
horse 0.0220 1 310 56 461
horse 0.0204 88 187 231 289
horse 0.0203 48 170 131 431
person 0.8375 118 59 261 274
person 0.2078 82 35 288 340
person 0.1711 168 109 284 310
person 0.1422 189 73 268 262
person 0.1128 91 106 222 275
person 0.0696 131 99 199 272
person 0.0639 214 128 299 277
person 0.0611 210 65 261 135
person 0.0577 101 126 176 283
person 0.0536 201 65 253 214
person 0.0522 155 83 240 257
person 0.0492 144 75 253 168
person 0.0474 207 71 294 210
person 0.0451 167 64 255 132
person 0.0437 210 115 254 258
person 0.0432 176 60 272 184
person 0.0426 220 61 272 110
person 0.0396 196 62 257 110
person 0.0355 54 35 188 278
person 0.0353 226 107 277 239
person 0.0333 226 71 270 164
person 0.0330 131 45 326 190
person 0.0326 243 115 285 204
person 0.0324 82 352 94 381
person 0.0318 252 127 295 222
person 0.0313 192 65 300 154
person 0.0287 77 338 90 378
person 0.0284 219 71 250 150
person 0.0276 88 351 101 384
person 0.0271 194 106 239 251
person 0.0269 1 324 13 392
person 0.0265 73 159 160 283
person 0.0259 211 90 263 174
person 0.0256 241 87 282 164
person 0.0247 0 65 15 118
person 0.0241 233 141 266 236
person 0.0238 80 121 222 410
person 0.0235 1 347 14 412
person 0.0235 84 354 108 431
person 0.0230 211 65 231 106
person 0.0230 213 64 242 123
person 0.0227 70 312 91 381
person 0.0225 67 335 84 378
person 0.0225 84 336 93 375
person 0.0222 145 56 242 113
person 0.0221 338 167 349 211
person 0.0218 184 55 284 119
person 0.0214 237 62 280 131
person 0.0211 230 67 253 132
person 0.0210 280 194 297 228
person 0.0209 234 63 262 93
person 0.0204 214 63 256 95
person 0.0201 63 341 77 378
pottedplant 0.0365 317 191 389 365
pottedplant 0.0280 274 218 390 386
pottedplant 0.0224 360 249 390 340
pottedplant 0.0210 313 276 388 341
