aeroplane 0.0481 70 125 267 249
aeroplane 0.0374 31 0 500 238
aeroplane 0.0255 25 34 314 252
bicycle 0.0317 54 156 276 258
bird 0.0318 246 227 260 239
bird 0.0263 244 228 255 238
bird 0.0260 414 191 423 203
bird 0.0245 308 246 324 259
bird 0.0245 444 188 471 207
bird 0.0230 77 109 245 257
bird 0.0221 409 192 417 203
bird 0.0210 422 191 431 203
car 0.0251 1 90 23 119
person 0.0549 0 7 235 306
person 0.0323 0 0 500 306
person 0.0258 73 0 168 100
sheep 0.7194 424 129 497 207
sheep 0.7156 301 125 401 212
sheep 0.6726 272 98 325 146
sheep 0.6581 101 172 224 249
sheep 0.6487 336 111 408 167
sheep 0.6324 433 96 495 142
sheep 0.6199 184 148 280 226
sheep 0.5940 121 151 268 240
sheep 0.5696 428 105 496 182
sheep 0.5003 143 155 223 236
sheep 0.2964 156 152 193 179
sheep 0.2864 260 140 370 217
sheep 0.2743 333 115 354 137
sheep 0.2693 416 136 440 161
sheep 0.2406 276 105 351 212
sheep 0.2113 151 145 256 213
sheep 0.2031 432 96 452 119
sheep 0.1919 203 145 278 198
sheep 0.1841 335 114 391 148
sheep 0.1795 152 150 207 189
sheep 0.1757 274 131 315 149
sheep 0.1708 359 111 406 151
sheep 0.1513 296 105 388 157
sheep 0.1505 331 113 372 141
sheep 0.1500 369 120 485 209
sheep 0.1470 289 132 325 147
sheep 0.1447 159 141 365 227
sheep 0.1390 264 95 314 128
sheep 0.1316 99 180 181 226
sheep 0.1314 341 115 421 205
sheep 0.1245 100 185 128 216
sheep 0.1197 463 126 499 185
sheep 0.1194 266 99 291 117
sheep 0.1175 442 113 500 154
sheep 0.1163 458 99 498 136
sheep 0.1158 98 184 143 228
sheep 0.1148 211 130 295 216
sheep 0.1101 147 151 190 209
sheep 0.1039 373 112 408 170
sheep 0.1025 433 97 462 132
sheep 0.0935 304 127 324 147
sheep 0.0916 115 154 202 225
sheep 0.0908 428 94 480 127
sheep 0.0900 414 134 430 160
sheep 0.0898 275 111 309 149
sheep 0.0866 425 136 450 157
sheep 0.0864 351 125 403 188
sheep 0.0861 160 151 230 178
sheep 0.0860 298 99 326 138
sheep 0.0846 464 128 498 157
sheep 0.0842 416 135 459 167
sheep 0.0842 266 101 281 121
sheep 0.0830 272 122 329 148
sheep 0.0814 182 156 229 217
sheep 0.0806 268 102 356 152
sheep 0.0803 212 166 275 224
sheep 0.0779 286 138 388 191
sheep 0.0777 392 100 486 152
sheep 0.0755 320 129 414 175
sheep 0.0747 305 135 330 151
sheep 0.0734 381 153 409 168
sheep 0.0718 293 113 321 148
sheep 0.0697 317 112 355 141
sheep 0.0691 356 105 468 160
sheep 0.0678 427 161 491 211
sheep 0.0673 385 158 413 169
sheep 0.0659 441 127 494 145
sheep 0.0656 165 152 205 174
sheep 0.0640 176 166 237 238
sheep 0.0638 372 112 403 134
sheep 0.0632 275 133 298 154
sheep 0.0629 276 131 331 156
sheep 0.0618 382 140 406 168
sheep 0.0617 438 98 494 122
sheep 0.0600 185 146 250 188
sheep 0.0597 431 134 452 151
sheep 0.0595 202 157 254 222
sheep 0.0591 443 131 471 144
sheep 0.0575 352 152 401 210
sheep 0.0575 265 141 322 212
sheep 0.0574 252 165 292 220
sheep 0.0564 466 108 497 148
sheep 0.0564 264 99 410 223
sheep 0.0562 310 139 342 151
sheep 0.0561 149 174 211 225
sheep 0.0555 328 113 345 135
sheep 0.0551 343 112 399 135
sheep 0.0546 268 97 301 112
sheep 0.0546 288 135 468 219
sheep 0.0542 267 104 321 193
sheep 0.0539 394 156 409 169
sheep 0.0536 153 153 176 178
sheep 0.0535 438 129 496 166
sheep 0.0533 335 135 402 165
sheep 0.0517 408 134 480 186
sheep 0.0516 462 145 500 204
sheep 0.0513 431 97 445 114
sheep 0.0506 383 126 432 167
sheep 0.0500 265 190 286 219
sheep 0.0496 150 153 186 169
sheep 0.0496 205 184 236 231
sheep 0.0488 329 139 381 176
sheep 0.0482 366 130 419 171
sheep 0.0482 149 154 182 189
sheep 0.0478 441 135 462 148
sheep 0.0470 235 98 326 157
sheep 0.0462 451 133 486 147
sheep 0.0461 313 137 367 172
sheep 0.0454 115 204 227 253
sheep 0.0454 289 132 327 194
sheep 0.0453 420 131 480 162
sheep 0.0448 75 116 225 245
sheep 0.0446 437 138 461 154
sheep 0.0443 298 135 351 169
sheep 0.0435 340 115 366 134
sheep 0.0431 138 167 185 203
sheep 0.0429 444 133 486 157
sheep 0.0426 201 146 274 172
sheep 0.0426 210 202 233 230
sheep 0.0424 429 134 468 156
sheep 0.0424 298 133 340 149
sheep 0.0421 446 138 470 153
sheep 0.0416 296 98 323 120
sheep 0.0416 281 97 322 111
sheep 0.0416 337 120 378 168
sheep 0.0415 393 137 409 167
sheep 0.0412 409 122 457 179
sheep 0.0410 420 134 434 153
sheep 0.0408 266 109 278 130
sheep 0.0407 465 123 498 143
sheep 0.0399 112 117 301 227
sheep 0.0397 409 134 438 170
sheep 0.0396 109 187 186 255
sheep 0.0393 257 104 274 116
sheep 0.0390 267 99 290 138
sheep 0.0386 136 155 217 200
sheep 0.0386 443 170 500 205
sheep 0.0384 438 110 480 142
sheep 0.0383 276 128 313 174
sheep 0.0383 138 180 167 200
sheep 0.0382 184 154 214 166
sheep 0.0380 347 114 376 132
sheep 0.0380 308 131 333 145
sheep 0.0378 416 130 443 183
sheep 0.0377 406 84 500 132
sheep 0.0377 300 131 321 153
sheep 0.0376 319 137 342 148
sheep 0.0375 268 100 284 113
sheep 0.0373 377 114 405 148
sheep 0.0371 260 176 282 219
sheep 0.0371 263 93 295 122
sheep 0.0371 245 229 260 238
sheep 0.0369 388 149 411 166
sheep 0.0369 302 112 347 146
sheep 0.0369 299 125 359 153
sheep 0.0367 245 106 266 118
sheep 0.0365 197 149 238 172
sheep 0.0364 327 113 360 160
sheep 0.0363 324 140 358 154
sheep 0.0363 152 162 189 182
sheep 0.0361 281 159 328 219
sheep 0.0360 107 184 150 213
sheep 0.0354 431 103 444 126
sheep 0.0353 265 118 324 165
sheep 0.0353 415 97 474 139
sheep 0.0351 251 148 284 206
sheep 0.0350 119 180 170 216
sheep 0.0349 222 187 295 221
sheep 0.0345 465 185 498 203
sheep 0.0340 387 133 442 192
sheep 0.0339 386 122 411 166
sheep 0.0338 306 137 343 161
sheep 0.0336 273 165 405 220
sheep 0.0336 473 105 500 134
sheep 0.0335 167 162 223 200
sheep 0.0334 198 153 223 168
sheep 0.0333 178 151 215 172
sheep 0.0332 364 112 400 126
sheep 0.0332 271 125 305 158
sheep 0.0330 125 149 187 190
sheep 0.0330 266 173 315 217
sheep 0.0329 362 113 449 191
sheep 0.0328 401 161 417 170
sheep 0.0327 378 110 431 152
sheep 0.0327 340 118 368 147
sheep 0.0326 240 98 299 140
sheep 0.0326 259 81 337 137
sheep 0.0326 193 106 335 206
sheep 0.0325 427 133 446 146
sheep 0.0325 164 159 199 183
sheep 0.0324 244 99 278 118
sheep 0.0323 114 185 142 206
sheep 0.0323 101 186 137 203
sheep 0.0322 307 113 329 139
sheep 0.0321 447 76 500 169
sheep 0.0319 288 124 313 148
sheep 0.0318 458 118 491 151
sheep 0.0317 427 136 442 151
sheep 0.0317 406 143 417 163
sheep 0.0316 192 153 227 177
sheep 0.0315 450 189 493 204
sheep 0.0314 415 116 447 161
sheep 0.0314 437 133 454 144
sheep 0.0313 420 132 438 147
sheep 0.0311 303 139 346 192
sheep 0.0310 159 166 191 188
sheep 0.0310 99 185 120 207
sheep 0.0310 356 112 386 132
sheep 0.0310 297 127 330 165
sheep 0.0309 202 148 245 163
sheep 0.0309 351 141 412 169
sheep 0.0309 465 98 496 121
sheep 0.0307 400 157 416 168
sheep 0.0307 358 141 429 200
sheep 0.0305 330 133 352 148
sheep 0.0305 273 133 288 152
sheep 0.0303 140 185 209 255
sheep 0.0300 304 114 372 176
sheep 0.0299 428 96 449 132
sheep 0.0297 477 173 500 202
sheep 0.0296 438 137 475 163
sheep 0.0294 205 197 281 229
sheep 0.0293 266 116 276 135
sheep 0.0293 140 174 180 222
sheep 0.0292 319 119 347 147
sheep 0.0292 242 149 282 163
sheep 0.0292 356 175 407 212
sheep 0.0292 441 135 490 188
sheep 0.0291 430 97 474 116
sheep 0.0291 341 113 372 123
sheep 0.0291 352 112 382 122
sheep 0.0291 236 145 295 192
sheep 0.0290 321 128 342 144
sheep 0.0290 425 93 453 146
sheep 0.0290 368 149 411 169
sheep 0.0289 263 101 282 135
sheep 0.0289 346 149 418 178
sheep 0.0285 265 184 299 220
sheep 0.0284 274 187 329 220
sheep 0.0280 198 151 236 198
sheep 0.0280 287 133 314 154
sheep 0.0279 478 99 500 153
sheep 0.0279 140 159 168 191
sheep 0.0277 419 145 434 173
sheep 0.0275 395 163 413 174
sheep 0.0274 336 115 347 127
sheep 0.0274 272 138 282 148
sheep 0.0274 405 151 416 166
sheep 0.0272 258 150 285 163
sheep 0.0272 387 102 440 141
sheep 0.0272 152 183 254 234
sheep 0.0271 312 118 351 159
sheep 0.0270 315 123 330 143
sheep 0.0270 407 143 423 160
sheep 0.0270 80 169 267 276
sheep 0.0270 399 134 423 168
sheep 0.0269 403 129 442 159
sheep 0.0268 307 140 366 208
sheep 0.0267 427 99 440 110
sheep 0.0266 334 140 373 157
sheep 0.0266 98 172 138 213
sheep 0.0266 277 138 303 149
sheep 0.0263 323 96 454 175
sheep 0.0262 318 118 339 136
sheep 0.0262 433 122 488 141
sheep 0.0262 279 144 291 163
sheep 0.0262 439 97 475 110
sheep 0.0261 286 99 317 125
sheep 0.0261 437 123 462 140
sheep 0.0260 332 112 363 126
sheep 0.0260 103 184 125 199
sheep 0.0260 415 151 426 167
sheep 0.0260 319 140 347 159
sheep 0.0258 144 142 278 184
sheep 0.0258 306 122 336 148
sheep 0.0257 415 133 425 151
sheep 0.0257 86 188 137 217
sheep 0.0257 356 114 375 125
sheep 0.0255 439 143 478 208
sheep 0.0255 147 169 176 189
sheep 0.0255 387 161 410 174
sheep 0.0254 158 150 194 164
sheep 0.0253 161 158 203 217
sheep 0.0253 240 107 259 118
sheep 0.0253 200 202 241 234
sheep 0.0250 145 161 159 181
sheep 0.0249 273 151 287 163
sheep 0.0248 431 112 441 131
sheep 0.0248 274 145 289 158
sheep 0.0248 141 173 165 189
sheep 0.0248 316 109 331 136
sheep 0.0246 143 177 176 194
sheep 0.0246 380 158 458 207
sheep 0.0245 323 152 419 198
sheep 0.0245 432 99 448 108
sheep 0.0244 243 226 259 235
sheep 0.0244 169 198 227 243
sheep 0.0244 273 104 298 137
sheep 0.0244 354 131 387 167
sheep 0.0242 437 96 459 107
tvmonitor 0.0256 0 9 65 44
