aeroplane 0.0460 141 185 488 332
aeroplane 0.0457 202 242 316 286
aeroplane 0.0217 0 0 425 375
bicycle 0.0203 460 313 500 344
bird 0.0387 20 0 500 309
boat 0.0393 0 10 463 357
boat 0.0200 183 145 340 275
bus 0.7801 0 156 207 357
bus 0.1497 0 158 196 260
bus 0.0789 4 214 111 345
bus 0.0786 23 265 230 352
bus 0.0753 421 266 495 319
bus 0.0697 452 255 500 291
bus 0.0672 17 222 294 353
bus 0.0466 90 176 222 344
bus 0.0447 458 258 500 274
bus 0.0414 1 220 86 287
bus 0.0398 2 166 109 297
bus 0.0397 9 188 156 321
bus 0.0357 125 204 199 301
bus 0.0324 422 243 497 304
bus 0.0313 110 160 212 291
bus 0.0312 8 60 291 360
bus 0.0296 469 267 495 279
bus 0.0278 474 271 493 284
bus 0.0248 0 0 500 327
bus 0.0235 377 251 499 317
bus 0.0222 143 229 191 295
bus 0.0216 479 258 498 279
bus 0.0206 63 215 202 286
bus 0.0203 454 230 498 283
bus 0.0202 103 214 177 308
car 0.9376 186 278 358 340
car 0.1082 427 273 479 319
car 0.0985 45 294 223 349
car 0.0719 187 288 239 341
car 0.0691 432 267 500 333
car 0.0680 111 260 334 346
car 0.0645 209 270 333 318
car 0.0616 2 163 153 217
car 0.0609 107 288 258 346
car 0.0603 2 214 89 275
car 0.0583 199 281 301 309
car 0.0562 436 273 497 308
car 0.0558 5 211 86 247
car 0.0546 175 294 224 345
car 0.0529 131 243 199 299
car 0.0518 120 249 209 348
car 0.0508 457 256 498 321
car 0.0506 428 296 477 319
car 0.0494 202 283 243 299
car 0.0486 232 277 312 303
car 0.0486 4 171 90 229
car 0.0483 467 273 498 287
car 0.0476 196 282 235 307
car 0.0474 281 283 362 339
car 0.0468 127 251 173 296
car 0.0464 183 278 202 301
car 0.0461 216 249 319 290
car 0.0459 294 278 337 302
car 0.0458 177 279 196 300
car 0.0452 177 271 219 334
car 0.0445 190 245 343 328
car 0.0444 450 272 499 295
car 0.0441 135 265 191 299
car 0.0438 200 282 268 301
car 0.0436 198 252 459 339
car 0.0419 163 281 194 299
car 0.0404 431 273 482 298
car 0.0400 252 278 291 290
car 0.0398 157 255 203 301
car 0.0397 168 272 199 302
car 0.0393 464 276 491 292
car 0.0391 226 275 296 294
car 0.0384 199 248 217 274
car 0.0384 4 200 109 239
car 0.0379 151 280 185 299
car 0.0374 188 283 211 306
car 0.0373 236 282 286 296
car 0.0372 465 264 500 276
car 0.0371 203 280 226 302
car 0.0369 422 258 497 300
car 0.0364 205 250 222 273
car 0.0361 175 286 202 302
car 0.0354 187 307 226 341
car 0.0345 1 171 24 210
car 0.0340 0 219 90 355
car 0.0340 237 278 277 289
car 0.0332 184 209 341 289
car 0.0326 153 284 208 343
car 0.0324 449 275 481 293
car 0.0323 6 164 79 209
car 0.0321 189 284 227 317
car 0.0321 180 311 237 350
car 0.0320 399 247 497 328
car 0.0320 233 263 308 291
car 0.0315 438 291 497 321
car 0.0312 336 301 358 337
car 0.0312 185 196 353 348
car 0.0306 190 287 289 344
car 0.0303 198 279 217 303
car 0.0301 365 282 393 306
car 0.0301 258 270 345 299
car 0.0297 3 182 145 241
car 0.0292 176 261 203 300
car 0.0289 173 242 211 302
car 0.0284 129 314 225 347
car 0.0282 1 163 48 217
car 0.0277 0 106 200 375
car 0.0276 207 279 241 292
car 0.0275 222 278 260 290
car 0.0270 155 282 201 304
car 0.0268 158 276 192 294
car 0.0266 482 271 497 287
car 0.0259 463 261 500 287
car 0.0258 242 272 276 284
car 0.0258 195 282 258 318
car 0.0256 278 311 362 346
car 0.0256 204 299 340 344
car 0.0249 0 284 149 355
car 0.0246 189 257 231 315
car 0.0244 0 339 49 355
car 0.0243 451 273 483 286
car 0.0243 175 280 213 301
car 0.0242 144 285 179 303
car 0.0242 2 191 36 211
car 0.0242 171 263 221 308
car 0.0240 196 243 229 272
car 0.0237 2 205 132 259
car 0.0236 474 266 499 282
car 0.0236 317 290 359 341
car 0.0235 224 248 294 278
car 0.0234 158 263 226 352
car 0.0232 56 316 237 359
car 0.0231 295 279 347 320
car 0.0231 371 280 421 309
car 0.0227 227 272 259 283
car 0.0223 109 232 175 293
car 0.0216 147 282 224 317
car 0.0216 0 205 73 235
car 0.0215 321 258 483 326
car 0.0213 215 265 283 287
car 0.0212 194 277 253 296
car 0.0212 213 251 232 272
car 0.0209 220 283 255 298
car 0.0209 443 275 473 308
car 0.0206 189 274 208 297
car 0.0204 110 329 221 358
car 0.0203 184 286 205 310
car 0.0203 316 276 339 302
car 0.0201 190 272 224 300
horse 0.0280 458 302 500 343
person 0.7034 469 275 498 342
person 0.2791 134 261 156 292
person 0.2285 127 261 149 290
person 0.2009 469 302 491 343
person 0.1946 475 274 498 315
person 0.1853 148 260 168 294
person 0.1577 120 261 141 288
person 0.1431 124 262 165 297
person 0.1375 471 275 493 304
person 0.1251 157 259 174 295
person 0.1198 139 253 164 293
person 0.1046 410 278 423 312
person 0.0958 287 270 313 299
person 0.0830 148 251 181 299
person 0.0811 438 275 496 335
person 0.0807 479 273 498 297
person 0.0805 183 263 199 300
person 0.0799 465 278 489 328
person 0.0786 405 280 419 310
person 0.0730 178 267 193 299
person 0.0679 174 252 198 300
person 0.0679 295 273 317 302
person 0.0672 270 272 317 303
person 0.0662 18 215 82 236
person 0.0654 116 255 152 294
person 0.0647 139 272 167 298
person 0.0637 161 254 189 299
person 0.0612 167 268 183 298
person 0.0550 145 251 161 284
person 0.0546 268 275 310 293
person 0.0525 273 252 314 299
person 0.0509 446 280 479 320
person 0.0506 470 273 494 289
person 0.0500 0 4 195 369
person 0.0497 273 280 305 299
person 0.0490 155 239 196 299
person 0.0490 116 262 133 292
person 0.0489 233 249 255 281
person 0.0485 185 278 200 306
person 0.0482 466 312 485 344
person 0.0480 468 281 481 297
person 0.0474 284 277 330 302
person 0.0467 241 272 313 298
person 0.0464 191 268 204 300
person 0.0464 155 276 180 299
person 0.0461 140 257 154 282
person 0.0453 467 277 482 306
person 0.0450 415 279 432 314
person 0.0450 397 280 413 310
person 0.0442 280 283 312 304
person 0.0442 256 281 299 297
person 0.0427 152 251 167 283
person 0.0420 275 272 298 295
person 0.0417 184 286 218 341
person 0.0415 266 278 293 292
person 0.0411 190 281 207 309
person 0.0409 426 278 475 327
person 0.0400 130 259 144 278
person 0.0395 458 301 500 346
person 0.0387 192 255 205 292
person 0.0385 262 271 298 285
person 0.0380 166 279 189 300
person 0.0373 249 268 308 289
person 0.0373 440 297 476 318
person 0.0368 468 321 494 345
person 0.0362 223 253 238 279
person 0.0361 121 259 155 277
person 0.0360 229 249 300 280
person 0.0359 165 251 182 290
person 0.0358 424 282 444 318
person 0.0357 159 248 175 283
person 0.0355 5 176 31 210
person 0.0353 218 256 229 277
person 0.0353 122 258 137 275
person 0.0347 300 281 335 304
person 0.0347 119 270 153 291
person 0.0346 231 256 248 282
person 0.0341 469 281 480 291
person 0.0341 258 279 284 292
person 0.0338 241 254 315 286
person 0.0333 122 247 175 322
person 0.0331 253 281 325 307
person 0.0329 269 273 286 289
person 0.0329 178 279 193 305
person 0.0314 185 250 198 281
person 0.0314 486 274 500 310
person 0.0309 199 251 215 277
person 0.0307 261 244 313 278
person 0.0305 466 294 484 334
person 0.0304 455 262 496 324
person 0.0301 227 248 265 290
person 0.0297 207 253 222 276
person 0.0296 470 292 500 375
person 0.0293 194 251 206 277
person 0.0291 116 242 169 289
person 0.0290 187 250 207 297
person 0.0286 261 284 296 303
person 0.0284 116 249 144 282
person 0.0284 248 271 283 284
person 0.0284 456 272 493 298
person 0.0280 267 281 288 300
person 0.0280 465 265 500 304
person 0.0279 419 272 451 319
person 0.0278 240 269 253 286
person 0.0276 117 262 130 281
person 0.0275 244 281 279 297
person 0.0275 225 262 236 282
person 0.0274 430 293 450 321
person 0.0273 14 174 37 209
person 0.0272 451 275 477 307
person 0.0268 219 264 228 282
person 0.0267 261 273 279 288
person 0.0267 248 259 292 284
person 0.0262 150 277 170 303
person 0.0259 200 276 214 298
person 0.0259 259 266 284 281
person 0.0258 298 283 320 309
person 0.0257 404 272 431 314
person 0.0254 238 274 287 295
person 0.0252 179 247 194 282
person 0.0251 240 281 297 305
person 0.0247 136 254 157 274
person 0.0245 451 297 479 336
person 0.0244 183 279 205 325
person 0.0244 469 277 485 287
person 0.0242 252 264 273 283
person 0.0241 255 274 271 288
person 0.0241 180 241 200 290
person 0.0239 241 259 262 283
person 0.0239 126 255 148 272
person 0.0237 139 262 176 306
person 0.0236 263 265 293 294
person 0.0235 221 248 245 283
person 0.0235 135 241 184 291
person 0.0235 219 255 293 292
person 0.0230 450 315 489 344
person 0.0229 243 280 268 292
person 0.0228 135 259 168 279
person 0.0228 181 258 210 312
person 0.0228 0 0 435 375
person 0.0228 475 311 497 344
person 0.0228 198 308 227 342
person 0.0228 458 313 473 339
person 0.0227 287 261 322 304
person 0.0227 180 308 207 340
person 0.0226 209 261 221 282
person 0.0225 436 287 464 319
person 0.0225 441 295 500 327
person 0.0224 221 279 308 310
person 0.0223 146 267 179 290
person 0.0220 283 244 312 273
person 0.0220 102 236 177 357
person 0.0219 274 265 313 281
person 0.0218 245 273 268 286
person 0.0217 174 272 196 308
person 0.0216 136 273 156 303
person 0.0214 3 167 45 211
person 0.0213 296 273 339 310
person 0.0212 411 274 439 321
person 0.0212 249 254 274 279
person 0.0212 477 271 500 287
person 0.0211 233 270 246 286
person 0.0210 0 210 70 239
person 0.0209 119 277 159 298
person 0.0209 228 282 262 298
person 0.0206 232 263 279 289
person 0.0204 386 280 404 309
person 0.0203 254 279 271 294
person 0.0202 418 290 434 318
person 0.0201 257 264 303 305
person 0.0201 257 259 284 276
train 0.0776 0 68 466 345
train 0.0632 0 146 321 359
train 0.0457 129 237 198 298
train 0.0453 440 253 500 285
train 0.0356 69 181 397 339
train 0.0317 196 242 311 285
train 0.0301 4 152 262 271
train 0.0300 183 165 340 296
train 0.0287 433 264 500 295
train 0.0285 368 251 500 313
train 0.0264 185 224 484 336
train 0.0241 82 226 206 294
train 0.0236 0 82 193 375
train 0.0224 91 155 297 304
tvmonitor 0.0332 366 280 391 305
tvmonitor 0.0253 360 273 406 308
