bottle 0.0246 433 0 469 20
bottle 0.0200 0 355 95 375
chair 0.0457 347 20 500 316
chair 0.0421 19 0 428 375
chair 0.0319 2 36 145 320
chair 0.0299 173 54 485 351
chair 0.0233 407 52 500 235
chair 0.0233 14 0 231 141
chair 0.0205 0 246 212 350
dog 0.7892 92 46 346 347
dog 0.1317 203 65 340 248
dog 0.0539 102 52 337 190
dog 0.0488 250 95 343 231
dog 0.0437 194 111 333 335
dog 0.0412 230 61 350 173
dog 0.0328 29 46 264 291
dog 0.0290 153 64 333 152
dog 0.0288 69 216 337 346
dog 0.0275 100 63 234 261
dog 0.0274 121 52 292 127
dog 0.0271 183 54 321 114
dog 0.0247 249 172 338 338
dog 0.0245 141 82 458 375
dog 0.0217 107 252 292 332
dog 0.0216 93 62 209 161
dog 0.0209 0 167 290 343
dog 0.0203 78 18 287 160
person 0.0407 262 38 497 362
person 0.0349 395 0 500 308
sofa 0.1699 34 31 355 354
sofa 0.0328 36 15 327 148
sofa 0.0287 100 9 405 253
sofa 0.0280 85 11 265 123
sofa 0.0268 108 75 500 366
sofa 0.0233 0 0 299 236
sofa 0.0200 184 25 350 131
tvmonitor 0.3633 397 5 500 169
tvmonitor 0.1399 417 0 497 109
tvmonitor 0.0855 443 0 498 70
tvmonitor 0.0830 405 41 496 124
tvmonitor 0.0584 306 18 500 148
tvmonitor 0.0490 355 0 500 264
tvmonitor 0.0429 432 0 495 29
tvmonitor 0.0412 387 0 477 96
tvmonitor 0.0355 398 0 500 57
tvmonitor 0.0319 399 25 500 84
tvmonitor 0.0294 192 19 496 274
tvmonitor 0.0288 356 60 500 180
tvmonitor 0.0286 452 14 500 100
tvmonitor 0.0282 316 0 500 85
tvmonitor 0.0281 400 81 500 135
tvmonitor 0.0264 475 0 500 74
tvmonitor 0.0258 425 38 493 95
tvmonitor 0.0249 456 0 499 45
tvmonitor 0.0238 397 48 477 103
tvmonitor 0.0237 434 0 479 17
tvmonitor 0.0232 448 39 500 79
tvmonitor 0.0229 425 0 481 50
tvmonitor 0.0228 449 46 499 125
tvmonitor 0.0208 425 60 493 168
