boat 0.5833 152 46 201 265
boat 0.4794 289 240 317 267
boat 0.1847 153 231 186 257
boat 0.1459 286 217 318 266
boat 0.1410 170 46 194 246
boat 0.1354 148 50 256 270
boat 0.1324 0 90 27 118
boat 0.1254 23 30 198 270
boat 0.1064 149 236 196 262
boat 0.1040 164 122 195 263
boat 0.0957 135 50 148 94
boat 0.0916 151 172 195 260
boat 0.0848 173 43 192 178
boat 0.0785 76 241 84 260
boat 0.0772 0 69 30 116
boat 0.0751 286 167 323 269
boat 0.0741 75 226 84 259
boat 0.0692 238 62 253 98
boat 0.0671 0 25 17 121
boat 0.0667 156 225 177 254
boat 0.0632 75 246 81 261
boat 0.0629 1 53 20 114
boat 0.0626 76 249 86 263
boat 0.0623 289 230 316 258
boat 0.0616 3 82 22 109
boat 0.0603 118 36 213 251
boat 0.0568 142 136 208 272
boat 0.0565 299 231 316 265
boat 0.0564 163 31 321 272
boat 0.0562 1 42 13 107
boat 0.0548 1 7 24 110
boat 0.0544 131 52 144 96
boat 0.0539 4 16 132 311
boat 0.0519 185 65 237 260
boat 0.0508 125 50 152 96
boat 0.0494 150 243 180 262
boat 0.0493 127 53 140 95
boat 0.0479 77 39 291 286
boat 0.0474 114 44 165 247
boat 0.0453 176 47 189 135
boat 0.0446 160 193 187 257
boat 0.0443 69 220 83 263
boat 0.0428 145 244 204 269
boat 0.0419 75 255 81 267
boat 0.0415 0 214 12 262
boat 0.0412 4 65 17 106
boat 0.0385 301 244 320 270
boat 0.0381 165 44 212 197
boat 0.0381 158 220 185 248
boat 0.0378 0 83 44 126
boat 0.0377 159 18 226 243
boat 0.0373 199 58 272 263
boat 0.0372 0 45 42 122
boat 0.0370 163 234 195 256
boat 0.0365 0 0 15 87
boat 0.0348 0 90 29 142
boat 0.0345 235 76 256 100
boat 0.0343 151 142 253 258
boat 0.0340 164 245 197 260
boat 0.0338 228 66 255 97
boat 0.0335 165 225 193 250
boat 0.0334 176 61 197 206
boat 0.0325 1 0 46 104
boat 0.0323 176 135 196 251
boat 0.0320 116 36 146 102
boat 0.0319 287 241 331 275
boat 0.0316 144 48 194 182
boat 0.0313 175 47 185 104
boat 0.0308 1 13 58 153
boat 0.0303 155 217 195 260
boat 0.0302 150 251 184 267
boat 0.0302 290 253 318 273
boat 0.0292 9 87 24 111
boat 0.0290 0 12 153 162
boat 0.0289 68 231 76 256
boat 0.0278 105 216 117 253
boat 0.0276 236 30 255 100
boat 0.0275 72 253 81 263
boat 0.0270 71 242 80 256
boat 0.0268 135 190 249 272
boat 0.0265 76 38 159 251
boat 0.0264 74 252 90 266
boat 0.0263 164 43 187 149
boat 0.0261 180 48 193 119
boat 0.0260 291 245 309 262
boat 0.0260 131 48 164 99
boat 0.0258 0 0 179 460
boat 0.0256 276 211 332 272
boat 0.0253 106 53 154 105
boat 0.0253 0 80 21 130
boat 0.0253 39 48 185 180
boat 0.0252 162 54 253 164
boat 0.0252 69 204 88 266
boat 0.0247 280 92 328 271
boat 0.0245 1 69 23 96
boat 0.0243 169 42 206 134
boat 0.0243 101 75 185 268
boat 0.0243 0 31 16 76
boat 0.0241 78 227 87 256
boat 0.0240 144 50 185 97
boat 0.0240 120 64 146 93
boat 0.0238 307 233 319 267
boat 0.0238 177 108 192 219
boat 0.0237 131 25 183 215
boat 0.0236 184 79 287 194
boat 0.0234 8 74 25 100
boat 0.0232 0 187 15 267
boat 0.0231 0 0 30 169
boat 0.0228 153 227 170 252
boat 0.0227 64 241 86 266
boat 0.0225 147 93 187 254
boat 0.0225 295 220 311 258
boat 0.0224 0 47 30 101
boat 0.0224 310 243 323 267
boat 0.0223 2 45 19 88
boat 0.0223 101 216 113 253
boat 0.0219 174 189 193 252
boat 0.0219 288 236 303 270
boat 0.0219 170 48 189 99
boat 0.0217 95 53 190 162
boat 0.0216 206 30 260 201
boat 0.0215 110 218 121 252
boat 0.0214 121 56 135 93
boat 0.0214 66 153 160 254
boat 0.0214 70 244 76 260
boat 0.0213 73 242 88 255
boat 0.0212 111 27 202 109
boat 0.0211 161 253 195 265
boat 0.0209 216 73 303 219
boat 0.0208 0 207 25 260
boat 0.0208 11 84 30 106
boat 0.0207 67 249 81 258
boat 0.0207 2 86 36 111
boat 0.0206 0 62 111 159
boat 0.0206 307 250 325 269
boat 0.0205 3 4 18 68
boat 0.0205 0 68 148 217
boat 0.0205 290 202 311 261
boat 0.0203 77 258 83 277
boat 0.0202 31 218 46 255
boat 0.0201 13 0 90 125
boat 0.0201 296 197 322 272
boat 0.0201 134 56 155 90
boat 0.0200 0 69 63 134
bottle 0.0377 157 222 173 255
bottle 0.0361 164 216 180 254
bottle 0.0265 171 217 184 253
bottle 0.0221 177 213 191 251
person 0.0819 0 88 20 118
person 0.0603 2 70 14 112
person 0.0456 161 217 178 252
person 0.0394 0 90 10 119
person 0.0359 159 220 171 250
person 0.0343 0 94 14 143
person 0.0332 0 65 178 500
person 0.0327 177 68 332 500
person 0.0278 0 0 330 500
person 0.0250 0 88 21 159
person 0.0208 0 68 8 122
person 0.0203 0 86 7 143
