bottle 0.1989 158 222 283 496
bottle 0.1398 197 294 254 485
bottle 0.1326 122 302 266 492
bottle 0.1299 83 402 262 496
bottle 0.1203 209 284 247 400
bottle 0.1179 177 206 233 343
bottle 0.1168 224 296 248 393
bottle 0.1168 71 168 326 500
bottle 0.1144 208 223 321 494
bottle 0.1037 228 388 255 500
bottle 0.1033 176 353 266 492
bottle 0.0988 218 317 262 495
bottle 0.0961 192 238 245 396
bottle 0.0938 184 271 220 329
bottle 0.0906 142 103 264 430
bottle 0.0824 209 241 234 315
bottle 0.0817 216 287 246 358
bottle 0.0817 74 352 319 494
bottle 0.0804 235 366 264 498
bottle 0.0787 234 318 309 498
bottle 0.0757 140 366 174 410
bottle 0.0738 163 312 248 438
bottle 0.0728 192 241 225 323
bottle 0.0696 215 290 236 346
bottle 0.0682 229 305 245 357
bottle 0.0667 124 408 193 493
bottle 0.0666 177 108 305 459
bottle 0.0661 197 300 242 373
bottle 0.0647 181 152 242 313
bottle 0.0639 201 248 234 349
bottle 0.0633 213 265 235 326
bottle 0.0633 203 286 291 459
bottle 0.0623 212 254 268 393
bottle 0.0607 141 321 219 486
bottle 0.0577 92 417 180 500
bottle 0.0573 210 294 232 326
bottle 0.0570 222 300 241 351
bottle 0.0558 176 274 236 358
bottle 0.0555 214 394 247 499
bottle 0.0553 87 309 164 479
bottle 0.0546 155 228 245 369
bottle 0.0536 194 226 238 302
bottle 0.0525 167 402 246 495
bottle 0.0517 231 421 268 497
bottle 0.0516 174 355 241 446
bottle 0.0507 155 167 281 358
bottle 0.0500 211 299 229 343
bottle 0.0492 218 291 241 324
bottle 0.0487 215 303 238 371
bottle 0.0485 104 356 191 500
bottle 0.0485 96 213 301 411
bottle 0.0485 161 129 247 256
bottle 0.0485 158 296 252 379
bottle 0.0482 227 336 256 468
bottle 0.0480 188 219 218 304
bottle 0.0478 203 282 237 335
bottle 0.0473 194 387 292 500
bottle 0.0465 207 247 225 294
bottle 0.0455 230 268 283 375
bottle 0.0453 198 276 216 325
bottle 0.0451 181 298 223 332
bottle 0.0444 227 284 248 346
bottle 0.0431 188 288 215 326
bottle 0.0421 178 118 250 209
bottle 0.0421 98 453 187 499
bottle 0.0420 171 251 241 325
bottle 0.0420 196 267 226 340
bottle 0.0415 243 396 273 496
bottle 0.0415 206 315 231 379
bottle 0.0414 237 231 306 404
bottle 0.0411 161 212 251 308
bottle 0.0409 164 243 288 342
bottle 0.0407 234 400 294 494
bottle 0.0407 195 326 241 400
bottle 0.0405 215 316 246 440
bottle 0.0396 130 374 163 414
bottle 0.0393 71 261 196 500
bottle 0.0392 130 344 241 424
bottle 0.0389 130 209 237 458
bottle 0.0388 209 222 231 288
bottle 0.0386 204 292 223 326
bottle 0.0385 184 291 236 409
bottle 0.0383 182 317 233 381
bottle 0.0376 199 249 216 294
bottle 0.0376 143 368 248 466
bottle 0.0375 188 287 224 372
bottle 0.0372 204 126 249 247
bottle 0.0363 209 158 241 226
bottle 0.0363 165 292 228 344
bottle 0.0362 238 345 280 490
bottle 0.0360 130 140 245 330
bottle 0.0358 128 360 183 427
bottle 0.0355 152 184 224 335
bottle 0.0354 229 313 251 422
bottle 0.0353 174 169 220 296
bottle 0.0352 192 294 234 347
bottle 0.0352 211 311 246 348
bottle 0.0350 206 263 221 318
bottle 0.0343 157 330 232 408
bottle 0.0342 51 339 176 495
bottle 0.0340 204 194 244 305
bottle 0.0340 215 271 259 348
bottle 0.0338 231 293 270 448
bottle 0.0338 183 197 210 281
bottle 0.0336 208 242 267 332
bottle 0.0336 198 397 237 496
bottle 0.0333 136 404 230 469
bottle 0.0332 5 303 126 498
bottle 0.0332 148 118 243 182
bottle 0.0330 184 278 210 313
bottle 0.0327 108 443 234 500
bottle 0.0326 87 463 154 499
bottle 0.0326 230 286 246 323
bottle 0.0324 252 239 325 459
bottle 0.0324 238 412 257 498
bottle 0.0319 199 249 233 289
bottle 0.0317 128 313 243 394
bottle 0.0317 201 117 252 183
bottle 0.0316 162 262 230 400
bottle 0.0315 234 319 249 373
bottle 0.0314 162 309 229 359
bottle 0.0314 223 316 242 373
bottle 0.0312 172 342 240 392
bottle 0.0310 60 245 147 477
bottle 0.0308 193 417 259 500
bottle 0.0308 133 400 181 466
bottle 0.0306 190 290 262 361
bottle 0.0304 202 343 228 378
bottle 0.0303 234 298 266 388
bottle 0.0303 241 448 258 500
bottle 0.0301 209 287 251 330
bottle 0.0299 206 299 222 342
bottle 0.0298 113 282 182 455
bottle 0.0295 117 406 157 492
bottle 0.0292 172 374 228 412
bottle 0.0291 211 230 260 293
bottle 0.0289 191 251 213 286
bottle 0.0285 139 354 172 395
bottle 0.0283 131 396 156 425
bottle 0.0283 132 344 181 403
bottle 0.0281 132 384 153 420
bottle 0.0281 16 408 167 496
bottle 0.0280 207 228 224 269
bottle 0.0276 192 285 231 320
bottle 0.0275 196 266 218 307
bottle 0.0275 197 259 255 312
bottle 0.0274 202 158 236 259
bottle 0.0274 251 363 326 500
bottle 0.0274 156 114 230 156
bottle 0.0273 108 470 169 500
bottle 0.0271 182 281 200 320
bottle 0.0271 139 382 228 444
bottle 0.0270 215 301 246 330
bottle 0.0270 186 222 289 301
bottle 0.0269 156 371 175 411
bottle 0.0268 144 360 215 407
bottle 0.0267 149 424 216 494
bottle 0.0267 172 255 319 407
bottle 0.0267 84 344 226 457
bottle 0.0265 74 367 148 500
bottle 0.0263 207 317 236 344
bottle 0.0263 89 244 161 416
bottle 0.0262 191 202 225 282
bottle 0.0261 157 122 198 152
bottle 0.0260 214 420 319 496
bottle 0.0259 194 305 220 337
bottle 0.0257 84 429 145 496
bottle 0.0256 215 180 233 220
bottle 0.0254 222 274 238 315
bottle 0.0253 159 259 215 325
bottle 0.0253 173 313 218 345
bottle 0.0251 180 173 229 244
bottle 0.0250 0 311 17 452
bottle 0.0249 217 327 232 378
bottle 0.0248 229 432 245 497
bottle 0.0247 129 376 147 413
bottle 0.0245 196 161 294 314
bottle 0.0245 164 373 181 412
bottle 0.0245 155 175 251 278
bottle 0.0244 103 399 143 491
bottle 0.0242 125 363 173 468
bottle 0.0241 101 215 202 444
bottle 0.0240 216 202 234 233
bottle 0.0239 229 325 245 392
bottle 0.0239 151 140 239 209
bottle 0.0238 227 258 280 323
bottle 0.0238 180 398 230 472
bottle 0.0237 176 386 229 432
bottle 0.0236 210 164 227 217
bottle 0.0236 102 301 138 422
bottle 0.0235 246 432 261 497
bottle 0.0234 186 258 222 295
bottle 0.0234 192 231 210 281
bottle 0.0233 141 361 159 399
bottle 0.0232 207 218 233 260
bottle 0.0232 234 442 288 500
bottle 0.0231 172 164 239 219
bottle 0.0231 246 259 280 296
bottle 0.0231 106 356 170 434
bottle 0.0231 199 234 215 280
bottle 0.0230 152 341 208 397
bottle 0.0230 184 238 230 284
bottle 0.0229 176 215 236 275
bottle 0.0229 200 219 215 260
bottle 0.0229 234 421 250 493
bottle 0.0228 186 295 207 333
bottle 0.0228 244 257 284 346
bottle 0.0228 203 319 240 357
bottle 0.0227 175 293 214 369
bottle 0.0226 216 249 283 296
bottle 0.0224 147 329 217 376
bottle 0.0223 134 388 198 434
bottle 0.0223 133 404 160 434
bottle 0.0222 169 379 186 413
bottle 0.0221 181 308 211 338
bottle 0.0220 142 147 201 317
bottle 0.0219 117 466 145 499
bottle 0.0219 148 236 226 312
bottle 0.0218 181 113 250 158
bottle 0.0217 147 349 186 417
bottle 0.0217 223 445 239 497
bottle 0.0217 209 208 233 240
bottle 0.0216 197 211 220 269
bottle 0.0215 199 336 258 387
bottle 0.0215 219 253 248 328
bottle 0.0215 206 359 252 439
bottle 0.0214 187 274 217 300
bottle 0.0212 226 480 261 500
bottle 0.0211 158 116 186 144
bottle 0.0210 193 249 224 277
bottle 0.0209 114 445 162 498
bottle 0.0209 166 228 204 318
bottle 0.0208 237 144 306 338
bottle 0.0208 146 374 165 416
bottle 0.0207 177 368 215 403
bottle 0.0205 144 359 176 382
bottle 0.0205 175 348 215 424
bottle 0.0205 194 213 210 265
bottle 0.0204 223 214 316 346
bottle 0.0204 151 350 173 376
bottle 0.0204 186 197 206 231
bottle 0.0203 222 288 249 316
bottle 0.0203 116 332 205 416
bottle 0.0201 167 200 201 288
bottle 0.0200 187 247 210 309
chair 0.0410 239 70 354 484
chair 0.0363 139 134 334 458
chair 0.0353 28 169 305 429
chair 0.0344 2 224 116 498
chair 0.0308 83 268 134 423
chair 0.0293 4 235 63 492
chair 0.0279 8 328 199 496
chair 0.0261 3 404 137 497
chair 0.0210 0 373 73 498
chair 0.0200 0 190 44 405
diningtable 0.0971 15 240 330 496
diningtable 0.0495 43 395 275 500
person 0.7965 10 5 326 496
person 0.1096 108 81 300 481
person 0.0914 32 15 209 429
person 0.0827 0 176 124 500
person 0.0752 141 66 263 398
person 0.0639 0 388 18 493
person 0.0510 51 12 239 146
person 0.0478 1 408 15 474
person 0.0464 31 139 157 453
person 0.0462 106 33 252 299
person 0.0447 218 45 355 496
person 0.0427 196 94 323 417
person 0.0426 209 239 235 298
person 0.0411 132 11 299 222
person 0.0410 141 46 215 146
person 0.0397 155 118 279 315
person 0.0392 60 104 244 364
person 0.0378 0 0 293 287
person 0.0366 67 178 187 478
person 0.0345 126 16 253 131
person 0.0344 149 112 249 239
person 0.0318 4 211 62 471
person 0.0313 0 185 252 485
person 0.0310 22 5 145 347
person 0.0296 0 299 35 500
person 0.0296 146 25 239 192
person 0.0285 81 257 135 418
person 0.0273 137 116 223 304
person 0.0271 73 6 233 91
person 0.0269 20 13 95 202
person 0.0264 143 108 230 163
person 0.0261 0 430 16 499
person 0.0252 27 3 150 166
person 0.0251 2 333 58 495
person 0.0251 148 13 341 339
person 0.0245 0 44 85 478
person 0.0242 60 52 238 195
person 0.0239 1 346 26 488
person 0.0230 41 32 178 228
person 0.0229 258 8 370 357
person 0.0228 111 112 202 362
person 0.0226 234 242 356 496
person 0.0220 143 15 334 142
person 0.0220 161 86 268 209
person 0.0209 11 57 101 333
person 0.0201 0 2 56 78
person 0.0200 89 220 165 397
