boat 0.0363 0 25 500 307
bottle 0.1234 346 292 392 375
bottle 0.0658 106 5 135 40
bottle 0.0633 293 215 329 248
bottle 0.0531 231 279 257 309
bottle 0.0440 0 1 25 56
bottle 0.0425 330 2 348 46
bottle 0.0416 329 273 378 366
bottle 0.0389 314 223 356 284
bottle 0.0361 299 218 339 283
bottle 0.0359 279 217 327 284
bottle 0.0347 4 38 36 106
bottle 0.0337 256 130 335 281
bottle 0.0328 321 237 393 367
bottle 0.0322 115 5 152 41
bottle 0.0321 305 221 327 252
bottle 0.0312 460 119 485 189
bottle 0.0296 355 297 433 374
bottle 0.0287 283 234 375 363
bottle 0.0284 345 276 387 346
bottle 0.0283 328 267 361 338
bottle 0.0270 1 17 32 47
bottle 0.0262 349 314 380 375
bottle 0.0249 487 140 500 209
bottle 0.0246 75 8 133 41
bottle 0.0240 322 228 361 260
bottle 0.0239 251 72 425 369
bottle 0.0237 258 194 341 336
bottle 0.0231 0 303 34 375
bottle 0.0230 9 42 26 82
bottle 0.0228 365 300 392 371
bottle 0.0227 323 225 489 368
bottle 0.0227 356 291 389 340
bottle 0.0225 463 128 482 173
bottle 0.0222 328 234 368 305
bottle 0.0221 488 172 500 207
bottle 0.0217 330 310 353 341
bottle 0.0217 357 292 388 314
bottle 0.0207 314 244 363 334
bottle 0.0207 261 200 370 290
bottle 0.0206 98 1 144 47
bottle 0.0204 303 223 359 254
bottle 0.0202 14 45 48 106
bottle 0.0200 261 134 368 328
chair 0.1236 0 298 176 373
chair 0.0538 0 281 293 371
chair 0.0468 0 118 128 342
chair 0.0418 0 220 157 375
chair 0.0376 1 255 104 366
chair 0.0330 0 291 78 375
chair 0.0221 456 65 500 214
chair 0.0214 349 239 490 372
chair 0.0209 1 294 113 339
chair 0.0205 0 193 96 335
diningtable 0.0674 0 40 497 353
diningtable 0.0333 0 263 381 375
person 0.4461 261 50 352 166
person 0.3795 201 58 239 114
person 0.1385 253 50 373 233
person 0.1236 247 29 477 341
person 0.0769 203 51 270 160
person 0.0731 194 53 260 122
person 0.0695 236 53 325 180
person 0.0669 133 58 394 250
person 0.0659 0 13 25 82
person 0.0648 211 76 240 116
person 0.0636 285 50 404 189
person 0.0607 266 93 337 162
person 0.0556 203 59 228 100
person 0.0545 171 57 237 98
person 0.0492 215 47 351 130
person 0.0475 0 2 33 57
person 0.0468 299 50 364 158
person 0.0426 1 14 22 55
person 0.0423 143 51 281 117
person 0.0418 153 88 308 321
person 0.0418 43 39 500 349
person 0.0417 168 53 251 156
person 0.0397 331 0 356 46
person 0.0394 254 57 313 151
person 0.0388 290 67 342 157
person 0.0388 202 135 264 278
person 0.0357 216 93 239 118
person 0.0349 215 61 240 102
person 0.0330 261 107 396 173
person 0.0327 175 45 391 162
person 0.0324 172 141 249 275
person 0.0317 1 17 38 96
person 0.0314 231 55 276 120
person 0.0313 47 73 283 241
person 0.0310 361 29 394 45
person 0.0302 3 33 20 83
person 0.0301 182 60 230 122
person 0.0298 200 89 245 114
person 0.0293 200 73 267 220
person 0.0286 0 0 24 35
person 0.0281 372 28 387 45
person 0.0278 308 98 356 166
person 0.0273 249 91 344 294
person 0.0266 197 59 220 93
person 0.0264 146 43 173 76
person 0.0261 194 60 239 91
person 0.0260 203 73 229 115
person 0.0254 269 120 356 165
person 0.0251 0 0 55 38
person 0.0247 211 45 264 106
person 0.0243 134 52 279 183
person 0.0242 70 108 227 307
person 0.0231 335 0 383 45
person 0.0229 0 217 21 249
person 0.0229 205 60 292 113
person 0.0221 325 0 347 47
person 0.0220 195 52 234 148
person 0.0213 262 105 277 151
person 0.0211 118 30 295 95
person 0.0210 211 60 233 90
person 0.0209 144 47 245 92
person 0.0209 338 2 366 41
person 0.0207 0 26 17 115
person 0.0204 348 20 391 45
pottedplant 0.0720 293 214 329 247
pottedplant 0.0412 0 96 133 309
pottedplant 0.0380 113 201 143 227
pottedplant 0.0374 215 152 264 266
pottedplant 0.0320 273 215 325 257
pottedplant 0.0283 111 46 128 74
pottedplant 0.0269 463 61 498 156
pottedplant 0.0268 475 42 500 201
pottedplant 0.0262 112 200 145 261
pottedplant 0.0245 158 142 254 259
pottedplant 0.0240 461 90 496 188
pottedplant 0.0239 90 4 147 44
pottedplant 0.0233 104 133 178 258
pottedplant 0.0219 125 141 225 252
pottedplant 0.0217 66 11 113 41
pottedplant 0.0215 264 208 325 284
pottedplant 0.0208 472 79 500 140
pottedplant 0.0205 104 6 140 57
sofa 0.0598 21 30 500 328
tvmonitor 0.7811 0 101 117 232
tvmonitor 0.4443 255 46 480 282
tvmonitor 0.2775 256 47 395 179
tvmonitor 0.1257 268 44 489 151
tvmonitor 0.1136 60 41 494 261
tvmonitor 0.0870 336 73 491 360
tvmonitor 0.0814 349 56 485 239
tvmonitor 0.0676 273 124 489 246
tvmonitor 0.0674 263 100 439 189
tvmonitor 0.0626 257 63 380 269
tvmonitor 0.0545 263 47 345 121
tvmonitor 0.0533 350 127 443 183
tvmonitor 0.0525 386 49 474 155
tvmonitor 0.0511 46 118 114 222
tvmonitor 0.0476 336 22 493 121
tvmonitor 0.0455 437 105 494 252
tvmonitor 0.0442 335 45 449 171
tvmonitor 0.0441 329 0 350 47
tvmonitor 0.0431 320 85 460 202
tvmonitor 0.0418 265 48 346 86
tvmonitor 0.0406 0 1 75 50
tvmonitor 0.0394 377 116 477 259
tvmonitor 0.0382 344 0 495 69
tvmonitor 0.0382 0 172 106 234
tvmonitor 0.0381 236 158 423 240
tvmonitor 0.0377 427 45 496 169
tvmonitor 0.0376 304 169 484 316
tvmonitor 0.0374 0 104 94 172
tvmonitor 0.0363 244 83 348 223
tvmonitor 0.0356 257 156 343 259
tvmonitor 0.0349 352 128 451 235
tvmonitor 0.0347 6 118 196 240
tvmonitor 0.0342 0 27 107 209
tvmonitor 0.0342 391 32 495 206
tvmonitor 0.0337 265 189 449 257
tvmonitor 0.0332 236 125 417 213
tvmonitor 0.0331 353 130 420 167
tvmonitor 0.0330 406 80 497 312
tvmonitor 0.0329 33 88 327 231
tvmonitor 0.0324 402 1 495 56
tvmonitor 0.0323 0 13 495 176
tvmonitor 0.0316 289 49 371 135
tvmonitor 0.0315 457 97 496 215
tvmonitor 0.0314 320 47 420 135
tvmonitor 0.0307 349 82 429 184
tvmonitor 0.0306 207 149 265 271
tvmonitor 0.0304 179 27 443 178
tvmonitor 0.0300 399 117 494 211
tvmonitor 0.0298 61 155 111 229
tvmonitor 0.0298 0 109 55 214
tvmonitor 0.0296 235 0 470 123
tvmonitor 0.0295 437 170 497 304
tvmonitor 0.0294 424 5 498 130
tvmonitor 0.0282 228 35 368 140
tvmonitor 0.0280 463 47 498 135
tvmonitor 0.0274 446 117 484 198
tvmonitor 0.0269 0 104 53 158
tvmonitor 0.0268 35 105 116 166
tvmonitor 0.0264 365 49 462 109
tvmonitor 0.0262 346 215 492 371
tvmonitor 0.0260 325 49 377 154
tvmonitor 0.0259 326 164 461 262
tvmonitor 0.0254 285 103 435 294
tvmonitor 0.0250 409 133 443 185
tvmonitor 0.0249 231 41 360 89
tvmonitor 0.0247 305 48 365 103
tvmonitor 0.0246 247 0 345 94
tvmonitor 0.0245 331 3 439 47
tvmonitor 0.0243 0 3 73 100
tvmonitor 0.0240 304 209 480 278
tvmonitor 0.0239 462 197 498 297
tvmonitor 0.0231 234 135 464 333
tvmonitor 0.0231 332 49 361 120
tvmonitor 0.0231 384 127 466 187
tvmonitor 0.0228 383 163 479 329
tvmonitor 0.0227 423 273 497 374
tvmonitor 0.0227 63 9 116 42
tvmonitor 0.0226 0 35 121 99
tvmonitor 0.0225 370 92 484 179
tvmonitor 0.0222 237 136 366 280
tvmonitor 0.0220 400 17 493 78
tvmonitor 0.0219 339 44 428 90
tvmonitor 0.0218 1 94 86 139
tvmonitor 0.0217 393 130 431 179
tvmonitor 0.0216 398 41 488 96
tvmonitor 0.0216 331 113 464 171
tvmonitor 0.0216 414 117 483 181
tvmonitor 0.0214 335 49 399 104
tvmonitor 0.0209 273 29 450 91
tvmonitor 0.0208 267 208 337 257
tvmonitor 0.0208 251 179 409 303
tvmonitor 0.0207 403 59 457 134
tvmonitor 0.0206 183 81 448 240
tvmonitor 0.0205 352 59 411 160
tvmonitor 0.0205 190 41 278 108
tvmonitor 0.0205 272 49 299 66
tvmonitor 0.0204 425 123 477 226
tvmonitor 0.0204 383 49 470 85
tvmonitor 0.0203 288 136 451 192
tvmonitor 0.0203 339 28 424 71
tvmonitor 0.0202 290 123 417 169
tvmonitor 0.0201 330 2 375 47
tvmonitor 0.0201 11 3 120 46
tvmonitor 0.0200 443 51 488 127
tvmonitor 0.0200 173 58 500 366
tvmonitor 0.0200 277 33 358 78
