bottle 0.1004 238 1 273 133
bottle 0.0361 242 3 268 77
bottle 0.0247 245 0 292 127
car 0.0592 0 0 181 183
car 0.0433 2 0 171 95
car 0.0408 10 0 375 306
car 0.0352 4 0 73 117
car 0.0275 20 20 325 182
car 0.0266 0 0 100 75
car 0.0261 0 0 57 39
car 0.0217 0 0 39 65
car 0.0207 1 14 68 209
cat 0.0365 257 124 373 285
chair 0.0584 24 0 375 390
chair 0.0270 60 16 353 184
chair 0.0251 146 0 357 317
chair 0.0207 235 3 353 161
dog 0.8311 98 131 375 456
dog 0.0690 97 140 225 449
dog 0.0629 97 126 361 299
dog 0.0365 250 117 373 439
dog 0.0345 132 264 364 443
dog 0.0336 104 124 240 225
dog 0.0316 0 0 325 459
dog 0.0301 201 130 372 274
dog 0.0298 139 221 183 241
dog 0.0265 296 130 374 308
dog 0.0265 97 137 204 266
dog 0.0253 140 234 183 257
dog 0.0232 119 119 330 233
dog 0.0227 178 345 309 438
dog 0.0226 105 142 253 318
dog 0.0217 113 325 297 450
dog 0.0216 134 204 177 225
person 0.0258 9 75 287 481
person 0.0227 218 0 277 132
person 0.0227 239 0 297 133
person 0.0209 0 2 17 49
sofa 0.0932 49 49 375 444
sofa 0.0339 20 0 375 244
