bottle 0.2269 320 176 350 246
bottle 0.0916 316 165 363 252
bottle 0.0631 322 211 348 246
bottle 0.0492 331 191 350 245
bottle 0.0415 335 180 355 241
bottle 0.0398 319 188 333 241
bottle 0.0319 335 155 374 247
bottle 0.0309 308 193 355 251
bottle 0.0281 328 177 346 229
bottle 0.0200 313 212 372 261
chair 0.1732 127 136 372 487
chair 0.1664 280 166 375 500
chair 0.1329 3 142 188 457
chair 0.1049 233 140 362 463
chair 0.0959 0 178 103 496
chair 0.0925 30 18 286 492
chair 0.0636 184 215 345 479
chair 0.0634 2 293 73 500
chair 0.0607 0 320 173 498
chair 0.0574 98 329 304 493
chair 0.0546 290 314 375 492
chair 0.0528 5 65 135 397
chair 0.0495 64 383 237 495
chair 0.0484 173 320 375 497
chair 0.0448 202 175 291 460
chair 0.0432 23 83 205 324
chair 0.0407 0 128 118 292
chair 0.0382 0 243 82 417
chair 0.0351 257 213 327 437
chair 0.0343 273 136 373 353
chair 0.0328 99 242 297 445
chair 0.0318 228 223 306 439
chair 0.0312 146 397 288 493
chair 0.0303 0 142 78 359
chair 0.0302 5 388 127 497
chair 0.0300 0 225 137 375
chair 0.0290 309 263 374 444
chair 0.0287 251 271 358 500
chair 0.0259 319 364 375 500
chair 0.0259 223 61 375 359
chair 0.0257 0 119 87 239
chair 0.0253 91 93 231 402
chair 0.0238 212 275 313 500
chair 0.0230 1 300 115 428
chair 0.0228 60 15 339 300
chair 0.0225 171 256 272 433
chair 0.0223 23 17 196 230
chair 0.0219 103 76 295 336
chair 0.0214 243 116 366 278
chair 0.0212 44 190 123 367
chair 0.0210 170 0 353 411
chair 0.0210 260 396 375 496
chair 0.0209 0 345 41 500
chair 0.0203 290 145 375 262
chair 0.0200 0 104 167 240
person 0.5991 49 139 276 500
person 0.4858 65 227 219 493
person 0.2387 172 154 342 494
person 0.2089 14 177 165 500
person 0.2087 146 214 279 486
person 0.1930 275 141 374 475
person 0.1184 94 314 242 491
person 0.1135 62 117 240 357
person 0.1132 40 248 133 494
person 0.1058 56 313 180 492
person 0.0988 0 132 100 494
person 0.0928 119 112 258 435
person 0.0785 161 293 242 486
person 0.0766 56 229 170 413
person 0.0689 85 231 247 388
person 0.0663 74 212 224 333
person 0.0502 133 256 215 468
person 0.0461 80 115 256 250
person 0.0460 133 364 266 486
person 0.0434 166 322 301 490
person 0.0410 101 224 170 309
person 0.0401 60 310 118 475
person 0.0399 307 136 374 365
person 0.0363 131 117 221 298
person 0.0357 155 211 237 428
person 0.0354 144 174 214 362
person 0.0347 104 234 194 454
person 0.0338 69 389 190 494
person 0.0337 124 377 210 482
person 0.0330 201 287 281 481
person 0.0327 168 346 252 458
person 0.0325 66 227 157 341
person 0.0317 106 223 219 300
person 0.0317 264 105 375 330
person 0.0313 40 235 132 376
person 0.0301 308 102 374 265
person 0.0296 203 148 291 458
person 0.0293 42 171 224 302
person 0.0287 129 226 179 296
person 0.0281 189 210 263 444
person 0.0258 147 413 279 493
person 0.0258 59 368 135 486
person 0.0248 136 102 319 341
person 0.0244 161 389 229 482
person 0.0236 146 326 228 452
person 0.0231 143 234 192 305
person 0.0222 56 141 162 355
person 0.0218 158 232 224 316
person 0.0209 179 299 229 441
person 0.0201 163 379 203 459
person 0.0200 2 151 66 237
sofa 0.5585 18 123 359 500
sofa 0.1564 10 122 249 381
sofa 0.1208 99 257 356 490
sofa 0.0567 29 66 364 343
sofa 0.0446 6 75 231 257
tvmonitor 0.0214 303 185 375 303
