boat 0.0281 0 0 500 307
bottle 0.0342 359 205 382 240
bottle 0.0232 366 202 391 227
bottle 0.0212 101 0 138 48
cat 0.0549 242 134 276 163
chair 0.6976 267 188 380 323
chair 0.5750 409 201 479 324
chair 0.4486 322 163 374 257
chair 0.4362 345 196 449 321
chair 0.3656 318 179 382 311
chair 0.3269 323 163 368 204
chair 0.2644 254 185 333 290
chair 0.2521 385 204 437 304
chair 0.2262 400 197 461 287
chair 0.2116 344 166 368 202
chair 0.2102 333 195 391 288
chair 0.2073 23 308 93 333
chair 0.2070 285 168 360 285
chair 0.1965 357 202 415 299
chair 0.1712 430 196 480 287
chair 0.1586 253 187 299 266
chair 0.1500 110 194 161 242
chair 0.1418 380 200 420 281
chair 0.1414 318 168 355 222
chair 0.1336 391 197 433 269
chair 0.1242 286 155 432 319
chair 0.1220 333 168 372 225
chair 0.1210 378 225 500 328
chair 0.1199 321 169 343 201
chair 0.1130 0 295 26 333
chair 0.1094 363 201 408 264
chair 0.1060 219 141 370 329
chair 0.1014 169 152 210 168
chair 0.1009 104 193 157 221
chair 0.0994 319 210 419 317
chair 0.0985 34 273 80 330
chair 0.0947 349 163 382 203
chair 0.0945 306 194 374 268
chair 0.0926 348 134 487 317
chair 0.0884 337 180 386 249
chair 0.0858 326 162 456 289
chair 0.0857 300 163 363 227
chair 0.0855 350 174 373 204
chair 0.0834 321 163 358 188
chair 0.0829 418 211 474 269
chair 0.0826 240 187 285 258
chair 0.0824 415 235 476 300
chair 0.0811 3 301 54 333
chair 0.0807 21 250 86 333
chair 0.0771 257 184 393 264
chair 0.0769 101 171 158 230
chair 0.0744 332 171 415 265
chair 0.0739 171 191 324 327
chair 0.0738 1 295 95 333
chair 0.0734 255 187 287 241
chair 0.0696 202 114 243 166
chair 0.0684 115 216 159 243
chair 0.0678 404 192 454 253
chair 0.0677 312 144 366 200
chair 0.0669 426 245 479 330
chair 0.0663 398 218 435 279
chair 0.0661 367 225 431 326
chair 0.0654 3 270 37 333
chair 0.0639 317 165 337 205
chair 0.0637 336 163 362 192
chair 0.0624 337 201 373 262
chair 0.0621 270 173 338 259
chair 0.0606 251 181 327 239
chair 0.0603 24 290 66 333
chair 0.0598 361 177 406 235
chair 0.0595 2 239 50 333
chair 0.0584 327 219 380 279
chair 0.0583 199 187 279 243
chair 0.0568 309 126 397 273
chair 0.0567 315 157 394 221
chair 0.0564 353 163 405 203
chair 0.0559 364 167 389 202
chair 0.0557 384 169 467 272
chair 0.0554 354 203 387 258
chair 0.0552 378 182 420 234
chair 0.0533 56 307 97 333
chair 0.0531 23 308 54 331
chair 0.0529 441 223 472 271
chair 0.0525 302 176 343 250
chair 0.0525 342 220 388 309
chair 0.0522 443 163 499 283
chair 0.0514 425 124 500 326
chair 0.0513 333 174 364 203
chair 0.0501 240 129 278 163
chair 0.0501 408 184 492 269
chair 0.0497 203 119 286 164
chair 0.0497 414 218 452 278
chair 0.0491 187 171 281 282
chair 0.0489 373 172 423 208
chair 0.0485 392 183 434 234
chair 0.0483 268 166 348 225
chair 0.0480 305 162 353 203
chair 0.0480 298 213 376 298
chair 0.0476 308 135 346 162
chair 0.0475 131 227 288 330
chair 0.0472 351 170 385 226
chair 0.0463 135 197 163 237
chair 0.0462 16 303 140 333
chair 0.0459 164 182 255 314
chair 0.0451 385 186 423 203
chair 0.0449 12 304 39 332
chair 0.0446 157 145 208 177
chair 0.0446 325 19 473 282
chair 0.0445 122 196 150 221
chair 0.0442 17 282 50 330
chair 0.0440 18 315 66 332
chair 0.0438 441 257 480 315
chair 0.0430 184 187 231 240
chair 0.0427 324 186 371 238
chair 0.0424 346 163 367 187
chair 0.0422 331 167 413 212
chair 0.0422 55 281 91 331
chair 0.0420 363 213 396 283
chair 0.0419 144 275 177 333
chair 0.0419 220 187 349 251
chair 0.0418 358 178 381 205
chair 0.0416 389 170 466 217
chair 0.0415 188 306 254 331
chair 0.0413 0 256 20 333
chair 0.0413 327 163 367 180
chair 0.0407 456 193 495 272
chair 0.0407 427 179 470 241
chair 0.0405 0 314 36 333
chair 0.0404 317 208 396 242
chair 0.0400 399 185 459 225
chair 0.0392 216 153 322 284
chair 0.0390 96 141 152 214
chair 0.0390 323 175 354 202
chair 0.0390 388 203 416 261
chair 0.0390 342 198 385 237
chair 0.0386 361 233 407 318
chair 0.0384 176 171 218 235
chair 0.0382 327 159 389 198
chair 0.0381 315 194 393 231
chair 0.0381 421 197 463 256
chair 0.0381 171 152 215 211
chair 0.0379 403 202 432 253
chair 0.0377 62 294 105 333
chair 0.0377 339 165 443 232
chair 0.0376 312 132 359 175
chair 0.0373 0 231 24 308
chair 0.0371 391 189 425 209
chair 0.0370 356 200 401 239
chair 0.0368 366 183 392 203
chair 0.0368 392 172 433 215
chair 0.0366 467 170 500 301
chair 0.0366 323 198 361 262
chair 0.0363 368 176 407 202
chair 0.0363 38 298 79 332
chair 0.0361 372 217 407 284
chair 0.0356 379 183 435 207
chair 0.0356 336 254 475 329
chair 0.0354 444 201 477 266
chair 0.0354 407 250 461 329
chair 0.0352 390 248 433 327
chair 0.0347 360 208 382 244
chair 0.0346 319 163 347 181
chair 0.0345 409 210 439 263
chair 0.0343 114 201 167 273
chair 0.0340 360 162 381 195
chair 0.0339 388 228 416 275
chair 0.0339 320 136 467 244
chair 0.0339 166 136 221 168
chair 0.0339 281 144 379 232
chair 0.0338 302 163 334 215
chair 0.0338 159 163 261 245
chair 0.0336 372 204 402 253
chair 0.0335 35 307 66 332
chair 0.0333 326 176 389 206
chair 0.0331 434 210 468 256
chair 0.0331 221 193 271 256
chair 0.0329 426 226 461 271
chair 0.0328 397 196 423 246
chair 0.0327 288 210 386 256
chair 0.0325 203 239 364 322
chair 0.0320 265 198 372 248
chair 0.0317 425 164 461 212
chair 0.0315 349 186 378 232
chair 0.0313 293 204 347 254
chair 0.0312 394 138 470 230
chair 0.0312 445 227 479 293
chair 0.0311 390 196 467 236
chair 0.0310 382 199 410 243
chair 0.0310 323 144 427 206
chair 0.0307 283 163 338 203
chair 0.0307 141 211 162 241
chair 0.0306 119 179 215 258
chair 0.0305 24 294 46 327
chair 0.0305 270 240 410 318
chair 0.0305 153 97 310 329
chair 0.0304 178 136 256 165
chair 0.0300 373 186 410 202
chair 0.0298 127 186 198 313
chair 0.0298 117 199 141 227
chair 0.0294 417 207 447 253
chair 0.0290 328 212 366 244
chair 0.0290 183 145 209 167
chair 0.0289 100 195 140 216
chair 0.0288 272 134 344 163
chair 0.0287 456 198 500 333
chair 0.0286 262 200 316 276
chair 0.0284 453 230 475 266
chair 0.0284 304 137 345 182
chair 0.0284 366 203 390 234
chair 0.0280 327 115 396 210
chair 0.0279 412 240 436 277
chair 0.0277 262 214 351 307
chair 0.0277 125 206 152 240
chair 0.0277 306 165 327 204
chair 0.0275 407 235 440 303
chair 0.0274 366 212 389 248
chair 0.0273 146 269 310 331
chair 0.0273 44 311 123 333
chair 0.0272 358 183 420 215
chair 0.0271 352 181 389 211
chair 0.0271 448 264 494 333
chair 0.0269 436 160 473 216
chair 0.0268 405 165 444 210
chair 0.0267 391 197 414 228
chair 0.0267 351 206 377 240
chair 0.0266 395 268 500 333
chair 0.0265 421 229 444 259
chair 0.0265 254 186 276 228
chair 0.0265 408 186 439 205
chair 0.0264 148 143 190 196
chair 0.0263 384 192 413 208
chair 0.0263 166 147 188 170
chair 0.0261 74 308 102 333
chair 0.0259 356 204 385 230
chair 0.0259 259 176 320 215
chair 0.0259 116 201 165 228
chair 0.0258 196 83 349 273
chair 0.0258 210 307 245 328
chair 0.0258 387 196 419 216
chair 0.0257 385 179 407 202
chair 0.0257 296 125 350 160
chair 0.0257 311 170 325 199
chair 0.0256 233 186 271 237
chair 0.0255 326 128 370 181
chair 0.0254 47 263 119 333
chair 0.0253 388 188 450 211
chair 0.0253 429 249 452 276
chair 0.0253 397 192 422 219
chair 0.0251 401 193 443 209
chair 0.0251 412 286 478 333
chair 0.0251 407 199 428 236
chair 0.0251 375 202 399 233
chair 0.0250 29 281 56 323
chair 0.0250 388 176 451 204
chair 0.0249 392 221 469 260
chair 0.0248 315 173 340 220
chair 0.0248 343 215 367 250
chair 0.0247 351 108 419 209
chair 0.0246 224 186 293 303
chair 0.0245 372 137 423 207
chair 0.0245 126 199 178 244
chair 0.0245 411 181 452 208
chair 0.0244 230 114 288 150
chair 0.0244 162 148 224 191
chair 0.0244 347 215 378 268
chair 0.0244 152 149 215 240
chair 0.0242 225 126 302 161
chair 0.0242 156 299 178 333
chair 0.0240 421 169 447 207
chair 0.0240 421 246 444 276
chair 0.0240 191 123 231 167
chair 0.0240 318 159 379 184
chair 0.0239 110 150 172 224
chair 0.0238 383 216 406 257
chair 0.0238 318 183 347 239
chair 0.0237 427 246 458 288
chair 0.0237 396 196 435 214
chair 0.0236 429 234 452 265
chair 0.0236 429 243 470 275
chair 0.0236 338 148 371 197
chair 0.0235 84 317 133 332
chair 0.0234 399 181 431 201
chair 0.0234 160 300 271 331
chair 0.0232 257 131 316 165
chair 0.0232 163 167 202 234
chair 0.0231 166 146 246 172
chair 0.0231 445 216 470 251
chair 0.0231 363 164 458 205
chair 0.0231 365 199 406 226
chair 0.0230 290 132 311 162
chair 0.0230 227 189 293 222
chair 0.0227 363 244 473 303
chair 0.0226 388 157 428 205
chair 0.0226 87 195 177 248
chair 0.0225 372 172 394 200
chair 0.0225 206 137 248 165
chair 0.0224 413 203 436 242
chair 0.0224 172 153 207 187
chair 0.0224 358 188 385 208
chair 0.0223 430 221 452 252
chair 0.0221 410 234 482 268
chair 0.0221 255 187 282 212
chair 0.0220 358 218 385 274
chair 0.0220 346 182 369 221
chair 0.0219 155 291 191 333
diningtable 0.6162 299 199 473 326
diningtable 0.3043 374 199 457 288
diningtable 0.2636 383 200 486 326
diningtable 0.2461 337 199 428 290
diningtable 0.2336 221 187 405 324
diningtable 0.1615 322 183 407 271
diningtable 0.1582 336 196 465 256
diningtable 0.1158 345 217 485 294
diningtable 0.1114 320 184 498 275
diningtable 0.1088 245 134 452 333
diningtable 0.0875 288 207 417 266
diningtable 0.0773 143 189 500 333
diningtable 0.0681 283 51 500 320
diningtable 0.0646 384 201 490 265
diningtable 0.0613 326 172 432 234
diningtable 0.0542 261 193 395 255
diningtable 0.0539 378 192 448 252
diningtable 0.0486 143 147 355 322
diningtable 0.0477 324 203 419 248
diningtable 0.0457 65 202 322 329
diningtable 0.0457 371 203 416 252
diningtable 0.0450 342 244 497 328
diningtable 0.0432 277 220 412 293
diningtable 0.0431 388 202 431 252
diningtable 0.0400 347 224 451 275
diningtable 0.0393 318 228 453 309
diningtable 0.0371 386 226 484 277
diningtable 0.0370 345 177 479 227
diningtable 0.0352 270 244 439 328
diningtable 0.0350 301 163 478 247
diningtable 0.0349 345 170 437 209
diningtable 0.0345 311 162 404 223
diningtable 0.0335 169 24 430 324
diningtable 0.0307 360 208 425 237
diningtable 0.0286 362 200 423 227
diningtable 0.0281 0 289 127 333
diningtable 0.0260 365 186 427 210
diningtable 0.0259 0 260 98 330
diningtable 0.0242 148 234 398 333
diningtable 0.0240 391 193 483 239
diningtable 0.0236 343 186 420 220
diningtable 0.0228 347 212 412 242
diningtable 0.0224 360 219 427 248
diningtable 0.0222 385 206 419 242
diningtable 0.0220 352 135 500 299
diningtable 0.0219 384 208 447 240
diningtable 0.0216 377 221 452 259
person 0.0592 15 4 145 118
person 0.0472 45 0 414 318
person 0.0400 313 0 349 59
person 0.0339 0 0 212 328
person 0.0300 301 0 333 61
person 0.0275 21 0 134 215
person 0.0268 286 0 325 65
person 0.0258 308 23 323 60
person 0.0249 386 41 500 319
person 0.0242 270 0 312 66
person 0.0231 0 0 34 89
person 0.0231 237 0 279 67
person 0.0226 297 3 321 54
person 0.0214 320 4 342 41
person 0.0208 68 0 229 223
person 0.0206 307 8 323 50
person 0.0200 302 21 319 57
person 0.0200 0 164 7 203
pottedplant 0.2747 37 237 72 315
pottedplant 0.2677 45 191 122 302
pottedplant 0.2644 85 246 161 333
pottedplant 0.2170 88 134 110 196
pottedplant 0.1956 21 195 93 326
pottedplant 0.1860 42 189 117 252
pottedplant 0.1856 67 211 137 318
pottedplant 0.1820 118 248 170 333
pottedplant 0.1537 46 247 81 321
pottedplant 0.1533 168 0 342 167
pottedplant 0.1501 65 253 88 310
pottedplant 0.1443 62 229 111 317
pottedplant 0.1387 16 234 72 333
pottedplant 0.1365 24 189 151 328
pottedplant 0.1362 257 19 341 157
pottedplant 0.1328 35 205 79 297
pottedplant 0.1322 79 252 128 321
pottedplant 0.1281 105 195 162 243
pottedplant 0.1272 291 21 361 156
pottedplant 0.1249 61 176 140 279
pottedplant 0.1248 340 0 489 234
pottedplant 0.1247 275 37 334 119
pottedplant 0.1230 36 240 69 278
pottedplant 0.1229 156 17 242 155
pottedplant 0.1180 119 278 156 333
pottedplant 0.1163 99 257 138 306
pottedplant 0.1130 321 20 390 157
pottedplant 0.1072 33 245 94 333
pottedplant 0.1033 139 245 180 333
pottedplant 0.1023 20 176 115 271
pottedplant 0.1020 71 201 119 259
pottedplant 0.0989 70 255 101 308
pottedplant 0.0977 218 35 314 163
pottedplant 0.0972 63 198 102 248
pottedplant 0.0970 189 29 274 159
pottedplant 0.0948 300 1 422 197
pottedplant 0.0943 77 133 105 203
pottedplant 0.0941 90 187 168 311
pottedplant 0.0920 272 93 432 322
pottedplant 0.0902 39 189 76 254
pottedplant 0.0897 254 0 383 190
pottedplant 0.0889 49 197 86 250
pottedplant 0.0870 67 272 92 316
pottedplant 0.0870 343 55 392 159
pottedplant 0.0866 283 0 346 112
pottedplant 0.0849 66 277 84 310
pottedplant 0.0849 350 18 417 129
pottedplant 0.0849 53 265 76 311
pottedplant 0.0825 40 206 61 244
pottedplant 0.0814 334 3 446 159
pottedplant 0.0797 96 266 132 326
pottedplant 0.0796 42 269 71 313
pottedplant 0.0794 29 82 161 333
pottedplant 0.0791 108 264 147 329
pottedplant 0.0787 36 238 68 260
pottedplant 0.0783 85 198 125 246
pottedplant 0.0781 377 20 426 113
pottedplant 0.0771 46 217 209 333
pottedplant 0.0764 94 188 155 225
pottedplant 0.0754 42 173 99 218
pottedplant 0.0750 82 261 115 309
pottedplant 0.0741 95 200 142 254
pottedplant 0.0732 76 194 162 261
pottedplant 0.0716 92 266 122 306
pottedplant 0.0711 57 162 112 239
pottedplant 0.0706 37 210 68 261
pottedplant 0.0686 109 241 156 310
pottedplant 0.0684 0 199 47 331
pottedplant 0.0683 81 135 118 218
pottedplant 0.0663 60 230 87 294
pottedplant 0.0660 275 0 500 325
pottedplant 0.0655 59 203 89 264
pottedplant 0.0655 92 138 130 201
pottedplant 0.0644 209 41 364 321
pottedplant 0.0643 103 0 267 163
pottedplant 0.0642 204 110 239 137
pottedplant 0.0639 56 193 138 237
pottedplant 0.0638 50 242 76 288
pottedplant 0.0637 391 2 471 113
pottedplant 0.0630 270 14 319 102
pottedplant 0.0630 346 37 388 118
pottedplant 0.0626 78 179 120 235
pottedplant 0.0620 74 299 159 332
pottedplant 0.0620 78 217 120 302
pottedplant 0.0619 39 266 139 333
pottedplant 0.0619 23 237 65 302
pottedplant 0.0616 65 0 214 189
pottedplant 0.0613 30 106 125 263
pottedplant 0.0606 131 250 161 307
pottedplant 0.0606 199 67 249 154
pottedplant 0.0602 40 177 81 204
pottedplant 0.0597 39 209 51 241
pottedplant 0.0590 37 233 88 283
pottedplant 0.0590 101 216 124 246
pottedplant 0.0585 32 223 76 272
pottedplant 0.0575 5 237 42 319
pottedplant 0.0573 202 112 240 162
pottedplant 0.0566 64 246 83 286
pottedplant 0.0563 89 204 149 282
pottedplant 0.0560 69 274 102 333
pottedplant 0.0559 134 275 168 333
pottedplant 0.0559 182 38 243 136
pottedplant 0.0556 112 265 142 308
pottedplant 0.0554 134 0 186 83
pottedplant 0.0551 395 27 425 86
pottedplant 0.0549 67 208 90 249
pottedplant 0.0542 32 0 159 131
pottedplant 0.0539 88 271 106 305
pottedplant 0.0538 181 94 292 164
pottedplant 0.0537 79 271 97 306
pottedplant 0.0533 145 65 174 85
pottedplant 0.0530 130 0 417 306
pottedplant 0.0530 41 161 157 253
pottedplant 0.0528 69 140 131 246
pottedplant 0.0527 128 2 224 117
pottedplant 0.0525 304 18 356 111
pottedplant 0.0522 15 244 130 318
pottedplant 0.0521 91 2 179 135
pottedplant 0.0518 75 196 281 332
pottedplant 0.0517 38 210 97 264
pottedplant 0.0512 126 230 198 333
pottedplant 0.0511 43 180 72 216
pottedplant 0.0507 88 144 146 228
pottedplant 0.0500 307 5 402 107
pottedplant 0.0499 61 157 110 205
pottedplant 0.0498 186 70 342 157
pottedplant 0.0498 108 269 131 303
pottedplant 0.0496 98 0 182 65
pottedplant 0.0495 46 251 67 293
pottedplant 0.0495 309 136 347 163
pottedplant 0.0493 91 166 158 247
pottedplant 0.0488 332 20 378 116
pottedplant 0.0487 295 54 342 132
pottedplant 0.0478 142 245 167 304
pottedplant 0.0476 206 98 238 130
pottedplant 0.0476 224 1 291 131
pottedplant 0.0472 394 0 500 184
pottedplant 0.0470 123 255 151 299
pottedplant 0.0463 147 63 181 96
pottedplant 0.0463 74 171 127 215
pottedplant 0.0463 0 138 85 333
pottedplant 0.0460 67 213 95 287
pottedplant 0.0457 89 133 107 167
pottedplant 0.0456 362 23 403 101
pottedplant 0.0453 95 230 138 297
pottedplant 0.0448 211 71 246 122
pottedplant 0.0446 50 173 89 199
pottedplant 0.0442 9 167 128 230
pottedplant 0.0440 180 28 220 85
pottedplant 0.0440 242 0 312 110
pottedplant 0.0438 73 210 107 248
pottedplant 0.0436 73 97 216 333
pottedplant 0.0434 338 71 375 153
pottedplant 0.0433 148 35 183 81
pottedplant 0.0432 87 279 125 333
pottedplant 0.0429 104 197 138 231
pottedplant 0.0425 177 43 210 96
pottedplant 0.0425 222 51 365 135
pottedplant 0.0421 107 287 135 332
pottedplant 0.0420 44 179 84 235
pottedplant 0.0419 157 58 178 81
pottedplant 0.0418 359 23 474 133
pottedplant 0.0415 167 22 228 101
pottedplant 0.0415 17 197 67 288
pottedplant 0.0415 204 47 246 116
pottedplant 0.0414 59 257 75 293
pottedplant 0.0414 64 250 152 306
pottedplant 0.0413 17 0 138 276
pottedplant 0.0412 207 107 369 164
pottedplant 0.0408 151 53 180 85
pottedplant 0.0407 276 88 378 167
pottedplant 0.0406 312 54 354 120
pottedplant 0.0406 211 55 270 145
pottedplant 0.0404 51 285 109 330
pottedplant 0.0403 103 249 152 288
pottedplant 0.0402 321 100 383 214
pottedplant 0.0400 117 258 140 290
pottedplant 0.0398 125 295 150 333
pottedplant 0.0397 56 210 79 255
pottedplant 0.0394 194 303 249 331
pottedplant 0.0394 84 160 110 193
pottedplant 0.0393 317 2 352 79
pottedplant 0.0391 304 4 341 87
pottedplant 0.0390 349 15 387 86
pottedplant 0.0389 52 138 101 212
pottedplant 0.0389 270 56 312 126
pottedplant 0.0388 145 17 210 97
pottedplant 0.0388 46 213 66 244
pottedplant 0.0386 39 0 317 333
pottedplant 0.0385 423 10 471 82
pottedplant 0.0385 67 264 91 296
pottedplant 0.0381 74 233 131 284
pottedplant 0.0381 282 62 324 138
pottedplant 0.0380 242 46 305 131
pottedplant 0.0380 355 54 399 124
pottedplant 0.0380 99 296 128 333
pottedplant 0.0374 105 216 165 258
pottedplant 0.0374 315 66 402 246
pottedplant 0.0373 344 58 433 195
pottedplant 0.0373 0 211 86 297
pottedplant 0.0369 109 257 133 293
pottedplant 0.0369 406 23 448 97
pottedplant 0.0369 85 264 249 330
pottedplant 0.0368 69 281 100 311
pottedplant 0.0368 104 297 180 331
pottedplant 0.0366 137 248 157 292
pottedplant 0.0364 299 0 500 109
pottedplant 0.0363 388 47 432 111
pottedplant 0.0360 180 64 201 95
pottedplant 0.0359 378 26 412 88
pottedplant 0.0359 226 18 468 155
pottedplant 0.0357 309 83 363 160
pottedplant 0.0355 102 4 313 98
pottedplant 0.0354 41 221 60 248
pottedplant 0.0354 118 214 169 302
pottedplant 0.0352 139 51 280 168
pottedplant 0.0352 109 206 129 237
pottedplant 0.0351 31 163 99 248
pottedplant 0.0350 219 46 263 115
pottedplant 0.0350 75 245 99 294
pottedplant 0.0350 18 175 65 255
pottedplant 0.0350 34 245 56 280
pottedplant 0.0349 99 276 126 303
pottedplant 0.0348 187 1 254 115
pottedplant 0.0348 289 34 345 92
pottedplant 0.0348 196 89 236 151
pottedplant 0.0347 283 72 376 258
pottedplant 0.0346 129 254 147 283
pottedplant 0.0346 146 64 161 89
pottedplant 0.0345 235 45 279 115
pottedplant 0.0343 311 87 404 175
pottedplant 0.0343 102 213 151 245
pottedplant 0.0343 72 300 119 333
pottedplant 0.0338 29 1 258 108
pottedplant 0.0335 211 305 243 324
pottedplant 0.0334 188 31 341 113
pottedplant 0.0333 140 31 186 109
pottedplant 0.0331 55 4 204 79
pottedplant 0.0329 48 240 77 264
pottedplant 0.0326 39 255 63 302
pottedplant 0.0323 429 1 483 105
pottedplant 0.0322 0 235 18 329
pottedplant 0.0321 100 251 130 290
pottedplant 0.0321 35 276 79 323
pottedplant 0.0319 83 146 177 264
pottedplant 0.0319 145 248 161 289
pottedplant 0.0318 234 0 280 87
pottedplant 0.0318 44 148 124 223
pottedplant 0.0316 168 33 201 83
pottedplant 0.0315 67 284 183 333
pottedplant 0.0315 98 140 122 187
pottedplant 0.0314 41 185 65 237
pottedplant 0.0314 237 69 272 122
pottedplant 0.0313 63 210 135 248
pottedplant 0.0313 134 0 174 54
pottedplant 0.0313 151 59 170 79
pottedplant 0.0313 284 0 324 77
pottedplant 0.0311 0 176 184 288
pottedplant 0.0310 28 241 101 270
pottedplant 0.0310 70 294 93 328
pottedplant 0.0310 118 299 142 332
pottedplant 0.0309 301 93 343 152
pottedplant 0.0307 106 256 136 278
pottedplant 0.0306 290 52 416 124
pottedplant 0.0305 73 274 118 319
pottedplant 0.0304 86 216 112 246
pottedplant 0.0304 47 189 109 222
pottedplant 0.0304 333 66 380 112
pottedplant 0.0303 273 47 322 95
pottedplant 0.0303 221 6 268 99
pottedplant 0.0300 105 234 164 276
pottedplant 0.0300 78 90 141 221
pottedplant 0.0298 120 316 152 333
pottedplant 0.0294 86 145 103 188
pottedplant 0.0294 370 23 401 73
pottedplant 0.0293 306 47 341 107
pottedplant 0.0293 77 304 99 332
pottedplant 0.0293 95 280 115 310
pottedplant 0.0293 134 286 155 330
pottedplant 0.0292 59 14 151 220
pottedplant 0.0291 333 8 368 80
pottedplant 0.0291 86 0 143 56
pottedplant 0.0290 112 181 223 327
pottedplant 0.0289 147 40 211 129
pottedplant 0.0289 12 0 155 70
pottedplant 0.0288 158 44 179 77
pottedplant 0.0287 32 268 57 317
pottedplant 0.0287 94 318 146 332
pottedplant 0.0286 135 262 154 300
pottedplant 0.0286 95 217 126 261
pottedplant 0.0285 218 90 242 119
pottedplant 0.0285 46 186 82 209
pottedplant 0.0285 134 293 188 333
pottedplant 0.0285 206 25 245 91
pottedplant 0.0283 141 296 161 333
pottedplant 0.0282 80 288 98 321
pottedplant 0.0282 118 271 154 304
pottedplant 0.0281 255 46 293 112
pottedplant 0.0281 147 283 175 333
pottedplant 0.0280 258 11 386 89
sofa 0.0505 3 306 108 333
sofa 0.0276 195 118 305 163
tvmonitor 0.1160 0 297 24 333
tvmonitor 0.0970 0 276 35 333
tvmonitor 0.0964 11 233 77 333
tvmonitor 0.0688 36 262 71 318
tvmonitor 0.0574 49 0 149 59
tvmonitor 0.0469 14 0 147 224
tvmonitor 0.0463 0 234 34 311
tvmonitor 0.0461 1 279 19 328
tvmonitor 0.0434 0 236 18 333
tvmonitor 0.0410 20 271 50 328
tvmonitor 0.0365 312 0 349 57
tvmonitor 0.0364 9 291 40 330
tvmonitor 0.0344 7 253 41 326
tvmonitor 0.0340 17 0 150 112
tvmonitor 0.0303 2 295 32 321
tvmonitor 0.0301 307 0 396 61
tvmonitor 0.0290 294 0 348 76
tvmonitor 0.0285 30 275 56 319
tvmonitor 0.0277 198 112 294 165
tvmonitor 0.0276 20 290 38 323
tvmonitor 0.0248 92 0 133 48
tvmonitor 0.0247 25 283 44 319
tvmonitor 0.0239 0 275 90 325
tvmonitor 0.0231 16 264 39 318
tvmonitor 0.0221 62 111 88 132
tvmonitor 0.0220 23 278 38 315
tvmonitor 0.0207 0 0 70 114
