cat 0.8823 15 0 371 491
cat 0.0700 34 250 375 489
cat 0.0416 3 23 141 494
cat 0.0407 102 338 375 492
cat 0.0401 22 64 228 500
cat 0.0388 3 0 118 310
cat 0.0335 266 0 372 404
cat 0.0334 38 5 374 260
cat 0.0327 0 92 84 480
cat 0.0326 86 14 375 150
cat 0.0295 112 6 375 84
cat 0.0260 5 1 184 214
cat 0.0222 38 153 121 439
cat 0.0221 246 5 372 163
cat 0.0221 25 214 92 440
cat 0.0221 10 54 104 220
cat 0.0221 7 199 70 453
cat 0.0201 306 1 374 208
cat 0.0200 261 181 375 500
dog 0.0448 141 0 232 26
dog 0.0358 199 0 282 24
dog 0.0325 128 0 294 42
dog 0.0244 135 1 207 39
dog 0.0211 314 0 375 24
person 0.0371 6 5 112 413
