bottle 0.0390 163 0 177 42
bottle 0.0286 160 0 184 51
bottle 0.0220 427 28 441 76
bottle 0.0210 147 0 177 52
bottle 0.0200 106 0 139 63
chair 0.4148 422 16 499 228
chair 0.3414 359 22 433 125
chair 0.2244 375 15 484 179
chair 0.2197 433 22 496 141
chair 0.2088 392 24 460 144
chair 0.1800 89 74 466 375
chair 0.1339 301 47 491 208
chair 0.1323 39 99 196 365
chair 0.1313 356 35 487 317
chair 0.1303 360 22 422 65
chair 0.1287 329 45 441 150
chair 0.1240 275 63 413 149
chair 0.1218 39 86 253 211
chair 0.1000 216 60 446 184
chair 0.0997 423 25 465 110
chair 0.0937 404 56 450 146
chair 0.0899 49 130 320 365
chair 0.0873 443 48 500 188
chair 0.0807 318 103 462 367
chair 0.0801 421 50 479 154
chair 0.0796 21 75 152 197
chair 0.0785 414 33 451 123
chair 0.0783 381 76 480 233
chair 0.0737 61 71 303 168
chair 0.0732 346 63 409 145
chair 0.0730 438 42 473 124
chair 0.0726 22 63 200 263
chair 0.0726 365 25 492 98
chair 0.0725 462 37 500 125
chair 0.0722 479 58 500 129
chair 0.0707 328 19 410 124
chair 0.0668 371 50 420 136
chair 0.0660 381 51 448 168
chair 0.0655 433 71 464 142
chair 0.0650 356 32 418 97
chair 0.0633 444 24 500 97
chair 0.0610 402 71 436 138
chair 0.0600 432 40 489 105
chair 0.0589 144 247 458 367
chair 0.0588 351 59 496 140
chair 0.0580 403 89 498 200
chair 0.0580 76 14 274 156
chair 0.0577 60 187 161 370
chair 0.0572 415 77 446 140
chair 0.0570 5 48 105 197
chair 0.0549 228 67 377 156
chair 0.0535 227 48 486 321
chair 0.0522 140 26 268 119
chair 0.0520 229 174 455 371
chair 0.0494 426 49 458 131
chair 0.0488 472 26 500 96
chair 0.0479 406 43 437 122
chair 0.0478 430 88 490 148
chair 0.0476 174 0 266 104
chair 0.0473 464 73 500 152
chair 0.0473 449 91 499 233
chair 0.0470 294 2 426 159
chair 0.0462 248 24 400 128
chair 0.0447 30 104 134 298
chair 0.0444 153 64 316 152
chair 0.0438 377 36 442 102
chair 0.0418 90 100 246 183
chair 0.0414 42 160 122 343
chair 0.0413 35 94 109 200
chair 0.0391 0 0 238 361
chair 0.0390 311 36 433 104
chair 0.0386 448 58 499 113
chair 0.0384 482 55 499 95
chair 0.0380 437 94 488 195
chair 0.0377 308 15 500 132
chair 0.0377 150 51 333 116
chair 0.0374 429 40 453 99
chair 0.0370 441 61 484 133
chair 0.0368 343 66 451 213
chair 0.0367 439 20 471 95
chair 0.0366 392 91 442 144
chair 0.0366 402 79 455 178
chair 0.0357 309 79 475 167
chair 0.0356 214 62 366 113
chair 0.0352 431 15 489 78
chair 0.0343 422 40 445 101
chair 0.0336 350 55 448 115
chair 0.0335 47 109 161 224
chair 0.0334 145 47 252 166
chair 0.0333 185 11 345 118
chair 0.0322 158 64 272 106
chair 0.0318 279 0 373 95
chair 0.0311 20 5 217 194
chair 0.0309 369 36 416 77
chair 0.0305 372 208 467 364
chair 0.0304 346 68 422 107
chair 0.0303 232 66 323 103
chair 0.0303 220 3 298 109
chair 0.0302 343 49 404 98
chair 0.0301 428 86 456 137
chair 0.0301 31 74 216 154
chair 0.0300 94 84 268 335
chair 0.0299 377 116 471 307
chair 0.0297 158 139 389 370
chair 0.0296 355 17 454 75
chair 0.0293 0 70 65 204
chair 0.0288 49 162 163 290
chair 0.0287 438 77 460 120
chair 0.0287 463 61 498 97
chair 0.0287 449 53 477 107
chair 0.0284 424 84 442 128
chair 0.0282 362 76 430 146
chair 0.0282 414 21 440 103
chair 0.0281 315 66 415 119
chair 0.0280 339 237 446 371
chair 0.0280 0 56 142 374
chair 0.0279 459 54 488 107
chair 0.0275 420 104 476 220
chair 0.0273 438 63 461 105
chair 0.0273 349 126 493 223
chair 0.0271 470 84 497 119
chair 0.0271 93 172 213 375
chair 0.0270 314 8 410 81
chair 0.0269 420 60 445 122
chair 0.0268 401 108 456 158
chair 0.0267 424 94 467 168
chair 0.0265 484 27 500 111
chair 0.0262 382 23 426 86
chair 0.0255 225 13 263 96
chair 0.0253 83 218 358 373
chair 0.0252 253 64 345 95
chair 0.0250 389 115 467 183
chair 0.0249 362 28 400 74
chair 0.0246 295 57 409 98
chair 0.0245 328 21 371 82
chair 0.0244 443 98 500 162
chair 0.0243 84 140 187 323
chair 0.0243 458 34 489 89
chair 0.0240 158 308 399 368
chair 0.0240 303 0 334 73
chair 0.0238 372 23 415 50
chair 0.0236 324 40 385 86
chair 0.0235 480 37 500 84
chair 0.0234 432 82 453 119
chair 0.0234 438 92 460 133
chair 0.0234 236 3 272 89
chair 0.0233 23 241 258 374
chair 0.0233 417 84 436 130
chair 0.0232 207 66 289 104
chair 0.0232 309 1 356 80
chair 0.0232 457 154 497 231
chair 0.0231 110 86 261 147
chair 0.0231 177 46 392 269
chair 0.0228 414 94 495 285
chair 0.0227 437 72 473 110
chair 0.0226 84 31 226 122
chair 0.0225 140 75 257 116
chair 0.0225 410 103 487 141
chair 0.0225 486 62 500 113
chair 0.0224 141 10 333 174
chair 0.0223 255 0 326 85
chair 0.0222 222 36 314 137
chair 0.0222 432 51 466 93
chair 0.0220 16 187 92 359
chair 0.0218 460 63 482 97
chair 0.0218 391 23 423 61
chair 0.0218 441 139 487 229
chair 0.0217 386 74 424 139
chair 0.0216 70 127 208 237
chair 0.0216 400 22 451 82
chair 0.0216 416 49 436 97
chair 0.0215 420 30 435 72
chair 0.0214 155 101 252 163
chair 0.0214 35 111 76 198
chair 0.0213 432 64 452 102
chair 0.0213 46 303 218 371
chair 0.0212 410 29 426 58
chair 0.0212 25 253 146 369
chair 0.0209 437 109 461 143
chair 0.0207 423 76 498 123
chair 0.0207 406 32 496 87
chair 0.0206 375 73 409 139
chair 0.0206 371 87 500 152
chair 0.0206 409 91 428 136
chair 0.0205 360 53 415 79
chair 0.0204 22 75 87 189
chair 0.0204 464 95 499 132
chair 0.0203 9 125 133 201
chair 0.0203 364 26 390 59
chair 0.0202 229 105 356 155
chair 0.0201 436 118 480 147
chair 0.0201 411 218 490 360
chair 0.0200 454 57 474 93
chair 0.0200 286 0 324 70
person 0.0230 167 6 181 50
person 0.0213 161 0 179 53
sofa 0.6213 42 61 461 365
sofa 0.2531 74 67 396 179
sofa 0.2197 209 68 408 153
sofa 0.1251 28 77 364 248
sofa 0.1228 37 83 277 196
sofa 0.0609 240 40 469 148
sofa 0.0598 100 42 486 235
sofa 0.0572 225 60 450 212
sofa 0.0508 43 0 270 239
sofa 0.0455 73 30 347 139
sofa 0.0355 20 170 369 357
sofa 0.0343 159 75 418 317
sofa 0.0321 21 11 443 184
sofa 0.0301 207 19 391 112
sofa 0.0205 160 105 417 211
tvmonitor 0.1547 0 2 80 54
tvmonitor 0.1330 164 0 260 101
tvmonitor 0.0972 360 22 422 61
tvmonitor 0.0954 0 0 48 45
tvmonitor 0.0941 0 26 61 49
tvmonitor 0.0748 3 0 103 85
tvmonitor 0.0680 180 0 241 67
tvmonitor 0.0660 6 0 138 188
tvmonitor 0.0651 92 0 265 126
tvmonitor 0.0577 187 5 228 53
tvmonitor 0.0558 174 0 238 34
tvmonitor 0.0532 0 31 41 52
tvmonitor 0.0523 212 0 265 93
tvmonitor 0.0511 0 32 65 58
tvmonitor 0.0497 0 0 180 114
tvmonitor 0.0473 0 1 25 40
tvmonitor 0.0470 109 0 179 107
tvmonitor 0.0425 0 28 88 70
tvmonitor 0.0424 0 22 40 43
tvmonitor 0.0417 154 1 223 89
tvmonitor 0.0413 0 40 43 57
tvmonitor 0.0404 14 30 62 45
tvmonitor 0.0360 193 21 224 48
tvmonitor 0.0351 0 34 116 148
tvmonitor 0.0340 193 16 229 71
tvmonitor 0.0337 0 25 24 50
tvmonitor 0.0332 0 40 88 93
tvmonitor 0.0317 158 0 203 64
tvmonitor 0.0317 368 23 419 45
tvmonitor 0.0317 39 31 64 48
tvmonitor 0.0313 28 28 68 49
tvmonitor 0.0309 138 0 182 82
tvmonitor 0.0308 70 0 150 99
tvmonitor 0.0287 146 0 259 54
tvmonitor 0.0286 363 1 427 87
tvmonitor 0.0274 0 0 78 26
tvmonitor 0.0269 16 24 275 158
tvmonitor 0.0252 235 0 276 88
tvmonitor 0.0252 0 34 23 59
tvmonitor 0.0248 179 1 237 18
tvmonitor 0.0245 71 45 251 112
tvmonitor 0.0235 174 32 244 93
tvmonitor 0.0230 216 0 252 64
tvmonitor 0.0220 0 31 44 76
tvmonitor 0.0217 361 23 401 50
tvmonitor 0.0216 102 0 142 93
tvmonitor 0.0208 0 56 90 118
tvmonitor 0.0208 191 0 325 96
tvmonitor 0.0208 257 0 335 81
tvmonitor 0.0207 381 21 435 58
tvmonitor 0.0204 394 24 422 45
tvmonitor 0.0202 0 44 59 63
tvmonitor 0.0202 30 2 115 59
tvmonitor 0.0200 38 0 122 105
