bicycle 0.0456 14 153 93 256
bicycle 0.0266 147 12 326 75
bicycle 0.0242 187 16 431 82
bicycle 0.0240 190 0 431 57
bicycle 0.0237 42 175 126 264
bicycle 0.0233 249 10 487 114
bicycle 0.0223 289 14 486 77
bicycle 0.0222 114 4 289 97
bicycle 0.0204 184 0 281 74
bottle 0.0224 363 193 386 226
bus 0.7053 50 44 494 288
bus 0.2342 0 79 97 260
bus 0.0830 0 91 91 184
bus 0.0738 26 63 170 269
bus 0.0644 132 148 488 293
bus 0.0537 69 140 152 264
bus 0.0485 84 65 267 286
bus 0.0474 262 56 409 287
bus 0.0430 297 44 484 270
bus 0.0425 79 112 192 275
bus 0.0409 0 3 125 227
bus 0.0400 28 106 94 233
bus 0.0385 186 75 358 296
bus 0.0331 214 96 302 152
bus 0.0322 74 145 336 286
bus 0.0322 86 64 194 221
bus 0.0275 14 141 121 256
bus 0.0269 69 74 155 200
bus 0.0260 102 56 340 220
bus 0.0233 141 70 312 184
bus 0.0231 236 96 307 192
bus 0.0224 193 10 474 246
bus 0.0210 16 64 114 197
car 0.0678 0 75 103 190
car 0.0596 282 51 493 242
car 0.0496 0 93 88 130
car 0.0450 340 83 494 213
car 0.0430 410 89 497 230
car 0.0409 241 43 439 196
car 0.0358 0 101 89 244
car 0.0337 277 64 492 159
car 0.0324 78 152 153 270
car 0.0309 193 243 343 296
car 0.0297 316 96 485 170
car 0.0296 383 97 470 145
car 0.0295 262 45 457 109
car 0.0295 479 250 500 286
car 0.0290 0 94 24 122
car 0.0271 414 257 497 294
car 0.0269 0 95 74 117
car 0.0264 462 129 497 215
car 0.0258 78 178 126 268
car 0.0256 0 64 82 120
car 0.0253 0 0 108 234
car 0.0236 0 103 85 150
car 0.0236 400 95 497 171
car 0.0225 325 9 496 79
car 0.0224 0 50 20 91
car 0.0223 263 75 395 226
car 0.0221 460 95 497 166
car 0.0217 425 210 499 298
car 0.0208 379 242 500 294
car 0.0207 454 247 499 299
car 0.0203 476 248 500 270
car 0.0201 36 173 96 244
chair 0.0303 69 168 133 271
chair 0.0238 255 91 311 151
chair 0.0206 87 214 120 269
cow 0.0928 4 87 95 260
cow 0.0252 0 173 110 276
dog 0.0299 193 250 331 298
dog 0.0261 228 267 305 296
person 0.0889 343 218 364 238
person 0.0781 480 210 498 245
person 0.0699 457 174 473 214
person 0.0569 474 209 500 269
person 0.0532 34 168 98 266
person 0.0522 476 192 499 241
person 0.0503 261 43 409 265
person 0.0477 472 187 494 214
person 0.0447 462 194 497 262
person 0.0438 369 191 390 215
person 0.0433 471 208 494 237
person 0.0426 0 231 23 308
person 0.0407 276 66 374 203
person 0.0404 485 204 500 253
person 0.0397 462 170 497 237
person 0.0357 475 152 500 218
person 0.0353 350 218 370 238
person 0.0352 51 176 90 241
person 0.0340 290 55 368 157
person 0.0328 462 143 496 218
person 0.0325 89 193 121 251
person 0.0320 489 198 500 238
person 0.0310 308 87 391 229
person 0.0303 365 172 396 218
person 0.0303 253 60 352 173
person 0.0300 188 239 235 294
person 0.0300 2 173 86 281
person 0.0284 339 205 371 241
person 0.0279 2 240 18 288
person 0.0276 88 197 108 245
person 0.0270 374 79 500 292
person 0.0267 43 132 94 237
person 0.0265 412 136 497 283
person 0.0262 200 104 225 153
person 0.0260 481 157 498 204
person 0.0258 346 67 360 107
person 0.0256 472 168 492 205
person 0.0254 453 205 499 290
person 0.0251 64 182 94 253
person 0.0248 105 209 121 242
person 0.0246 332 88 372 152
person 0.0244 207 252 308 298
person 0.0242 463 183 479 214
person 0.0242 305 87 363 165
person 0.0240 257 46 398 147
person 0.0238 449 109 466 144
person 0.0238 96 203 113 238
person 0.0237 347 209 363 234
person 0.0235 480 233 499 269
person 0.0233 4 238 32 289
person 0.0230 0 170 41 236
person 0.0229 436 101 462 143
person 0.0229 77 191 105 256
person 0.0228 466 212 482 241
person 0.0226 470 214 494 253
person 0.0224 218 70 315 171
person 0.0221 343 97 444 227
person 0.0221 198 102 219 134
person 0.0221 363 213 380 237
person 0.0218 451 104 477 145
person 0.0218 78 182 125 270
person 0.0216 363 190 395 227
person 0.0215 59 180 109 269
person 0.0214 49 121 87 184
person 0.0213 268 66 334 150
person 0.0213 292 83 411 181
person 0.0211 474 153 490 186
person 0.0209 303 115 366 245
person 0.0207 62 123 85 153
person 0.0204 482 147 497 184
person 0.0203 298 89 343 152
person 0.0203 4 242 45 306
person 0.0202 456 167 489 216
person 0.0202 259 87 311 148
pottedplant 0.0211 255 68 321 150
sheep 0.0768 0 69 105 278
sheep 0.0379 27 140 113 270
sheep 0.0235 15 187 132 277
sheep 0.0213 56 190 168 273
sheep 0.0208 0 147 174 290
train 0.1072 0 74 104 272
train 0.0966 182 231 358 293
train 0.0779 139 207 493 294
train 0.0746 328 83 493 293
train 0.0606 49 57 500 292
train 0.0533 250 37 493 154
train 0.0517 274 50 455 284
train 0.0465 73 193 376 288
train 0.0442 127 229 296 291
train 0.0428 252 229 462 289
train 0.0402 261 163 498 294
train 0.0401 113 43 432 152
train 0.0267 33 21 171 227
train 0.0263 0 94 93 163
train 0.0261 2 0 131 198
train 0.0258 21 217 290 301
train 0.0252 166 143 438 291
train 0.0251 95 53 330 187
train 0.0241 214 49 410 221
train 0.0239 23 136 196 279
train 0.0235 84 63 215 170
train 0.0234 61 229 233 287
train 0.0231 69 13 500 179
train 0.0229 104 62 305 138
train 0.0219 431 191 499 286
train 0.0210 41 175 90 209
train 0.0209 351 202 494 288
train 0.0205 213 257 347 296
train 0.0204 11 117 92 197
tvmonitor 0.0478 257 101 304 150
tvmonitor 0.0255 204 92 305 152
tvmonitor 0.0211 400 100 449 143
