boat 0.0266 0 33 500 359
boat 0.0226 0 182 63 217
bottle 0.0807 65 118 89 156
bottle 0.0771 42 141 60 169
bottle 0.0717 47 143 68 169
bottle 0.0693 62 91 94 152
bottle 0.0615 41 128 59 158
bottle 0.0584 38 131 51 158
bottle 0.0497 40 110 62 151
bottle 0.0496 56 142 75 167
bottle 0.0480 181 164 202 203
bottle 0.0475 163 133 190 176
bottle 0.0457 50 109 89 183
bottle 0.0452 0 174 21 222
bottle 0.0446 50 138 91 200
bottle 0.0443 38 140 53 168
bottle 0.0439 130 118 174 143
bottle 0.0402 42 143 63 188
bottle 0.0381 172 135 206 201
bottle 0.0361 1 157 38 213
bottle 0.0343 148 112 173 141
bottle 0.0340 181 151 201 191
bottle 0.0340 49 154 94 231
bottle 0.0333 132 111 170 133
bottle 0.0320 54 148 76 181
bottle 0.0312 158 133 182 167
bottle 0.0295 25 133 45 165
bottle 0.0294 156 120 177 145
bottle 0.0287 32 151 77 213
bottle 0.0286 1 164 28 199
bottle 0.0275 61 136 85 165
bottle 0.0259 46 149 70 178
bottle 0.0256 56 102 79 146
bottle 0.0247 35 147 58 171
bottle 0.0239 6 154 61 209
bottle 0.0235 27 141 61 197
bottle 0.0235 175 172 197 206
bottle 0.0230 186 136 225 196
bottle 0.0228 185 158 208 197
bottle 0.0227 362 358 411 374
bottle 0.0223 59 145 84 174
bottle 0.0216 173 145 195 185
bottle 0.0213 0 179 44 222
bottle 0.0205 356 279 382 303
bottle 0.0200 146 122 183 151
bottle 0.0200 226 121 266 142
car 0.0808 285 114 315 138
car 0.0573 0 51 29 144
car 0.0536 287 96 316 134
car 0.0447 0 76 43 119
car 0.0416 0 73 19 114
car 0.0406 69 24 244 107
car 0.0396 281 112 318 151
car 0.0386 0 42 92 103
car 0.0257 278 107 324 135
car 0.0246 21 31 297 145
car 0.0235 279 106 315 124
chair 0.4222 267 46 311 108
chair 0.3319 67 165 264 373
chair 0.3009 65 185 168 375
chair 0.2245 241 222 480 372
chair 0.2167 1 174 104 375
chair 0.2109 0 102 42 166
chair 0.1608 229 50 309 134
chair 0.1398 29 142 135 367
chair 0.1346 239 148 364 369
chair 0.1300 61 112 88 155
chair 0.1293 241 291 444 369
chair 0.1157 50 99 86 156
chair 0.1133 318 151 488 375
chair 0.1119 99 219 349 374
chair 0.1066 55 208 119 362
chair 0.1035 0 89 73 170
chair 0.1016 247 139 335 291
chair 0.0989 69 278 171 374
chair 0.0971 40 83 78 155
chair 0.0959 153 267 423 374
chair 0.0952 378 256 475 375
chair 0.0944 291 48 323 113
chair 0.0943 0 241 79 375
chair 0.0941 89 255 234 371
chair 0.0896 228 200 321 365
chair 0.0887 276 49 306 91
chair 0.0882 7 152 86 276
chair 0.0871 243 252 356 375
chair 0.0851 49 137 168 267
chair 0.0849 43 113 74 156
chair 0.0824 0 100 52 214
chair 0.0813 72 250 129 375
chair 0.0789 291 49 311 88
chair 0.0753 189 50 229 91
chair 0.0746 24 85 90 165
chair 0.0692 52 171 115 287
chair 0.0692 154 194 288 375
chair 0.0681 268 48 304 76
chair 0.0681 273 55 323 124
chair 0.0679 162 114 284 200
chair 0.0675 38 120 64 161
chair 0.0672 46 204 106 316
chair 0.0668 47 126 67 157
chair 0.0642 267 53 295 85
chair 0.0641 416 258 494 374
chair 0.0629 398 178 491 375
chair 0.0623 56 122 79 157
chair 0.0615 0 62 35 179
chair 0.0609 29 90 60 159
chair 0.0597 246 27 312 111
chair 0.0593 271 20 328 110
chair 0.0591 229 255 290 372
chair 0.0588 185 49 212 86
chair 0.0555 286 57 312 113
chair 0.0544 120 119 280 339
chair 0.0538 245 51 304 96
chair 0.0533 336 263 449 375
chair 0.0532 209 50 233 89
chair 0.0532 21 257 150 375
chair 0.0531 12 94 49 155
chair 0.0530 45 140 71 160
chair 0.0528 110 294 291 371
chair 0.0523 144 263 220 372
chair 0.0520 188 247 265 374
chair 0.0518 279 318 460 373
chair 0.0514 285 80 318 135
chair 0.0502 37 123 82 164
chair 0.0497 225 109 290 175
chair 0.0489 196 109 312 184
chair 0.0481 248 116 293 162
chair 0.0473 39 160 249 275
chair 0.0472 5 133 94 225
chair 0.0470 0 141 54 195
chair 0.0465 296 51 317 98
chair 0.0464 369 309 461 374
chair 0.0455 198 23 232 83
chair 0.0448 53 138 80 159
chair 0.0447 67 296 114 375
chair 0.0441 230 291 325 373
chair 0.0439 241 105 291 146
chair 0.0438 0 147 62 237
chair 0.0435 52 144 77 166
chair 0.0432 276 113 315 150
chair 0.0429 267 66 292 102
chair 0.0424 50 199 98 266
chair 0.0422 292 267 414 375
chair 0.0419 17 119 46 164
chair 0.0418 60 133 89 159
chair 0.0415 255 54 285 94
chair 0.0410 233 185 294 328
chair 0.0407 34 126 55 166
chair 0.0407 226 312 294 375
chair 0.0405 179 160 203 204
chair 0.0400 260 58 278 88
chair 0.0400 37 141 67 169
chair 0.0396 402 302 486 374
chair 0.0395 291 91 313 126
chair 0.0392 56 209 131 274
chair 0.0391 298 56 333 130
chair 0.0386 35 207 185 275
chair 0.0385 212 51 253 90
chair 0.0375 3 304 88 375
chair 0.0373 49 92 94 188
chair 0.0368 17 200 216 307
chair 0.0367 49 157 99 255
chair 0.0366 195 52 244 83
chair 0.0361 277 123 345 266
chair 0.0357 198 131 342 209
chair 0.0356 0 109 31 202
chair 0.0354 16 101 40 145
chair 0.0354 294 79 311 115
chair 0.0352 125 121 177 146
chair 0.0352 228 127 466 293
chair 0.0351 49 178 217 249
chair 0.0350 0 213 196 371
chair 0.0350 211 128 275 196
chair 0.0349 46 105 67 149
chair 0.0348 25 135 85 180
chair 0.0347 161 150 266 204
chair 0.0347 181 81 298 162
chair 0.0347 280 61 304 107
chair 0.0346 37 144 77 199
chair 0.0346 304 131 369 264
chair 0.0346 222 107 292 259
chair 0.0344 295 67 319 120
chair 0.0344 1 169 121 245
chair 0.0341 248 274 396 349
chair 0.0335 63 123 269 243
chair 0.0334 157 150 246 350
chair 0.0332 147 303 252 375
chair 0.0331 34 115 54 153
chair 0.0329 262 109 307 161
chair 0.0329 238 52 278 104
chair 0.0328 0 194 124 277
chair 0.0320 22 126 66 167
chair 0.0319 196 195 256 342
chair 0.0315 306 338 422 372
chair 0.0314 258 136 294 164
chair 0.0311 303 46 328 103
chair 0.0309 102 223 183 366
chair 0.0309 60 213 152 322
chair 0.0309 184 119 276 308
chair 0.0308 263 60 299 122
chair 0.0308 6 118 57 183
chair 0.0307 44 120 89 149
chair 0.0307 277 70 309 120
chair 0.0306 40 109 104 155
chair 0.0304 104 205 239 329
chair 0.0298 69 328 128 375
chair 0.0296 280 44 325 89
chair 0.0294 14 87 42 131
chair 0.0294 223 52 273 90
chair 0.0294 49 133 92 170
chair 0.0293 256 48 331 148
chair 0.0291 116 261 170 367
chair 0.0290 58 227 114 292
chair 0.0290 0 186 66 342
chair 0.0289 180 141 215 201
chair 0.0288 171 49 225 81
chair 0.0285 344 329 489 375
chair 0.0284 212 210 275 370
chair 0.0284 288 46 312 71
chair 0.0282 281 104 315 138
chair 0.0281 258 112 294 141
chair 0.0280 222 45 325 101
chair 0.0278 21 220 89 330
chair 0.0277 0 78 36 117
chair 0.0276 243 52 275 84
chair 0.0276 61 216 100 277
chair 0.0276 249 136 329 221
chair 0.0275 38 88 111 135
chair 0.0274 63 237 111 336
chair 0.0272 252 312 369 374
chair 0.0270 77 107 178 308
chair 0.0269 223 92 308 152
chair 0.0268 297 48 318 75
chair 0.0268 241 122 423 230
chair 0.0266 216 53 244 76
chair 0.0266 0 291 49 374
chair 0.0265 338 308 425 375
chair 0.0263 0 108 24 152
chair 0.0262 187 314 276 375
chair 0.0257 212 97 285 141
chair 0.0256 41 133 76 152
chair 0.0255 53 114 82 146
chair 0.0253 0 138 30 239
chair 0.0252 239 213 350 322
chair 0.0249 236 70 368 198
chair 0.0248 142 164 342 279
chair 0.0247 96 308 189 374
chair 0.0245 1 258 46 344
chair 0.0243 266 73 315 104
chair 0.0243 224 53 262 73
chair 0.0242 157 296 206 374
chair 0.0241 412 337 497 374
chair 0.0241 271 75 297 109
chair 0.0240 269 88 329 155
chair 0.0240 134 152 292 220
chair 0.0237 360 333 435 375
chair 0.0235 407 320 453 375
chair 0.0235 104 32 153 63
chair 0.0230 282 26 354 138
chair 0.0229 177 158 239 204
chair 0.0227 29 135 62 188
chair 0.0226 177 182 203 206
chair 0.0226 250 91 327 131
chair 0.0226 339 347 415 375
chair 0.0224 239 132 313 177
chair 0.0223 22 98 111 192
chair 0.0222 28 155 77 226
chair 0.0221 320 142 382 245
chair 0.0221 45 246 102 361
chair 0.0221 207 155 347 232
chair 0.0219 244 269 347 332
chair 0.0217 265 93 306 144
chair 0.0217 284 84 304 115
chair 0.0216 260 122 293 153
chair 0.0215 258 53 282 73
chair 0.0215 250 108 325 144
chair 0.0215 206 298 248 374
chair 0.0213 36 110 65 143
chair 0.0213 4 196 72 255
chair 0.0211 244 53 264 77
chair 0.0210 269 115 308 137
chair 0.0210 267 82 306 116
chair 0.0209 170 173 251 209
chair 0.0208 2 111 62 152
chair 0.0207 219 109 276 149
chair 0.0206 147 125 255 186
chair 0.0206 209 32 247 85
chair 0.0206 112 38 146 69
chair 0.0206 260 74 281 100
chair 0.0206 52 234 95 325
chair 0.0205 453 284 497 375
chair 0.0204 223 283 265 374
chair 0.0203 39 151 97 214
chair 0.0203 162 134 205 192
chair 0.0203 32 196 82 261
chair 0.0201 0 184 46 259
chair 0.0201 281 97 310 120
chair 0.0200 81 192 253 261
diningtable 0.1562 63 206 356 374
diningtable 0.1134 0 89 333 356
diningtable 0.0903 156 154 464 364
diningtable 0.0753 0 155 81 242
diningtable 0.0644 0 88 108 160
diningtable 0.0587 0 116 72 222
diningtable 0.0577 17 76 206 184
diningtable 0.0498 0 119 199 251
diningtable 0.0487 0 152 223 367
diningtable 0.0476 0 132 143 307
diningtable 0.0445 0 143 92 205
diningtable 0.0358 101 146 356 312
diningtable 0.0357 35 88 157 163
diningtable 0.0352 31 85 122 142
diningtable 0.0326 187 262 500 375
diningtable 0.0323 11 116 89 185
diningtable 0.0319 2 132 64 182
diningtable 0.0313 0 45 302 211
diningtable 0.0302 38 36 500 368
diningtable 0.0290 34 141 84 170
diningtable 0.0288 37 131 92 163
diningtable 0.0284 150 29 297 100
diningtable 0.0270 11 145 90 178
diningtable 0.0256 104 46 401 160
diningtable 0.0241 25 151 107 246
diningtable 0.0209 0 86 115 231
diningtable 0.0204 29 146 72 188
person 0.8221 253 113 483 371
person 0.7993 72 78 254 367
person 0.7093 32 32 98 151
person 0.5908 56 80 186 300
person 0.5564 110 9 147 74
person 0.5246 216 55 292 181
person 0.5214 68 33 141 131
person 0.4900 153 62 272 198
person 0.4888 144 0 200 79
person 0.4887 136 73 277 274
person 0.4646 202 96 375 363
person 0.4318 85 21 145 102
person 0.3917 77 29 130 82
person 0.3675 54 53 161 177
person 0.3426 136 28 207 150
person 0.3264 45 65 90 158
person 0.3249 210 70 326 305
person 0.3109 60 71 208 201
person 0.2707 100 13 132 70
person 0.2691 53 31 124 100
person 0.2609 51 70 121 161
person 0.2549 147 65 221 181
person 0.2534 85 43 163 143
person 0.2412 102 11 178 119
person 0.2363 111 3 187 81
person 0.2272 66 76 176 148
person 0.2218 195 74 314 209
person 0.2155 24 128 148 370
person 0.2153 131 72 439 373
person 0.2095 31 32 86 98
person 0.2004 12 49 84 162
person 0.1996 128 67 167 134
person 0.1846 82 12 128 53
person 0.1821 105 13 126 53
person 0.1813 112 25 154 115
person 0.1646 122 65 155 122
person 0.1599 114 53 178 145
person 0.1578 118 27 240 187
person 0.1549 90 56 309 227
person 0.1474 17 33 76 126
person 0.1459 31 32 72 72
person 0.1447 139 66 201 135
person 0.1416 31 6 147 146
person 0.1409 104 72 161 128
person 0.1392 0 32 23 58
person 0.1375 219 51 306 131
person 0.1369 37 75 66 150
person 0.1339 57 50 198 127
person 0.1289 240 110 337 277
person 0.1288 106 11 135 42
person 0.1272 0 32 62 150
person 0.1263 90 62 142 132
person 0.1244 80 6 157 73
person 0.1171 172 34 290 162
person 0.1159 82 8 201 163
person 0.1127 245 44 319 156
person 0.1090 3 46 37 103
person 0.1078 0 63 21 110
person 0.1075 103 29 127 65
person 0.1058 40 70 152 246
person 0.1057 109 57 145 116
person 0.1041 36 34 108 79
person 0.1033 0 2 25 61
person 0.1032 305 122 443 333
person 0.1031 206 54 273 124
person 0.1023 193 21 230 81
person 0.0995 0 100 104 369
person 0.0976 147 0 221 117
person 0.0972 0 35 25 79
person 0.0943 152 58 230 129
person 0.0934 133 78 205 209
person 0.0926 193 45 231 106
person 0.0919 119 3 163 70
person 0.0913 145 34 208 86
person 0.0904 0 38 116 132
person 0.0901 97 13 150 54
person 0.0899 216 55 248 111
person 0.0883 205 103 283 195
person 0.0858 232 98 300 182
person 0.0853 89 24 123 66
person 0.0846 120 23 150 80
person 0.0838 77 33 120 56
person 0.0837 60 95 109 158
person 0.0837 60 28 187 94
person 0.0822 27 33 46 66
person 0.0813 17 76 38 103
person 0.0811 131 51 279 131
person 0.0807 30 32 58 59
person 0.0795 104 11 126 34
person 0.0793 143 67 172 125
person 0.0789 3 58 40 148
person 0.0784 122 92 177 145
person 0.0773 142 49 216 108
person 0.0766 105 33 135 79
person 0.0761 284 115 317 167
person 0.0757 13 82 76 197
person 0.0756 162 105 217 202
person 0.0745 99 103 188 223
person 0.0743 87 11 120 41
person 0.0731 2 28 40 87
person 0.0726 67 63 164 118
person 0.0724 20 32 56 84
person 0.0718 69 20 116 69
person 0.0701 134 64 155 104
person 0.0698 215 53 233 90
person 0.0689 150 62 185 123
person 0.0660 217 90 241 119
person 0.0660 78 51 140 87
person 0.0650 73 36 107 83
person 0.0649 255 117 294 165
person 0.0644 249 115 319 175
person 0.0639 362 117 494 371
person 0.0635 207 53 236 103
person 0.0627 69 105 163 152
person 0.0623 79 27 142 61
person 0.0611 214 84 233 113
person 0.0600 25 44 46 79
person 0.0600 161 118 289 357
person 0.0595 105 74 220 145
person 0.0585 42 0 363 365
person 0.0583 137 71 160 116
person 0.0582 12 54 48 101
person 0.0580 0 22 31 69
person 0.0570 0 27 194 375
person 0.0566 124 118 175 144
person 0.0563 331 116 482 267
person 0.0561 227 115 319 207
person 0.0558 174 33 242 127
person 0.0548 104 49 151 97
person 0.0533 218 54 257 91
person 0.0533 184 52 217 101
person 0.0530 187 52 207 88
person 0.0527 285 90 317 137
person 0.0527 117 12 150 41
person 0.0522 4 68 43 116
person 0.0517 63 102 191 177
person 0.0517 141 98 189 163
person 0.0511 199 47 247 90
person 0.0506 7 34 43 66
person 0.0504 163 14 214 84
person 0.0502 201 73 267 176
person 0.0497 25 50 267 164
person 0.0496 141 129 190 204
person 0.0495 149 83 210 149
person 0.0493 36 50 133 114
person 0.0488 190 5 275 117
person 0.0481 224 75 286 127
person 0.0478 2 13 73 100
person 0.0478 16 51 261 270
person 0.0475 30 59 59 129
person 0.0475 0 70 27 143
person 0.0474 267 78 313 155
person 0.0473 214 75 245 127
person 0.0468 154 0 193 55
person 0.0467 161 132 193 182
person 0.0465 98 24 118 52
person 0.0462 85 23 110 50
person 0.0459 73 34 104 53
person 0.0458 152 83 171 125
person 0.0458 182 47 204 81
person 0.0454 120 106 184 187
person 0.0450 170 54 209 112
person 0.0450 154 53 206 89
person 0.0449 49 51 93 123
person 0.0447 249 95 290 153
person 0.0447 224 87 397 251
person 0.0444 165 123 262 201
person 0.0443 31 49 55 83
person 0.0442 78 69 134 111
person 0.0441 115 36 170 89
person 0.0441 128 59 174 105
person 0.0435 319 130 410 283
person 0.0434 266 114 332 232
person 0.0430 109 51 133 81
person 0.0428 34 40 65 93
person 0.0427 159 73 245 150
person 0.0425 240 64 296 148
person 0.0423 149 61 189 83
person 0.0422 280 95 326 171
person 0.0421 158 133 201 208
person 0.0418 206 84 227 112
person 0.0417 105 76 138 122
person 0.0416 81 33 111 70
person 0.0412 11 39 80 82
person 0.0411 71 49 96 80
person 0.0407 145 59 192 99
person 0.0404 176 149 205 204
person 0.0404 85 41 165 80
person 0.0402 68 40 100 105
person 0.0401 22 69 43 97
person 0.0400 201 68 229 109
person 0.0400 108 16 122 29
person 0.0396 78 18 106 44
person 0.0395 88 41 124 91
person 0.0394 129 43 155 87
person 0.0390 98 25 224 90
person 0.0390 126 108 172 137
person 0.0389 233 55 280 114
person 0.0385 69 80 120 141
person 0.0384 218 85 263 140
person 0.0383 288 119 324 190
person 0.0382 39 85 60 136
person 0.0378 15 38 39 61
person 0.0378 268 119 369 260
person 0.0376 62 74 97 142
person 0.0376 85 8 147 37
person 0.0375 392 116 474 227
person 0.0375 150 66 171 107
person 0.0372 14 82 42 119
person 0.0366 0 18 29 110
person 0.0365 41 32 88 59
person 0.0364 191 68 296 144
person 0.0363 142 0 264 144
person 0.0362 0 55 124 259
person 0.0358 17 74 50 131
person 0.0357 116 63 139 105
person 0.0357 411 117 489 283
person 0.0354 91 57 135 97
person 0.0353 144 100 174 140
person 0.0350 132 61 157 86
person 0.0346 168 125 208 190
person 0.0345 119 54 162 96
person 0.0345 26 6 130 79
person 0.0343 141 64 160 99
person 0.0343 95 68 158 105
person 0.0342 111 115 189 153
person 0.0341 111 58 146 89
person 0.0341 154 96 177 131
person 0.0340 211 86 239 138
person 0.0338 99 51 197 105
person 0.0334 168 55 259 102
person 0.0334 53 85 82 147
person 0.0331 19 44 39 71
person 0.0331 122 53 152 80
person 0.0330 138 122 225 214
person 0.0329 65 34 92 52
person 0.0326 248 127 299 195
person 0.0326 5 16 26 52
person 0.0325 150 119 186 170
person 0.0322 165 0 366 285
person 0.0322 151 86 181 144
person 0.0321 29 42 60 73
person 0.0321 151 112 208 176
person 0.0321 259 139 293 165
person 0.0318 202 80 232 132
person 0.0317 207 66 226 99
person 0.0316 147 47 194 79
person 0.0314 40 27 112 62
person 0.0311 23 83 43 110
person 0.0310 126 61 149 99
person 0.0310 109 1 159 39
person 0.0310 33 63 53 93
person 0.0309 230 94 278 150
person 0.0309 310 121 425 224
person 0.0307 107 11 134 27
person 0.0307 72 1 112 52
person 0.0307 50 34 77 66
person 0.0306 12 26 67 66
person 0.0306 183 40 202 70
person 0.0304 131 102 201 141
person 0.0304 56 86 124 207
person 0.0300 141 62 165 83
person 0.0297 153 62 180 93
person 0.0296 96 37 132 59
person 0.0296 28 9 79 80
person 0.0296 175 33 207 83
person 0.0295 184 24 200 54
person 0.0295 146 52 347 178
person 0.0293 232 22 346 194
person 0.0290 131 89 157 126
person 0.0290 73 27 118 49
person 0.0286 7 3 61 73
person 0.0282 56 35 91 74
person 0.0282 196 64 218 99
person 0.0282 87 84 134 144
person 0.0281 91 94 229 168
person 0.0281 85 81 151 121
person 0.0279 222 94 246 125
person 0.0279 116 39 142 78
person 0.0278 184 4 201 37
person 0.0277 148 0 179 49
person 0.0273 182 68 222 128
person 0.0272 144 47 161 79
person 0.0272 296 85 316 121
person 0.0272 198 79 221 113
person 0.0272 32 48 85 78
person 0.0272 245 117 395 203
person 0.0272 172 0 206 63
person 0.0267 96 42 130 75
person 0.0266 214 86 337 172
person 0.0266 166 58 201 84
person 0.0265 420 118 471 201
person 0.0263 108 81 147 141
person 0.0263 152 165 207 214
person 0.0262 214 68 235 96
person 0.0261 125 73 153 107
person 0.0260 118 18 156 57
person 0.0260 256 138 308 175
person 0.0260 182 6 203 55
person 0.0260 218 107 286 141
sofa 0.2121 59 117 455 374
sofa 0.1256 90 76 299 212
sofa 0.0951 14 35 209 150
sofa 0.0929 42 58 270 176
sofa 0.0771 18 68 335 303
sofa 0.0642 14 78 135 149
sofa 0.0461 0 54 112 139
sofa 0.0451 27 79 217 225
sofa 0.0404 101 118 361 263
sofa 0.0390 198 95 311 173
sofa 0.0333 104 22 293 111
sofa 0.0315 121 39 331 157
sofa 0.0271 121 34 236 90
tvmonitor 0.3584 0 55 23 104
tvmonitor 0.2603 1 103 40 170
tvmonitor 0.1840 195 20 230 56
tvmonitor 0.1764 2 56 32 88
tvmonitor 0.1227 4 55 44 102
tvmonitor 0.1136 0 49 27 78
tvmonitor 0.1075 12 58 44 86
tvmonitor 0.1061 193 24 231 83
tvmonitor 0.0959 3 72 31 105
tvmonitor 0.0879 194 50 229 85
tvmonitor 0.0877 17 68 39 100
tvmonitor 0.0729 0 39 26 68
tvmonitor 0.0656 0 131 44 178
tvmonitor 0.0653 214 52 232 86
tvmonitor 0.0635 187 51 207 85
tvmonitor 0.0623 286 113 314 138
tvmonitor 0.0605 1 43 48 85
tvmonitor 0.0601 192 18 227 40
tvmonitor 0.0568 0 152 46 194
tvmonitor 0.0557 16 85 41 105
tvmonitor 0.0532 184 1 234 71
tvmonitor 0.0407 198 46 231 72
tvmonitor 0.0403 0 162 23 198
tvmonitor 0.0402 138 4 225 75
tvmonitor 0.0398 0 101 41 137
tvmonitor 0.0379 0 82 41 114
tvmonitor 0.0361 186 7 234 44
tvmonitor 0.0354 1 66 46 132
tvmonitor 0.0352 7 54 47 74
tvmonitor 0.0347 0 151 41 170
tvmonitor 0.0338 210 29 231 64
tvmonitor 0.0335 39 139 57 160
tvmonitor 0.0331 24 128 44 161
tvmonitor 0.0331 14 122 51 160
tvmonitor 0.0319 0 67 22 91
tvmonitor 0.0314 175 7 257 84
tvmonitor 0.0310 0 139 37 167
tvmonitor 0.0306 0 156 31 181
tvmonitor 0.0304 0 154 29 212
tvmonitor 0.0299 187 49 227 67
tvmonitor 0.0295 8 134 43 162
tvmonitor 0.0292 22 71 45 96
tvmonitor 0.0289 30 140 61 169
tvmonitor 0.0289 14 101 43 130
tvmonitor 0.0283 212 41 233 74
tvmonitor 0.0282 189 20 209 53
tvmonitor 0.0282 205 54 237 77
tvmonitor 0.0279 186 22 218 67
tvmonitor 0.0278 193 12 223 32
tvmonitor 0.0276 204 18 225 35
tvmonitor 0.0273 16 143 67 180
tvmonitor 0.0272 6 129 67 165
tvmonitor 0.0271 13 139 53 168
tvmonitor 0.0263 207 19 231 43
tvmonitor 0.0262 179 39 225 80
tvmonitor 0.0259 149 34 222 75
tvmonitor 0.0249 183 46 210 73
tvmonitor 0.0238 31 65 54 90
tvmonitor 0.0230 2 101 43 120
tvmonitor 0.0230 195 38 233 58
tvmonitor 0.0229 189 8 209 42
tvmonitor 0.0227 151 39 264 93
tvmonitor 0.0225 215 54 249 77
tvmonitor 0.0223 36 146 63 164
tvmonitor 0.0221 11 113 42 148
tvmonitor 0.0221 1 122 36 159
tvmonitor 0.0209 0 1 265 190
tvmonitor 0.0207 172 17 231 60
tvmonitor 0.0203 188 34 251 70
tvmonitor 0.0203 0 76 21 103
