boat 0.0325 0 165 41 189
bottle 0.0261 215 133 229 167
bottle 0.0244 222 133 236 167
bottle 0.0224 240 137 269 228
bottle 0.0214 352 79 386 99
bottle 0.0210 234 133 259 206
bottle 0.0205 231 131 245 167
car 0.0314 0 159 42 189
car 0.0219 0 150 24 187
chair 0.0351 138 52 270 308
chair 0.0280 256 255 500 368
chair 0.0269 0 259 313 369
chair 0.0242 42 144 279 303
chair 0.0228 167 129 300 293
chair 0.0224 0 5 66 126
chair 0.0220 5 171 223 350
chair 0.0207 322 310 500 375
chair 0.0206 1 4 126 65
chair 0.0202 177 146 191 185
diningtable 0.0287 38 181 325 302
person 0.1017 364 81 411 140
person 0.0670 364 88 396 132
person 0.0616 387 83 417 134
person 0.0542 370 71 420 174
person 0.0461 392 82 428 149
person 0.0461 347 79 403 128
person 0.0430 322 72 419 147
person 0.0402 358 80 387 124
person 0.0335 361 50 429 145
person 0.0315 351 76 385 107
person 0.0297 352 61 417 205
person 0.0297 376 74 444 199
person 0.0277 356 78 381 97
person 0.0257 403 83 446 146
person 0.0253 399 91 420 136
person 0.0251 315 82 384 135
person 0.0242 383 90 408 131
person 0.0236 366 79 388 110
person 0.0229 361 99 387 135
person 0.0228 398 78 455 174
person 0.0220 295 35 384 160
person 0.0214 295 71 381 212
person 0.0207 417 56 495 215
pottedplant 0.6745 15 1 205 287
pottedplant 0.1888 90 5 299 292
pottedplant 0.1428 32 110 177 293
pottedplant 0.1090 13 1 142 187
pottedplant 0.1086 180 50 285 310
pottedplant 0.1061 8 7 98 150
pottedplant 0.1019 28 21 414 322
pottedplant 0.0956 225 77 271 175
pottedplant 0.0811 208 69 271 263
pottedplant 0.0700 36 0 265 178
pottedplant 0.0696 240 79 272 152
pottedplant 0.0662 205 39 276 179
pottedplant 0.0534 223 73 294 242
pottedplant 0.0522 215 16 354 286
pottedplant 0.0503 135 39 275 214
pottedplant 0.0493 11 93 276 327
pottedplant 0.0478 166 71 250 283
pottedplant 0.0469 122 60 230 288
pottedplant 0.0459 241 0 489 346
pottedplant 0.0424 90 6 174 152
pottedplant 0.0413 0 15 60 179
pottedplant 0.0391 22 175 147 294
pottedplant 0.0390 9 46 131 285
pottedplant 0.0390 36 13 104 111
pottedplant 0.0387 149 12 258 158
pottedplant 0.0375 187 73 272 159
pottedplant 0.0371 109 8 220 148
pottedplant 0.0364 212 15 309 208
pottedplant 0.0340 0 164 215 303
pottedplant 0.0339 262 122 339 279
pottedplant 0.0328 246 95 275 175
pottedplant 0.0328 133 128 209 283
pottedplant 0.0322 0 57 45 224
pottedplant 0.0318 262 73 335 223
pottedplant 0.0309 76 146 252 291
pottedplant 0.0309 0 8 174 120
pottedplant 0.0302 60 3 134 152
pottedplant 0.0298 10 128 84 280
pottedplant 0.0293 219 56 305 159
pottedplant 0.0292 95 66 175 254
pottedplant 0.0284 5 50 82 233
pottedplant 0.0279 5 11 90 87
pottedplant 0.0276 250 101 270 145
pottedplant 0.0262 263 31 343 170
pottedplant 0.0259 0 127 39 281
pottedplant 0.0248 172 144 196 221
pottedplant 0.0246 6 24 74 120
pottedplant 0.0244 176 24 287 139
pottedplant 0.0231 21 1 135 79
pottedplant 0.0222 39 153 109 280
pottedplant 0.0216 188 133 282 275
pottedplant 0.0214 132 60 232 171
pottedplant 0.0211 62 16 106 92
pottedplant 0.0210 69 3 139 65
pottedplant 0.0210 84 0 149 96
pottedplant 0.0206 70 166 180 299
pottedplant 0.0205 177 146 191 192
pottedplant 0.0202 140 65 281 144
pottedplant 0.0202 172 137 225 284
tvmonitor 0.9005 284 12 500 302
tvmonitor 0.1603 153 5 458 319
tvmonitor 0.1473 283 32 445 199
tvmonitor 0.0772 283 6 500 137
tvmonitor 0.0583 275 167 500 293
tvmonitor 0.0503 389 21 500 218
tvmonitor 0.0482 0 0 96 75
tvmonitor 0.0435 379 4 497 50
tvmonitor 0.0434 296 9 485 77
tvmonitor 0.0408 313 1 500 38
tvmonitor 0.0403 275 17 402 155
tvmonitor 0.0394 0 0 217 304
tvmonitor 0.0360 0 2 76 25
tvmonitor 0.0319 273 2 387 84
tvmonitor 0.0307 277 64 367 175
tvmonitor 0.0297 417 177 497 295
tvmonitor 0.0295 395 11 500 106
tvmonitor 0.0287 118 0 307 156
tvmonitor 0.0285 297 57 407 141
tvmonitor 0.0268 283 7 401 50
tvmonitor 0.0266 302 243 500 331
tvmonitor 0.0263 429 0 496 45
tvmonitor 0.0250 305 69 500 213
tvmonitor 0.0241 191 0 316 216
tvmonitor 0.0236 357 18 496 60
tvmonitor 0.0235 417 20 497 156
tvmonitor 0.0235 346 202 500 284
tvmonitor 0.0233 356 47 483 165
tvmonitor 0.0230 0 2 53 16
tvmonitor 0.0224 252 1 420 39
tvmonitor 0.0223 257 51 343 157
tvmonitor 0.0217 169 0 293 82
tvmonitor 0.0215 212 27 396 276
tvmonitor 0.0214 0 4 78 47
tvmonitor 0.0212 299 22 429 110
tvmonitor 0.0209 155 0 337 35
tvmonitor 0.0200 268 4 346 133
