aeroplane 0.0543 71 0 295 108
boat 0.0479 169 4 269 53
boat 0.0439 35 0 309 101
boat 0.0410 41 0 176 171
boat 0.0314 112 264 431 347
bottle 0.0698 203 76 262 118
bottle 0.0644 165 4 283 70
bottle 0.0318 201 76 244 94
bottle 0.0312 203 78 242 107
bottle 0.0308 175 31 270 69
bottle 0.0305 209 71 277 105
bottle 0.0258 215 76 258 93
bottle 0.0250 227 81 271 116
bottle 0.0219 65 0 86 45
bottle 0.0215 219 78 253 107
bottle 0.0213 204 58 271 93
bottle 0.0212 201 74 227 99
bottle 0.0207 194 68 250 90
bus 0.0808 7 0 67 125
bus 0.0586 78 2 295 86
bus 0.0540 26 2 152 132
bus 0.0482 6 5 40 101
bus 0.0435 42 0 98 115
bus 0.0392 17 9 55 97
bus 0.0374 52 0 200 108
bus 0.0317 34 0 79 93
bus 0.0314 4 0 103 202
bus 0.0294 0 0 27 116
car 0.7995 32 9 442 351
car 0.1752 38 45 180 298
car 0.1232 311 27 451 300
car 0.1112 423 138 480 278
car 0.1042 55 23 282 313
car 0.1023 29 62 149 193
car 0.0990 39 29 234 195
car 0.0976 336 2 487 244
car 0.0904 420 150 477 192
car 0.0900 19 65 79 191
car 0.0840 230 34 434 243
car 0.0835 79 7 289 106
car 0.0770 167 3 282 64
car 0.0750 8 100 39 186
car 0.0723 53 7 394 161
car 0.0676 90 46 265 119
car 0.0660 419 67 491 250
car 0.0660 362 64 465 315
car 0.0620 56 36 167 140
car 0.0614 415 143 490 209
car 0.0605 38 15 119 160
car 0.0598 128 258 400 337
car 0.0595 167 7 322 110
car 0.0583 73 52 194 163
car 0.0567 0 0 23 28
car 0.0556 310 4 485 133
car 0.0548 10 127 32 182
car 0.0524 15 0 81 145
car 0.0515 18 5 172 173
car 0.0505 52 17 190 103
car 0.0489 215 0 483 340
car 0.0481 6 0 40 80
car 0.0474 445 139 500 278
car 0.0474 380 154 460 272
car 0.0473 47 23 63 58
car 0.0458 35 79 99 214
car 0.0453 174 3 454 127
car 0.0453 411 101 496 187
car 0.0445 187 0 256 27
car 0.0444 77 26 139 95
car 0.0435 328 48 447 164
car 0.0430 0 0 26 70
car 0.0414 339 146 456 302
car 0.0411 14 103 58 179
car 0.0409 52 1 94 101
car 0.0404 15 36 112 309
car 0.0403 5 138 19 181
car 0.0399 0 0 49 132
car 0.0399 368 26 475 181
car 0.0389 183 29 373 279
car 0.0388 249 0 288 41
car 0.0377 183 31 344 155
car 0.0377 475 263 499 294
car 0.0376 409 20 497 192
car 0.0375 1 42 87 127
car 0.0368 4 0 107 209
car 0.0366 13 73 89 119
car 0.0364 249 14 415 100
car 0.0357 394 154 500 226
car 0.0355 415 97 433 133
car 0.0355 119 89 185 107
car 0.0348 155 57 311 138
car 0.0348 357 78 433 182
car 0.0347 73 0 166 83
car 0.0344 16 0 56 74
car 0.0343 401 150 457 193
car 0.0338 100 0 252 54
car 0.0335 401 0 450 17
car 0.0335 291 13 432 179
car 0.0327 254 63 423 153
car 0.0327 1 89 47 221
car 0.0325 59 85 174 177
car 0.0323 338 0 498 82
car 0.0323 192 3 372 78
car 0.0318 0 0 34 39
car 0.0318 42 64 130 113
car 0.0317 423 144 497 178
car 0.0317 0 78 105 143
car 0.0315 260 0 284 26
car 0.0313 200 43 383 121
car 0.0293 108 45 281 182
car 0.0286 408 146 467 180
car 0.0286 377 117 500 287
car 0.0283 59 13 124 91
car 0.0282 345 60 436 246
car 0.0279 2 5 20 56
car 0.0277 218 0 282 31
car 0.0276 253 0 287 16
car 0.0266 130 46 413 193
car 0.0264 0 95 74 171
car 0.0264 30 102 79 177
car 0.0259 369 88 470 213
car 0.0255 0 51 57 118
car 0.0252 41 86 120 167
car 0.0251 1 26 18 74
car 0.0244 2 46 17 90
car 0.0243 59 78 139 119
car 0.0242 405 91 457 181
car 0.0239 78 73 159 149
car 0.0236 269 126 454 330
car 0.0236 418 127 477 175
car 0.0234 266 34 401 133
car 0.0230 459 174 495 282
car 0.0230 124 2 204 58
car 0.0225 112 79 195 117
car 0.0224 18 172 449 365
car 0.0223 18 45 145 111
car 0.0221 74 75 245 245
car 0.0219 40 21 66 75
car 0.0218 392 94 432 170
car 0.0216 3 194 17 229
car 0.0215 198 0 272 45
car 0.0214 25 18 44 72
car 0.0213 94 93 180 133
car 0.0212 372 2 494 54
car 0.0212 0 86 73 132
car 0.0212 0 105 26 213
car 0.0212 2 75 65 110
car 0.0210 107 71 190 143
car 0.0209 454 154 491 169
car 0.0208 3 153 17 184
car 0.0206 23 143 190 368
car 0.0205 392 124 481 198
car 0.0202 460 148 495 178
car 0.0201 76 108 430 305
car 0.0200 237 0 296 24
car 0.0200 29 16 59 72
chair 0.0468 253 0 286 48
chair 0.0434 171 1 273 86
chair 0.0391 63 7 93 73
chair 0.0329 48 18 85 79
chair 0.0255 153 0 304 129
chair 0.0254 74 11 100 73
chair 0.0225 99 256 166 372
chair 0.0219 72 15 90 60
chair 0.0218 63 20 113 85
chair 0.0214 430 174 483 219
chair 0.0212 24 179 194 369
person 0.4046 11 93 29 126
person 0.3477 133 46 189 91
person 0.3320 423 150 463 184
person 0.2790 27 91 44 125
person 0.2614 396 150 454 285
person 0.2598 114 31 144 96
person 0.2486 41 75 80 126
person 0.2439 9 87 39 179
person 0.2256 39 87 63 128
person 0.2209 28 78 44 116
person 0.2170 413 149 453 237
person 0.2020 35 78 75 167
person 0.1998 97 33 139 100
person 0.1971 35 92 51 126
person 0.1963 9 94 32 141
person 0.1859 41 80 59 117
person 0.1839 6 91 23 125
person 0.1829 21 83 55 174
person 0.1765 14 88 40 125
person 0.1739 420 148 473 273
person 0.1624 21 73 47 124
person 0.1614 105 38 169 102
person 0.1602 36 82 49 114
person 0.1566 51 73 79 110
person 0.1342 18 93 49 142
person 0.1312 126 44 147 93
person 0.1291 419 148 467 207
person 0.1270 30 84 56 130
person 0.1268 2 94 27 179
person 0.1254 86 33 148 127
person 0.1164 128 37 215 97
person 0.1131 44 84 70 119
person 0.1084 0 92 9 129
person 0.1041 34 71 50 107
person 0.1030 128 49 161 93
person 0.1010 0 89 34 126
person 0.0973 8 72 38 136
person 0.0971 119 30 139 78
person 0.0964 113 43 188 137
person 0.0958 339 66 454 331
person 0.0942 13 70 71 185
person 0.0910 472 159 488 189
person 0.0896 23 71 62 114
person 0.0881 14 87 26 110
person 0.0876 159 16 270 98
person 0.0863 428 153 485 187
person 0.0853 127 32 145 76
person 0.0850 179 37 277 115
person 0.0849 32 96 54 147
person 0.0833 22 79 38 110
person 0.0824 26 66 149 356
person 0.0789 439 157 465 184
person 0.0774 35 74 97 196
person 0.0762 38 47 104 141
person 0.0760 0 93 13 182
person 0.0757 145 48 177 87
person 0.0736 40 75 66 106
person 0.0732 5 94 20 115
person 0.0716 361 140 444 307
person 0.0691 435 159 485 261
person 0.0675 0 97 10 150
person 0.0671 4 101 19 149
person 0.0670 59 70 103 130
person 0.0656 464 162 486 184
person 0.0654 48 45 88 111
person 0.0652 74 11 137 104
person 0.0644 413 144 454 192
person 0.0642 0 92 24 142
person 0.0637 203 68 273 123
person 0.0623 9 78 32 119
person 0.0623 32 91 72 137
person 0.0622 136 53 257 115
person 0.0621 10 120 32 183
person 0.0620 452 160 481 183
person 0.0615 0 37 52 183
person 0.0607 154 56 189 93
person 0.0605 68 30 192 192
person 0.0605 12 72 75 128
person 0.0603 6 10 70 144
person 0.0599 2 93 29 113
person 0.0597 89 11 178 115
person 0.0596 16 107 47 186
person 0.0594 64 23 154 153
person 0.0591 28 100 46 140
person 0.0590 58 80 83 117
person 0.0571 144 55 228 93
person 0.0563 99 38 241 126
person 0.0553 421 156 447 193
person 0.0550 152 33 199 89
person 0.0529 15 79 26 103
person 0.0528 405 140 482 323
person 0.0518 39 0 102 118
person 0.0517 59 31 121 114
person 0.0511 76 54 133 111
person 0.0509 426 164 453 221
person 0.0509 102 14 156 93
person 0.0501 131 59 151 94
person 0.0499 412 123 480 206
person 0.0496 7 93 18 108
person 0.0493 39 71 89 106
person 0.0488 416 152 448 180
person 0.0480 2 23 42 135
person 0.0480 64 75 95 117
person 0.0476 29 30 79 122
person 0.0474 456 151 496 253
person 0.0473 120 34 138 55
person 0.0473 423 149 460 167
person 0.0462 74 3 264 205
person 0.0457 204 3 291 102
person 0.0457 169 21 257 53
person 0.0454 406 0 446 16
person 0.0452 112 30 143 63
person 0.0452 50 74 88 97
person 0.0450 53 4 88 90
person 0.0449 204 0 263 31
person 0.0446 115 7 223 109
person 0.0446 168 59 193 90
person 0.0444 150 13 313 263
person 0.0441 119 15 182 91
person 0.0435 224 0 263 54
person 0.0433 36 83 78 110
person 0.0433 29 109 55 188
person 0.0428 71 58 130 155
person 0.0426 413 159 444 214
person 0.0423 430 152 454 175
person 0.0423 422 125 470 183
person 0.0421 112 33 134 80
person 0.0418 257 0 285 40
person 0.0416 75 79 103 144
person 0.0416 454 149 490 194
person 0.0414 132 38 151 77
person 0.0412 34 94 60 112
person 0.0411 386 117 449 247
person 0.0409 47 81 89 142
person 0.0408 197 53 264 104
person 0.0407 65 9 103 92
person 0.0406 18 28 56 118
person 0.0402 180 18 294 165
person 0.0401 412 93 428 129
person 0.0399 5 102 33 122
person 0.0398 0 56 29 157
person 0.0396 430 157 479 218
person 0.0395 175 4 281 72
person 0.0392 6 133 19 180
person 0.0390 134 57 172 98
person 0.0389 20 101 48 125
person 0.0388 129 61 196 115
person 0.0385 23 94 51 114
person 0.0382 184 0 208 26
person 0.0381 216 37 269 99
person 0.0377 191 0 240 25
person 0.0376 10 68 51 112
person 0.0373 42 80 115 157
person 0.0371 168 46 258 83
person 0.0370 475 156 489 177
person 0.0369 52 60 145 179
person 0.0368 95 0 137 72
person 0.0367 141 45 181 66
person 0.0366 349 72 370 94
person 0.0363 15 103 38 155
person 0.0362 0 90 10 109
person 0.0360 52 88 78 127
person 0.0360 46 70 120 111
person 0.0359 469 158 493 222
person 0.0359 0 79 23 117
person 0.0356 26 92 67 116
person 0.0354 419 175 452 258
person 0.0354 81 60 112 117
person 0.0353 128 70 146 102
person 0.0351 21 74 42 100
person 0.0351 30 113 45 161
person 0.0349 71 0 100 62
person 0.0348 3 94 54 128
person 0.0348 476 158 495 191
person 0.0346 172 63 208 91
person 0.0344 168 40 215 93
person 0.0343 7 80 17 101
person 0.0341 45 72 78 87
person 0.0339 138 67 192 95
person 0.0339 2 0 26 32
person 0.0339 22 0 200 314
person 0.0338 431 0 451 17
person 0.0338 443 137 500 303
person 0.0337 13 85 31 104
person 0.0333 171 3 227 56
person 0.0332 85 8 97 49
person 0.0331 156 41 260 154
person 0.0329 35 100 61 169
person 0.0329 141 42 165 74
person 0.0325 201 43 286 85
person 0.0324 123 29 157 85
person 0.0322 111 55 218 189
person 0.0319 405 106 458 190
person 0.0318 446 146 482 181
person 0.0316 202 0 226 24
person 0.0315 238 0 268 34
person 0.0315 17 63 41 108
person 0.0315 379 199 469 354
person 0.0313 25 130 45 186
person 0.0311 82 0 119 71
person 0.0308 0 101 23 120
person 0.0307 452 153 474 177
person 0.0306 39 71 50 90
person 0.0306 43 72 58 97
person 0.0306 14 90 46 106
person 0.0305 128 34 144 53
person 0.0305 179 9 262 45
person 0.0304 465 159 487 203
person 0.0300 433 156 461 199
person 0.0300 211 0 249 23
person 0.0299 83 1 98 35
person 0.0299 359 131 480 372
person 0.0299 231 0 259 28
person 0.0298 34 60 69 113
person 0.0298 46 84 91 116
person 0.0298 81 99 98 141
person 0.0298 34 135 50 183
person 0.0297 84 62 159 106
person 0.0294 0 90 19 105
person 0.0294 217 9 360 102
person 0.0293 110 47 154 127
person 0.0293 89 10 103 47
person 0.0292 81 80 101 114
person 0.0292 86 24 130 84
person 0.0291 226 0 286 69
person 0.0291 416 0 435 17
person 0.0290 93 67 138 147
person 0.0290 23 97 63 126
person 0.0289 159 1 200 56
person 0.0288 421 144 486 175
person 0.0288 34 90 61 105
person 0.0287 409 0 426 17
person 0.0286 31 69 43 93
person 0.0285 149 8 208 82
person 0.0284 27 72 48 96
person 0.0282 445 149 466 175
person 0.0282 109 0 150 66
person 0.0282 24 54 46 104
person 0.0282 193 0 219 22
person 0.0280 120 56 140 99
person 0.0278 437 145 470 179
person 0.0277 469 147 492 183
person 0.0276 186 71 210 90
person 0.0275 7 89 23 102
person 0.0274 29 20 42 62
person 0.0274 64 0 88 50
person 0.0273 101 54 166 158
person 0.0273 0 77 8 116
person 0.0273 442 153 484 171
person 0.0272 35 73 54 94
person 0.0272 31 192 122 370
person 0.0272 176 76 211 93
person 0.0271 99 31 137 68
person 0.0270 20 0 50 69
person 0.0269 391 146 453 206
person 0.0269 136 35 151 57
person 0.0268 202 62 246 114
person 0.0267 162 28 236 74
person 0.0266 391 166 448 238
person 0.0266 214 0 283 22
person 0.0264 467 159 484 176
person 0.0264 139 1 187 61
person 0.0264 82 39 116 96
person 0.0263 230 22 284 86
person 0.0263 219 16 259 64
person 0.0261 241 0 264 21
person 0.0261 118 72 189 105
person 0.0261 476 153 500 245
person 0.0260 254 3 294 74
person 0.0260 72 74 106 108
person 0.0258 424 152 445 171
person 0.0258 110 51 132 96
person 0.0258 88 2 104 34
person 0.0258 455 158 488 219
person 0.0257 131 74 173 92
person 0.0256 71 71 92 103
person 0.0256 174 0 209 46
person 0.0256 135 20 195 71
person 0.0254 41 9 73 92
person 0.0252 122 27 148 60
person 0.0250 7 0 43 75
person 0.0249 234 15 257 50
person 0.0248 115 34 132 54
person 0.0245 251 0 276 33
person 0.0241 8 58 30 107
person 0.0240 197 1 393 182
person 0.0240 191 77 225 92
person 0.0238 449 167 486 186
person 0.0238 11 145 28 183
person 0.0238 86 64 107 103
person 0.0237 85 13 106 61
person 0.0236 5 63 17 99
person 0.0236 163 69 192 94
person 0.0235 17 111 103 374
person 0.0234 125 71 233 120
person 0.0232 38 97 77 124
person 0.0232 99 55 130 104
person 0.0232 116 20 141 55
person 0.0232 214 38 320 112
person 0.0230 239 6 265 52
train 0.0515 31 0 228 144
train 0.0320 58 0 322 83
train 0.0240 169 0 277 58
tvmonitor 0.0981 48 22 65 57
tvmonitor 0.0784 60 0 92 63
tvmonitor 0.0736 167 2 271 66
tvmonitor 0.0509 45 12 73 57
tvmonitor 0.0475 184 0 248 27
tvmonitor 0.0436 49 17 85 70
tvmonitor 0.0406 47 0 97 91
tvmonitor 0.0367 450 161 494 281
tvmonitor 0.0360 13 0 91 81
tvmonitor 0.0340 63 0 146 84
tvmonitor 0.0297 65 17 85 58
tvmonitor 0.0297 190 0 225 21
tvmonitor 0.0286 165 20 255 54
tvmonitor 0.0275 431 168 486 239
tvmonitor 0.0265 180 0 217 34
tvmonitor 0.0250 35 0 65 59
tvmonitor 0.0233 167 0 240 46
tvmonitor 0.0229 113 91 189 112
tvmonitor 0.0225 53 24 73 59
tvmonitor 0.0208 184 0 207 22
