bird 0.0481 344 0 392 26
bird 0.0417 213 73 268 134
bird 0.0377 214 82 244 132
bird 0.0284 325 0 380 33
bird 0.0232 427 0 468 9
bird 0.0202 314 0 469 41
chair 0.0998 192 0 472 140
chair 0.0888 24 1 309 136
chair 0.0721 0 0 500 158
chair 0.0694 209 0 344 141
chair 0.0548 35 72 229 136
chair 0.0493 156 0 500 323
chair 0.0459 221 0 292 133
chair 0.0458 3 62 165 139
chair 0.0394 89 30 254 131
chair 0.0387 127 72 280 135
chair 0.0347 203 63 378 137
chair 0.0317 233 0 305 88
chair 0.0304 269 0 344 60
chair 0.0302 192 57 292 138
chair 0.0283 293 0 495 251
chair 0.0274 17 4 318 267
chair 0.0271 266 0 364 115
chair 0.0271 150 0 264 121
chair 0.0264 304 0 346 47
chair 0.0259 231 0 433 78
chair 0.0236 114 0 356 106
chair 0.0223 311 114 500 334
chair 0.0221 218 38 438 207
chair 0.0215 213 35 420 125
chair 0.0213 294 0 472 63
chair 0.0213 246 14 291 78
dog 0.8905 55 155 246 353
dog 0.7964 276 121 499 353
dog 0.1313 270 126 402 315
dog 0.0934 174 138 436 359
dog 0.0572 269 119 381 237
dog 0.0518 338 0 395 27
dog 0.0418 349 0 422 21
dog 0.0389 163 162 249 228
dog 0.0385 323 192 488 365
dog 0.0378 64 74 500 375
dog 0.0333 127 161 248 255
dog 0.0300 61 263 251 353
dog 0.0284 360 0 396 22
dog 0.0269 277 265 497 355
dog 0.0262 58 216 182 362
dog 0.0243 278 152 356 326
dog 0.0225 245 123 360 204
dog 0.0218 30 164 149 340
person 0.0821 0 3 241 346
person 0.0297 336 98 500 344
person 0.0276 0 0 451 375
person 0.0207 275 124 358 168
person 0.0202 417 0 464 9
pottedplant 0.0722 198 0 473 141
pottedplant 0.0293 329 2 465 52
sheep 0.0211 140 59 268 134
sheep 0.0209 428 0 465 13
sofa 0.0954 0 67 446 371
sofa 0.0518 5 19 404 227
sofa 0.0481 24 128 276 357
sofa 0.0442 0 0 456 130
sofa 0.0331 318 22 500 355
sofa 0.0303 182 87 500 366
tvmonitor 0.0752 17 6 301 138
tvmonitor 0.0412 21 32 187 137
tvmonitor 0.0241 8 34 112 140
