bicycle 0.0376 400 319 500 416
bird 0.8149 55 45 380 378
bird 0.1532 53 56 227 333
bird 0.0758 349 310 499 400
bird 0.0705 53 56 218 190
bird 0.0581 111 292 184 335
bird 0.0579 156 10 446 355
bird 0.0571 46 63 129 224
bird 0.0507 57 73 161 267
bird 0.0497 66 52 317 266
bird 0.0485 50 213 181 330
bird 0.0457 57 258 216 334
bird 0.0441 78 284 279 354
bird 0.0436 53 102 97 122
bird 0.0399 36 49 141 152
bird 0.0393 53 62 127 128
bird 0.0381 196 116 376 373
bird 0.0364 164 302 371 380
bird 0.0354 51 59 190 132
bird 0.0340 42 98 129 311
bird 0.0338 73 263 380 375
bird 0.0333 28 284 202 355
bird 0.0331 51 82 101 120
bird 0.0304 416 334 499 415
bird 0.0303 52 98 99 138
bird 0.0298 43 44 316 163
bird 0.0298 0 192 301 375
bird 0.0295 106 226 197 334
bird 0.0291 135 287 169 332
bird 0.0276 135 39 469 219
bird 0.0268 68 309 293 381
bird 0.0248 370 319 494 372
bird 0.0246 0 300 347 397
bird 0.0244 305 260 496 404
bird 0.0239 51 88 114 147
bird 0.0239 23 85 167 364
bird 0.0237 272 0 500 367
bird 0.0234 33 183 148 316
bird 0.0232 93 57 291 137
bird 0.0215 265 280 386 374
bird 0.0212 149 154 500 387
bird 0.0210 122 84 268 321
bird 0.0203 29 30 197 107
bird 0.0202 66 61 163 106
boat 0.0376 385 318 500 411
boat 0.0297 463 348 500 416
boat 0.0207 420 361 500 411
bottle 0.0291 464 365 500 416
bottle 0.0277 42 23 69 49
bottle 0.0226 463 376 487 414
bottle 0.0216 182 81 204 120
bottle 0.0213 272 218 374 375
car 0.0314 392 328 500 415
car 0.0298 461 355 500 416
car 0.0224 479 355 499 399
chair 0.0360 398 316 499 416
chair 0.0353 308 83 494 382
chair 0.0346 144 0 500 405
chair 0.0252 448 328 499 416
chair 0.0241 340 192 500 404
chair 0.0209 248 135 387 382
chair 0.0203 123 51 362 249
person 0.0865 472 379 499 416
person 0.0719 464 358 500 416
person 0.0350 485 371 500 416
person 0.0260 246 122 388 374
person 0.0255 427 331 499 416
person 0.0253 472 401 500 416
person 0.0246 458 384 494 415
person 0.0241 189 83 206 125
person 0.0223 44 22 69 48
person 0.0208 421 372 500 415
person 0.0208 174 77 207 134
person 0.0205 159 48 349 360
pottedplant 0.0321 42 24 69 48
pottedplant 0.0225 0 16 73 128
pottedplant 0.0217 1 8 78 50
pottedplant 0.0202 1 26 44 119
sheep 0.0437 378 316 500 398
train 0.0477 384 317 499 410
