aeroplane 0.0273 31 61 399 375
bicycle 0.0592 26 190 226 373
bicycle 0.0506 5 303 164 372
bicycle 0.0341 42 254 292 374
bicycle 0.0230 80 303 260 371
bicycle 0.0222 0 246 181 375
boat 0.1000 21 59 500 375
boat 0.0331 216 226 460 370
boat 0.0257 0 185 374 375
boat 0.0247 233 293 482 375
boat 0.0224 0 31 157 375
bottle 0.0797 375 209 423 251
bottle 0.0670 412 228 439 259
bottle 0.0647 202 304 240 366
bottle 0.0612 378 217 438 261
bottle 0.0604 363 148 389 196
bottle 0.0603 409 226 457 263
bottle 0.0533 424 226 443 255
bottle 0.0522 195 273 245 372
bottle 0.0503 85 206 109 259
bottle 0.0469 380 230 428 257
bottle 0.0469 112 0 144 73
bottle 0.0460 428 227 451 259
bottle 0.0442 351 159 375 188
bottle 0.0418 408 226 430 254
bottle 0.0414 345 216 426 260
bottle 0.0407 399 229 484 271
bottle 0.0399 355 153 386 184
bottle 0.0387 351 152 389 211
bottle 0.0366 414 227 449 249
bottle 0.0352 395 227 443 251
bottle 0.0350 377 209 415 235
bottle 0.0333 396 224 422 254
bottle 0.0323 0 0 60 38
bottle 0.0323 355 146 401 239
bottle 0.0320 392 218 473 338
bottle 0.0311 380 217 410 253
bottle 0.0311 404 227 451 293
bottle 0.0303 202 229 225 316
bottle 0.0302 369 159 424 250
bottle 0.0300 384 221 444 307
bottle 0.0296 394 210 455 255
bottle 0.0294 364 208 458 272
bottle 0.0289 206 234 221 283
bottle 0.0282 388 191 433 249
bottle 0.0282 376 228 419 247
bottle 0.0269 109 0 137 47
bottle 0.0261 380 235 412 260
bottle 0.0257 434 231 459 263
bottle 0.0255 110 289 157 375
bottle 0.0253 397 230 444 272
bottle 0.0252 361 187 410 251
bottle 0.0250 350 213 436 330
bottle 0.0239 376 215 403 244
bottle 0.0238 420 230 444 267
bottle 0.0238 40 272 80 325
bottle 0.0234 392 210 421 241
bottle 0.0232 388 195 471 286
bottle 0.0229 396 149 433 229
bottle 0.0224 70 310 118 375
bottle 0.0224 479 166 500 229
bottle 0.0224 113 0 152 24
bottle 0.0219 446 332 500 375
bottle 0.0219 378 147 415 219
bottle 0.0218 139 235 165 272
bottle 0.0214 127 154 141 192
bottle 0.0212 412 181 450 250
bottle 0.0208 120 51 150 155
bottle 0.0208 219 0 253 70
bottle 0.0207 13 13 55 34
bottle 0.0206 446 234 468 263
bottle 0.0205 267 0 288 56
bus 0.0253 0 17 71 375
car 0.2199 13 13 298 375
car 0.1417 2 58 157 373
car 0.1242 84 0 454 375
car 0.1025 119 0 194 26
car 0.0993 0 0 189 179
car 0.0908 7 13 298 139
car 0.0548 94 5 422 125
car 0.0533 0 0 59 28
car 0.0529 0 52 148 209
car 0.0504 96 0 212 58
car 0.0444 133 6 309 112
car 0.0383 209 0 475 155
car 0.0350 0 75 101 189
car 0.0271 0 304 149 371
car 0.0266 0 91 74 167
car 0.0241 233 0 478 308
car 0.0227 0 209 241 375
car 0.0218 0 110 123 300
car 0.0218 2 109 39 199
car 0.0207 62 349 148 375
chair 0.0546 261 0 319 120
chair 0.0412 102 242 166 371
chair 0.0346 44 295 166 373
chair 0.0346 247 235 324 361
chair 0.0340 239 94 411 332
chair 0.0330 238 242 432 372
chair 0.0303 55 337 159 373
chair 0.0300 115 46 147 133
chair 0.0248 275 0 310 86
chair 0.0246 129 232 201 373
chair 0.0241 0 77 66 188
chair 0.0239 275 234 349 362
chair 0.0227 308 219 426 341
chair 0.0227 249 108 353 259
chair 0.0224 110 308 159 375
chair 0.0223 306 257 490 372
chair 0.0222 184 280 258 371
chair 0.0218 257 2 296 98
chair 0.0218 204 303 391 371
chair 0.0202 132 283 245 373
diningtable 0.0435 121 233 465 371
diningtable 0.0415 76 81 489 360
motorbike 0.0961 9 153 172 375
motorbike 0.0414 9 258 150 372
person 0.7304 141 0 261 375
person 0.5955 393 107 500 375
person 0.4948 5 0 96 146
person 0.3346 337 44 492 375
person 0.3326 137 24 375 375
person 0.2973 3 3 140 234
person 0.2884 39 12 284 372
person 0.2632 50 0 114 122
person 0.2405 33 1 151 159
person 0.2337 19 2 172 372
person 0.2239 274 80 453 368
person 0.1878 57 0 108 73
person 0.1810 0 1 63 112
person 0.1735 103 6 260 205
person 0.1445 57 314 93 375
person 0.1416 414 212 500 375
person 0.1372 62 0 210 190
person 0.1328 56 0 101 43
person 0.1268 103 0 158 147
person 0.1227 135 124 233 375
person 0.1214 49 0 500 375
person 0.1203 172 125 272 375
person 0.1196 42 38 116 152
person 0.1128 1 45 76 171
person 0.1104 6 0 94 72
person 0.1087 42 142 202 370
person 0.1014 114 1 184 122
person 0.0989 317 198 486 375
person 0.0982 146 7 250 140
person 0.0955 0 0 58 59
person 0.0879 80 0 143 122
person 0.0840 1 0 56 31
person 0.0839 57 336 108 375
person 0.0833 194 234 255 370
person 0.0756 0 0 79 322
person 0.0754 0 0 136 96
person 0.0744 0 4 35 77
person 0.0742 133 8 196 95
person 0.0741 232 95 389 357
person 0.0717 162 209 246 375
person 0.0693 201 97 327 365
person 0.0682 21 316 103 375
person 0.0658 131 4 215 61
person 0.0636 23 0 93 32
person 0.0634 8 145 121 375
person 0.0625 181 8 274 159
person 0.0613 137 236 167 303
person 0.0602 117 5 237 96
person 0.0597 342 225 440 368
person 0.0586 105 146 321 375
person 0.0585 66 0 117 35
person 0.0577 0 0 226 116
person 0.0574 49 298 122 375
person 0.0567 231 205 448 372
person 0.0565 110 0 155 88
person 0.0550 225 1 312 117
person 0.0547 88 30 150 176
person 0.0546 3 53 68 117
person 0.0543 249 227 331 367
person 0.0542 341 116 449 338
person 0.0542 422 153 498 272
person 0.0525 123 5 174 81
person 0.0524 0 0 23 33
person 0.0516 215 204 316 374
person 0.0510 55 0 98 21
person 0.0508 191 3 256 110
person 0.0504 53 199 157 374
person 0.0503 301 98 409 312
person 0.0491 16 273 92 373
person 0.0489 104 0 139 76
person 0.0478 209 2 245 80
person 0.0475 169 8 220 73
person 0.0473 379 121 479 293
person 0.0464 2 76 68 139
person 0.0457 431 270 496 375
person 0.0452 210 0 272 126
person 0.0451 111 0 210 21
person 0.0447 458 160 500 271
person 0.0445 113 0 150 29
person 0.0445 70 321 102 373
person 0.0442 73 344 103 375
person 0.0442 396 194 500 280
person 0.0440 35 318 157 373
person 0.0437 352 149 387 215
person 0.0433 199 29 256 190
person 0.0429 192 1 232 68
person 0.0421 58 24 98 85
person 0.0412 116 26 172 175
person 0.0408 98 195 172 369
person 0.0404 0 27 39 105
person 0.0404 223 14 472 262
person 0.0403 0 73 52 197
person 0.0401 89 0 140 34
person 0.0390 324 100 399 253
person 0.0389 56 43 115 109
person 0.0387 68 317 91 361
person 0.0382 141 30 184 110
person 0.0380 162 4 293 98
person 0.0380 46 0 152 64
person 0.0377 268 0 315 101
person 0.0376 208 47 249 129
person 0.0372 1 24 22 72
person 0.0370 0 36 123 120
person 0.0370 205 212 275 349
person 0.0367 37 301 85 371
person 0.0364 127 228 168 339
person 0.0361 125 3 211 35
person 0.0359 49 59 101 140
person 0.0351 218 5 259 89
person 0.0346 184 3 320 266
person 0.0346 142 213 214 368
person 0.0345 120 0 180 43
person 0.0337 73 3 122 88
person 0.0336 236 57 253 90
person 0.0335 258 0 297 79
person 0.0333 76 0 100 28
person 0.0333 349 152 411 258
person 0.0332 224 246 373 370
person 0.0330 351 162 374 191
person 0.0327 53 0 83 32
person 0.0327 92 26 194 264
person 0.0326 113 22 149 130
person 0.0325 26 62 78 135
person 0.0324 1 74 114 154
person 0.0323 230 0 288 83
person 0.0323 153 0 329 150
person 0.0322 0 31 88 95
person 0.0318 62 345 140 375
person 0.0317 77 0 116 19
person 0.0314 397 146 469 263
person 0.0313 93 0 170 23
person 0.0313 27 11 78 92
person 0.0311 5 0 30 27
person 0.0308 52 31 83 92
person 0.0308 135 238 159 278
person 0.0307 86 0 192 63
person 0.0302 268 0 302 55
person 0.0294 451 300 497 375
person 0.0291 222 35 258 117
person 0.0291 113 0 245 47
person 0.0291 100 0 135 18
person 0.0287 477 165 500 240
person 0.0287 127 31 168 118
person 0.0285 10 19 51 88
person 0.0284 6 330 79 375
person 0.0282 382 247 483 375
person 0.0281 411 122 486 249
person 0.0276 326 176 411 336
person 0.0274 126 0 157 26
person 0.0274 62 44 83 81
person 0.0272 12 0 42 27
person 0.0270 438 167 500 342
person 0.0265 162 7 244 53
person 0.0265 85 0 123 51
person 0.0264 225 231 297 349
person 0.0264 60 8 90 63
person 0.0264 229 53 249 86
person 0.0264 56 50 78 87
person 0.0261 143 0 202 17
person 0.0261 0 263 64 375
person 0.0260 381 138 445 252
person 0.0259 446 209 500 268
person 0.0259 443 303 473 370
person 0.0258 129 208 165 284
person 0.0258 63 0 171 37
person 0.0256 406 134 452 231
person 0.0254 121 231 159 307
person 0.0254 110 0 135 32
person 0.0253 130 36 189 190
person 0.0252 123 154 138 192
person 0.0251 211 75 250 170
person 0.0250 64 48 107 82
person 0.0250 95 0 117 31
person 0.0248 1 305 42 375
person 0.0248 363 200 461 264
person 0.0246 78 319 99 361
person 0.0246 3 6 30 40
person 0.0245 201 226 225 326
person 0.0244 13 0 78 21
person 0.0244 181 15 241 77
person 0.0241 5 93 61 167
person 0.0238 82 2 110 36
person 0.0238 234 56 258 132
person 0.0237 221 104 295 269
person 0.0234 128 237 150 289
person 0.0233 440 158 487 233
person 0.0233 131 204 191 351
person 0.0232 445 107 500 246
person 0.0232 16 93 84 145
person 0.0231 26 343 101 375
person 0.0231 458 124 498 216
person 0.0230 409 228 496 304
person 0.0230 400 232 456 340
person 0.0230 57 53 139 188
person 0.0229 0 42 22 88
person 0.0229 349 157 368 183
person 0.0226 142 55 180 140
person 0.0226 52 87 113 147
person 0.0225 421 219 492 266
person 0.0225 416 180 475 268
person 0.0224 346 116 390 206
person 0.0224 142 240 163 287
person 0.0222 267 0 288 39
person 0.0222 44 0 85 18
person 0.0220 122 74 151 160
person 0.0220 425 146 461 222
person 0.0220 116 111 144 193
person 0.0219 53 52 83 117
person 0.0218 157 0 203 48
person 0.0218 0 80 64 111
person 0.0217 220 53 260 176
person 0.0217 142 14 178 74
person 0.0217 371 195 486 329
person 0.0216 44 0 87 52
person 0.0215 165 0 220 34
person 0.0215 277 0 308 38
person 0.0215 60 349 89 375
person 0.0214 150 38 238 84
person 0.0213 4 34 30 74
person 0.0213 147 238 168 279
person 0.0212 49 0 71 23
person 0.0211 339 247 403 333
person 0.0210 0 241 180 375
person 0.0210 205 279 307 373
person 0.0209 232 17 282 122
person 0.0209 400 135 433 209
person 0.0208 136 1 182 23
person 0.0208 441 131 484 210
person 0.0208 0 263 9 309
person 0.0206 27 0 54 27
person 0.0206 205 230 223 289
person 0.0205 276 205 366 359
person 0.0205 249 134 338 324
person 0.0204 172 40 251 120
person 0.0203 146 5 188 58
person 0.0203 101 0 129 41
person 0.0202 113 57 154 194
person 0.0201 56 318 83 359
person 0.0201 84 335 108 372
person 0.0200 20 3 60 77
pottedplant 0.0247 31 309 163 373
pottedplant 0.0229 37 224 166 370
sofa 0.0714 0 17 152 164
sofa 0.0447 80 37 500 374
train 0.0756 96 0 496 375
train 0.0574 0 0 177 375
train 0.0322 0 0 329 233
train 0.0227 78 0 477 196
tvmonitor 0.1048 310 1 491 113
tvmonitor 0.0707 117 0 185 26
tvmonitor 0.0703 328 0 495 265
tvmonitor 0.0530 269 0 325 118
tvmonitor 0.0490 317 0 417 100
tvmonitor 0.0489 123 0 167 20
tvmonitor 0.0392 283 60 426 297
tvmonitor 0.0374 2 0 55 27
tvmonitor 0.0372 358 103 493 268
tvmonitor 0.0365 253 103 400 237
tvmonitor 0.0357 277 5 377 107
tvmonitor 0.0353 323 89 463 233
tvmonitor 0.0350 150 0 336 128
tvmonitor 0.0329 309 100 406 213
tvmonitor 0.0323 232 0 443 125
tvmonitor 0.0315 323 27 377 100
tvmonitor 0.0290 314 17 420 187
tvmonitor 0.0289 11 78 138 192
tvmonitor 0.0283 320 44 450 150
tvmonitor 0.0265 284 12 317 94
tvmonitor 0.0264 116 0 154 30
tvmonitor 0.0261 274 5 474 184
tvmonitor 0.0236 320 62 382 110
tvmonitor 0.0234 240 1 341 137
tvmonitor 0.0212 253 25 402 157
tvmonitor 0.0210 379 0 500 192
tvmonitor 0.0209 356 82 480 195
tvmonitor 0.0207 295 12 338 97
