bottle 0.0405 180 334 249 375
bottle 0.0253 187 357 244 374
bus 0.0500 0 24 418 324
car 0.8805 52 153 497 375
car 0.4393 0 126 199 341
car 0.2672 6 121 240 243
car 0.1834 0 117 168 207
car 0.1553 5 175 98 335
car 0.1463 108 123 283 226
car 0.1437 10 88 348 372
car 0.1347 4 125 105 281
car 0.1320 332 159 494 374
car 0.1210 79 130 252 368
car 0.1200 3 233 137 336
car 0.1141 305 164 492 245
car 0.1082 84 134 206 227
car 0.1025 0 70 102 201
car 0.0938 1 126 92 188
car 0.0806 334 82 493 201
car 0.0783 407 156 498 290
car 0.0771 336 125 495 233
car 0.0694 10 98 201 173
car 0.0661 342 70 492 150
car 0.0657 254 162 500 288
car 0.0640 1 115 88 159
car 0.0588 1 51 158 229
car 0.0578 29 106 358 255
car 0.0572 70 126 215 174
car 0.0569 246 168 432 239
car 0.0554 145 115 311 352
car 0.0551 3 101 87 144
car 0.0527 175 128 405 231
car 0.0488 0 87 261 201
car 0.0483 50 218 220 354
car 0.0467 101 130 202 162
car 0.0459 281 146 474 216
car 0.0459 116 123 206 150
car 0.0458 14 129 111 167
car 0.0457 0 233 43 323
car 0.0455 286 118 478 184
car 0.0453 162 95 188 128
car 0.0446 348 73 466 123
car 0.0439 171 144 314 235
car 0.0428 0 120 73 238
car 0.0406 0 46 259 294
car 0.0403 0 179 56 339
car 0.0397 339 144 500 196
car 0.0396 114 131 207 197
car 0.0380 3 104 116 174
car 0.0380 215 109 474 214
car 0.0377 1 116 53 179
car 0.0375 101 237 458 371
car 0.0373 10 100 53 125
car 0.0373 28 208 171 325
car 0.0363 1 133 48 204
car 0.0363 103 228 191 354
car 0.0360 0 131 72 163
car 0.0342 119 149 205 254
car 0.0340 407 197 499 375
car 0.0340 421 142 498 198
car 0.0338 19 134 146 183
car 0.0336 0 220 19 260
car 0.0333 120 103 205 136
car 0.0329 453 157 499 235
car 0.0318 4 27 132 156
car 0.0309 72 119 203 154
car 0.0306 147 91 208 131
car 0.0303 13 98 85 127
car 0.0301 14 140 152 233
car 0.0299 0 235 21 279
car 0.0296 1 95 49 154
car 0.0295 381 138 496 183
car 0.0294 77 98 256 162
car 0.0291 129 130 197 145
car 0.0290 384 152 500 215
car 0.0288 4 143 113 205
car 0.0286 21 167 196 251
car 0.0281 95 248 262 373
car 0.0278 421 163 496 242
car 0.0275 329 141 470 177
car 0.0272 20 273 185 349
car 0.0270 57 131 148 165
car 0.0266 451 132 499 192
car 0.0264 194 174 360 239
car 0.0263 148 105 233 136
car 0.0261 117 217 234 333
car 0.0259 1 202 42 288
car 0.0255 128 159 201 220
car 0.0253 151 122 235 149
car 0.0252 481 141 500 180
car 0.0249 0 36 234 172
car 0.0245 165 137 381 310
car 0.0242 6 70 201 145
car 0.0241 0 141 86 175
car 0.0239 336 305 495 374
car 0.0239 385 70 483 105
car 0.0237 128 121 272 173
car 0.0237 0 255 87 336
car 0.0236 71 145 173 213
car 0.0235 0 186 78 257
car 0.0234 93 91 209 134
car 0.0234 0 172 41 253
car 0.0233 42 119 126 154
car 0.0231 8 90 113 134
car 0.0229 71 139 165 176
car 0.0228 0 216 74 299
car 0.0227 0 278 23 316
car 0.0226 0 221 29 297
car 0.0225 91 173 253 247
car 0.0224 4 70 89 131
car 0.0223 89 308 269 372
car 0.0222 47 95 97 131
car 0.0220 0 238 38 259
car 0.0219 123 180 233 297
car 0.0217 341 125 478 168
car 0.0216 0 250 23 294
car 0.0211 361 96 500 168
car 0.0209 5 133 59 153
car 0.0209 298 151 451 186
car 0.0208 427 121 497 180
car 0.0205 460 193 499 284
car 0.0205 52 111 96 129
car 0.0203 358 154 470 184
car 0.0202 112 172 454 292
car 0.0202 3 59 42 132
car 0.0200 1 118 20 160
chair 0.0203 194 151 292 220
person 0.6738 201 118 280 224
person 0.1004 132 121 282 205
person 0.0814 213 126 331 220
person 0.0744 191 133 247 228
person 0.0743 189 114 293 287
person 0.0730 346 83 364 112
person 0.0626 216 116 301 186
person 0.0572 108 125 218 233
person 0.0482 165 148 204 199
person 0.0443 153 153 182 197
person 0.0432 0 0 224 375
person 0.0411 232 131 273 205
person 0.0411 255 127 300 183
person 0.0400 215 143 264 233
person 0.0383 203 157 238 232
person 0.0376 314 181 389 258
person 0.0367 181 153 202 193
person 0.0366 0 216 18 257
person 0.0337 240 129 296 204
person 0.0337 170 126 351 354
person 0.0330 147 147 205 217
person 0.0317 135 153 175 206
person 0.0315 211 116 272 168
person 0.0312 151 157 172 187
person 0.0308 164 155 188 192
person 0.0299 175 122 265 171
person 0.0281 263 112 310 168
person 0.0277 199 132 400 255
person 0.0276 283 126 303 161
person 0.0271 233 157 280 233
person 0.0269 245 122 279 184
person 0.0268 148 138 192 197
person 0.0266 437 171 491 248
person 0.0263 340 185 382 244
person 0.0262 260 164 407 239
person 0.0256 352 84 370 109
person 0.0252 159 155 177 179
person 0.0251 207 157 321 250
person 0.0250 170 148 218 218
person 0.0250 141 160 166 198
person 0.0247 322 222 389 259
person 0.0247 218 121 244 143
person 0.0244 248 160 295 224
person 0.0236 453 117 498 182
person 0.0235 0 131 21 170
person 0.0229 175 151 195 182
person 0.0229 342 84 359 109
person 0.0226 248 139 273 174
person 0.0225 360 81 380 110
person 0.0223 459 173 499 267
person 0.0222 455 297 497 375
person 0.0221 350 187 375 221
person 0.0217 242 122 266 154
person 0.0217 219 123 265 195
person 0.0216 421 177 472 249
person 0.0214 0 195 23 263
person 0.0212 288 134 312 167
person 0.0208 219 120 259 153
person 0.0208 129 163 162 206
person 0.0208 437 134 494 188
person 0.0205 457 83 497 157
person 0.0203 342 81 367 124
person 0.0203 278 131 306 175
person 0.0202 221 119 255 135
person 0.0202 392 163 488 263
person 0.0202 275 125 297 153
person 0.0202 219 127 241 163
person 0.0202 249 130 271 158
sofa 0.0351 0 0 478 375
sofa 0.0298 184 139 300 228
tvmonitor 0.0451 0 0 283 366
tvmonitor 0.0327 0 0 453 248
tvmonitor 0.0256 368 75 452 106
tvmonitor 0.0252 356 78 422 108
tvmonitor 0.0252 20 0 205 229
tvmonitor 0.0249 0 0 295 128
