aeroplane 0.8587 97 26 166 77
aeroplane 0.2274 110 42 161 75
aeroplane 0.1576 67 10 159 69
aeroplane 0.1141 118 61 160 76
aeroplane 0.1111 117 24 172 58
aeroplane 0.1107 143 75 183 87
aeroplane 0.0999 88 21 205 70
aeroplane 0.0977 105 24 163 46
aeroplane 0.0879 91 0 182 58
aeroplane 0.0782 100 25 182 116
aeroplane 0.0767 132 25 172 43
aeroplane 0.0761 98 30 150 62
aeroplane 0.0723 20 0 186 78
aeroplane 0.0683 146 26 183 41
aeroplane 0.0630 132 53 164 75
aeroplane 0.0626 131 25 193 52
aeroplane 0.0624 147 71 174 84
aeroplane 0.0620 159 76 189 88
aeroplane 0.0617 104 27 148 41
aeroplane 0.0596 167 76 202 86
aeroplane 0.0586 122 71 185 87
aeroplane 0.0566 150 78 196 90
aeroplane 0.0536 45 21 184 101
aeroplane 0.0523 149 25 205 66
aeroplane 0.0512 163 27 205 50
aeroplane 0.0508 96 28 138 51
aeroplane 0.0492 87 0 254 81
aeroplane 0.0491 101 56 151 73
aeroplane 0.0486 145 73 213 89
aeroplane 0.0485 162 27 189 42
aeroplane 0.0467 166 73 187 84
aeroplane 0.0464 118 65 174 82
aeroplane 0.0461 180 77 209 86
aeroplane 0.0461 120 23 156 35
aeroplane 0.0457 129 68 168 80
aeroplane 0.0446 135 27 168 64
aeroplane 0.0446 157 27 179 36
aeroplane 0.0445 144 24 176 35
aeroplane 0.0433 185 79 203 88
aeroplane 0.0409 152 26 230 79
aeroplane 0.0399 147 64 170 79
aeroplane 0.0397 102 38 142 75
aeroplane 0.0394 106 52 172 82
aeroplane 0.0385 171 79 196 92
aeroplane 0.0382 176 74 194 84
aeroplane 0.0381 102 29 129 43
aeroplane 0.0373 160 67 178 79
aeroplane 0.0372 154 25 196 45
aeroplane 0.0367 184 81 204 92
aeroplane 0.0361 194 79 210 88
aeroplane 0.0359 159 71 194 82
aeroplane 0.0356 127 37 165 70
aeroplane 0.0356 168 27 186 36
aeroplane 0.0355 154 24 232 52
aeroplane 0.0353 118 20 264 110
aeroplane 0.0346 170 68 186 79
aeroplane 0.0343 161 69 202 88
aeroplane 0.0341 127 6 236 67
aeroplane 0.0341 163 25 191 33
aeroplane 0.0339 194 83 211 93
aeroplane 0.0337 174 31 217 56
aeroplane 0.0336 156 75 204 95
aeroplane 0.0336 136 73 180 93
aeroplane 0.0327 119 25 143 37
aeroplane 0.0321 130 75 167 84
aeroplane 0.0321 141 71 209 104
aeroplane 0.0320 106 0 156 71
aeroplane 0.0318 133 25 159 37
aeroplane 0.0318 144 26 172 52
aeroplane 0.0317 178 29 203 43
aeroplane 0.0314 119 3 139 29
aeroplane 0.0313 111 3 132 30
aeroplane 0.0310 114 22 171 38
aeroplane 0.0310 111 62 181 90
aeroplane 0.0310 103 2 123 29
aeroplane 0.0308 144 2 162 30
aeroplane 0.0308 147 58 168 74
aeroplane 0.0308 172 0 248 77
aeroplane 0.0305 155 24 171 31
aeroplane 0.0305 160 72 175 85
aeroplane 0.0303 151 2 170 31
aeroplane 0.0302 184 32 211 49
aeroplane 0.0300 154 65 182 76
aeroplane 0.0289 186 75 202 85
aeroplane 0.0288 127 2 146 29
aeroplane 0.0287 190 81 217 90
aeroplane 0.0287 165 24 178 32
aeroplane 0.0286 203 83 218 93
aeroplane 0.0282 176 27 193 36
aeroplane 0.0281 135 2 154 29
aeroplane 0.0280 202 80 217 89
aeroplane 0.0280 111 14 118 24
aeroplane 0.0276 163 61 177 73
aeroplane 0.0275 144 62 184 84
aeroplane 0.0275 103 13 111 23
aeroplane 0.0273 0 0 386 288
aeroplane 0.0268 178 69 193 80
aeroplane 0.0265 110 46 217 124
aeroplane 0.0264 136 79 176 90
aeroplane 0.0264 109 28 221 91
aeroplane 0.0263 155 27 177 50
aeroplane 0.0262 97 32 120 48
aeroplane 0.0261 114 26 135 37
aeroplane 0.0261 160 0 177 32
aeroplane 0.0261 95 2 116 28
aeroplane 0.0259 172 63 185 73
aeroplane 0.0255 128 16 134 25
aeroplane 0.0254 137 23 190 37
aeroplane 0.0253 198 77 222 86
aeroplane 0.0252 148 23 165 30
aeroplane 0.0251 120 15 126 25
aeroplane 0.0250 194 87 211 99
aeroplane 0.0247 89 0 153 29
aeroplane 0.0247 0 0 484 152
aeroplane 0.0244 202 87 218 99
aeroplane 0.0243 166 65 191 75
aeroplane 0.0241 200 81 224 90
aeroplane 0.0240 126 22 140 30
aeroplane 0.0238 175 24 186 32
aeroplane 0.0238 177 73 217 92
aeroplane 0.0237 132 22 148 29
aeroplane 0.0237 135 15 141 25
aeroplane 0.0236 172 28 193 50
aeroplane 0.0235 131 0 191 30
aeroplane 0.0235 151 15 157 25
aeroplane 0.0234 211 84 226 93
aeroplane 0.0233 184 85 205 98
aeroplane 0.0232 170 74 182 86
aeroplane 0.0232 210 88 226 99
aeroplane 0.0232 37 0 290 145
aeroplane 0.0231 35 13 137 87
aeroplane 0.0228 159 17 170 26
aeroplane 0.0228 147 52 168 69
aeroplane 0.0226 117 69 156 78
aeroplane 0.0225 152 20 177 28
aeroplane 0.0225 40 0 172 41
aeroplane 0.0224 159 14 165 25
aeroplane 0.0222 218 88 234 99
aeroplane 0.0222 140 22 156 30
aeroplane 0.0220 147 55 181 78
aeroplane 0.0220 151 27 170 40
aeroplane 0.0220 194 75 210 85
aeroplane 0.0218 194 36 218 53
aeroplane 0.0217 84 22 156 55
aeroplane 0.0216 166 27 185 50
aeroplane 0.0215 151 17 163 25
aeroplane 0.0215 164 56 177 67
aeroplane 0.0214 143 15 149 24
aeroplane 0.0213 179 37 223 66
aeroplane 0.0213 94 32 126 57
aeroplane 0.0211 119 22 133 30
aeroplane 0.0211 167 0 197 43
aeroplane 0.0211 164 69 174 81
aeroplane 0.0210 168 80 212 101
aeroplane 0.0209 109 76 187 93
aeroplane 0.0209 180 71 208 82
aeroplane 0.0209 157 60 180 70
aeroplane 0.0207 161 29 176 39
aeroplane 0.0206 166 17 237 108
aeroplane 0.0206 142 65 163 83
aeroplane 0.0206 157 57 190 79
aeroplane 0.0205 108 26 125 37
aeroplane 0.0205 184 27 201 37
aeroplane 0.0204 144 19 170 27
aeroplane 0.0204 180 30 202 56
aeroplane 0.0203 171 82 198 98
aeroplane 0.0203 182 23 194 32
aeroplane 0.0202 168 0 186 32
aeroplane 0.0202 168 13 173 25
aeroplane 0.0202 210 80 224 89
aeroplane 0.0202 162 21 183 28
aeroplane 0.0201 209 82 232 90
aeroplane 0.0201 108 24 134 33
bird 0.0372 163 0 500 247
boat 0.0252 33 74 500 331
person 0.0295 27 0 140 76
person 0.0294 0 0 93 122
person 0.0290 32 0 179 143
person 0.0238 0 0 167 266
person 0.0238 70 30 232 226
train 0.0438 24 13 500 333
