bicycle 0.3816 220 303 476 370
bicycle 0.3214 91 213 460 370
bicycle 0.2295 74 290 500 375
bicycle 0.1766 346 307 475 375
bicycle 0.1416 290 266 477 367
bicycle 0.1364 226 332 441 375
bicycle 0.1210 108 307 374 371
bicycle 0.1011 284 336 399 373
bicycle 0.0952 409 311 482 375
bicycle 0.0713 228 340 358 373
bicycle 0.0619 96 256 311 372
bicycle 0.0537 140 336 331 375
bicycle 0.0417 309 319 439 374
bicycle 0.0333 276 348 372 375
bicycle 0.0313 379 329 476 373
bicycle 0.0292 330 337 463 372
bicycle 0.0287 222 306 345 375
bicycle 0.0251 215 336 306 375
bicycle 0.0250 440 312 495 375
bicycle 0.0222 161 346 257 375
bicycle 0.0207 61 0 131 7
bicycle 0.0205 267 307 381 375
bottle 0.0258 99 177 148 205
car 0.1062 293 6 430 128
car 0.0899 479 44 500 80
car 0.0889 99 89 197 125
car 0.0733 241 93 419 167
car 0.0665 464 54 500 82
car 0.0614 278 72 439 143
car 0.0533 474 21 500 81
car 0.0526 459 0 497 83
car 0.0497 98 101 419 218
car 0.0483 303 6 420 77
car 0.0474 183 13 481 136
car 0.0468 233 95 327 130
car 0.0451 245 31 432 160
car 0.0386 84 76 240 132
car 0.0356 431 0 493 93
car 0.0341 228 93 386 136
car 0.0337 89 31 206 119
car 0.0305 446 38 498 86
car 0.0297 176 78 406 145
car 0.0290 112 91 396 171
car 0.0272 89 118 253 199
car 0.0266 476 61 500 80
car 0.0264 420 54 493 93
car 0.0251 90 74 340 141
car 0.0246 86 125 376 268
car 0.0246 319 47 441 122
car 0.0244 89 85 208 169
car 0.0240 321 31 431 89
car 0.0222 117 1 389 119
car 0.0218 52 0 480 278
car 0.0215 318 94 447 152
car 0.0203 31 60 218 138
chair 0.0559 83 255 278 372
chair 0.0415 156 339 279 374
chair 0.0367 81 314 251 373
chair 0.0360 173 211 480 364
chair 0.0360 144 317 291 375
chair 0.0280 292 7 415 79
chair 0.0280 381 305 476 375
chair 0.0251 239 317 342 374
chair 0.0251 129 276 222 375
chair 0.0249 56 265 204 368
chair 0.0239 166 282 263 375
chair 0.0230 241 287 388 374
chair 0.0225 384 111 444 148
chair 0.0223 112 338 231 373
chair 0.0217 12 305 211 373
chair 0.0217 327 69 444 148
chair 0.0211 435 318 476 374
person 0.8287 70 101 471 374
person 0.1416 227 219 469 368
person 0.1414 301 0 379 26
person 0.1365 301 6 420 112
person 0.1302 301 0 402 70
person 0.0953 79 130 303 375
person 0.0820 302 137 476 375
person 0.0816 320 1 378 18
person 0.0806 304 0 356 17
person 0.0744 235 98 418 358
person 0.0734 84 224 402 371
person 0.0629 318 246 474 375
person 0.0623 459 0 497 81
person 0.0531 378 289 476 370
person 0.0525 275 0 399 40
person 0.0506 383 58 446 149
person 0.0480 300 0 353 41
person 0.0474 260 0 353 97
person 0.0472 293 89 464 277
person 0.0462 231 95 417 221
person 0.0453 100 106 403 237
person 0.0450 286 89 425 170
person 0.0440 228 1 424 131
person 0.0422 373 17 467 137
person 0.0407 336 169 490 274
person 0.0374 435 0 493 91
person 0.0357 325 29 438 146
person 0.0356 415 300 474 364
person 0.0350 388 99 446 147
person 0.0348 360 267 476 346
person 0.0316 174 51 472 301
person 0.0315 167 2 215 69
person 0.0312 326 0 354 19
person 0.0308 278 28 435 213
person 0.0301 223 0 315 94
person 0.0291 380 206 482 266
person 0.0291 76 203 231 372
person 0.0290 380 232 489 365
person 0.0289 207 0 369 69
person 0.0283 140 269 310 368
person 0.0281 429 0 467 77
person 0.0281 453 54 500 89
person 0.0279 189 108 387 192
person 0.0274 330 0 368 25
person 0.0272 49 129 200 373
person 0.0266 327 90 477 157
person 0.0266 244 45 500 154
person 0.0259 300 0 338 27
person 0.0259 477 0 499 66
person 0.0255 397 52 479 149
person 0.0252 156 126 373 363
person 0.0252 400 0 495 128
person 0.0250 266 237 388 368
person 0.0248 359 193 485 310
person 0.0246 337 0 472 93
person 0.0245 433 48 473 96
person 0.0240 305 0 330 16
person 0.0234 240 265 309 373
person 0.0233 331 9 380 27
person 0.0229 88 131 247 268
person 0.0228 315 0 418 20
person 0.0228 312 138 418 285
person 0.0227 374 301 466 341
person 0.0224 371 108 480 253
person 0.0223 392 49 435 113
person 0.0219 132 49 439 173
person 0.0214 90 122 196 228
person 0.0207 402 137 497 263
person 0.0207 324 88 485 214
person 0.0205 186 0 282 91
person 0.0200 245 0 358 36
tvmonitor 0.0697 302 3 417 83
tvmonitor 0.0240 318 22 412 69
tvmonitor 0.0225 102 90 192 125
