boat 0.0480 231 35 323 70
boat 0.0391 177 0 259 30
boat 0.0279 205 3 248 31
boat 0.0239 152 0 228 31
boat 0.0230 233 27 321 56
boat 0.0224 228 14 332 82
boat 0.0221 77 23 500 375
boat 0.0218 199 11 239 29
bus 0.8670 101 73 319 260
bus 0.2715 100 34 473 289
bus 0.2074 226 11 500 90
bus 0.1611 226 27 371 76
bus 0.1295 232 152 317 262
bus 0.1291 7 0 142 70
bus 0.1200 335 27 500 91
bus 0.1088 299 46 500 375
bus 0.0854 291 6 500 227
bus 0.0812 154 0 500 168
bus 0.0765 131 150 327 263
bus 0.0721 74 58 344 367
bus 0.0685 199 2 424 73
bus 0.0671 314 0 498 132
bus 0.0610 231 33 320 67
bus 0.0562 375 1 497 71
bus 0.0533 226 24 402 118
bus 0.0475 140 41 370 199
bus 0.0401 84 0 353 136
bus 0.0397 325 9 445 84
bus 0.0376 399 16 497 103
bus 0.0356 261 24 435 81
bus 0.0343 307 233 493 375
bus 0.0328 97 77 226 240
bus 0.0328 102 83 173 193
bus 0.0321 86 32 269 131
bus 0.0320 40 0 357 262
bus 0.0309 9 43 137 320
bus 0.0303 96 64 275 183
bus 0.0284 111 0 300 217
bus 0.0283 6 0 221 98
bus 0.0277 180 179 320 256
bus 0.0236 93 0 167 70
bus 0.0233 32 88 244 308
bus 0.0223 192 52 346 260
bus 0.0220 318 21 400 79
bus 0.0214 260 165 315 242
bus 0.0213 255 4 362 88
bus 0.0209 78 88 164 226
bus 0.0204 220 32 285 73
car 0.5199 37 39 72 80
car 0.2588 233 8 500 94
car 0.2009 306 216 497 375
car 0.1772 337 2 487 54
car 0.1740 20 4 144 76
car 0.1679 7 32 71 81
car 0.1667 228 21 413 82
car 0.1661 33 26 108 78
car 0.1324 211 0 385 37
car 0.1252 221 4 380 66
car 0.1228 327 29 499 110
car 0.1186 3 37 40 80
car 0.1175 253 0 328 28
car 0.1013 32 6 236 71
car 0.0996 311 208 482 279
car 0.0946 350 0 424 35
car 0.0945 296 0 368 25
car 0.0914 103 22 156 55
car 0.0871 47 17 165 66
car 0.0862 108 0 500 72
car 0.0855 218 1 312 31
car 0.0816 12 39 55 73
car 0.0802 287 0 472 39
car 0.0776 303 10 500 161
car 0.0764 105 18 280 86
car 0.0762 35 36 69 53
car 0.0755 47 16 111 43
car 0.0749 161 23 327 84
car 0.0702 0 3 95 68
car 0.0665 476 2 499 40
car 0.0646 0 0 37 69
car 0.0635 308 1 365 17
car 0.0628 109 18 171 47
car 0.0625 306 2 394 31
car 0.0611 43 8 149 49
car 0.0587 2 38 22 76
car 0.0586 111 24 158 42
car 0.0585 203 1 271 31
car 0.0577 265 0 346 19
car 0.0576 226 7 325 42
car 0.0554 33 38 62 64
car 0.0550 330 90 499 336
car 0.0543 86 25 154 71
car 0.0541 100 4 249 55
car 0.0523 0 16 60 73
car 0.0521 137 15 168 37
car 0.0521 225 42 465 104
car 0.0510 458 7 500 48
car 0.0499 334 56 500 137
car 0.0489 24 40 79 92
car 0.0488 90 9 167 58
car 0.0482 129 0 312 37
car 0.0473 28 34 75 60
car 0.0473 478 21 500 50
car 0.0469 6 5 116 43
car 0.0467 295 1 345 16
car 0.0464 9 39 44 63
car 0.0454 276 0 421 65
car 0.0436 148 2 260 32
car 0.0422 376 2 490 37
car 0.0416 0 34 56 109
car 0.0409 16 44 41 76
car 0.0404 56 10 282 120
car 0.0402 112 22 222 55
car 0.0401 171 2 329 54
car 0.0398 77 0 188 80
car 0.0395 134 17 158 44
car 0.0390 20 37 54 51
car 0.0383 122 11 178 40
car 0.0378 11 34 63 57
car 0.0375 101 23 188 73
car 0.0371 393 220 495 365
car 0.0370 102 3 146 51
car 0.0370 3 36 39 56
car 0.0369 276 2 353 34
car 0.0369 302 225 464 313
car 0.0369 178 7 267 40
car 0.0368 115 29 247 72
car 0.0366 376 0 498 97
car 0.0365 94 22 146 44
car 0.0358 36 0 360 82
car 0.0357 162 13 500 315
car 0.0355 258 1 309 20
car 0.0354 118 19 160 35
car 0.0354 346 0 408 21
car 0.0354 36 31 70 46
car 0.0350 54 19 115 67
car 0.0348 372 45 495 94
car 0.0346 464 27 500 47
car 0.0340 261 10 310 29
car 0.0340 215 6 281 44
car 0.0338 0 0 42 36
car 0.0338 349 2 388 33
car 0.0334 381 204 500 302
car 0.0329 338 4 409 47
car 0.0326 120 24 150 51
car 0.0324 68 22 149 52
car 0.0324 140 9 214 38
car 0.0319 31 62 80 105
car 0.0318 410 16 489 44
car 0.0315 432 22 500 50
car 0.0313 6 71 78 109
car 0.0307 44 35 84 52
car 0.0307 335 18 438 81
car 0.0303 151 14 176 37
car 0.0301 217 0 292 21
car 0.0300 348 0 385 18
car 0.0299 41 54 76 78
car 0.0299 263 0 290 23
car 0.0295 70 11 132 71
car 0.0294 333 43 397 77
car 0.0293 103 19 145 37
car 0.0293 208 8 253 29
car 0.0292 131 27 170 47
car 0.0291 223 12 339 95
car 0.0287 128 16 203 44
car 0.0285 51 39 141 78
car 0.0283 9 22 77 59
car 0.0281 44 44 342 375
car 0.0279 282 3 330 21
car 0.0277 0 0 26 28
car 0.0277 309 12 358 28
car 0.0274 253 13 320 36
car 0.0274 276 11 325 31
car 0.0273 211 44 365 112
car 0.0271 285 195 450 264
car 0.0270 311 0 335 19
car 0.0268 249 11 292 29
car 0.0267 186 0 268 63
car 0.0267 480 0 496 23
car 0.0263 48 29 93 44
car 0.0262 22 27 81 48
car 0.0262 140 0 500 165
car 0.0261 297 156 500 291
car 0.0258 266 74 473 135
car 0.0256 354 8 403 30
car 0.0255 329 0 378 27
car 0.0252 88 48 262 115
car 0.0252 145 22 183 39
car 0.0251 141 22 264 62
car 0.0251 5 0 65 52
car 0.0249 454 334 500 375
car 0.0243 294 13 335 30
car 0.0242 398 68 491 104
car 0.0239 368 223 463 281
car 0.0239 4 31 40 47
car 0.0239 0 31 50 64
car 0.0238 463 16 500 68
car 0.0238 222 34 300 70
car 0.0232 57 26 108 43
car 0.0230 43 37 103 66
car 0.0230 109 8 167 34
car 0.0226 205 26 316 63
car 0.0226 54 0 137 32
car 0.0226 43 45 94 76
car 0.0224 22 25 138 107
car 0.0224 451 23 497 42
car 0.0220 154 17 194 34
car 0.0220 42 2 105 63
car 0.0219 1 14 86 46
car 0.0218 23 32 57 44
car 0.0217 92 0 142 35
car 0.0217 0 33 26 62
car 0.0217 126 17 148 40
car 0.0215 103 82 192 112
car 0.0215 389 309 500 374
car 0.0213 0 9 20 54
car 0.0212 0 20 26 89
car 0.0212 70 0 197 42
car 0.0208 19 49 63 109
car 0.0206 145 8 185 35
car 0.0205 7 13 86 125
car 0.0203 414 333 498 374
car 0.0203 259 18 301 34
car 0.0203 92 40 170 79
car 0.0202 401 27 495 56
car 0.0201 4 46 73 172
car 0.0201 19 55 57 76
car 0.0201 340 58 390 77
car 0.0200 457 356 500 374
chair 0.0226 0 64 115 375
chair 0.0202 7 190 204 375
person 0.0646 353 0 429 34
person 0.0471 325 53 495 303
person 0.0426 248 1 296 28
person 0.0422 348 1 386 30
person 0.0409 258 1 282 28
person 0.0400 383 1 433 29
person 0.0390 369 0 465 30
person 0.0368 364 1 407 26
person 0.0347 263 1 307 24
person 0.0337 263 5 288 31
person 0.0329 277 1 331 27
person 0.0328 352 0 377 22
person 0.0309 224 0 280 30
person 0.0301 462 327 498 375
person 0.0295 306 8 327 33
person 0.0290 289 10 325 32
person 0.0290 301 2 333 23
person 0.0288 361 3 392 34
person 0.0282 244 8 279 31
person 0.0271 395 231 498 374
person 0.0262 208 7 241 30
person 0.0261 376 1 426 18
person 0.0258 273 7 313 30
person 0.0256 300 16 328 37
person 0.0251 380 4 408 33
person 0.0244 463 6 484 32
person 0.0242 217 5 257 31
person 0.0240 137 21 164 48
person 0.0237 264 16 292 34
person 0.0235 237 6 267 33
person 0.0233 417 64 499 254
person 0.0231 155 12 175 36
person 0.0229 267 5 328 39
person 0.0229 406 184 497 319
person 0.0226 251 0 276 22
person 0.0222 396 3 423 34
person 0.0216 278 15 313 36
person 0.0215 381 0 458 20
person 0.0210 390 0 414 23
person 0.0210 396 1 442 17
person 0.0210 451 4 475 27
person 0.0207 316 0 346 24
person 0.0207 468 327 490 356
person 0.0204 310 11 341 30
person 0.0202 399 3 451 34
train 0.0548 82 0 500 109
train 0.0475 138 0 314 33
train 0.0320 0 59 318 293
train 0.0317 133 27 449 133
train 0.0313 186 16 340 69
train 0.0267 65 49 500 375
train 0.0266 0 0 146 49
train 0.0255 101 0 256 39
train 0.0214 98 40 308 129
tvmonitor 0.0861 467 0 500 43
tvmonitor 0.0578 408 0 478 37
tvmonitor 0.0442 444 0 500 31
tvmonitor 0.0432 377 1 493 51
tvmonitor 0.0420 310 20 500 236
tvmonitor 0.0398 475 1 500 26
tvmonitor 0.0359 7 60 136 362
tvmonitor 0.0342 388 0 479 23
tvmonitor 0.0308 406 0 498 90
tvmonitor 0.0307 395 302 497 375
tvmonitor 0.0283 462 3 493 25
tvmonitor 0.0272 425 10 495 41
tvmonitor 0.0271 389 36 497 112
tvmonitor 0.0256 465 15 500 36
tvmonitor 0.0218 335 36 437 87
tvmonitor 0.0217 311 249 395 374
tvmonitor 0.0215 458 11 497 28
tvmonitor 0.0214 289 64 499 170
tvmonitor 0.0208 51 0 129 38
tvmonitor 0.0206 450 18 500 45
tvmonitor 0.0206 440 23 500 61
tvmonitor 0.0205 450 4 479 24
