bottle 0.3517 152 70 174 107
bottle 0.2964 158 23 173 57
bottle 0.2263 140 26 155 58
bottle 0.2210 136 0 165 33
bottle 0.1780 136 14 158 60
bottle 0.1762 134 27 149 58
bottle 0.1668 148 1 167 29
bottle 0.1615 154 21 168 56
bottle 0.1612 142 0 162 24
bottle 0.1607 130 0 156 39
bottle 0.1582 144 4 162 40
bottle 0.1571 163 24 176 51
bottle 0.1440 142 1 167 53
bottle 0.1430 156 0 198 23
bottle 0.1361 126 26 142 57
bottle 0.1350 269 174 289 212
bottle 0.1347 152 7 165 30
bottle 0.1300 146 23 158 52
bottle 0.1283 150 0 181 30
bottle 0.1245 171 22 184 45
bottle 0.1218 275 175 308 220
bottle 0.1196 150 8 167 43
bottle 0.1184 141 21 154 48
bottle 0.1169 196 176 235 221
bottle 0.1151 122 23 137 56
bottle 0.1141 120 0 166 58
bottle 0.1131 162 71 177 97
bottle 0.1122 105 22 123 55
bottle 0.1081 151 69 171 90
bottle 0.1041 146 14 159 42
bottle 0.1025 144 20 166 64
bottle 0.1006 243 172 294 220
bottle 0.1005 139 0 198 34
bottle 0.1004 191 71 205 97
bottle 0.0978 152 4 175 51
bottle 0.0959 131 10 150 45
bottle 0.0957 157 14 171 40
bottle 0.0915 249 174 282 209
bottle 0.0914 102 0 154 66
bottle 0.0906 171 2 194 26
bottle 0.0905 102 5 133 56
bottle 0.0892 166 24 185 52
bottle 0.0888 133 1 151 25
bottle 0.0872 140 12 154 39
bottle 0.0863 114 0 146 52
bottle 0.0844 173 16 185 37
bottle 0.0832 128 10 160 71
bottle 0.0827 190 79 203 102
bottle 0.0812 172 0 216 23
bottle 0.0805 161 17 180 48
bottle 0.0801 164 1 191 41
bottle 0.0795 131 0 180 47
bottle 0.0790 112 22 129 54
bottle 0.0787 139 3 154 30
bottle 0.0785 167 72 189 98
bottle 0.0781 150 81 171 101
bottle 0.0776 147 77 159 99
bottle 0.0775 134 22 146 46
bottle 0.0765 156 7 171 29
bottle 0.0765 178 25 205 48
bottle 0.0744 200 174 296 222
bottle 0.0731 128 20 140 43
bottle 0.0731 149 10 183 61
bottle 0.0716 146 71 166 98
bottle 0.0709 135 0 187 21
bottle 0.0707 174 22 190 43
bottle 0.0700 145 34 159 58
bottle 0.0699 150 0 198 12
bottle 0.0689 155 1 207 44
bottle 0.0679 117 20 145 63
bottle 0.0676 163 21 198 54
bottle 0.0669 99 17 120 51
bottle 0.0664 190 126 214 169
bottle 0.0661 185 86 198 104
bottle 0.0652 139 20 171 83
bottle 0.0651 176 83 192 101
bottle 0.0648 159 6 182 35
bottle 0.0644 167 0 192 18
bottle 0.0642 174 9 212 49
bottle 0.0632 170 82 187 101
bottle 0.0632 142 185 162 205
bottle 0.0621 176 89 193 109
bottle 0.0615 156 81 172 112
bottle 0.0614 266 181 281 208
bottle 0.0609 279 177 298 211
bottle 0.0605 187 79 198 98
bottle 0.0603 146 9 163 26
bottle 0.0599 181 74 200 101
bottle 0.0595 154 77 181 114
bottle 0.0594 174 74 192 95
bottle 0.0590 202 126 282 214
bottle 0.0586 160 2 183 22
bottle 0.0575 139 0 166 14
bottle 0.0573 195 70 209 91
bottle 0.0573 126 8 144 42
bottle 0.0570 121 13 170 89
bottle 0.0566 153 25 169 42
bottle 0.0564 227 175 263 218
bottle 0.0560 175 9 189 33
bottle 0.0556 198 198 232 222
bottle 0.0556 193 146 211 168
bottle 0.0553 110 18 150 80
bottle 0.0552 162 23 180 39
bottle 0.0551 163 75 192 112
bottle 0.0544 276 177 291 206
bottle 0.0543 101 22 135 74
bottle 0.0543 123 19 134 44
bottle 0.0542 120 69 135 86
bottle 0.0541 149 22 187 82
bottle 0.0539 159 70 178 87
bottle 0.0528 283 192 311 222
bottle 0.0525 178 2 199 20
bottle 0.0524 174 24 212 61
bottle 0.0523 174 109 215 169
bottle 0.0522 143 0 177 9
bottle 0.0519 252 174 323 221
bottle 0.0513 146 75 172 115
bottle 0.0512 172 92 194 118
bottle 0.0512 141 0 194 70
bottle 0.0506 266 196 319 222
bottle 0.0500 176 185 190 207
bottle 0.0499 154 0 174 20
bottle 0.0499 163 12 178 31
bottle 0.0499 270 185 284 211
bottle 0.0497 123 37 136 58
bottle 0.0494 166 170 176 191
bottle 0.0494 151 35 165 58
bottle 0.0489 128 31 153 69
bottle 0.0486 151 16 168 34
bottle 0.0483 177 178 215 218
bottle 0.0482 276 150 334 220
bottle 0.0477 186 71 207 107
bottle 0.0475 171 12 197 46
bottle 0.0473 135 16 159 40
bottle 0.0472 147 181 188 217
bottle 0.0468 146 70 161 87
bottle 0.0466 158 24 206 79
bottle 0.0464 168 70 185 89
bottle 0.0463 137 80 155 97
bottle 0.0462 182 22 199 39
bottle 0.0462 163 171 173 192
bottle 0.0462 186 15 209 42
bottle 0.0458 82 81 100 103
bottle 0.0457 231 191 250 220
bottle 0.0451 186 4 211 32
bottle 0.0448 116 1 168 28
bottle 0.0447 191 97 212 136
bottle 0.0446 157 176 241 221
bottle 0.0444 185 71 199 93
bottle 0.0444 132 187 200 221
bottle 0.0438 213 170 242 217
bottle 0.0437 188 84 205 111
bottle 0.0436 181 85 200 110
bottle 0.0423 124 0 148 30
bottle 0.0422 150 0 168 17
bottle 0.0422 131 21 149 37
bottle 0.0421 106 20 121 43
bottle 0.0411 119 5 137 44
bottle 0.0406 137 0 157 19
bottle 0.0406 146 80 164 106
bottle 0.0405 226 159 242 191
bottle 0.0403 169 0 221 12
bottle 0.0403 159 82 178 100
bottle 0.0402 148 69 182 95
bottle 0.0398 137 81 173 106
bottle 0.0391 224 201 316 221
bottle 0.0391 127 85 153 98
bottle 0.0389 349 167 394 222
bottle 0.0387 183 3 212 19
bottle 0.0385 101 30 118 55
bottle 0.0384 183 183 259 222
bottle 0.0382 137 72 156 90
bottle 0.0378 171 85 197 104
bottle 0.0373 146 134 169 175
bottle 0.0372 118 34 141 56
bottle 0.0370 152 93 211 170
bottle 0.0370 109 2 135 38
bottle 0.0369 104 29 137 57
bottle 0.0369 204 177 226 216
bottle 0.0369 144 57 171 92
bottle 0.0368 163 20 181 33
bottle 0.0368 276 185 331 221
bottle 0.0367 257 181 274 207
bottle 0.0364 129 71 162 98
bottle 0.0364 241 174 270 213
bottle 0.0362 227 196 244 220
bottle 0.0362 152 21 177 44
bottle 0.0360 192 20 224 66
bottle 0.0357 96 17 113 41
bottle 0.0356 103 11 125 43
bottle 0.0355 172 71 205 98
bottle 0.0354 178 8 204 35
bottle 0.0354 194 211 235 221
bottle 0.0353 174 31 192 52
bottle 0.0353 115 20 128 43
bottle 0.0352 169 34 185 57
bottle 0.0350 142 180 172 207
bottle 0.0350 175 197 242 221
bottle 0.0348 201 17 216 43
bottle 0.0348 139 28 198 96
bottle 0.0347 140 182 155 201
bottle 0.0346 186 88 209 128
bottle 0.0345 132 70 161 86
bottle 0.0344 194 78 208 101
bottle 0.0343 174 19 192 34
bottle 0.0342 282 188 300 216
bottle 0.0340 198 14 212 37
bottle 0.0336 246 174 264 205
bottle 0.0333 139 114 172 174
bottle 0.0332 94 24 115 56
bottle 0.0332 187 97 219 163
bottle 0.0331 135 186 151 206
bottle 0.0329 133 24 184 65
bottle 0.0327 247 172 261 193
bottle 0.0326 189 189 204 209
bottle 0.0326 81 85 127 146
bottle 0.0325 272 173 286 197
bottle 0.0325 276 187 290 213
bottle 0.0324 261 171 298 204
bottle 0.0324 221 197 236 221
bottle 0.0324 140 63 175 102
bottle 0.0324 140 70 174 85
bottle 0.0322 164 172 195 213
bottle 0.0321 192 78 220 122
bottle 0.0321 182 93 196 115
bottle 0.0320 171 172 184 192
bottle 0.0316 131 76 151 93
bottle 0.0314 289 202 313 222
bottle 0.0313 190 92 205 117
bottle 0.0312 222 179 248 221
bottle 0.0311 162 87 196 126
bottle 0.0307 235 147 294 214
bottle 0.0307 113 37 129 57
bottle 0.0306 360 210 400 221
bottle 0.0305 124 84 163 105
bottle 0.0300 182 13 198 32
bottle 0.0299 189 188 225 222
bottle 0.0299 190 15 215 50
bottle 0.0299 131 0 157 10
bottle 0.0298 148 50 185 97
bottle 0.0297 250 181 267 206
bottle 0.0296 175 81 208 120
bottle 0.0294 126 182 163 216
bottle 0.0293 173 71 194 87
bottle 0.0290 129 97 185 175
bottle 0.0290 174 174 192 205
bottle 0.0290 277 169 371 221
bottle 0.0288 225 104 287 181
bottle 0.0288 163 170 179 199
bottle 0.0287 182 189 197 209
bottle 0.0287 5 175 51 220
bottle 0.0286 165 15 190 37
bottle 0.0285 229 73 249 93
bottle 0.0285 170 190 189 209
bottle 0.0283 210 203 231 222
bottle 0.0282 191 66 212 95
bottle 0.0281 170 186 197 215
bottle 0.0279 195 24 211 46
bottle 0.0279 165 125 201 169
bottle 0.0279 180 20 202 33
bottle 0.0279 160 68 194 92
bottle 0.0279 305 0 341 31
bottle 0.0278 162 34 178 59
bottle 0.0277 181 97 210 147
bottle 0.0277 111 183 183 218
bottle 0.0277 128 63 200 125
bottle 0.0276 340 172 374 221
bottle 0.0276 205 187 245 222
bottle 0.0275 152 167 183 206
bottle 0.0274 145 187 169 211
bottle 0.0273 190 100 208 126
bottle 0.0273 94 93 140 149
bottle 0.0272 123 71 139 89
bottle 0.0271 155 185 173 206
bottle 0.0271 114 82 151 118
bottle 0.0270 125 80 143 96
bottle 0.0270 104 97 127 137
bottle 0.0269 219 181 236 217
bottle 0.0268 172 26 201 38
bottle 0.0268 175 33 213 81
bottle 0.0267 130 37 159 85
bottle 0.0266 122 78 135 96
bottle 0.0265 116 61 136 86
bottle 0.0264 185 207 242 222
bottle 0.0262 185 28 208 55
bottle 0.0261 161 90 178 112
bottle 0.0261 148 115 190 174
bottle 0.0256 187 104 251 171
bottle 0.0256 177 172 190 193
bottle 0.0255 330 190 388 221
bottle 0.0251 194 88 207 108
bottle 0.0250 205 193 224 220
bottle 0.0250 155 38 175 58
bottle 0.0249 191 170 227 209
bottle 0.0249 219 168 281 209
bottle 0.0248 280 199 361 221
bottle 0.0247 146 146 161 173
bottle 0.0245 294 189 378 221
bottle 0.0244 160 163 174 191
bottle 0.0243 222 209 301 222
chair 0.0932 65 89 154 192
chair 0.0932 0 120 154 220
chair 0.0735 22 165 143 216
chair 0.0653 1 147 58 220
chair 0.0635 44 134 125 214
chair 0.0593 49 75 141 153
chair 0.0589 12 137 101 220
chair 0.0541 16 186 157 220
chair 0.0517 198 100 288 172
chair 0.0489 60 149 159 207
chair 0.0426 260 165 363 222
chair 0.0421 130 206 198 222
chair 0.0412 57 173 128 207
chair 0.0412 339 36 393 105
chair 0.0394 91 130 172 212
chair 0.0389 122 185 210 222
chair 0.0374 18 80 94 206
chair 0.0368 2 180 63 221
chair 0.0355 59 84 107 178
chair 0.0339 150 103 221 174
chair 0.0338 101 201 197 221
chair 0.0333 178 132 255 213
chair 0.0328 73 179 189 221
chair 0.0313 0 66 68 222
chair 0.0312 316 38 375 99
chair 0.0309 212 146 307 212
chair 0.0304 39 175 111 217
chair 0.0303 152 130 221 213
chair 0.0301 0 199 142 222
chair 0.0296 123 153 199 222
chair 0.0286 65 175 122 194
chair 0.0284 344 42 370 80
chair 0.0265 123 111 199 194
chair 0.0260 0 200 72 221
chair 0.0254 85 84 145 151
chair 0.0252 276 189 399 221
chair 0.0252 61 174 96 201
chair 0.0250 68 172 158 197
chair 0.0246 179 167 257 222
chair 0.0244 123 70 160 92
chair 0.0242 57 153 105 201
chair 0.0238 20 172 91 222
chair 0.0236 40 195 125 217
chair 0.0233 92 177 122 194
chair 0.0224 92 97 164 174
chair 0.0224 198 84 319 142
chair 0.0223 9 74 107 155
chair 0.0221 47 122 94 203
chair 0.0215 107 177 122 194
chair 0.0213 105 189 166 219
chair 0.0201 149 168 226 222
diningtable 0.5830 33 89 353 216
diningtable 0.3096 72 87 261 177
diningtable 0.2757 36 156 322 219
diningtable 0.2423 135 73 345 192
diningtable 0.2184 198 91 367 222
diningtable 0.1907 0 122 262 221
diningtable 0.1834 22 18 276 210
diningtable 0.1462 138 174 330 222
diningtable 0.1455 141 113 321 221
diningtable 0.1389 49 73 180 210
diningtable 0.1334 1 90 150 222
diningtable 0.1332 51 42 400 190
diningtable 0.1325 145 86 281 167
diningtable 0.1309 20 178 264 220
diningtable 0.1113 62 129 215 213
diningtable 0.1034 110 88 219 158
diningtable 0.0961 75 58 310 146
diningtable 0.0908 179 147 395 222
diningtable 0.0766 9 162 187 217
diningtable 0.0758 111 117 261 163
diningtable 0.0737 193 165 300 219
diningtable 0.0719 92 92 176 169
diningtable 0.0697 94 169 280 215
diningtable 0.0684 46 108 204 175
diningtable 0.0683 5 80 190 165
diningtable 0.0682 194 194 322 222
diningtable 0.0654 36 186 180 220
diningtable 0.0648 199 110 292 218
diningtable 0.0629 242 175 378 220
diningtable 0.0584 128 102 240 205
diningtable 0.0576 123 80 259 130
diningtable 0.0571 65 86 157 157
diningtable 0.0542 79 81 209 130
diningtable 0.0534 89 17 289 115
diningtable 0.0513 87 132 224 173
diningtable 0.0512 135 74 182 110
diningtable 0.0505 122 187 235 221
diningtable 0.0494 170 183 281 221
diningtable 0.0478 60 34 219 145
diningtable 0.0474 143 72 175 101
diningtable 0.0461 83 122 181 185
diningtable 0.0459 121 77 197 122
diningtable 0.0459 73 196 211 222
diningtable 0.0451 180 118 303 168
diningtable 0.0421 152 74 199 111
diningtable 0.0420 73 158 233 199
diningtable 0.0415 96 0 162 60
diningtable 0.0415 125 27 211 87
diningtable 0.0397 152 134 288 176
diningtable 0.0389 26 14 220 109
diningtable 0.0387 186 86 300 146
diningtable 0.0376 167 149 275 206
diningtable 0.0374 95 15 239 82
diningtable 0.0372 8 198 161 222
diningtable 0.0370 109 85 184 114
diningtable 0.0370 132 0 205 55
diningtable 0.0368 143 25 199 64
diningtable 0.0364 186 105 347 178
diningtable 0.0360 107 20 218 56
diningtable 0.0349 6 127 170 199
diningtable 0.0349 87 68 245 121
diningtable 0.0348 140 83 213 133
diningtable 0.0347 142 91 202 172
diningtable 0.0335 14 73 167 133
diningtable 0.0335 126 72 167 96
diningtable 0.0322 108 16 184 73
diningtable 0.0321 131 79 186 156
diningtable 0.0320 120 81 175 106
diningtable 0.0312 111 70 191 105
diningtable 0.0309 97 79 171 125
diningtable 0.0289 110 138 260 222
diningtable 0.0277 124 85 158 98
diningtable 0.0271 148 17 219 48
diningtable 0.0262 111 56 221 95
diningtable 0.0260 65 174 188 212
diningtable 0.0259 158 26 210 51
diningtable 0.0259 91 44 240 103
diningtable 0.0255 127 98 228 142
diningtable 0.0255 142 81 193 105
diningtable 0.0254 151 77 188 134
diningtable 0.0252 150 174 247 218
diningtable 0.0243 77 36 193 87
diningtable 0.0242 97 24 169 54
diningtable 0.0242 158 91 202 122
diningtable 0.0239 165 91 215 169
diningtable 0.0234 112 92 172 135
diningtable 0.0226 0 0 332 121
diningtable 0.0224 137 88 178 120
diningtable 0.0224 161 81 216 119
diningtable 0.0223 33 122 154 168
diningtable 0.0220 135 26 254 74
diningtable 0.0219 119 15 199 47
diningtable 0.0218 23 139 150 185
diningtable 0.0218 123 96 196 117
diningtable 0.0216 217 206 320 222
diningtable 0.0211 108 35 213 66
diningtable 0.0209 165 81 207 101
diningtable 0.0209 88 208 204 222
diningtable 0.0208 109 97 208 127
diningtable 0.0206 140 75 234 112
diningtable 0.0206 225 173 322 217
diningtable 0.0202 142 70 190 91
person 0.7831 266 75 363 222
person 0.7281 22 0 123 214
person 0.7263 210 16 346 172
person 0.6129 42 1 129 141
person 0.6067 0 37 88 218
person 0.5976 332 103 400 222
person 0.4174 199 15 310 128
person 0.3992 207 69 329 213
person 0.3905 197 47 286 163
person 0.2642 43 11 164 191
person 0.2558 197 3 281 97
person 0.2397 97 0 147 39
person 0.2187 181 29 396 205
person 0.1966 84 0 137 60
person 0.1963 217 30 363 114
person 0.1885 73 89 276 212
person 0.1756 45 1 115 77
person 0.1722 0 0 122 93
person 0.1682 199 0 245 87
person 0.1627 201 1 243 49
person 0.1604 147 5 347 125
person 0.1545 253 55 357 154
person 0.1508 90 37 255 173
person 0.1501 118 0 167 36
person 0.1443 102 0 169 71
person 0.1426 58 58 148 171
person 0.1381 0 1 55 48
person 0.1358 66 0 147 85
person 0.1295 194 51 392 133
person 0.1185 299 72 362 152
person 0.1176 221 84 400 191
person 0.1155 0 0 90 63
person 0.1120 187 19 253 105
person 0.1111 3 43 66 164
person 0.1091 156 82 304 194
person 0.1088 1 22 56 55
person 0.1071 206 71 276 142
person 0.1045 204 0 245 27
person 0.1041 72 0 116 56
person 0.1038 17 1 265 185
person 0.0996 150 0 211 33
person 0.0941 113 0 209 76
person 0.0931 133 0 165 27
person 0.0927 200 40 261 131
person 0.0909 112 4 276 94
person 0.0889 193 0 273 53
person 0.0876 110 0 153 27
person 0.0875 263 70 365 124
person 0.0862 179 1 233 37
person 0.0855 86 0 116 35
person 0.0846 353 146 399 222
person 0.0845 292 114 375 222
person 0.0841 252 32 320 100
person 0.0840 247 3 359 95
person 0.0814 97 15 121 54
person 0.0801 1 28 57 102
person 0.0796 329 85 393 171
person 0.0794 208 0 245 9
person 0.0789 153 0 225 71
person 0.0753 63 0 192 115
person 0.0748 182 8 233 90
person 0.0731 199 0 320 67
person 0.0726 217 85 288 190
person 0.0709 273 36 379 123
person 0.0696 121 0 196 26
person 0.0696 4 41 120 154
person 0.0683 53 0 113 40
person 0.0681 0 36 385 213
person 0.0674 177 81 359 162
person 0.0667 328 91 359 147
person 0.0665 233 138 355 222
person 0.0665 65 70 121 152
person 0.0664 205 1 264 36
person 0.0661 0 30 50 66
person 0.0654 86 0 190 44
person 0.0639 0 26 41 48
person 0.0636 176 0 221 20
person 0.0625 340 184 399 222
person 0.0617 194 5 224 51
person 0.0615 277 75 345 166
person 0.0608 343 105 400 142
person 0.0602 274 71 341 103
person 0.0596 180 77 264 159
person 0.0587 71 0 158 30
person 0.0586 223 125 291 217
person 0.0574 97 15 138 80
person 0.0574 93 7 117 45
person 0.0566 33 0 146 49
person 0.0566 298 95 358 193
person 0.0563 0 72 187 222
person 0.0560 203 15 215 39
person 0.0557 169 5 217 52
person 0.0552 290 0 380 90
person 0.0546 130 0 237 41
person 0.0536 66 27 133 109
person 0.0525 316 159 400 222
person 0.0519 19 0 88 38
person 0.0516 237 76 344 138
person 0.0513 322 95 366 181
person 0.0493 23 55 97 180
person 0.0492 343 36 394 109
person 0.0489 99 2 129 48
person 0.0487 219 24 302 97
person 0.0481 295 53 400 181
person 0.0478 317 69 364 131
person 0.0478 92 0 141 22
person 0.0476 141 14 237 104
person 0.0467 216 6 265 66
person 0.0462 143 84 222 161
person 0.0453 200 13 219 48
person 0.0450 64 0 246 60
person 0.0449 335 107 375 169
person 0.0447 178 0 247 12
person 0.0443 205 0 271 11
person 0.0435 231 54 367 100
person 0.0433 104 0 134 30
person 0.0433 12 0 123 28
person 0.0432 154 0 252 28
person 0.0432 42 54 105 138
person 0.0428 0 0 32 39
person 0.0425 188 3 215 39
person 0.0425 359 204 400 222
person 0.0424 311 75 396 135
person 0.0412 147 8 294 68
person 0.0409 209 0 249 16
person 0.0408 72 0 112 23
person 0.0407 90 23 127 71
person 0.0407 299 0 357 36
person 0.0400 337 102 370 145
person 0.0399 198 0 305 27
person 0.0399 201 13 235 71
person 0.0397 277 0 354 62
person 0.0394 261 60 326 97
person 0.0394 98 49 134 91
person 0.0393 127 180 211 221
person 0.0393 1 121 58 221
person 0.0392 329 109 360 166
person 0.0386 207 4 234 36
person 0.0386 316 42 373 115
person 0.0378 104 19 156 89
person 0.0378 284 69 351 93
person 0.0377 0 47 44 128
person 0.0372 218 5 247 41
person 0.0372 199 53 258 98
person 0.0367 331 6 396 98
person 0.0366 0 29 19 51
person 0.0366 152 70 199 105
person 0.0362 303 72 357 102
person 0.0362 86 14 115 54
person 0.0356 219 0 280 17
person 0.0356 40 1 104 21
person 0.0354 196 61 327 112
person 0.0353 2 39 41 90
person 0.0352 159 0 202 23
person 0.0350 98 76 174 149
person 0.0349 76 87 134 167
person 0.0347 13 0 67 28
person 0.0344 199 6 218 35
person 0.0337 51 62 131 123
person 0.0336 283 61 368 104
person 0.0336 245 26 312 65
person 0.0336 381 67 400 110
person 0.0327 118 49 215 141
person 0.0327 97 67 134 104
person 0.0325 236 10 371 59
person 0.0324 367 58 397 109
person 0.0323 82 59 130 112
person 0.0322 337 131 379 208
person 0.0320 80 39 180 142
person 0.0320 225 23 287 63
person 0.0315 37 6 85 65
person 0.0315 351 106 400 175
person 0.0314 167 172 191 209
person 0.0314 278 132 340 222
person 0.0310 195 14 213 42
person 0.0309 50 0 89 28
person 0.0301 48 74 99 168
person 0.0300 81 74 128 132
person 0.0299 6 27 45 40
person 0.0298 230 0 273 36
person 0.0296 192 71 220 113
person 0.0292 0 17 37 42
person 0.0292 16 28 48 52
person 0.0290 211 16 247 71
person 0.0290 196 0 230 9
person 0.0289 258 27 343 80
person 0.0289 214 2 349 46
person 0.0289 284 189 400 221
person 0.0287 30 0 80 24
person 0.0286 230 76 289 152
person 0.0285 215 26 266 92
person 0.0284 146 0 218 16
person 0.0283 20 35 58 75
person 0.0282 368 210 400 221
person 0.0282 172 31 219 91
person 0.0281 190 40 234 96
person 0.0280 157 172 238 220
person 0.0280 178 17 231 56
person 0.0280 40 24 74 65
person 0.0277 59 16 124 63
person 0.0277 195 1 222 24
person 0.0275 151 183 191 208
person 0.0275 280 74 334 127
person 0.0275 31 64 85 142
person 0.0274 385 81 399 108
person 0.0274 104 0 162 15
person 0.0273 232 28 282 88
person 0.0269 327 122 363 197
person 0.0268 343 63 395 128
person 0.0266 316 85 353 141
person 0.0266 49 3 90 49
person 0.0264 170 73 209 101
person 0.0264 235 13 273 51
person 0.0262 18 54 63 126
person 0.0262 11 50 50 108
person 0.0262 259 76 311 107
person 0.0261 347 104 400 124
person 0.0260 248 68 332 112
person 0.0260 352 59 389 107
person 0.0259 299 13 400 130
person 0.0259 76 0 107 10
person 0.0256 4 88 73 194
person 0.0256 192 59 224 97
person 0.0256 60 0 96 10
person 0.0255 151 34 211 102
person 0.0255 201 15 263 42
person 0.0255 331 64 376 122
person 0.0254 130 36 183 103
person 0.0252 336 125 358 171
person 0.0250 152 172 179 206
person 0.0250 113 57 138 86
person 0.0248 257 77 305 160
person 0.0247 202 0 240 5
person 0.0247 301 7 340 49
person 0.0246 207 18 305 58
person 0.0244 79 1 108 42
person 0.0244 195 69 241 101
person 0.0242 22 30 111 108
person 0.0242 378 205 399 222
person 0.0242 301 9 360 78
person 0.0242 139 0 154 11
person 0.0241 304 29 366 95
person 0.0241 270 37 311 88
person 0.0239 337 84 371 132
person 0.0239 351 0 396 43
person 0.0237 239 1 316 34
person 0.0236 230 8 249 35
person 0.0235 145 0 160 11
person 0.0234 68 0 100 36
person 0.0233 120 0 151 10
person 0.0233 204 55 238 92
person 0.0232 81 0 102 18
person 0.0231 323 58 361 101
person 0.0231 29 65 60 114
person 0.0230 119 66 174 97
person 0.0229 197 77 250 132
person 0.0228 130 0 156 18
person 0.0227 0 31 27 59
person 0.0227 105 0 140 11
person 0.0225 44 24 99 89
person 0.0225 204 67 273 111
person 0.0225 29 0 68 8
person 0.0224 205 0 233 14
person 0.0223 1 63 32 119
person 0.0223 132 0 176 16
person 0.0221 206 1 227 22
person 0.0221 205 14 222 36
person 0.0220 112 72 156 102
person 0.0220 39 66 72 110
person 0.0219 250 30 289 71
person 0.0219 233 60 301 131
person 0.0219 305 0 339 17
person 0.0219 0 7 23 48
person 0.0218 87 1 109 25
person 0.0218 0 26 23 42
person 0.0217 188 81 222 134
person 0.0217 246 98 288 167
person 0.0216 280 47 325 90
person 0.0214 7 0 74 10
person 0.0213 163 63 218 98
person 0.0213 60 0 105 16
person 0.0212 9 6 52 35
person 0.0211 136 0 148 11
person 0.0209 25 47 60 98
person 0.0207 152 57 220 128
person 0.0204 362 95 399 123
person 0.0204 262 32 301 75
person 0.0203 152 0 166 10
person 0.0203 221 19 284 43
person 0.0203 220 55 248 92
person 0.0201 122 0 147 21
person 0.0200 81 22 108 59
person 0.0200 315 0 391 42
person 0.0200 228 0 269 9
sofa 0.0835 88 35 400 188
sofa 0.0492 134 61 335 146
sofa 0.0204 203 84 400 192
tvmonitor 0.0200 141 206 198 222
