aeroplane 0.9414 0 16 500 282
aeroplane 0.0426 2 157 101 274
aeroplane 0.0412 42 120 497 263
aeroplane 0.0400 71 153 108 178
aeroplane 0.0367 0 206 163 275
aeroplane 0.0349 349 36 499 254
aeroplane 0.0343 0 170 418 282
aeroplane 0.0306 207 35 490 269
aeroplane 0.0249 0 1 425 179
aeroplane 0.0248 0 116 152 279
aeroplane 0.0238 397 42 500 186
aeroplane 0.0234 78 159 118 177
aeroplane 0.0234 1 239 91 274
aeroplane 0.0224 460 244 500 261
aeroplane 0.0221 454 217 500 268
aeroplane 0.0210 352 43 500 117
bicycle 0.0212 439 301 500 333
car 0.3659 0 0 51 23
car 0.0928 17 0 66 20
car 0.0788 0 0 95 25
car 0.0747 0 2 26 25
car 0.0537 13 2 41 25
car 0.0384 34 0 79 19
car 0.0357 0 0 14 19
car 0.0329 1 3 63 35
car 0.0263 22 0 45 22
car 0.0252 0 14 39 30
car 0.0223 28 6 68 24
car 0.0213 0 0 37 41
chair 0.0209 349 0 390 20
person 0.0561 62 0 86 20
person 0.0498 29 0 92 20
person 0.0476 45 0 70 20
person 0.0411 97 0 115 20
person 0.0373 79 0 101 20
person 0.0370 89 0 108 20
person 0.0353 134 0 156 20
person 0.0347 118 0 139 20
person 0.0334 337 0 358 20
person 0.0321 125 0 148 20
person 0.0316 470 0 495 20
person 0.0313 62 0 109 21
person 0.0308 133 0 184 20
person 0.0281 390 0 413 20
person 0.0272 103 0 137 20
person 0.0262 115 0 159 21
person 0.0261 165 0 187 20
person 0.0258 147 0 173 20
person 0.0246 267 0 289 20
person 0.0240 417 0 435 20
person 0.0236 487 0 500 21
person 0.0235 72 0 91 21
person 0.0232 291 0 312 20
person 0.0228 83 0 127 21
person 0.0225 481 0 496 19
person 0.0225 172 0 193 20
person 0.0223 321 0 346 20
person 0.0222 409 0 430 20
person 0.0217 181 0 203 19
person 0.0215 114 0 130 20
person 0.0213 159 0 205 21
person 0.0211 104 0 120 20
person 0.0206 259 0 281 20
person 0.0205 463 0 485 21
person 0.0205 323 0 370 21
