bicycle 0.0248 206 48 252 93
bicycle 0.0240 193 44 266 104
bicycle 0.0234 310 247 358 310
bicycle 0.0222 55 0 212 177
bird 0.0361 52 146 89 191
boat 0.0203 95 133 131 186
bus 0.7273 166 121 308 275
bus 0.0542 53 84 116 193
bus 0.0492 174 122 307 200
bus 0.0449 16 64 92 202
bus 0.0421 227 128 305 264
bus 0.0341 0 0 445 335
bus 0.0335 98 52 274 257
bus 0.0278 94 102 179 239
bus 0.0248 169 127 272 177
bus 0.0235 52 87 96 155
bus 0.0220 136 133 205 260
bus 0.0218 0 54 55 202
bus 0.0204 121 79 227 240
car 0.8924 420 184 498 224
car 0.1793 476 189 500 218
car 0.1699 408 194 433 219
car 0.1126 413 186 464 222
car 0.1036 85 225 104 258
car 0.0945 477 35 499 65
car 0.0842 461 188 500 224
car 0.0655 415 185 438 216
car 0.0632 478 186 500 204
car 0.0620 410 130 494 220
car 0.0599 408 188 443 225
car 0.0480 73 221 104 260
car 0.0476 470 185 499 198
car 0.0472 422 187 449 217
car 0.0459 475 33 500 90
car 0.0418 471 200 500 227
car 0.0401 106 242 126 256
car 0.0399 463 183 499 206
car 0.0387 475 188 495 200
car 0.0386 435 182 490 202
car 0.0372 447 180 500 212
car 0.0363 383 175 487 228
car 0.0362 475 6 500 68
car 0.0359 409 202 438 223
car 0.0358 485 185 500 228
car 0.0340 455 183 493 197
car 0.0339 210 110 255 124
car 0.0336 430 183 468 199
car 0.0335 423 201 499 233
car 0.0325 64 96 107 173
car 0.0312 62 101 112 143
car 0.0308 89 96 112 147
car 0.0294 206 111 225 125
car 0.0294 471 181 497 192
car 0.0291 0 0 418 335
car 0.0291 452 205 498 225
car 0.0288 435 181 467 192
car 0.0285 425 184 447 202
car 0.0284 463 214 500 229
car 0.0276 416 197 448 221
car 0.0275 96 240 115 257
car 0.0268 98 233 127 257
car 0.0262 406 195 421 217
car 0.0259 476 185 493 195
car 0.0257 462 180 491 190
car 0.0256 439 177 500 195
car 0.0252 85 95 118 177
car 0.0251 422 207 457 225
car 0.0242 93 233 112 255
car 0.0242 481 1 499 43
car 0.0237 107 236 130 254
car 0.0236 100 247 130 258
car 0.0233 418 184 439 203
car 0.0228 462 0 499 12
car 0.0225 433 184 452 195
car 0.0221 427 182 456 210
car 0.0218 357 115 493 226
car 0.0209 59 84 94 138
car 0.0207 94 100 112 126
car 0.0207 420 178 479 195
car 0.0202 465 0 500 49
car 0.0201 191 117 215 128
person 0.1300 82 227 101 263
person 0.0959 45 243 58 272
person 0.0712 50 242 64 271
person 0.0708 53 142 88 202
person 0.0661 37 244 50 272
person 0.0646 0 170 8 209
person 0.0561 0 0 248 323
person 0.0557 65 241 81 268
person 0.0555 96 101 110 142
person 0.0542 32 239 43 268
person 0.0506 71 13 182 139
person 0.0456 30 32 114 182
person 0.0452 96 147 111 182
person 0.0409 60 131 98 192
person 0.0405 33 235 54 273
person 0.0384 14 92 87 251
person 0.0382 74 242 89 267
person 0.0377 94 233 110 256
person 0.0375 37 52 64 82
person 0.0371 50 137 93 242
person 0.0368 55 147 81 185
person 0.0367 1 248 16 281
person 0.0364 28 229 46 271
person 0.0360 51 106 95 185
person 0.0349 208 107 221 125
person 0.0339 480 0 499 32
person 0.0331 87 239 107 262
person 0.0330 91 98 113 152
person 0.0325 138 52 156 87
person 0.0325 0 173 6 232
person 0.0321 1 176 15 211
person 0.0309 3 31 84 192
person 0.0308 29 247 43 275
person 0.0306 0 254 9 284
person 0.0289 187 115 196 129
person 0.0289 35 51 55 77
person 0.0288 32 52 72 128
person 0.0288 203 111 216 127
person 0.0284 32 134 85 212
person 0.0278 20 246 35 275
person 0.0277 94 99 113 124
person 0.0275 10 246 29 277
person 0.0269 36 110 103 259
person 0.0268 24 61 59 142
person 0.0263 213 103 232 124
person 0.0263 475 0 500 51
person 0.0262 91 63 130 113
person 0.0257 180 113 191 130
person 0.0256 68 236 92 268
person 0.0255 138 57 187 123
person 0.0253 97 114 110 157
person 0.0252 59 245 75 271
person 0.0251 475 34 500 96
person 0.0248 178 25 500 335
person 0.0246 80 246 101 266
person 0.0245 67 153 90 188
person 0.0242 284 234 299 263
person 0.0241 2 231 16 271
person 0.0239 85 111 121 186
person 0.0235 94 139 107 177
person 0.0231 92 138 118 188
person 0.0228 213 108 247 125
person 0.0224 197 115 206 128
person 0.0223 2 190 15 226
person 0.0223 85 77 118 144
person 0.0222 17 92 56 171
person 0.0219 87 228 113 259
person 0.0218 51 118 107 217
person 0.0214 102 105 117 141
person 0.0211 136 50 167 107
person 0.0210 93 72 132 140
person 0.0208 16 137 65 204
person 0.0204 16 235 39 274
person 0.0203 178 106 190 127
person 0.0203 458 0 500 37
person 0.0202 98 68 125 99
person 0.0201 28 51 65 100
person 0.0200 91 155 107 187
pottedplant 0.2086 34 216 67 267
pottedplant 0.1604 48 220 81 267
pottedplant 0.1443 64 235 80 267
pottedplant 0.1421 56 228 76 268
pottedplant 0.1395 60 221 96 266
pottedplant 0.1231 32 221 52 262
pottedplant 0.1199 50 231 66 268
pottedplant 0.1189 42 228 58 266
pottedplant 0.1136 74 233 91 264
pottedplant 0.1096 79 225 102 262
pottedplant 0.0743 37 236 50 268
pottedplant 0.0724 37 214 98 267
pottedplant 0.0684 32 232 44 262
pottedplant 0.0625 60 241 74 270
pottedplant 0.0499 47 217 69 258
pottedplant 0.0492 28 215 60 251
pottedplant 0.0399 39 203 63 249
pottedplant 0.0392 44 241 70 270
pottedplant 0.0381 39 153 99 263
pottedplant 0.0362 9 209 44 269
pottedplant 0.0347 19 203 74 272
pottedplant 0.0333 44 209 61 240
pottedplant 0.0331 25 218 80 255
pottedplant 0.0330 50 193 64 228
pottedplant 0.0320 34 213 52 243
pottedplant 0.0319 55 195 104 263
pottedplant 0.0316 63 219 83 256
pottedplant 0.0299 23 219 51 277
pottedplant 0.0296 44 216 72 240
pottedplant 0.0291 49 204 67 238
pottedplant 0.0287 18 218 40 261
pottedplant 0.0278 32 244 47 264
pottedplant 0.0273 53 220 79 246
pottedplant 0.0263 43 191 70 245
pottedplant 0.0254 21 224 35 256
pottedplant 0.0248 30 221 68 240
pottedplant 0.0246 21 201 51 259
pottedplant 0.0241 29 213 44 240
pottedplant 0.0238 14 160 77 265
pottedplant 0.0220 41 235 92 268
pottedplant 0.0219 71 245 96 263
pottedplant 0.0216 54 225 104 252
pottedplant 0.0215 24 241 35 263
pottedplant 0.0214 75 213 113 261
pottedplant 0.0212 61 241 92 265
pottedplant 0.0212 39 220 95 244
pottedplant 0.0205 71 239 100 259
pottedplant 0.0205 26 237 52 267
pottedplant 0.0202 49 250 73 268
train 0.2718 166 97 307 278
train 0.0913 203 79 275 129
train 0.0811 5 19 141 217
train 0.0765 168 64 307 186
train 0.0663 207 104 277 127
train 0.0648 40 40 300 283
train 0.0619 49 45 165 207
train 0.0576 30 67 111 203
train 0.0538 169 125 302 189
train 0.0520 67 58 209 260
train 0.0507 3 51 96 251
train 0.0499 186 50 293 138
train 0.0497 94 94 289 247
train 0.0485 83 93 147 191
train 0.0466 10 54 70 193
train 0.0461 203 54 257 125
train 0.0418 70 25 273 191
train 0.0406 93 60 181 196
train 0.0401 210 96 256 124
train 0.0395 58 94 109 188
train 0.0393 192 98 291 136
train 0.0373 169 190 304 272
train 0.0363 22 48 84 160
train 0.0353 12 96 90 203
train 0.0346 96 115 138 187
train 0.0344 59 21 204 158
train 0.0322 170 109 305 154
train 0.0306 41 112 98 206
train 0.0304 67 61 129 177
train 0.0302 181 92 261 127
train 0.0295 69 103 142 238
train 0.0295 43 69 98 158
train 0.0281 6 0 199 286
train 0.0278 143 80 189 132
train 0.0273 66 148 323 288
train 0.0264 124 88 500 274
train 0.0262 235 106 274 127
train 0.0256 0 0 500 335
train 0.0254 85 101 119 184
train 0.0252 22 88 189 185
train 0.0246 109 125 148 192
train 0.0244 22 134 89 196
train 0.0239 185 115 397 245
train 0.0235 64 114 233 200
train 0.0234 173 149 315 239
train 0.0232 4 97 118 163
train 0.0230 129 78 191 177
train 0.0230 122 97 170 188
train 0.0224 25 116 115 230
train 0.0222 65 126 135 190
train 0.0218 73 64 167 154
train 0.0217 0 83 57 210
train 0.0215 165 87 279 146
train 0.0209 152 57 258 130
train 0.0209 113 36 344 148
train 0.0207 279 57 396 93
train 0.0207 192 115 291 144
train 0.0204 64 84 107 148
train 0.0203 100 77 157 175
train 0.0202 185 48 401 133
tvmonitor 0.0208 0 12 62 49
