aeroplane 0.0432 0 46 459 251
boat 0.0202 0 0 152 121
car 0.8685 100 70 441 239
car 0.1066 101 50 279 236
car 0.0922 98 87 206 227
car 0.0686 264 73 435 238
car 0.0440 99 128 319 240
car 0.0412 200 67 439 172
car 0.0408 3 82 93 220
car 0.0380 272 155 442 234
car 0.0347 200 105 247 130
car 0.0342 190 78 263 132
car 0.0332 103 71 256 144
car 0.0322 74 103 156 234
car 0.0300 276 71 442 147
car 0.0291 324 109 437 236
car 0.0280 10 11 361 258
car 0.0270 99 35 193 173
car 0.0256 2 0 141 234
car 0.0248 188 73 328 128
car 0.0238 100 126 177 185
car 0.0231 213 116 250 131
car 0.0229 106 148 130 182
car 0.0227 109 67 324 169
car 0.0222 12 84 148 177
car 0.0209 81 0 208 217
car 0.0202 0 74 23 99
car 0.0202 389 158 434 231
motorbike 0.0310 92 51 444 267
person 0.0807 303 110 326 142
person 0.0581 119 69 141 103
person 0.0580 218 102 243 129
person 0.0518 312 111 334 141
person 0.0506 1 122 37 196
person 0.0496 197 87 231 130
person 0.0486 298 107 333 151
person 0.0453 257 101 279 130
person 0.0437 292 108 311 143
person 0.0389 0 75 24 150
person 0.0384 1 82 41 175
person 0.0376 286 101 320 153
person 0.0376 0 76 19 119
person 0.0369 208 95 236 128
person 0.0369 323 110 340 141
person 0.0346 246 101 266 129
person 0.0334 19 0 131 123
person 0.0325 236 106 253 129
person 0.0314 278 87 333 182
person 0.0313 223 100 267 129
person 0.0305 225 111 259 128
person 0.0296 0 133 25 215
person 0.0295 277 101 311 166
person 0.0292 285 108 304 144
person 0.0287 32 37 426 346
person 0.0286 113 59 146 105
person 0.0285 277 81 309 142
person 0.0280 2 110 67 208
person 0.0279 189 86 217 129
person 0.0269 202 102 227 130
person 0.0269 187 77 243 127
person 0.0262 210 108 253 130
person 0.0259 298 108 318 138
person 0.0258 287 94 312 139
person 0.0254 8 129 32 175
person 0.0250 49 1 91 82
person 0.0241 97 0 189 134
person 0.0241 262 90 328 236
person 0.0235 34 3 78 80
person 0.0232 62 0 103 75
person 0.0231 0 159 19 208
person 0.0228 292 111 324 169
person 0.0227 113 66 133 98
person 0.0227 302 246 365 375
person 0.0226 131 72 151 108
person 0.0222 14 126 37 168
person 0.0220 303 284 341 375
person 0.0219 243 96 281 130
person 0.0218 3 82 28 123
person 0.0215 212 88 257 132
person 0.0213 238 110 274 129
person 0.0212 397 166 435 228
person 0.0212 5 0 153 193
person 0.0212 1 136 20 186
person 0.0208 301 96 342 144
person 0.0207 284 118 304 159
person 0.0206 0 74 13 140
person 0.0205 0 0 36 100
person 0.0204 6 12 95 165
person 0.0203 1 75 29 106
person 0.0202 0 239 76 375
pottedplant 0.0234 29 0 81 74
pottedplant 0.0212 13 0 64 71
train 0.0409 72 32 481 253
train 0.0408 110 82 467 375
train 0.0269 34 0 180 118
train 0.0219 90 0 224 116
train 0.0203 67 0 204 178
