aeroplane 0.0513 0 0 500 334
aeroplane 0.0243 67 143 385 349
boat 0.0410 0 0 500 352
bottle 0.1590 402 209 429 274
bottle 0.1385 105 249 123 283
bottle 0.1278 406 227 425 270
bottle 0.1160 127 269 172 372
bottle 0.1148 110 253 129 293
bottle 0.0995 106 258 124 296
bottle 0.0815 118 255 137 292
bottle 0.0791 153 231 180 264
bottle 0.0776 106 252 121 269
bottle 0.0682 155 247 182 271
bottle 0.0664 107 252 130 273
bottle 0.0657 147 224 175 258
bottle 0.0650 138 224 151 254
bottle 0.0641 142 226 164 258
bottle 0.0617 375 208 409 272
bottle 0.0616 96 253 120 288
bottle 0.0589 125 255 146 291
bottle 0.0587 95 250 120 273
bottle 0.0581 378 164 414 213
bottle 0.0579 399 199 427 252
bottle 0.0566 119 252 138 276
bottle 0.0559 113 254 144 300
bottle 0.0550 383 234 405 270
bottle 0.0532 387 221 423 279
bottle 0.0498 131 228 145 257
bottle 0.0495 379 249 408 273
bottle 0.0478 252 236 285 260
bottle 0.0451 361 228 380 259
bottle 0.0443 393 237 411 271
bottle 0.0440 130 250 171 308
bottle 0.0433 395 235 427 276
bottle 0.0429 96 289 131 373
bottle 0.0428 128 256 157 297
bottle 0.0427 340 238 380 256
bottle 0.0416 123 249 138 266
bottle 0.0407 128 254 160 280
bottle 0.0405 98 268 118 300
bottle 0.0405 111 269 129 302
bottle 0.0402 126 252 145 276
bottle 0.0393 139 254 185 347
bottle 0.0392 143 253 173 276
bottle 0.0386 142 237 164 268
bottle 0.0378 343 210 367 254
bottle 0.0367 124 239 139 259
bottle 0.0353 371 239 416 278
bottle 0.0351 341 246 385 272
bottle 0.0351 113 247 141 281
bottle 0.0349 130 243 144 266
bottle 0.0348 239 237 276 258
bottle 0.0347 222 220 240 247
bottle 0.0345 90 257 123 303
bottle 0.0343 220 233 257 264
bottle 0.0336 121 225 141 257
bottle 0.0333 411 222 432 263
bottle 0.0333 144 238 177 273
bottle 0.0329 119 269 139 303
bottle 0.0323 135 226 158 265
bottle 0.0318 126 269 147 304
bottle 0.0315 393 217 410 247
bottle 0.0312 403 210 430 243
bottle 0.0311 252 230 287 300
bottle 0.0310 351 229 376 257
bottle 0.0305 150 224 211 260
bottle 0.0304 82 250 120 281
bottle 0.0301 349 257 392 274
bottle 0.0301 103 243 136 289
bottle 0.0301 363 254 410 278
bottle 0.0298 390 248 412 279
bottle 0.0297 127 227 148 265
bottle 0.0295 357 252 402 270
bottle 0.0294 217 219 233 243
bottle 0.0292 138 240 153 267
bottle 0.0289 104 245 125 260
bottle 0.0278 245 234 266 262
bottle 0.0273 87 270 110 300
bottle 0.0273 139 258 162 293
bottle 0.0271 219 220 247 259
bottle 0.0271 374 244 403 266
bottle 0.0271 337 242 375 264
bottle 0.0269 262 223 288 259
bottle 0.0269 111 253 144 270
bottle 0.0266 247 231 290 268
bottle 0.0265 367 223 406 263
bottle 0.0262 389 212 414 261
bottle 0.0258 111 228 146 282
bottle 0.0251 353 242 385 264
bottle 0.0251 347 249 406 286
bottle 0.0246 100 250 115 264
bottle 0.0244 208 214 225 246
bottle 0.0244 88 357 137 374
bottle 0.0243 113 246 130 262
bottle 0.0241 232 227 257 257
bottle 0.0240 405 227 434 288
bottle 0.0239 83 266 116 292
bottle 0.0238 121 220 154 273
bottle 0.0234 130 269 157 322
bottle 0.0232 156 239 191 268
bottle 0.0228 348 253 381 295
bottle 0.0227 339 225 372 261
bottle 0.0227 350 252 377 278
bottle 0.0225 122 269 155 352
bottle 0.0224 103 229 136 266
bottle 0.0218 424 229 440 261
bottle 0.0217 373 261 413 281
bottle 0.0216 350 205 372 248
bottle 0.0215 378 252 420 284
bottle 0.0214 160 212 228 255
bottle 0.0213 92 269 122 350
bottle 0.0208 108 242 147 268
bottle 0.0207 411 236 431 275
bottle 0.0204 382 217 406 259
bottle 0.0202 225 233 268 254
bottle 0.0200 357 237 399 256
chair 0.5905 0 273 102 374
chair 0.5611 289 303 403 375
chair 0.4977 160 330 278 374
chair 0.4750 415 305 496 374
chair 0.3678 270 260 389 370
chair 0.3297 361 257 490 371
chair 0.3060 325 301 500 375
chair 0.2979 17 239 139 365
chair 0.2926 139 238 255 371
chair 0.2334 151 296 259 375
chair 0.2256 1 269 56 367
chair 0.2165 125 260 189 375
chair 0.1971 70 267 148 371
chair 0.1919 181 306 377 374
chair 0.1526 268 291 354 375
chair 0.1507 45 273 112 368
chair 0.1162 7 259 79 331
chair 0.1145 104 269 159 374
chair 0.1144 131 298 207 372
chair 0.1043 147 326 220 371
chair 0.1032 28 259 110 333
chair 0.1030 5 257 40 330
chair 0.1016 462 308 499 374
chair 0.1010 23 280 89 344
chair 0.1005 431 304 500 350
chair 0.1004 422 345 494 374
chair 0.0903 351 305 407 370
chair 0.0896 310 329 405 373
chair 0.0894 192 323 322 375
chair 0.0877 182 227 260 349
chair 0.0840 227 330 280 375
chair 0.0835 319 303 408 350
chair 0.0813 403 221 481 369
chair 0.0800 355 290 438 375
chair 0.0775 1 273 35 352
chair 0.0774 188 268 274 371
chair 0.0774 390 334 488 372
chair 0.0758 294 303 350 368
chair 0.0743 92 283 139 375
chair 0.0734 314 216 480 375
chair 0.0732 267 313 315 375
chair 0.0675 131 332 197 375
chair 0.0668 407 301 463 368
chair 0.0646 346 263 413 367
chair 0.0633 27 234 145 303
chair 0.0624 328 200 418 265
chair 0.0606 157 264 230 360
chair 0.0604 168 308 217 367
chair 0.0598 154 343 246 373
chair 0.0589 39 299 96 375
chair 0.0589 19 262 98 308
chair 0.0588 204 262 338 367
chair 0.0583 5 258 33 300
chair 0.0575 8 327 112 375
chair 0.0575 454 344 500 375
chair 0.0568 422 272 477 363
chair 0.0567 425 356 485 373
chair 0.0565 175 323 251 367
chair 0.0558 129 313 169 375
chair 0.0551 243 330 299 375
chair 0.0543 260 252 332 371
chair 0.0542 15 258 64 305
chair 0.0539 477 333 500 375
chair 0.0536 365 230 437 354
chair 0.0524 224 214 299 258
chair 0.0522 465 307 498 344
chair 0.0521 164 337 210 371
chair 0.0514 116 255 155 335
chair 0.0513 119 255 153 301
chair 0.0509 0 291 29 375
chair 0.0503 371 309 424 375
chair 0.0501 268 332 350 375
chair 0.0497 444 324 495 375
chair 0.0496 351 231 413 286
chair 0.0495 96 257 140 333
chair 0.0488 362 285 409 342
chair 0.0488 226 220 250 240
chair 0.0485 207 211 272 339
chair 0.0482 72 245 132 345
chair 0.0477 141 228 182 270
chair 0.0471 152 275 200 364
chair 0.0464 333 227 410 268
chair 0.0456 451 304 493 336
chair 0.0440 298 267 365 359
chair 0.0434 386 302 439 368
chair 0.0432 48 266 116 317
chair 0.0429 354 249 410 301
chair 0.0428 105 263 136 307
chair 0.0428 56 310 117 372
chair 0.0422 295 346 390 374
chair 0.0421 204 253 252 339
chair 0.0415 3 229 35 291
chair 0.0415 233 197 285 323
chair 0.0412 92 256 148 298
chair 0.0405 364 262 407 326
chair 0.0401 3 304 75 375
chair 0.0400 23 287 131 352
chair 0.0399 231 205 287 248
chair 0.0397 339 295 402 338
chair 0.0390 125 244 177 328
chair 0.0390 158 328 194 372
chair 0.0389 0 265 27 329
chair 0.0383 212 317 270 369
chair 0.0382 243 294 310 375
chair 0.0381 84 325 145 375
chair 0.0381 7 220 99 310
chair 0.0380 243 228 285 259
chair 0.0372 476 313 500 362
chair 0.0370 136 249 181 273
chair 0.0369 257 329 284 375
chair 0.0369 96 235 170 352
chair 0.0362 72 262 132 312
chair 0.0358 313 303 386 335
chair 0.0357 12 234 75 296
chair 0.0357 357 341 444 375
chair 0.0356 131 255 169 276
chair 0.0355 0 347 41 374
chair 0.0353 449 355 491 375
chair 0.0352 221 224 273 260
chair 0.0351 0 275 60 318
chair 0.0347 229 217 267 243
chair 0.0347 65 285 100 353
chair 0.0347 181 202 350 375
chair 0.0345 287 292 391 344
chair 0.0345 90 338 179 374
chair 0.0344 7 270 31 314
chair 0.0340 388 300 482 352
chair 0.0340 116 265 142 305
chair 0.0339 343 232 401 320
chair 0.0338 267 304 353 346
chair 0.0338 221 222 257 250
chair 0.0337 100 268 130 322
chair 0.0332 36 341 127 374
chair 0.0331 423 320 473 371
chair 0.0331 230 225 288 289
chair 0.0330 442 290 485 341
chair 0.0329 294 313 325 373
chair 0.0328 0 214 24 281
chair 0.0328 163 334 236 364
chair 0.0326 13 269 52 335
chair 0.0324 195 295 259 351
chair 0.0324 352 259 389 306
chair 0.0323 148 324 184 373
chair 0.0319 129 256 165 307
chair 0.0317 220 215 242 245
chair 0.0316 0 225 51 338
chair 0.0314 43 261 127 298
chair 0.0312 350 269 394 324
chair 0.0309 467 305 494 328
chair 0.0308 207 347 276 374
chair 0.0307 468 351 495 375
chair 0.0303 338 201 364 253
chair 0.0300 1 350 108 375
chair 0.0299 5 207 36 269
chair 0.0296 234 223 280 251
chair 0.0296 447 309 485 355
chair 0.0294 128 252 160 286
chair 0.0293 133 253 188 300
chair 0.0292 219 234 265 317
chair 0.0291 30 266 70 322
chair 0.0288 342 248 397 286
chair 0.0286 0 251 26 290
chair 0.0284 157 340 182 374
chair 0.0284 233 245 281 356
chair 0.0276 91 267 125 299
chair 0.0273 132 265 165 342
chair 0.0270 0 173 18 294
chair 0.0268 0 330 55 372
chair 0.0261 236 290 278 360
chair 0.0260 43 290 98 340
chair 0.0260 0 290 22 339
chair 0.0259 212 281 268 339
chair 0.0258 305 317 374 366
chair 0.0257 275 246 359 337
chair 0.0255 80 257 117 304
chair 0.0255 247 225 300 360
chair 0.0254 433 348 466 375
chair 0.0253 344 343 402 375
chair 0.0253 336 238 388 270
chair 0.0251 6 227 26 265
chair 0.0250 24 299 67 361
chair 0.0250 43 209 145 276
chair 0.0248 332 285 476 345
chair 0.0247 233 228 308 266
chair 0.0246 317 355 397 374
chair 0.0244 256 233 290 328
chair 0.0244 0 232 21 304
chair 0.0243 18 227 62 276
chair 0.0243 387 355 490 375
chair 0.0243 172 352 225 371
chair 0.0238 92 269 122 341
chair 0.0238 0 355 30 375
chair 0.0238 13 265 37 308
chair 0.0237 168 277 213 349
chair 0.0237 0 279 27 309
chair 0.0236 326 199 355 250
chair 0.0236 72 270 105 332
chair 0.0236 19 266 49 312
chair 0.0235 434 239 480 345
chair 0.0234 0 152 36 261
chair 0.0234 223 202 255 245
chair 0.0231 401 358 459 374
chair 0.0230 294 236 393 332
chair 0.0230 454 279 495 340
chair 0.0230 12 211 71 267
chair 0.0230 256 280 298 365
chair 0.0227 0 336 25 374
chair 0.0227 214 233 285 272
chair 0.0227 389 216 470 305
chair 0.0225 25 253 80 298
chair 0.0225 0 184 27 331
chair 0.0224 112 314 154 375
chair 0.0224 8 249 29 277
chair 0.0223 15 284 70 329
chair 0.0223 437 314 492 342
chair 0.0223 216 214 248 260
chair 0.0222 361 299 401 328
chair 0.0221 412 291 489 330
chair 0.0220 459 337 485 374
chair 0.0219 358 327 397 375
chair 0.0218 320 261 380 343
chair 0.0218 0 217 50 281
chair 0.0216 140 237 251 285
chair 0.0215 0 260 53 294
chair 0.0211 185 290 236 359
chair 0.0210 376 298 410 366
chair 0.0210 24 261 47 298
chair 0.0209 74 295 105 370
chair 0.0209 357 246 477 322
chair 0.0208 272 331 298 375
chair 0.0208 0 355 66 374
chair 0.0207 217 314 340 363
chair 0.0207 358 282 384 305
chair 0.0207 248 345 276 375
chair 0.0207 129 267 156 299
chair 0.0206 470 289 500 358
chair 0.0205 373 249 418 319
chair 0.0205 5 244 20 276
chair 0.0203 181 330 259 355
chair 0.0201 82 271 111 346
diningtable 0.5496 27 260 239 374
diningtable 0.3860 10 259 140 373
diningtable 0.3729 90 289 262 372
diningtable 0.2974 90 209 261 371
diningtable 0.2793 82 266 175 371
diningtable 0.2288 6 228 340 375
diningtable 0.2190 147 307 295 373
diningtable 0.2135 167 259 379 373
diningtable 0.1927 123 258 180 374
diningtable 0.1826 205 307 419 375
diningtable 0.1715 276 282 443 374
diningtable 0.1624 124 249 234 375
diningtable 0.1573 63 296 403 375
diningtable 0.1465 138 255 301 363
diningtable 0.1398 61 317 231 375
diningtable 0.1322 113 191 398 375
diningtable 0.1052 53 256 182 328
diningtable 0.1015 17 212 191 333
diningtable 0.0970 17 305 184 375
diningtable 0.0835 226 176 455 348
diningtable 0.0782 328 266 500 375
diningtable 0.0750 111 335 281 375
diningtable 0.0726 41 243 161 302
diningtable 0.0667 192 219 362 340
diningtable 0.0642 114 254 157 294
diningtable 0.0529 114 251 177 276
diningtable 0.0503 271 259 413 346
diningtable 0.0498 125 253 163 282
diningtable 0.0484 103 252 139 294
diningtable 0.0475 108 262 148 302
diningtable 0.0469 88 251 176 295
diningtable 0.0467 134 230 180 272
diningtable 0.0449 113 245 247 308
diningtable 0.0403 108 253 151 279
diningtable 0.0395 45 278 153 344
diningtable 0.0351 280 187 450 290
diningtable 0.0342 98 259 195 308
diningtable 0.0338 109 236 170 274
diningtable 0.0325 122 164 443 300
diningtable 0.0320 27 169 274 301
diningtable 0.0317 97 288 203 354
diningtable 0.0315 96 265 134 301
diningtable 0.0314 93 246 148 275
diningtable 0.0309 321 197 487 334
diningtable 0.0307 135 258 214 345
diningtable 0.0306 79 335 198 375
diningtable 0.0302 128 224 275 321
diningtable 0.0288 182 201 303 270
diningtable 0.0277 216 240 500 375
diningtable 0.0277 120 264 161 309
diningtable 0.0272 311 210 426 281
diningtable 0.0269 119 253 158 271
diningtable 0.0265 74 238 206 293
diningtable 0.0258 257 218 387 318
diningtable 0.0255 264 201 399 276
diningtable 0.0248 122 230 155 283
diningtable 0.0246 106 273 160 348
diningtable 0.0224 96 253 134 278
diningtable 0.0220 214 216 340 278
diningtable 0.0218 0 106 469 355
diningtable 0.0217 203 227 291 275
diningtable 0.0216 116 262 185 296
diningtable 0.0213 127 239 233 284
diningtable 0.0212 122 200 247 279
diningtable 0.0203 335 225 466 297
person 0.8259 367 167 484 372
person 0.7876 235 167 292 251
person 0.7807 27 191 137 358
person 0.7327 267 207 374 371
person 0.7286 136 175 257 372
person 0.6680 343 167 412 261
person 0.3747 31 188 140 278
person 0.3550 350 164 439 325
person 0.3316 62 187 236 368
person 0.3310 294 177 405 366
person 0.3306 9 243 117 373
person 0.3131 319 169 395 305
person 0.3095 142 180 235 270
person 0.2242 389 170 474 302
person 0.2144 367 167 455 274
person 0.2051 237 180 322 260
person 0.2020 251 198 350 317
person 0.1911 227 185 330 368
person 0.1905 86 191 140 258
person 0.1883 275 177 393 269
person 0.1830 144 189 185 264
person 0.1676 90 259 190 374
person 0.1631 332 176 378 256
person 0.1619 179 169 269 335
person 0.1579 239 176 299 314
person 0.1569 285 199 355 260
person 0.1471 176 177 372 356
person 0.1452 291 193 370 295
person 0.1278 171 175 281 256
person 0.1221 373 164 418 240
person 0.1113 145 212 177 258
person 0.1096 315 188 359 254
person 0.1090 52 179 223 282
person 0.1076 357 192 406 273
person 0.1066 247 198 293 277
person 0.1039 251 166 421 310
person 0.1026 393 168 469 244
person 0.1026 105 182 195 260
person 0.0963 209 163 459 375
person 0.0860 129 185 173 254
person 0.0858 211 179 293 272
person 0.0847 391 184 438 288
person 0.0839 401 196 431 267
person 0.0815 258 194 344 249
person 0.0809 82 179 181 322
person 0.0776 4 259 34 313
person 0.0752 348 171 391 244
person 0.0714 8 184 195 328
person 0.0703 342 180 369 247
person 0.0701 325 197 382 281
person 0.0700 51 191 142 242
person 0.0693 100 190 139 238
person 0.0690 328 162 498 252
person 0.0686 296 194 386 250
person 0.0684 314 245 488 375
person 0.0679 368 204 423 308
person 0.0662 137 177 191 241
person 0.0654 62 203 132 303
person 0.0643 211 197 278 331
person 0.0643 226 218 239 239
person 0.0612 141 199 168 250
person 0.0611 241 165 359 235
person 0.0603 393 178 426 248
person 0.0596 388 164 434 230
person 0.0589 64 185 177 253
person 0.0577 344 165 434 225
person 0.0571 20 209 118 312
person 0.0570 316 190 425 271
person 0.0561 93 227 139 290
person 0.0560 285 197 335 240
person 0.0545 245 166 291 218
person 0.0542 138 219 152 249
person 0.0531 378 187 419 267
person 0.0522 316 167 407 231
person 0.0512 362 165 412 208
person 0.0506 288 218 362 332
person 0.0502 134 208 157 253
person 0.0500 19 82 149 330
person 0.0498 97 189 160 271
person 0.0493 77 187 148 230
person 0.0492 75 216 153 351
person 0.0476 146 223 183 289
person 0.0473 131 223 145 253
person 0.0471 136 206 197 277
person 0.0469 243 218 289 259
person 0.0469 114 190 150 254
person 0.0468 140 225 168 252
person 0.0467 349 132 488 299
person 0.0465 335 209 410 290
person 0.0465 90 248 123 276
person 0.0464 138 226 179 266
person 0.0462 230 200 307 251
person 0.0458 363 231 406 304
person 0.0443 149 210 258 319
person 0.0435 107 170 248 250
person 0.0434 236 207 284 294
person 0.0433 160 177 220 248
person 0.0430 105 204 144 263
person 0.0428 3 258 25 292
person 0.0427 134 216 195 367
person 0.0423 114 253 156 303
person 0.0422 124 204 147 252
person 0.0421 231 213 248 236
person 0.0415 348 169 378 219
person 0.0407 124 244 176 287
person 0.0405 115 166 284 296
person 0.0398 256 206 322 292
person 0.0390 88 237 146 319
person 0.0387 384 166 415 218
person 0.0385 82 244 125 304
person 0.0384 85 189 132 221
person 0.0383 155 205 256 264
person 0.0381 311 213 361 284
person 0.0381 218 220 231 240
person 0.0378 405 179 439 246
person 0.0377 151 216 186 267
person 0.0372 303 99 423 259
person 0.0369 151 185 179 246
person 0.0365 328 223 373 292
person 0.0363 220 211 242 241
person 0.0362 339 220 385 257
person 0.0356 255 220 290 313
person 0.0352 235 212 256 240
person 0.0351 299 214 374 261
person 0.0351 0 0 465 375
person 0.0348 238 176 274 231
person 0.0343 237 200 274 244
person 0.0343 220 221 267 280
person 0.0341 102 228 163 297
person 0.0339 332 201 367 259
person 0.0338 369 222 424 273
person 0.0337 118 211 184 319
person 0.0337 114 202 141 244
person 0.0336 311 197 337 244
person 0.0334 129 209 146 242
person 0.0333 413 172 486 261
person 0.0333 96 248 123 264
person 0.0330 345 172 369 209
person 0.0327 144 242 184 311
person 0.0324 358 213 387 259
person 0.0323 227 205 251 240
person 0.0322 129 194 217 254
person 0.0321 409 167 458 218
person 0.0318 200 186 247 248
person 0.0318 0 139 105 350
person 0.0312 119 216 141 254
person 0.0311 339 162 397 214
person 0.0306 345 202 375 256
person 0.0306 98 234 129 268
person 0.0305 390 199 415 248
person 0.0301 195 216 258 302
person 0.0301 257 202 290 256
person 0.0300 345 207 433 263
person 0.0299 376 209 407 262
person 0.0298 335 238 370 256
person 0.0296 312 168 367 227
person 0.0292 134 189 158 240
person 0.0291 333 127 406 244
person 0.0291 117 136 181 249
person 0.0290 209 202 234 241
person 0.0289 104 188 136 217
person 0.0286 112 184 181 227
person 0.0285 250 168 287 192
person 0.0285 421 223 474 348
person 0.0285 263 208 313 264
person 0.0278 264 171 290 209
person 0.0278 152 212 214 260
person 0.0277 295 169 351 244
person 0.0276 288 198 330 220
person 0.0274 209 211 224 241
person 0.0273 258 179 292 234
person 0.0272 29 217 78 273
person 0.0272 401 183 457 264
person 0.0269 86 107 304 375
person 0.0268 112 221 163 260
person 0.0267 21 225 62 284
person 0.0265 421 167 485 223
person 0.0264 215 196 245 245
person 0.0262 315 236 388 307
person 0.0261 141 227 217 269
person 0.0261 393 205 412 236
person 0.0260 207 229 254 285
person 0.0260 289 199 313 232
person 0.0258 142 176 219 217
person 0.0256 137 202 154 238
person 0.0256 282 170 329 232
person 0.0254 350 184 374 230
person 0.0253 122 226 153 256
person 0.0251 233 196 262 237
person 0.0250 353 256 398 306
person 0.0247 352 169 388 190
person 0.0246 273 182 294 212
person 0.0246 227 8 500 375
person 0.0246 252 167 274 202
person 0.0242 17 206 63 259
person 0.0241 92 225 138 260
person 0.0241 82 238 133 275
person 0.0240 106 248 135 262
person 0.0237 250 166 308 239
person 0.0236 375 165 445 207
person 0.0236 82 160 146 246
person 0.0235 354 170 382 203
person 0.0234 29 235 81 300
person 0.0234 0 60 214 375
person 0.0232 197 220 260 264
person 0.0230 191 184 227 249
person 0.0230 87 188 128 207
person 0.0229 395 203 427 240
person 0.0229 391 185 414 225
person 0.0228 273 193 295 224
person 0.0225 357 181 382 221
person 0.0224 84 195 122 239
person 0.0218 334 237 384 270
person 0.0217 304 205 342 265
person 0.0217 360 178 394 230
person 0.0217 114 235 183 270
person 0.0216 332 160 372 221
person 0.0216 406 171 433 221
person 0.0215 330 227 376 263
person 0.0215 63 219 167 276
person 0.0215 110 171 154 229
person 0.0214 226 208 240 233
person 0.0213 93 192 121 226
person 0.0212 318 203 346 251
person 0.0210 68 247 118 286
person 0.0210 383 208 437 329
person 0.0210 262 234 324 344
person 0.0209 273 203 295 239
person 0.0209 61 96 218 311
person 0.0208 139 214 166 242
person 0.0208 279 199 311 252
person 0.0208 159 174 265 225
person 0.0208 153 161 403 256
person 0.0206 308 139 374 249
person 0.0205 326 207 356 255
person 0.0203 459 171 498 240
person 0.0202 95 242 125 256
person 0.0201 5 175 107 256
person 0.0200 127 199 147 233
pottedplant 0.1882 0 159 23 232
pottedplant 0.0511 1 147 21 206
pottedplant 0.0495 377 164 414 211
pottedplant 0.0469 2 184 19 230
pottedplant 0.0449 0 134 20 274
pottedplant 0.0375 4 168 25 214
pottedplant 0.0365 0 135 31 219
pottedplant 0.0264 2 167 33 252
pottedplant 0.0236 0 170 15 225
pottedplant 0.0229 327 70 401 245
pottedplant 0.0225 375 165 414 185
pottedplant 0.0223 0 125 16 220
pottedplant 0.0207 1 134 59 246
sofa 0.1135 263 217 465 372
sofa 0.0969 2 202 215 361
sofa 0.0934 206 221 392 367
sofa 0.0564 271 178 483 320
sofa 0.0447 249 165 453 273
sofa 0.0337 226 198 396 307
sofa 0.0330 43 206 170 289
sofa 0.0329 337 230 500 358
sofa 0.0325 217 183 310 259
sofa 0.0289 84 178 291 338
train 0.0586 0 0 468 344
train 0.0208 42 0 269 226
tvmonitor 0.0358 2 219 22 273
