bicycle 0.0784 0 21 22 97
bicycle 0.0511 0 56 20 97
bicycle 0.0502 0 41 38 91
bicycle 0.0400 0 0 76 95
bicycle 0.0299 3 59 46 90
bicycle 0.0237 3 55 31 84
bird 0.0467 2 0 65 91
bird 0.0386 0 0 72 29
bird 0.0307 5 1 133 90
bird 0.0253 0 0 22 36
bird 0.0227 0 10 35 67
bird 0.0216 0 1 41 26
bird 0.0209 3 0 85 51
boat 0.0649 0 0 76 88
boat 0.0535 205 57 223 98
boat 0.0258 192 59 230 99
boat 0.0228 3 2 85 50
boat 0.0225 0 58 71 95
boat 0.0220 210 62 229 100
boat 0.0215 482 42 498 88
boat 0.0212 229 58 248 90
boat 0.0203 409 43 426 89
bus 0.0639 0 0 74 89
car 0.0442 1 1 59 93
car 0.0347 2 0 76 38
car 0.0214 0 31 22 67
car 0.0210 8 64 47 85
cow 0.8426 49 136 392 250
cow 0.1634 50 170 280 253
cow 0.1339 198 137 411 243
cow 0.0984 0 36 439 242
cow 0.0954 122 149 319 244
cow 0.0641 85 230 163 254
cow 0.0578 161 193 332 245
cow 0.0547 61 0 130 14
cow 0.0521 55 153 177 257
cow 0.0503 155 0 221 15
cow 0.0469 291 135 404 235
cow 0.0453 2 79 422 358
cow 0.0426 63 226 204 257
cow 0.0396 186 207 296 245
cow 0.0393 101 143 236 256
cow 0.0348 68 209 232 252
cow 0.0312 290 128 468 288
cow 0.0289 344 141 489 260
cow 0.0288 86 178 208 250
cow 0.0288 40 132 220 273
cow 0.0278 56 0 124 25
cow 0.0270 28 181 134 253
cow 0.0242 152 188 253 246
cow 0.0240 168 157 268 249
cow 0.0238 139 0 211 25
cow 0.0221 70 0 169 17
dog 0.0384 0 0 71 29
dog 0.0370 50 0 135 14
dog 0.0256 152 0 229 14
horse 0.0392 151 0 227 16
person 0.0903 0 23 21 94
person 0.0493 1 8 30 82
person 0.0416 1 8 20 64
person 0.0370 6 48 27 89
person 0.0299 6 29 26 72
person 0.0276 205 56 223 92
person 0.0245 0 39 13 99
person 0.0238 16 54 38 84
person 0.0228 9 38 40 84
person 0.0226 26 60 45 82
person 0.0216 0 44 23 80
person 0.0211 4 11 28 56
person 0.0206 0 21 12 77
pottedplant 0.0493 11 115 395 375
pottedplant 0.0411 61 0 173 70
pottedplant 0.0335 0 33 426 248
pottedplant 0.0325 5 0 127 70
pottedplant 0.0269 104 0 186 85
pottedplant 0.0260 68 2 129 62
pottedplant 0.0216 91 5 141 70
pottedplant 0.0202 42 0 165 39
sheep 0.0396 0 0 68 93
sheep 0.0360 44 0 133 17
sheep 0.0331 0 0 71 31
sheep 0.0296 0 0 40 65
sheep 0.0221 0 0 114 52
sheep 0.0212 0 5 22 98
train 0.0629 1 1 75 74
train 0.0334 6 0 474 260
train 0.0317 2 0 143 94
train 0.0256 155 0 235 14
train 0.0238 0 0 71 32
train 0.0201 0 22 26 83
