bird 0.0524 43 202 94 245
bottle 0.0448 82 241 119 300
bottle 0.0408 45 203 94 256
car 0.3325 479 246 499 295
car 0.1246 438 254 463 274
car 0.1187 465 239 495 299
car 0.0907 467 245 497 273
car 0.0830 482 236 499 272
car 0.0767 473 251 494 291
car 0.0731 462 251 484 281
car 0.0624 453 254 475 276
car 0.0461 458 255 490 274
car 0.0451 464 257 482 292
car 0.0448 445 249 496 288
car 0.0445 468 273 499 293
car 0.0432 443 252 468 282
car 0.0405 458 276 490 293
car 0.0403 476 238 500 335
car 0.0358 467 261 499 283
car 0.0332 457 263 475 289
car 0.0274 456 262 492 294
car 0.0272 479 243 500 263
car 0.0264 467 324 499 341
car 0.0263 451 261 482 279
car 0.0263 480 253 500 277
car 0.0255 474 325 500 370
car 0.0244 470 240 500 258
car 0.0236 472 259 500 307
car 0.0214 446 279 480 292
car 0.0208 448 260 466 285
car 0.0208 429 260 465 276
car 0.0203 463 313 499 375
dog 0.0345 0 194 62 309
horse 0.0514 2 194 85 302
horse 0.0446 44 202 94 255
person 0.1574 184 151 201 191
person 0.1479 160 157 177 192
person 0.1159 9 184 87 345
person 0.1005 176 156 193 190
person 0.0997 201 340 224 375
person 0.0988 37 199 100 312
person 0.0984 165 158 183 189
person 0.0922 0 188 55 338
person 0.0732 44 200 92 265
person 0.0711 157 156 170 193
person 0.0669 160 154 195 193
person 0.0627 2 193 44 290
person 0.0525 480 253 500 323
person 0.0524 189 147 216 192
person 0.0491 54 188 149 316
person 0.0479 176 148 209 191
person 0.0454 243 121 265 177
person 0.0452 0 109 113 357
person 0.0445 84 229 122 302
person 0.0430 18 189 158 360
person 0.0413 228 127 249 179
person 0.0397 236 126 258 178
person 0.0388 163 122 198 194
person 0.0386 188 144 206 184
person 0.0374 69 210 127 305
person 0.0374 465 246 496 340
person 0.0372 112 228 129 267
person 0.0365 94 178 186 308
person 0.0347 202 327 238 375
person 0.0338 191 342 214 375
person 0.0332 2 195 78 271
person 0.0332 103 347 125 375
person 0.0328 150 145 178 196
person 0.0324 191 123 229 192
person 0.0320 188 157 207 196
person 0.0320 222 113 254 181
person 0.0318 112 224 144 301
person 0.0310 206 119 247 189
person 0.0308 0 336 21 375
person 0.0301 0 304 38 375
person 0.0301 11 210 57 301
person 0.0296 193 317 223 375
person 0.0291 146 155 162 194
person 0.0289 224 143 241 179
person 0.0282 41 211 79 289
person 0.0281 171 139 197 186
person 0.0281 0 194 21 235
person 0.0278 162 153 175 177
person 0.0276 90 210 143 304
person 0.0268 464 273 499 372
person 0.0266 178 155 196 176
person 0.0262 31 142 120 292
person 0.0259 168 151 183 176
person 0.0259 102 358 143 375
person 0.0253 106 235 122 266
person 0.0250 230 145 246 180
person 0.0247 171 115 211 190
person 0.0245 183 343 233 375
person 0.0243 239 120 255 164
person 0.0242 197 146 226 191
person 0.0241 50 231 89 316
person 0.0240 0 185 37 250
person 0.0236 44 222 69 279
person 0.0233 186 142 201 174
person 0.0231 97 105 186 279
person 0.0231 0 205 19 255
person 0.0230 98 240 115 268
person 0.0229 42 225 60 273
person 0.0225 57 224 113 323
person 0.0223 166 155 205 183
person 0.0223 464 264 481 295
person 0.0221 95 324 129 375
person 0.0218 155 150 185 186
person 0.0214 171 166 198 193
person 0.0213 197 144 215 179
person 0.0213 46 207 72 241
person 0.0210 70 124 152 284
person 0.0209 87 358 127 375
person 0.0209 138 146 169 200
person 0.0207 41 213 59 250
person 0.0206 52 205 84 240
person 0.0204 1 308 18 368
person 0.0204 298 181 316 214
person 0.0203 46 224 65 263
person 0.0202 7 309 64 375
person 0.0201 148 346 171 375
person 0.0200 419 252 496 375
train 0.8625 46 47 456 361
train 0.1480 461 239 500 281
train 0.1264 69 74 273 345
train 0.1217 5 188 137 375
train 0.0924 442 254 462 275
train 0.0895 0 168 400 374
train 0.0796 8 78 163 356
train 0.0620 451 247 486 275
train 0.0577 429 252 464 275
train 0.0575 464 233 499 264
train 0.0517 455 253 476 272
train 0.0515 0 173 76 375
train 0.0491 483 234 498 262
train 0.0490 92 59 414 197
train 0.0438 8 208 250 375
train 0.0404 450 251 466 270
train 0.0394 445 237 494 289
train 0.0385 434 250 477 280
train 0.0380 458 245 496 267
train 0.0368 470 235 495 256
train 0.0355 472 230 500 296
train 0.0353 100 73 227 286
train 0.0351 0 301 167 375
train 0.0351 15 183 127 298
train 0.0350 273 64 445 325
train 0.0294 166 57 353 333
train 0.0292 29 197 102 279
train 0.0273 33 203 158 326
train 0.0271 431 242 496 274
train 0.0262 62 188 210 312
train 0.0250 102 62 301 150
train 0.0248 448 254 459 270
train 0.0232 63 75 165 288
train 0.0230 87 55 267 120
train 0.0222 458 234 500 323
train 0.0219 474 233 493 249
train 0.0209 139 71 306 223
train 0.0208 84 61 221 200
train 0.0205 453 246 467 264
train 0.0200 482 231 498 249
tvmonitor 0.0232 112 145 140 203
