bottle 0.0730 203 225 226 254
bottle 0.0533 197 182 231 250
bottle 0.0531 201 208 227 250
bottle 0.0488 199 224 241 258
bottle 0.0477 198 229 219 260
bottle 0.0448 198 187 254 269
bottle 0.0417 205 199 241 254
bottle 0.0373 2 277 49 325
bottle 0.0362 189 227 224 272
bottle 0.0362 182 234 212 271
bottle 0.0358 223 207 241 241
bottle 0.0356 194 158 271 276
bottle 0.0356 21 38 97 157
bottle 0.0351 212 218 232 248
bottle 0.0348 216 212 244 254
bottle 0.0320 201 222 250 280
bottle 0.0301 0 295 60 329
bottle 0.0299 190 213 259 322
bottle 0.0289 202 226 237 246
bottle 0.0279 195 230 230 249
bottle 0.0274 217 229 240 258
bottle 0.0274 199 219 219 245
bottle 0.0272 214 208 259 272
bottle 0.0271 5 295 48 313
bottle 0.0269 227 212 246 245
bottle 0.0257 220 197 253 249
bottle 0.0257 2 296 39 321
bottle 0.0254 55 262 123 330
bottle 0.0249 0 300 21 331
bottle 0.0249 451 316 500 331
bottle 0.0243 198 238 215 271
bottle 0.0234 227 222 247 256
bottle 0.0232 6 285 33 314
bottle 0.0228 211 232 233 263
bottle 0.0225 189 230 209 258
bottle 0.0217 24 267 74 329
bottle 0.0206 214 199 233 238
bottle 0.0202 14 282 38 310
bottle 0.0202 243 4 332 41
bottle 0.0200 202 191 224 238
car 0.0255 0 309 62 332
car 0.0247 0 310 22 332
chair 0.2856 340 147 495 332
chair 0.1401 243 115 401 331
chair 0.0998 212 186 499 330
chair 0.0780 292 164 425 332
chair 0.0620 224 213 385 330
chair 0.0575 306 225 498 329
chair 0.0538 268 61 476 320
chair 0.0515 405 187 494 332
chair 0.0487 39 234 304 329
chair 0.0451 155 90 440 332
chair 0.0448 161 226 326 329
chair 0.0427 230 263 413 328
chair 0.0419 318 208 405 332
chair 0.0368 180 164 286 316
chair 0.0357 205 185 262 259
chair 0.0340 223 199 307 327
chair 0.0311 205 258 340 332
chair 0.0311 218 189 256 240
chair 0.0310 186 226 257 327
chair 0.0290 450 217 500 332
chair 0.0285 332 147 440 295
chair 0.0274 50 272 226 330
chair 0.0268 252 170 353 325
chair 0.0266 62 167 243 332
chair 0.0258 346 161 496 245
chair 0.0256 345 235 446 332
chair 0.0251 421 0 500 202
chair 0.0249 361 60 484 256
chair 0.0242 458 261 498 332
chair 0.0234 129 254 266 332
chair 0.0227 138 144 324 302
chair 0.0222 452 5 500 171
chair 0.0215 213 177 285 276
chair 0.0215 405 261 500 332
chair 0.0211 0 278 116 331
chair 0.0209 184 157 418 297
chair 0.0207 298 226 378 328
chair 0.0202 402 71 499 304
chair 0.0201 244 178 307 289
diningtable 0.0753 121 193 453 332
diningtable 0.0268 1 134 473 332
person 0.8192 195 8 431 327
person 0.1962 312 31 474 329
person 0.0748 36 0 500 320
person 0.0543 22 21 282 274
person 0.0448 140 14 346 281
person 0.0441 172 103 303 323
person 0.0424 443 0 500 21
person 0.0389 252 72 397 320
person 0.0320 303 58 411 263
person 0.0304 328 84 404 225
person 0.0287 454 315 500 331
person 0.0281 202 8 327 205
person 0.0277 189 79 282 255
person 0.0272 343 0 488 236
person 0.0261 0 307 22 332
person 0.0259 292 13 417 193
person 0.0256 450 301 500 332
person 0.0256 331 85 368 142
person 0.0243 96 175 115 207
person 0.0229 385 7 500 332
person 0.0224 210 7 375 88
person 0.0216 198 36 282 190
person 0.0216 225 157 296 293
person 0.0209 88 166 124 215
person 0.0209 325 83 380 167
person 0.0201 203 121 269 242
person 0.0200 135 174 155 207
sofa 0.1709 48 79 499 331
tvmonitor 0.7566 28 133 200 263
tvmonitor 0.1548 1 218 64 331
tvmonitor 0.1548 194 186 224 240
tvmonitor 0.1349 121 136 200 238
tvmonitor 0.1185 0 161 238 315
tvmonitor 0.1128 20 62 262 281
tvmonitor 0.1112 14 48 160 247
tvmonitor 0.0876 29 213 207 326
tvmonitor 0.0733 150 152 201 230
tvmonitor 0.0700 40 138 190 212
tvmonitor 0.0693 201 186 248 243
tvmonitor 0.0625 2 227 48 303
tvmonitor 0.0592 434 0 497 122
tvmonitor 0.0577 39 190 172 297
tvmonitor 0.0572 0 300 62 332
tvmonitor 0.0572 0 116 383 311
tvmonitor 0.0540 6 135 137 291
tvmonitor 0.0537 195 186 220 218
tvmonitor 0.0501 167 173 198 232
tvmonitor 0.0493 29 266 221 329
tvmonitor 0.0490 3 173 73 299
tvmonitor 0.0487 194 183 256 270
tvmonitor 0.0474 30 139 118 252
tvmonitor 0.0473 15 239 139 325
tvmonitor 0.0458 0 231 24 308
tvmonitor 0.0457 177 184 214 242
tvmonitor 0.0442 55 232 227 293
tvmonitor 0.0439 197 143 260 243
tvmonitor 0.0438 452 0 500 29
tvmonitor 0.0434 27 179 114 305
tvmonitor 0.0425 433 0 499 52
tvmonitor 0.0422 4 229 158 294
tvmonitor 0.0421 78 140 291 289
tvmonitor 0.0420 146 165 210 258
tvmonitor 0.0401 53 185 214 264
tvmonitor 0.0397 10 33 103 214
tvmonitor 0.0390 429 97 450 125
tvmonitor 0.0385 130 137 256 247
tvmonitor 0.0385 2 272 63 327
tvmonitor 0.0374 33 216 198 269
tvmonitor 0.0374 199 188 235 227
tvmonitor 0.0353 5 230 83 297
tvmonitor 0.0348 11 133 88 259
tvmonitor 0.0333 218 195 242 238
tvmonitor 0.0323 1 254 40 319
tvmonitor 0.0308 348 0 488 197
tvmonitor 0.0304 0 234 19 280
tvmonitor 0.0298 90 181 229 323
tvmonitor 0.0296 158 178 235 247
tvmonitor 0.0293 154 135 220 242
tvmonitor 0.0291 192 167 232 231
tvmonitor 0.0289 32 142 112 202
tvmonitor 0.0289 107 203 215 277
tvmonitor 0.0289 0 36 79 301
tvmonitor 0.0287 458 274 499 332
tvmonitor 0.0287 192 189 213 228
tvmonitor 0.0281 280 0 479 142
tvmonitor 0.0273 67 159 207 234
tvmonitor 0.0270 48 240 126 289
tvmonitor 0.0269 454 1 499 77
tvmonitor 0.0263 215 182 260 237
tvmonitor 0.0260 27 42 100 156
tvmonitor 0.0256 385 0 475 120
tvmonitor 0.0254 141 183 193 226
tvmonitor 0.0242 47 262 147 331
tvmonitor 0.0242 200 1 403 154
tvmonitor 0.0235 0 0 429 268
tvmonitor 0.0234 141 182 286 302
tvmonitor 0.0234 65 233 165 278
tvmonitor 0.0231 5 251 87 325
tvmonitor 0.0227 0 145 42 323
tvmonitor 0.0221 173 161 212 228
tvmonitor 0.0217 31 247 112 301
tvmonitor 0.0215 188 205 240 256
tvmonitor 0.0214 76 55 227 241
tvmonitor 0.0214 102 233 200 279
tvmonitor 0.0209 38 135 104 172
tvmonitor 0.0209 140 145 197 203
tvmonitor 0.0208 44 155 128 223
tvmonitor 0.0204 178 188 199 225
tvmonitor 0.0203 215 6 424 94
tvmonitor 0.0202 61 253 137 301
tvmonitor 0.0200 149 208 211 254
