boat 0.0409 397 196 498 269
boat 0.0401 427 203 500 233
boat 0.0396 383 220 406 277
boat 0.0276 446 202 498 256
boat 0.0244 404 187 493 223
boat 0.0241 436 205 492 223
boat 0.0228 376 201 417 285
boat 0.0228 464 213 500 263
boat 0.0223 383 189 447 295
boat 0.0220 402 188 432 242
boat 0.0203 386 178 500 236
boat 0.0202 412 233 496 269
boat 0.0201 432 227 499 250
bottle 0.0908 73 72 110 141
bottle 0.0709 181 0 235 85
bottle 0.0581 162 150 203 220
bottle 0.0547 80 71 111 112
bottle 0.0500 76 6 110 84
bottle 0.0489 206 0 233 67
bottle 0.0450 200 0 249 78
bottle 0.0405 222 0 262 61
bottle 0.0383 193 180 206 225
bottle 0.0355 94 71 114 108
bottle 0.0346 181 51 234 89
bottle 0.0316 180 0 219 54
bottle 0.0315 77 73 103 103
bottle 0.0307 161 107 203 161
bottle 0.0293 407 188 428 225
bottle 0.0286 184 158 211 230
bottle 0.0280 368 52 394 81
bottle 0.0279 227 61 253 77
bottle 0.0278 104 68 121 108
bottle 0.0273 145 151 190 222
bottle 0.0260 169 95 203 144
bottle 0.0256 53 351 144 375
bottle 0.0252 89 73 116 124
bottle 0.0251 183 196 203 229
bottle 0.0250 114 206 131 242
bottle 0.0249 163 139 201 160
bottle 0.0249 208 1 227 43
bottle 0.0248 175 113 201 146
bottle 0.0247 186 181 202 224
bottle 0.0236 173 170 206 232
bottle 0.0235 164 205 203 232
bottle 0.0231 195 56 250 79
bottle 0.0231 74 75 93 117
bottle 0.0226 411 304 440 343
bottle 0.0225 176 147 205 206
bottle 0.0224 0 53 22 115
bottle 0.0223 169 57 220 120
bottle 0.0218 177 60 243 107
bottle 0.0215 160 65 204 128
bottle 0.0211 163 112 193 148
bottle 0.0209 183 47 203 80
bottle 0.0208 417 310 436 339
bottle 0.0207 108 61 132 114
bottle 0.0205 183 0 213 34
bottle 0.0205 212 0 241 46
bottle 0.0204 172 153 195 189
bus 0.0244 382 198 445 310
bus 0.0223 372 208 422 328
car 0.0699 439 238 498 259
car 0.0669 439 321 500 361
car 0.0488 360 200 489 372
car 0.0485 406 316 500 372
car 0.0444 447 321 498 345
car 0.0435 345 315 487 375
car 0.0432 401 243 494 367
car 0.0408 473 237 500 260
car 0.0407 345 219 437 375
car 0.0391 434 240 474 257
car 0.0370 453 237 496 252
car 0.0369 366 221 402 283
car 0.0366 411 326 482 362
car 0.0357 382 216 412 286
car 0.0356 481 230 498 257
car 0.0341 423 231 498 295
car 0.0336 416 302 500 350
car 0.0319 396 190 496 317
car 0.0296 445 208 498 264
car 0.0291 455 227 500 260
car 0.0284 405 321 459 353
car 0.0278 434 239 500 276
car 0.0261 365 286 500 363
car 0.0226 407 321 441 341
car 0.0224 353 183 497 267
car 0.0213 392 213 425 287
car 0.0211 277 196 456 373
car 0.0207 348 224 393 280
car 0.0207 479 238 499 275
chair 0.0489 163 156 196 214
chair 0.0462 0 296 154 373
chair 0.0367 159 87 202 142
chair 0.0295 37 201 405 372
chair 0.0256 27 304 248 371
chair 0.0244 9 335 147 374
chair 0.0218 135 150 203 223
chair 0.0218 114 76 201 164
chair 0.0215 160 85 206 115
person 0.8793 4 74 426 373
person 0.6270 447 324 499 375
person 0.2250 404 333 445 375
person 0.2021 415 328 488 375
person 0.1661 0 156 148 371
person 0.1165 403 353 448 374
person 0.1152 415 344 454 375
person 0.1141 6 43 214 350
person 0.0987 4 229 110 372
person 0.0983 136 76 354 244
person 0.0911 467 321 500 365
person 0.0903 72 0 123 130
person 0.0860 407 324 430 365
person 0.0852 9 25 142 272
person 0.0806 443 344 486 374
person 0.0780 157 79 250 219
person 0.0767 84 70 195 237
person 0.0749 69 58 125 169
person 0.0731 122 83 218 222
person 0.0730 396 312 438 373
person 0.0728 377 333 464 375
person 0.0727 422 315 469 368
person 0.0727 411 321 437 352
person 0.0687 215 94 433 375
person 0.0686 386 235 404 279
person 0.0649 444 328 481 369
person 0.0642 61 35 160 230
person 0.0619 0 250 224 371
person 0.0599 400 342 427 375
person 0.0595 462 323 499 345
person 0.0595 81 3 116 96
person 0.0574 420 328 443 364
person 0.0562 447 339 472 371
person 0.0562 0 237 89 319
person 0.0561 31 53 122 213
person 0.0554 241 70 404 288
person 0.0551 13 0 128 177
person 0.0550 80 40 114 108
person 0.0545 69 54 110 131
person 0.0543 1 0 80 125
person 0.0530 0 233 20 266
person 0.0529 157 87 206 191
person 0.0526 432 349 462 373
person 0.0525 460 339 497 373
person 0.0516 397 303 467 375
person 0.0511 93 20 181 183
person 0.0501 428 337 452 369
person 0.0498 8 65 93 240
person 0.0495 38 0 111 126
person 0.0490 382 230 408 292
person 0.0487 60 0 157 152
person 0.0484 0 311 145 373
person 0.0472 0 54 380 252
person 0.0463 155 73 315 151
person 0.0458 95 0 183 112
person 0.0456 388 251 404 289
person 0.0456 422 354 474 375
person 0.0442 408 298 445 366
person 0.0442 380 235 398 274
person 0.0432 0 241 52 309
person 0.0429 0 238 62 374
person 0.0420 367 277 439 375
person 0.0415 440 308 494 364
person 0.0414 453 323 477 354
person 0.0413 91 71 243 324
person 0.0409 100 42 127 110
person 0.0408 163 120 214 220
person 0.0404 0 241 56 266
person 0.0401 401 364 449 375
person 0.0394 0 58 45 213
person 0.0394 384 345 437 375
person 0.0393 3 69 36 163
person 0.0388 0 233 10 268
person 0.0388 82 68 118 123
person 0.0381 89 1 225 212
person 0.0380 486 323 500 361
person 0.0373 4 133 91 314
person 0.0372 411 321 429 341
person 0.0369 4 38 76 175
person 0.0368 156 76 323 367
person 0.0364 88 5 134 116
person 0.0364 439 340 463 364
person 0.0363 434 330 467 369
person 0.0362 130 129 201 234
person 0.0358 448 352 470 375
person 0.0358 441 236 456 251
person 0.0354 92 58 117 108
person 0.0350 83 113 152 246
person 0.0345 252 76 351 230
person 0.0343 404 321 423 354
person 0.0341 210 75 320 226
person 0.0336 421 319 442 344
person 0.0334 37 106 171 322
person 0.0333 0 226 76 281
person 0.0332 313 99 480 375
person 0.0332 157 151 206 235
person 0.0325 113 64 232 166
person 0.0323 1 57 35 118
person 0.0320 461 326 487 365
person 0.0314 23 103 123 262
person 0.0313 424 342 476 369
person 0.0306 336 320 458 374
person 0.0305 427 354 451 375
person 0.0304 437 237 464 253
person 0.0304 380 302 423 373
person 0.0304 0 237 35 263
person 0.0304 475 231 493 251
person 0.0303 0 223 41 270
person 0.0303 449 238 463 251
person 0.0303 0 244 24 271
person 0.0301 120 0 216 105
person 0.0300 371 239 387 276
person 0.0297 393 273 496 375
person 0.0294 479 326 500 373
person 0.0289 24 214 329 372
person 0.0289 87 75 290 189
person 0.0285 90 64 132 141
person 0.0284 159 0 244 97
person 0.0284 413 339 451 362
person 0.0281 484 225 498 253
person 0.0278 436 234 449 251
person 0.0276 70 0 108 59
person 0.0274 0 4 45 120
person 0.0274 391 259 407 296
person 0.0274 459 237 471 251
person 0.0272 306 73 408 233
person 0.0271 434 327 450 352
person 0.0267 446 325 487 345
person 0.0267 54 68 106 157
person 0.0262 0 43 238 173
person 0.0261 199 70 378 145
person 0.0257 103 55 121 104
person 0.0256 391 223 408 270
person 0.0253 173 141 206 210
person 0.0250 24 44 119 138
person 0.0249 73 0 161 85
person 0.0249 99 9 126 88
person 0.0248 20 79 37 114
person 0.0248 106 52 134 120
person 0.0247 56 347 140 375
person 0.0246 76 60 107 102
person 0.0245 59 239 88 260
person 0.0245 448 238 480 253
person 0.0244 1 63 19 112
person 0.0243 438 326 463 351
person 0.0242 85 0 123 52
person 0.0242 351 238 419 375
person 0.0241 430 334 454 356
person 0.0241 468 237 481 251
person 0.0237 0 233 26 290
person 0.0236 359 353 446 375
person 0.0236 351 333 429 375
person 0.0236 391 345 417 375
person 0.0234 391 325 422 374
person 0.0233 211 55 449 219
person 0.0232 442 232 456 246
person 0.0232 198 68 290 105
person 0.0230 401 318 432 344
person 0.0230 385 355 426 375
person 0.0229 278 106 386 264
person 0.0229 446 235 468 248
person 0.0229 455 237 473 255
person 0.0226 474 222 494 247
person 0.0226 11 65 53 137
person 0.0225 399 321 450 353
person 0.0224 129 143 142 180
person 0.0224 143 69 496 278
person 0.0222 223 61 254 76
person 0.0222 74 130 198 348
person 0.0222 84 86 136 199
person 0.0221 0 253 66 291
person 0.0220 472 322 493 338
person 0.0219 0 286 43 374
person 0.0219 267 72 391 197
person 0.0218 97 140 180 248
person 0.0217 128 62 392 170
person 0.0215 142 160 191 234
person 0.0215 433 234 453 260
person 0.0214 85 260 444 370
person 0.0214 308 190 432 375
person 0.0213 472 347 499 375
person 0.0213 7 2 71 78
person 0.0212 465 237 484 256
person 0.0212 303 48 461 264
person 0.0211 98 50 115 99
person 0.0210 30 239 56 259
person 0.0210 22 67 90 161
person 0.0208 17 239 51 260
person 0.0208 0 227 12 286
person 0.0207 35 232 51 256
person 0.0207 93 31 115 92
person 0.0206 446 360 500 375
person 0.0205 113 179 140 242
person 0.0205 190 142 206 185
person 0.0204 102 68 124 116
person 0.0204 399 236 415 274
person 0.0202 380 255 397 287
person 0.0201 388 215 405 254
person 0.0200 123 89 192 179
pottedplant 0.0643 67 0 115 94
pottedplant 0.0591 15 0 127 156
pottedplant 0.0541 27 0 111 96
pottedplant 0.0455 1 0 84 112
pottedplant 0.0330 62 0 158 118
pottedplant 0.0311 51 2 96 79
pottedplant 0.0276 22 0 81 71
pottedplant 0.0244 59 0 90 56
pottedplant 0.0219 77 8 107 74
pottedplant 0.0212 77 28 124 96
train 0.0435 418 205 497 267
train 0.0397 432 234 500 259
train 0.0359 326 171 488 375
train 0.0294 438 218 500 255
train 0.0247 382 204 494 293
train 0.0204 345 317 500 375
tvmonitor 0.0904 159 86 204 159
tvmonitor 0.0602 382 224 407 284
tvmonitor 0.0564 428 303 499 375
tvmonitor 0.0529 436 320 489 359
tvmonitor 0.0488 355 228 403 273
tvmonitor 0.0484 446 300 500 337
tvmonitor 0.0454 162 110 202 145
tvmonitor 0.0442 408 320 440 343
tvmonitor 0.0426 425 286 497 346
tvmonitor 0.0420 360 234 381 267
tvmonitor 0.0418 162 86 202 116
tvmonitor 0.0411 367 228 391 273
tvmonitor 0.0390 380 232 397 272
tvmonitor 0.0388 135 85 203 186
tvmonitor 0.0354 438 320 478 345
tvmonitor 0.0343 160 75 260 156
tvmonitor 0.0343 406 314 450 351
tvmonitor 0.0341 438 313 500 345
tvmonitor 0.0329 413 319 473 360
tvmonitor 0.0319 181 0 259 79
tvmonitor 0.0306 384 237 406 272
tvmonitor 0.0303 353 230 387 262
tvmonitor 0.0295 371 230 386 263
tvmonitor 0.0290 161 78 220 132
tvmonitor 0.0288 419 303 480 348
tvmonitor 0.0275 460 318 500 339
tvmonitor 0.0271 226 0 267 40
tvmonitor 0.0270 465 306 498 337
tvmonitor 0.0264 163 71 306 128
tvmonitor 0.0245 418 321 468 342
tvmonitor 0.0237 211 0 267 63
tvmonitor 0.0235 469 321 495 335
tvmonitor 0.0235 407 258 499 374
tvmonitor 0.0232 457 295 499 325
tvmonitor 0.0232 106 63 375 170
tvmonitor 0.0227 355 234 374 261
tvmonitor 0.0223 416 303 443 343
tvmonitor 0.0221 473 314 493 330
tvmonitor 0.0220 128 0 233 80
tvmonitor 0.0220 431 323 453 341
tvmonitor 0.0214 73 21 112 82
tvmonitor 0.0211 171 56 250 112
tvmonitor 0.0208 346 218 397 263
tvmonitor 0.0208 449 321 486 333
tvmonitor 0.0204 478 299 499 328
