bicycle 0.7712 150 165 261 269
bicycle 0.1098 162 159 225 257
bicycle 0.1023 177 172 255 243
bicycle 0.0457 148 147 274 227
bicycle 0.0421 153 172 386 272
bicycle 0.0378 154 190 212 267
bicycle 0.0303 94 143 285 267
bicycle 0.0249 172 166 271 213
bicycle 0.0205 148 155 299 314
bird 0.0902 0 222 67 263
bird 0.0372 0 217 65 334
bird 0.0213 0 231 23 261
boat 0.0227 0 0 422 217
bus 0.0587 0 0 470 334
car 0.0505 241 105 266 129
car 0.0221 225 103 267 125
car 0.0218 0 138 20 173
cat 0.0278 0 0 500 334
cow 0.0200 0 0 500 298
horse 0.0221 0 0 500 334
person 0.8788 157 107 263 263
person 0.1177 177 104 271 209
person 0.1104 187 144 256 240
person 0.1057 123 97 141 143
person 0.0848 240 105 265 132
person 0.0765 167 143 220 246
person 0.0533 234 105 275 150
person 0.0493 184 105 268 161
person 0.0459 0 0 362 334
person 0.0447 210 104 270 141
person 0.0372 156 163 205 245
person 0.0295 99 80 245 267
person 0.0292 182 161 215 223
person 0.0246 218 115 268 192
person 0.0242 216 141 264 220
person 0.0238 185 166 210 202
person 0.0234 172 116 232 210
person 0.0227 242 111 264 153
person 0.0225 181 134 216 202
person 0.0222 161 143 201 217
person 0.0221 231 110 266 168
person 0.0213 186 123 223 175
person 0.0206 224 105 260 120
person 0.0200 241 104 293 138
pottedplant 0.1270 464 109 497 171
pottedplant 0.0423 468 125 492 167
pottedplant 0.0400 468 112 491 149
pottedplant 0.0369 461 125 498 201
pottedplant 0.0362 445 113 490 180
pottedplant 0.0339 474 119 499 165
pottedplant 0.0304 465 118 485 157
pottedplant 0.0282 477 110 499 148
pottedplant 0.0243 421 0 500 172
pottedplant 0.0236 388 83 403 116
pottedplant 0.0232 477 143 498 174
pottedplant 0.0228 469 100 500 225
pottedplant 0.0228 464 139 484 169
pottedplant 0.0225 398 90 500 182
pottedplant 0.0224 484 108 500 169
pottedplant 0.0218 455 84 500 179
pottedplant 0.0210 461 150 498 225
pottedplant 0.0209 458 0 498 59
pottedplant 0.0204 460 178 499 250
pottedplant 0.0202 384 9 469 164
pottedplant 0.0202 465 148 494 170
pottedplant 0.0201 459 136 500 175
sheep 0.0205 0 0 500 334
sofa 0.0232 135 124 285 237
train 0.0261 0 0 459 283
tvmonitor 0.0254 0 8 69 50
