bicycle 0.0317 52 10 271 359
bird 0.0317 372 239 423 283
bird 0.0298 400 245 422 279
boat 0.0317 48 27 500 338
boat 0.0275 122 2 168 63
bottle 0.2774 331 240 360 311
bottle 0.1232 339 240 366 292
bottle 0.1018 357 217 413 293
bottle 0.0825 331 241 353 288
bottle 0.0744 333 240 360 271
bottle 0.0667 343 241 382 303
bottle 0.0658 352 246 371 288
bottle 0.0568 317 234 370 320
bottle 0.0520 338 234 403 297
bottle 0.0489 149 210 181 232
bottle 0.0471 432 197 454 235
bottle 0.0432 263 160 279 207
bottle 0.0425 348 346 377 375
bottle 0.0420 355 238 392 293
bottle 0.0403 313 241 359 287
bottle 0.0386 122 1 162 57
bottle 0.0359 245 152 260 191
bottle 0.0344 360 246 379 287
bottle 0.0321 268 160 284 194
bottle 0.0300 254 158 275 212
bottle 0.0300 344 359 382 375
bottle 0.0289 268 152 284 182
bottle 0.0289 401 246 423 280
bottle 0.0285 256 156 268 196
bottle 0.0281 161 4 175 55
bottle 0.0279 264 159 277 184
bottle 0.0277 350 232 449 317
bottle 0.0265 349 241 373 271
bottle 0.0265 360 245 402 322
bottle 0.0262 369 238 431 290
bottle 0.0255 317 243 354 263
bottle 0.0252 340 241 367 263
bottle 0.0245 290 318 378 375
bottle 0.0245 260 175 280 221
bottle 0.0242 302 239 364 269
bottle 0.0239 255 151 267 178
bottle 0.0232 324 243 346 278
bottle 0.0230 261 137 280 170
bottle 0.0229 264 150 277 174
bottle 0.0226 134 11 156 52
bottle 0.0226 260 145 280 193
bottle 0.0220 469 195 499 254
bottle 0.0219 344 254 363 305
bottle 0.0216 424 335 446 374
bottle 0.0215 346 190 377 225
bottle 0.0214 248 147 268 193
bottle 0.0213 143 10 161 53
bottle 0.0208 365 254 404 292
bottle 0.0208 349 185 390 220
bottle 0.0207 32 50 48 75
bottle 0.0206 146 0 173 60
cat 0.0854 363 230 407 291
cat 0.0261 377 230 421 281
chair 0.5420 64 154 249 360
chair 0.3441 77 108 166 181
chair 0.3210 263 137 494 342
chair 0.2513 272 160 375 265
chair 0.2214 278 140 498 249
chair 0.2204 430 272 500 375
chair 0.1668 68 126 217 232
chair 0.1560 412 202 498 374
chair 0.1517 312 155 466 308
chair 0.1516 119 116 168 186
chair 0.1495 273 180 378 341
chair 0.1465 113 108 159 158
chair 0.1338 405 315 500 375
chair 0.1261 284 171 425 249
chair 0.1226 61 149 174 244
chair 0.1222 352 159 500 367
chair 0.1140 69 139 169 190
chair 0.1109 82 66 178 195
chair 0.1035 456 86 497 157
chair 0.0982 34 167 111 309
chair 0.0963 54 98 187 267
chair 0.0960 67 172 167 319
chair 0.0945 331 162 447 236
chair 0.0904 158 151 403 353
chair 0.0893 81 162 253 250
chair 0.0875 406 67 451 145
chair 0.0871 263 120 345 247
chair 0.0857 87 118 240 193
chair 0.0850 281 233 370 370
chair 0.0826 97 191 315 369
chair 0.0824 450 229 500 352
chair 0.0790 362 260 494 369
chair 0.0782 188 133 233 192
chair 0.0778 138 123 181 191
chair 0.0775 413 71 475 153
chair 0.0771 434 331 500 375
chair 0.0763 50 167 221 289
chair 0.0759 232 217 490 368
chair 0.0730 165 125 202 193
chair 0.0727 111 137 257 298
chair 0.0715 68 159 172 206
chair 0.0690 263 156 319 234
chair 0.0686 314 138 481 200
chair 0.0683 274 200 441 278
chair 0.0671 350 197 437 325
chair 0.0671 430 96 466 153
chair 0.0667 138 134 264 224
chair 0.0667 315 241 361 320
chair 0.0649 350 180 486 290
chair 0.0645 151 106 267 197
chair 0.0643 18 139 156 326
chair 0.0638 300 174 388 299
chair 0.0629 285 216 416 317
chair 0.0627 405 107 430 149
chair 0.0627 304 206 365 296
chair 0.0620 276 155 366 222
chair 0.0620 256 148 290 216
chair 0.0604 414 102 452 152
chair 0.0602 424 301 480 371
chair 0.0602 298 141 415 228
chair 0.0601 252 92 296 196
chair 0.0600 428 179 498 319
chair 0.0594 152 128 224 192
chair 0.0586 439 123 460 152
chair 0.0586 17 166 78 296
chair 0.0582 461 182 499 255
chair 0.0577 134 214 244 362
chair 0.0572 108 104 194 185
chair 0.0567 453 306 500 373
chair 0.0567 434 102 493 156
chair 0.0565 423 121 459 152
chair 0.0558 262 126 311 213
chair 0.0557 414 112 435 150
chair 0.0557 263 125 294 173
chair 0.0545 77 115 288 259
chair 0.0543 162 125 175 171
chair 0.0543 255 147 413 291
chair 0.0543 150 147 248 267
chair 0.0538 392 233 496 324
chair 0.0536 426 184 464 236
chair 0.0533 24 120 161 234
chair 0.0526 159 122 181 187
chair 0.0522 68 238 210 361
chair 0.0517 398 87 435 148
chair 0.0503 220 127 323 221
chair 0.0500 413 181 477 241
chair 0.0499 440 57 500 159
chair 0.0491 283 237 364 303
chair 0.0480 257 85 330 217
chair 0.0477 422 115 445 150
chair 0.0475 83 170 199 234
chair 0.0474 324 221 372 299
chair 0.0474 33 198 71 291
chair 0.0471 314 150 381 238
chair 0.0469 240 149 278 215
chair 0.0469 74 302 256 370
chair 0.0467 411 12 493 152
chair 0.0460 272 137 334 217
chair 0.0460 24 67 208 356
chair 0.0455 280 233 364 269
chair 0.0454 126 134 203 194
chair 0.0452 199 231 354 363
chair 0.0449 73 144 157 173
chair 0.0442 101 153 185 189
chair 0.0440 410 115 486 153
chair 0.0438 177 104 202 146
chair 0.0437 173 148 289 243
chair 0.0434 378 108 427 147
chair 0.0433 218 139 262 201
chair 0.0430 434 119 474 154
chair 0.0430 462 263 500 333
chair 0.0427 344 181 414 229
chair 0.0426 178 143 219 198
chair 0.0425 211 154 353 273
chair 0.0424 273 212 373 264
chair 0.0424 115 135 175 212
chair 0.0421 119 89 167 150
chair 0.0418 430 179 494 254
chair 0.0416 419 256 484 350
chair 0.0416 340 184 413 298
chair 0.0414 19 46 172 195
chair 0.0411 33 85 156 175
chair 0.0411 40 186 90 292
chair 0.0408 0 156 99 333
chair 0.0405 82 74 275 205
chair 0.0404 438 252 491 328
chair 0.0402 151 127 174 183
chair 0.0400 193 139 254 208
chair 0.0400 275 168 333 246
chair 0.0400 133 141 167 191
chair 0.0391 167 92 199 160
chair 0.0391 116 112 148 146
chair 0.0389 402 90 499 160
chair 0.0389 440 0 500 107
chair 0.0385 51 217 86 293
chair 0.0385 253 159 297 240
chair 0.0384 95 130 163 175
chair 0.0376 41 266 284 375
chair 0.0376 415 72 447 118
chair 0.0375 78 155 232 211
chair 0.0374 109 66 161 160
chair 0.0370 380 151 472 240
chair 0.0370 181 229 270 362
chair 0.0370 147 160 282 340
chair 0.0368 126 110 184 167
chair 0.0367 475 93 500 159
chair 0.0364 162 121 175 150
chair 0.0360 174 104 213 181
chair 0.0358 406 68 464 111
chair 0.0358 147 210 182 233
chair 0.0357 126 168 326 270
chair 0.0357 459 57 499 130
chair 0.0355 342 109 489 237
chair 0.0355 401 140 499 265
chair 0.0354 432 202 453 235
chair 0.0352 61 207 236 317
chair 0.0352 419 87 446 139
chair 0.0351 126 113 157 147
chair 0.0351 170 78 241 194
chair 0.0351 305 169 365 247
chair 0.0350 97 193 234 236
chair 0.0348 160 110 194 179
chair 0.0348 192 117 348 325
chair 0.0343 241 118 277 190
chair 0.0334 30 102 221 205
chair 0.0332 375 116 455 148
chair 0.0328 213 148 274 223
chair 0.0327 165 126 182 168
chair 0.0327 421 330 461 375
chair 0.0326 414 63 498 128
chair 0.0325 267 168 345 212
chair 0.0323 32 226 124 342
chair 0.0321 296 170 378 213
chair 0.0318 281 245 344 337
chair 0.0318 229 250 312 372
chair 0.0318 154 152 212 198
chair 0.0317 237 147 265 202
chair 0.0315 369 180 497 246
chair 0.0314 379 109 500 193
chair 0.0314 341 78 495 181
chair 0.0313 452 296 500 342
chair 0.0309 133 157 191 199
chair 0.0307 10 221 73 293
chair 0.0305 459 192 500 314
chair 0.0305 428 89 455 140
chair 0.0304 158 113 177 158
chair 0.0304 271 130 304 178
chair 0.0303 278 123 455 191
chair 0.0303 139 155 164 190
chair 0.0303 160 84 500 375
chair 0.0298 358 233 460 310
chair 0.0297 62 168 145 218
chair 0.0297 157 130 171 165
chair 0.0296 321 141 426 176
chair 0.0296 459 111 490 157
chair 0.0295 423 105 442 141
chair 0.0294 181 116 199 153
chair 0.0293 0 175 185 375
chair 0.0293 192 103 207 138
chair 0.0290 268 138 286 172
chair 0.0288 154 72 297 248
chair 0.0288 282 130 323 187
chair 0.0287 313 154 435 209
chair 0.0286 311 126 364 167
chair 0.0285 135 115 164 160
chair 0.0284 232 157 284 236
chair 0.0283 310 125 325 161
chair 0.0283 284 132 299 168
chair 0.0282 435 315 486 361
chair 0.0281 391 110 416 145
chair 0.0280 421 125 496 161
chair 0.0280 437 83 463 135
chair 0.0280 415 205 454 235
chair 0.0279 314 102 352 163
chair 0.0277 37 234 73 299
chair 0.0277 314 113 335 161
chair 0.0277 278 222 394 282
chair 0.0275 254 161 277 216
chair 0.0275 104 166 180 218
chair 0.0274 268 185 314 260
chair 0.0273 361 98 440 149
chair 0.0271 340 116 430 150
chair 0.0271 22 209 60 282
chair 0.0270 0 39 372 375
chair 0.0270 264 139 287 189
chair 0.0270 55 171 116 257
chair 0.0268 46 204 73 274
chair 0.0267 291 133 308 167
chair 0.0266 157 265 247 375
chair 0.0266 269 128 376 208
chair 0.0265 316 126 484 173
chair 0.0265 430 111 452 149
chair 0.0264 295 135 350 181
chair 0.0264 24 173 138 261
chair 0.0263 270 253 427 375
chair 0.0263 279 258 329 374
chair 0.0262 303 113 339 170
chair 0.0262 289 146 354 199
chair 0.0261 121 180 195 229
chair 0.0260 404 222 490 290
chair 0.0260 314 179 397 220
chair 0.0260 184 94 214 143
chair 0.0258 399 178 462 229
chair 0.0257 5 214 44 290
chair 0.0256 261 86 486 222
chair 0.0256 454 70 500 97
chair 0.0255 185 137 209 191
chair 0.0255 56 194 112 290
chair 0.0255 444 123 500 260
chair 0.0255 191 98 225 154
chair 0.0253 403 277 474 369
chair 0.0253 159 156 177 190
chair 0.0252 295 127 321 170
chair 0.0252 302 134 379 189
chair 0.0251 384 127 475 157
chair 0.0250 451 123 473 155
chair 0.0250 401 114 422 148
chair 0.0247 430 91 498 217
chair 0.0247 73 103 146 155
chair 0.0246 427 291 499 330
chair 0.0245 48 234 93 331
chair 0.0245 185 160 241 209
chair 0.0245 149 145 169 188
chair 0.0244 409 197 489 272
chair 0.0244 417 104 434 134
chair 0.0243 126 266 332 364
chair 0.0243 166 119 182 149
chair 0.0243 196 109 236 168
chair 0.0243 331 130 435 162
chair 0.0242 441 327 475 371
chair 0.0241 75 200 204 245
chair 0.0241 317 122 400 170
chair 0.0240 63 121 140 171
chair 0.0239 178 122 202 180
chair 0.0239 301 130 317 161
chair 0.0237 140 174 242 231
chair 0.0237 434 353 500 374
chair 0.0237 175 124 194 163
chair 0.0236 118 212 206 241
chair 0.0236 313 142 365 210
chair 0.0236 156 151 237 214
chair 0.0235 319 194 374 264
chair 0.0235 383 111 407 144
chair 0.0232 166 119 198 154
chair 0.0231 100 197 246 284
chair 0.0229 421 216 459 235
chair 0.0228 322 113 382 157
chair 0.0227 340 176 374 226
chair 0.0226 238 153 257 193
chair 0.0225 47 280 93 337
chair 0.0225 289 180 354 263
chair 0.0225 458 109 498 182
chair 0.0225 173 140 365 226
chair 0.0225 423 88 443 122
chair 0.0224 59 151 119 191
chair 0.0224 377 336 478 373
chair 0.0224 120 107 186 142
chair 0.0223 275 141 293 172
chair 0.0223 421 247 472 312
chair 0.0223 320 114 340 153
diningtable 0.2021 271 179 500 373
diningtable 0.0840 292 268 486 364
diningtable 0.0721 317 237 462 347
diningtable 0.0648 270 211 469 322
diningtable 0.0574 68 124 294 242
diningtable 0.0554 188 137 253 197
diningtable 0.0551 129 130 241 192
diningtable 0.0453 103 96 244 174
diningtable 0.0451 204 109 298 198
diningtable 0.0370 200 236 448 365
diningtable 0.0366 219 141 289 207
diningtable 0.0359 110 80 303 191
diningtable 0.0343 87 165 453 375
diningtable 0.0328 104 151 246 207
diningtable 0.0316 198 126 273 213
diningtable 0.0312 75 165 251 227
diningtable 0.0309 284 241 381 311
diningtable 0.0307 325 236 412 321
diningtable 0.0294 162 122 281 185
diningtable 0.0292 350 304 500 373
diningtable 0.0273 198 152 319 214
diningtable 0.0269 199 138 298 183
diningtable 0.0268 255 302 429 373
diningtable 0.0260 310 222 425 287
diningtable 0.0244 353 256 492 330
diningtable 0.0227 187 131 258 170
diningtable 0.0226 166 92 296 172
diningtable 0.0214 133 131 401 237
diningtable 0.0210 162 129 238 174
person 0.0600 12 165 72 291
person 0.0576 428 186 462 237
person 0.0526 0 0 214 364
person 0.0506 148 212 182 233
person 0.0466 258 160 283 222
person 0.0462 0 228 20 299
person 0.0428 462 188 500 255
person 0.0422 315 150 500 375
person 0.0386 18 218 62 291
person 0.0386 46 211 75 288
person 0.0365 267 161 284 203
person 0.0357 0 135 7 180
person 0.0340 55 252 75 289
person 0.0308 118 45 500 370
person 0.0254 62 32 77 73
person 0.0244 100 2 179 173
person 0.0238 117 1 159 64
person 0.0229 161 0 175 40
person 0.0229 264 163 297 219
person 0.0213 458 0 500 17
person 0.0211 445 189 486 246
person 0.0208 125 14 146 52
person 0.0203 62 10 158 184
person 0.0203 34 223 70 287
pottedplant 0.3838 248 76 293 152
pottedplant 0.3292 21 164 77 250
pottedplant 0.2360 205 73 295 151
pottedplant 0.2350 352 180 429 288
pottedplant 0.2076 259 101 296 163
pottedplant 0.2002 343 175 451 245
pottedplant 0.1881 188 152 212 193
pottedplant 0.1877 199 74 242 144
pottedplant 0.1712 192 77 265 171
pottedplant 0.1371 251 77 289 117
pottedplant 0.1336 21 174 61 228
pottedplant 0.1270 356 182 423 237
pottedplant 0.1189 236 113 259 151
pottedplant 0.1069 238 96 267 150
pottedplant 0.1040 36 163 87 230
pottedplant 0.1033 219 83 265 152
pottedplant 0.0981 255 92 296 137
pottedplant 0.0969 410 68 447 104
pottedplant 0.0957 231 78 295 188
pottedplant 0.0955 192 144 228 193
pottedplant 0.0955 2 149 95 285
pottedplant 0.0898 184 95 288 192
pottedplant 0.0880 269 107 296 137
pottedplant 0.0793 195 79 225 138
pottedplant 0.0782 245 103 283 156
pottedplant 0.0765 19 179 64 281
pottedplant 0.0755 205 153 224 191
pottedplant 0.0734 230 118 248 149
pottedplant 0.0729 255 74 283 105
pottedplant 0.0712 228 95 299 145
pottedplant 0.0712 384 179 465 236
pottedplant 0.0706 225 101 251 148
pottedplant 0.0704 8 168 44 241
pottedplant 0.0699 176 130 207 192
pottedplant 0.0688 401 0 500 105
pottedplant 0.0680 422 187 460 236
pottedplant 0.0671 41 162 84 199
pottedplant 0.0668 244 121 262 155
pottedplant 0.0666 11 161 120 245
pottedplant 0.0663 150 67 288 171
pottedplant 0.0661 302 181 427 259
pottedplant 0.0661 218 81 242 137
pottedplant 0.0660 265 126 290 163
pottedplant 0.0637 252 72 322 185
pottedplant 0.0629 251 120 267 154
pottedplant 0.0620 40 182 72 254
pottedplant 0.0609 23 178 45 219
pottedplant 0.0609 181 136 241 194
pottedplant 0.0591 243 72 281 133
pottedplant 0.0579 34 170 90 279
pottedplant 0.0575 264 110 291 150
pottedplant 0.0571 222 109 239 141
pottedplant 0.0565 412 192 443 233
pottedplant 0.0556 194 104 250 187
pottedplant 0.0553 21 169 80 213
pottedplant 0.0538 241 43 303 141
pottedplant 0.0538 282 108 299 138
pottedplant 0.0536 381 188 418 240
pottedplant 0.0527 26 188 58 245
pottedplant 0.0500 405 177 437 229
pottedplant 0.0497 360 228 420 288
pottedplant 0.0492 208 147 233 192
pottedplant 0.0490 195 161 216 194
pottedplant 0.0490 283 86 319 160
pottedplant 0.0486 431 194 454 234
pottedplant 0.0483 225 68 344 162
pottedplant 0.0482 246 75 261 110
pottedplant 0.0481 207 89 235 139
pottedplant 0.0481 200 100 222 136
pottedplant 0.0478 244 75 268 122
pottedplant 0.0470 0 155 41 296
pottedplant 0.0463 232 118 263 180
pottedplant 0.0457 211 98 269 184
pottedplant 0.0457 404 42 454 114
pottedplant 0.0454 391 179 429 233
pottedplant 0.0448 362 179 479 265
pottedplant 0.0445 71 19 189 195
pottedplant 0.0443 194 40 320 149
pottedplant 0.0441 14 146 70 226
pottedplant 0.0437 171 147 198 193
pottedplant 0.0437 452 1 500 97
pottedplant 0.0436 0 120 144 261
pottedplant 0.0429 232 71 263 136
pottedplant 0.0426 23 171 46 201
pottedplant 0.0425 17 187 38 224
pottedplant 0.0422 56 161 85 188
pottedplant 0.0421 10 175 28 230
pottedplant 0.0419 171 25 244 156
pottedplant 0.0417 223 121 244 143
pottedplant 0.0415 196 80 218 117
pottedplant 0.0414 184 163 203 194
pottedplant 0.0413 0 162 16 249
pottedplant 0.0410 20 201 66 254
pottedplant 0.0399 134 3 283 186
pottedplant 0.0394 254 112 288 138
pottedplant 0.0391 47 163 122 225
pottedplant 0.0388 161 131 194 194
pottedplant 0.0388 304 83 337 161
pottedplant 0.0387 0 131 7 173
pottedplant 0.0385 274 93 296 130
pottedplant 0.0384 103 47 250 176
pottedplant 0.0380 223 79 239 121
pottedplant 0.0377 399 53 461 146
pottedplant 0.0375 171 157 222 193
pottedplant 0.0373 203 171 227 193
pottedplant 0.0373 130 41 199 177
pottedplant 0.0369 193 64 318 212
pottedplant 0.0369 178 77 216 142
pottedplant 0.0368 50 167 81 217
pottedplant 0.0367 195 76 237 110
pottedplant 0.0366 194 96 263 142
pottedplant 0.0366 20 175 38 212
pottedplant 0.0364 64 33 81 74
pottedplant 0.0363 5 154 31 232
pottedplant 0.0361 7 95 83 230
pottedplant 0.0360 242 82 256 116
pottedplant 0.0359 210 109 258 150
pottedplant 0.0357 175 166 192 192
pottedplant 0.0356 211 74 261 127
pottedplant 0.0355 256 85 282 129
pottedplant 0.0351 6 193 54 254
pottedplant 0.0347 259 127 281 162
pottedplant 0.0347 18 187 88 235
pottedplant 0.0346 389 194 414 231
pottedplant 0.0343 231 127 258 148
pottedplant 0.0343 28 188 53 224
pottedplant 0.0342 265 76 294 123
pottedplant 0.0342 213 102 231 136
pottedplant 0.0340 256 68 305 132
pottedplant 0.0339 226 76 249 127
pottedplant 0.0336 277 108 301 153
pottedplant 0.0332 377 0 496 165
pottedplant 0.0331 249 72 277 92
pottedplant 0.0329 0 131 17 168
pottedplant 0.0328 183 173 218 193
pottedplant 0.0328 195 95 232 158
pottedplant 0.0327 250 128 300 181
pottedplant 0.0323 369 184 416 222
pottedplant 0.0323 229 116 276 149
pottedplant 0.0321 18 190 70 221
pottedplant 0.0320 209 126 264 173
pottedplant 0.0319 165 167 185 192
pottedplant 0.0319 278 58 500 337
pottedplant 0.0318 0 151 59 246
pottedplant 0.0316 268 123 298 154
pottedplant 0.0316 198 54 389 176
pottedplant 0.0315 33 42 133 173
pottedplant 0.0314 385 191 437 258
pottedplant 0.0313 253 131 268 164
pottedplant 0.0312 0 117 25 253
pottedplant 0.0311 245 117 276 177
pottedplant 0.0308 345 194 403 262
pottedplant 0.0308 269 83 303 139
pottedplant 0.0308 4 181 19 236
pottedplant 0.0307 257 116 282 149
pottedplant 0.0306 211 78 236 119
pottedplant 0.0306 248 84 277 113
pottedplant 0.0303 124 79 285 243
pottedplant 0.0301 26 166 79 192
pottedplant 0.0299 170 175 195 193
pottedplant 0.0298 288 75 347 171
pottedplant 0.0297 41 188 63 224
pottedplant 0.0297 346 186 405 227
pottedplant 0.0295 29 155 149 213
pottedplant 0.0295 400 64 444 119
pottedplant 0.0294 51 206 69 251
pottedplant 0.0294 224 71 296 114
pottedplant 0.0294 285 121 300 157
pottedplant 0.0293 185 141 201 190
pottedplant 0.0291 24 129 82 213
pottedplant 0.0289 243 68 289 104
pottedplant 0.0288 269 70 376 154
pottedplant 0.0287 270 68 325 148
pottedplant 0.0286 193 39 263 140
pottedplant 0.0286 358 179 434 215
pottedplant 0.0286 159 163 193 193
pottedplant 0.0284 404 13 453 91
pottedplant 0.0284 275 79 294 114
pottedplant 0.0284 6 157 49 211
pottedplant 0.0282 460 70 500 93
pottedplant 0.0279 361 198 418 228
pottedplant 0.0278 219 117 244 154
pottedplant 0.0276 369 195 414 267
pottedplant 0.0274 460 194 500 253
pottedplant 0.0273 227 27 369 141
pottedplant 0.0272 259 61 414 247
pottedplant 0.0270 236 126 256 161
pottedplant 0.0268 347 212 440 272
pottedplant 0.0267 9 34 88 171
pottedplant 0.0266 249 102 269 141
pottedplant 0.0266 244 141 263 175
pottedplant 0.0266 239 86 257 130
pottedplant 0.0264 424 74 449 105
pottedplant 0.0264 379 0 473 78
pottedplant 0.0263 296 74 327 138
pottedplant 0.0262 368 204 451 241
pottedplant 0.0261 48 188 69 228
pottedplant 0.0260 42 206 61 247
pottedplant 0.0258 47 176 71 214
pottedplant 0.0258 270 112 303 173
pottedplant 0.0257 399 190 421 226
pottedplant 0.0255 15 112 151 181
pottedplant 0.0253 220 129 296 164
pottedplant 0.0252 273 106 325 183
pottedplant 0.0252 409 0 484 60
pottedplant 0.0251 21 155 94 194
pottedplant 0.0250 0 126 29 186
pottedplant 0.0250 58 166 84 204
pottedplant 0.0249 1 70 34 133
pottedplant 0.0248 415 66 470 105
pottedplant 0.0246 27 174 54 212
pottedplant 0.0246 62 156 104 211
pottedplant 0.0246 21 169 37 193
pottedplant 0.0245 293 116 306 139
pottedplant 0.0244 409 202 432 232
pottedplant 0.0244 23 173 63 193
pottedplant 0.0244 242 135 267 160
pottedplant 0.0243 120 2 161 57
pottedplant 0.0242 210 147 249 198
pottedplant 0.0240 160 166 177 192
pottedplant 0.0238 230 78 246 110
pottedplant 0.0237 243 80 254 102
pottedplant 0.0236 453 48 500 99
pottedplant 0.0236 1 85 17 134
pottedplant 0.0235 281 59 462 164
pottedplant 0.0235 412 0 468 34
pottedplant 0.0235 11 198 26 237
pottedplant 0.0233 247 72 260 95
pottedplant 0.0233 3 187 30 256
pottedplant 0.0232 324 0 378 62
pottedplant 0.0232 0 178 12 283
pottedplant 0.0231 377 194 442 231
pottedplant 0.0230 0 171 8 254
pottedplant 0.0229 0 83 22 170
pottedplant 0.0229 261 73 289 91
pottedplant 0.0229 249 104 292 127
pottedplant 0.0229 189 91 210 138
pottedplant 0.0229 372 0 401 54
pottedplant 0.0229 2 97 34 170
pottedplant 0.0229 0 120 18 204
pottedplant 0.0228 220 128 251 147
pottedplant 0.0227 288 107 311 147
pottedplant 0.0226 228 87 294 125
pottedplant 0.0226 184 71 282 126
pottedplant 0.0226 220 152 238 188
pottedplant 0.0226 207 110 236 149
pottedplant 0.0225 191 149 219 181
pottedplant 0.0225 39 173 63 210
pottedplant 0.0224 1 143 16 189
pottedplant 0.0224 0 97 11 177
pottedplant 0.0224 392 0 437 66
pottedplant 0.0224 213 123 237 141
pottedplant 0.0223 28 209 56 261
pottedplant 0.0223 292 128 308 155
pottedplant 0.0222 113 79 255 149
pottedplant 0.0222 249 96 290 119
pottedplant 0.0221 0 96 189 205
pottedplant 0.0221 412 212 443 234
pottedplant 0.0220 51 160 86 177
pottedplant 0.0219 23 197 47 235
pottedplant 0.0218 284 100 299 125
pottedplant 0.0218 294 104 324 165
pottedplant 0.0218 233 4 465 158
pottedplant 0.0217 223 127 240 157
pottedplant 0.0216 6 111 72 176
pottedplant 0.0216 215 77 241 103
pottedplant 0.0216 194 121 247 159
pottedplant 0.0215 0 134 10 239
pottedplant 0.0214 348 19 438 146
pottedplant 0.0212 254 2 329 120
pottedplant 0.0211 2 200 18 249
pottedplant 0.0210 407 65 447 83
pottedplant 0.0209 288 119 313 161
pottedplant 0.0208 162 173 206 194
pottedplant 0.0208 399 56 492 100
pottedplant 0.0208 32 213 68 249
pottedplant 0.0208 221 75 254 108
pottedplant 0.0206 258 129 295 148
pottedplant 0.0206 417 9 472 87
pottedplant 0.0206 0 133 5 199
pottedplant 0.0205 1 121 40 223
pottedplant 0.0205 376 0 417 64
pottedplant 0.0204 10 88 152 156
pottedplant 0.0204 420 67 453 94
pottedplant 0.0203 453 0 499 49
pottedplant 0.0203 15 164 70 199
pottedplant 0.0202 246 79 279 100
pottedplant 0.0201 14 168 27 207
pottedplant 0.0201 0 16 130 247
pottedplant 0.0200 36 165 75 181
pottedplant 0.0200 4 159 18 216
pottedplant 0.0200 222 116 256 137
sofa 0.3956 271 136 500 321
sofa 0.0915 293 115 500 245
sofa 0.0754 119 142 439 364
sofa 0.0253 265 44 500 227
sofa 0.0226 320 85 500 174
sofa 0.0207 0 110 337 351
sofa 0.0202 333 129 500 180
train 0.0415 55 29 250 356
tvmonitor 0.0712 194 135 233 191
tvmonitor 0.0538 208 133 243 188
tvmonitor 0.0481 231 131 262 188
tvmonitor 0.0430 239 150 257 186
tvmonitor 0.0393 460 70 499 97
tvmonitor 0.0357 198 133 239 169
tvmonitor 0.0315 261 129 297 172
tvmonitor 0.0311 227 145 252 188
tvmonitor 0.0309 211 141 233 184
tvmonitor 0.0297 203 138 229 176
tvmonitor 0.0284 221 143 239 184
tvmonitor 0.0279 460 71 499 125
tvmonitor 0.0266 216 149 262 192
tvmonitor 0.0255 233 151 270 196
tvmonitor 0.0227 243 129 274 193
tvmonitor 0.0208 244 155 264 185
tvmonitor 0.0203 348 80 377 111
tvmonitor 0.0203 248 140 269 184
tvmonitor 0.0201 407 54 500 99
