aeroplane 0.0402 63 27 450 249
aeroplane 0.0215 339 85 498 157
bus 0.1259 404 133 498 161
bus 0.0629 0 0 474 333
bus 0.0356 457 130 500 161
bus 0.0348 384 116 500 162
bus 0.0237 451 110 498 160
bus 0.0201 410 84 498 166
car 0.9526 102 109 417 223
car 0.1004 419 132 498 159
car 0.0831 457 135 499 159
car 0.0681 0 9 459 190
car 0.0669 375 119 407 156
car 0.0622 241 111 418 210
car 0.0589 477 135 499 158
car 0.0563 59 57 339 211
car 0.0548 345 117 415 207
car 0.0507 340 110 491 164
car 0.0477 328 116 407 149
car 0.0421 372 119 406 139
car 0.0391 373 121 415 179
car 0.0378 488 134 500 161
car 0.0350 372 125 488 156
car 0.0336 374 184 414 197
car 0.0331 406 137 474 158
car 0.0326 444 143 488 159
car 0.0300 101 132 181 216
car 0.0298 0 136 19 163
car 0.0291 357 119 410 145
car 0.0286 378 137 415 200
car 0.0269 100 109 236 210
car 0.0260 360 123 432 156
car 0.0259 313 114 413 176
car 0.0255 294 114 387 146
car 0.0243 244 112 413 163
car 0.0239 209 198 304 228
car 0.0234 429 140 482 158
car 0.0228 0 134 10 164
car 0.0224 480 140 499 167
car 0.0220 419 144 465 159
car 0.0212 137 177 392 240
car 0.0202 461 140 487 162
chair 0.0255 0 17 448 333
person 0.0993 258 120 277 146
person 0.0648 245 121 265 146
person 0.0627 0 0 337 333
person 0.0620 0 0 202 265
person 0.0490 231 119 269 146
person 0.0343 216 123 241 149
person 0.0296 263 118 284 144
person 0.0280 245 115 276 148
person 0.0280 42 0 264 193
person 0.0275 226 119 248 147
person 0.0267 208 115 256 148
person 0.0266 452 137 475 161
person 0.0226 221 129 260 146
person 0.0210 275 119 293 145
person 0.0209 257 123 271 140
person 0.0203 213 116 297 145
pottedplant 0.0287 142 223 213 333
pottedplant 0.0263 217 232 290 333
pottedplant 0.0230 173 235 217 333
sofa 0.0682 46 27 384 256
sofa 0.0271 57 0 298 200
sofa 0.0269 0 0 500 314
train 0.0653 380 126 500 161
train 0.0204 397 88 500 163
