bottle 0.1169 28 83 251 374
bottle 0.0409 124 141 177 265
bottle 0.0387 195 196 282 375
bottle 0.0314 119 221 217 371
bottle 0.0313 163 212 246 372
bottle 0.0298 1 52 32 115
bottle 0.0250 127 147 214 333
bottle 0.0236 386 187 473 375
bottle 0.0234 159 151 244 329
bottle 0.0210 217 159 305 370
cat 0.1693 12 41 333 375
cat 0.0589 24 169 265 375
chair 0.0618 87 131 236 372
chair 0.0401 8 202 229 372
chair 0.0374 178 126 302 375
chair 0.0323 0 93 205 352
chair 0.0317 387 39 500 346
chair 0.0315 147 152 258 372
chair 0.0281 0 34 115 375
chair 0.0275 186 245 491 371
chair 0.0263 75 250 240 372
chair 0.0246 261 156 480 375
chair 0.0215 149 210 338 375
chair 0.0210 285 303 479 370
chair 0.0207 167 308 375 370
chair 0.0203 63 319 227 372
chair 0.0201 136 265 219 372
diningtable 0.0325 109 150 492 375
diningtable 0.0321 4 254 246 372
diningtable 0.0260 0 191 355 375
person 0.7840 196 46 473 368
person 0.1568 73 27 391 355
person 0.1471 128 68 308 353
person 0.0878 73 120 209 369
person 0.0791 120 139 180 273
person 0.0773 207 53 329 369
person 0.0648 97 117 188 301
person 0.0637 98 69 240 287
person 0.0522 140 120 257 289
person 0.0494 186 124 290 343
person 0.0493 356 48 481 352
person 0.0403 3 53 192 369
person 0.0387 220 78 311 264
person 0.0364 140 143 219 266
person 0.0334 214 44 415 263
person 0.0333 199 100 281 259
person 0.0275 235 60 337 215
person 0.0237 302 61 431 304
person 0.0213 345 57 434 214
tvmonitor 0.2523 12 24 382 369
tvmonitor 0.1689 13 43 212 360
tvmonitor 0.1053 11 21 276 243
tvmonitor 0.1021 0 12 366 132
tvmonitor 0.0815 9 1 411 84
tvmonitor 0.0697 0 0 469 192
tvmonitor 0.0602 45 14 266 90
tvmonitor 0.0515 194 32 418 286
tvmonitor 0.0491 157 7 412 160
tvmonitor 0.0433 0 44 90 278
tvmonitor 0.0425 88 52 244 284
tvmonitor 0.0423 2 54 150 218
tvmonitor 0.0389 190 19 445 99
tvmonitor 0.0375 6 3 216 70
tvmonitor 0.0370 53 39 231 172
tvmonitor 0.0363 177 181 494 375
tvmonitor 0.0359 115 20 341 87
tvmonitor 0.0326 33 92 186 259
tvmonitor 0.0325 26 45 211 117
tvmonitor 0.0320 214 45 433 133
tvmonitor 0.0310 136 0 500 333
tvmonitor 0.0307 167 0 474 69
tvmonitor 0.0302 46 57 166 157
tvmonitor 0.0300 1 21 171 148
tvmonitor 0.0298 79 67 260 138
tvmonitor 0.0276 275 54 473 290
tvmonitor 0.0259 91 43 307 113
tvmonitor 0.0255 102 133 191 251
tvmonitor 0.0244 187 48 355 119
tvmonitor 0.0235 61 6 261 53
tvmonitor 0.0231 290 20 476 91
tvmonitor 0.0223 0 233 238 374
tvmonitor 0.0221 84 69 195 184
tvmonitor 0.0216 0 36 95 139
tvmonitor 0.0209 222 51 445 202
tvmonitor 0.0209 459 328 500 375
tvmonitor 0.0208 298 50 470 127
tvmonitor 0.0208 57 0 172 87
tvmonitor 0.0207 215 57 325 161
tvmonitor 0.0204 313 26 496 212
tvmonitor 0.0203 39 0 227 33
tvmonitor 0.0201 125 80 273 249
