aeroplane 0.0712 0 58 489 220
bicycle 0.0881 432 169 457 216
bicycle 0.0465 410 174 454 217
bicycle 0.0235 438 169 462 202
car 0.0285 347 93 408 125
car 0.0274 351 106 403 126
car 0.0211 387 181 451 216
person 0.2110 433 167 453 216
person 0.1476 440 167 456 210
person 0.0998 435 162 449 199
person 0.0784 427 163 446 213
person 0.0702 449 168 462 197
person 0.0681 419 170 451 217
person 0.0637 46 163 56 187
person 0.0631 345 85 391 126
person 0.0593 345 93 365 126
person 0.0542 99 166 112 187
person 0.0532 431 163 442 195
person 0.0519 392 171 444 217
person 0.0519 50 162 66 187
person 0.0480 76 157 90 185
person 0.0470 127 154 143 186
person 0.0462 54 162 76 186
person 0.0445 234 177 249 195
person 0.0437 80 161 97 187
person 0.0433 41 164 52 186
person 0.0411 89 168 106 186
person 0.0400 65 163 82 186
person 0.0398 349 101 373 128
person 0.0395 345 83 362 115
person 0.0385 443 164 456 191
person 0.0384 392 179 414 215
person 0.0362 428 148 456 208
person 0.0345 115 152 142 188
person 0.0342 245 179 260 197
person 0.0341 236 182 247 194
person 0.0338 436 157 459 199
person 0.0325 129 149 143 175
person 0.0323 444 174 462 211
person 0.0318 100 162 121 187
person 0.0317 367 87 390 116
person 0.0316 410 151 443 215
person 0.0311 425 149 443 199
person 0.0306 239 183 253 194
person 0.0300 458 174 469 192
person 0.0299 342 101 359 129
person 0.0298 51 140 80 184
person 0.0295 73 149 93 187
person 0.0293 350 108 395 125
person 0.0293 436 159 446 184
person 0.0290 78 161 113 187
person 0.0289 77 144 101 185
person 0.0286 98 153 115 181
person 0.0283 98 151 135 187
person 0.0280 48 153 72 186
person 0.0276 431 156 440 183
person 0.0269 479 115 499 151
person 0.0268 86 155 106 182
person 0.0266 475 88 500 155
person 0.0262 40 160 50 179
person 0.0260 51 119 90 186
person 0.0256 333 83 365 127
person 0.0255 77 143 92 178
person 0.0252 453 165 463 187
person 0.0250 41 155 58 187
person 0.0244 374 94 396 118
person 0.0237 275 128 293 156
person 0.0237 91 148 121 185
person 0.0235 112 163 133 189
person 0.0228 34 154 53 186
person 0.0228 123 152 139 176
person 0.0223 57 157 85 188
person 0.0218 74 168 94 187
person 0.0217 417 172 437 210
person 0.0216 233 176 257 199
person 0.0215 359 100 397 123
person 0.0213 105 135 144 189
person 0.0212 32 166 43 186
person 0.0212 455 177 470 201
person 0.0208 78 142 118 189
person 0.0204 80 135 98 174
person 0.0203 51 143 67 177
person 0.0201 367 104 392 127
person 0.0200 71 118 103 184
train 0.8294 23 93 457 210
train 0.0975 45 103 288 197
train 0.0958 239 85 448 219
train 0.0618 2 0 464 235
train 0.0582 48 115 92 184
train 0.0558 356 97 460 216
train 0.0535 46 111 150 188
train 0.0492 0 81 464 333
train 0.0379 396 114 454 217
train 0.0316 462 120 482 148
train 0.0309 461 79 496 153
train 0.0285 316 170 454 216
train 0.0280 146 84 425 168
train 0.0265 460 114 499 150
train 0.0262 19 119 63 182
train 0.0254 267 83 404 130
train 0.0252 7 98 120 184
train 0.0250 462 105 496 173
train 0.0247 60 14 231 193
train 0.0232 390 172 451 218
train 0.0230 469 122 491 150
train 0.0224 414 86 486 215
train 0.0209 333 83 399 127
train 0.0202 472 100 500 156
train 0.0201 331 81 454 173
train 0.0201 4 118 45 182
