bicycle 0.0484 42 111 290 242
boat 0.0356 0 46 178 141
boat 0.0330 0 0 486 210
bus 0.0295 246 126 263 151
bus 0.0265 235 123 278 156
bus 0.0247 245 123 304 155
bus 0.0228 138 120 213 154
car 0.9384 285 144 409 243
car 0.9372 105 149 234 243
car 0.7062 439 131 500 167
car 0.2144 158 144 368 247
car 0.1035 245 132 263 154
car 0.0943 243 141 277 156
car 0.0931 0 132 50 170
car 0.0900 476 133 500 167
car 0.0860 442 133 473 165
car 0.0806 0 137 21 172
car 0.0752 239 141 257 158
car 0.0739 378 138 402 150
car 0.0724 436 136 452 162
car 0.0688 233 138 246 161
car 0.0666 452 142 500 165
car 0.0625 242 138 253 156
car 0.0621 486 126 500 164
car 0.0578 452 128 500 154
car 0.0568 412 138 436 148
car 0.0568 396 139 415 148
car 0.0556 368 133 402 155
car 0.0556 421 138 444 149
car 0.0554 246 134 290 154
car 0.0540 266 142 293 155
car 0.0540 282 140 291 156
car 0.0540 389 136 402 154
car 0.0538 0 133 45 153
car 0.0533 272 137 288 153
car 0.0525 405 139 426 148
car 0.0509 9 135 59 150
car 0.0508 376 142 399 158
car 0.0502 0 132 10 172
car 0.0501 438 131 460 161
car 0.0490 480 129 500 149
car 0.0477 490 139 500 167
car 0.0469 7 129 53 146
car 0.0468 486 132 497 145
car 0.0463 372 139 393 152
car 0.0458 281 152 338 235
car 0.0452 384 139 404 158
car 0.0451 225 143 249 158
car 0.0449 290 139 302 153
car 0.0447 279 143 300 155
car 0.0437 463 129 498 146
car 0.0432 0 131 27 158
car 0.0426 243 143 267 161
car 0.0423 368 147 405 230
car 0.0422 6 140 93 171
car 0.0421 416 140 442 157
car 0.0418 30 129 57 147
car 0.0418 232 136 261 160
car 0.0411 262 134 279 155
car 0.0410 429 138 444 153
car 0.0406 133 149 175 164
car 0.0398 169 156 236 239
car 0.0397 125 148 191 167
car 0.0397 269 130 298 155
car 0.0394 29 136 66 150
car 0.0389 485 128 500 142
car 0.0386 1 127 17 154
car 0.0385 427 140 444 160
car 0.0382 379 133 403 146
car 0.0382 187 155 211 171
car 0.0380 241 139 264 152
car 0.0379 419 135 450 161
car 0.0378 241 125 270 154
car 0.0376 155 149 195 162
car 0.0370 361 139 400 162
car 0.0367 489 122 500 150
car 0.0366 0 124 59 158
car 0.0366 255 139 298 156
car 0.0358 413 148 447 162
car 0.0352 382 139 396 151
car 0.0351 122 151 151 173
car 0.0350 282 139 300 152
car 0.0347 286 143 307 154
car 0.0346 159 125 209 157
car 0.0346 284 192 303 235
car 0.0344 299 140 310 152
car 0.0344 216 137 246 161
car 0.0341 370 148 402 165
car 0.0341 147 147 211 166
car 0.0339 107 148 172 229
car 0.0333 165 152 206 169
car 0.0332 271 158 314 224
car 0.0328 111 151 146 217
car 0.0328 251 128 308 155
car 0.0328 1 130 33 144
car 0.0326 181 154 215 178
car 0.0324 194 159 216 177
car 0.0323 0 126 9 158
car 0.0322 473 125 499 137
car 0.0316 447 122 500 144
car 0.0313 21 139 64 156
car 0.0309 398 139 407 153
car 0.0308 193 177 234 240
car 0.0307 0 146 37 172
car 0.0306 229 128 248 161
car 0.0305 354 148 391 165
car 0.0305 105 148 208 204
car 0.0304 385 142 402 170
car 0.0303 359 143 390 156
car 0.0303 408 141 434 156
car 0.0303 390 142 418 155
car 0.0302 343 155 407 244
car 0.0300 128 151 214 178
car 0.0299 176 150 209 163
car 0.0297 382 135 424 151
car 0.0296 376 136 407 161
car 0.0296 250 146 286 160
car 0.0296 401 135 445 152
car 0.0294 435 129 486 156
car 0.0293 375 135 393 148
car 0.0293 306 140 318 151
car 0.0291 465 149 500 168
car 0.0290 421 140 435 155
car 0.0288 137 133 209 162
car 0.0288 225 146 314 244
car 0.0287 255 190 281 218
car 0.0286 139 143 171 153
car 0.0282 399 137 411 147
car 0.0281 371 144 389 160
car 0.0281 368 141 384 152
car 0.0275 3 122 16 146
car 0.0274 476 128 494 140
car 0.0273 283 179 315 236
car 0.0273 194 154 208 167
car 0.0272 379 146 398 169
car 0.0272 295 143 316 154
car 0.0272 70 143 109 155
car 0.0271 406 140 416 153
car 0.0270 236 142 283 162
car 0.0270 353 145 402 181
car 0.0270 461 124 494 136
car 0.0267 402 141 423 156
car 0.0264 311 140 325 151
car 0.0264 114 152 142 178
car 0.0260 265 147 296 160
car 0.0260 14 131 106 162
car 0.0259 278 148 381 203
car 0.0257 113 150 163 185
car 0.0255 164 127 192 149
car 0.0255 307 148 340 164
car 0.0254 151 143 186 154
car 0.0253 0 157 35 175
car 0.0251 373 140 401 173
car 0.0251 144 130 198 152
car 0.0250 225 124 274 159
car 0.0250 309 143 327 156
car 0.0249 18 127 73 148
car 0.0248 280 149 331 199
car 0.0245 187 157 226 222
car 0.0243 439 137 450 152
car 0.0243 424 137 437 147
car 0.0242 412 139 424 153
car 0.0241 439 148 500 178
car 0.0240 129 140 191 158
car 0.0239 195 142 207 160
car 0.0238 148 139 169 147
car 0.0237 2 112 82 164
car 0.0237 278 145 298 161
car 0.0237 416 138 429 147
car 0.0237 315 142 397 176
car 0.0237 166 142 203 154
car 0.0236 409 138 421 147
car 0.0236 138 146 156 157
car 0.0235 367 143 377 155
car 0.0233 157 135 188 148
car 0.0233 153 138 179 148
car 0.0233 24 133 90 152
car 0.0232 318 144 346 155
car 0.0231 73 136 108 150
car 0.0231 285 131 312 154
car 0.0230 172 152 198 164
car 0.0230 342 144 373 155
car 0.0230 304 142 320 155
car 0.0230 466 131 495 161
car 0.0230 193 132 207 155
car 0.0229 393 149 431 163
car 0.0227 2 148 76 181
car 0.0225 315 144 333 157
car 0.0223 227 140 240 159
car 0.0223 143 146 165 157
car 0.0222 6 127 30 152
car 0.0221 303 149 330 175
car 0.0221 413 139 484 171
car 0.0219 119 150 147 164
car 0.0219 80 132 109 144
car 0.0219 36 130 78 145
car 0.0219 277 134 306 157
car 0.0219 388 133 464 161
car 0.0218 176 152 220 191
car 0.0218 90 143 108 156
car 0.0218 432 137 444 147
car 0.0217 327 145 356 154
car 0.0217 90 137 108 151
car 0.0217 338 148 377 163
car 0.0216 5 126 42 143
car 0.0215 286 147 305 162
car 0.0215 485 122 500 137
car 0.0214 175 133 206 164
car 0.0213 151 144 228 173
car 0.0212 323 149 358 162
car 0.0212 38 140 108 159
car 0.0212 31 135 56 160
car 0.0212 149 141 162 150
car 0.0211 0 136 32 186
car 0.0211 432 141 441 151
car 0.0209 434 135 456 151
car 0.0209 424 134 443 144
car 0.0209 17 125 56 142
car 0.0208 23 126 48 149
car 0.0208 473 120 498 133
car 0.0208 357 139 380 148
car 0.0208 0 112 31 173
car 0.0207 0 119 44 147
car 0.0205 202 154 212 168
car 0.0204 415 141 423 151
car 0.0204 276 182 382 241
car 0.0204 178 147 214 170
car 0.0203 394 140 407 159
car 0.0203 391 137 401 148
car 0.0202 43 136 92 149
car 0.0202 333 141 392 160
car 0.0202 481 150 500 167
car 0.0202 33 141 83 156
car 0.0201 317 141 331 151
car 0.0201 128 144 153 154
car 0.0201 424 141 433 151
car 0.0201 93 133 108 146
car 0.0200 430 145 458 164
chair 0.0293 80 0 396 97
horse 0.0220 0 0 500 246
motorbike 0.0667 25 83 249 247
person 0.1343 0 0 190 317
person 0.1136 0 0 491 178
person 0.0556 0 0 500 375
person 0.0509 290 140 298 155
person 0.0421 27 0 341 259
person 0.0414 298 141 306 155
person 0.0365 306 141 314 154
person 0.0335 283 189 305 237
person 0.0328 114 153 131 181
person 0.0303 313 142 323 154
person 0.0300 383 147 402 179
person 0.0292 166 129 186 152
person 0.0289 0 86 219 247
person 0.0276 169 141 184 157
person 0.0259 311 143 324 159
person 0.0244 112 158 129 196
person 0.0244 100 131 110 149
person 0.0244 319 143 329 154
person 0.0242 163 136 177 152
person 0.0238 118 150 139 175
person 0.0229 106 161 136 235
person 0.0228 375 147 402 192
person 0.0226 477 132 491 144
person 0.0225 156 142 165 153
person 0.0224 149 144 157 153
person 0.0224 305 147 327 177
person 0.0213 59 0 162 126
person 0.0210 162 145 176 159
person 0.0210 142 145 150 154
person 0.0210 163 132 192 161
person 0.0208 95 134 106 149
person 0.0208 181 153 204 172
person 0.0206 317 145 330 159
person 0.0203 185 153 201 167
person 0.0202 175 141 192 157
person 0.0202 303 146 318 168
person 0.0201 367 147 392 174
person 0.0201 255 188 280 218
person 0.0200 175 153 192 166
person 0.0200 195 158 217 185
sofa 0.0354 0 0 493 375
tvmonitor 0.0232 154 124 206 154
