bottle 0.0369 0 278 246 329
bottle 0.0212 138 283 231 332
bottle 0.0203 0 35 95 292
cat 0.5015 233 19 496 327
cat 0.1375 185 184 494 331
cat 0.1349 370 14 496 268
cat 0.0798 274 0 500 191
cat 0.0763 400 18 495 178
cat 0.0665 335 75 496 333
cat 0.0648 201 267 414 329
cat 0.0597 237 119 432 333
cat 0.0506 6 102 500 333
cat 0.0428 393 10 500 107
cat 0.0359 398 85 500 207
cat 0.0316 194 2 490 124
cat 0.0298 308 64 486 201
cat 0.0290 419 62 494 162
cat 0.0276 197 210 372 329
cat 0.0245 280 96 432 236
cat 0.0244 118 0 457 257
cat 0.0211 322 218 496 332
cat 0.0209 403 109 492 175
cat 0.0201 274 265 484 329
cat 0.0201 378 118 486 229
chair 0.0441 0 179 384 333
chair 0.0337 243 7 494 113
chair 0.0312 366 0 496 188
chair 0.0245 324 12 487 86
chair 0.0217 272 8 486 225
diningtable 0.0277 172 7 500 306
diningtable 0.0258 287 22 500 156
dog 0.0351 88 232 412 330
dog 0.0343 412 79 497 192
dog 0.0280 220 223 500 332
dog 0.0201 165 279 334 331
person 0.8320 9 0 375 327
person 0.2551 160 13 475 328
person 0.0464 180 54 310 320
person 0.0449 203 127 352 328
person 0.0396 385 60 500 333
person 0.0377 0 219 329 327
person 0.0357 422 6 465 54
person 0.0346 433 225 495 332
person 0.0344 4 7 138 320
person 0.0281 211 202 314 325
person 0.0280 131 191 346 331
person 0.0279 93 0 297 279
person 0.0275 434 5 484 55
person 0.0274 412 153 496 333
person 0.0273 85 1 278 58
person 0.0252 192 225 293 305
person 0.0249 105 271 312 330
person 0.0247 407 11 481 63
person 0.0240 417 11 495 121
person 0.0237 219 147 310 293
person 0.0233 237 197 306 296
person 0.0230 8 0 321 126
person 0.0228 83 285 246 331
person 0.0226 464 166 499 253
person 0.0219 417 94 496 242
person 0.0217 0 156 237 331
person 0.0216 394 3 439 52
person 0.0213 222 12 364 282
person 0.0206 7 138 88 302
pottedplant 0.0238 0 11 72 128
tvmonitor 0.0259 11 3 290 102
tvmonitor 0.0239 6 0 139 253
