bicycle 0.0363 222 177 270 230
bird 0.0231 94 383 262 480
bottle 0.0281 0 0 24 95
chair 0.0202 159 199 226 297
horse 0.7402 108 212 237 389
horse 0.7093 210 175 312 300
horse 0.4675 249 101 320 173
horse 0.4671 139 184 293 349
horse 0.3642 91 196 316 401
horse 0.3386 216 121 319 260
horse 0.1745 145 198 244 321
horse 0.1701 209 165 284 253
horse 0.1622 179 176 273 298
horse 0.1409 216 92 325 193
horse 0.1179 251 113 303 159
horse 0.0984 246 189 309 279
horse 0.0907 236 103 308 223
horse 0.0770 0 0 329 429
horse 0.0689 141 85 332 307
horse 0.0636 251 116 284 175
horse 0.0633 206 130 303 208
horse 0.0603 156 215 227 372
horse 0.0590 198 163 318 402
horse 0.0586 107 221 149 316
horse 0.0568 258 125 310 173
horse 0.0534 104 213 184 338
horse 0.0486 218 167 265 305
horse 0.0457 107 233 168 393
horse 0.0448 254 160 310 237
horse 0.0439 136 267 256 382
horse 0.0415 175 244 324 373
horse 0.0408 58 195 201 389
horse 0.0388 124 219 217 317
horse 0.0357 259 102 313 145
horse 0.0334 263 147 304 175
horse 0.0334 89 269 267 440
horse 0.0334 262 189 307 247
horse 0.0331 214 221 296 303
horse 0.0326 252 122 285 148
horse 0.0315 281 109 311 175
horse 0.0310 216 185 273 240
horse 0.0278 187 241 232 383
horse 0.0261 137 298 313 410
horse 0.0252 129 229 196 386
horse 0.0247 159 242 228 319
horse 0.0241 244 139 316 203
horse 0.0228 104 285 222 398
horse 0.0216 284 149 310 174
horse 0.0215 261 96 327 214
horse 0.0212 205 43 331 270
horse 0.0207 252 130 277 155
horse 0.0200 273 93 324 155
person 0.8047 162 164 222 326
person 0.7235 224 139 267 236
person 0.5039 217 149 276 293
person 0.2881 179 169 249 310
person 0.2498 128 165 237 356
person 0.1775 202 152 256 234
person 0.1324 192 166 232 282
person 0.1252 195 168 232 230
person 0.1172 201 169 227 211
person 0.1095 226 140 256 170
person 0.1039 242 154 268 241
person 0.0978 223 139 260 197
person 0.0971 175 212 226 378
person 0.0965 229 170 287 262
person 0.0920 107 219 145 301
person 0.0852 3 0 332 434
person 0.0795 0 0 141 500
person 0.0779 164 169 220 234
person 0.0777 226 141 245 180
person 0.0737 189 193 230 326
person 0.0736 106 225 169 376
person 0.0678 232 111 302 217
person 0.0651 225 149 247 214
person 0.0632 197 169 222 197
person 0.0627 256 141 269 170
person 0.0607 205 182 243 313
person 0.0587 196 136 271 211
person 0.0565 232 145 265 176
person 0.0559 179 168 246 239
person 0.0543 218 160 244 228
person 0.0542 108 219 124 260
person 0.0536 244 144 266 196
person 0.0507 223 156 242 196
person 0.0493 273 92 289 134
person 0.0493 26 113 44 149
person 0.0490 195 250 229 331
person 0.0488 176 165 227 201
person 0.0485 253 130 273 176
person 0.0482 251 145 266 168
person 0.0482 254 154 269 183
person 0.0478 169 166 197 193
person 0.0477 248 150 266 177
person 0.0477 112 222 202 329
person 0.0472 112 219 140 242
person 0.0464 140 188 219 293
person 0.0457 269 102 286 143
person 0.0452 217 171 252 274
person 0.0449 226 174 244 222
person 0.0445 195 269 229 381
person 0.0443 261 103 293 146
person 0.0438 110 218 142 262
person 0.0436 255 189 297 281
person 0.0433 217 100 270 218
person 0.0431 239 158 302 242
person 0.0430 126 217 140 260
person 0.0428 139 214 211 374
person 0.0414 107 218 165 272
person 0.0413 202 165 245 207
person 0.0410 229 160 254 227
person 0.0410 248 183 272 241
person 0.0409 240 187 263 247
person 0.0388 180 165 204 187
person 0.0387 107 220 128 243
person 0.0385 248 161 266 209
person 0.0385 164 173 194 227
person 0.0379 252 149 269 203
person 0.0377 290 137 306 175
person 0.0375 234 127 275 180
person 0.0371 263 111 282 149
person 0.0368 190 167 211 186
person 0.0360 123 222 173 294
person 0.0358 248 98 289 168
person 0.0357 165 216 199 313
person 0.0349 165 163 209 202
person 0.0349 188 165 215 199
person 0.0347 255 148 276 174
person 0.0345 205 140 252 190
person 0.0344 109 224 133 284
person 0.0341 136 223 177 326
person 0.0336 265 186 304 257
person 0.0334 243 141 261 181
person 0.0333 106 173 162 317
person 0.0330 121 219 142 280
person 0.0329 236 179 268 288
person 0.0325 234 136 259 158
person 0.0324 206 167 231 190
person 0.0321 133 167 217 250
person 0.0320 165 164 206 271
person 0.0320 231 102 306 159
person 0.0320 264 132 279 171
person 0.0319 237 143 255 184
person 0.0316 256 196 274 238
person 0.0314 106 198 134 265
person 0.0311 253 139 267 158
person 0.0307 278 102 295 142
person 0.0306 160 109 306 296
person 0.0304 269 102 304 142
person 0.0302 231 180 262 230
person 0.0300 209 177 240 241
person 0.0293 231 190 249 229
person 0.0293 236 132 265 166
person 0.0292 254 115 282 163
person 0.0285 158 228 186 314
person 0.0280 199 166 213 193
person 0.0279 238 199 255 245
person 0.0278 242 135 265 156
person 0.0275 124 220 145 242
person 0.0274 168 170 190 208
person 0.0273 247 201 266 248
person 0.0271 207 255 225 325
person 0.0271 164 184 183 229
person 0.0270 252 123 276 153
person 0.0269 227 193 244 235
person 0.0268 235 155 265 212
person 0.0266 265 149 294 173
person 0.0261 51 132 66 171
person 0.0260 111 222 122 243
person 0.0259 239 134 284 196
person 0.0256 203 175 227 258
person 0.0256 211 312 228 380
person 0.0255 264 205 304 298
person 0.0252 275 88 288 117
person 0.0249 206 262 236 349
person 0.0248 266 163 301 236
person 0.0245 231 195 275 240
person 0.0243 159 227 227 310
person 0.0241 169 159 234 216
person 0.0239 229 150 280 207
person 0.0236 263 201 280 242
person 0.0235 209 179 229 227
person 0.0235 285 102 301 142
person 0.0233 214 169 235 199
person 0.0233 286 146 303 177
person 0.0231 223 162 235 185
person 0.0231 46 134 66 153
person 0.0231 253 192 297 239
person 0.0230 269 109 293 162
person 0.0226 259 154 282 177
person 0.0226 285 99 322 175
person 0.0225 201 181 220 233
person 0.0224 281 133 296 174
person 0.0221 239 139 254 163
person 0.0220 227 186 260 303
person 0.0219 216 147 241 187
person 0.0218 142 165 200 225
person 0.0216 287 117 310 176
person 0.0216 269 133 284 171
person 0.0215 223 148 238 173
person 0.0212 246 140 259 164
person 0.0211 197 173 216 217
person 0.0210 243 210 258 253
person 0.0209 197 158 236 196
person 0.0209 209 237 231 319
person 0.0209 266 99 281 135
person 0.0208 212 89 294 249
person 0.0208 276 133 291 173
person 0.0208 221 167 234 194
person 0.0207 216 177 236 220
person 0.0207 206 185 257 228
person 0.0205 111 151 214 302
person 0.0205 175 171 200 204
person 0.0204 278 166 310 236
person 0.0204 205 161 228 177
person 0.0203 251 151 275 232
person 0.0202 127 221 139 241
pottedplant 0.0258 246 298 330 397
pottedplant 0.0202 44 224 215 381
