bicycle 0.8426 138 6 358 344
bicycle 0.1382 137 0 289 252
bicycle 0.1158 177 151 359 341
bicycle 0.0810 7 74 400 356
bicycle 0.0718 213 54 409 346
bicycle 0.0711 196 33 337 255
bicycle 0.0693 168 0 218 35
bicycle 0.0623 134 66 216 230
bicycle 0.0555 151 1 347 173
bicycle 0.0551 162 31 500 375
bicycle 0.0518 259 47 341 170
bicycle 0.0420 140 69 253 281
bicycle 0.0356 90 225 361 345
bicycle 0.0351 0 1 299 285
bicycle 0.0336 161 0 246 58
bicycle 0.0333 168 74 316 313
bicycle 0.0313 128 143 217 239
bicycle 0.0309 219 53 357 193
bicycle 0.0282 133 2 274 136
bicycle 0.0271 129 44 217 161
bicycle 0.0266 148 26 247 186
bicycle 0.0257 89 0 211 255
bicycle 0.0234 250 128 499 342
bicycle 0.0231 11 34 165 308
bicycle 0.0222 264 70 346 232
bicycle 0.0201 146 64 321 145
bottle 0.1751 250 74 272 128
bottle 0.0804 246 77 288 131
bottle 0.0468 269 0 299 44
bottle 0.0442 263 78 296 136
bottle 0.0441 242 230 330 338
bottle 0.0401 268 78 289 121
bottle 0.0368 245 92 268 127
bottle 0.0352 252 75 280 108
bottle 0.0323 294 82 338 142
bottle 0.0311 255 81 279 126
bottle 0.0285 225 113 249 153
bottle 0.0279 269 245 304 300
bottle 0.0275 241 82 275 142
bottle 0.0269 253 0 271 36
bottle 0.0247 272 26 301 85
bottle 0.0243 253 218 282 258
bottle 0.0219 262 76 291 105
bottle 0.0218 272 13 299 62
bottle 0.0213 270 93 289 135
bottle 0.0210 273 254 298 289
bottle 0.0201 234 112 252 146
car 0.1653 0 0 220 39
car 0.1041 166 0 221 37
car 0.0877 100 0 214 38
car 0.0711 0 0 133 57
car 0.0576 68 0 235 56
car 0.0574 174 0 218 22
car 0.0484 0 1 197 78
car 0.0425 125 0 220 23
car 0.0394 147 0 264 38
car 0.0384 102 0 190 19
car 0.0363 0 0 93 40
car 0.0360 127 0 176 14
car 0.0311 2 0 50 49
car 0.0310 65 0 267 141
car 0.0308 0 0 94 19
car 0.0276 140 0 249 74
car 0.0271 76 0 173 26
car 0.0252 161 0 204 18
car 0.0249 150 0 189 16
car 0.0243 365 0 499 61
car 0.0233 170 11 213 34
car 0.0217 171 0 216 10
car 0.0216 139 0 199 41
car 0.0207 120 4 230 106
chair 0.1132 182 116 357 343
chair 0.0538 171 0 339 195
chair 0.0474 256 25 340 151
chair 0.0404 172 0 236 134
chair 0.0378 139 76 210 225
chair 0.0325 140 87 185 148
chair 0.0306 233 202 348 347
chair 0.0298 292 29 484 331
chair 0.0292 148 0 278 169
chair 0.0280 166 0 269 58
chair 0.0261 213 8 356 141
chair 0.0253 60 196 338 350
chair 0.0252 144 99 266 317
chair 0.0248 169 3 222 53
chair 0.0245 153 0 221 95
chair 0.0242 114 97 189 235
chair 0.0241 255 132 371 326
chair 0.0240 166 63 246 199
chair 0.0239 77 0 215 236
chair 0.0237 210 72 295 164
chair 0.0228 194 64 266 189
chair 0.0226 172 7 208 34
chair 0.0225 276 54 358 186
chair 0.0217 6 0 168 265
motorbike 0.1126 168 0 220 34
person 0.0785 170 0 217 34
person 0.0440 166 0 228 134
person 0.0400 130 6 227 185
person 0.0368 173 0 220 64
person 0.0304 0 0 28 67
person 0.0297 190 0 218 26
person 0.0268 252 0 272 34
person 0.0265 166 0 193 31
person 0.0261 250 73 283 125
person 0.0234 194 55 266 179
person 0.0230 136 0 186 29
person 0.0229 0 0 24 31
person 0.0222 253 77 271 99
person 0.0208 213 51 282 155
person 0.0203 189 8 259 143
pottedplant 0.0874 247 70 338 143
pottedplant 0.0857 244 71 295 143
pottedplant 0.0593 185 194 353 342
pottedplant 0.0485 236 72 308 181
pottedplant 0.0370 289 82 339 145
pottedplant 0.0341 265 0 295 43
pottedplant 0.0279 248 235 345 341
pottedplant 0.0276 217 65 285 167
pottedplant 0.0246 38 236 350 350
pottedplant 0.0243 293 0 347 50
pottedplant 0.0229 253 0 285 40
pottedplant 0.0217 263 39 316 128
pottedplant 0.0213 177 244 316 341
pottedplant 0.0208 254 1 271 39
pottedplant 0.0206 272 0 304 55
pottedplant 0.0204 277 72 343 173
sofa 0.0222 362 0 489 70
tvmonitor 0.0241 259 0 294 40
tvmonitor 0.0222 238 0 280 36
tvmonitor 0.0206 158 0 286 39
