boat 0.0212 0 0 464 211
bottle 0.0506 267 50 288 86
bottle 0.0430 157 56 178 91
bottle 0.0426 191 54 209 88
bottle 0.0425 179 55 201 89
bottle 0.0345 230 51 248 87
bottle 0.0318 205 55 224 89
bottle 0.0274 137 57 155 92
bottle 0.0266 212 55 230 88
bottle 0.0264 247 52 265 86
bottle 0.0230 313 123 361 141
bottle 0.0214 222 54 238 88
bottle 0.0208 432 44 450 77
bus 0.0342 0 0 486 375
chair 0.0285 292 114 311 149
chair 0.0264 283 113 316 164
horse 0.0240 86 69 474 281
motorbike 0.8164 220 113 436 263
motorbike 0.0581 290 100 429 212
motorbike 0.0570 303 131 426 255
motorbike 0.0327 211 139 361 254
motorbike 0.0275 388 157 441 211
motorbike 0.0269 268 182 435 258
motorbike 0.0251 74 100 462 296
motorbike 0.0230 227 112 393 210
person 0.8898 296 91 416 242
person 0.0782 0 0 337 375
person 0.0765 305 128 356 236
person 0.0744 316 95 410 187
person 0.0705 306 103 375 204
person 0.0655 299 51 316 86
person 0.0596 219 135 325 262
person 0.0568 223 54 442 293
person 0.0558 0 62 20 95
person 0.0511 346 113 411 231
person 0.0502 316 122 383 236
person 0.0492 231 97 392 246
person 0.0491 292 51 310 86
person 0.0467 286 51 303 85
person 0.0454 311 102 373 142
person 0.0426 76 63 98 93
person 0.0416 303 95 392 153
person 0.0397 267 122 346 247
person 0.0394 298 124 346 200
person 0.0344 314 154 349 228
person 0.0335 74 57 126 93
person 0.0331 291 104 359 163
person 0.0329 5 63 45 94
person 0.0323 282 119 327 197
person 0.0323 330 132 425 260
person 0.0305 118 58 138 93
person 0.0294 283 114 317 170
person 0.0270 72 59 92 85
person 0.0268 373 111 419 198
person 0.0265 65 60 87 89
person 0.0259 361 137 407 219
person 0.0259 279 80 468 207
person 0.0257 83 0 128 55
person 0.0250 374 149 422 217
person 0.0250 79 30 500 282
person 0.0248 84 63 109 93
person 0.0246 269 50 298 86
person 0.0245 316 50 333 84
person 0.0243 368 92 408 140
person 0.0239 257 116 324 213
person 0.0231 92 61 120 92
person 0.0226 327 157 366 236
person 0.0225 326 112 363 137
person 0.0220 230 50 248 86
person 0.0219 247 54 265 87
person 0.0217 46 60 87 91
person 0.0209 318 95 400 129
person 0.0208 377 96 413 168
person 0.0206 341 99 403 143
person 0.0206 360 106 382 140
person 0.0204 0 49 82 122
person 0.0204 307 120 363 143
person 0.0202 0 67 12 104
person 0.0201 332 50 349 83
person 0.0200 33 318 55 347
person 0.0200 62 57 105 92
pottedplant 0.0316 287 281 351 373
pottedplant 0.0277 313 278 386 375
pottedplant 0.0270 157 55 178 91
pottedplant 0.0266 307 275 327 294
pottedplant 0.0240 315 275 331 295
pottedplant 0.0234 178 54 204 89
pottedplant 0.0215 302 274 317 297
pottedplant 0.0213 421 256 495 375
pottedplant 0.0211 194 54 217 89
pottedplant 0.0200 219 271 452 370
tvmonitor 0.0287 0 14 69 53
tvmonitor 0.0206 28 17 99 50
