bird 0.0231 201 15 445 315
bottle 0.0635 124 181 154 263
bottle 0.0455 64 360 116 374
bottle 0.0431 113 171 146 252
bottle 0.0389 0 318 34 375
bottle 0.0376 39 248 62 287
bottle 0.0342 104 182 134 242
bottle 0.0312 37 237 61 275
bottle 0.0269 0 339 26 375
bottle 0.0268 127 197 147 249
bottle 0.0265 118 200 143 257
bottle 0.0256 57 356 138 375
bottle 0.0232 31 232 62 258
bottle 0.0217 76 354 102 375
bottle 0.0205 3 311 63 375
bottle 0.0203 121 182 139 226
chair 0.7920 139 173 205 284
chair 0.6770 405 178 460 268
chair 0.4259 455 195 500 265
chair 0.3790 333 261 500 375
chair 0.3289 419 188 495 268
chair 0.3007 383 216 497 357
chair 0.2366 377 184 478 321
chair 0.2192 122 166 186 268
chair 0.2150 335 266 427 347
chair 0.1798 163 172 214 267
chair 0.1731 102 161 153 260
chair 0.1399 452 195 480 249
chair 0.1306 452 228 500 284
chair 0.1247 100 163 141 219
chair 0.1160 201 198 231 264
chair 0.1092 448 202 500 339
chair 0.1055 129 195 159 267
chair 0.1050 428 188 463 252
chair 0.1029 401 237 500 320
chair 0.1001 187 176 230 272
chair 0.0987 386 212 481 274
chair 0.0971 460 233 500 266
chair 0.0933 434 258 500 373
chair 0.0911 126 157 164 235
chair 0.0906 0 251 50 362
chair 0.0902 358 178 454 271
chair 0.0887 455 192 492 231
chair 0.0879 106 210 147 278
chair 0.0828 1 205 104 369
chair 0.0821 406 178 455 227
chair 0.0810 451 248 500 298
chair 0.0801 171 170 209 236
chair 0.0799 446 200 471 253
chair 0.0793 400 243 469 267
chair 0.0771 417 232 500 270
chair 0.0745 415 185 452 247
chair 0.0727 311 166 491 375
chair 0.0716 138 186 165 261
chair 0.0700 395 255 496 298
chair 0.0696 340 220 450 348
chair 0.0675 125 211 149 266
chair 0.0647 397 233 463 280
chair 0.0646 461 190 482 219
chair 0.0643 26 233 62 287
chair 0.0623 472 219 499 263
chair 0.0618 379 192 419 264
chair 0.0612 96 183 165 293
chair 0.0608 407 241 500 285
chair 0.0603 191 229 236 299
chair 0.0599 138 216 165 279
chair 0.0595 144 179 172 241
chair 0.0594 438 180 486 245
chair 0.0584 143 192 179 266
chair 0.0576 0 219 40 275
chair 0.0572 198 188 246 279
chair 0.0571 113 199 200 295
chair 0.0554 266 107 432 360
chair 0.0552 10 228 59 270
chair 0.0550 285 233 453 375
chair 0.0543 376 220 413 269
chair 0.0541 106 165 135 205
chair 0.0541 157 179 197 242
chair 0.0540 0 240 46 284
chair 0.0529 321 210 399 338
chair 0.0528 460 221 486 261
chair 0.0526 141 244 163 277
chair 0.0524 454 217 475 259
chair 0.0521 150 206 240 302
chair 0.0520 17 189 159 372
chair 0.0510 135 218 196 285
chair 0.0509 105 250 155 302
chair 0.0506 458 286 500 375
chair 0.0503 454 174 498 240
chair 0.0502 429 218 500 294
chair 0.0501 379 243 409 267
chair 0.0500 117 214 141 265
chair 0.0492 343 169 500 291
chair 0.0490 370 230 388 268
chair 0.0489 111 153 156 209
chair 0.0488 332 267 411 316
chair 0.0488 404 199 481 254
chair 0.0487 464 193 495 220
chair 0.0487 143 196 163 243
chair 0.0485 343 264 454 320
chair 0.0475 376 234 396 267
chair 0.0471 335 288 439 375
chair 0.0464 35 243 65 296
chair 0.0464 438 194 459 241
chair 0.0462 193 260 478 366
chair 0.0462 148 192 169 233
chair 0.0460 125 147 170 204
chair 0.0456 209 217 232 259
chair 0.0450 199 248 253 310
chair 0.0449 390 264 484 345
chair 0.0449 90 155 165 226
chair 0.0441 0 297 109 375
chair 0.0440 322 239 480 314
chair 0.0440 438 244 500 276
chair 0.0435 341 272 393 334
chair 0.0435 470 194 500 236
chair 0.0434 162 177 293 298
chair 0.0433 384 175 498 254
chair 0.0431 324 318 492 375
chair 0.0430 361 196 399 266
chair 0.0429 437 260 500 286
chair 0.0429 106 161 217 321
chair 0.0427 344 204 386 269
chair 0.0425 474 242 500 274
chair 0.0424 165 172 204 208
chair 0.0419 148 172 182 230
chair 0.0418 278 256 429 328
chair 0.0417 119 231 137 265
chair 0.0413 447 192 468 236
chair 0.0399 448 223 468 256
chair 0.0393 418 183 492 227
chair 0.0392 0 299 41 375
chair 0.0392 308 187 415 291
chair 0.0389 20 254 239 369
chair 0.0383 78 163 136 198
chair 0.0381 363 220 391 271
chair 0.0376 335 139 444 280
chair 0.0375 192 167 268 285
chair 0.0375 128 232 145 266
chair 0.0375 24 252 62 315
chair 0.0374 118 163 141 202
chair 0.0366 477 204 499 247
chair 0.0364 135 217 156 263
chair 0.0363 0 233 26 278
chair 0.0362 0 220 24 262
chair 0.0361 396 294 495 375
chair 0.0359 439 224 499 262
chair 0.0357 207 171 243 256
chair 0.0356 408 177 455 203
chair 0.0356 9 265 51 324
chair 0.0356 370 238 439 270
chair 0.0353 455 254 500 279
chair 0.0350 465 239 500 348
chair 0.0347 401 201 441 269
chair 0.0339 182 183 213 259
chair 0.0337 372 207 431 282
chair 0.0334 428 146 500 291
chair 0.0333 356 228 490 288
chair 0.0333 164 174 188 224
chair 0.0331 155 202 201 277
chair 0.0328 125 157 193 220
chair 0.0326 414 215 474 264
chair 0.0326 339 224 393 303
chair 0.0325 343 260 423 297
chair 0.0324 32 248 58 283
chair 0.0324 215 26 459 375
chair 0.0323 451 207 475 241
chair 0.0321 441 218 462 250
chair 0.0320 438 182 458 214
chair 0.0313 471 250 500 289
chair 0.0310 116 155 217 243
chair 0.0309 50 209 119 365
chair 0.0309 393 189 427 259
chair 0.0309 222 220 237 255
chair 0.0307 473 194 500 214
chair 0.0306 465 215 496 247
chair 0.0302 187 173 209 214
chair 0.0301 376 172 436 256
chair 0.0301 182 223 290 304
chair 0.0299 377 257 464 293
chair 0.0298 316 254 393 306
chair 0.0295 114 225 157 271
chair 0.0295 462 260 500 312
chair 0.0293 93 226 162 311
chair 0.0292 227 234 395 302
chair 0.0290 354 211 404 284
chair 0.0289 383 251 421 267
chair 0.0289 37 262 65 311
chair 0.0288 98 163 128 188
chair 0.0286 457 192 480 207
chair 0.0286 436 214 466 262
chair 0.0285 1 247 34 273
chair 0.0284 120 236 224 327
chair 0.0283 1 235 34 263
chair 0.0283 426 261 498 309
chair 0.0282 367 248 392 269
chair 0.0281 456 215 486 245
chair 0.0280 486 192 500 234
chair 0.0277 221 237 240 262
chair 0.0276 365 263 420 326
chair 0.0276 0 270 128 354
chair 0.0271 135 197 155 247
chair 0.0271 141 234 182 290
chair 0.0269 332 346 412 374
chair 0.0267 434 185 454 226
chair 0.0265 382 263 446 310
chair 0.0264 247 199 413 320
chair 0.0264 370 247 426 283
chair 0.0263 111 237 142 267
chair 0.0262 407 180 427 213
chair 0.0261 24 236 49 269
chair 0.0259 405 181 431 233
chair 0.0259 0 336 94 374
chair 0.0258 450 190 488 212
chair 0.0256 460 266 500 287
chair 0.0255 232 267 376 357
chair 0.0254 109 170 180 212
chair 0.0254 216 238 260 301
chair 0.0252 445 234 469 263
chair 0.0251 324 207 383 287
chair 0.0251 123 213 437 375
chair 0.0251 194 191 219 256
chair 0.0248 375 123 475 274
chair 0.0247 337 210 445 288
chair 0.0246 139 246 190 276
chair 0.0245 124 156 149 201
chair 0.0244 378 232 410 260
chair 0.0244 8 241 45 268
chair 0.0243 208 209 266 296
chair 0.0243 145 172 215 215
chair 0.0242 384 275 456 368
chair 0.0241 145 206 169 251
chair 0.0238 23 251 47 282
chair 0.0238 138 216 165 247
chair 0.0238 447 191 472 214
chair 0.0236 0 229 47 257
chair 0.0236 21 277 65 322
chair 0.0236 353 236 412 269
chair 0.0234 0 289 410 375
chair 0.0234 289 255 389 373
chair 0.0233 6 266 86 336
chair 0.0233 146 241 209 294
chair 0.0232 166 172 186 203
chair 0.0232 32 261 57 291
chair 0.0232 432 314 497 373
chair 0.0232 131 229 160 295
chair 0.0230 385 250 451 269
chair 0.0230 71 192 189 351
chair 0.0230 111 237 185 300
chair 0.0228 6 247 60 274
chair 0.0228 197 215 224 269
chair 0.0227 180 171 206 203
chair 0.0224 14 246 40 275
chair 0.0223 182 170 229 225
chair 0.0223 165 227 198 277
chair 0.0223 156 187 178 224
chair 0.0221 167 187 203 227
chair 0.0221 328 276 391 370
chair 0.0220 85 220 262 340
chair 0.0219 354 244 456 284
chair 0.0219 137 235 164 266
chair 0.0217 368 230 425 300
chair 0.0217 332 357 389 374
chair 0.0217 172 212 206 280
chair 0.0216 360 240 387 268
chair 0.0215 1 291 69 346
chair 0.0214 371 233 406 277
chair 0.0214 0 311 73 366
chair 0.0213 368 250 412 270
chair 0.0212 166 251 407 331
chair 0.0211 198 153 387 375
chair 0.0209 463 191 495 205
chair 0.0209 392 336 494 374
chair 0.0209 170 171 210 191
chair 0.0208 379 255 410 274
chair 0.0208 102 233 137 294
chair 0.0207 206 229 224 268
chair 0.0205 29 228 81 271
chair 0.0204 394 251 486 278
chair 0.0204 124 242 150 290
chair 0.0204 219 204 258 271
chair 0.0203 461 206 499 230
chair 0.0202 356 166 406 258
chair 0.0201 33 263 153 375
chair 0.0201 127 250 149 269
chair 0.0201 431 199 453 244
chair 0.0200 160 175 178 213
chair 0.0200 147 184 170 218
chair 0.0200 382 221 439 265
chair 0.0200 136 250 159 271
chair 0.0200 401 190 421 246
cow 0.0421 236 34 385 312
diningtable 0.2095 446 193 500 267
diningtable 0.1475 411 184 500 258
diningtable 0.0888 0 258 327 371
diningtable 0.0754 420 210 500 276
diningtable 0.0602 13 242 178 366
diningtable 0.0593 5 155 242 296
diningtable 0.0574 58 242 483 372
diningtable 0.0557 350 174 500 276
diningtable 0.0543 21 207 257 356
diningtable 0.0482 449 192 500 229
diningtable 0.0422 0 300 163 374
diningtable 0.0417 110 177 212 264
diningtable 0.0408 0 131 449 363
diningtable 0.0385 455 215 500 248
diningtable 0.0379 56 170 196 279
diningtable 0.0323 302 186 500 314
diningtable 0.0298 96 166 204 234
diningtable 0.0272 196 237 375 301
diningtable 0.0266 160 181 380 302
diningtable 0.0263 71 213 189 289
diningtable 0.0237 154 205 288 290
diningtable 0.0235 233 219 476 328
diningtable 0.0222 0 318 106 375
diningtable 0.0217 239 191 421 294
diningtable 0.0216 9 282 247 359
diningtable 0.0205 59 246 177 304
diningtable 0.0201 0 278 133 347
horse 0.0433 0 0 459 355
person 0.0867 0 4 500 353
person 0.0596 326 100 479 351
person 0.0453 217 69 381 351
person 0.0440 0 0 242 365
person 0.0415 287 3 500 375
person 0.0295 294 190 307 226
person 0.0255 285 180 300 225
person 0.0241 300 184 316 223
person 0.0229 280 170 305 230
person 0.0225 0 274 25 347
person 0.0219 291 217 311 272
person 0.0217 0 297 19 336
person 0.0215 309 154 323 192
person 0.0215 285 226 300 264
person 0.0213 325 213 353 271
person 0.0208 279 224 294 264
person 0.0202 287 176 313 236
person 0.0200 294 199 309 239
pottedplant 0.5481 24 167 127 295
pottedplant 0.3760 52 198 114 302
pottedplant 0.2788 0 246 50 329
pottedplant 0.2611 7 185 74 294
pottedplant 0.2606 223 19 384 300
pottedplant 0.2386 97 162 144 253
pottedplant 0.2197 12 179 64 258
pottedplant 0.2008 100 208 130 265
pottedplant 0.1819 64 167 132 273
pottedplant 0.1764 4 217 61 314
pottedplant 0.1688 6 206 92 338
pottedplant 0.1688 6 170 97 251
pottedplant 0.1475 3 198 53 273
pottedplant 0.1346 8 165 170 332
pottedplant 0.1341 0 218 130 302
pottedplant 0.1302 62 241 107 300
pottedplant 0.1149 1 201 35 256
pottedplant 0.1127 107 171 191 280
pottedplant 0.1102 80 161 129 231
pottedplant 0.1084 45 164 123 237
pottedplant 0.1033 0 196 108 271
pottedplant 0.1031 25 179 59 236
pottedplant 0.0939 2 193 57 237
pottedplant 0.0933 70 164 111 217
pottedplant 0.0906 14 239 96 309
pottedplant 0.0876 99 165 133 211
pottedplant 0.0875 75 204 124 283
pottedplant 0.0833 0 202 28 233
pottedplant 0.0751 89 199 139 288
pottedplant 0.0750 18 175 81 231
pottedplant 0.0748 30 235 75 299
pottedplant 0.0738 111 163 142 215
pottedplant 0.0736 0 263 30 328
pottedplant 0.0732 103 230 126 266
pottedplant 0.0701 92 164 122 205
pottedplant 0.0695 27 199 73 276
pottedplant 0.0693 115 203 145 263
pottedplant 0.0680 0 220 63 261
pottedplant 0.0671 117 163 149 233
pottedplant 0.0667 0 231 87 278
pottedplant 0.0660 63 172 105 238
pottedplant 0.0655 226 81 330 294
pottedplant 0.0649 84 165 111 199
pottedplant 0.0622 238 142 397 294
pottedplant 0.0613 0 251 65 299
pottedplant 0.0583 30 179 54 215
pottedplant 0.0577 0 211 141 372
pottedplant 0.0575 128 166 158 234
pottedplant 0.0573 294 67 391 284
pottedplant 0.0563 22 218 61 273
pottedplant 0.0562 90 218 127 277
pottedplant 0.0542 49 232 140 309
pottedplant 0.0524 138 174 165 243
pottedplant 0.0521 67 163 138 206
pottedplant 0.0510 24 254 71 317
pottedplant 0.0500 26 204 58 250
pottedplant 0.0478 33 196 134 260
pottedplant 0.0475 220 153 299 293
pottedplant 0.0466 17 229 57 260
pottedplant 0.0464 65 164 106 194
pottedplant 0.0456 52 163 201 294
pottedplant 0.0455 81 245 109 292
pottedplant 0.0454 0 249 41 284
pottedplant 0.0453 92 190 127 256
pottedplant 0.0450 96 234 121 264
pottedplant 0.0449 344 194 386 268
pottedplant 0.0445 4 170 56 228
pottedplant 0.0440 43 211 105 277
pottedplant 0.0437 11 204 37 235
pottedplant 0.0434 56 163 163 227
pottedplant 0.0430 143 178 162 221
pottedplant 0.0430 83 253 149 301
pottedplant 0.0428 38 251 65 295
pottedplant 0.0428 99 175 129 232
pottedplant 0.0426 321 158 386 275
pottedplant 0.0424 36 164 112 207
pottedplant 0.0422 119 221 138 263
pottedplant 0.0409 5 88 143 285
pottedplant 0.0409 11 189 44 232
pottedplant 0.0407 0 178 24 246
pottedplant 0.0404 0 248 28 304
pottedplant 0.0400 57 255 132 298
pottedplant 0.0398 229 143 284 251
pottedplant 0.0394 125 167 145 211
pottedplant 0.0388 0 163 287 355
pottedplant 0.0383 0 284 21 327
pottedplant 0.0382 49 179 100 256
pottedplant 0.0379 0 244 155 326
pottedplant 0.0374 302 115 484 331
pottedplant 0.0368 27 174 72 213
pottedplant 0.0367 33 234 62 280
pottedplant 0.0365 136 177 155 219
pottedplant 0.0361 0 279 51 346
pottedplant 0.0359 46 169 90 220
pottedplant 0.0358 87 245 108 272
pottedplant 0.0358 79 163 115 185
pottedplant 0.0350 16 194 37 226
pottedplant 0.0347 227 56 311 218
pottedplant 0.0346 0 123 106 343
pottedplant 0.0343 14 159 136 220
pottedplant 0.0343 84 231 114 272
pottedplant 0.0340 14 209 64 237
pottedplant 0.0339 85 237 121 295
pottedplant 0.0337 209 165 273 275
pottedplant 0.0334 59 220 115 268
pottedplant 0.0331 17 260 50 310
pottedplant 0.0322 244 41 355 240
pottedplant 0.0320 79 223 134 261
pottedplant 0.0319 109 240 128 268
pottedplant 0.0319 49 245 93 297
pottedplant 0.0316 32 178 62 204
pottedplant 0.0311 0 218 27 253
pottedplant 0.0311 0 235 67 371
pottedplant 0.0309 0 265 88 336
pottedplant 0.0308 144 157 315 298
pottedplant 0.0308 57 263 114 315
pottedplant 0.0301 102 225 133 279
pottedplant 0.0301 56 202 157 280
pottedplant 0.0300 0 246 26 274
pottedplant 0.0298 77 181 119 245
pottedplant 0.0297 138 11 413 360
pottedplant 0.0295 29 178 111 224
pottedplant 0.0295 83 174 114 222
pottedplant 0.0294 0 232 48 268
pottedplant 0.0294 0 200 22 273
pottedplant 0.0290 97 244 130 266
pottedplant 0.0286 95 215 124 252
pottedplant 0.0283 0 150 35 258
pottedplant 0.0282 24 156 166 255
pottedplant 0.0282 95 182 119 215
pottedplant 0.0281 11 204 87 244
pottedplant 0.0281 2 228 34 257
pottedplant 0.0280 120 174 139 219
pottedplant 0.0279 346 154 385 243
pottedplant 0.0273 5 277 41 325
pottedplant 0.0273 103 212 132 244
pottedplant 0.0273 108 174 131 218
pottedplant 0.0270 1 195 20 226
pottedplant 0.0270 183 126 284 284
pottedplant 0.0270 351 143 376 189
pottedplant 0.0266 0 102 442 371
pottedplant 0.0266 3 215 54 244
pottedplant 0.0266 29 224 55 254
pottedplant 0.0265 70 165 97 186
pottedplant 0.0262 13 218 37 248
pottedplant 0.0262 24 201 52 235
pottedplant 0.0260 78 173 103 213
pottedplant 0.0259 64 214 130 248
pottedplant 0.0258 35 183 71 229
pottedplant 0.0258 60 164 92 202
pottedplant 0.0257 17 191 68 225
pottedplant 0.0252 95 163 116 190
pottedplant 0.0251 0 198 42 225
pottedplant 0.0250 105 185 152 240
pottedplant 0.0248 50 223 87 282
pottedplant 0.0248 133 167 153 208
pottedplant 0.0247 236 187 280 263
pottedplant 0.0247 46 178 70 212
pottedplant 0.0245 219 169 261 250
pottedplant 0.0243 0 260 24 290
pottedplant 0.0242 276 31 370 199
pottedplant 0.0242 24 184 56 205
pottedplant 0.0242 64 267 100 298
pottedplant 0.0241 92 249 119 272
pottedplant 0.0240 133 169 169 217
pottedplant 0.0237 262 21 345 152
pottedplant 0.0235 55 263 74 296
pottedplant 0.0235 0 104 56 277
pottedplant 0.0233 115 134 235 287
pottedplant 0.0231 23 256 47 288
pottedplant 0.0230 98 194 128 221
pottedplant 0.0230 48 192 118 229
pottedplant 0.0229 249 168 293 250
pottedplant 0.0226 0 202 16 242
pottedplant 0.0224 0 265 40 286
pottedplant 0.0223 65 165 85 192
pottedplant 0.0222 335 143 376 229
pottedplant 0.0220 148 83 352 276
pottedplant 0.0220 6 227 49 248
pottedplant 0.0220 24 222 62 240
pottedplant 0.0217 7 195 31 222
pottedplant 0.0216 87 233 109 261
pottedplant 0.0215 12 181 52 211
pottedplant 0.0214 63 195 140 237
pottedplant 0.0213 38 261 79 302
pottedplant 0.0213 210 165 244 240
pottedplant 0.0212 347 136 383 206
pottedplant 0.0210 246 177 320 301
pottedplant 0.0209 20 184 37 211
pottedplant 0.0206 71 183 166 245
pottedplant 0.0206 292 198 389 284
pottedplant 0.0206 362 147 377 185
pottedplant 0.0205 51 169 79 207
pottedplant 0.0204 274 172 300 238
pottedplant 0.0204 45 265 68 297
pottedplant 0.0204 7 238 51 259
pottedplant 0.0203 3 207 49 230
pottedplant 0.0202 208 87 281 233
pottedplant 0.0201 15 271 39 314
pottedplant 0.0201 221 45 334 148
sofa 0.3972 332 259 500 375
sofa 0.0678 294 179 500 374
sofa 0.0584 146 239 500 375
sofa 0.0457 226 120 473 367
sofa 0.0261 31 87 466 372
tvmonitor 0.1246 222 77 267 114
tvmonitor 0.0368 125 144 173 180
tvmonitor 0.0365 460 307 500 375
tvmonitor 0.0276 219 75 276 133
tvmonitor 0.0252 457 343 500 375
tvmonitor 0.0213 2 55 38 107
tvmonitor 0.0203 0 8 67 53
