cat 0.0759 0 140 67 361
cat 0.0375 207 19 307 163
cat 0.0300 229 315 320 393
cat 0.0274 41 7 153 110
cat 0.0239 26 0 114 132
cat 0.0236 140 8 294 100
cat 0.0209 2 12 100 181
cat 0.0208 0 147 64 254
dog 0.6523 15 0 313 497
dog 0.4254 133 0 442 493
dog 0.2392 173 297 447 489
dog 0.2347 2 134 71 383
dog 0.1766 223 149 440 500
dog 0.1129 5 293 293 500
dog 0.0894 0 24 95 395
dog 0.0884 0 185 433 500
dog 0.0781 45 17 297 190
dog 0.0613 18 19 191 443
dog 0.0541 42 19 153 153
dog 0.0479 169 17 305 296
dog 0.0474 20 6 123 189
dog 0.0414 160 30 328 478
dog 0.0414 140 21 299 141
dog 0.0410 236 262 428 444
dog 0.0375 87 2 290 346
dog 0.0370 58 18 249 127
dog 0.0363 28 16 164 271
dog 0.0349 1 144 68 254
dog 0.0327 0 324 156 490
dog 0.0327 255 348 447 484
dog 0.0319 206 21 301 202
dog 0.0286 88 342 268 496
dog 0.0278 0 127 133 492
dog 0.0273 48 8 199 93
dog 0.0263 0 256 121 384
dog 0.0256 213 281 321 390
dog 0.0249 6 131 110 290
dog 0.0232 164 308 319 483
dog 0.0210 0 41 95 211
dog 0.0207 10 81 120 240
dog 0.0203 205 290 354 449
person 0.0961 190 0 449 500
person 0.0443 0 0 63 155
person 0.0359 254 185 436 473
person 0.0341 1 1 64 80
person 0.0325 0 0 102 298
person 0.0275 0 322 201 500
person 0.0259 390 1 445 99
person 0.0258 309 45 443 438
person 0.0257 0 0 34 64
person 0.0241 51 13 130 65
sofa 0.1205 0 16 371 475
sofa 0.0888 151 8 449 500
