bird 0.0201 246 35 288 82
boat 0.0328 40 23 288 153
boat 0.0271 9 118 259 243
boat 0.0259 106 239 362 326
boat 0.0250 4 204 309 324
boat 0.0227 59 61 309 203
boat 0.0223 127 67 299 132
boat 0.0204 0 146 438 333
bottle 0.0927 384 45 500 96
bottle 0.0772 440 63 500 97
bottle 0.0764 313 220 335 245
bottle 0.0591 240 188 333 238
bottle 0.0585 293 217 335 242
bottle 0.0498 163 184 248 248
bottle 0.0460 434 39 500 109
bottle 0.0451 223 14 500 111
bottle 0.0439 145 215 234 252
bottle 0.0418 239 27 304 95
bottle 0.0395 180 164 405 322
bottle 0.0387 477 66 499 97
bottle 0.0381 238 72 318 98
bottle 0.0366 274 73 317 90
bottle 0.0366 341 10 499 98
bottle 0.0345 237 138 369 300
bottle 0.0344 301 216 385 271
bottle 0.0343 233 183 293 225
bottle 0.0341 431 50 500 84
bottle 0.0329 240 187 270 221
bottle 0.0319 8 138 178 252
bottle 0.0319 131 206 340 319
bottle 0.0318 218 15 299 112
bottle 0.0317 254 203 341 256
bottle 0.0314 243 55 308 102
bottle 0.0311 232 192 359 280
bottle 0.0309 147 162 268 242
bottle 0.0309 465 56 500 99
bottle 0.0303 141 192 264 273
bottle 0.0294 210 174 328 255
bottle 0.0293 228 186 265 213
bottle 0.0290 273 209 336 236
bottle 0.0288 0 164 153 298
bottle 0.0283 58 178 285 254
bottle 0.0278 290 213 350 253
bottle 0.0274 149 133 202 154
bottle 0.0273 446 75 497 95
bottle 0.0269 313 218 383 244
bottle 0.0267 174 121 205 142
bottle 0.0263 446 66 497 86
bottle 0.0259 239 79 323 117
bottle 0.0258 406 68 498 102
bottle 0.0255 155 183 210 246
bottle 0.0254 188 137 284 246
bottle 0.0252 263 211 387 304
bottle 0.0250 408 29 499 131
bottle 0.0247 247 193 307 228
bottle 0.0245 43 122 149 236
bottle 0.0245 222 187 253 219
bottle 0.0242 131 116 291 234
bottle 0.0238 222 184 263 239
bottle 0.0236 69 155 202 240
bottle 0.0236 308 219 338 260
bottle 0.0236 1 195 66 245
bottle 0.0232 278 184 443 313
bottle 0.0231 237 64 314 89
bottle 0.0231 175 59 210 115
bottle 0.0228 392 49 479 81
bottle 0.0225 236 29 288 75
bottle 0.0224 172 1 313 57
bottle 0.0223 308 220 353 242
bottle 0.0220 236 187 271 205
bottle 0.0220 293 202 381 252
bottle 0.0220 288 38 492 150
bottle 0.0218 188 183 257 229
bottle 0.0217 244 71 294 88
bottle 0.0217 3 180 295 299
bottle 0.0213 340 55 500 120
bottle 0.0212 254 77 305 92
bottle 0.0212 3 180 89 237
bottle 0.0212 123 141 188 167
bottle 0.0211 154 120 211 147
bottle 0.0210 288 211 325 233
bottle 0.0207 245 45 320 86
bottle 0.0207 163 127 202 148
bottle 0.0207 27 190 173 276
bottle 0.0206 22 210 52 231
bottle 0.0206 133 167 227 260
bottle 0.0206 429 11 498 90
bottle 0.0205 219 42 414 108
bottle 0.0204 272 220 335 263
bottle 0.0203 234 190 282 246
bottle 0.0202 222 3 328 82
bottle 0.0202 182 182 279 288
bottle 0.0201 317 225 339 252
bottle 0.0200 129 145 173 163
car 0.1270 179 58 312 133
car 0.0749 138 34 330 138
car 0.0314 127 60 324 190
car 0.0291 178 54 250 130
car 0.0259 179 93 290 136
car 0.0235 179 89 331 157
car 0.0221 126 79 291 143
car 0.0214 174 105 253 136
cat 0.4484 0 23 98 231
cat 0.0957 0 1 128 154
cat 0.0472 243 35 284 81
cat 0.0315 9 55 96 126
cat 0.0281 3 117 125 231
cat 0.0263 6 19 111 112
cat 0.0246 13 27 154 200
chair 0.1048 177 17 320 134
chair 0.0505 370 52 500 315
chair 0.0498 63 3 368 134
chair 0.0484 193 6 469 156
chair 0.0345 3 61 169 235
chair 0.0328 106 50 312 137
chair 0.0298 240 18 324 105
chair 0.0291 248 0 500 258
chair 0.0284 420 82 500 248
chair 0.0273 21 32 262 188
chair 0.0271 335 100 490 257
chair 0.0270 163 55 272 148
chair 0.0252 143 134 205 159
chair 0.0250 136 11 303 98
chair 0.0250 141 39 304 210
chair 0.0246 396 31 500 204
chair 0.0244 423 46 499 135
chair 0.0244 0 171 97 233
chair 0.0242 329 54 498 180
chair 0.0241 366 46 500 96
chair 0.0238 0 157 192 268
chair 0.0234 347 179 495 315
chair 0.0222 43 98 217 214
chair 0.0216 228 0 500 91
chair 0.0214 131 14 229 133
chair 0.0211 65 14 196 163
chair 0.0207 450 59 500 196
chair 0.0205 228 12 381 143
chair 0.0204 196 29 313 90
diningtable 0.0481 15 22 327 157
diningtable 0.0307 139 122 500 329
diningtable 0.0298 15 166 367 310
diningtable 0.0276 24 72 318 217
diningtable 0.0257 26 115 341 268
dog 0.2656 0 33 101 241
dog 0.1593 0 3 124 113
dog 0.0568 0 6 209 223
dog 0.0456 0 114 88 228
dog 0.0235 4 33 107 78
person 0.6226 238 92 454 308
person 0.4282 0 0 145 57
person 0.2077 132 38 473 312
person 0.2019 215 80 417 231
person 0.1692 0 0 149 122
person 0.1615 0 27 106 261
person 0.1435 328 83 491 309
person 0.1324 0 0 258 69
person 0.1083 195 70 326 144
person 0.1009 192 46 352 207
person 0.0984 32 0 137 38
person 0.0928 169 9 323 135
person 0.0911 22 17 398 211
person 0.0831 48 5 307 121
person 0.0805 186 13 472 129
person 0.0791 1 87 78 237
person 0.0780 39 0 102 52
person 0.0701 15 66 375 308
person 0.0671 235 88 366 183
person 0.0662 207 38 431 171
person 0.0647 3 68 144 319
person 0.0633 224 38 313 131
person 0.0629 236 115 379 278
person 0.0624 0 0 88 27
person 0.0613 226 3 476 242
person 0.0606 4 0 76 53
person 0.0592 52 0 182 45
person 0.0557 0 149 73 253
person 0.0533 28 41 247 255
person 0.0485 133 46 335 260
person 0.0478 0 121 137 254
person 0.0462 226 100 323 234
person 0.0461 277 87 456 214
person 0.0455 234 72 321 125
person 0.0435 0 17 104 63
person 0.0419 2 134 90 302
person 0.0401 330 23 500 228
person 0.0384 36 117 263 320
person 0.0375 178 85 304 242
person 0.0372 0 168 43 239
person 0.0358 59 5 137 54
person 0.0356 59 0 191 105
person 0.0347 117 0 299 60
person 0.0339 183 167 494 325
person 0.0331 127 0 394 108
person 0.0327 224 67 398 131
person 0.0310 8 159 59 230
person 0.0307 333 104 431 239
person 0.0298 219 82 299 131
person 0.0297 53 0 113 25
person 0.0291 0 168 54 284
person 0.0281 206 162 406 259
person 0.0276 0 179 27 237
person 0.0275 61 0 119 16
person 0.0269 108 0 240 93
person 0.0266 73 0 141 29
person 0.0265 234 30 293 104
person 0.0265 25 29 116 61
person 0.0263 0 0 42 40
person 0.0259 240 87 360 130
person 0.0254 167 84 351 166
person 0.0254 0 162 187 329
person 0.0253 235 79 297 114
person 0.0251 197 52 287 130
person 0.0249 195 8 364 91
person 0.0247 29 0 129 19
person 0.0246 45 0 98 15
person 0.0238 243 35 283 89
person 0.0238 315 151 403 299
person 0.0235 367 96 475 231
person 0.0231 259 49 500 131
person 0.0230 217 76 302 171
person 0.0228 348 152 437 307
person 0.0222 178 67 250 137
person 0.0218 417 0 498 95
person 0.0218 162 0 267 100
person 0.0218 85 0 196 30
person 0.0217 209 86 251 132
person 0.0217 77 0 181 18
person 0.0209 83 91 347 215
person 0.0204 2 0 500 136
person 0.0200 251 91 323 138
pottedplant 0.0386 229 6 500 103
pottedplant 0.0268 298 19 500 160
pottedplant 0.0206 260 73 318 106
pottedplant 0.0202 393 48 468 82
sofa 0.0473 0 8 419 230
train 0.0200 0 0 417 115
tvmonitor 0.1272 178 47 310 134
tvmonitor 0.0524 178 22 286 108
tvmonitor 0.0292 123 0 341 88
tvmonitor 0.0290 150 132 200 155
tvmonitor 0.0281 176 54 258 115
tvmonitor 0.0279 197 59 315 106
tvmonitor 0.0270 201 1 314 70
tvmonitor 0.0260 131 135 199 162
tvmonitor 0.0252 196 65 259 97
tvmonitor 0.0251 176 59 215 114
tvmonitor 0.0227 206 77 310 121
tvmonitor 0.0213 125 140 184 169
tvmonitor 0.0204 221 65 277 95
tvmonitor 0.0203 233 69 298 103
