bird 0.0307 115 258 500 368
bird 0.0200 56 234 393 357
bottle 0.0324 119 28 137 78
bottle 0.0202 126 31 142 75
cat 0.8468 55 104 491 350
cat 0.0819 61 104 444 226
cat 0.0798 135 205 492 367
cat 0.0591 197 113 471 282
cat 0.0523 340 116 495 373
cat 0.0469 62 97 279 330
cat 0.0411 18 0 500 281
cat 0.0374 237 117 428 192
cat 0.0372 20 249 372 375
cat 0.0367 57 111 181 210
cat 0.0305 297 116 478 234
cat 0.0305 90 158 446 296
cat 0.0296 406 192 497 375
cat 0.0279 270 259 494 369
cat 0.0268 38 105 181 356
cat 0.0267 62 111 237 247
cat 0.0235 62 134 167 287
cat 0.0230 151 116 370 186
cat 0.0214 236 159 500 328
cat 0.0209 77 112 268 192
chair 0.0405 20 0 483 375
chair 0.0349 449 0 500 145
chair 0.0314 358 0 485 219
chair 0.0292 91 262 500 367
chair 0.0271 414 0 494 174
chair 0.0250 382 53 475 202
chair 0.0239 460 0 498 70
chair 0.0228 314 77 477 196
chair 0.0220 408 121 480 215
diningtable 0.0333 0 33 500 358
tvmonitor 0.0726 4 123 142 370
tvmonitor 0.0662 113 28 138 79
tvmonitor 0.0407 99 5 140 93
tvmonitor 0.0336 464 0 500 57
tvmonitor 0.0329 148 0 210 119
tvmonitor 0.0305 36 0 117 129
tvmonitor 0.0293 0 219 122 362
tvmonitor 0.0291 0 179 115 312
tvmonitor 0.0284 68 0 140 116
tvmonitor 0.0270 120 0 177 99
tvmonitor 0.0245 115 0 148 86
tvmonitor 0.0239 29 0 500 215
tvmonitor 0.0222 128 2 161 84
tvmonitor 0.0221 103 0 156 123
tvmonitor 0.0219 61 3 111 107
tvmonitor 0.0215 21 206 185 369
tvmonitor 0.0213 85 15 125 87
tvmonitor 0.0205 148 0 182 85
tvmonitor 0.0205 461 66 499 134
