car 0.0359 0 302 19 329
car 0.0281 0 315 28 331
car 0.0239 295 244 389 291
car 0.0231 261 271 308 298
car 0.0225 47 0 218 162
car 0.0215 0 275 22 331
car 0.0201 157 280 212 304
person 0.5630 374 209 402 285
person 0.1407 379 210 401 257
person 0.1267 354 213 395 285
person 0.0992 376 234 396 287
person 0.0831 305 238 344 296
person 0.0795 346 228 382 284
person 0.0795 316 237 332 281
person 0.0750 338 244 371 284
person 0.0737 469 242 491 280
person 0.0673 330 245 352 280
person 0.0659 333 252 362 285
person 0.0640 367 195 399 267
person 0.0632 374 206 401 236
person 0.0629 319 238 363 289
person 0.0542 309 238 326 282
person 0.0526 347 243 367 277
person 0.0504 359 221 383 275
person 0.0498 320 240 340 278
person 0.0489 352 237 375 278
person 0.0484 293 237 329 297
person 0.0477 334 226 402 292
person 0.0469 260 174 279 203
person 0.0468 371 210 393 252
person 0.0423 370 228 390 281
person 0.0422 468 243 482 284
person 0.0417 324 254 379 288
person 0.0414 378 210 396 231
person 0.0406 360 249 380 285
person 0.0405 378 222 410 304
person 0.0366 344 258 375 285
person 0.0365 371 251 390 287
person 0.0358 301 238 318 282
person 0.0351 362 222 380 255
person 0.0343 297 240 382 294
person 0.0334 356 230 375 265
person 0.0332 262 177 278 191
person 0.0327 287 170 300 213
person 0.0323 467 239 497 298
person 0.0317 332 234 364 277
person 0.0311 0 0 220 361
person 0.0307 336 241 357 271
person 0.0306 102 191 113 228
person 0.0296 257 172 281 222
person 0.0294 309 208 398 300
person 0.0294 355 239 409 299
person 0.0283 266 174 284 205
person 0.0276 358 219 391 254
person 0.0274 391 212 409 252
person 0.0273 30 287 53 320
person 0.0265 255 173 273 194
person 0.0264 306 258 371 295
person 0.0263 335 157 399 286
person 0.0261 146 196 158 228
person 0.0254 351 220 379 262
person 0.0254 280 175 293 219
person 0.0247 481 141 500 227
person 0.0241 325 239 385 278
person 0.0240 340 226 371 272
person 0.0239 348 233 366 263
person 0.0237 383 215 409 269
person 0.0236 283 242 317 298
person 0.0234 380 204 392 220
person 0.0233 226 263 250 296
person 0.0230 314 237 350 274
person 0.0223 484 327 499 368
person 0.0221 281 268 306 297
person 0.0219 108 265 121 292
person 0.0214 335 216 392 262
person 0.0211 483 145 497 194
person 0.0210 483 337 499 388
person 0.0210 292 237 310 281
person 0.0208 328 259 355 293
person 0.0207 332 236 349 264
person 0.0205 117 192 130 224
person 0.0203 141 196 153 231
person 0.0202 363 211 383 245
person 0.0200 269 175 283 190
person 0.0200 330 247 367 268
pottedplant 0.0315 469 237 498 281
sheep 0.0200 277 0 421 262
train 0.9146 56 114 400 311
train 0.1332 238 115 396 315
train 0.0740 46 13 296 277
train 0.0532 122 117 382 229
train 0.0528 297 151 398 304
train 0.0522 34 174 500 395
train 0.0509 9 192 99 323
train 0.0436 9 263 84 323
train 0.0421 304 215 402 294
train 0.0408 74 132 224 302
train 0.0406 6 252 161 318
train 0.0400 2 260 21 294
train 0.0386 6 263 30 291
train 0.0356 10 264 78 296
train 0.0346 0 261 36 322
train 0.0323 25 0 315 163
train 0.0319 142 192 401 311
train 0.0315 25 270 91 306
train 0.0307 34 0 182 202
train 0.0278 85 0 416 369
train 0.0275 24 163 138 316
train 0.0271 2 265 22 314
train 0.0265 16 266 36 290
train 0.0264 275 118 391 227
train 0.0253 23 278 71 321
train 0.0252 67 162 170 305
train 0.0247 353 159 419 299
train 0.0245 4 255 17 284
train 0.0240 460 160 497 261
train 0.0233 57 196 318 308
train 0.0220 0 261 49 296
