aeroplane 0.0263 219 5 369 63
bird 0.0262 369 0 479 134
bird 0.0245 169 5 288 89
bird 0.0240 311 6 463 108
bird 0.0206 144 0 254 109
boat 0.7488 137 26 475 211
boat 0.2788 446 144 497 196
boat 0.2287 0 139 73 158
boat 0.2179 440 174 500 197
boat 0.1410 312 11 352 71
boat 0.1236 0 133 46 157
boat 0.1234 452 145 477 190
boat 0.1232 468 143 497 187
boat 0.1186 0 118 73 159
boat 0.1138 130 105 434 210
boat 0.1111 64 128 80 159
boat 0.1047 295 24 465 207
boat 0.1040 173 48 418 154
boat 0.0910 480 144 499 184
boat 0.0884 1 130 23 157
boat 0.0867 0 112 38 158
boat 0.0831 137 23 314 201
boat 0.0784 435 145 447 172
boat 0.0783 424 125 500 196
boat 0.0756 427 145 441 171
boat 0.0738 198 39 386 101
boat 0.0729 0 0 500 294
boat 0.0716 123 143 318 207
boat 0.0714 462 148 481 183
boat 0.0706 118 177 318 212
boat 0.0706 423 161 500 199
boat 0.0693 443 145 454 173
boat 0.0693 0 98 101 160
boat 0.0657 450 146 465 181
boat 0.0652 237 14 409 79
boat 0.0623 358 82 439 173
boat 0.0623 165 13 443 114
boat 0.0607 365 130 422 166
boat 0.0593 0 143 72 173
boat 0.0590 0 140 28 160
boat 0.0588 109 136 145 159
boat 0.0585 19 146 72 159
boat 0.0580 460 180 500 198
boat 0.0570 38 142 78 156
boat 0.0569 318 8 344 60
boat 0.0559 16 131 89 158
boat 0.0558 0 129 109 166
boat 0.0552 133 100 239 200
boat 0.0537 13 137 66 153
boat 0.0529 122 183 253 208
boat 0.0529 463 162 500 196
boat 0.0528 292 165 443 207
boat 0.0528 408 65 492 198
boat 0.0520 358 54 478 198
boat 0.0517 283 6 360 73
boat 0.0511 60 123 98 159
boat 0.0507 144 134 224 190
boat 0.0505 382 143 500 199
boat 0.0503 10 142 53 159
boat 0.0503 422 143 447 171
boat 0.0492 454 146 473 174
boat 0.0491 446 172 483 193
boat 0.0491 4 121 171 180
boat 0.0491 445 185 498 199
boat 0.0487 100 136 169 160
boat 0.0483 480 162 498 196
boat 0.0482 455 142 493 175
boat 0.0482 236 55 255 86
boat 0.0480 440 143 457 183
boat 0.0479 178 56 358 125
boat 0.0475 21 100 195 165
boat 0.0471 66 91 105 160
boat 0.0469 63 126 148 158
boat 0.0468 471 143 492 173
boat 0.0468 437 141 465 193
boat 0.0467 321 30 351 69
boat 0.0467 313 166 370 201
boat 0.0460 0 113 19 162
boat 0.0443 204 57 344 95
boat 0.0440 430 144 451 179
boat 0.0439 255 94 500 207
boat 0.0437 320 9 340 41
boat 0.0436 477 141 500 168
boat 0.0431 279 9 436 104
boat 0.0423 53 141 85 157
boat 0.0419 462 122 500 198
boat 0.0419 298 135 452 192
boat 0.0417 456 162 489 188
boat 0.0413 360 123 464 190
boat 0.0410 382 147 425 171
boat 0.0409 488 141 500 182
boat 0.0405 0 89 53 160
boat 0.0403 444 137 471 184
boat 0.0403 308 19 372 79
boat 0.0400 30 57 385 206
boat 0.0398 131 164 277 202
boat 0.0395 376 137 440 170
boat 0.0392 443 161 475 196
boat 0.0391 5 65 154 166
boat 0.0390 221 65 400 110
boat 0.0388 292 66 386 95
boat 0.0387 0 120 25 149
boat 0.0383 183 74 465 183
boat 0.0381 149 60 259 179
boat 0.0380 438 181 482 197
boat 0.0377 392 153 419 169
boat 0.0377 210 54 273 96
boat 0.0372 1 153 73 187
boat 0.0370 14 131 37 154
boat 0.0367 196 138 467 212
boat 0.0360 259 60 450 133
boat 0.0359 255 10 397 153
boat 0.0356 334 113 447 168
boat 0.0353 46 135 135 161
boat 0.0351 75 116 102 159
boat 0.0351 29 128 350 219
boat 0.0349 60 137 77 161
boat 0.0348 413 154 430 169
boat 0.0347 398 146 438 171
boat 0.0347 57 120 82 161
boat 0.0344 293 52 378 83
boat 0.0343 448 158 467 190
boat 0.0342 0 132 14 162
boat 0.0341 382 158 418 171
boat 0.0339 83 144 242 207
boat 0.0338 55 117 275 194
boat 0.0336 136 146 198 190
boat 0.0332 64 99 140 159
boat 0.0332 400 157 421 171
boat 0.0331 313 157 382 181
boat 0.0331 313 66 428 155
boat 0.0328 145 128 191 181
boat 0.0328 461 144 484 166
boat 0.0328 329 163 369 175
boat 0.0324 369 131 402 157
boat 0.0322 122 187 218 203
boat 0.0321 226 53 261 90
boat 0.0321 330 158 365 171
boat 0.0313 426 142 455 196
boat 0.0311 290 8 356 47
boat 0.0310 319 155 373 174
boat 0.0306 50 137 73 154
boat 0.0304 4 140 179 207
boat 0.0303 439 175 467 195
boat 0.0302 307 154 397 202
boat 0.0300 220 53 314 84
boat 0.0299 406 141 452 172
boat 0.0299 68 125 87 158
boat 0.0297 237 49 366 85
boat 0.0297 45 36 261 180
boat 0.0293 420 153 438 171
boat 0.0293 313 17 409 132
boat 0.0290 419 135 438 170
boat 0.0288 80 125 187 160
boat 0.0288 366 141 410 171
boat 0.0287 159 192 276 212
boat 0.0285 195 10 332 87
boat 0.0283 175 198 271 216
boat 0.0283 317 165 376 186
boat 0.0281 479 176 499 200
boat 0.0281 440 181 500 213
boat 0.0281 389 144 419 165
boat 0.0280 290 61 403 122
boat 0.0276 119 134 178 170
boat 0.0276 365 154 419 173
boat 0.0276 442 168 487 185
boat 0.0275 347 114 432 202
boat 0.0275 451 160 495 179
boat 0.0274 0 134 33 173
boat 0.0269 380 140 411 163
boat 0.0269 126 169 214 198
boat 0.0268 295 28 394 96
boat 0.0267 399 168 481 199
boat 0.0266 466 145 498 163
boat 0.0266 103 122 144 163
boat 0.0265 13 132 53 147
boat 0.0265 143 126 291 190
boat 0.0265 6 151 53 162
boat 0.0264 170 34 295 112
boat 0.0262 240 153 413 202
boat 0.0261 396 133 495 179
boat 0.0259 332 172 362 207
boat 0.0257 248 63 366 91
boat 0.0257 88 93 210 173
boat 0.0257 144 139 208 170
boat 0.0255 361 100 414 164
boat 0.0255 103 136 123 160
boat 0.0254 408 158 433 170
boat 0.0253 124 10 241 172
boat 0.0252 142 60 290 129
boat 0.0251 116 190 293 223
boat 0.0250 42 117 78 163
boat 0.0250 313 147 363 177
boat 0.0249 2 89 247 201
boat 0.0248 0 126 14 187
boat 0.0248 72 136 102 159
boat 0.0248 383 102 437 165
boat 0.0247 183 146 363 200
boat 0.0247 443 162 458 189
boat 0.0247 196 19 336 149
boat 0.0246 61 143 97 159
boat 0.0245 29 128 73 154
boat 0.0245 1 144 19 171
boat 0.0243 463 174 500 190
boat 0.0241 150 116 208 176
boat 0.0240 40 108 100 156
boat 0.0239 48 128 74 159
boat 0.0239 462 153 499 173
boat 0.0239 371 152 408 168
boat 0.0238 326 160 355 175
boat 0.0238 432 145 481 172
boat 0.0238 196 62 290 102
boat 0.0237 19 134 43 157
boat 0.0237 326 11 348 46
boat 0.0236 326 167 370 181
boat 0.0236 48 146 73 160
boat 0.0235 270 40 355 73
boat 0.0234 150 105 231 161
boat 0.0232 61 12 342 151
boat 0.0230 106 212 457 334
boat 0.0228 345 160 368 172
boat 0.0228 428 151 450 169
boat 0.0226 152 138 180 158
boat 0.0225 371 158 459 202
boat 0.0223 179 86 340 144
boat 0.0223 381 149 444 191
boat 0.0222 112 69 249 229
boat 0.0222 91 120 105 157
boat 0.0222 12 124 39 147
boat 0.0222 19 117 46 154
boat 0.0221 403 149 459 193
boat 0.0220 79 168 248 221
boat 0.0219 0 116 11 157
boat 0.0219 25 132 64 145
boat 0.0218 6 18 88 164
boat 0.0218 320 155 350 171
boat 0.0218 351 170 442 200
boat 0.0218 173 180 298 206
boat 0.0217 102 145 140 160
boat 0.0216 447 77 500 205
boat 0.0216 375 157 400 172
boat 0.0215 118 132 139 156
boat 0.0215 347 163 381 174
boat 0.0213 305 38 471 111
boat 0.0213 92 127 228 175
boat 0.0213 198 206 253 216
boat 0.0212 433 148 499 228
boat 0.0212 123 138 182 158
boat 0.0212 427 125 467 185
boat 0.0211 396 113 452 186
boat 0.0209 350 159 380 171
boat 0.0208 486 152 500 198
boat 0.0206 369 156 389 172
boat 0.0206 98 130 113 157
boat 0.0206 330 40 355 68
boat 0.0205 199 201 254 212
boat 0.0205 102 93 294 183
boat 0.0204 2 148 36 165
boat 0.0204 323 4 366 65
boat 0.0203 28 94 75 157
boat 0.0203 434 132 460 177
boat 0.0203 28 137 54 159
boat 0.0201 40 138 64 160
boat 0.0201 76 131 114 160
boat 0.0201 352 115 431 152
boat 0.0201 325 170 394 200
boat 0.0200 384 163 417 173
bottle 0.0797 325 30 352 69
bottle 0.0314 364 128 403 168
bottle 0.0206 332 40 355 69
chair 0.0200 183 0 274 77
diningtable 0.0225 155 220 499 334
person 0.1501 321 142 338 169
person 0.1205 317 136 331 167
person 0.0929 314 137 325 170
person 0.0831 311 126 324 163
person 0.0682 423 148 433 171
person 0.0670 316 123 331 158
person 0.0593 314 141 336 177
person 0.0590 327 148 344 170
person 0.0574 318 128 340 167
person 0.0530 211 123 228 143
person 0.0498 310 121 336 171
person 0.0451 252 132 261 144
person 0.0434 415 154 425 171
person 0.0425 306 142 316 170
person 0.0421 402 154 419 170
person 0.0420 258 132 267 144
person 0.0387 426 142 440 169
person 0.0374 307 120 327 159
person 0.0368 307 129 318 161
person 0.0366 322 121 339 149
person 0.0365 365 142 378 167
person 0.0357 243 133 253 144
person 0.0357 309 140 329 182
person 0.0357 372 131 398 161
person 0.0349 367 136 388 166
person 0.0349 265 132 275 144
person 0.0346 252 131 265 142
person 0.0342 340 154 353 169
person 0.0341 393 153 413 170
person 0.0340 302 126 321 171
person 0.0333 436 144 448 169
person 0.0328 317 146 346 173
person 0.0327 244 131 258 142
person 0.0319 318 124 331 145
person 0.0317 305 122 317 151
person 0.0316 259 130 272 142
person 0.0315 307 270 346 316
person 0.0313 347 0 484 186
person 0.0304 357 176 371 205
person 0.0304 385 137 404 166
person 0.0303 397 178 410 200
person 0.0296 390 182 402 205
person 0.0293 390 143 413 167
person 0.0291 403 178 416 200
person 0.0291 273 131 285 144
person 0.0290 387 149 405 170
person 0.0288 297 145 308 170
person 0.0285 362 150 371 167
person 0.0285 236 132 245 144
person 0.0280 376 145 393 170
person 0.0267 314 142 348 193
person 0.0266 373 181 388 204
person 0.0265 221 127 234 143
person 0.0265 281 129 293 145
person 0.0264 414 144 427 165
person 0.0263 404 160 418 178
person 0.0262 265 130 281 142
person 0.0261 444 145 454 168
person 0.0258 236 130 251 141
person 0.0258 328 134 345 159
person 0.0255 338 176 358 204
person 0.0254 379 182 395 204
person 0.0254 287 126 298 146
person 0.0253 366 155 377 173
person 0.0249 400 140 419 164
person 0.0246 303 148 317 179
person 0.0246 363 129 381 161
person 0.0242 421 139 434 161
person 0.0241 248 280 300 334
person 0.0239 370 154 384 173
person 0.0236 404 166 417 190
person 0.0232 181 163 201 190
person 0.0230 248 271 361 334
person 0.0228 289 148 300 168
person 0.0225 362 180 376 200
person 0.0221 389 158 405 173
person 0.0220 292 138 313 176
person 0.0220 295 131 325 187
person 0.0218 360 159 372 174
person 0.0217 324 148 363 171
person 0.0216 317 270 344 301
person 0.0216 312 149 331 174
person 0.0215 314 157 333 190
person 0.0213 337 148 356 164
person 0.0213 351 170 373 204
person 0.0212 295 124 306 148
person 0.0211 329 157 348 177
person 0.0210 305 270 344 288
person 0.0207 350 156 362 170
person 0.0206 351 151 362 166
person 0.0204 298 135 307 159
person 0.0203 377 156 392 173
person 0.0203 322 182 339 210
person 0.0202 345 173 366 201
person 0.0200 197 125 223 141
person 0.0200 397 163 412 177
