bottle 0.0271 57 5 229 90
bottle 0.0200 70 0 214 49
person 0.9187 4 0 471 318
person 0.1108 15 0 241 309
person 0.0797 270 0 487 310
person 0.0577 357 0 491 254
person 0.0423 5 0 135 260
person 0.0369 210 3 395 115
person 0.0333 21 5 117 134
person 0.0316 351 94 493 322
person 0.0297 49 0 395 129
person 0.0292 306 3 398 129
person 0.0290 0 0 76 114
person 0.0280 0 0 71 53
person 0.0280 369 0 486 131
person 0.0279 271 1 421 219
person 0.0276 59 3 230 110
person 0.0252 143 7 338 88
person 0.0242 23 0 197 187
person 0.0240 311 0 462 109
person 0.0234 6 24 87 188
person 0.0211 0 66 113 326
person 0.0210 184 6 284 120
person 0.0200 382 39 479 195
tvmonitor 0.0326 186 0 399 127
tvmonitor 0.0262 38 0 257 123
