bicycle 0.0220 79 190 181 295
bicycle 0.0214 142 227 240 302
boat 0.0284 62 14 435 212
bottle 0.0202 212 34 231 83
chair 0.0305 216 117 387 192
cow 0.0291 0 0 500 299
horse 0.6971 228 114 491 310
horse 0.6836 58 141 188 292
horse 0.6528 98 150 249 295
horse 0.4291 154 136 279 295
horse 0.2708 212 137 317 300
horse 0.2284 134 143 217 281
horse 0.2117 97 119 382 303
horse 0.1761 168 136 241 265
horse 0.1501 0 55 462 312
horse 0.1417 107 139 176 268
horse 0.1158 42 147 152 259
horse 0.0999 241 127 474 228
horse 0.0991 405 176 496 307
horse 0.0925 56 69 242 280
horse 0.0919 221 212 320 306
horse 0.0875 195 174 273 289
horse 0.0705 127 217 280 299
horse 0.0667 281 124 418 301
horse 0.0633 121 150 205 236
horse 0.0588 319 169 497 307
horse 0.0578 222 164 389 306
horse 0.0562 57 144 206 222
horse 0.0526 129 162 272 250
horse 0.0501 158 155 233 227
horse 0.0483 0 128 261 312
horse 0.0442 228 184 287 284
horse 0.0429 159 188 231 287
horse 0.0413 155 46 500 266
horse 0.0405 138 176 185 252
horse 0.0384 37 214 192 296
horse 0.0313 32 125 255 236
horse 0.0305 61 156 140 229
horse 0.0300 83 169 156 274
horse 0.0299 397 239 500 312
horse 0.0265 229 255 421 308
horse 0.0256 116 188 347 307
horse 0.0238 153 197 278 270
horse 0.0238 226 140 337 244
horse 0.0213 63 178 190 246
horse 0.0209 435 187 495 286
horse 0.0204 245 213 297 285
motorbike 0.0951 228 118 446 226
motorbike 0.0508 223 120 289 240
motorbike 0.0452 171 148 258 239
motorbike 0.0258 198 133 275 226
motorbike 0.0202 172 162 249 197
motorbike 0.0201 152 148 240 193
person 0.8320 233 24 404 224
person 0.6156 243 75 460 291
person 0.3992 100 128 162 246
person 0.3209 290 76 405 233
person 0.2933 189 129 232 192
person 0.2287 174 132 239 252
person 0.1755 63 136 150 246
person 0.1584 227 121 311 254
person 0.1518 183 132 219 178
person 0.1408 133 134 209 265
person 0.1327 328 96 402 219
person 0.1244 0 13 500 312
person 0.1214 47 105 177 264
person 0.1059 184 135 208 167
person 0.0957 0 0 237 312
person 0.0948 121 141 167 225
person 0.0934 144 124 265 284
person 0.0914 146 130 232 202
person 0.0903 196 136 233 172
person 0.0854 57 145 118 224
person 0.0820 133 147 189 231
person 0.0797 197 134 245 228
person 0.0790 197 108 364 246
person 0.0743 227 30 333 97
person 0.0743 258 115 395 209
person 0.0722 176 146 224 214
person 0.0716 150 147 216 228
person 0.0715 103 137 160 201
person 0.0706 239 84 351 205
person 0.0649 305 116 436 269
person 0.0640 194 139 216 170
person 0.0627 348 131 407 228
person 0.0621 187 117 277 249
person 0.0608 185 56 500 229
person 0.0601 104 124 236 241
person 0.0575 405 155 496 275
person 0.0568 117 127 199 219
person 0.0553 197 150 233 206
person 0.0537 171 76 300 267
person 0.0519 173 126 235 173
person 0.0501 66 18 212 255
person 0.0492 124 168 174 247
person 0.0492 156 144 205 203
person 0.0482 234 146 334 297
person 0.0479 363 148 401 218
person 0.0474 341 142 488 292
person 0.0464 53 149 99 209
person 0.0463 219 18 395 138
person 0.0455 212 164 232 197
person 0.0453 312 30 436 213
person 0.0452 220 182 266 244
person 0.0441 97 147 140 219
person 0.0439 205 140 234 190
person 0.0438 75 131 132 214
person 0.0438 130 28 365 216
person 0.0428 228 37 329 168
person 0.0421 143 185 230 302
person 0.0418 138 135 184 196
person 0.0415 216 144 269 236
person 0.0412 114 165 180 301
person 0.0405 385 143 474 245
person 0.0398 204 170 228 200
person 0.0394 139 185 185 261
person 0.0388 233 187 257 218
person 0.0387 119 125 228 178
person 0.0379 135 206 185 297
person 0.0379 299 0 500 297
person 0.0372 238 31 310 79
person 0.0370 189 165 254 264
person 0.0368 45 131 182 211
person 0.0368 136 25 265 247
person 0.0365 388 186 490 306
person 0.0363 137 163 167 226
person 0.0361 228 210 299 312
person 0.0356 100 131 141 181
person 0.0355 182 94 403 199
person 0.0349 229 191 251 224
person 0.0348 119 164 155 230
person 0.0343 198 194 258 295
person 0.0340 187 160 233 237
person 0.0336 135 182 155 217
person 0.0336 324 124 390 256
person 0.0331 204 178 250 248
person 0.0324 313 50 387 201
person 0.0320 452 185 498 253
person 0.0315 111 129 171 179
person 0.0315 188 149 230 180
person 0.0313 221 206 264 280
person 0.0312 170 147 221 185
person 0.0312 143 245 175 299
person 0.0311 215 117 269 200
person 0.0310 51 177 91 234
person 0.0301 206 163 237 221
person 0.0301 141 167 162 204
person 0.0296 227 177 285 271
person 0.0293 142 150 176 211
person 0.0293 160 129 205 178
person 0.0291 354 68 478 227
person 0.0290 196 168 219 198
person 0.0288 60 171 109 235
person 0.0285 185 157 216 198
person 0.0285 189 35 293 186
person 0.0284 185 148 214 173
person 0.0282 179 135 222 160
person 0.0280 263 29 334 72
person 0.0280 389 247 499 312
person 0.0276 231 115 245 143
person 0.0276 182 118 258 179
person 0.0274 115 186 140 215
person 0.0274 230 167 278 232
person 0.0274 125 188 148 221
person 0.0273 98 133 125 173
person 0.0273 231 184 249 208
person 0.0272 234 241 339 312
person 0.0267 219 167 237 197
person 0.0266 177 134 199 162
person 0.0266 220 191 243 224
person 0.0261 347 157 388 226
person 0.0261 0 83 206 218
person 0.0253 229 179 263 225
person 0.0251 169 81 244 199
person 0.0249 211 185 234 218
person 0.0249 106 138 130 168
person 0.0247 78 165 167 298
person 0.0245 215 33 288 88
person 0.0244 208 228 248 301
person 0.0242 261 31 369 87
person 0.0239 201 131 231 158
person 0.0238 455 262 500 312
person 0.0237 233 203 256 232
person 0.0237 376 162 411 226
person 0.0236 206 121 241 169
person 0.0236 76 170 125 238
person 0.0236 453 204 499 279
person 0.0236 207 33 242 88
person 0.0232 146 162 169 196
person 0.0229 134 157 160 210
person 0.0224 2 198 20 237
person 0.0222 477 205 500 243
person 0.0221 132 193 154 227
person 0.0221 153 195 205 261
person 0.0220 393 181 411 218
person 0.0220 283 127 495 216
person 0.0220 221 239 264 309
person 0.0217 113 166 143 216
person 0.0215 227 177 252 214
person 0.0214 148 179 172 214
person 0.0213 204 186 226 217
person 0.0212 101 128 160 162
person 0.0212 220 177 240 207
person 0.0211 176 209 240 302
person 0.0211 109 175 134 209
person 0.0210 281 29 379 160
person 0.0209 195 157 219 187
person 0.0205 56 141 112 190
person 0.0204 215 176 245 220
person 0.0203 311 115 371 207
person 0.0202 140 156 164 191
person 0.0200 178 143 227 170
pottedplant 0.0310 43 199 61 229
pottedplant 0.0241 1 168 24 185
pottedplant 0.0227 42 194 73 230
pottedplant 0.0221 12 169 27 184
pottedplant 0.0208 35 198 52 229
sofa 0.0295 89 0 365 269
tvmonitor 0.0280 74 0 386 225
tvmonitor 0.0216 80 20 349 126
