bus 0.0239 0 0 500 335
car 0.0731 0 0 496 335
car 0.0202 40 3 318 288
cow 0.4956 143 98 228 285
cow 0.2795 327 97 348 115
cow 0.2605 359 97 375 117
cow 0.1569 342 98 372 115
cow 0.1545 327 96 365 117
cow 0.1175 136 97 212 200
cow 0.0879 86 51 231 294
cow 0.0705 335 96 384 117
cow 0.0666 32 47 186 304
cow 0.0640 362 101 372 113
cow 0.0636 349 97 366 118
cow 0.0623 355 94 383 123
cow 0.0595 335 99 355 114
cow 0.0584 154 97 208 140
cow 0.0562 361 97 386 114
cow 0.0553 149 98 221 164
cow 0.0524 61 238 109 262
cow 0.0502 330 101 340 113
cow 0.0432 315 96 343 117
cow 0.0430 183 98 208 117
cow 0.0419 362 94 379 109
cow 0.0400 360 96 399 119
cow 0.0397 156 111 224 224
cow 0.0393 331 95 352 108
cow 0.0375 138 121 197 239
cow 0.0320 372 97 397 111
cow 0.0308 321 87 379 116
cow 0.0287 385 95 406 109
cow 0.0285 123 125 180 256
cow 0.0284 161 96 196 119
cow 0.0273 349 90 380 114
cow 0.0268 323 98 336 118
cow 0.0263 394 95 415 108
cow 0.0260 184 118 232 219
cow 0.0255 320 90 348 120
cow 0.0246 328 98 345 108
cow 0.0246 67 98 174 276
cow 0.0245 401 95 423 109
cow 0.0245 336 96 360 107
cow 0.0242 142 131 181 192
cow 0.0225 327 101 351 122
cow 0.0225 174 97 213 151
cow 0.0224 138 84 369 295
cow 0.0222 140 100 191 142
cow 0.0217 371 94 417 110
cow 0.0213 80 14 328 312
cow 0.0213 324 103 334 115
cow 0.0213 357 88 393 113
cow 0.0209 349 97 367 106
cow 0.0208 409 95 430 110
cow 0.0208 320 101 341 113
cow 0.0207 380 97 406 115
cow 0.0206 315 99 333 115
cow 0.0204 313 98 376 120
cow 0.0200 138 112 165 137
dog 0.4709 137 98 230 286
dog 0.1359 138 97 219 190
dog 0.0923 59 39 227 300
dog 0.0784 144 95 211 147
dog 0.0600 148 118 212 251
dog 0.0590 162 96 205 125
dog 0.0566 175 97 206 118
dog 0.0345 0 0 500 335
dog 0.0323 139 129 187 255
dog 0.0307 152 158 209 294
dog 0.0299 78 6 326 300
dog 0.0242 138 107 185 136
dog 0.0241 197 131 230 212
dog 0.0241 173 100 209 144
horse 0.2632 117 85 235 294
horse 0.0641 45 79 186 298
motorbike 0.0371 32 49 221 293
person 0.1313 0 0 204 335
person 0.1071 0 0 500 294
person 0.0491 57 39 251 267
person 0.0490 153 140 232 292
person 0.0278 155 173 180 244
person 0.0273 159 169 177 207
person 0.0269 158 209 175 242
person 0.0222 170 107 318 299
person 0.0213 164 110 206 175
person 0.0207 191 130 226 198
person 0.0205 181 144 203 175
person 0.0203 147 131 189 194
person 0.0202 173 128 209 196
pottedplant 0.0267 161 156 237 292
pottedplant 0.0254 311 140 404 261
pottedplant 0.0222 288 162 374 276
pottedplant 0.0221 469 100 495 129
pottedplant 0.0212 251 158 329 277
sheep 0.0868 154 126 232 294
sheep 0.0516 61 238 108 262
sheep 0.0485 96 215 146 244
sheep 0.0309 142 149 205 293
sheep 0.0248 96 215 140 232
sheep 0.0206 119 138 181 261
sheep 0.0203 139 204 255 293
train 0.0212 100 76 481 299
