cat 0.8958 0 10 374 494
cat 0.0966 92 1 305 86
cat 0.0613 75 10 375 126
cat 0.0462 51 4 235 77
cat 0.0413 265 60 374 481
cat 0.0373 150 0 253 87
cat 0.0362 2 3 66 227
cat 0.0361 6 7 196 474
cat 0.0342 176 43 366 492
cat 0.0318 0 0 82 393
cat 0.0316 15 4 173 89
cat 0.0314 183 3 338 90
cat 0.0312 194 3 375 191
cat 0.0302 0 0 162 225
cat 0.0287 26 1 375 212
cat 0.0278 217 17 368 121
cat 0.0236 0 333 257 492
cat 0.0234 311 145 375 439
cat 0.0231 0 107 112 318
cat 0.0230 93 348 375 493
cat 0.0228 3 66 60 307
cat 0.0208 21 246 375 485
cat 0.0207 5 8 258 124
cat 0.0206 2 2 104 148
chair 0.0201 0 0 36 174
person 0.0345 178 2 283 85
person 0.0261 229 3 289 85
