aeroplane 0.0296 0 0 500 219
aeroplane 0.0272 0 87 500 333
bird 0.0236 6 34 500 292
boat 0.0318 0 6 500 300
car 0.9183 250 167 328 201
car 0.5953 408 72 461 90
car 0.1964 407 75 436 92
car 0.1527 406 74 475 99
car 0.1084 251 172 297 201
car 0.1033 406 78 427 100
car 0.0893 425 73 464 87
car 0.0879 411 80 459 95
car 0.0797 432 70 460 92
car 0.0738 416 85 472 105
car 0.0612 271 180 330 204
car 0.0569 405 78 449 105
car 0.0560 296 171 324 200
car 0.0491 409 71 427 89
car 0.0478 404 84 430 106
car 0.0456 465 81 497 100
car 0.0454 404 82 438 96
car 0.0435 405 78 489 109
car 0.0427 0 103 18 130
car 0.0423 414 69 497 94
car 0.0419 439 88 476 103
car 0.0410 412 71 438 89
car 0.0405 421 86 450 104
car 0.0404 294 187 328 204
car 0.0403 0 116 19 138
car 0.0371 427 80 467 99
car 0.0355 418 65 452 76
car 0.0355 428 79 500 102
car 0.0351 258 189 311 210
car 0.0348 450 86 489 99
car 0.0342 260 192 290 209
car 0.0338 407 57 463 87
car 0.0335 407 90 445 105
car 0.0332 302 167 327 185
car 0.0322 478 74 499 100
car 0.0322 251 187 282 204
car 0.0319 0 120 20 155
car 0.0316 450 75 480 85
car 0.0310 427 77 470 91
car 0.0307 401 93 433 108
car 0.0302 251 159 337 222
car 0.0295 442 83 471 100
car 0.0279 279 190 315 201
car 0.0269 283 158 308 166
car 0.0258 464 73 499 89
car 0.0256 0 114 12 132
car 0.0252 410 80 429 90
car 0.0250 422 68 447 81
car 0.0243 417 92 454 107
car 0.0243 395 70 443 98
car 0.0241 265 162 320 179
car 0.0241 0 98 12 136
car 0.0239 277 158 300 166
car 0.0236 292 158 317 167
car 0.0234 389 80 433 109
car 0.0234 0 88 21 122
car 0.0230 0 120 32 136
car 0.0229 0 118 12 150
car 0.0223 488 75 500 104
car 0.0223 269 181 316 196
car 0.0223 251 174 278 199
car 0.0221 269 191 303 202
car 0.0219 416 68 438 79
car 0.0218 308 167 326 178
car 0.0215 284 166 328 183
car 0.0214 246 134 331 202
car 0.0213 296 182 330 198
car 0.0213 450 72 465 91
car 0.0210 387 95 424 109
car 0.0202 246 179 324 211
car 0.0202 481 64 499 90
car 0.0201 275 169 326 190
person 0.1364 304 181 325 207
person 0.0493 264 192 288 210
person 0.0410 0 27 493 333
person 0.0397 254 189 282 210
person 0.0392 482 267 499 298
person 0.0352 0 111 10 135
person 0.0328 273 194 297 210
person 0.0320 279 168 324 207
person 0.0318 424 84 444 105
person 0.0307 488 257 500 301
person 0.0303 313 183 328 207
person 0.0302 304 189 321 213
person 0.0301 256 198 286 211
person 0.0285 408 76 424 93
person 0.0283 251 179 276 207
person 0.0271 284 195 309 209
person 0.0259 413 69 424 84
person 0.0252 460 244 498 304
person 0.0248 292 192 325 206
person 0.0247 264 185 305 211
person 0.0246 295 194 311 210
person 0.0245 250 173 290 213
person 0.0239 477 242 500 300
person 0.0230 285 197 300 211
person 0.0215 277 188 329 208
person 0.0204 310 193 323 218
person 0.0201 252 184 265 206
person 0.0200 457 276 499 333
person 0.0200 275 199 291 214
pottedplant 0.1303 156 68 174 95
pottedplant 0.0284 148 70 162 95
pottedplant 0.0230 156 71 170 88
train 0.1194 0 29 500 331
train 0.0447 0 0 500 106
train 0.0413 0 100 376 282
train 0.0322 91 30 500 144
train 0.0313 396 72 500 105
train 0.0306 209 79 484 142
train 0.0230 278 72 490 122
train 0.0225 4 37 198 269
train 0.0217 439 68 500 96
train 0.0201 0 197 400 329
