bird 0.0260 195 299 395 369
bird 0.0200 259 297 455 374
cat 0.5077 45 0 487 379
cat 0.1414 371 2 491 143
cat 0.1378 353 3 495 249
cat 0.1041 382 2 475 58
cat 0.0700 275 0 492 351
cat 0.0661 28 0 308 318
cat 0.0651 100 0 467 157
cat 0.0637 35 162 430 367
cat 0.0532 16 94 153 238
cat 0.0418 0 3 190 238
cat 0.0416 329 0 480 82
cat 0.0321 404 0 498 85
cat 0.0304 88 34 473 250
cat 0.0303 45 110 218 239
cat 0.0301 33 105 190 189
cat 0.0282 369 51 490 189
cat 0.0275 28 104 191 313
cat 0.0241 306 60 481 159
cat 0.0239 260 3 500 178
cat 0.0228 37 116 112 225
cat 0.0207 60 111 263 337
cat 0.0206 280 94 456 179
chair 0.1396 55 0 482 353
chair 0.0823 279 0 477 160
chair 0.0571 57 0 108 37
chair 0.0568 6 0 155 45
chair 0.0504 73 0 135 37
chair 0.0444 6 0 168 198
chair 0.0409 111 0 174 33
chair 0.0394 10 0 380 233
chair 0.0383 297 0 460 83
chair 0.0382 298 0 500 302
chair 0.0374 69 0 211 42
chair 0.0371 140 0 200 32
chair 0.0370 2 0 86 58
chair 0.0354 47 0 91 44
chair 0.0333 212 2 404 128
chair 0.0330 2 0 174 87
chair 0.0329 34 9 345 127
chair 0.0306 47 0 125 55
chair 0.0295 73 0 158 57
chair 0.0293 2 0 255 364
chair 0.0289 281 0 390 108
chair 0.0288 104 0 153 44
chair 0.0285 3 73 115 298
chair 0.0272 84 0 160 28
chair 0.0269 139 0 435 191
chair 0.0267 146 13 321 97
chair 0.0265 44 0 218 142
chair 0.0255 107 0 221 68
chair 0.0255 120 0 274 43
chair 0.0243 68 0 95 31
chair 0.0235 183 0 340 71
chair 0.0226 0 147 165 353
chair 0.0225 147 3 287 67
chair 0.0225 22 0 94 26
chair 0.0224 145 0 175 32
chair 0.0221 79 0 112 35
chair 0.0220 76 0 264 84
chair 0.0216 249 0 343 100
chair 0.0214 54 0 79 28
chair 0.0214 248 46 498 198
chair 0.0207 273 49 418 161
chair 0.0202 90 0 123 34
dog 0.1556 0 3 500 370
dog 0.0633 4 76 308 363
dog 0.0353 9 18 181 317
dog 0.0351 350 1 471 59
dog 0.0314 386 1 455 43
dog 0.0260 108 262 456 369
dog 0.0260 320 22 497 362
dog 0.0219 52 100 342 232
person 0.0899 2 0 175 224
person 0.0669 445 374 497 402
person 0.0464 12 15 283 154
person 0.0434 4 0 311 387
person 0.0390 0 27 122 301
person 0.0316 9 84 99 247
person 0.0298 22 61 135 220
person 0.0295 422 363 498 401
person 0.0289 464 381 500 402
person 0.0277 453 335 499 402
person 0.0260 479 374 500 402
person 0.0246 458 369 485 401
person 0.0239 20 0 189 43
person 0.0233 28 54 181 167
person 0.0224 443 371 472 402
person 0.0221 466 366 495 400
person 0.0220 1 137 150 387
person 0.0216 47 32 207 136
person 0.0215 6 86 185 199
sofa 0.0965 0 0 500 393
