bird 0.0334 26 454 74 500
bottle 0.0239 0 475 31 500
car 0.0205 0 472 22 500
cat 0.8297 0 34 320 461
cat 0.1333 16 322 328 478
cat 0.1230 16 166 280 406
cat 0.0900 176 35 312 135
cat 0.0587 0 9 291 277
cat 0.0566 3 449 77 497
cat 0.0557 0 270 198 445
cat 0.0524 1 136 122 442
cat 0.0511 76 32 316 189
cat 0.0493 113 32 265 125
cat 0.0434 0 409 217 497
cat 0.0433 0 429 114 499
cat 0.0363 0 294 80 439
cat 0.0317 0 361 64 493
cat 0.0299 3 130 66 333
cat 0.0299 172 29 315 256
cat 0.0279 23 453 104 498
cat 0.0274 71 210 305 468
cat 0.0273 2 191 69 421
cat 0.0272 5 147 209 328
cat 0.0271 121 44 333 387
cat 0.0207 216 32 320 181
chair 0.0262 232 62 336 413
chair 0.0246 19 443 163 500
chair 0.0235 287 199 343 399
chair 0.0211 218 208 334 387
dog 0.0813 6 329 164 443
dog 0.0759 4 278 217 438
dog 0.0662 0 407 75 500
dog 0.0579 0 367 118 462
dog 0.0524 3 305 66 461
dog 0.0501 0 348 241 475
dog 0.0482 0 404 181 496
dog 0.0463 18 456 74 499
dog 0.0432 0 338 96 437
dog 0.0364 0 199 123 456
person 0.0418 0 338 61 494
person 0.0279 0 405 76 498
person 0.0229 0 463 58 499
person 0.0203 0 463 29 500
pottedplant 0.3036 55 315 319 480
pottedplant 0.1839 227 418 343 500
pottedplant 0.1768 11 126 343 475
pottedplant 0.1696 164 328 340 500
pottedplant 0.1335 77 402 301 500
pottedplant 0.1032 112 426 242 498
pottedplant 0.1026 317 353 343 402
pottedplant 0.1018 314 351 343 440
pottedplant 0.0997 91 338 246 487
pottedplant 0.0979 255 361 343 489
pottedplant 0.0774 181 325 283 404
pottedplant 0.0757 312 392 342 494
pottedplant 0.0746 281 396 343 500
pottedplant 0.0732 113 209 334 500
pottedplant 0.0700 115 312 300 427
pottedplant 0.0696 3 284 252 438
pottedplant 0.0677 221 321 279 381
pottedplant 0.0661 267 444 341 498
pottedplant 0.0659 174 428 298 498
pottedplant 0.0656 196 328 295 456
pottedplant 0.0622 290 349 343 459
pottedplant 0.0613 121 372 289 478
pottedplant 0.0592 292 459 343 499
pottedplant 0.0589 74 341 210 437
pottedplant 0.0582 300 349 343 409
pottedplant 0.0581 142 327 265 458
pottedplant 0.0531 226 345 317 500
pottedplant 0.0528 198 234 343 474
pottedplant 0.0527 85 448 208 498
pottedplant 0.0525 197 451 247 495
pottedplant 0.0514 189 306 335 429
pottedplant 0.0500 76 383 217 470
pottedplant 0.0498 155 435 256 492
pottedplant 0.0466 302 436 343 494
pottedplant 0.0465 87 465 145 499
pottedplant 0.0456 133 380 225 486
pottedplant 0.0437 132 347 222 447
pottedplant 0.0431 232 448 321 498
pottedplant 0.0428 143 449 228 496
pottedplant 0.0415 181 394 302 478
pottedplant 0.0411 115 476 170 500
pottedplant 0.0409 287 272 343 444
pottedplant 0.0402 202 451 241 478
pottedplant 0.0402 121 317 200 472
pottedplant 0.0369 274 421 315 500
pottedplant 0.0369 204 440 275 500
pottedplant 0.0359 275 457 323 500
pottedplant 0.0357 40 415 208 492
pottedplant 0.0357 198 415 266 489
pottedplant 0.0351 108 324 217 410
pottedplant 0.0342 322 426 343 500
pottedplant 0.0336 215 449 258 499
pottedplant 0.0333 264 248 343 500
pottedplant 0.0331 287 415 326 494
pottedplant 0.0322 131 435 209 489
pottedplant 0.0311 163 351 263 413
pottedplant 0.0305 247 402 335 470
pottedplant 0.0304 126 462 178 500
pottedplant 0.0300 267 422 341 481
pottedplant 0.0295 176 459 237 499
pottedplant 0.0293 330 437 343 493
pottedplant 0.0292 266 348 343 418
pottedplant 0.0292 190 361 267 500
pottedplant 0.0290 101 475 139 499
pottedplant 0.0289 200 441 256 475
pottedplant 0.0288 246 314 343 410
pottedplant 0.0287 219 400 285 500
pottedplant 0.0286 309 313 343 478
pottedplant 0.0283 299 476 341 499
pottedplant 0.0282 247 410 305 500
pottedplant 0.0282 29 444 179 500
pottedplant 0.0281 221 323 316 400
pottedplant 0.0276 126 400 212 462
pottedplant 0.0273 18 317 162 445
pottedplant 0.0272 313 319 343 398
pottedplant 0.0268 323 364 343 414
pottedplant 0.0267 229 302 300 437
pottedplant 0.0264 205 347 276 402
pottedplant 0.0261 10 376 256 500
pottedplant 0.0258 188 340 262 391
pottedplant 0.0257 313 426 342 473
pottedplant 0.0253 73 242 208 474
pottedplant 0.0253 136 480 178 499
pottedplant 0.0247 188 359 280 425
pottedplant 0.0247 164 345 234 485
pottedplant 0.0246 329 351 343 395
pottedplant 0.0245 322 353 343 381
pottedplant 0.0243 179 448 238 482
pottedplant 0.0239 141 437 202 472
pottedplant 0.0238 193 468 254 500
pottedplant 0.0235 302 404 343 459
pottedplant 0.0233 190 385 283 444
pottedplant 0.0232 149 415 219 500
pottedplant 0.0232 99 304 213 376
pottedplant 0.0232 174 401 266 461
pottedplant 0.0231 70 276 265 392
pottedplant 0.0228 284 477 325 498
pottedplant 0.0226 121 399 192 500
pottedplant 0.0225 82 319 157 456
pottedplant 0.0225 207 456 234 487
pottedplant 0.0223 176 401 240 500
pottedplant 0.0221 99 296 178 443
pottedplant 0.0215 112 369 200 430
pottedplant 0.0215 216 331 271 442
pottedplant 0.0214 104 457 168 497
pottedplant 0.0213 173 370 246 447
pottedplant 0.0210 265 380 343 448
pottedplant 0.0210 232 275 338 390
pottedplant 0.0209 151 407 217 451
pottedplant 0.0209 152 335 203 435
pottedplant 0.0209 190 360 249 395
pottedplant 0.0208 81 430 152 498
pottedplant 0.0202 223 457 278 499
pottedplant 0.0202 221 74 335 445
pottedplant 0.0201 97 419 197 481
pottedplant 0.0200 145 374 209 426
