aeroplane 0.0580 88 0 242 50
aeroplane 0.0395 166 0 239 37
aeroplane 0.0327 215 0 344 43
aeroplane 0.0324 219 0 267 45
aeroplane 0.0320 227 1 291 35
aeroplane 0.0244 148 0 289 49
boat 0.4537 16 21 402 460
boat 0.2883 40 17 377 191
boat 0.1818 266 2 415 74
boat 0.1537 248 0 424 179
boat 0.1218 168 17 395 161
boat 0.1206 266 8 329 49
boat 0.1034 323 2 429 107
boat 0.0894 364 5 435 134
boat 0.0881 267 3 373 47
boat 0.0708 60 96 397 334
boat 0.0692 74 0 238 51
boat 0.0672 203 0 411 103
boat 0.0653 379 2 442 92
boat 0.0636 312 10 399 88
boat 0.0622 51 4 301 98
boat 0.0606 101 48 326 164
boat 0.0605 71 176 397 413
boat 0.0589 332 0 445 248
boat 0.0585 242 39 369 172
boat 0.0571 299 28 382 78
boat 0.0569 210 19 435 314
boat 0.0562 271 2 335 32
boat 0.0487 229 7 349 68
boat 0.0483 37 43 246 426
boat 0.0470 268 25 353 72
boat 0.0469 171 81 352 182
boat 0.0464 15 118 145 440
boat 0.0445 0 44 31 115
boat 0.0443 291 0 388 35
boat 0.0442 369 78 429 131
boat 0.0433 307 2 416 48
boat 0.0431 228 13 313 56
boat 0.0407 370 27 422 113
boat 0.0404 278 23 326 49
boat 0.0403 272 18 397 109
boat 0.0397 144 2 320 82
boat 0.0388 343 22 421 81
boat 0.0388 218 2 295 40
boat 0.0378 102 9 207 57
boat 0.0367 3 224 425 491
boat 0.0346 228 2 269 32
boat 0.0336 299 45 438 151
boat 0.0335 349 60 445 139
boat 0.0325 282 6 329 25
boat 0.0322 195 0 332 50
boat 0.0309 274 0 356 23
boat 0.0304 209 19 333 86
boat 0.0301 0 22 332 293
boat 0.0291 108 94 343 213
boat 0.0287 267 5 336 115
boat 0.0287 0 250 162 452
boat 0.0278 1 242 92 351
boat 0.0275 316 18 388 159
boat 0.0274 224 28 314 73
boat 0.0271 309 43 378 95
boat 0.0270 332 42 405 95
boat 0.0264 154 5 242 55
boat 0.0261 218 13 276 52
boat 0.0259 355 62 423 117
boat 0.0258 107 9 249 82
boat 0.0253 375 76 419 110
boat 0.0252 129 0 221 38
boat 0.0227 291 2 341 21
boat 0.0223 217 33 320 183
boat 0.0217 27 161 44 209
boat 0.0217 224 12 263 37
boat 0.0213 118 152 343 267
boat 0.0213 317 10 388 39
boat 0.0206 70 167 226 464
boat 0.0206 65 84 262 184
boat 0.0202 0 311 237 465
boat 0.0201 155 134 318 208
bottle 0.0798 0 65 30 120
bottle 0.0504 25 142 42 209
bottle 0.0409 382 84 408 127
bottle 0.0327 50 281 81 351
bottle 0.0312 401 84 422 127
bottle 0.0300 165 0 237 43
bottle 0.0283 317 31 385 194
bottle 0.0282 380 78 408 107
bottle 0.0266 392 58 420 112
bottle 0.0252 60 310 83 353
bottle 0.0247 378 84 395 127
bottle 0.0239 376 40 416 122
bottle 0.0232 399 65 418 102
bottle 0.0220 380 78 394 108
bottle 0.0216 365 29 406 100
bottle 0.0214 37 268 51 313
bottle 0.0213 398 44 417 87
bottle 0.0213 0 90 35 136
bottle 0.0206 264 26 343 174
car 0.0854 0 0 30 70
car 0.0583 343 3 445 89
car 0.0520 0 387 72 437
car 0.0514 1 1 19 44
car 0.0461 407 0 443 87
car 0.0445 263 0 434 73
car 0.0434 374 279 442 452
car 0.0417 0 0 47 46
car 0.0395 328 0 414 39
car 0.0360 0 358 21 408
car 0.0336 63 0 238 52
car 0.0315 229 0 400 52
car 0.0287 0 28 28 88
car 0.0276 376 0 443 52
car 0.0263 0 68 32 110
car 0.0254 0 406 72 492
car 0.0252 147 0 321 43
car 0.0245 0 1 32 32
car 0.0241 36 0 323 81
car 0.0239 376 359 442 445
car 0.0215 320 31 373 75
car 0.0214 43 266 75 305
car 0.0210 253 0 331 83
car 0.0205 3 0 60 96
car 0.0205 0 28 33 59
car 0.0203 0 233 62 293
car 0.0201 0 381 20 434
chair 0.5143 357 123 429 261
chair 0.3128 37 31 110 109
chair 0.2718 5 240 75 436
chair 0.2322 349 30 439 265
chair 0.2017 325 111 433 350
chair 0.1680 29 19 141 132
chair 0.1563 0 5 37 126
chair 0.1465 316 118 391 295
chair 0.1305 299 42 396 277
chair 0.1302 267 8 330 49
chair 0.1260 374 105 434 218
chair 0.1179 30 18 261 140
chair 0.1152 0 62 32 123
chair 0.1126 397 126 442 259
chair 0.1122 3 12 88 122
chair 0.1116 274 118 376 362
chair 0.1101 327 142 376 259
chair 0.1083 374 127 425 184
chair 0.1074 0 228 48 409
chair 0.1005 409 120 443 215
chair 0.0990 286 37 426 389
chair 0.0986 46 5 192 82
chair 0.0926 72 0 230 55
chair 0.0902 8 150 109 432
chair 0.0896 350 147 388 253
chair 0.0867 0 333 72 435
chair 0.0859 44 27 147 86
chair 0.0835 390 73 445 227
chair 0.0813 378 82 422 131
chair 0.0804 309 181 386 369
chair 0.0802 371 66 424 174
chair 0.0771 32 11 156 218
chair 0.0759 16 37 108 152
chair 0.0758 392 129 432 200
chair 0.0758 340 69 404 250
chair 0.0753 263 0 341 31
chair 0.0738 357 125 415 208
chair 0.0737 375 0 439 144
chair 0.0734 0 0 25 87
chair 0.0722 351 78 429 205
chair 0.0696 2 231 37 347
chair 0.0682 32 41 76 121
chair 0.0681 411 75 444 189
chair 0.0671 9 255 82 360
chair 0.0669 405 0 445 136
chair 0.0659 0 57 60 132
chair 0.0658 23 31 128 367
chair 0.0632 321 148 439 273
chair 0.0611 319 226 430 368
chair 0.0603 230 0 359 54
chair 0.0602 268 14 316 40
chair 0.0597 42 23 79 93
chair 0.0594 320 23 431 191
chair 0.0591 2 1 61 91
chair 0.0588 421 55 445 235
chair 0.0579 69 7 149 76
chair 0.0578 23 14 112 86
chair 0.0574 359 177 440 386
chair 0.0568 387 158 429 267
chair 0.0557 387 139 424 224
chair 0.0551 232 136 401 452
chair 0.0544 44 263 83 353
chair 0.0533 369 168 416 267
chair 0.0528 0 320 32 409
chair 0.0527 30 60 101 124
chair 0.0527 269 6 314 31
chair 0.0518 40 37 187 162
chair 0.0518 43 33 114 74
chair 0.0516 296 126 421 237
chair 0.0514 375 39 419 129
chair 0.0505 359 161 427 231
chair 0.0504 0 42 40 172
chair 0.0504 298 158 359 355
chair 0.0497 373 113 426 164
chair 0.0489 386 91 431 181
chair 0.0488 2 303 105 445
chair 0.0488 84 6 150 49
chair 0.0474 379 131 418 159
chair 0.0467 423 129 445 271
chair 0.0467 408 131 435 193
chair 0.0460 0 0 42 64
chair 0.0452 51 15 128 69
chair 0.0448 270 93 383 239
chair 0.0448 363 154 397 248
chair 0.0443 317 158 366 311
chair 0.0439 230 3 312 41
chair 0.0428 226 21 376 312
chair 0.0426 351 38 432 150
chair 0.0422 277 20 321 49
chair 0.0421 377 124 409 174
chair 0.0421 309 201 445 436
chair 0.0420 367 147 426 197
chair 0.0418 273 2 326 22
chair 0.0408 114 1 199 41
chair 0.0406 398 64 445 138
chair 0.0405 6 243 56 332
chair 0.0402 4 45 67 196
chair 0.0400 31 273 84 413
chair 0.0398 0 350 21 406
chair 0.0392 41 30 63 91
chair 0.0386 360 253 442 448
chair 0.0386 320 265 394 358
chair 0.0373 14 28 105 251
chair 0.0371 9 277 55 399
chair 0.0369 411 185 443 275
chair 0.0366 292 147 374 280
chair 0.0364 40 91 229 455
chair 0.0361 29 6 69 83
chair 0.0358 0 383 77 440
chair 0.0357 248 163 360 331
chair 0.0354 395 129 431 165
chair 0.0350 314 229 368 360
chair 0.0348 422 25 445 161
chair 0.0346 392 89 419 129
chair 0.0344 166 134 376 370
chair 0.0341 269 4 295 37
chair 0.0339 22 260 51 344
chair 0.0339 16 0 273 89
chair 0.0328 343 128 392 202
chair 0.0327 399 148 427 211
chair 0.0327 0 102 72 457
chair 0.0320 0 297 82 383
chair 0.0318 45 32 69 75
chair 0.0318 86 20 130 61
chair 0.0317 30 34 260 281
chair 0.0316 360 207 427 265
chair 0.0315 373 136 401 196
chair 0.0314 266 19 303 47
chair 0.0313 402 135 427 183
chair 0.0311 0 244 25 411
chair 0.0310 362 78 436 143
chair 0.0308 0 360 37 420
chair 0.0306 331 72 381 227
chair 0.0306 48 224 127 432
chair 0.0305 0 327 19 389
chair 0.0303 381 156 419 202
chair 0.0302 364 90 406 181
chair 0.0301 383 98 415 149
chair 0.0299 51 17 94 83
chair 0.0298 40 233 98 359
chair 0.0292 1 77 150 491
chair 0.0291 386 135 412 180
chair 0.0291 99 5 188 59
chair 0.0287 407 100 437 178
chair 0.0285 400 92 425 140
chair 0.0285 384 130 443 174
chair 0.0283 375 128 401 161
chair 0.0282 5 43 72 102
chair 0.0277 117 0 219 25
chair 0.0276 84 0 216 121
chair 0.0273 41 0 86 71
chair 0.0272 4 22 26 75
chair 0.0272 357 101 439 170
chair 0.0272 81 0 111 68
chair 0.0271 326 206 445 307
chair 0.0270 429 121 445 222
chair 0.0270 49 34 81 67
chair 0.0269 29 265 65 347
chair 0.0268 45 29 100 61
chair 0.0267 196 40 445 500
chair 0.0266 11 74 50 144
chair 0.0265 365 23 411 113
chair 0.0265 12 0 111 59
chair 0.0262 65 0 121 56
chair 0.0259 418 146 440 207
chair 0.0259 45 268 75 324
chair 0.0258 371 152 398 218
chair 0.0255 410 154 431 209
chair 0.0253 0 294 165 476
chair 0.0253 279 9 306 45
chair 0.0253 13 80 81 336
chair 0.0249 377 147 405 184
chair 0.0249 83 25 184 69
chair 0.0246 71 32 126 81
chair 0.0246 350 85 385 183
chair 0.0246 281 242 379 376
chair 0.0245 66 7 105 78
chair 0.0244 0 290 33 374
chair 0.0243 361 158 383 238
chair 0.0242 0 394 78 493
chair 0.0241 262 21 319 73
chair 0.0241 312 256 344 360
chair 0.0239 39 51 95 92
chair 0.0239 43 338 78 431
chair 0.0239 396 143 419 190
chair 0.0237 394 162 420 235
chair 0.0236 1 287 72 345
chair 0.0235 416 130 437 178
chair 0.0234 8 237 35 312
chair 0.0233 391 59 425 127
chair 0.0233 343 255 423 341
chair 0.0233 7 41 44 116
chair 0.0232 84 33 121 67
chair 0.0232 31 64 68 145
chair 0.0231 388 147 445 340
chair 0.0230 365 57 409 135
chair 0.0230 288 5 325 30
chair 0.0227 321 318 440 460
chair 0.0226 18 240 73 315
chair 0.0226 311 256 397 432
chair 0.0226 417 74 442 141
chair 0.0225 375 344 442 475
chair 0.0225 101 27 204 181
chair 0.0224 71 7 159 130
chair 0.0223 0 225 26 315
chair 0.0222 67 45 150 93
chair 0.0221 390 128 408 155
chair 0.0220 426 155 444 215
chair 0.0219 1 233 32 281
chair 0.0219 6 15 36 84
chair 0.0219 11 8 34 57
chair 0.0219 53 297 81 353
chair 0.0218 79 0 173 32
chair 0.0217 381 93 403 136
chair 0.0217 402 114 427 162
chair 0.0217 288 10 314 47
chair 0.0214 396 371 443 448
chair 0.0213 275 2 299 29
chair 0.0212 32 319 143 447
chair 0.0212 0 413 46 500
chair 0.0210 0 315 48 384
chair 0.0210 368 157 389 201
chair 0.0210 331 196 376 268
chair 0.0207 393 130 420 153
chair 0.0207 286 52 386 192
chair 0.0206 280 0 320 43
chair 0.0205 50 51 133 106
chair 0.0204 0 87 39 130
chair 0.0204 358 197 411 326
chair 0.0203 298 19 321 54
chair 0.0201 339 28 394 133
chair 0.0200 0 37 23 97
chair 0.0200 409 85 432 137
chair 0.0200 14 67 140 180
diningtable 0.3673 14 9 418 474
diningtable 0.1487 303 13 441 255
diningtable 0.1260 294 96 428 310
diningtable 0.0812 260 125 399 360
diningtable 0.0717 222 25 436 395
diningtable 0.0694 245 29 402 274
diningtable 0.0615 57 94 325 440
diningtable 0.0603 161 121 419 500
diningtable 0.0583 115 19 445 269
diningtable 0.0443 278 145 398 254
diningtable 0.0375 272 86 411 193
diningtable 0.0372 151 147 380 349
diningtable 0.0347 31 233 443 490
diningtable 0.0341 213 145 390 280
diningtable 0.0325 354 58 445 138
diningtable 0.0309 353 89 445 181
diningtable 0.0308 330 115 434 193
diningtable 0.0274 306 133 426 219
diningtable 0.0260 130 329 445 491
diningtable 0.0258 225 196 435 377
diningtable 0.0229 313 164 422 266
diningtable 0.0227 195 102 388 221
person 0.1145 219 0 246 37
person 0.0670 228 0 248 30
person 0.0546 188 0 241 40
person 0.0488 223 0 261 33
person 0.0466 235 0 256 29
person 0.0410 51 278 86 354
person 0.0391 211 2 276 39
person 0.0361 115 0 256 43
person 0.0341 0 0 22 68
person 0.0311 319 34 385 208
person 0.0283 220 0 236 29
person 0.0277 203 4 255 55
person 0.0270 198 0 325 40
person 0.0237 394 10 420 93
person 0.0231 402 8 425 76
person 0.0228 327 35 377 107
person 0.0226 401 21 415 69
person 0.0225 346 30 388 108
person 0.0224 203 0 238 29
person 0.0223 227 0 287 29
person 0.0213 380 13 415 95
pottedplant 0.0430 0 64 31 124
tvmonitor 0.1014 0 48 32 119
tvmonitor 0.0876 379 79 422 129
tvmonitor 0.0835 363 0 443 108
tvmonitor 0.0813 407 0 445 93
tvmonitor 0.0459 374 21 420 122
tvmonitor 0.0385 381 79 419 106
tvmonitor 0.0369 409 0 444 47
tvmonitor 0.0324 393 0 435 79
tvmonitor 0.0320 0 69 32 103
tvmonitor 0.0299 43 271 83 345
tvmonitor 0.0289 363 12 411 98
tvmonitor 0.0279 364 0 424 61
tvmonitor 0.0276 336 0 414 40
tvmonitor 0.0271 381 59 424 115
tvmonitor 0.0221 155 93 330 171
tvmonitor 0.0214 426 1 445 54
tvmonitor 0.0208 383 71 419 93
tvmonitor 0.0200 414 21 444 142
