aeroplane 0.1068 42 0 476 278
aeroplane 0.0716 0 79 407 318
aeroplane 0.0348 41 44 279 273
aeroplane 0.0272 181 78 500 298
bicycle 0.7977 31 168 221 323
bicycle 0.6692 215 169 352 316
bicycle 0.5534 340 166 425 285
bicycle 0.5222 110 172 274 322
bicycle 0.4640 201 177 290 320
bicycle 0.4100 456 178 500 279
bicycle 0.3947 279 174 367 306
bicycle 0.3157 310 174 405 303
bicycle 0.2549 51 163 158 306
bicycle 0.2315 58 132 319 317
bicycle 0.1883 414 176 494 284
bicycle 0.1854 330 113 457 282
bicycle 0.1774 321 179 376 284
bicycle 0.1673 131 193 217 325
bicycle 0.1557 234 117 385 288
bicycle 0.1519 319 169 482 301
bicycle 0.1450 59 165 223 234
bicycle 0.1288 218 173 378 238
bicycle 0.1222 242 174 431 298
bicycle 0.1167 369 142 438 275
bicycle 0.1057 21 199 146 325
bicycle 0.1034 132 177 398 318
bicycle 0.0987 96 113 240 289
bicycle 0.0959 172 120 333 298
bicycle 0.0885 115 173 190 305
bicycle 0.0848 89 173 254 261
bicycle 0.0847 473 158 500 241
bicycle 0.0845 481 155 499 189
bicycle 0.0748 388 127 485 284
bicycle 0.0743 220 171 320 270
bicycle 0.0641 12 156 178 257
bicycle 0.0620 302 174 470 249
bicycle 0.0605 379 175 465 279
bicycle 0.0557 437 155 500 253
bicycle 0.0537 182 191 249 318
bicycle 0.0526 470 151 500 201
bicycle 0.0519 327 173 403 253
bicycle 0.0515 374 184 421 276
bicycle 0.0513 276 179 331 293
bicycle 0.0473 160 164 340 255
bicycle 0.0472 292 180 348 282
bicycle 0.0452 228 172 281 244
bicycle 0.0437 348 161 419 236
bicycle 0.0437 218 176 274 281
bicycle 0.0428 449 232 500 278
bicycle 0.0407 461 191 500 246
bicycle 0.0403 482 152 500 219
bicycle 0.0387 62 165 141 223
bicycle 0.0352 75 170 173 271
bicycle 0.0349 307 143 364 270
bicycle 0.0334 168 228 314 320
bicycle 0.0329 342 184 384 265
bicycle 0.0326 376 205 500 311
bicycle 0.0311 13 161 98 301
bicycle 0.0284 221 146 355 210
bicycle 0.0280 338 174 390 229
bicycle 0.0272 185 105 485 319
bicycle 0.0270 446 169 500 333
bicycle 0.0264 94 238 248 320
bicycle 0.0259 19 256 167 324
bicycle 0.0258 229 170 338 219
bicycle 0.0252 471 159 497 183
bicycle 0.0246 228 221 335 318
bicycle 0.0244 87 170 161 234
bicycle 0.0243 452 146 500 213
bicycle 0.0243 263 206 500 319
bicycle 0.0243 263 175 341 243
bicycle 0.0241 202 184 256 295
bicycle 0.0239 110 197 159 300
bicycle 0.0234 342 175 423 212
bicycle 0.0231 78 198 197 333
bicycle 0.0230 465 178 499 214
bicycle 0.0226 20 229 101 330
bicycle 0.0226 360 122 447 234
bicycle 0.0225 308 175 366 233
bicycle 0.0225 357 183 411 244
bicycle 0.0223 477 190 499 232
bicycle 0.0219 171 191 221 302
bicycle 0.0216 243 234 391 314
bicycle 0.0215 27 95 248 238
bicycle 0.0211 144 183 237 289
bicycle 0.0210 389 173 435 254
bicycle 0.0204 4 277 73 329
bicycle 0.0202 123 164 286 229
bicycle 0.0202 124 207 170 287
bicycle 0.0201 122 224 185 323
boat 0.0831 0 0 500 281
boat 0.0358 0 147 500 333
boat 0.0273 464 211 498 271
bottle 0.0383 352 110 386 162
bottle 0.0309 328 131 350 161
bottle 0.0281 223 173 257 198
bottle 0.0276 313 126 351 180
bottle 0.0260 357 110 381 145
bottle 0.0251 351 125 375 159
bottle 0.0232 356 121 397 176
bottle 0.0229 322 118 353 163
bottle 0.0220 126 219 162 284
bottle 0.0215 306 112 347 160
bus 0.1371 0 0 500 116
bus 0.0595 67 0 497 261
bus 0.0330 52 15 262 214
bus 0.0279 305 0 500 154
bus 0.0205 144 39 500 136
car 0.0373 120 0 500 95
car 0.0320 478 144 500 186
car 0.0213 421 0 498 89
chair 0.0893 297 176 368 311
chair 0.0666 194 192 269 318
chair 0.0510 468 176 500 260
chair 0.0454 251 176 325 320
chair 0.0451 432 308 500 332
chair 0.0417 131 164 213 302
chair 0.0407 177 169 243 299
chair 0.0405 326 196 369 285
chair 0.0380 369 173 432 283
chair 0.0334 455 314 500 332
chair 0.0326 316 146 473 333
chair 0.0322 474 309 499 333
chair 0.0321 276 203 330 317
chair 0.0310 34 177 113 309
chair 0.0304 454 272 500 333
chair 0.0285 332 184 394 287
chair 0.0277 335 189 375 255
chair 0.0273 397 299 500 332
chair 0.0268 314 211 346 280
chair 0.0267 316 213 361 300
chair 0.0265 253 156 383 333
chair 0.0263 396 195 427 262
chair 0.0246 1 122 129 313
chair 0.0244 456 200 499 271
chair 0.0227 466 296 500 333
chair 0.0226 298 200 342 282
chair 0.0222 223 172 270 203
chair 0.0215 419 198 494 279
chair 0.0211 476 197 499 237
chair 0.0210 190 171 271 255
chair 0.0208 381 192 423 270
chair 0.0207 413 239 500 333
chair 0.0203 13 213 81 323
chair 0.0203 202 180 257 284
chair 0.0201 146 162 236 249
diningtable 0.0691 74 68 488 306
diningtable 0.0210 37 181 469 333
motorbike 0.0326 19 147 414 333
person 0.8592 59 67 224 307
person 0.8227 226 92 347 303
person 0.7863 348 80 435 280
person 0.4777 397 2 426 40
person 0.3905 363 0 395 33
person 0.3204 120 122 253 313
person 0.2930 369 0 413 37
person 0.2877 407 5 439 43
person 0.2268 345 0 389 30
person 0.2134 51 140 173 306
person 0.1944 244 69 415 291
person 0.1898 465 0 499 56
person 0.1775 421 11 442 43
person 0.1564 469 34 494 57
person 0.1451 298 96 461 290
person 0.1407 325 0 378 27
person 0.1364 303 0 355 21
person 0.1344 73 109 323 333
person 0.1319 399 1 454 45
person 0.1292 343 3 372 28
person 0.1251 349 87 442 190
person 0.1246 439 0 493 51
person 0.1227 277 0 314 16
person 0.1209 1 37 386 333
person 0.1195 420 0 468 48
person 0.1162 381 2 403 35
person 0.1030 238 92 346 179
person 0.1001 400 4 420 27
person 0.0975 356 133 410 257
person 0.0926 369 87 484 280
person 0.0922 260 0 299 14
person 0.0908 186 130 293 303
person 0.0855 384 1 439 36
person 0.0851 285 0 324 20
person 0.0830 428 11 450 45
person 0.0808 167 105 391 333
person 0.0791 476 17 499 56
person 0.0752 338 0 363 25
person 0.0744 434 8 459 47
person 0.0742 241 0 284 13
person 0.0740 150 69 336 237
person 0.0733 370 1 398 24
person 0.0715 391 0 419 30
person 0.0610 474 0 499 36
person 0.0601 461 16 490 55
person 0.0597 396 2 435 23
person 0.0591 284 109 351 244
person 0.0586 326 0 351 23
person 0.0584 196 25 460 323
person 0.0582 0 4 194 301
person 0.0573 304 0 330 20
person 0.0568 395 1 429 14
person 0.0556 452 5 481 48
person 0.0555 463 27 483 53
person 0.0532 348 0 430 40
person 0.0531 277 0 295 14
person 0.0528 263 157 341 287
person 0.0526 393 11 416 42
person 0.0524 385 10 406 39
person 0.0523 222 157 290 267
person 0.0520 369 0 418 20
person 0.0516 467 104 500 280
person 0.0499 395 4 414 23
person 0.0487 301 140 345 226
person 0.0485 349 84 426 145
person 0.0484 458 28 499 59
person 0.0483 405 5 418 18
person 0.0481 376 0 486 49
person 0.0475 347 11 382 31
person 0.0475 441 8 471 47
person 0.0457 163 98 231 243
person 0.0455 488 27 500 60
person 0.0454 224 170 284 220
person 0.0440 0 86 181 226
person 0.0435 416 2 436 26
person 0.0427 385 2 403 22
person 0.0427 407 16 428 45
person 0.0425 0 102 128 313
person 0.0420 123 167 202 297
person 0.0419 296 0 316 18
person 0.0416 348 91 403 170
person 0.0411 39 85 291 234
person 0.0409 380 1 411 15
person 0.0394 233 119 318 247
person 0.0389 462 3 486 38
person 0.0381 427 0 496 87
person 0.0381 292 98 346 158
person 0.0378 268 0 288 13
person 0.0375 475 37 498 62
person 0.0360 368 0 392 17
person 0.0358 363 112 429 234
person 0.0356 362 7 384 36
person 0.0354 363 0 383 22
person 0.0348 317 134 384 258
person 0.0347 378 2 393 22
person 0.0343 393 19 431 41
person 0.0342 442 56 500 287
person 0.0337 302 118 348 182
person 0.0335 83 67 239 207
person 0.0333 457 23 475 51
person 0.0332 300 0 412 34
person 0.0331 355 95 385 151
person 0.0331 359 85 398 142
person 0.0324 248 0 272 11
person 0.0321 256 0 316 20
person 0.0319 342 0 402 18
person 0.0316 294 163 349 262
person 0.0311 246 98 301 158
person 0.0309 359 153 395 220
person 0.0308 310 84 410 156
person 0.0304 401 8 411 17
person 0.0301 326 8 364 24
person 0.0299 410 0 444 61
person 0.0295 79 71 213 142
person 0.0292 459 0 500 26
person 0.0287 324 81 421 226
person 0.0285 462 10 498 85
person 0.0283 357 127 403 205
person 0.0282 264 93 339 146
person 0.0280 379 139 438 256
person 0.0279 313 136 353 207
person 0.0279 403 0 422 11
person 0.0278 467 10 495 42
person 0.0278 65 123 155 251
person 0.0274 64 164 131 206
person 0.0273 414 11 455 38
person 0.0273 352 0 373 23
person 0.0270 309 153 361 250
person 0.0267 459 31 493 49
person 0.0265 142 137 223 261
person 0.0261 212 0 281 11
person 0.0260 361 14 400 35
person 0.0255 410 4 425 18
person 0.0255 352 124 391 183
person 0.0254 418 0 444 34
person 0.0253 186 135 232 208
person 0.0252 328 38 469 250
person 0.0250 72 74 169 208
person 0.0249 12 62 234 164
person 0.0249 430 22 496 52
person 0.0249 363 0 400 9
person 0.0248 409 77 494 218
person 0.0245 87 123 189 280
person 0.0244 375 0 446 16
person 0.0243 413 20 441 46
person 0.0242 313 0 363 36
person 0.0242 396 0 434 68
person 0.0241 313 0 337 21
person 0.0239 125 169 169 230
person 0.0237 247 170 295 228
person 0.0236 359 107 381 141
person 0.0234 312 113 349 160
person 0.0233 270 91 313 138
person 0.0233 294 90 362 194
person 0.0231 280 0 340 27
person 0.0230 414 3 451 20
person 0.0230 485 3 500 48
person 0.0229 433 7 452 33
person 0.0229 191 99 287 233
person 0.0227 390 5 400 17
person 0.0227 416 0 488 30
person 0.0226 376 0 398 15
person 0.0223 357 156 387 198
person 0.0223 176 116 224 191
person 0.0222 233 144 278 208
person 0.0221 375 138 500 333
person 0.0220 39 104 129 226
person 0.0219 366 83 410 129
person 0.0218 107 168 153 228
person 0.0218 484 150 500 186
person 0.0218 185 91 460 230
person 0.0218 379 16 416 36
person 0.0216 260 158 321 248
person 0.0216 175 171 221 243
person 0.0215 138 171 184 234
person 0.0214 372 159 419 242
person 0.0214 113 72 179 121
person 0.0211 238 110 284 167
person 0.0210 393 0 469 22
person 0.0209 331 103 376 157
person 0.0208 282 174 328 247
person 0.0207 400 2 416 10
person 0.0207 408 98 447 161
person 0.0205 405 1 443 15
person 0.0205 187 160 231 230
person 0.0204 58 166 124 246
person 0.0203 169 87 229 175
sofa 0.0704 0 93 355 320
train 0.0599 0 0 500 151
train 0.0545 37 0 334 280
train 0.0434 143 0 500 100
