bottle 0.2399 54 116 226 343
bottle 0.0550 346 271 411 335
bottle 0.0462 51 244 224 339
bottle 0.0374 147 134 208 277
bottle 0.0369 163 181 245 333
bottle 0.0328 64 216 166 349
bottle 0.0282 131 160 201 316
bottle 0.0273 38 189 123 341
bottle 0.0265 118 200 219 347
bottle 0.0259 154 155 199 243
bottle 0.0230 172 251 294 337
bottle 0.0223 152 139 193 196
bottle 0.0216 157 194 197 280
chair 0.0438 0 126 26 195
chair 0.0421 63 126 219 353
chair 0.0283 0 218 228 350
chair 0.0260 344 277 473 337
chair 0.0249 1 149 20 193
chair 0.0225 2 129 21 178
chair 0.0204 251 0 326 22
diningtable 0.0404 24 119 500 372
diningtable 0.0359 13 246 276 354
diningtable 0.0256 263 270 500 353
diningtable 0.0214 59 267 397 355
diningtable 0.0209 67 274 254 345
pottedplant 0.6774 78 14 493 344
pottedplant 0.5000 54 76 244 346
pottedplant 0.3142 53 116 210 247
pottedplant 0.2682 358 25 485 312
pottedplant 0.2614 114 56 298 340
pottedplant 0.2437 263 55 406 330
pottedplant 0.1856 0 99 403 353
pottedplant 0.1540 157 69 259 276
pottedplant 0.1499 34 33 192 246
pottedplant 0.1415 313 88 465 343
pottedplant 0.1306 188 55 374 347
pottedplant 0.1293 228 0 466 306
pottedplant 0.1144 378 109 465 310
pottedplant 0.1040 45 112 131 234
pottedplant 0.1026 88 17 238 252
pottedplant 0.1022 160 11 309 250
pottedplant 0.1012 389 6 498 236
pottedplant 0.0913 405 86 487 296
pottedplant 0.0875 348 249 416 336
pottedplant 0.0868 165 134 244 301
pottedplant 0.0792 201 77 314 309
pottedplant 0.0773 68 147 202 293
pottedplant 0.0760 155 36 259 185
pottedplant 0.0739 402 6 495 137
pottedplant 0.0725 117 126 217 283
pottedplant 0.0724 3 17 371 261
pottedplant 0.0702 0 0 204 357
pottedplant 0.0690 325 258 450 338
pottedplant 0.0674 180 144 492 342
pottedplant 0.0669 366 239 391 279
pottedplant 0.0651 280 177 440 337
pottedplant 0.0638 38 120 147 318
pottedplant 0.0621 279 135 375 328
pottedplant 0.0603 373 171 448 333
pottedplant 0.0603 57 114 186 194
pottedplant 0.0556 424 57 500 359
pottedplant 0.0537 66 84 309 220
pottedplant 0.0536 274 247 390 336
pottedplant 0.0524 0 0 38 17
pottedplant 0.0522 304 7 491 197
pottedplant 0.0520 109 150 258 320
pottedplant 0.0519 151 122 229 246
pottedplant 0.0519 355 121 436 302
pottedplant 0.0518 374 13 462 119
pottedplant 0.0508 173 13 400 208
pottedplant 0.0501 26 198 258 351
pottedplant 0.0498 165 25 230 144
pottedplant 0.0487 242 0 309 28
pottedplant 0.0484 186 8 238 44
pottedplant 0.0483 48 127 98 240
pottedplant 0.0480 23 106 113 206
pottedplant 0.0476 129 72 223 215
pottedplant 0.0475 309 94 398 290
pottedplant 0.0472 163 82 285 207
pottedplant 0.0452 61 185 176 341
pottedplant 0.0440 366 272 404 331
pottedplant 0.0438 226 135 301 306
pottedplant 0.0426 311 202 499 349
pottedplant 0.0418 131 121 200 242
pottedplant 0.0413 394 160 455 291
pottedplant 0.0410 164 68 281 150
pottedplant 0.0409 129 133 266 216
pottedplant 0.0407 32 34 120 192
pottedplant 0.0401 77 141 236 225
pottedplant 0.0395 406 169 489 343
pottedplant 0.0395 165 37 337 173
pottedplant 0.0392 260 115 345 304
pottedplant 0.0391 182 5 311 44
pottedplant 0.0389 454 103 500 297
pottedplant 0.0378 179 2 239 67
pottedplant 0.0376 0 0 37 38
pottedplant 0.0366 186 156 345 320
pottedplant 0.0357 367 220 431 328
pottedplant 0.0355 140 202 404 340
pottedplant 0.0355 170 38 215 124
pottedplant 0.0354 0 1 255 154
pottedplant 0.0351 241 46 364 250
pottedplant 0.0351 0 0 121 263
pottedplant 0.0350 253 0 285 23
pottedplant 0.0350 225 146 249 227
pottedplant 0.0350 178 3 276 33
pottedplant 0.0349 162 7 449 129
pottedplant 0.0349 59 58 156 204
pottedplant 0.0348 0 0 26 25
pottedplant 0.0344 368 30 487 162
pottedplant 0.0340 89 120 341 282
pottedplant 0.0338 207 246 476 346
pottedplant 0.0335 158 12 257 118
pottedplant 0.0331 289 271 490 346
pottedplant 0.0330 274 76 361 194
pottedplant 0.0330 179 179 284 304
pottedplant 0.0328 14 54 88 205
pottedplant 0.0327 150 134 203 211
pottedplant 0.0323 211 62 311 201
pottedplant 0.0318 204 1 327 30
pottedplant 0.0316 199 110 307 230
pottedplant 0.0314 365 246 382 280
pottedplant 0.0313 260 247 296 284
pottedplant 0.0311 363 78 480 221
pottedplant 0.0311 0 2 40 74
pottedplant 0.0311 222 0 287 29
pottedplant 0.0306 265 3 303 23
pottedplant 0.0305 259 132 318 269
pottedplant 0.0299 19 122 90 259
pottedplant 0.0298 367 238 400 301
pottedplant 0.0297 36 145 180 231
pottedplant 0.0297 3 125 40 193
pottedplant 0.0291 3 86 41 158
pottedplant 0.0289 243 120 303 249
pottedplant 0.0288 49 119 95 192
pottedplant 0.0287 157 112 224 196
pottedplant 0.0287 377 15 448 66
pottedplant 0.0286 243 38 404 176
pottedplant 0.0284 304 3 344 31
pottedplant 0.0282 197 132 249 241
pottedplant 0.0280 89 100 249 181
pottedplant 0.0279 306 8 327 32
pottedplant 0.0278 256 0 300 18
pottedplant 0.0274 110 14 250 161
pottedplant 0.0271 346 275 387 336
pottedplant 0.0268 232 0 280 15
pottedplant 0.0266 380 247 500 344
pottedplant 0.0265 311 201 393 337
pottedplant 0.0265 251 213 359 327
pottedplant 0.0263 277 112 366 241
pottedplant 0.0262 362 270 441 332
pottedplant 0.0261 202 77 320 150
pottedplant 0.0259 421 51 495 185
pottedplant 0.0257 10 122 64 200
pottedplant 0.0255 0 3 82 69
pottedplant 0.0255 36 121 83 212
pottedplant 0.0253 173 14 220 101
pottedplant 0.0251 45 173 194 256
pottedplant 0.0250 105 128 192 205
pottedplant 0.0250 8 79 62 163
pottedplant 0.0249 200 74 279 129
pottedplant 0.0247 7 10 92 156
pottedplant 0.0247 79 64 202 181
pottedplant 0.0245 0 104 176 213
pottedplant 0.0244 431 77 497 244
pottedplant 0.0244 203 222 323 324
pottedplant 0.0242 221 82 267 138
pottedplant 0.0241 150 212 260 323
pottedplant 0.0240 307 11 487 109
pottedplant 0.0239 409 203 449 291
pottedplant 0.0239 379 7 483 83
pottedplant 0.0238 138 123 190 181
pottedplant 0.0238 262 0 331 31
pottedplant 0.0237 313 59 403 218
pottedplant 0.0236 325 272 403 337
pottedplant 0.0234 153 123 228 152
pottedplant 0.0234 273 142 334 246
pottedplant 0.0232 346 26 447 182
pottedplant 0.0231 263 12 307 27
pottedplant 0.0231 228 82 318 122
pottedplant 0.0230 267 145 305 221
pottedplant 0.0229 143 149 192 231
pottedplant 0.0228 218 75 359 128
pottedplant 0.0228 174 17 349 99
pottedplant 0.0227 165 0 264 50
pottedplant 0.0226 165 141 216 222
pottedplant 0.0226 153 128 214 171
pottedplant 0.0223 153 104 235 165
pottedplant 0.0222 273 18 449 154
pottedplant 0.0220 174 52 265 124
pottedplant 0.0220 179 240 358 343
pottedplant 0.0219 251 165 301 288
pottedplant 0.0219 262 80 351 121
pottedplant 0.0217 393 8 459 54
pottedplant 0.0217 199 8 229 37
pottedplant 0.0217 328 238 384 331
pottedplant 0.0215 210 125 273 262
pottedplant 0.0214 338 239 493 317
pottedplant 0.0213 281 8 303 25
pottedplant 0.0213 256 91 328 228
pottedplant 0.0212 291 227 354 336
pottedplant 0.0211 2 40 41 126
pottedplant 0.0210 173 0 228 40
pottedplant 0.0209 166 85 219 152
pottedplant 0.0209 50 113 133 167
pottedplant 0.0209 76 117 180 158
pottedplant 0.0207 0 125 24 199
pottedplant 0.0207 232 10 312 36
pottedplant 0.0205 177 0 274 89
pottedplant 0.0204 230 99 290 214
pottedplant 0.0203 14 87 53 140
pottedplant 0.0203 1 0 67 117
pottedplant 0.0202 302 11 319 32
pottedplant 0.0201 214 0 264 36
pottedplant 0.0201 9 0 62 46
pottedplant 0.0200 0 85 46 228
tvmonitor 0.0377 347 274 398 334
