aeroplane 0.8248 41 131 392 281
aeroplane 0.2299 337 142 390 199
aeroplane 0.1203 107 134 357 229
aeroplane 0.1134 316 141 392 223
aeroplane 0.1099 139 131 326 183
aeroplane 0.1096 328 139 485 202
aeroplane 0.0927 229 134 399 288
aeroplane 0.0843 303 139 404 263
aeroplane 0.0838 47 172 233 271
aeroplane 0.0833 442 150 498 192
aeroplane 0.0791 260 142 391 200
aeroplane 0.0749 337 142 435 187
aeroplane 0.0642 205 137 411 217
aeroplane 0.0611 381 118 500 193
aeroplane 0.0598 454 164 500 191
aeroplane 0.0596 322 135 487 259
aeroplane 0.0558 457 179 497 190
aeroplane 0.0497 342 143 382 180
aeroplane 0.0488 306 143 389 183
aeroplane 0.0481 444 159 499 181
aeroplane 0.0478 0 158 500 333
aeroplane 0.0470 456 149 500 177
aeroplane 0.0447 442 86 500 120
aeroplane 0.0442 406 143 499 198
aeroplane 0.0425 18 60 494 287
aeroplane 0.0416 433 174 500 192
aeroplane 0.0399 454 122 500 182
aeroplane 0.0382 467 147 499 168
aeroplane 0.0366 131 135 261 170
aeroplane 0.0361 119 122 246 186
aeroplane 0.0361 479 91 499 119
aeroplane 0.0360 440 162 487 187
aeroplane 0.0354 453 87 498 144
aeroplane 0.0351 481 145 500 172
aeroplane 0.0341 234 141 367 181
aeroplane 0.0337 122 113 297 167
aeroplane 0.0330 467 182 497 197
aeroplane 0.0329 39 179 147 265
aeroplane 0.0329 66 205 334 289
aeroplane 0.0326 347 141 410 177
aeroplane 0.0315 422 91 498 155
aeroplane 0.0306 142 179 393 285
aeroplane 0.0305 52 125 290 195
aeroplane 0.0304 349 157 389 195
aeroplane 0.0300 438 179 483 190
aeroplane 0.0300 319 92 493 195
aeroplane 0.0293 425 134 500 168
aeroplane 0.0289 348 144 377 166
aeroplane 0.0289 449 157 498 172
aeroplane 0.0288 24 122 269 255
aeroplane 0.0286 133 146 278 188
aeroplane 0.0283 478 147 500 189
aeroplane 0.0281 271 181 393 285
aeroplane 0.0277 376 153 488 189
aeroplane 0.0274 474 176 500 193
aeroplane 0.0266 184 145 315 187
aeroplane 0.0264 447 179 500 197
aeroplane 0.0251 481 167 498 191
aeroplane 0.0250 463 136 500 162
aeroplane 0.0248 351 75 498 152
aeroplane 0.0248 444 163 483 175
aeroplane 0.0247 129 139 211 159
aeroplane 0.0245 359 144 391 187
aeroplane 0.0245 442 88 485 104
aeroplane 0.0241 401 180 428 190
aeroplane 0.0233 478 139 500 160
aeroplane 0.0232 9 96 159 165
aeroplane 0.0231 418 169 489 189
aeroplane 0.0229 179 228 363 290
aeroplane 0.0226 468 186 496 203
aeroplane 0.0223 453 183 490 193
aeroplane 0.0220 425 179 466 190
aeroplane 0.0220 134 154 228 187
aeroplane 0.0219 238 138 328 168
aeroplane 0.0218 387 180 413 190
aeroplane 0.0218 60 106 227 163
aeroplane 0.0217 134 130 228 155
aeroplane 0.0217 445 169 476 188
aeroplane 0.0216 18 109 141 196
aeroplane 0.0214 463 91 500 112
aeroplane 0.0210 459 146 500 160
aeroplane 0.0207 451 160 473 173
aeroplane 0.0205 416 180 445 189
aeroplane 0.0204 334 144 369 174
aeroplane 0.0204 136 166 219 199
aeroplane 0.0204 247 107 405 195
aeroplane 0.0203 409 90 498 126
boat 0.0226 178 140 500 300
car 0.0271 0 105 21 140
car 0.0246 488 143 500 175
car 0.0233 485 90 500 122
car 0.0208 0 93 23 131
person 0.0827 177 179 192 210
person 0.0318 0 66 413 307
person 0.0304 177 179 201 220
person 0.0283 188 181 205 209
person 0.0257 173 180 187 207
person 0.0215 183 181 197 203
