aeroplane 0.0344 350 134 465 193
aeroplane 0.0337 370 150 431 186
aeroplane 0.0304 364 135 422 164
aeroplane 0.0300 401 114 422 131
aeroplane 0.0290 402 140 419 162
aeroplane 0.0285 410 116 424 134
aeroplane 0.0256 380 165 421 186
aeroplane 0.0253 348 131 429 176
aeroplane 0.0238 378 117 409 127
aeroplane 0.0232 356 130 402 161
aeroplane 0.0231 395 171 417 184
aeroplane 0.0230 394 166 445 199
aeroplane 0.0227 368 146 408 161
aeroplane 0.0225 395 134 421 142
aeroplane 0.0221 368 144 429 172
aeroplane 0.0215 407 120 419 136
aeroplane 0.0214 402 168 434 191
aeroplane 0.0210 392 158 426 184
aeroplane 0.0206 393 146 418 163
aeroplane 0.0204 368 130 424 146
bird 0.0259 26 0 366 190
bird 0.0222 0 6 467 307
boat 0.0837 0 32 73 48
boat 0.0545 0 0 500 310
boat 0.0334 15 36 64 47
boat 0.0309 34 34 73 44
boat 0.0265 345 0 496 207
boat 0.0229 0 0 384 180
boat 0.0213 0 30 42 45
boat 0.0201 401 114 422 129
bus 0.6822 0 163 79 195
bus 0.1763 430 148 490 193
bus 0.1221 0 166 41 194
bus 0.1156 31 172 77 197
bus 0.1135 459 132 499 158
bus 0.0882 433 155 469 192
bus 0.0842 467 121 497 154
bus 0.0834 426 117 494 173
bus 0.0787 425 133 472 190
bus 0.0737 447 129 496 181
bus 0.0670 397 145 481 196
bus 0.0644 458 108 500 152
bus 0.0572 429 145 456 188
bus 0.0549 473 129 494 149
bus 0.0521 480 113 498 146
bus 0.0438 413 146 455 196
bus 0.0435 472 118 493 143
bus 0.0414 70 0 325 107
bus 0.0402 438 121 500 156
bus 0.0395 418 98 492 199
bus 0.0367 21 169 63 191
bus 0.0351 0 152 124 200
bus 0.0344 41 183 74 199
bus 0.0331 0 130 91 191
bus 0.0318 42 167 67 196
bus 0.0313 419 159 480 213
bus 0.0303 414 136 461 177
bus 0.0292 18 180 71 194
bus 0.0292 0 0 500 316
bus 0.0282 0 153 61 187
bus 0.0276 468 101 497 141
bus 0.0267 42 159 80 199
bus 0.0262 308 22 500 300
bus 0.0256 1 134 17 164
bus 0.0253 466 120 482 140
bus 0.0253 0 163 25 187
bus 0.0250 0 175 21 195
bus 0.0250 284 191 433 257
bus 0.0236 418 142 494 254
bus 0.0236 466 127 483 147
bus 0.0232 405 187 455 232
bus 0.0230 434 96 493 153
bus 0.0226 437 149 458 178
bus 0.0226 315 160 500 335
bus 0.0226 428 140 466 169
bus 0.0215 437 135 489 161
bus 0.0214 247 185 392 241
bus 0.0212 298 110 318 137
bus 0.0211 444 115 500 140
bus 0.0208 455 99 500 188
bus 0.0208 444 142 500 218
bus 0.0204 482 94 500 155
bus 0.0204 4 177 52 193
bus 0.0200 391 146 435 196
bus 0.0200 0 157 44 180
car 0.5654 258 305 365 335
car 0.2651 467 134 498 155
car 0.2213 435 160 484 194
car 0.1467 463 144 499 160
car 0.1305 297 311 373 335
car 0.1181 41 182 78 198
car 0.1077 409 190 452 213
car 0.1072 261 308 307 335
car 0.1054 447 148 496 190
car 0.1039 446 174 484 193
car 0.1006 457 135 500 166
car 0.1003 320 317 368 334
car 0.0948 465 148 496 167
car 0.0917 250 306 472 335
car 0.0891 483 133 500 155
car 0.0857 480 125 498 151
car 0.0801 456 167 495 193
car 0.0788 436 164 463 193
car 0.0735 453 166 496 219
car 0.0727 433 160 453 191
car 0.0677 428 168 493 207
car 0.0672 310 307 417 333
car 0.0664 459 144 492 177
car 0.0611 461 152 484 182
car 0.0603 467 153 495 173
car 0.0579 333 312 361 335
car 0.0579 334 318 383 335
car 0.0575 463 320 499 334
car 0.0560 435 176 472 193
car 0.0532 480 150 496 167
car 0.0529 402 177 451 212
car 0.0519 300 114 315 136
car 0.0513 468 171 492 196
car 0.0511 428 157 467 198
car 0.0504 461 176 499 253
car 0.0503 481 166 499 195
car 0.0482 422 174 496 228
car 0.0480 417 170 459 213
car 0.0448 404 186 479 219
car 0.0441 474 157 500 170
car 0.0441 462 230 497 309
car 0.0440 275 297 412 329
car 0.0438 489 136 500 163
car 0.0430 464 252 499 294
car 0.0425 454 183 485 196
car 0.0416 273 303 340 326
car 0.0410 475 168 500 234
car 0.0396 482 157 496 175
car 0.0395 290 316 351 333
car 0.0393 458 172 485 202
car 0.0388 464 176 482 198
car 0.0386 284 233 301 245
car 0.0380 479 146 500 159
car 0.0379 465 161 498 177
car 0.0373 483 160 498 184
car 0.0373 461 141 489 157
car 0.0365 467 127 499 141
car 0.0365 414 184 452 200
car 0.0354 432 172 455 194
car 0.0350 452 158 478 190
car 0.0336 491 146 500 170
car 0.0335 435 184 469 196
car 0.0332 326 310 366 326
car 0.0329 462 148 484 161
car 0.0329 405 171 421 184
car 0.0323 463 180 499 195
car 0.0321 483 175 500 220
car 0.0321 440 157 500 244
car 0.0320 293 304 335 318
car 0.0319 1 131 16 163
car 0.0319 281 307 334 335
car 0.0314 272 227 299 248
car 0.0314 253 299 326 328
car 0.0312 459 152 481 168
car 0.0309 417 166 454 193
car 0.0305 51 185 79 201
car 0.0303 470 156 500 185
car 0.0303 479 313 499 335
car 0.0301 450 156 487 173
car 0.0299 435 317 500 335
car 0.0299 457 178 475 198
car 0.0298 401 142 419 165
car 0.0297 490 157 500 186
car 0.0296 492 155 500 174
car 0.0296 290 236 308 248
car 0.0294 301 117 326 135
car 0.0292 434 177 487 198
car 0.0292 225 311 334 335
car 0.0289 251 274 451 335
car 0.0288 428 168 443 189
car 0.0287 296 302 358 324
car 0.0286 382 125 500 191
car 0.0286 279 304 322 319
car 0.0281 479 130 500 166
car 0.0280 313 307 353 335
car 0.0276 471 141 500 176
car 0.0272 271 233 289 243
car 0.0272 372 133 403 143
car 0.0270 414 182 438 206
car 0.0266 451 171 500 305
car 0.0266 313 303 351 317
car 0.0263 389 172 421 185
car 0.0260 260 312 285 335
car 0.0256 452 125 500 153
car 0.0256 486 113 500 154
car 0.0255 430 161 469 183
car 0.0255 406 172 433 186
car 0.0254 366 129 396 139
car 0.0252 488 167 500 205
car 0.0249 475 257 500 288
car 0.0249 405 183 429 209
car 0.0246 472 173 500 207
car 0.0245 431 179 451 204
car 0.0245 383 133 413 142
car 0.0245 484 136 500 181
car 0.0242 459 142 476 159
car 0.0240 364 135 398 161
car 0.0238 383 169 416 183
car 0.0238 447 181 472 197
car 0.0237 408 173 462 197
car 0.0237 410 171 442 205
car 0.0236 60 183 81 198
car 0.0235 414 171 438 189
car 0.0233 368 131 392 147
car 0.0233 406 188 445 206
car 0.0233 446 173 500 201
car 0.0231 422 176 447 195
car 0.0231 332 308 390 328
car 0.0230 268 232 283 245
car 0.0229 261 287 347 316
car 0.0223 344 310 382 323
car 0.0223 247 281 354 335
car 0.0221 419 186 470 208
car 0.0218 464 183 498 221
car 0.0218 440 170 473 200
car 0.0217 343 311 396 335
car 0.0217 418 185 467 235
car 0.0216 295 234 313 245
car 0.0215 437 149 490 171
car 0.0215 324 316 435 335
car 0.0215 26 177 82 199
car 0.0215 442 155 471 180
car 0.0214 460 149 475 164
car 0.0212 278 229 312 247
car 0.0209 463 185 484 205
car 0.0207 294 309 348 329
car 0.0206 405 167 421 180
car 0.0205 378 130 398 140
car 0.0205 333 304 366 317
car 0.0201 263 319 343 335
car 0.0201 422 304 500 334
car 0.0201 279 236 299 247
cat 0.0279 0 0 476 335
cow 0.0398 281 233 298 248
cow 0.0352 306 238 320 257
cow 0.0266 300 240 313 255
cow 0.0213 276 233 292 248
cow 0.0201 288 238 306 254
motorbike 0.0616 464 250 497 298
person 0.0793 304 235 315 255
person 0.0742 281 234 292 248
person 0.0687 289 236 299 249
person 0.0649 464 251 498 327
person 0.0599 481 276 500 333
person 0.0568 123 179 135 206
person 0.0565 296 308 322 335
person 0.0558 152 184 165 213
person 0.0534 299 238 307 250
person 0.0526 150 188 160 211
person 0.0521 483 245 499 287
person 0.0520 286 309 315 335
person 0.0509 275 232 285 248
person 0.0505 307 235 322 256
person 0.0494 489 277 500 321
person 0.0491 484 274 498 310
person 0.0474 117 178 127 205
person 0.0468 472 246 500 299
person 0.0452 465 255 484 285
person 0.0452 405 170 418 186
person 0.0434 129 181 141 206
person 0.0426 298 236 310 247
person 0.0395 0 0 488 325
person 0.0390 267 309 301 335
person 0.0383 403 169 418 200
person 0.0374 303 231 314 248
person 0.0370 311 308 339 335
person 0.0368 110 177 121 204
person 0.0357 484 226 498 274
person 0.0354 489 269 500 303
person 0.0349 9 19 86 51
person 0.0348 480 220 500 291
person 0.0342 298 114 310 138
person 0.0335 141 189 150 209
person 0.0330 443 261 489 333
person 0.0327 485 255 500 322
person 0.0326 468 258 492 292
person 0.0325 469 278 496 332
person 0.0314 301 230 318 258
person 0.0314 469 315 494 335
person 0.0313 272 225 295 249
person 0.0301 465 183 480 209
person 0.0300 472 278 490 315
person 0.0298 277 231 289 243
person 0.0294 410 172 422 187
person 0.0285 277 305 308 331
person 0.0284 286 232 301 244
person 0.0283 461 263 485 316
person 0.0275 304 313 331 335
person 0.0267 280 228 302 251
person 0.0263 404 138 418 157
person 0.0258 267 232 276 245
person 0.0256 459 190 473 215
person 0.0252 112 173 130 207
person 0.0246 466 217 498 286
person 0.0246 411 168 422 182
person 0.0245 303 224 327 256
person 0.0245 315 235 330 255
person 0.0243 404 178 420 208
person 0.0242 273 228 285 243
person 0.0242 463 312 485 334
person 0.0241 400 163 421 190
person 0.0239 290 228 310 254
person 0.0236 349 312 373 335
person 0.0231 463 190 482 220
person 0.0226 379 301 396 321
person 0.0226 402 155 419 177
person 0.0224 420 172 433 188
person 0.0224 362 131 380 159
person 0.0221 407 136 418 149
person 0.0220 464 279 480 316
person 0.0216 305 232 324 249
person 0.0216 327 308 353 332
person 0.0212 459 259 474 284
person 0.0211 105 170 123 205
person 0.0211 480 273 500 295
person 0.0211 302 220 314 244
person 0.0211 102 179 114 203
person 0.0207 298 226 308 243
person 0.0205 355 129 372 159
person 0.0205 434 267 450 292
person 0.0203 269 204 300 250
person 0.0202 445 235 486 303
person 0.0202 450 266 464 295
person 0.0201 440 268 455 293
person 0.0200 454 177 478 210
person 0.0200 344 311 365 332
pottedplant 0.0446 171 179 190 213
pottedplant 0.0431 152 179 165 211
pottedplant 0.0418 123 178 135 204
pottedplant 0.0413 198 190 213 221
pottedplant 0.0324 170 176 186 202
pottedplant 0.0315 129 179 141 203
pottedplant 0.0305 193 186 209 214
pottedplant 0.0304 159 190 172 215
pottedplant 0.0288 119 173 137 206
pottedplant 0.0285 183 188 197 217
pottedplant 0.0267 124 177 144 208
pottedplant 0.0249 156 179 179 217
pottedplant 0.0249 111 171 129 206
pottedplant 0.0247 186 181 212 224
pottedplant 0.0247 150 193 164 212
pottedplant 0.0245 150 180 160 204
pottedplant 0.0245 116 176 126 200
pottedplant 0.0239 177 183 201 220
pottedplant 0.0239 170 188 185 218
pottedplant 0.0238 160 180 173 209
pottedplant 0.0234 147 176 171 219
pottedplant 0.0230 3 0 371 280
pottedplant 0.0222 109 173 121 199
pottedplant 0.0222 194 195 208 223
pottedplant 0.0201 181 181 196 206
sheep 0.0323 0 0 484 335
train 0.2614 248 168 491 321
train 0.1259 110 132 500 325
train 0.0871 250 307 489 335
train 0.0816 400 147 500 196
train 0.0797 327 288 500 333
train 0.0678 345 195 489 333
train 0.0622 416 160 500 218
train 0.0591 0 31 500 335
train 0.0584 406 189 454 214
train 0.0576 393 173 470 215
train 0.0570 410 258 499 335
train 0.0568 244 245 500 335
train 0.0566 402 168 477 198
train 0.0550 352 127 493 194
train 0.0518 255 186 467 264
train 0.0503 423 162 481 191
train 0.0496 324 217 463 280
train 0.0489 407 112 496 186
train 0.0470 368 152 478 213
train 0.0465 430 169 499 269
train 0.0460 369 303 492 332
train 0.0445 268 125 495 261
train 0.0443 305 314 451 335
train 0.0441 441 125 500 154
train 0.0418 315 189 469 243
train 0.0412 384 179 500 227
train 0.0390 381 187 459 218
train 0.0381 221 39 489 310
train 0.0372 359 137 446 185
train 0.0354 438 138 500 167
train 0.0352 338 201 487 266
train 0.0346 449 241 500 335
train 0.0341 435 145 500 179
train 0.0336 385 115 422 129
train 0.0333 286 277 460 327
train 0.0331 351 143 486 278
train 0.0323 425 95 494 154
train 0.0321 380 156 464 188
train 0.0316 437 192 497 316
train 0.0314 313 85 500 222
train 0.0295 439 111 500 144
train 0.0283 404 126 464 192
train 0.0280 335 245 452 283
train 0.0278 383 181 470 272
train 0.0276 386 165 450 203
train 0.0266 243 174 435 239
train 0.0264 298 113 329 135
train 0.0264 409 182 489 292
train 0.0262 365 140 407 163
train 0.0261 423 299 494 335
train 0.0260 375 298 447 325
train 0.0257 316 172 475 219
train 0.0254 368 106 500 160
train 0.0248 397 142 422 175
train 0.0248 370 178 453 210
train 0.0246 280 126 463 190
train 0.0239 414 180 478 244
train 0.0234 389 313 500 335
train 0.0231 424 179 491 210
train 0.0231 244 258 434 317
train 0.0228 406 136 455 175
train 0.0223 375 111 432 133
train 0.0217 351 302 443 335
train 0.0215 385 138 429 170
train 0.0211 366 121 456 173
train 0.0206 346 237 495 291
train 0.0206 364 266 472 335
train 0.0202 313 211 438 258
train 0.0200 381 143 422 186
tvmonitor 0.0359 0 10 64 47
tvmonitor 0.0235 122 70 295 170
