cat 0.0451 110 276 500 367
chair 0.0325 2 124 266 358
chair 0.0275 241 0 500 310
chair 0.0263 0 179 314 302
chair 0.0206 174 295 500 367
dog 0.6966 240 84 390 275
dog 0.3359 0 5 445 341
dog 0.2647 213 38 460 281
dog 0.2095 132 27 417 227
dog 0.1259 259 164 381 280
dog 0.1241 230 97 335 254
dog 0.1056 7 6 334 231
dog 0.1043 116 278 500 364
dog 0.0883 258 82 389 189
dog 0.0762 66 116 380 297
dog 0.0683 0 259 388 362
dog 0.0663 185 116 416 331
dog 0.0495 233 88 372 150
dog 0.0487 173 71 359 260
dog 0.0462 264 250 500 332
dog 0.0459 306 84 399 243
dog 0.0456 221 87 332 181
dog 0.0423 57 4 391 106
dog 0.0380 256 163 494 291
dog 0.0353 337 231 498 294
dog 0.0351 264 97 362 234
dog 0.0331 205 196 470 338
dog 0.0308 0 0 490 140
dog 0.0286 297 83 377 153
dog 0.0286 231 95 308 145
dog 0.0283 224 72 440 210
dog 0.0282 267 203 430 276
dog 0.0231 309 272 500 355
dog 0.0229 173 161 301 265
dog 0.0213 178 1 363 176
dog 0.0202 219 180 338 278
person 0.2219 221 29 465 275
person 0.1674 0 7 358 348
person 0.0773 13 27 208 318
person 0.0643 117 0 420 255
person 0.0520 172 82 410 349
person 0.0494 311 84 386 226
person 0.0467 129 56 311 278
person 0.0431 0 98 156 363
person 0.0413 230 98 287 142
person 0.0410 308 78 438 273
person 0.0408 194 0 243 15
person 0.0399 336 0 491 270
person 0.0397 285 110 495 292
person 0.0373 186 0 269 18
person 0.0351 0 247 317 364
person 0.0339 298 82 377 143
person 0.0327 2 244 99 367
person 0.0320 83 12 259 272
person 0.0300 0 18 116 294
person 0.0289 0 152 296 281
person 0.0285 249 86 370 134
person 0.0261 327 89 379 167
person 0.0250 3 94 91 268
person 0.0248 255 0 492 145
person 0.0246 1 292 77 367
person 0.0242 197 101 287 249
person 0.0230 227 98 301 201
person 0.0216 2 165 98 318
person 0.0215 8 114 188 265
person 0.0213 333 184 496 290
person 0.0208 0 260 54 361
person 0.0200 335 72 428 206
pottedplant 0.0290 3 2 153 275
pottedplant 0.0231 3 26 90 196
sofa 0.3845 0 10 497 347
sofa 0.2014 173 20 478 279
sofa 0.1065 0 206 435 367
sofa 0.0893 44 0 453 219
sofa 0.0659 0 119 346 313
sofa 0.0441 0 281 500 367
sofa 0.0414 103 129 500 366
sofa 0.0400 176 2 500 155
sofa 0.0387 302 0 500 257
sofa 0.0383 194 211 486 356
sofa 0.0278 223 144 500 310
sofa 0.0209 234 38 458 201
