bird 0.8103 2 27 416 328
bird 0.1316 238 97 403 306
bird 0.0793 202 16 442 292
bird 0.0595 262 120 390 228
bird 0.0578 190 50 346 289
bird 0.0482 249 122 324 228
bird 0.0444 250 212 406 304
bird 0.0435 72 23 483 219
bird 0.0416 8 29 235 289
bird 0.0394 239 139 361 251
bird 0.0379 140 193 418 313
bird 0.0349 289 155 404 294
bird 0.0349 0 181 360 333
bird 0.0328 38 239 410 325
bird 0.0322 219 74 369 221
bird 0.0315 221 111 317 254
bird 0.0309 2 266 220 328
bird 0.0307 5 33 336 147
bird 0.0281 114 36 335 216
bird 0.0274 269 26 489 207
bird 0.0251 0 24 165 87
bird 0.0245 0 128 165 331
bird 0.0231 292 56 466 311
bird 0.0220 1 40 95 182
bird 0.0217 279 141 323 217
bird 0.0209 161 244 389 311
boat 0.0216 455 320 500 331
car 0.0330 459 320 500 332
