aeroplane 0.0459 29 0 85 63
aeroplane 0.0317 0 186 38 215
aeroplane 0.0317 2 0 86 86
aeroplane 0.0232 33 0 91 31
bicycle 0.1012 80 196 117 275
bicycle 0.0417 76 209 105 270
bicycle 0.0311 121 128 155 177
bicycle 0.0228 76 225 128 281
bird 0.0574 0 0 500 306
bird 0.0434 27 0 83 79
bird 0.0324 4 0 92 127
bird 0.0315 282 0 324 63
bird 0.0294 299 2 423 62
bird 0.0291 281 0 321 32
bird 0.0273 231 17 248 50
bird 0.0248 280 0 306 47
bird 0.0245 226 16 250 70
bird 0.0221 27 0 76 37
bird 0.0218 75 3 117 27
bird 0.0216 236 1 254 28
bird 0.0216 348 0 414 30
bird 0.0215 224 17 479 208
bird 0.0208 336 0 394 60
bird 0.0201 92 9 117 25
boat 0.0897 18 0 500 343
boat 0.0728 30 0 80 64
boat 0.0660 119 110 151 167
boat 0.0513 121 104 146 143
boat 0.0475 147 186 500 362
boat 0.0374 9 0 83 96
boat 0.0319 0 0 290 117
boat 0.0297 125 122 147 160
boat 0.0285 33 0 124 66
boat 0.0278 124 130 156 170
boat 0.0261 84 127 160 165
boat 0.0253 52 120 109 140
boat 0.0249 52 112 152 156
boat 0.0226 0 29 344 184
boat 0.0225 212 254 500 368
boat 0.0225 6 0 144 179
boat 0.0223 438 102 459 132
boat 0.0212 70 113 161 183
boat 0.0206 57 117 92 136
bottle 0.0618 35 0 82 57
bottle 0.0280 32 0 77 33
bus 0.0978 123 104 145 139
bus 0.0676 119 104 148 163
bus 0.0448 120 129 154 168
bus 0.0433 444 139 498 195
bus 0.0375 437 102 458 133
bus 0.0370 200 142 241 171
bus 0.0319 182 137 243 177
bus 0.0301 422 108 468 175
bus 0.0200 131 112 148 140
car 0.1570 0 188 27 214
car 0.1001 158 151 500 367
car 0.0609 0 161 24 216
car 0.0546 482 174 500 204
car 0.0544 299 201 500 370
car 0.0520 0 199 29 220
car 0.0431 461 180 500 198
car 0.0423 484 181 499 218
car 0.0392 0 180 33 204
car 0.0376 403 197 500 349
car 0.0350 0 185 29 233
car 0.0344 416 178 436 200
car 0.0338 479 163 500 196
car 0.0334 455 169 500 206
car 0.0317 0 171 41 212
car 0.0306 481 208 499 244
car 0.0306 484 193 500 233
car 0.0304 415 139 437 166
car 0.0298 6 177 36 193
car 0.0285 2 163 25 193
car 0.0284 408 168 438 200
car 0.0268 10 168 32 189
car 0.0258 436 179 450 201
car 0.0253 38 173 53 187
car 0.0243 424 181 442 200
car 0.0243 23 171 40 187
car 0.0242 33 173 48 187
car 0.0241 463 159 499 196
car 0.0238 0 173 14 213
car 0.0228 0 99 20 128
car 0.0228 476 178 500 243
car 0.0224 17 177 45 190
car 0.0222 429 155 500 196
car 0.0221 461 183 499 215
car 0.0220 341 228 500 317
car 0.0218 439 185 456 209
car 0.0213 460 183 498 252
car 0.0212 28 177 54 189
car 0.0211 472 184 500 203
car 0.0211 123 130 156 146
car 0.0208 330 266 500 365
car 0.0204 417 189 442 203
chair 0.0560 75 219 93 261
chair 0.0432 75 207 105 266
chair 0.0316 16 0 79 70
chair 0.0283 33 0 85 40
chair 0.0269 63 210 93 262
chair 0.0258 68 222 86 259
chair 0.0207 80 231 97 269
cow 0.0349 371 179 391 192
cow 0.0337 376 180 401 190
cow 0.0277 401 179 413 193
cow 0.0272 405 176 421 195
cow 0.0259 389 180 405 192
cow 0.0235 410 178 431 200
person 0.8195 80 155 126 274
person 0.1381 56 152 116 276
person 0.1084 86 196 119 278
person 0.0809 84 158 129 220
person 0.0678 2 149 16 186
person 0.0660 85 157 126 187
person 0.0577 0 149 8 190
person 0.0539 415 139 434 191
person 0.0489 11 158 26 187
person 0.0484 114 159 131 194
person 0.0476 417 165 434 199
person 0.0472 22 164 33 186
person 0.0456 0 146 21 201
person 0.0414 122 161 137 198
person 0.0412 61 111 138 273
person 0.0411 84 158 118 177
person 0.0404 31 166 42 186
person 0.0387 38 165 50 186
person 0.0375 4 144 29 189
person 0.0371 1 96 17 132
person 0.0362 28 95 44 128
person 0.0355 95 234 115 278
person 0.0337 48 175 97 264
person 0.0337 92 156 152 278
person 0.0328 82 161 101 191
person 0.0328 0 139 13 221
person 0.0327 29 83 54 130
person 0.0320 29 156 43 186
person 0.0319 34 0 79 50
person 0.0318 43 107 58 134
person 0.0317 116 173 131 212
person 0.0305 480 226 499 266
person 0.0305 34 97 51 128
person 0.0300 128 165 143 206
person 0.0288 22 116 34 153
person 0.0286 77 181 131 323
person 0.0284 46 164 56 186
person 0.0281 14 146 37 189
person 0.0280 8 101 26 129
person 0.0278 104 157 134 213
person 0.0275 411 176 427 202
person 0.0274 0 118 24 190
person 0.0273 109 159 131 178
person 0.0273 425 173 439 199
person 0.0270 23 104 35 128
person 0.0262 419 179 433 204
person 0.0261 117 159 141 216
person 0.0256 3 102 18 151
person 0.0254 101 157 126 180
person 0.0252 118 133 155 194
person 0.0252 123 170 137 212
person 0.0248 435 174 450 198
person 0.0247 81 171 99 206
person 0.0247 25 148 48 189
person 0.0247 10 136 28 178
person 0.0239 41 88 57 128
person 0.0238 8 112 30 170
person 0.0238 417 138 434 164
person 0.0236 12 110 28 145
person 0.0235 13 118 28 162
person 0.0234 18 141 90 268
person 0.0233 2 94 29 134
person 0.0231 417 151 440 200
person 0.0230 75 194 106 264
person 0.0229 406 179 417 201
person 0.0229 122 159 135 181
person 0.0224 25 111 42 141
person 0.0222 17 115 37 165
person 0.0217 16 93 40 133
person 0.0216 6 0 91 102
person 0.0216 3 119 19 173
person 0.0214 37 99 60 138
person 0.0213 0 88 21 164
person 0.0210 435 165 449 190
person 0.0210 117 191 130 222
person 0.0210 428 185 439 206
person 0.0205 20 172 35 197
person 0.0204 431 134 450 165
person 0.0203 471 224 496 258
person 0.0202 85 154 143 198
person 0.0202 0 95 10 137
person 0.0201 0 99 13 197
pottedplant 0.0200 86 226 114 277
sheep 0.0574 414 138 435 197
sheep 0.0313 410 171 428 199
sheep 0.0311 405 175 417 198
sheep 0.0283 414 165 437 194
sheep 0.0247 387 180 408 190
sheep 0.0240 122 129 151 174
sheep 0.0232 412 150 429 193
sheep 0.0220 400 180 409 196
sheep 0.0216 371 178 387 193
train 0.0956 414 135 495 193
train 0.0758 416 138 434 182
train 0.0677 112 104 500 368
train 0.0663 410 138 442 197
train 0.0513 416 136 470 177
train 0.0506 0 0 500 319
train 0.0439 199 141 241 171
train 0.0404 358 118 496 192
train 0.0369 419 107 481 184
train 0.0367 413 155 436 201
train 0.0363 118 127 159 167
train 0.0341 0 164 37 211
train 0.0334 168 27 500 161
train 0.0314 427 143 499 178
train 0.0310 341 146 500 357
train 0.0309 444 150 500 194
train 0.0309 411 118 460 191
train 0.0301 415 56 497 193
train 0.0300 449 119 498 184
train 0.0296 414 136 448 168
train 0.0291 202 130 243 161
train 0.0284 0 147 37 193
train 0.0283 175 139 248 175
train 0.0258 7 116 59 195
train 0.0249 415 132 486 162
train 0.0236 50 119 114 142
train 0.0230 211 125 249 150
train 0.0230 123 118 276 187
train 0.0227 235 128 254 150
train 0.0227 405 169 434 199
train 0.0222 407 163 451 202
train 0.0222 402 144 432 200
train 0.0222 214 126 233 149
train 0.0217 281 116 447 186
train 0.0216 0 124 42 210
train 0.0215 436 95 486 161
train 0.0213 198 141 272 176
train 0.0211 426 146 497 217
train 0.0207 11 76 61 167
train 0.0207 282 10 500 216
train 0.0205 423 171 498 207
train 0.0203 213 169 500 310
train 0.0201 389 136 449 191
train 0.0200 442 137 487 164
tvmonitor 0.0647 174 222 500 370
tvmonitor 0.0294 172 211 315 372
