bicycle 0.0373 70 331 270 494
bird 0.0226 0 334 216 492
bird 0.0204 3 408 149 496
bottle 0.1342 297 363 311 443
bottle 0.1306 174 225 264 491
bottle 0.1197 266 445 281 498
bottle 0.0939 278 449 290 498
bottle 0.0819 271 447 285 498
bottle 0.0815 252 445 285 500
bottle 0.0776 199 237 258 287
bottle 0.0736 298 365 310 409
bottle 0.0732 279 447 309 500
bottle 0.0670 304 363 328 442
bottle 0.0642 193 237 269 341
bottle 0.0635 304 461 334 500
bottle 0.0634 220 238 266 299
bottle 0.0594 301 329 331 459
bottle 0.0588 249 385 298 498
bottle 0.0578 193 315 267 500
bottle 0.0574 201 303 323 498
bottle 0.0548 296 364 307 402
bottle 0.0538 270 446 298 500
bottle 0.0527 303 454 317 497
bottle 0.0504 216 241 250 285
bottle 0.0501 278 317 292 358
bottle 0.0492 297 452 311 498
bottle 0.0489 97 215 145 277
bottle 0.0484 227 340 298 499
bottle 0.0473 297 361 323 457
bottle 0.0472 288 354 331 495
bottle 0.0472 306 384 332 500
bottle 0.0467 262 318 274 363
bottle 0.0466 246 480 280 499
bottle 0.0457 320 364 333 444
bottle 0.0446 299 320 334 369
bottle 0.0422 242 416 274 500
bottle 0.0422 302 368 314 433
bottle 0.0419 5 407 41 498
bottle 0.0418 270 394 302 496
bottle 0.0416 214 461 263 500
bottle 0.0412 230 239 254 293
bottle 0.0412 93 213 156 317
bottle 0.0411 246 284 326 461
bottle 0.0410 254 448 272 496
bottle 0.0410 214 458 239 500
bottle 0.0407 180 252 254 377
bottle 0.0406 255 424 311 500
bottle 0.0406 26 98 241 253
bottle 0.0404 180 234 237 283
bottle 0.0401 210 221 308 454
bottle 0.0398 224 241 239 284
bottle 0.0393 262 466 278 500
bottle 0.0387 173 179 268 373
bottle 0.0377 205 241 243 274
bottle 0.0376 282 392 310 498
bottle 0.0375 219 478 258 499
bottle 0.0375 234 457 281 499
bottle 0.0374 285 359 310 441
bottle 0.0371 273 318 287 359
bottle 0.0368 274 339 333 454
bottle 0.0366 285 458 326 500
bottle 0.0360 275 316 303 360
bottle 0.0358 290 363 300 398
bottle 0.0353 46 110 188 223
bottle 0.0351 226 477 278 500
bottle 0.0347 263 316 295 363
bottle 0.0347 294 383 307 440
bottle 0.0344 253 373 309 449
bottle 0.0342 309 374 322 436
bottle 0.0340 236 242 270 327
bottle 0.0337 177 220 256 300
bottle 0.0335 227 223 291 382
bottle 0.0334 248 448 266 495
bottle 0.0334 294 422 326 500
bottle 0.0319 318 453 334 500
bottle 0.0318 295 339 316 420
bottle 0.0318 205 421 266 498
bottle 0.0318 92 207 148 250
bottle 0.0317 314 369 328 429
bottle 0.0317 303 365 314 403
bottle 0.0313 326 365 334 465
bottle 0.0311 258 317 278 383
bottle 0.0310 308 316 333 420
bottle 0.0309 193 253 259 307
bottle 0.0306 259 324 291 408
bottle 0.0305 230 396 260 495
bottle 0.0303 199 240 226 282
bottle 0.0302 286 310 332 389
bottle 0.0298 194 258 207 290
bottle 0.0298 101 217 138 244
bottle 0.0297 239 227 330 364
bottle 0.0293 272 411 334 500
bottle 0.0292 84 99 228 199
bottle 0.0290 262 306 332 366
bottle 0.0288 226 239 248 275
bottle 0.0285 198 250 239 285
bottle 0.0280 280 320 305 391
bottle 0.0280 0 476 33 499
bottle 0.0280 272 319 297 388
bottle 0.0278 218 401 251 495
bottle 0.0277 214 446 291 499
bottle 0.0274 200 445 249 500
bottle 0.0272 293 367 311 392
bottle 0.0270 310 431 334 500
bottle 0.0270 207 210 240 283
bottle 0.0270 211 242 231 281
bottle 0.0268 268 347 302 431
bottle 0.0267 265 319 279 359
bottle 0.0267 247 467 280 497
bottle 0.0262 226 245 267 373
bottle 0.0262 96 229 126 316
bottle 0.0262 195 234 230 303
bottle 0.0261 312 349 331 420
bottle 0.0259 254 314 304 388
bottle 0.0257 184 287 252 458
bottle 0.0255 241 464 266 498
bottle 0.0254 307 451 323 495
bottle 0.0253 313 341 334 489
bottle 0.0252 206 241 243 324
bottle 0.0252 96 189 143 239
bottle 0.0252 286 323 302 361
bottle 0.0252 254 477 291 500
bottle 0.0250 285 363 296 398
bottle 0.0248 180 245 237 334
bottle 0.0247 239 242 263 296
bottle 0.0247 298 325 325 414
bottle 0.0247 289 387 301 437
bottle 0.0245 280 319 323 359
bottle 0.0243 284 325 312 415
bottle 0.0243 182 380 257 497
bottle 0.0240 217 382 275 500
bottle 0.0239 299 366 319 392
bottle 0.0239 221 466 250 498
bottle 0.0237 19 419 39 482
bottle 0.0236 217 206 311 338
bottle 0.0235 3 444 20 498
bottle 0.0233 216 230 277 321
bottle 0.0232 290 369 300 417
bottle 0.0230 198 252 212 288
bottle 0.0229 196 407 230 497
bottle 0.0228 294 242 307 290
bottle 0.0226 253 279 278 365
bottle 0.0226 110 222 157 293
bottle 0.0225 287 350 302 398
bottle 0.0224 126 435 142 500
bottle 0.0223 291 321 307 359
bottle 0.0222 219 248 255 345
bottle 0.0222 233 217 273 305
bottle 0.0222 309 364 321 404
bottle 0.0222 109 202 158 258
bottle 0.0221 205 264 317 373
bottle 0.0220 241 266 272 362
bottle 0.0219 211 329 256 466
bottle 0.0218 6 424 26 494
bottle 0.0218 218 449 234 493
bottle 0.0217 322 393 333 449
bottle 0.0217 321 361 333 409
bottle 0.0215 293 441 308 493
bottle 0.0214 256 449 282 481
bottle 0.0214 185 262 223 355
bottle 0.0214 296 127 333 189
bottle 0.0214 296 239 314 292
bottle 0.0213 123 222 144 256
bottle 0.0213 253 392 298 434
bottle 0.0212 193 248 220 289
bottle 0.0210 208 232 223 267
bottle 0.0210 4 249 94 499
bottle 0.0209 302 325 320 365
bottle 0.0208 261 285 290 364
bottle 0.0208 98 243 142 323
bottle 0.0207 229 249 245 293
bottle 0.0207 263 460 293 500
bottle 0.0207 110 483 145 499
bottle 0.0207 300 354 310 385
bottle 0.0206 21 415 37 456
bottle 0.0206 320 241 333 291
bottle 0.0205 23 230 113 369
bottle 0.0202 168 214 241 275
bottle 0.0202 284 469 313 499
bottle 0.0201 292 341 308 394
bottle 0.0200 203 470 245 499
bottle 0.0200 219 239 236 261
cat 0.0246 302 307 332 375
chair 0.0408 24 253 256 498
chair 0.0337 200 399 317 495
chair 0.0328 159 309 259 495
chair 0.0301 205 365 262 500
chair 0.0288 146 400 263 496
chair 0.0259 191 424 283 497
chair 0.0243 239 355 303 462
chair 0.0241 3 202 68 500
diningtable 0.0377 240 421 325 498
diningtable 0.0297 255 369 333 497
diningtable 0.0260 251 355 334 441
diningtable 0.0231 216 443 304 500
diningtable 0.0230 179 371 331 500
diningtable 0.0215 248 321 333 416
diningtable 0.0214 224 392 307 496
diningtable 0.0207 271 435 333 499
person 0.9253 9 97 259 494
person 0.1206 122 90 281 489
person 0.1111 173 198 264 494
person 0.0699 194 281 323 500
person 0.0636 224 144 334 439
person 0.0594 72 99 245 317
person 0.0570 13 99 135 447
person 0.0554 236 117 334 273
person 0.0527 103 248 260 493
person 0.0520 243 337 322 494
person 0.0489 0 421 24 498
person 0.0469 175 96 310 313
person 0.0450 173 112 259 370
person 0.0397 143 105 251 277
person 0.0394 2 411 47 500
person 0.0378 81 150 242 451
person 0.0354 167 41 334 498
person 0.0352 6 192 107 492
person 0.0349 1 76 71 500
person 0.0348 0 477 27 499
person 0.0339 31 112 154 289
person 0.0333 28 106 198 367
person 0.0324 185 191 281 366
person 0.0321 281 449 328 500
person 0.0302 263 148 333 343
person 0.0300 217 396 325 496
person 0.0295 0 455 30 500
person 0.0295 185 106 238 274
person 0.0288 14 420 40 497
person 0.0288 129 207 246 408
person 0.0283 249 293 334 436
person 0.0277 58 106 167 231
person 0.0276 1 330 47 499
person 0.0264 302 462 334 500
person 0.0263 206 156 332 303
person 0.0255 215 259 334 397
person 0.0248 199 152 265 328
person 0.0237 0 443 17 499
person 0.0234 9 180 59 417
person 0.0231 5 250 187 495
person 0.0229 8 104 102 344
person 0.0227 190 127 282 268
person 0.0224 17 210 84 392
person 0.0206 114 172 275 358
person 0.0205 23 42 334 370
pottedplant 0.1398 279 134 332 215
pottedplant 0.0881 296 150 333 209
pottedplant 0.0503 255 116 334 231
pottedplant 0.0460 291 141 333 254
pottedplant 0.0372 258 162 331 219
pottedplant 0.0265 283 173 333 213
pottedplant 0.0263 304 173 329 208
train 0.0209 43 99 247 231
tvmonitor 0.0406 275 141 333 279
tvmonitor 0.0269 242 139 334 219
tvmonitor 0.0243 266 193 334 306
tvmonitor 0.0212 264 278 334 371
