aeroplane 0.0212 0 0 471 375
bottle 0.0522 343 135 385 202
bottle 0.0404 351 154 373 188
bottle 0.0390 339 148 371 195
bottle 0.0354 359 150 391 202
bottle 0.0289 338 157 359 191
bottle 0.0216 179 280 239 298
bottle 0.0208 324 134 359 203
bottle 0.0203 331 155 351 189
chair 0.7382 415 121 474 212
chair 0.5666 245 116 287 166
chair 0.5539 181 125 232 208
chair 0.4784 290 122 349 167
chair 0.3826 373 120 415 199
chair 0.3716 294 120 327 161
chair 0.3361 358 119 406 183
chair 0.2946 271 122 297 165
chair 0.2711 391 122 426 201
chair 0.2600 311 126 362 163
chair 0.2485 345 125 394 165
chair 0.2410 292 121 311 160
chair 0.2138 325 130 352 161
chair 0.2072 281 123 303 163
chair 0.2034 387 121 450 212
chair 0.2003 257 121 309 168
chair 0.1975 369 112 405 138
chair 0.1934 364 113 407 156
chair 0.1915 339 128 378 159
chair 0.1907 349 126 411 210
chair 0.1903 311 129 405 226
chair 0.1849 367 132 403 205
chair 0.1765 403 135 430 207
chair 0.1742 213 162 392 280
chair 0.1681 0 191 53 350
chair 0.1481 263 120 289 161
chair 0.1400 378 119 408 173
chair 0.1397 303 119 340 156
chair 0.1387 247 115 276 150
chair 0.1383 230 116 292 192
chair 0.1267 327 129 368 171
chair 0.1235 344 121 384 152
chair 0.1211 172 121 237 257
chair 0.1198 355 128 384 160
chair 0.1197 388 124 418 177
chair 0.1146 184 117 267 196
chair 0.1145 281 136 385 241
chair 0.1131 356 133 390 180
chair 0.1113 368 129 403 168
chair 0.1067 368 115 393 149
chair 0.1067 330 127 364 154
chair 0.1039 227 115 271 171
chair 0.1029 347 110 401 148
chair 0.1024 304 121 376 152
chair 0.1010 182 149 317 252
chair 0.1006 343 124 372 146
chair 0.1000 242 115 334 172
chair 0.0997 237 115 259 163
chair 0.0993 368 110 393 131
chair 0.0991 405 130 427 176
chair 0.0982 410 120 486 260
chair 0.0970 184 128 213 184
chair 0.0950 296 126 368 207
chair 0.0928 311 153 402 277
chair 0.0915 346 132 379 175
chair 0.0906 434 122 475 187
chair 0.0897 330 133 383 201
chair 0.0895 201 120 289 215
chair 0.0893 359 116 388 135
chair 0.0890 366 136 471 227
chair 0.0889 388 137 414 206
chair 0.0884 351 110 400 130
chair 0.0883 287 124 318 167
chair 0.0872 325 124 354 148
chair 0.0861 192 121 249 178
chair 0.0858 306 117 328 147
chair 0.0855 255 114 282 142
chair 0.0839 310 128 337 163
chair 0.0799 453 121 479 165
chair 0.0794 182 128 200 181
chair 0.0785 246 134 278 166
chair 0.0775 439 122 491 221
chair 0.0765 192 216 389 287
chair 0.0761 318 121 345 152
chair 0.0752 482 132 500 242
chair 0.0744 0 186 85 299
chair 0.0737 351 118 378 136
chair 0.0731 384 134 405 177
chair 0.0730 297 118 321 146
chair 0.0727 2 195 46 290
chair 0.0726 245 115 264 145
chair 0.0714 349 122 392 142
chair 0.0701 0 262 299 372
chair 0.0699 382 114 430 165
chair 0.0695 371 153 420 215
chair 0.0690 380 115 416 150
chair 0.0687 340 115 395 137
chair 0.0683 463 124 483 163
chair 0.0674 158 237 464 360
chair 0.0671 293 119 309 144
chair 0.0666 399 127 422 161
chair 0.0660 277 122 294 145
chair 0.0659 383 114 410 137
chair 0.0659 351 140 396 195
chair 0.0648 190 146 251 209
chair 0.0642 372 136 396 181
chair 0.0640 0 220 80 375
chair 0.0637 259 134 293 166
chair 0.0632 444 118 472 162
chair 0.0631 418 161 472 208
chair 0.0620 67 125 140 261
chair 0.0614 463 154 497 231
chair 0.0610 316 111 349 160
chair 0.0605 218 120 253 169
chair 0.0592 406 241 497 371
chair 0.0581 450 125 481 191
chair 0.0580 268 117 287 145
chair 0.0577 216 129 270 198
chair 0.0576 400 136 422 187
chair 0.0573 354 113 377 128
chair 0.0571 315 117 333 147
chair 0.0568 408 152 440 213
chair 0.0568 367 143 390 190
chair 0.0566 344 149 397 222
chair 0.0565 355 128 399 150
chair 0.0565 376 112 398 129
chair 0.0563 225 122 324 206
chair 0.0562 173 106 341 278
chair 0.0552 0 196 161 375
chair 0.0546 402 128 447 173
chair 0.0542 251 118 299 150
chair 0.0539 385 112 403 130
chair 0.0532 348 120 367 139
chair 0.0530 240 115 254 143
chair 0.0529 287 146 366 182
chair 0.0528 17 187 129 286
chair 0.0524 214 131 248 187
chair 0.0524 365 113 382 130
chair 0.0523 215 151 374 230
chair 0.0522 419 138 452 190
chair 0.0516 165 164 258 271
chair 0.0515 268 123 351 216
chair 0.0510 348 130 491 369
chair 0.0508 49 176 154 271
chair 0.0506 412 138 434 175
chair 0.0501 412 129 465 183
chair 0.0492 193 172 372 375
chair 0.0491 253 118 272 139
chair 0.0490 457 115 493 189
chair 0.0488 132 128 227 214
chair 0.0482 479 239 500 329
chair 0.0478 284 127 335 186
chair 0.0469 330 120 348 142
chair 0.0467 347 112 369 127
chair 0.0466 412 149 434 193
chair 0.0465 400 100 490 199
chair 0.0465 326 115 371 143
chair 0.0463 0 306 224 370
chair 0.0462 298 117 333 137
chair 0.0459 265 160 383 215
chair 0.0454 230 120 248 159
chair 0.0453 206 165 301 223
chair 0.0452 188 187 301 299
chair 0.0448 281 197 391 290
chair 0.0445 233 131 287 173
chair 0.0445 358 136 397 158
chair 0.0436 385 144 406 196
chair 0.0435 261 118 294 137
chair 0.0433 286 125 301 143
chair 0.0432 168 126 210 205
chair 0.0431 300 134 348 159
chair 0.0429 407 167 428 211
chair 0.0428 191 125 221 174
chair 0.0428 428 111 500 350
chair 0.0427 321 118 345 140
chair 0.0426 238 148 451 316
chair 0.0425 1 348 87 374
chair 0.0418 187 129 207 166
chair 0.0416 180 132 193 174
chair 0.0415 440 120 461 155
chair 0.0414 402 158 422 207
chair 0.0411 58 162 228 280
chair 0.0411 389 137 414 168
chair 0.0411 365 110 385 124
chair 0.0408 191 52 257 186
chair 0.0406 63 187 113 275
chair 0.0401 279 134 332 166
chair 0.0400 338 108 376 131
chair 0.0399 413 162 433 206
chair 0.0397 423 127 463 162
chair 0.0397 377 140 412 187
chair 0.0395 239 106 273 157
chair 0.0394 177 139 220 234
chair 0.0392 394 116 467 154
chair 0.0392 311 119 326 137
chair 0.0389 334 131 441 279
chair 0.0389 311 129 352 190
chair 0.0385 232 129 257 169
chair 0.0382 340 140 372 186
chair 0.0382 300 106 375 173
chair 0.0379 363 104 426 185
chair 0.0378 285 122 305 137
chair 0.0377 183 168 240 228
chair 0.0376 421 139 446 171
chair 0.0375 391 158 431 210
chair 0.0374 138 146 218 275
chair 0.0373 83 195 117 273
chair 0.0371 257 251 500 375
chair 0.0370 218 146 302 187
chair 0.0368 118 132 256 256
chair 0.0364 271 121 303 142
chair 0.0363 191 135 228 189
chair 0.0361 420 123 485 169
chair 0.0361 220 122 242 157
chair 0.0360 379 129 425 155
chair 0.0360 179 83 275 225
chair 0.0359 211 101 287 178
chair 0.0357 279 114 329 152
chair 0.0357 224 136 249 168
chair 0.0355 133 198 344 290
chair 0.0355 75 146 318 288
chair 0.0352 336 120 362 136
chair 0.0350 0 332 151 375
chair 0.0349 340 299 500 372
chair 0.0346 409 155 500 212
chair 0.0345 327 115 340 134
chair 0.0344 282 123 291 136
chair 0.0342 174 294 483 375
chair 0.0342 297 121 307 133
chair 0.0341 242 143 295 168
chair 0.0341 328 105 386 139
chair 0.0340 272 120 284 137
chair 0.0337 414 130 434 162
chair 0.0329 279 125 310 149
chair 0.0329 375 150 396 200
chair 0.0328 206 123 242 164
chair 0.0326 383 167 406 208
chair 0.0325 284 164 369 202
chair 0.0325 361 151 385 188
chair 0.0324 0 299 117 375
chair 0.0324 11 185 58 262
chair 0.0324 307 151 364 221
chair 0.0324 302 130 326 168
chair 0.0321 397 123 423 146
chair 0.0319 290 114 355 146
chair 0.0319 391 174 413 209
chair 0.0317 335 137 360 173
chair 0.0316 89 183 140 272
chair 0.0315 331 112 347 132
chair 0.0315 175 56 231 204
chair 0.0314 235 80 290 171
chair 0.0314 293 140 337 164
chair 0.0311 344 139 383 163
chair 0.0311 428 140 466 203
chair 0.0309 254 141 318 186
chair 0.0308 222 243 394 291
chair 0.0306 211 117 246 149
chair 0.0306 320 118 331 137
chair 0.0305 301 120 317 134
chair 0.0305 307 115 328 130
chair 0.0305 338 112 361 127
chair 0.0300 252 98 282 157
chair 0.0300 363 155 396 210
chair 0.0298 382 171 452 213
chair 0.0296 7 357 71 373
chair 0.0295 422 132 444 159
chair 0.0293 301 139 356 171
chair 0.0293 401 312 500 375
chair 0.0291 397 118 419 138
chair 0.0289 480 113 500 193
chair 0.0288 274 111 296 147
chair 0.0287 326 106 351 141
chair 0.0284 353 146 406 261
chair 0.0284 299 116 320 129
chair 0.0282 470 100 500 228
chair 0.0281 347 151 376 179
chair 0.0281 118 195 232 283
chair 0.0280 288 118 320 133
chair 0.0280 234 117 245 142
chair 0.0278 223 168 319 205
chair 0.0276 204 183 327 234
chair 0.0276 266 116 276 133
chair 0.0275 281 119 295 130
chair 0.0275 342 175 396 287
chair 0.0275 223 115 239 142
chair 0.0274 23 176 265 312
chair 0.0274 270 117 287 132
chair 0.0272 421 171 444 203
chair 0.0271 374 136 413 157
chair 0.0271 184 130 201 157
chair 0.0269 321 138 346 171
chair 0.0269 265 141 305 165
chair 0.0268 160 138 277 210
chair 0.0267 175 130 193 191
chair 0.0264 91 155 169 274
chair 0.0263 189 146 222 205
chair 0.0262 212 132 267 166
chair 0.0261 426 82 500 231
chair 0.0261 474 312 500 375
chair 0.0260 193 175 273 213
chair 0.0258 91 279 389 362
chair 0.0257 352 108 381 122
chair 0.0257 410 126 426 151
chair 0.0256 467 129 489 174
chair 0.0254 297 117 311 127
chair 0.0254 290 124 300 135
chair 0.0253 1 178 74 238
chair 0.0253 35 213 171 306
chair 0.0252 360 104 387 131
chair 0.0251 340 105 392 125
diningtable 0.3566 330 121 411 198
diningtable 0.3332 307 122 398 170
diningtable 0.2867 386 126 458 211
diningtable 0.2531 193 142 412 269
diningtable 0.2390 295 124 363 166
diningtable 0.1968 281 127 413 233
diningtable 0.1817 352 130 428 212
diningtable 0.1784 327 127 387 160
diningtable 0.1775 345 116 413 170
diningtable 0.1654 253 120 327 167
diningtable 0.1579 308 119 457 205
diningtable 0.0982 294 128 380 197
diningtable 0.0981 208 114 440 230
diningtable 0.0967 234 120 383 186
diningtable 0.0872 308 155 442 231
diningtable 0.0867 343 127 476 232
diningtable 0.0753 316 147 401 188
diningtable 0.0682 360 126 422 159
diningtable 0.0657 292 102 418 166
diningtable 0.0637 217 119 306 173
diningtable 0.0631 225 152 380 231
diningtable 0.0621 368 121 453 178
diningtable 0.0573 334 133 396 176
diningtable 0.0560 285 156 392 216
diningtable 0.0550 332 156 409 204
diningtable 0.0541 397 116 500 207
diningtable 0.0462 196 123 288 189
diningtable 0.0462 50 172 388 285
diningtable 0.0457 344 102 477 174
diningtable 0.0436 237 101 378 157
diningtable 0.0427 109 128 228 192
diningtable 0.0424 139 279 480 375
diningtable 0.0395 5 193 146 279
diningtable 0.0393 361 139 425 178
diningtable 0.0383 352 136 401 165
diningtable 0.0381 330 109 404 145
diningtable 0.0375 372 158 465 216
diningtable 0.0373 143 137 500 331
diningtable 0.0356 41 186 262 278
diningtable 0.0342 271 94 500 195
diningtable 0.0336 298 137 479 298
diningtable 0.0336 206 134 353 201
diningtable 0.0333 0 290 398 375
diningtable 0.0297 99 135 362 237
diningtable 0.0283 343 104 406 129
diningtable 0.0262 379 130 434 165
diningtable 0.0259 0 182 209 318
diningtable 0.0252 190 94 277 177
diningtable 0.0240 91 132 262 213
diningtable 0.0233 364 69 493 226
diningtable 0.0210 354 149 418 191
diningtable 0.0209 273 114 337 142
diningtable 0.0201 294 109 374 146
dog 0.0406 481 240 500 319
person 0.2659 200 147 395 294
person 0.2066 217 164 373 235
person 0.1351 289 145 397 233
person 0.1079 263 148 381 268
person 0.0820 341 139 402 224
person 0.0645 326 149 404 278
person 0.0531 480 239 500 327
person 0.0528 275 38 500 375
person 0.0478 290 174 367 232
person 0.0476 0 0 232 375
person 0.0469 325 160 381 227
person 0.0446 129 123 497 375
person 0.0438 216 130 308 233
person 0.0437 343 149 383 208
person 0.0416 356 150 395 213
person 0.0387 267 207 335 233
person 0.0382 232 176 309 227
person 0.0348 280 175 334 236
person 0.0346 0 346 77 374
person 0.0344 0 0 500 375
person 0.0330 260 195 356 233
person 0.0330 271 154 354 234
person 0.0296 333 154 367 212
person 0.0282 0 149 78 375
person 0.0282 283 215 329 233
person 0.0248 228 173 346 279
person 0.0242 15 120 150 331
person 0.0235 258 180 297 230
person 0.0233 215 177 291 213
person 0.0230 483 239 499 289
person 0.0212 293 200 338 231
person 0.0206 81 133 115 180
pottedplant 0.0576 0 0 19 24
pottedplant 0.0396 469 126 486 163
pottedplant 0.0344 455 115 486 163
pottedplant 0.0343 346 108 367 123
pottedplant 0.0327 463 121 482 157
pottedplant 0.0293 400 304 499 375
pottedplant 0.0274 338 107 360 123
pottedplant 0.0263 0 0 20 49
pottedplant 0.0252 338 103 372 126
pottedplant 0.0230 464 315 500 375
pottedplant 0.0225 331 106 351 124
pottedplant 0.0216 0 0 38 24
sofa 0.5356 186 152 390 294
sofa 0.0967 163 133 418 375
sofa 0.0650 184 214 367 296
sofa 0.0599 23 155 374 358
sofa 0.0489 18 169 216 350
sofa 0.0454 175 138 350 236
sofa 0.0448 41 152 283 282
sofa 0.0431 179 121 297 188
sofa 0.0384 167 232 393 322
sofa 0.0344 0 224 293 370
sofa 0.0328 181 230 497 356
sofa 0.0272 0 77 489 347
sofa 0.0260 225 217 439 310
tvmonitor 0.9009 66 128 141 191
tvmonitor 0.0861 32 175 76 193
tvmonitor 0.0486 66 131 102 190
tvmonitor 0.0455 89 128 195 193
tvmonitor 0.0437 102 133 137 178
tvmonitor 0.0373 81 134 131 179
tvmonitor 0.0366 18 134 131 193
tvmonitor 0.0365 28 147 75 196
tvmonitor 0.0360 60 129 137 250
tvmonitor 0.0289 7 177 78 210
tvmonitor 0.0276 14 164 72 201
tvmonitor 0.0262 0 95 119 200
tvmonitor 0.0251 18 145 151 259
tvmonitor 0.0251 110 131 134 159
tvmonitor 0.0245 84 149 137 188
tvmonitor 0.0233 7 182 69 231
tvmonitor 0.0226 54 126 91 187
tvmonitor 0.0209 64 89 147 201
tvmonitor 0.0203 72 143 154 213
tvmonitor 0.0201 87 129 134 161
