aeroplane 0.0521 29 42 500 333
aeroplane 0.0470 352 153 378 166
aeroplane 0.0355 351 62 482 308
aeroplane 0.0355 275 75 447 299
aeroplane 0.0234 345 156 379 168
bird 0.1964 445 265 479 279
bird 0.0414 234 235 258 247
bird 0.0329 51 243 71 254
bird 0.0308 442 265 491 287
bird 0.0300 449 259 477 276
bird 0.0285 441 254 485 280
bird 0.0218 158 168 183 180
bird 0.0200 236 234 292 248
boat 0.0303 37 19 500 331
boat 0.0276 2 49 44 62
car 0.0277 83 59 491 333
car 0.0210 125 0 433 70
chair 0.7341 159 22 207 72
chair 0.7340 292 16 337 75
chair 0.6970 418 18 474 77
chair 0.6529 339 17 384 76
chair 0.5832 217 16 257 80
chair 0.5435 379 17 415 75
chair 0.3853 301 17 366 76
chair 0.3296 386 17 463 76
chair 0.3232 357 17 400 77
chair 0.2985 167 20 239 75
chair 0.2316 435 19 472 63
chair 0.2191 409 27 449 77
chair 0.1498 179 24 211 67
chair 0.1491 395 23 437 76
chair 0.1303 318 0 393 79
chair 0.1280 367 23 389 71
chair 0.1235 269 0 334 82
chair 0.1159 420 27 445 56
chair 0.1136 193 0 274 78
chair 0.1125 445 20 471 48
chair 0.1106 325 21 357 74
chair 0.1037 221 18 253 58
chair 0.1034 196 25 230 75
chair 0.1008 385 18 414 49
chair 0.1007 296 18 331 54
chair 0.0999 359 0 433 79
chair 0.0961 276 17 319 74
chair 0.0938 343 18 378 56
chair 0.0928 408 31 433 66
chair 0.0883 157 23 190 63
chair 0.0879 331 24 350 60
chair 0.0852 251 18 289 77
chair 0.0846 371 45 387 78
chair 0.0814 438 19 491 79
chair 0.0802 317 20 347 66
chair 0.0798 367 19 429 62
chair 0.0788 412 18 472 48
chair 0.0759 432 19 467 43
chair 0.0744 394 22 419 58
chair 0.0729 232 0 304 81
chair 0.0717 405 0 489 81
chair 0.0715 211 24 239 72
chair 0.0705 375 23 402 58
chair 0.0689 149 3 213 78
chair 0.0682 419 22 449 43
chair 0.0679 372 30 401 78
chair 0.0655 204 33 225 72
chair 0.0649 329 35 348 75
chair 0.0633 245 48 261 81
chair 0.0628 159 21 192 44
chair 0.0611 388 17 444 56
chair 0.0610 191 20 261 64
chair 0.0607 169 24 197 60
chair 0.0583 450 22 474 60
chair 0.0564 337 22 362 57
chair 0.0561 465 25 499 74
chair 0.0559 231 23 263 80
chair 0.0559 340 18 374 41
chair 0.0528 310 22 335 56
chair 0.0519 427 23 453 55
chair 0.0499 165 22 210 47
chair 0.0490 359 19 396 51
chair 0.0488 194 25 219 60
chair 0.0487 481 25 500 80
chair 0.0480 187 22 209 52
chair 0.0471 407 28 434 51
chair 0.0467 154 32 169 64
chair 0.0450 304 19 336 44
chair 0.0445 442 17 486 53
chair 0.0438 212 23 230 59
chair 0.0434 225 34 250 77
chair 0.0432 368 18 389 45
chair 0.0428 288 33 317 75
chair 0.0427 470 47 496 73
chair 0.0419 453 43 474 76
chair 0.0414 213 46 254 80
chair 0.0404 435 35 475 76
chair 0.0401 324 20 355 50
chair 0.0400 207 49 224 76
chair 0.0400 236 41 256 78
chair 0.0395 401 38 420 76
chair 0.0393 158 34 182 69
chair 0.0392 292 19 314 50
chair 0.0392 331 21 349 44
chair 0.0387 464 59 480 77
chair 0.0383 284 24 304 73
chair 0.0381 407 47 428 77
chair 0.0379 417 28 471 57
chair 0.0371 284 0 375 86
chair 0.0371 351 20 384 45
chair 0.0368 383 40 405 77
chair 0.0367 156 24 182 49
chair 0.0366 375 50 393 78
chair 0.0366 399 43 471 80
chair 0.0360 374 18 402 40
chair 0.0356 481 48 499 77
chair 0.0351 288 24 301 57
chair 0.0349 457 55 474 77
chair 0.0349 385 27 415 62
chair 0.0342 472 29 496 62
chair 0.0341 421 33 444 72
chair 0.0341 249 52 268 79
chair 0.0341 320 19 344 44
chair 0.0338 359 24 383 66
chair 0.0337 212 41 230 76
chair 0.0337 420 297 500 331
chair 0.0333 376 14 479 111
chair 0.0331 387 20 422 39
chair 0.0329 461 21 482 47
chair 0.0328 176 19 224 57
chair 0.0327 455 20 474 38
chair 0.0324 128 24 189 70
chair 0.0320 173 32 201 70
chair 0.0315 219 18 248 41
chair 0.0311 349 16 412 43
chair 0.0310 447 273 499 333
chair 0.0310 214 0 248 66
chair 0.0310 371 29 389 57
chair 0.0304 325 46 344 77
chair 0.0303 154 48 169 70
chair 0.0301 199 52 217 74
chair 0.0299 298 0 429 92
chair 0.0297 459 42 492 77
chair 0.0297 230 7 274 69
chair 0.0297 207 22 224 50
chair 0.0296 371 60 391 78
chair 0.0292 329 13 397 49
chair 0.0289 188 41 210 73
chair 0.0283 293 12 367 45
chair 0.0283 488 39 500 76
chair 0.0282 246 34 276 81
chair 0.0273 266 22 300 79
chair 0.0273 391 41 412 77
chair 0.0272 419 25 436 42
chair 0.0271 178 24 215 43
chair 0.0270 457 22 490 65
chair 0.0269 424 36 456 79
chair 0.0266 261 38 289 78
chair 0.0263 395 22 446 44
chair 0.0261 403 19 459 39
chair 0.0259 246 33 262 72
chair 0.0259 259 52 278 78
chair 0.0259 298 8 329 42
chair 0.0259 4 1 39 59
chair 0.0258 383 18 410 36
chair 0.0258 209 19 246 50
chair 0.0258 406 21 430 40
chair 0.0258 202 19 226 59
chair 0.0257 444 47 469 78
chair 0.0257 158 43 219 74
chair 0.0253 473 59 491 78
chair 0.0252 285 51 303 76
chair 0.0252 163 0 230 102
chair 0.0251 352 44 390 77
chair 0.0249 461 27 483 58
chair 0.0248 230 17 255 46
chair 0.0247 275 44 294 75
chair 0.0244 160 39 192 74
chair 0.0244 472 19 490 49
chair 0.0243 432 49 497 79
chair 0.0241 164 33 223 64
chair 0.0241 333 27 452 88
chair 0.0237 413 29 443 46
chair 0.0237 235 0 358 92
chair 0.0233 212 21 236 43
chair 0.0232 392 0 428 58
chair 0.0230 312 40 336 75
chair 0.0230 335 33 355 73
chair 0.0229 440 18 475 35
chair 0.0227 210 61 222 79
chair 0.0224 425 0 500 126
chair 0.0224 312 21 379 53
chair 0.0223 316 1 346 49
chair 0.0223 177 29 288 86
chair 0.0223 439 40 461 75
chair 0.0221 332 26 370 70
chair 0.0221 287 44 344 73
chair 0.0220 267 50 286 78
chair 0.0217 405 61 418 79
chair 0.0217 100 6 200 68
chair 0.0215 386 54 403 78
chair 0.0215 112 27 168 67
chair 0.0214 245 23 262 57
chair 0.0212 344 34 366 74
chair 0.0212 214 56 230 82
chair 0.0212 459 20 500 108
chair 0.0209 435 27 464 55
chair 0.0208 190 54 210 75
chair 0.0206 409 43 440 72
chair 0.0206 192 41 239 80
chair 0.0206 293 0 340 53
chair 0.0206 294 18 329 36
chair 0.0204 155 24 168 47
chair 0.0204 0 0 25 66
chair 0.0202 421 52 476 77
chair 0.0201 143 41 162 66
diningtable 0.2198 377 20 475 77
diningtable 0.1647 169 21 262 77
diningtable 0.1592 305 20 398 75
diningtable 0.1451 214 17 278 82
diningtable 0.1172 341 20 417 79
diningtable 0.1043 196 22 318 78
diningtable 0.0998 330 1 459 80
diningtable 0.0861 150 23 221 72
diningtable 0.0859 262 19 342 77
diningtable 0.0410 87 25 208 74
diningtable 0.0398 169 0 352 85
diningtable 0.0392 254 0 423 86
diningtable 0.0345 241 18 320 67
diningtable 0.0267 132 27 200 67
diningtable 0.0251 237 36 304 78
diningtable 0.0250 368 14 467 54
diningtable 0.0209 327 12 425 53
person 0.0398 410 0 477 97
person 0.0309 369 0 427 92
person 0.0231 490 0 500 31
person 0.0223 489 0 500 14
person 0.0219 51 0 102 10
pottedplant 0.0486 47 0 98 21
pottedplant 0.0353 53 1 108 13
pottedplant 0.0298 57 0 86 16
pottedplant 0.0276 26 0 107 30
pottedplant 0.0263 221 3 255 53
pottedplant 0.0237 9 3 107 51
pottedplant 0.0235 6 0 55 56
pottedplant 0.0230 297 0 332 47
pottedplant 0.0225 46 8 93 23
pottedplant 0.0207 78 0 122 26
pottedplant 0.0204 67 0 95 15
sofa 0.0739 156 24 264 76
sofa 0.0674 172 0 301 79
sofa 0.0526 365 0 482 86
sofa 0.0486 305 0 429 85
sofa 0.0344 239 0 356 87
train 0.0286 10 112 500 333
