car 0.0567 449 69 500 253
car 0.0386 464 86 500 162
car 0.0323 0 8 99 121
car 0.0291 431 77 500 188
car 0.0240 475 82 500 142
car 0.0239 379 0 500 137
car 0.0220 0 3 137 176
car 0.0211 0 242 21 281
car 0.0205 1 120 73 272
motorbike 0.8261 0 0 500 339
motorbike 0.0991 0 1 149 276
motorbike 0.0908 431 66 498 267
motorbike 0.0769 350 0 495 252
motorbike 0.0662 187 0 485 255
motorbike 0.0624 2 24 90 230
motorbike 0.0447 460 33 500 289
motorbike 0.0416 4 12 273 292
motorbike 0.0397 266 0 493 164
motorbike 0.0377 3 123 90 285
motorbike 0.0315 0 5 146 139
motorbike 0.0309 0 0 339 166
motorbike 0.0247 381 65 481 241
motorbike 0.0240 404 35 500 170
motorbike 0.0226 2 118 222 294
motorbike 0.0219 12 82 126 260
motorbike 0.0202 4 50 136 187
motorbike 0.0202 0 164 140 278
person 0.0557 2 11 86 177
person 0.0436 415 1 499 174
person 0.0429 352 154 372 194
person 0.0421 0 18 52 158
person 0.0354 224 144 242 171
person 0.0322 347 139 374 198
person 0.0305 207 146 222 174
person 0.0283 375 0 488 133
person 0.0280 12 2 127 134
person 0.0271 95 0 449 278
person 0.0255 463 94 499 180
person 0.0247 344 158 371 205
person 0.0242 4 26 56 106
person 0.0240 450 0 500 151
person 0.0239 462 1 500 97
person 0.0230 384 89 479 252
person 0.0230 478 0 499 37
person 0.0228 12 30 125 215
person 0.0227 187 149 212 176
person 0.0223 451 138 500 272
person 0.0220 352 135 372 181
person 0.0220 477 0 500 74
person 0.0219 243 0 475 249
person 0.0217 466 0 500 50
person 0.0214 20 0 215 269
person 0.0205 337 0 480 195
person 0.0205 400 0 499 79
person 0.0203 0 174 17 226
person 0.0203 51 1 156 125
