boat 0.0241 251 127 285 168
bottle 0.0325 234 77 248 120
person 0.0814 121 75 153 155
person 0.0578 457 46 473 90
person 0.0548 255 82 268 118
person 0.0432 438 115 456 158
person 0.0423 381 179 395 216
person 0.0368 415 52 440 120
person 0.0349 237 78 252 119
person 0.0348 219 158 231 184
person 0.0336 295 180 307 221
person 0.0331 199 183 215 222
person 0.0318 135 78 154 123
person 0.0318 247 81 261 119
person 0.0314 418 54 435 105
person 0.0305 205 185 221 221
person 0.0300 453 48 467 89
person 0.0293 175 213 191 239
person 0.0291 385 176 400 215
person 0.0289 379 186 394 230
person 0.0288 377 61 393 99
person 0.0281 459 133 472 160
person 0.0269 464 133 478 161
person 0.0268 433 111 461 168
person 0.0267 195 185 209 223
person 0.0265 127 78 148 124
person 0.0265 462 2 496 112
person 0.0258 348 65 362 103
person 0.0253 448 126 464 160
person 0.0248 444 11 481 108
person 0.0246 425 52 458 128
person 0.0246 220 161 230 177
person 0.0244 434 124 448 163
person 0.0240 453 27 479 94
person 0.0238 166 211 186 239
person 0.0237 428 0 492 127
person 0.0234 311 185 324 223
person 0.0229 371 150 384 182
person 0.0224 1 198 17 238
person 0.0221 122 79 139 121
person 0.0219 316 184 329 224
person 0.0217 178 201 191 232
person 0.0214 426 17 463 107
person 0.0212 107 77 144 157
person 0.0211 438 0 488 75
person 0.0210 443 56 456 93
person 0.0207 424 59 440 111
person 0.0206 0 197 8 241
person 0.0203 483 193 498 247
train 0.8933 2 0 500 325
train 0.1005 369 0 489 306
train 0.0711 8 71 87 233
train 0.0553 256 0 487 320
train 0.0397 0 4 109 262
train 0.0345 0 144 440 338
train 0.0339 6 55 139 209
train 0.0337 0 181 167 261
train 0.0299 313 0 486 180
train 0.0294 267 0 406 261
train 0.0284 2 136 114 248
train 0.0284 344 5 453 245
train 0.0279 26 31 297 290
train 0.0276 9 9 86 169
train 0.0264 417 64 493 289
train 0.0264 432 105 489 248
train 0.0239 415 0 494 159
train 0.0227 0 28 51 253
train 0.0222 0 1 373 166
train 0.0215 15 269 500 375
train 0.0214 384 15 473 220
