bicycle 0.0260 119 79 495 365
bird 0.0200 255 353 270 373
boat 0.0249 323 132 474 314
bottle 0.0650 392 197 426 219
bottle 0.0604 394 199 428 234
bottle 0.0464 406 196 428 225
bottle 0.0411 410 189 427 214
bottle 0.0307 387 198 402 234
bottle 0.0286 419 175 432 207
bottle 0.0227 380 195 437 225
bottle 0.0203 423 164 444 216
bus 0.3664 277 136 460 329
bus 0.2139 285 147 382 312
bus 0.0500 269 157 343 317
bus 0.0373 336 108 479 301
car 0.5233 274 137 463 327
car 0.1258 281 138 375 301
car 0.0887 332 141 449 279
car 0.0716 281 136 443 211
car 0.0580 270 251 444 334
car 0.0402 350 136 478 217
car 0.0357 0 0 380 355
car 0.0328 285 145 352 259
car 0.0310 0 11 149 257
car 0.0296 285 214 365 330
car 0.0290 286 281 301 326
car 0.0273 284 139 359 203
car 0.0272 299 253 364 289
car 0.0272 340 137 375 150
car 0.0266 281 166 331 290
car 0.0257 285 249 298 296
car 0.0251 306 52 500 375
car 0.0239 350 132 372 146
car 0.0228 283 251 301 314
car 0.0215 188 103 460 366
car 0.0206 259 131 360 230
car 0.0204 294 142 373 178
car 0.0202 284 250 325 322
person 0.2752 364 155 401 227
person 0.2045 363 162 400 289
person 0.1686 365 179 404 212
person 0.1624 363 150 428 294
person 0.1617 380 187 408 209
person 0.1547 360 163 387 210
person 0.1290 367 185 392 275
person 0.1244 362 146 425 223
person 0.1106 361 165 381 193
person 0.1058 371 177 415 250
person 0.0991 371 186 418 222
person 0.0983 385 190 418 212
person 0.0979 373 163 408 206
person 0.0881 359 163 389 257
person 0.0863 389 184 415 203
person 0.0837 381 179 419 207
person 0.0832 357 165 375 204
person 0.0829 386 190 406 218
person 0.0765 382 171 405 201
person 0.0729 372 155 443 246
person 0.0717 0 9 479 357
person 0.0698 353 142 406 257
person 0.0678 388 194 427 222
person 0.0670 367 164 400 195
person 0.0650 0 0 244 375
person 0.0647 368 186 401 236
person 0.0633 380 179 439 280
person 0.0625 378 150 422 205
person 0.0602 389 185 435 245
person 0.0539 393 175 413 200
person 0.0530 360 148 413 195
person 0.0497 401 182 419 205
person 0.0495 359 166 374 189
person 0.0478 350 144 393 209
person 0.0467 388 174 426 218
person 0.0458 371 194 406 217
person 0.0437 395 161 422 204
person 0.0423 368 161 388 190
person 0.0419 381 157 405 194
person 0.0405 309 149 391 294
person 0.0400 413 164 450 239
person 0.0396 413 184 426 209
person 0.0394 358 169 419 212
person 0.0379 355 157 377 194
person 0.0377 384 193 407 238
person 0.0369 267 22 500 375
person 0.0364 364 190 394 219
person 0.0351 402 192 427 213
person 0.0345 373 175 414 194
person 0.0338 377 194 417 294
person 0.0322 340 170 406 315
person 0.0312 370 157 401 184
person 0.0308 406 177 428 214
person 0.0304 366 125 468 276
person 0.0283 398 176 421 197
person 0.0282 413 174 425 200
person 0.0274 411 188 447 261
person 0.0263 350 170 363 203
person 0.0262 392 157 414 193
person 0.0262 399 149 431 213
person 0.0253 353 169 373 221
person 0.0251 331 152 379 261
person 0.0245 343 169 355 203
person 0.0241 338 155 372 228
person 0.0240 401 183 450 296
person 0.0235 428 175 459 249
person 0.0234 105 174 147 226
person 0.0233 354 162 396 187
person 0.0230 304 78 466 302
person 0.0229 347 164 368 208
person 0.0225 393 202 433 293
person 0.0220 346 175 437 223
person 0.0218 365 193 432 233
person 0.0217 378 175 459 329
person 0.0209 342 219 357 255
person 0.0209 339 167 358 215
person 0.0205 341 248 356 267
person 0.0204 326 152 443 217
train 0.0714 255 137 468 310
train 0.0357 94 47 493 336
train 0.0204 197 125 388 296
tvmonitor 0.0921 359 140 439 223
tvmonitor 0.0343 303 141 419 224
tvmonitor 0.0320 378 137 459 242
tvmonitor 0.0313 374 187 442 260
tvmonitor 0.0290 356 183 441 307
tvmonitor 0.0278 0 10 62 55
tvmonitor 0.0253 355 142 415 195
tvmonitor 0.0229 421 161 449 238
tvmonitor 0.0227 367 171 446 216
tvmonitor 0.0210 339 136 457 197
tvmonitor 0.0209 394 196 443 236
tvmonitor 0.0208 390 143 428 202
tvmonitor 0.0204 293 140 374 202
tvmonitor 0.0203 411 137 452 206
