bottle 0.2135 173 150 190 192
bottle 0.2060 164 150 189 217
bottle 0.2017 158 154 179 211
bottle 0.1541 168 153 185 200
bottle 0.1328 208 195 278 313
bottle 0.1142 232 194 318 320
bottle 0.1068 188 136 223 187
bottle 0.1056 218 203 257 280
bottle 0.0977 176 146 202 189
bottle 0.0949 156 163 171 199
bottle 0.0851 175 139 220 202
bottle 0.0815 188 146 209 186
bottle 0.0770 204 208 223 248
bottle 0.0768 253 213 285 271
bottle 0.0734 157 150 186 190
bottle 0.0733 204 139 225 182
bottle 0.0689 161 140 199 206
bottle 0.0567 165 138 224 240
bottle 0.0555 201 192 278 251
bottle 0.0538 221 252 305 319
bottle 0.0525 247 191 308 281
bottle 0.0506 152 152 175 193
bottle 0.0505 204 120 318 208
bottle 0.0500 189 160 296 299
bottle 0.0500 236 204 276 276
bottle 0.0495 245 300 290 318
bottle 0.0481 222 204 253 247
bottle 0.0479 68 114 97 192
bottle 0.0477 252 225 276 266
bottle 0.0476 201 229 344 311
bottle 0.0472 50 127 83 204
bottle 0.0472 222 232 269 311
bottle 0.0471 252 214 275 249
bottle 0.0464 187 185 225 251
bottle 0.0462 248 273 290 319
bottle 0.0454 150 141 184 205
bottle 0.0436 78 123 98 182
bottle 0.0435 205 205 237 257
bottle 0.0433 173 159 191 211
bottle 0.0403 53 115 100 220
bottle 0.0396 197 142 255 193
bottle 0.0392 155 158 173 181
bottle 0.0390 255 220 312 267
bottle 0.0385 211 200 263 242
bottle 0.0381 184 194 234 285
bottle 0.0377 48 154 83 225
bottle 0.0361 246 232 262 268
bottle 0.0360 219 239 258 277
bottle 0.0360 279 222 307 265
bottle 0.0353 239 277 329 318
bottle 0.0351 219 175 329 268
bottle 0.0344 168 151 186 177
bottle 0.0336 47 162 69 220
bottle 0.0328 209 217 250 298
bottle 0.0328 75 157 89 196
bottle 0.0321 176 157 243 266
bottle 0.0320 260 198 331 302
bottle 0.0319 252 289 286 317
bottle 0.0317 209 163 287 195
bottle 0.0315 209 137 280 189
bottle 0.0315 50 111 92 179
bottle 0.0312 257 210 279 242
bottle 0.0308 246 200 283 257
bottle 0.0305 63 140 86 198
bottle 0.0305 210 213 228 253
bottle 0.0304 165 173 183 219
bottle 0.0300 72 139 93 196
bottle 0.0296 60 111 91 157
bottle 0.0294 200 140 288 249
bottle 0.0292 259 252 314 320
bottle 0.0292 234 230 257 273
bottle 0.0283 162 146 216 186
bottle 0.0282 254 239 281 268
bottle 0.0279 247 221 264 254
bottle 0.0279 264 221 286 261
bottle 0.0278 251 223 299 307
bottle 0.0276 170 146 194 173
bottle 0.0275 181 162 233 223
bottle 0.0271 211 209 307 265
bottle 0.0269 255 214 294 249
bottle 0.0268 243 214 269 262
bottle 0.0262 182 193 249 327
bottle 0.0258 89 0 106 39
bottle 0.0257 147 165 162 196
bottle 0.0255 50 113 89 135
bottle 0.0253 234 216 256 258
bottle 0.0252 69 158 84 196
bottle 0.0252 224 222 326 281
bottle 0.0251 162 155 194 178
bottle 0.0251 221 270 290 310
bottle 0.0251 198 208 227 266
bottle 0.0249 223 260 383 318
bottle 0.0247 218 209 247 238
bottle 0.0246 62 161 87 221
bottle 0.0245 158 123 199 184
bottle 0.0243 245 168 333 241
bottle 0.0242 150 118 217 215
bottle 0.0242 245 210 265 240
bottle 0.0241 201 184 306 231
bottle 0.0236 79 114 98 153
bottle 0.0235 197 153 300 202
bottle 0.0234 198 135 226 167
bottle 0.0233 79 144 97 191
bottle 0.0233 225 219 250 266
bottle 0.0233 205 123 245 183
bottle 0.0232 268 212 300 255
bottle 0.0230 276 217 296 246
bottle 0.0229 219 234 242 271
bottle 0.0228 65 112 93 139
bottle 0.0227 206 150 230 188
bottle 0.0227 229 209 258 239
bottle 0.0227 48 135 70 199
bottle 0.0225 283 218 302 248
bottle 0.0224 258 233 320 296
bottle 0.0223 196 153 217 191
bottle 0.0223 154 169 174 213
bottle 0.0223 190 222 230 302
bottle 0.0221 251 248 276 271
bottle 0.0219 315 270 337 317
bottle 0.0219 160 150 177 175
bottle 0.0219 156 170 180 187
bottle 0.0219 219 216 242 254
bottle 0.0216 184 136 217 164
bottle 0.0215 237 150 335 213
bottle 0.0212 73 168 89 213
bottle 0.0211 233 198 312 237
bottle 0.0211 158 151 188 170
bottle 0.0209 174 135 228 172
bottle 0.0209 161 166 201 219
bottle 0.0206 145 116 187 184
bottle 0.0205 251 219 287 239
bottle 0.0204 264 209 287 240
bottle 0.0203 182 212 223 247
bottle 0.0203 177 142 204 172
bottle 0.0201 95 0 113 41
bottle 0.0200 201 161 250 228
bottle 0.0200 202 166 312 217
car 0.1012 0 202 73 292
car 0.0616 1 257 25 296
car 0.0468 0 242 34 295
car 0.0415 0 169 46 208
car 0.0412 1 205 73 252
car 0.0368 0 168 25 198
car 0.0326 0 162 39 195
car 0.0322 0 235 21 281
car 0.0316 0 246 67 292
car 0.0299 0 176 71 233
car 0.0269 0 221 21 262
car 0.0229 0 222 46 274
car 0.0227 0 177 38 198
car 0.0222 0 182 56 217
car 0.0213 0 184 21 218
chair 0.0873 217 133 480 368
chair 0.0818 207 256 500 368
chair 0.0636 326 166 500 375
chair 0.0534 67 208 213 375
chair 0.0512 239 214 479 317
chair 0.0504 414 193 498 372
chair 0.0487 264 303 495 370
chair 0.0330 93 225 323 371
chair 0.0319 194 222 354 328
chair 0.0318 5 180 83 288
chair 0.0295 230 255 443 316
chair 0.0293 183 254 378 352
chair 0.0289 78 248 149 375
chair 0.0271 341 263 497 368
chair 0.0264 56 300 221 370
chair 0.0242 448 222 500 375
chair 0.0232 160 312 410 368
chair 0.0232 135 192 296 344
chair 0.0227 7 213 88 356
chair 0.0219 260 162 500 297
chair 0.0210 159 216 236 362
chair 0.0209 355 216 492 329
chair 0.0209 260 275 451 359
chair 0.0201 28 197 76 268
diningtable 0.0408 107 180 495 374
diningtable 0.0375 155 274 500 359
diningtable 0.0342 8 221 338 375
diningtable 0.0279 194 255 446 328
diningtable 0.0219 130 233 390 348
person 0.8434 70 52 216 371
person 0.8228 222 47 500 356
person 0.4235 100 54 392 357
person 0.2735 215 78 368 313
person 0.1637 204 80 343 220
person 0.1054 115 101 290 350
person 0.0987 200 173 337 314
person 0.0870 251 132 342 307
person 0.0831 226 79 477 243
person 0.0820 0 62 173 375
person 0.0807 339 19 500 294
person 0.0800 108 60 320 245
person 0.0785 227 189 497 326
person 0.0660 277 90 421 305
person 0.0653 44 113 96 232
person 0.0632 398 19 498 154
person 0.0573 185 117 330 272
person 0.0546 53 56 194 215
person 0.0543 150 134 256 331
person 0.0532 13 0 500 375
person 0.0520 218 80 415 186
person 0.0463 165 138 222 254
person 0.0450 360 22 498 102
person 0.0442 233 44 492 177
person 0.0428 391 90 500 372
person 0.0402 72 191 153 375
person 0.0393 257 87 374 225
person 0.0386 22 176 130 367
person 0.0385 37 70 123 195
person 0.0385 60 114 100 191
person 0.0383 231 157 338 258
person 0.0382 163 162 314 366
person 0.0372 41 118 78 208
person 0.0370 203 223 413 315
person 0.0361 150 147 182 225
person 0.0354 39 93 130 277
person 0.0342 158 85 246 218
person 0.0317 61 35 354 183
person 0.0313 416 23 496 63
person 0.0311 211 135 346 203
person 0.0308 39 190 219 374
person 0.0305 307 136 466 328
person 0.0304 178 141 424 309
person 0.0290 115 54 213 214
person 0.0286 193 0 428 295
person 0.0278 38 34 450 255
person 0.0277 435 21 492 85
person 0.0270 275 87 335 178
person 0.0268 145 139 202 203
person 0.0266 291 95 484 175
person 0.0264 24 128 88 262
person 0.0261 1 239 32 293
person 0.0257 292 89 394 173
person 0.0255 304 95 405 232
person 0.0253 144 139 205 268
person 0.0252 369 55 491 178
person 0.0248 380 186 483 327
person 0.0248 46 163 74 225
person 0.0246 164 196 238 346
person 0.0239 172 62 320 184
person 0.0234 252 195 386 309
person 0.0220 300 26 499 140
person 0.0218 80 52 175 168
person 0.0217 79 115 116 181
person 0.0217 50 105 93 162
person 0.0213 99 135 198 224
person 0.0207 0 43 171 169
person 0.0206 240 85 331 158
person 0.0203 162 169 208 248
person 0.0203 65 116 131 240
person 0.0202 453 17 498 75
person 0.0200 98 58 297 164
person 0.0200 385 97 481 268
pottedplant 0.0817 46 115 93 225
pottedplant 0.0391 40 130 77 219
sofa 0.0517 0 94 446 373
sofa 0.0429 168 125 500 375
tvmonitor 0.6152 0 5 49 125
tvmonitor 0.1749 6 11 76 112
tvmonitor 0.1023 0 3 51 68
tvmonitor 0.1002 0 77 54 128
tvmonitor 0.0749 48 49 189 126
tvmonitor 0.0673 6 47 89 138
tvmonitor 0.0659 42 45 206 216
tvmonitor 0.0652 0 98 46 127
tvmonitor 0.0597 0 0 57 34
tvmonitor 0.0581 60 40 156 96
tvmonitor 0.0577 19 15 148 120
tvmonitor 0.0556 0 110 30 128
tvmonitor 0.0545 2 206 69 284
tvmonitor 0.0532 0 116 51 152
tvmonitor 0.0528 39 116 91 226
tvmonitor 0.0490 0 9 41 46
tvmonitor 0.0456 1 0 90 72
tvmonitor 0.0451 1 4 39 25
tvmonitor 0.0424 0 33 42 102
tvmonitor 0.0413 0 111 45 135
tvmonitor 0.0408 2 114 89 196
tvmonitor 0.0402 29 56 148 146
tvmonitor 0.0397 1 10 19 51
tvmonitor 0.0387 0 51 55 169
tvmonitor 0.0384 0 7 25 34
tvmonitor 0.0354 0 111 20 136
tvmonitor 0.0353 0 0 108 134
tvmonitor 0.0349 0 207 59 254
tvmonitor 0.0345 0 2 49 17
tvmonitor 0.0344 33 4 189 156
tvmonitor 0.0344 55 47 132 117
tvmonitor 0.0343 0 128 47 165
tvmonitor 0.0340 0 26 38 69
tvmonitor 0.0334 0 95 24 125
tvmonitor 0.0333 0 108 76 163
tvmonitor 0.0312 9 128 66 214
tvmonitor 0.0302 0 11 24 72
tvmonitor 0.0300 0 151 51 210
tvmonitor 0.0298 10 0 84 40
tvmonitor 0.0297 0 122 19 155
tvmonitor 0.0286 34 0 114 88
tvmonitor 0.0284 74 47 172 83
tvmonitor 0.0283 9 54 51 115
tvmonitor 0.0281 2 103 65 140
tvmonitor 0.0274 6 82 94 171
tvmonitor 0.0273 15 109 48 128
tvmonitor 0.0267 0 118 28 144
tvmonitor 0.0262 4 10 49 31
tvmonitor 0.0259 120 0 168 44
tvmonitor 0.0254 106 0 149 43
tvmonitor 0.0254 0 0 23 23
tvmonitor 0.0252 91 2 171 56
tvmonitor 0.0250 0 132 54 188
tvmonitor 0.0248 61 14 151 73
tvmonitor 0.0247 37 54 65 117
tvmonitor 0.0244 51 0 124 52
tvmonitor 0.0240 79 0 112 43
tvmonitor 0.0234 0 33 22 62
tvmonitor 0.0233 59 36 128 80
tvmonitor 0.0219 0 156 39 193
tvmonitor 0.0219 27 109 92 175
tvmonitor 0.0219 0 130 31 156
tvmonitor 0.0215 0 212 22 253
tvmonitor 0.0214 80 48 154 122
tvmonitor 0.0210 97 0 126 44
tvmonitor 0.0200 0 205 48 235
