aeroplane 0.0233 52 118 250 280
bird 0.0507 353 353 376 375
bird 0.0293 301 341 329 373
bird 0.0221 337 351 381 374
boat 0.8074 147 164 224 269
boat 0.2591 378 219 396 250
boat 0.2564 144 249 232 269
boat 0.2421 369 220 404 252
boat 0.2323 352 223 419 253
boat 0.1415 157 163 196 258
boat 0.1294 142 210 239 270
boat 0.1029 323 225 400 253
boat 0.0953 181 252 234 268
boat 0.0938 151 234 231 267
boat 0.0848 141 252 193 269
boat 0.0762 371 225 480 254
boat 0.0759 112 164 282 272
boat 0.0717 304 235 358 250
boat 0.0675 0 230 35 254
boat 0.0650 118 159 200 271
boat 0.0628 442 233 500 254
boat 0.0624 309 232 354 244
boat 0.0623 383 220 412 253
boat 0.0614 74 234 91 251
boat 0.0597 358 222 394 249
boat 0.0591 200 254 238 267
boat 0.0584 204 229 224 262
boat 0.0574 456 242 497 254
boat 0.0564 1 224 20 255
boat 0.0563 0 224 71 257
boat 0.0560 184 226 226 267
boat 0.0544 218 185 364 257
boat 0.0541 351 232 399 252
boat 0.0539 436 237 481 252
boat 0.0538 419 225 495 256
boat 0.0530 174 181 313 262
boat 0.0529 304 220 366 254
boat 0.0493 62 236 88 249
boat 0.0481 44 138 189 265
boat 0.0476 424 239 492 255
boat 0.0473 371 230 439 253
boat 0.0470 176 169 230 251
boat 0.0466 161 195 202 266
boat 0.0465 27 175 154 261
boat 0.0460 79 237 104 249
boat 0.0460 4 231 45 247
boat 0.0458 159 219 219 262
boat 0.0454 352 243 395 255
boat 0.0450 1 188 42 255
boat 0.0448 90 235 109 250
boat 0.0448 95 236 117 251
boat 0.0447 476 236 500 253
boat 0.0445 430 242 475 254
boat 0.0434 339 221 458 258
boat 0.0429 140 251 168 269
boat 0.0419 70 234 85 252
boat 0.0417 294 238 366 254
boat 0.0415 169 166 204 236
boat 0.0412 307 242 358 253
boat 0.0407 392 220 409 247
boat 0.0402 73 236 83 250
boat 0.0399 399 234 424 251
boat 0.0393 330 238 364 249
boat 0.0393 353 235 379 252
boat 0.0390 151 160 203 216
boat 0.0384 483 227 497 252
boat 0.0382 106 237 123 252
boat 0.0378 456 190 497 256
boat 0.0376 53 234 71 251
boat 0.0374 2 178 71 253
boat 0.0370 452 242 479 255
boat 0.0369 154 164 239 226
boat 0.0365 116 0 237 266
boat 0.0362 141 242 153 266
boat 0.0361 191 236 223 262
boat 0.0358 384 221 402 242
boat 0.0356 357 209 500 255
boat 0.0356 351 207 392 252
boat 0.0355 181 200 219 262
boat 0.0353 396 226 421 248
boat 0.0350 45 236 64 251
boat 0.0347 212 241 228 263
boat 0.0344 197 246 228 266
boat 0.0342 73 232 81 245
boat 0.0341 0 235 18 265
boat 0.0341 55 233 94 251
boat 0.0339 143 237 160 265
boat 0.0339 166 163 190 227
boat 0.0337 0 227 11 263
boat 0.0337 144 245 177 267
boat 0.0335 374 221 393 237
boat 0.0334 81 240 100 255
boat 0.0332 157 183 195 229
boat 0.0329 197 228 219 257
boat 0.0329 27 235 63 249
boat 0.0328 444 231 471 249
boat 0.0328 356 228 380 247
boat 0.0326 365 220 382 247
boat 0.0326 175 246 220 267
boat 0.0326 0 212 35 260
boat 0.0323 183 156 261 265
boat 0.0323 478 219 499 256
boat 0.0321 209 249 233 265
boat 0.0320 174 165 192 214
boat 0.0320 152 257 212 269
boat 0.0319 139 239 203 270
boat 0.0319 29 117 123 264
boat 0.0316 356 192 409 254
boat 0.0314 6 226 31 244
boat 0.0314 371 242 418 255
boat 0.0313 490 217 500 255
boat 0.0312 283 195 428 254
boat 0.0312 55 232 65 250
boat 0.0312 410 238 431 251
boat 0.0309 2 207 18 248
boat 0.0308 324 210 383 250
boat 0.0306 468 229 497 250
boat 0.0305 24 232 80 251
boat 0.0304 63 227 72 244
boat 0.0304 311 199 357 252
boat 0.0304 92 241 122 253
boat 0.0301 160 182 214 243
boat 0.0300 60 217 73 242
boat 0.0298 74 129 146 267
boat 0.0298 430 237 459 252
boat 0.0297 151 137 331 266
boat 0.0297 69 233 112 251
boat 0.0295 266 226 361 255
boat 0.0294 77 244 87 263
boat 0.0291 352 239 367 251
boat 0.0290 78 233 86 246
boat 0.0290 85 236 99 247
boat 0.0289 84 237 96 253
boat 0.0289 60 239 93 254
boat 0.0288 334 244 365 253
boat 0.0285 322 229 345 241
boat 0.0284 91 238 104 255
boat 0.0284 130 168 173 246
boat 0.0281 175 241 224 259
boat 0.0281 246 213 414 261
boat 0.0280 57 228 66 244
boat 0.0278 453 236 471 254
boat 0.0277 398 244 431 253
boat 0.0277 61 218 83 250
boat 0.0276 154 201 183 259
boat 0.0276 55 210 78 247
boat 0.0275 62 233 72 249
boat 0.0274 0 142 105 252
boat 0.0273 0 247 35 261
boat 0.0271 110 240 121 256
boat 0.0271 338 234 357 245
boat 0.0269 418 239 438 252
boat 0.0266 14 228 35 250
boat 0.0265 115 239 129 252
boat 0.0265 425 238 446 252
boat 0.0264 428 229 475 253
boat 0.0264 461 217 499 259
boat 0.0262 147 215 190 271
boat 0.0262 85 234 127 252
boat 0.0261 333 233 363 243
boat 0.0261 10 229 72 247
boat 0.0260 209 232 230 258
boat 0.0260 169 209 195 261
boat 0.0260 75 234 96 245
boat 0.0260 327 234 350 251
boat 0.0259 342 237 434 261
boat 0.0259 321 231 342 248
boat 0.0258 144 256 178 272
boat 0.0258 69 221 80 242
boat 0.0256 71 232 91 260
boat 0.0256 30 233 62 244
boat 0.0255 374 219 403 234
boat 0.0255 391 223 421 240
boat 0.0253 422 243 456 253
boat 0.0253 380 233 409 254
boat 0.0252 133 242 247 273
boat 0.0251 294 236 337 248
boat 0.0251 267 148 380 254
boat 0.0251 359 224 378 242
boat 0.0250 311 229 379 247
boat 0.0250 50 226 86 249
boat 0.0249 353 235 362 249
boat 0.0248 8 77 165 266
boat 0.0248 3 234 89 263
boat 0.0245 346 238 373 249
boat 0.0244 326 229 339 244
boat 0.0242 9 241 57 254
boat 0.0241 0 188 20 252
boat 0.0241 97 239 112 256
boat 0.0240 354 233 367 246
boat 0.0240 330 228 351 241
boat 0.0239 71 229 84 241
boat 0.0238 225 138 297 261
boat 0.0238 338 181 444 254
boat 0.0237 224 244 235 262
boat 0.0237 409 231 429 248
boat 0.0236 56 219 67 241
boat 0.0236 149 200 356 273
boat 0.0233 82 234 104 244
boat 0.0233 45 234 70 244
boat 0.0232 215 255 242 266
boat 0.0232 299 232 333 242
boat 0.0231 414 207 486 253
boat 0.0230 64 226 78 241
boat 0.0229 282 236 307 250
boat 0.0229 352 222 382 254
boat 0.0228 391 240 418 254
boat 0.0228 305 221 348 244
boat 0.0228 49 204 199 272
boat 0.0226 393 234 460 253
boat 0.0226 111 238 120 251
boat 0.0226 2 238 29 260
boat 0.0224 321 127 393 257
boat 0.0222 55 234 79 245
boat 0.0222 116 244 125 257
boat 0.0221 142 239 151 258
boat 0.0220 339 245 359 254
boat 0.0220 272 233 342 251
boat 0.0220 0 204 13 268
boat 0.0219 5 210 85 249
boat 0.0218 143 252 158 268
boat 0.0218 72 247 83 262
boat 0.0218 9 218 25 242
boat 0.0218 169 164 186 200
boat 0.0218 318 228 330 243
boat 0.0217 183 166 198 208
boat 0.0217 313 231 334 248
boat 0.0216 34 232 105 254
boat 0.0216 201 227 233 274
boat 0.0215 386 216 432 258
boat 0.0215 363 224 388 238
boat 0.0214 392 210 461 252
boat 0.0213 149 237 170 265
boat 0.0212 53 238 64 256
boat 0.0212 163 245 204 267
boat 0.0212 221 250 238 264
boat 0.0211 464 236 484 254
boat 0.0211 349 129 425 256
boat 0.0211 124 169 192 207
boat 0.0210 270 206 377 252
boat 0.0210 353 244 367 255
boat 0.0210 108 176 156 257
boat 0.0210 0 226 27 281
boat 0.0210 10 227 43 239
boat 0.0210 290 232 321 242
boat 0.0210 0 223 53 244
boat 0.0209 97 93 193 269
boat 0.0209 176 216 206 260
boat 0.0208 24 230 44 253
boat 0.0208 196 198 229 265
boat 0.0208 36 233 51 253
boat 0.0206 419 244 438 255
boat 0.0205 100 238 111 251
boat 0.0205 348 244 374 253
boat 0.0205 285 230 389 261
boat 0.0204 488 236 500 257
boat 0.0204 1 176 46 193
boat 0.0204 282 229 350 245
boat 0.0203 356 221 399 266
boat 0.0203 70 220 89 250
boat 0.0203 322 226 355 252
boat 0.0203 147 231 158 253
boat 0.0201 283 243 306 256
boat 0.0201 46 242 64 255
boat 0.0201 152 240 184 261
boat 0.0200 283 232 305 244
boat 0.0200 0 243 57 261
boat 0.0200 0 168 53 223
boat 0.0200 243 132 334 259
bottle 0.0283 181 188 218 261
car 0.0316 0 0 419 375
cat 0.0692 0 0 464 375
dog 0.0507 0 0 500 375
person 0.0727 0 0 280 375
person 0.0326 15 0 180 288
person 0.0258 384 225 393 236
person 0.0251 300 342 323 375
person 0.0219 188 190 211 227
person 0.0204 174 231 192 264
sofa 0.0210 0 0 474 375
