aeroplane 0.0209 244 123 286 153
bird 0.0316 236 345 286 383
bird 0.0233 140 390 231 437
bird 0.0215 155 411 215 437
bird 0.0202 0 301 20 332
boat 0.0456 0 21 332 403
boat 0.0252 114 354 279 439
boat 0.0246 0 276 15 329
boat 0.0231 14 0 197 330
boat 0.0228 0 300 18 332
boat 0.0215 0 162 306 500
boat 0.0203 76 293 289 438
bottle 0.0213 117 299 140 335
bottle 0.0208 0 298 16 344
car 0.0399 307 303 331 329
car 0.0310 317 297 332 331
car 0.0225 0 144 25 208
car 0.0207 314 267 332 331
chair 0.0427 84 313 163 376
chair 0.0375 114 298 154 356
chair 0.0271 114 320 154 373
chair 0.0262 79 302 141 359
chair 0.0243 0 285 16 330
diningtable 0.0203 127 378 274 463
dog 0.0990 235 351 286 380
dog 0.0217 215 344 289 387
horse 0.8526 112 189 253 361
horse 0.2333 84 233 199 362
horse 0.1060 189 205 250 355
horse 0.1022 85 164 317 375
horse 0.0913 109 190 155 275
horse 0.0910 102 281 206 371
horse 0.0706 111 197 163 335
horse 0.0617 196 190 302 350
horse 0.0564 148 246 251 353
horse 0.0538 111 188 197 301
horse 0.0386 142 185 289 316
horse 0.0357 126 197 244 279
horse 0.0334 170 145 278 367
horse 0.0311 105 277 254 398
horse 0.0234 176 283 246 357
horse 0.0218 175 200 260 296
person 0.6696 78 251 152 360
person 0.3383 85 217 184 366
person 0.2052 109 272 164 357
person 0.1393 88 291 176 368
person 0.1246 123 261 149 335
person 0.1190 105 218 151 341
person 0.0811 120 231 157 324
person 0.0795 120 304 175 360
person 0.0783 80 186 155 343
person 0.0705 106 191 141 272
person 0.0688 70 242 162 432
person 0.0682 125 277 147 321
person 0.0663 127 257 146 306
person 0.0658 123 240 170 351
person 0.0655 112 201 149 298
person 0.0607 181 282 200 366
person 0.0605 114 281 199 361
person 0.0596 125 275 162 325
person 0.0562 124 256 151 284
person 0.0529 120 287 155 350
person 0.0521 197 214 249 356
person 0.0518 123 215 201 352
person 0.0511 117 255 144 319
person 0.0500 104 251 157 305
person 0.0480 87 223 135 330
person 0.0454 110 189 133 250
person 0.0447 186 254 217 357
person 0.0435 112 187 158 247
person 0.0422 110 189 127 231
person 0.0420 139 271 178 357
person 0.0420 125 255 140 294
person 0.0419 161 208 232 356
person 0.0419 126 253 162 308
person 0.0412 97 250 139 348
person 0.0401 198 250 232 356
person 0.0391 113 250 141 290
person 0.0374 184 277 245 360
person 0.0372 2 0 307 428
person 0.0367 125 188 196 233
person 0.0366 128 287 152 327
person 0.0364 119 259 137 301
person 0.0355 154 271 172 334
person 0.0352 152 290 187 365
person 0.0341 109 189 132 212
person 0.0335 134 328 181 365
person 0.0321 136 256 167 329
person 0.0321 119 251 145 275
person 0.0317 112 189 186 267
person 0.0309 108 230 157 281
person 0.0306 108 243 135 279
person 0.0302 302 172 331 335
person 0.0300 47 125 144 361
person 0.0297 123 286 143 337
person 0.0295 218 263 248 361
person 0.0292 112 255 133 282
person 0.0291 129 287 169 343
person 0.0286 138 254 155 289
person 0.0285 175 290 211 358
person 0.0285 89 261 140 302
person 0.0283 90 222 154 295
person 0.0283 219 177 321 345
person 0.0278 52 13 130 152
person 0.0276 1 153 24 219
person 0.0272 129 251 155 277
person 0.0271 167 291 198 366
person 0.0266 78 202 126 298
person 0.0265 87 236 137 283
person 0.0264 159 243 202 362
person 0.0260 195 280 222 352
person 0.0260 110 189 144 227
person 0.0259 139 190 154 238
person 0.0256 177 213 215 347
person 0.0255 203 195 228 215
person 0.0255 40 170 231 341
person 0.0253 210 277 239 357
person 0.0253 0 0 141 488
person 0.0250 102 322 162 371
person 0.0249 96 257 126 281
person 0.0249 250 188 264 219
person 0.0245 191 279 210 349
person 0.0243 148 310 206 361
person 0.0243 85 263 129 324
person 0.0242 288 180 304 219
person 0.0241 96 191 128 275
person 0.0238 152 268 167 321
person 0.0238 97 274 143 320
person 0.0236 185 204 246 294
person 0.0233 98 297 145 350
person 0.0233 183 277 197 340
person 0.0233 307 248 332 333
person 0.0232 108 283 148 332
person 0.0231 229 238 255 351
person 0.0230 138 282 156 324
person 0.0230 131 261 160 289
person 0.0228 114 259 131 296
person 0.0228 225 213 288 364
person 0.0226 1 150 23 283
person 0.0225 176 309 234 359
person 0.0224 99 250 128 274
person 0.0224 272 161 329 344
person 0.0223 118 190 144 209
person 0.0219 127 269 154 300
person 0.0219 157 281 177 348
person 0.0218 139 263 156 307
person 0.0215 230 187 263 212
person 0.0213 145 283 161 323
person 0.0213 214 200 252 297
person 0.0212 40 235 132 352
person 0.0211 235 357 280 380
person 0.0209 216 189 235 213
person 0.0209 151 335 182 361
person 0.0208 200 199 248 257
person 0.0205 125 195 218 254
person 0.0204 102 263 132 288
person 0.0204 210 194 240 216
person 0.0204 119 278 138 329
person 0.0201 213 186 254 213
person 0.0201 198 306 244 361
pottedplant 0.0217 140 329 184 364
train 0.1157 87 151 288 357
train 0.0840 29 0 270 395
train 0.0435 199 121 322 220
train 0.0392 113 0 320 360
train 0.0381 0 120 332 500
train 0.0374 13 112 240 344
train 0.0337 247 62 321 228
train 0.0315 0 27 104 318
train 0.0300 8 47 82 228
train 0.0299 220 0 332 248
train 0.0295 22 15 263 201
train 0.0275 147 98 332 234
train 0.0265 214 151 331 243
train 0.0248 128 133 331 287
train 0.0231 27 26 112 190
train 0.0207 1 123 57 313
tvmonitor 0.0230 0 26 43 78
