bicycle 0.8389 25 188 246 438
bicycle 0.0644 72 200 233 362
bicycle 0.0443 302 467 332 499
bicycle 0.0431 14 180 128 428
bicycle 0.0422 174 236 240 424
bicycle 0.0323 9 295 96 431
bicycle 0.0308 55 320 232 439
bicycle 0.0251 18 296 193 425
bicycle 0.0209 23 182 131 294
bird 0.0630 98 469 125 493
bird 0.0439 96 467 140 497
bird 0.0317 161 473 168 492
bird 0.0310 101 471 114 492
bird 0.0266 159 469 171 491
bird 0.0259 123 470 150 493
bird 0.0255 112 470 142 493
bird 0.0243 232 470 253 492
bottle 0.0261 160 286 188 371
bottle 0.0229 1 83 44 122
bottle 0.0220 118 103 188 157
bottle 0.0219 0 72 25 113
chair 0.0326 98 184 252 353
chair 0.0265 174 202 243 400
person 0.7119 91 99 241 383
person 0.1000 121 176 230 418
person 0.0809 26 150 229 425
person 0.0767 105 94 248 250
person 0.0559 157 108 248 370
person 0.0430 94 152 183 392
person 0.0366 127 111 249 192
person 0.0345 162 207 237 400
person 0.0272 118 103 223 163
person 0.0221 0 4 14 60
person 0.0214 69 139 333 441
person 0.0209 66 72 220 292
person 0.0208 0 14 244 500
pottedplant 0.0321 301 472 332 498
pottedplant 0.0210 177 251 232 432
