aeroplane 0.0534 0 16 500 300
bird 0.0354 3 29 500 333
bird 0.0254 175 272 191 302
bird 0.0224 0 12 325 194
bird 0.0218 309 2 325 19
bird 0.0213 316 3 331 19
boat 0.0561 0 9 500 293
boat 0.0289 0 118 385 314
boat 0.0247 175 272 190 302
boat 0.0228 0 8 387 174
bus 0.1324 413 3 489 28
bus 0.0322 452 0 499 29
bus 0.0250 459 17 498 70
bus 0.0234 425 6 466 27
car 0.9405 246 167 312 196
car 0.6753 236 85 286 103
car 0.1067 236 85 258 106
car 0.0929 238 86 296 114
car 0.0741 242 90 266 103
car 0.0709 245 171 286 194
car 0.0665 240 82 282 97
car 0.0612 414 3 477 27
car 0.0588 242 98 285 113
car 0.0584 287 168 309 194
car 0.0556 480 2 498 28
car 0.0524 480 54 499 81
car 0.0432 257 89 293 101
car 0.0423 274 181 311 198
car 0.0391 262 84 287 106
car 0.0381 235 96 254 117
car 0.0379 244 92 293 107
car 0.0373 471 3 494 25
car 0.0368 249 184 279 197
car 0.0357 249 89 276 113
car 0.0355 487 46 500 81
car 0.0354 237 105 271 119
car 0.0353 488 0 500 29
car 0.0328 248 104 281 119
car 0.0319 259 99 296 115
car 0.0319 237 87 350 112
car 0.0318 233 96 275 121
car 0.0310 476 65 500 84
car 0.0288 257 84 280 100
car 0.0287 470 47 500 62
car 0.0281 252 179 313 203
car 0.0276 233 104 257 122
car 0.0275 241 93 264 114
car 0.0275 267 162 307 192
car 0.0270 439 1 500 28
car 0.0266 462 174 499 188
car 0.0263 262 86 291 97
car 0.0257 235 89 250 107
car 0.0254 259 157 283 165
car 0.0252 267 94 288 117
car 0.0250 489 59 500 85
car 0.0244 232 89 273 107
car 0.0243 231 83 282 124
car 0.0242 232 101 267 115
car 0.0242 278 189 310 201
car 0.0241 265 156 292 165
car 0.0237 250 74 278 84
car 0.0237 239 94 262 105
car 0.0235 239 92 254 102
car 0.0231 280 100 311 113
car 0.0227 371 146 399 159
car 0.0223 270 189 300 200
car 0.0221 0 179 22 209
car 0.0219 294 97 335 109
car 0.0218 259 183 298 196
car 0.0215 451 9 496 26
car 0.0214 234 77 302 107
car 0.0206 484 0 496 22
car 0.0205 414 9 452 26
car 0.0201 490 39 500 66
chair 0.0244 377 0 394 24
chair 0.0233 369 2 390 25
person 0.0887 291 174 309 201
person 0.0738 293 184 308 211
person 0.0383 376 146 388 158
person 0.0342 282 181 306 211
person 0.0301 377 144 394 157
person 0.0285 266 167 306 209
person 0.0272 379 150 387 157
person 0.0271 279 194 294 211
person 0.0261 35 272 50 303
person 0.0257 254 100 271 120
person 0.0249 286 186 310 204
person 0.0244 382 147 392 156
person 0.0241 300 185 312 206
person 0.0231 287 189 304 214
person 0.0222 0 0 252 295
person 0.0217 234 92 249 111
person 0.0207 239 83 253 99
person 0.0206 259 98 279 121
person 0.0205 412 4 429 25
person 0.0203 372 143 389 165
pottedplant 0.0299 0 1 49 16
train 0.1693 0 24 500 329
train 0.0874 247 50 497 110
train 0.0859 91 30 500 145
train 0.0822 0 78 346 293
train 0.0727 457 47 500 82
train 0.0688 454 49 496 61
train 0.0660 480 48 499 79
train 0.0560 444 47 500 66
train 0.0527 404 0 500 30
train 0.0495 0 93 287 182
train 0.0465 476 46 499 65
train 0.0460 343 49 500 99
train 0.0424 2 74 428 199
train 0.0421 403 55 450 65
train 0.0401 449 51 480 60
train 0.0397 448 61 500 88
train 0.0353 3 107 222 165
train 0.0330 3 0 500 112
train 0.0310 396 52 471 67
train 0.0306 266 32 500 175
train 0.0300 424 55 458 63
train 0.0298 465 67 500 83
train 0.0284 469 58 500 80
train 0.0273 473 47 494 59
train 0.0252 440 54 470 62
train 0.0252 1 122 191 185
train 0.0250 412 48 498 90
train 0.0250 419 51 488 65
train 0.0239 3 47 222 244
train 0.0236 407 8 500 75
train 0.0227 488 40 500 76
train 0.0227 329 50 499 322
train 0.0216 383 43 498 75
train 0.0215 463 55 500 73
train 0.0214 312 73 474 103
