aeroplane 0.0237 253 96 449 299
boat 0.8121 249 185 326 301
boat 0.4447 389 255 422 290
boat 0.3813 82 256 102 290
boat 0.3581 7 253 27 288
boat 0.1191 20 256 93 289
boat 0.1052 217 188 303 298
boat 0.0984 386 257 444 292
boat 0.0941 67 254 109 291
boat 0.0931 365 257 426 291
boat 0.0929 89 256 111 289
boat 0.0891 81 256 123 290
boat 0.0860 252 269 326 298
boat 0.0838 14 253 57 289
boat 0.0775 0 251 21 291
boat 0.0752 268 184 306 256
boat 0.0670 24 254 42 288
boat 0.0666 274 186 353 299
boat 0.0655 4 244 35 290
boat 0.0655 249 263 263 291
boat 0.0605 276 184 323 268
boat 0.0599 234 109 350 295
boat 0.0594 381 213 427 293
boat 0.0593 401 256 433 288
boat 0.0517 75 255 95 288
boat 0.0499 100 257 122 288
boat 0.0488 286 182 413 298
boat 0.0487 198 225 323 302
boat 0.0482 246 196 307 273
boat 0.0482 250 252 262 284
boat 0.0451 280 183 305 233
boat 0.0441 389 253 483 294
boat 0.0434 249 278 261 298
boat 0.0433 5 263 38 288
boat 0.0425 69 257 85 288
boat 0.0424 249 239 347 301
boat 0.0409 213 183 331 342
boat 0.0403 397 266 428 291
boat 0.0378 110 260 128 287
boat 0.0371 28 262 53 287
boat 0.0369 90 264 127 287
boat 0.0355 413 258 447 288
boat 0.0352 15 252 35 286
boat 0.0344 83 267 96 293
boat 0.0344 245 278 258 291
boat 0.0335 0 254 27 317
boat 0.0320 78 230 123 293
boat 0.0318 421 185 500 299
boat 0.0314 27 245 65 291
boat 0.0309 332 187 438 293
boat 0.0309 270 229 389 297
boat 0.0309 246 274 258 286
boat 0.0309 105 269 134 285
boat 0.0307 70 267 98 286
boat 0.0307 292 183 307 222
boat 0.0306 414 254 433 284
boat 0.0302 277 189 297 229
boat 0.0301 246 275 254 290
boat 0.0299 152 172 292 301
boat 0.0298 252 213 288 292
boat 0.0298 197 126 299 296
boat 0.0296 266 192 292 245
boat 0.0295 284 208 320 281
boat 0.0293 468 248 494 292
boat 0.0293 0 272 31 291
boat 0.0293 247 224 313 294
boat 0.0293 323 256 392 291
boat 0.0293 131 263 142 286
boat 0.0291 245 286 258 296
boat 0.0291 46 262 102 287
boat 0.0290 10 203 66 291
boat 0.0288 0 233 92 291
boat 0.0288 462 226 498 305
boat 0.0288 94 240 133 292
boat 0.0288 438 267 461 287
boat 0.0286 410 266 467 289
boat 0.0286 429 268 454 287
boat 0.0285 319 194 391 294
boat 0.0283 40 257 57 287
boat 0.0283 384 274 420 291
boat 0.0282 422 267 445 287
boat 0.0279 426 278 462 289
boat 0.0279 391 202 474 297
boat 0.0278 124 265 135 286
boat 0.0275 311 231 466 295
boat 0.0275 138 250 165 289
boat 0.0274 254 185 326 228
boat 0.0274 61 261 82 284
boat 0.0272 273 198 310 237
boat 0.0271 405 276 441 291
boat 0.0269 230 179 342 257
boat 0.0268 420 241 494 298
boat 0.0268 248 272 276 295
boat 0.0267 363 260 378 287
boat 0.0264 344 240 380 291
boat 0.0263 29 269 66 286
boat 0.0263 262 155 336 270
boat 0.0263 251 253 321 291
boat 0.0259 247 242 265 288
boat 0.0259 284 243 326 299
boat 0.0258 136 258 151 287
boat 0.0257 3 262 74 297
boat 0.0255 168 257 181 287
boat 0.0254 285 139 468 295
boat 0.0253 483 256 498 294
boat 0.0252 275 264 469 312
boat 0.0251 465 262 482 290
boat 0.0250 50 259 64 286
boat 0.0249 52 254 89 285
boat 0.0248 238 275 249 286
boat 0.0247 162 255 174 288
boat 0.0247 246 288 254 299
boat 0.0246 45 253 69 289
boat 0.0245 252 279 301 299
boat 0.0244 152 255 167 288
boat 0.0243 32 277 55 289
boat 0.0243 246 180 302 237
boat 0.0242 359 248 381 290
boat 0.0241 251 243 272 281
boat 0.0240 355 168 483 297
boat 0.0240 136 270 156 286
boat 0.0239 0 251 49 298
boat 0.0239 443 278 478 289
boat 0.0239 448 258 462 288
boat 0.0237 0 208 39 292
boat 0.0237 65 257 98 280
boat 0.0236 264 216 328 285
boat 0.0236 308 261 324 283
boat 0.0233 143 264 160 286
boat 0.0230 115 279 133 289
boat 0.0230 134 272 147 286
boat 0.0227 390 253 427 274
boat 0.0227 44 271 77 285
boat 0.0227 1 252 36 276
boat 0.0227 254 209 320 245
boat 0.0227 77 270 115 290
boat 0.0227 231 276 242 286
boat 0.0226 464 275 486 291
boat 0.0225 369 268 389 287
boat 0.0224 431 257 465 288
boat 0.0224 176 259 190 287
boat 0.0224 355 257 373 288
boat 0.0223 104 167 245 297
boat 0.0223 9 270 28 294
boat 0.0223 251 290 260 303
boat 0.0222 364 257 396 288
boat 0.0221 98 277 132 289
boat 0.0221 434 261 449 286
boat 0.0221 8 276 43 290
boat 0.0221 238 280 250 290
boat 0.0220 286 195 312 246
boat 0.0219 82 276 101 295
boat 0.0218 408 254 427 282
boat 0.0217 5 253 108 304
boat 0.0217 303 268 324 293
boat 0.0217 421 292 498 323
boat 0.0214 157 258 333 314
boat 0.0214 382 260 393 287
boat 0.0213 444 251 467 290
boat 0.0213 455 268 478 288
boat 0.0213 421 257 442 280
boat 0.0213 448 254 498 293
boat 0.0212 70 210 101 291
boat 0.0212 472 269 490 294
boat 0.0211 60 269 72 288
boat 0.0211 127 294 140 303
boat 0.0210 85 291 93 303
boat 0.0210 297 218 328 288
boat 0.0209 29 272 42 288
boat 0.0208 348 251 448 293
boat 0.0208 408 238 440 290
boat 0.0208 234 271 263 295
boat 0.0207 134 281 141 292
boat 0.0207 135 214 347 344
boat 0.0206 127 281 140 290
boat 0.0206 73 274 102 290
boat 0.0206 328 241 370 290
boat 0.0205 295 211 320 261
boat 0.0205 246 270 265 300
boat 0.0205 258 196 288 269
boat 0.0205 190 291 217 299
boat 0.0204 247 269 257 282
boat 0.0204 439 262 477 289
boat 0.0204 357 202 418 294
boat 0.0203 59 256 74 284
boat 0.0202 290 253 383 296
boat 0.0202 180 295 194 304
boat 0.0202 442 254 457 285
boat 0.0202 129 252 147 289
boat 0.0202 237 276 244 289
boat 0.0200 90 271 102 292
boat 0.0200 252 223 320 260
boat 0.0200 118 254 137 290
boat 0.0200 172 175 242 303
person 0.0537 253 17 500 375
person 0.0495 0 7 235 375
person 0.0374 14 0 453 338
person 0.0300 275 217 294 253
person 0.0278 268 201 287 240
person 0.0273 282 210 303 247
person 0.0266 233 72 352 309
person 0.0239 267 217 287 256
person 0.0237 271 202 299 255
person 0.0230 291 215 312 250
person 0.0223 264 203 279 240
person 0.0202 299 216 317 246
