bottle 0.0914 126 155 141 196
bottle 0.0802 129 155 154 196
bottle 0.0695 141 156 155 193
bottle 0.0636 132 155 162 212
bottle 0.0581 121 156 136 197
bottle 0.0579 111 35 126 84
bottle 0.0558 125 140 147 196
bottle 0.0548 134 152 149 189
bottle 0.0465 135 159 160 187
bottle 0.0458 127 409 139 454
bottle 0.0438 112 150 142 198
bottle 0.0434 115 155 130 194
bottle 0.0418 114 411 130 453
bottle 0.0417 125 157 177 225
bottle 0.0408 150 410 166 455
bottle 0.0403 152 158 166 191
bottle 0.0393 162 170 182 254
bottle 0.0393 141 409 154 454
bottle 0.0376 0 303 24 374
bottle 0.0363 151 193 185 251
bottle 0.0356 143 152 154 180
bottle 0.0354 113 134 130 178
bottle 0.0351 137 408 150 454
bottle 0.0342 136 132 148 171
bottle 0.0333 130 131 145 175
bottle 0.0331 101 411 135 456
bottle 0.0323 124 145 143 180
bottle 0.0322 110 154 125 192
bottle 0.0322 150 165 192 272
bottle 0.0321 108 169 128 197
bottle 0.0316 143 167 179 247
bottle 0.0312 305 333 329 372
bottle 0.0303 99 412 114 454
bottle 0.0303 168 42 205 72
bottle 0.0301 168 191 180 250
bottle 0.0301 148 153 158 177
bottle 0.0295 102 148 132 194
bottle 0.0294 225 68 245 103
bottle 0.0284 130 182 167 215
bottle 0.0280 164 160 199 246
bottle 0.0277 117 154 141 182
bottle 0.0276 123 159 193 305
bottle 0.0276 101 171 121 197
bottle 0.0275 111 159 157 219
bottle 0.0270 103 143 118 192
bottle 0.0269 176 409 191 455
bottle 0.0267 119 139 135 181
bottle 0.0265 267 412 300 464
bottle 0.0264 63 409 75 460
bottle 0.0263 25 410 59 467
bottle 0.0262 84 412 97 454
bottle 0.0262 99 159 114 198
bottle 0.0257 0 328 17 374
bottle 0.0255 146 414 161 456
bottle 0.0250 138 141 156 186
bottle 0.0250 149 143 159 166
bottle 0.0250 59 398 98 461
bottle 0.0249 57 404 73 465
bottle 0.0249 116 167 140 195
bottle 0.0249 144 142 153 168
bottle 0.0248 135 185 171 239
bottle 0.0246 144 204 172 245
bottle 0.0244 135 161 152 209
bottle 0.0239 182 409 197 456
bottle 0.0237 115 167 129 205
bottle 0.0234 145 159 168 213
bottle 0.0232 162 201 177 250
bottle 0.0229 97 175 116 204
bottle 0.0229 107 177 125 236
bottle 0.0228 155 208 171 250
bottle 0.0227 107 37 120 83
bottle 0.0227 129 405 145 455
bottle 0.0226 111 175 124 218
bottle 0.0225 9 31 40 148
bottle 0.0225 148 130 159 161
bottle 0.0222 142 126 153 163
bottle 0.0221 59 388 79 462
bottle 0.0218 130 150 154 173
bottle 0.0218 140 174 211 335
bottle 0.0214 93 180 129 236
bottle 0.0213 89 412 101 454
bottle 0.0212 76 399 95 455
bottle 0.0210 0 295 42 370
bottle 0.0209 104 163 138 211
bottle 0.0209 140 173 164 227
bottle 0.0208 133 130 159 195
bottle 0.0207 0 347 24 375
bottle 0.0207 161 159 227 306
bottle 0.0204 154 142 163 164
bottle 0.0203 53 413 66 466
chair 0.3113 289 177 332 281
chair 0.2855 0 182 39 273
chair 0.2620 263 159 333 264
chair 0.2619 28 160 86 232
chair 0.2443 267 277 331 484
chair 0.2130 6 164 77 260
chair 0.1969 236 144 278 209
chair 0.1948 240 197 332 480
chair 0.1918 3 286 64 479
chair 0.1709 244 145 331 231
chair 0.1575 0 196 23 273
chair 0.1544 0 150 48 253
chair 0.1539 270 163 333 357
chair 0.1506 29 178 64 236
chair 0.1470 165 155 205 196
chair 0.1455 43 166 85 215
chair 0.1388 2 204 101 483
chair 0.1329 267 408 332 500
chair 0.1296 3 179 61 329
chair 0.1267 249 162 283 215
chair 0.1264 238 155 300 222
chair 0.1261 226 97 276 209
chair 0.1235 277 175 325 246
chair 0.1192 8 192 43 247
chair 0.1152 9 168 91 355
chair 0.1126 239 143 276 179
chair 0.1078 262 171 305 233
chair 0.1072 0 410 31 500
chair 0.1046 312 192 333 282
chair 0.1032 24 166 103 286
chair 0.1027 165 267 328 479
chair 0.1025 228 298 306 482
chair 0.1023 291 343 333 495
chair 0.1005 301 415 333 500
chair 0.0989 10 147 74 216
chair 0.0984 0 398 60 495
chair 0.0916 0 173 31 229
chair 0.0915 304 462 333 500
chair 0.0899 0 190 39 370
chair 0.0896 236 146 333 313
chair 0.0894 19 173 49 251
chair 0.0893 288 181 313 252
chair 0.0888 240 358 331 480
chair 0.0885 172 163 197 196
chair 0.0882 34 140 81 203
chair 0.0865 227 134 308 208
chair 0.0850 183 161 204 192
chair 0.0837 0 448 57 499
chair 0.0837 0 215 43 481
chair 0.0830 60 169 86 210
chair 0.0807 0 353 103 476
chair 0.0800 299 106 333 158
chair 0.0796 233 127 265 189
chair 0.0784 0 352 36 494
chair 0.0778 295 176 332 233
chair 0.0774 36 149 102 215
chair 0.0767 254 155 319 211
chair 0.0765 200 146 284 216
chair 0.0761 0 460 28 500
chair 0.0752 295 137 333 250
chair 0.0749 173 158 204 182
chair 0.0747 257 171 279 218
chair 0.0741 149 153 213 205
chair 0.0740 165 160 187 193
chair 0.0734 244 146 295 186
chair 0.0717 37 190 94 231
chair 0.0713 28 159 54 228
chair 0.0692 0 205 49 301
chair 0.0691 3 168 53 224
chair 0.0689 22 187 77 247
chair 0.0678 241 178 289 231
chair 0.0677 209 296 274 480
chair 0.0670 7 142 36 222
chair 0.0668 178 366 318 472
chair 0.0650 288 447 333 499
chair 0.0645 0 222 15 274
chair 0.0622 314 439 332 500
chair 0.0616 158 138 223 190
chair 0.0615 14 193 50 275
chair 0.0614 0 197 32 236
chair 0.0614 13 302 144 474
chair 0.0608 14 160 39 241
chair 0.0606 56 176 91 225
chair 0.0604 0 195 15 251
chair 0.0603 231 124 297 265
chair 0.0600 233 171 277 219
chair 0.0585 57 203 96 229
chair 0.0581 214 135 277 196
chair 0.0577 261 153 290 218
chair 0.0571 298 132 333 163
chair 0.0569 298 183 333 353
chair 0.0561 174 162 209 207
chair 0.0560 193 161 205 194
chair 0.0556 288 118 333 190
chair 0.0555 192 159 301 246
chair 0.0546 0 223 30 280
chair 0.0543 242 121 280 192
chair 0.0542 161 160 178 191
chair 0.0539 0 385 28 459
chair 0.0536 34 194 71 230
chair 0.0535 21 194 46 238
chair 0.0526 201 205 292 469
chair 0.0526 245 183 319 252
chair 0.0523 33 155 66 221
chair 0.0523 161 126 258 197
chair 0.0517 267 205 333 290
chair 0.0511 0 178 27 206
chair 0.0511 260 152 316 185
chair 0.0508 201 402 331 490
chair 0.0503 302 328 333 442
chair 0.0502 252 143 278 195
chair 0.0499 143 157 189 194
chair 0.0498 163 158 189 227
chair 0.0494 229 104 263 168
chair 0.0491 152 158 174 192
chair 0.0488 236 148 262 198
chair 0.0485 11 188 59 232
chair 0.0478 66 135 90 210
chair 0.0476 296 394 333 473
chair 0.0463 3 224 61 281
chair 0.0455 252 160 292 193
chair 0.0454 187 297 253 479
chair 0.0449 166 147 208 176
chair 0.0442 58 307 123 474
chair 0.0442 232 143 254 191
chair 0.0441 178 167 303 306
chair 0.0437 280 147 333 184
chair 0.0433 251 168 275 204
chair 0.0432 0 294 33 452
chair 0.0428 0 160 35 197
chair 0.0423 0 177 15 224
chair 0.0422 64 163 99 213
chair 0.0421 17 212 75 267
chair 0.0420 160 151 205 235
chair 0.0419 271 126 325 223
chair 0.0419 79 122 115 198
chair 0.0419 273 405 332 458
chair 0.0416 135 302 275 470
chair 0.0415 226 115 250 188
chair 0.0415 138 157 173 208
chair 0.0415 295 186 321 251
chair 0.0415 2 392 41 473
chair 0.0413 156 160 171 184
chair 0.0412 241 121 318 183
chair 0.0411 0 429 19 500
chair 0.0406 267 175 290 231
chair 0.0406 25 171 44 229
chair 0.0404 1 183 39 216
chair 0.0403 0 398 135 488
chair 0.0401 244 153 269 192
chair 0.0399 151 137 279 266
chair 0.0396 62 136 116 227
chair 0.0394 232 193 279 228
chair 0.0392 250 142 274 170
chair 0.0389 150 159 167 185
chair 0.0387 34 207 62 233
chair 0.0383 30 185 50 231
chair 0.0382 178 169 202 201
chair 0.0380 276 470 333 500
chair 0.0379 165 152 248 206
chair 0.0375 0 272 30 373
chair 0.0375 226 170 316 386
chair 0.0373 8 198 27 250
chair 0.0373 311 167 333 245
chair 0.0373 284 181 305 238
chair 0.0372 43 370 176 469
chair 0.0371 251 151 281 177
chair 0.0371 229 148 244 189
chair 0.0370 18 198 38 260
chair 0.0370 312 360 333 497
chair 0.0368 9 195 37 224
chair 0.0367 291 158 333 209
chair 0.0365 39 200 102 393
chair 0.0363 106 371 257 469
chair 0.0363 69 329 153 462
chair 0.0362 280 117 330 156
chair 0.0360 319 197 333 257
chair 0.0359 274 182 300 240
chair 0.0359 305 105 330 137
chair 0.0357 0 240 44 290
chair 0.0357 41 183 102 258
chair 0.0357 71 163 87 203
chair 0.0357 0 409 14 456
chair 0.0356 0 324 20 478
chair 0.0356 17 154 50 207
chair 0.0354 160 222 245 470
chair 0.0354 16 195 34 241
chair 0.0349 5 213 37 265
chair 0.0348 45 201 130 458
chair 0.0348 239 158 267 212
chair 0.0348 214 115 272 263
chair 0.0347 188 159 208 178
chair 0.0347 216 439 333 500
chair 0.0345 263 413 311 471
chair 0.0345 212 101 238 190
chair 0.0341 166 133 218 172
chair 0.0341 246 135 288 172
chair 0.0341 14 409 55 478
chair 0.0339 72 150 105 202
chair 0.0339 247 161 278 187
chair 0.0337 185 143 212 201
chair 0.0337 55 178 79 212
chair 0.0336 262 166 303 200
chair 0.0335 0 199 19 370
chair 0.0335 89 303 224 467
chair 0.0335 279 149 314 227
chair 0.0333 136 156 167 187
chair 0.0331 0 243 36 325
chair 0.0331 28 184 42 222
chair 0.0330 0 407 20 476
chair 0.0330 1 414 25 453
chair 0.0330 2 187 21 230
chair 0.0329 303 195 327 265
chair 0.0329 286 222 333 398
chair 0.0328 291 180 318 224
chair 0.0326 278 116 297 160
chair 0.0326 0 236 83 328
chair 0.0325 60 197 91 220
chair 0.0317 47 173 75 208
chair 0.0316 9 179 37 203
chair 0.0315 0 472 20 499
chair 0.0314 37 163 81 196
chair 0.0313 268 172 324 208
chair 0.0313 0 272 51 395
chair 0.0313 26 180 70 293
chair 0.0312 21 164 67 205
chair 0.0312 171 151 201 169
chair 0.0312 240 103 282 168
chair 0.0310 164 102 224 213
chair 0.0309 0 427 90 489
chair 0.0308 300 181 331 207
chair 0.0308 151 158 195 258
chair 0.0307 239 197 290 246
chair 0.0306 28 202 52 237
chair 0.0306 181 166 274 222
chair 0.0306 249 110 296 201
chair 0.0306 267 104 313 159
chair 0.0303 202 84 257 217
chair 0.0303 45 178 72 228
chair 0.0301 261 154 283 182
chair 0.0300 38 207 82 236
chair 0.0299 282 238 333 298
chair 0.0299 132 163 193 215
chair 0.0297 299 112 324 144
chair 0.0296 0 237 24 269
chair 0.0296 168 166 223 215
chair 0.0294 39 150 81 178
chair 0.0294 223 141 241 192
chair 0.0293 190 158 207 208
chair 0.0289 29 211 66 243
chair 0.0288 259 181 293 252
chair 0.0286 170 166 187 203
chair 0.0284 60 180 123 339
chair 0.0284 256 108 291 157
chair 0.0284 275 122 317 172
chair 0.0284 262 159 281 203
chair 0.0283 12 187 34 215
chair 0.0282 157 150 184 202
chair 0.0279 289 290 332 429
chair 0.0278 267 194 310 269
chair 0.0277 241 138 265 173
chair 0.0277 102 307 167 473
chair 0.0274 24 404 64 465
chair 0.0273 0 158 11 250
chair 0.0272 234 129 270 161
chair 0.0272 7 208 57 259
chair 0.0270 264 109 314 202
chair 0.0270 273 156 308 178
chair 0.0270 260 139 277 157
chair 0.0269 75 169 94 200
chair 0.0269 238 176 270 204
chair 0.0269 80 135 100 199
chair 0.0268 318 184 333 231
chair 0.0267 27 155 51 193
chair 0.0267 0 449 130 500
chair 0.0265 258 118 289 186
chair 0.0264 304 155 333 193
chair 0.0264 22 188 35 222
chair 0.0261 12 167 41 210
chair 0.0260 35 187 58 226
chair 0.0260 182 153 209 169
chair 0.0260 19 360 65 471
chair 0.0260 89 143 123 202
chair 0.0259 214 119 268 178
chair 0.0257 65 183 109 238
chair 0.0255 222 192 323 278
chair 0.0254 319 173 333 212
chair 0.0253 261 176 290 206
chair 0.0253 294 199 333 241
chair 0.0252 10 410 33 458
chair 0.0252 195 156 262 201
chair 0.0252 255 131 310 171
chair 0.0251 268 136 302 208
chair 0.0251 74 187 200 479
chair 0.0249 288 98 327 146
chair 0.0248 0 241 14 286
chair 0.0248 49 158 91 201
chair 0.0248 253 130 280 162
chair 0.0248 303 283 332 383
chair 0.0248 316 382 333 466
diningtable 0.7950 3 178 326 461
diningtable 0.3035 7 300 308 489
diningtable 0.2216 20 147 268 314
diningtable 0.1625 0 225 134 483
diningtable 0.1438 0 179 212 397
diningtable 0.1367 109 185 333 396
diningtable 0.1287 144 297 333 479
diningtable 0.1053 18 160 113 296
diningtable 0.1026 0 327 189 483
diningtable 0.0998 202 200 331 478
diningtable 0.0957 35 156 124 235
diningtable 0.0938 78 160 247 261
diningtable 0.0929 0 170 181 306
diningtable 0.0859 0 176 117 364
diningtable 0.0720 118 174 301 295
diningtable 0.0714 58 161 178 245
diningtable 0.0708 124 156 212 233
diningtable 0.0673 22 74 323 270
diningtable 0.0672 1 197 86 295
diningtable 0.0652 39 135 143 265
diningtable 0.0593 46 222 236 466
diningtable 0.0583 57 167 140 226
diningtable 0.0558 199 197 330 318
diningtable 0.0532 96 152 190 217
diningtable 0.0520 2 245 85 427
diningtable 0.0505 73 173 202 330
diningtable 0.0488 0 302 99 496
diningtable 0.0486 131 157 170 197
diningtable 0.0479 154 159 279 245
diningtable 0.0440 29 208 154 314
diningtable 0.0417 66 183 154 241
diningtable 0.0390 78 329 279 464
diningtable 0.0390 35 189 111 253
diningtable 0.0385 125 379 333 500
diningtable 0.0371 72 126 127 225
diningtable 0.0368 35 151 140 399
diningtable 0.0367 118 142 220 205
diningtable 0.0353 34 362 239 474
diningtable 0.0346 0 232 96 335
diningtable 0.0342 51 262 170 457
diningtable 0.0338 114 159 234 439
diningtable 0.0334 94 178 189 262
diningtable 0.0331 151 152 206 266
diningtable 0.0317 88 217 263 356
diningtable 0.0291 57 188 118 235
diningtable 0.0281 155 211 284 308
diningtable 0.0280 153 171 226 238
diningtable 0.0280 251 251 333 500
diningtable 0.0272 173 169 218 208
diningtable 0.0260 93 170 155 216
diningtable 0.0260 111 204 239 307
diningtable 0.0249 156 148 271 441
diningtable 0.0242 201 183 293 258
diningtable 0.0242 98 162 138 200
diningtable 0.0239 0 386 286 500
diningtable 0.0236 128 257 295 420
diningtable 0.0236 125 153 181 264
diningtable 0.0231 7 275 117 383
diningtable 0.0231 113 158 150 201
diningtable 0.0229 78 0 333 471
diningtable 0.0229 38 195 135 282
diningtable 0.0224 62 124 162 342
diningtable 0.0204 69 346 194 451
diningtable 0.0202 169 180 260 235
diningtable 0.0201 139 162 188 209
person 0.6516 78 109 118 182
person 0.3846 0 136 36 186
person 0.2637 0 144 42 264
person 0.2503 93 115 123 177
person 0.2354 8 137 41 170
person 0.2326 43 131 75 162
person 0.2017 24 138 42 165
person 0.1986 18 136 91 231
person 0.1963 0 126 49 209
person 0.1890 69 114 128 206
person 0.1870 21 123 45 164
person 0.1754 0 139 19 187
person 0.1578 216 74 270 196
person 0.1575 72 121 91 170
person 0.1567 73 120 100 194
person 0.1542 83 96 146 183
person 0.1507 56 110 114 167
person 0.1473 78 111 114 150
person 0.1450 9 144 30 186
person 0.1349 4 114 44 170
person 0.1296 25 127 69 164
person 0.1278 115 75 164 162
person 0.1273 151 60 245 170
person 0.1257 73 114 103 161
person 0.1201 43 121 100 176
person 0.1158 103 119 134 173
person 0.1130 29 112 109 197
person 0.1081 4 134 34 159
person 0.1074 31 116 46 161
person 0.1030 0 145 30 208
person 0.0978 135 83 163 167
person 0.0920 155 68 233 132
person 0.0914 208 68 266 148
person 0.0912 8 137 55 184
person 0.0900 35 111 84 167
person 0.0897 18 140 38 178
person 0.0881 124 90 160 189
person 0.0862 32 140 55 163
person 0.0862 95 91 239 189
person 0.0842 135 62 160 123
person 0.0824 18 127 47 196
person 0.0818 59 128 91 175
person 0.0815 95 113 116 148
person 0.0803 49 144 127 252
person 0.0800 0 156 28 186
person 0.0798 106 101 150 167
person 0.0795 154 43 215 118
person 0.0793 0 144 11 184
person 0.0789 99 123 154 196
person 0.0787 67 68 121 179
person 0.0780 218 84 313 217
person 0.0780 71 132 85 169
person 0.0777 130 67 200 167
person 0.0773 79 112 106 137
person 0.0760 99 125 128 192
person 0.0755 137 29 268 192
person 0.0751 89 110 137 165
person 0.0747 133 59 159 84
person 0.0743 0 116 111 259
person 0.0727 213 68 247 93
person 0.0719 107 124 125 170
person 0.0715 207 66 224 94
person 0.0708 4 192 122 490
person 0.0708 31 124 149 222
person 0.0702 65 133 88 203
person 0.0690 25 121 77 182
person 0.0686 28 143 46 171
person 0.0681 10 54 102 219
person 0.0678 34 129 51 160
person 0.0677 137 92 162 121
person 0.0677 162 39 207 79
person 0.0672 123 111 239 226
person 0.0665 108 128 141 187
person 0.0664 183 50 279 184
person 0.0654 3 102 77 205
person 0.0650 117 112 145 180
person 0.0649 74 134 165 213
person 0.0648 83 44 196 172
person 0.0644 15 124 36 152
person 0.0643 159 92 273 222
person 0.0640 142 81 174 160
person 0.0635 15 131 32 165
person 0.0633 103 111 130 153
person 0.0622 0 62 45 182
person 0.0622 42 126 57 163
person 0.0618 56 134 78 164
person 0.0616 121 89 157 143
person 0.0615 226 88 264 142
person 0.0613 139 85 159 141
person 0.0613 97 121 117 166
person 0.0610 180 88 200 120
person 0.0610 13 132 58 228
person 0.0606 262 102 333 244
person 0.0597 208 88 240 178
person 0.0596 170 58 247 117
person 0.0595 179 82 225 123
person 0.0592 38 65 105 185
person 0.0592 53 99 175 191
person 0.0588 210 68 250 119
person 0.0586 84 120 109 189
person 0.0578 90 111 112 137
person 0.0565 305 94 332 153
person 0.0563 49 48 133 202
person 0.0559 158 117 231 178
person 0.0558 150 83 199 124
person 0.0558 39 137 87 199
person 0.0552 142 25 231 149
person 0.0544 132 95 154 161
person 0.0538 197 126 292 213
person 0.0537 84 121 141 261
person 0.0533 107 95 138 148
person 0.0525 130 53 167 146
person 0.0523 26 142 42 183
person 0.0520 117 150 167 213
person 0.0514 112 117 139 161
person 0.0499 122 136 160 195
person 0.0494 209 66 234 86
person 0.0492 54 125 100 221
person 0.0492 142 84 214 150
person 0.0490 20 88 46 159
person 0.0487 108 118 127 146
person 0.0486 191 66 228 113
person 0.0481 89 151 180 257
person 0.0479 20 117 40 148
person 0.0477 22 139 68 177
person 0.0474 212 85 261 126
person 0.0468 209 93 243 137
person 0.0465 9 152 40 190
person 0.0465 137 48 195 127
person 0.0461 87 113 106 160
person 0.0458 184 75 333 265
person 0.0457 170 81 250 151
person 0.0451 100 52 152 181
person 0.0451 86 103 131 141
person 0.0450 10 133 26 167
person 0.0447 128 115 148 172
person 0.0443 106 51 160 134
person 0.0441 0 122 34 154
person 0.0440 0 82 28 238
person 0.0426 42 125 258 239
person 0.0424 114 95 131 132
person 0.0418 114 125 190 209
person 0.0413 157 68 201 114
person 0.0411 101 111 124 134
person 0.0408 153 80 188 156
person 0.0404 29 134 68 204
person 0.0403 0 156 14 201
person 0.0403 57 10 233 182
person 0.0403 220 128 333 362
person 0.0401 8 126 29 151
person 0.0401 159 21 214 88
person 0.0399 155 89 221 203
person 0.0394 122 102 144 159
person 0.0393 65 148 117 204
person 0.0393 3 51 75 173
person 0.0393 143 151 239 253
person 0.0392 82 146 136 198
person 0.0390 132 110 166 204
person 0.0388 69 88 162 160
person 0.0388 1 113 118 385
person 0.0387 94 129 123 223
person 0.0386 204 63 243 103
person 0.0385 164 47 225 93
person 0.0384 209 73 306 159
person 0.0383 143 100 165 163
person 0.0383 36 112 49 156
person 0.0378 212 70 222 87
person 0.0378 179 98 208 122
person 0.0377 311 89 330 131
person 0.0376 87 71 328 300
person 0.0376 111 139 132 190
person 0.0375 54 127 73 160
person 0.0374 189 96 239 132
person 0.0372 140 71 173 122
person 0.0371 116 96 151 128
person 0.0370 17 30 178 200
person 0.0367 158 44 194 96
person 0.0364 0 171 28 196
person 0.0363 168 92 216 129
person 0.0363 111 122 161 170
person 0.0361 126 59 161 101
person 0.0356 189 58 273 128
person 0.0354 169 38 333 196
person 0.0353 116 139 146 208
person 0.0350 116 23 212 196
person 0.0349 200 64 230 90
person 0.0349 0 134 73 292
person 0.0346 41 143 61 169
person 0.0346 112 112 124 140
person 0.0346 138 56 181 93
person 0.0345 33 147 51 170
person 0.0343 113 87 138 126
person 0.0342 104 58 135 147
person 0.0341 14 112 49 154
person 0.0337 3 132 21 170
person 0.0336 131 92 171 133
person 0.0332 172 40 204 105
person 0.0330 48 139 86 172
person 0.0328 118 101 134 139
person 0.0324 24 92 94 170
person 0.0323 171 60 211 135
person 0.0323 106 116 118 141
person 0.0323 216 96 246 120
person 0.0323 220 11 313 185
person 0.0319 142 90 187 133
person 0.0314 0 93 26 172
person 0.0312 158 58 180 89
person 0.0311 307 101 326 139
person 0.0311 145 88 167 143
person 0.0310 178 66 202 121
person 0.0309 27 109 54 159
person 0.0309 218 80 243 128
person 0.0308 207 67 226 118
person 0.0307 104 152 142 196
person 0.0307 219 99 258 155
person 0.0305 241 94 267 159
person 0.0304 191 94 263 169
person 0.0302 110 103 128 128
person 0.0301 125 94 155 119
person 0.0301 136 78 154 119
person 0.0299 112 74 158 121
person 0.0298 123 0 333 142
person 0.0294 26 144 49 211
person 0.0290 128 82 152 132
person 0.0290 135 94 187 181
person 0.0290 127 144 206 196
person 0.0289 148 89 165 124
person 0.0289 90 64 129 167
person 0.0288 223 66 246 107
person 0.0288 230 100 263 128
person 0.0284 71 113 92 149
person 0.0283 125 99 171 159
person 0.0283 248 58 333 181
person 0.0282 20 153 46 180
person 0.0281 116 113 136 146
person 0.0281 227 77 244 114
person 0.0280 83 123 98 173
person 0.0280 235 84 265 126
person 0.0278 46 125 85 156
person 0.0278 33 93 61 158
person 0.0277 118 124 135 166
person 0.0272 221 96 251 132
person 0.0270 164 94 202 172
person 0.0270 118 47 157 85
person 0.0268 127 44 177 109
person 0.0267 125 118 140 160
person 0.0264 220 78 263 113
person 0.0264 115 84 130 120
person 0.0264 211 65 223 82
person 0.0261 0 115 17 174
person 0.0259 63 140 78 171
person 0.0259 183 59 227 95
person 0.0258 154 97 205 138
person 0.0257 109 35 126 91
person 0.0257 247 86 265 141
person 0.0257 38 114 73 151
person 0.0256 70 148 85 185
person 0.0255 108 84 129 133
person 0.0255 227 95 259 118
person 0.0254 196 79 234 159
person 0.0254 136 92 153 135
person 0.0253 251 79 265 115
person 0.0253 124 142 190 270
person 0.0252 190 88 206 122
person 0.0252 7 118 34 142
person 0.0251 113 107 138 133
person 0.0250 138 110 156 168
person 0.0249 149 62 185 116
person 0.0249 91 129 114 197
person 0.0248 42 114 54 152
person 0.0248 26 157 44 191
person 0.0247 104 97 122 142
person 0.0247 113 133 147 168
person 0.0246 124 102 140 142
person 0.0246 103 116 113 135
person 0.0245 15 0 294 341
person 0.0244 67 99 95 160
person 0.0242 178 105 222 133
person 0.0242 211 83 234 130
person 0.0241 14 0 89 142
person 0.0241 311 84 330 112
person 0.0240 203 101 234 126
person 0.0239 172 76 208 109
person 0.0239 189 94 221 117
person 0.0238 122 93 143 121
person 0.0237 74 29 160 146
person 0.0237 155 65 187 96
person 0.0237 200 69 223 102
person 0.0236 185 79 202 115
person 0.0236 64 129 76 158
person 0.0235 143 97 169 122
person 0.0235 4 0 56 146
person 0.0235 228 89 243 124
person 0.0235 101 111 115 129
person 0.0233 154 105 218 161
person 0.0232 180 80 223 160
person 0.0231 126 0 191 137
person 0.0230 152 127 164 160
person 0.0230 97 72 123 150
person 0.0229 182 0 249 139
pottedplant 0.0651 179 1 215 36
pottedplant 0.0640 220 69 247 91
pottedplant 0.0545 238 72 264 93
pottedplant 0.0453 218 67 260 99
pottedplant 0.0448 162 408 187 457
pottedplant 0.0433 167 8 212 70
pottedplant 0.0420 148 408 167 456
pottedplant 0.0417 225 66 250 85
pottedplant 0.0378 231 74 265 104
pottedplant 0.0370 247 76 265 103
pottedplant 0.0366 234 66 259 84
pottedplant 0.0352 244 68 261 87
pottedplant 0.0346 41 58 333 362
pottedplant 0.0346 252 72 264 97
pottedplant 0.0344 106 411 138 456
pottedplant 0.0341 162 412 174 455
pottedplant 0.0326 225 63 264 89
pottedplant 0.0322 138 401 162 456
pottedplant 0.0320 253 66 263 89
pottedplant 0.0320 157 409 170 454
pottedplant 0.0293 172 397 195 457
pottedplant 0.0276 120 410 140 455
pottedplant 0.0262 115 407 167 454
pottedplant 0.0260 248 53 265 96
pottedplant 0.0259 125 408 151 456
pottedplant 0.0259 232 54 270 97
pottedplant 0.0255 235 69 265 130
pottedplant 0.0242 145 389 174 458
pottedplant 0.0238 116 0 261 248
pottedplant 0.0231 249 59 258 84
pottedplant 0.0225 240 81 264 112
pottedplant 0.0220 256 78 269 103
pottedplant 0.0218 160 0 222 50
pottedplant 0.0218 189 0 210 31
pottedplant 0.0214 179 409 208 458
pottedplant 0.0207 132 402 190 457
pottedplant 0.0206 101 394 183 460
pottedplant 0.0205 158 6 236 80
pottedplant 0.0200 232 65 247 95
sofa 0.1632 267 144 330 271
sofa 0.1432 252 126 333 229
sofa 0.1409 9 145 77 225
sofa 0.1197 34 140 104 221
sofa 0.1027 279 107 332 176
sofa 0.0994 299 109 333 161
sofa 0.0952 12 151 122 257
sofa 0.0872 235 96 333 282
sofa 0.0559 0 116 149 244
sofa 0.0533 138 150 332 278
sofa 0.0517 224 111 307 195
sofa 0.0494 274 136 333 185
sofa 0.0492 250 98 332 188
sofa 0.0472 6 125 99 304
sofa 0.0465 184 75 333 223
sofa 0.0423 212 85 283 179
tvmonitor 0.0967 263 39 327 102
tvmonitor 0.0663 303 108 332 151
tvmonitor 0.0582 204 8 333 190
tvmonitor 0.0539 280 96 331 161
tvmonitor 0.0538 280 117 294 151
tvmonitor 0.0467 268 55 333 154
tvmonitor 0.0464 310 102 331 139
tvmonitor 0.0436 21 116 46 146
tvmonitor 0.0429 1 22 45 173
tvmonitor 0.0419 217 0 333 93
tvmonitor 0.0404 269 44 303 103
tvmonitor 0.0378 275 114 304 157
tvmonitor 0.0363 269 12 332 125
tvmonitor 0.0348 138 0 333 130
tvmonitor 0.0330 251 85 331 171
tvmonitor 0.0312 270 73 306 102
tvmonitor 0.0311 260 103 295 153
tvmonitor 0.0308 5 0 110 220
tvmonitor 0.0277 2 37 27 158
tvmonitor 0.0275 16 105 49 155
tvmonitor 0.0267 284 74 330 130
tvmonitor 0.0267 282 117 303 147
tvmonitor 0.0263 275 99 316 149
tvmonitor 0.0260 300 70 332 156
tvmonitor 0.0252 271 68 284 103
tvmonitor 0.0243 259 5 333 76
tvmonitor 0.0239 269 57 289 104
tvmonitor 0.0238 6 64 44 149
tvmonitor 0.0235 7 0 333 259
tvmonitor 0.0231 291 38 332 104
tvmonitor 0.0225 216 68 304 151
tvmonitor 0.0222 266 71 309 124
tvmonitor 0.0219 243 27 324 87
tvmonitor 0.0217 271 119 288 152
tvmonitor 0.0217 309 47 332 115
tvmonitor 0.0206 269 79 290 101
tvmonitor 0.0204 205 26 324 120
tvmonitor 0.0203 0 29 17 146
