bicycle 0.0718 142 111 500 333
bicycle 0.0311 161 205 430 331
bottle 0.0796 462 100 500 150
bottle 0.0568 479 101 499 139
bottle 0.0566 373 101 500 163
bottle 0.0485 4 58 143 249
bottle 0.0453 422 91 500 178
bottle 0.0439 12 85 120 196
bottle 0.0389 172 136 245 267
bottle 0.0387 440 99 495 156
bottle 0.0387 401 111 496 147
bottle 0.0340 450 107 486 146
bottle 0.0339 469 103 497 130
bottle 0.0334 56 102 113 173
bottle 0.0332 105 134 163 199
bottle 0.0324 176 45 275 122
bottle 0.0322 76 116 112 166
bottle 0.0291 5 94 68 172
bottle 0.0285 0 127 20 179
bottle 0.0272 40 95 156 186
bottle 0.0259 350 193 447 330
bottle 0.0256 178 136 265 172
bottle 0.0255 197 59 280 97
bottle 0.0251 372 120 476 178
bottle 0.0244 195 123 286 157
bottle 0.0241 192 109 307 189
bottle 0.0240 269 158 299 214
bottle 0.0235 236 99 310 213
bottle 0.0226 209 134 300 168
bottle 0.0222 169 61 312 154
bottle 0.0222 207 57 241 106
bottle 0.0220 177 131 293 213
bottle 0.0216 446 98 500 130
bottle 0.0210 372 115 466 146
bottle 0.0210 309 188 403 330
bottle 0.0209 188 45 255 91
bottle 0.0207 173 141 243 187
bottle 0.0207 11 51 229 179
bottle 0.0205 237 61 260 90
bottle 0.0205 469 110 495 146
bottle 0.0205 4 92 107 145
bottle 0.0203 421 105 479 158
bottle 0.0202 210 134 266 153
bottle 0.0201 279 152 305 211
bottle 0.0201 217 64 239 97
bottle 0.0200 457 104 489 131
car 0.0216 2 3 161 106
chair 0.0638 139 123 471 324
chair 0.0318 214 146 364 332
chair 0.0278 211 186 500 331
chair 0.0255 198 269 385 329
chair 0.0239 308 146 480 312
chair 0.0237 319 216 488 330
chair 0.0226 158 158 259 289
diningtable 0.0211 39 106 488 333
person 0.7465 166 43 483 332
person 0.2326 154 54 333 319
person 0.1800 148 116 269 329
person 0.1505 343 92 495 331
person 0.1414 10 81 152 329
person 0.1344 35 47 256 329
person 0.1265 189 113 389 329
person 0.1235 174 51 372 219
person 0.1122 277 75 495 223
person 0.1107 172 51 310 172
person 0.1101 433 223 495 331
person 0.1026 346 89 499 199
person 0.0871 254 99 449 329
person 0.0865 169 47 479 165
person 0.0649 94 116 186 326
person 0.0603 3 93 88 329
person 0.0599 391 101 499 178
person 0.0594 162 55 268 256
person 0.0550 395 148 493 333
person 0.0501 62 109 113 190
person 0.0496 457 252 498 333
person 0.0494 0 0 389 318
person 0.0492 217 72 433 188
person 0.0489 125 83 232 295
person 0.0485 39 39 255 195
person 0.0472 22 93 118 214
person 0.0458 457 97 498 156
person 0.0452 390 229 483 330
person 0.0441 88 29 449 224
person 0.0430 306 36 500 177
person 0.0414 43 88 155 246
person 0.0401 3 31 148 218
person 0.0388 89 82 196 242
person 0.0386 168 141 184 181
person 0.0384 183 92 467 242
person 0.0378 102 131 164 198
person 0.0372 172 136 247 252
person 0.0368 446 93 500 188
person 0.0360 138 152 223 330
person 0.0359 70 103 144 212
person 0.0355 166 45 241 158
person 0.0354 17 80 177 193
person 0.0351 79 118 115 165
person 0.0346 250 82 397 245
person 0.0345 76 121 151 294
person 0.0335 30 109 119 295
person 0.0333 197 57 283 124
person 0.0331 371 115 486 272
person 0.0324 5 98 80 220
person 0.0317 160 94 261 196
person 0.0312 241 5 500 254
person 0.0302 187 56 373 138
person 0.0298 95 124 118 159
person 0.0296 137 111 213 257
person 0.0296 3 112 37 186
person 0.0295 291 194 492 332
person 0.0294 267 99 474 174
person 0.0290 173 121 285 225
person 0.0286 139 52 228 181
person 0.0280 201 76 315 211
person 0.0279 402 34 500 159
person 0.0276 213 83 355 173
person 0.0273 265 109 396 193
person 0.0272 94 112 190 196
person 0.0271 0 99 47 333
person 0.0269 165 140 188 198
person 0.0269 109 81 245 206
person 0.0257 11 105 55 172
person 0.0253 347 15 498 136
person 0.0249 170 138 249 193
person 0.0249 405 0 499 111
person 0.0248 213 177 310 329
person 0.0248 339 118 487 179
person 0.0247 459 304 499 333
person 0.0241 217 38 482 119
person 0.0239 433 276 493 331
person 0.0237 185 193 276 333
person 0.0234 24 110 45 142
person 0.0232 113 136 176 247
person 0.0231 306 82 416 191
person 0.0228 91 123 140 188
person 0.0226 3 132 35 214
person 0.0223 467 277 500 333
person 0.0221 464 232 497 313
person 0.0220 166 158 227 294
person 0.0217 343 113 458 228
person 0.0212 226 61 284 107
person 0.0211 207 71 302 149
person 0.0210 434 0 495 74
person 0.0208 77 124 117 199
person 0.0207 245 95 346 211
person 0.0207 43 90 116 175
person 0.0206 443 122 500 333
person 0.0205 349 216 450 333
person 0.0202 265 63 379 173
tvmonitor 0.0324 0 44 166 198
tvmonitor 0.0223 115 143 161 194
tvmonitor 0.0220 0 83 140 168
