boat 0.0327 178 189 192 230
boat 0.0320 183 188 198 232
boat 0.0291 7 0 500 368
boat 0.0271 192 164 263 310
boat 0.0268 123 181 175 224
boat 0.0255 122 166 191 267
boat 0.0254 173 181 197 244
boat 0.0221 172 197 183 225
boat 0.0220 155 172 199 263
boat 0.0208 180 194 199 252
boat 0.0207 169 189 187 231
boat 0.0201 145 189 171 225
bottle 0.4068 381 348 415 375
bottle 0.3692 221 241 255 316
bottle 0.2339 253 229 320 372
bottle 0.1590 289 305 317 375
bottle 0.1544 328 255 412 374
bottle 0.1443 377 295 421 375
bottle 0.1319 373 341 426 375
bottle 0.1120 214 238 264 347
bottle 0.1105 225 269 259 330
bottle 0.1095 279 267 325 375
bottle 0.1091 265 274 308 371
bottle 0.0964 228 266 303 372
bottle 0.0963 260 230 295 301
bottle 0.0934 329 275 372 372
bottle 0.0905 253 275 292 338
bottle 0.0870 299 297 335 373
bottle 0.0834 230 242 270 313
bottle 0.0829 317 283 356 372
bottle 0.0775 253 254 270 300
bottle 0.0752 398 347 422 375
bottle 0.0746 297 315 315 363
bottle 0.0739 227 234 287 343
bottle 0.0726 256 247 287 313
bottle 0.0711 374 339 481 374
bottle 0.0704 387 354 432 375
bottle 0.0696 360 354 409 374
bottle 0.0691 310 282 338 356
bottle 0.0691 309 350 341 375
bottle 0.0680 201 208 260 315
bottle 0.0680 250 302 299 375
bottle 0.0679 297 340 318 375
bottle 0.0678 281 289 309 364
bottle 0.0658 336 344 364 375
bottle 0.0653 211 240 242 306
bottle 0.0646 373 269 444 375
bottle 0.0644 231 273 255 315
bottle 0.0635 292 310 310 361
bottle 0.0629 163 236 244 355
bottle 0.0613 121 239 216 353
bottle 0.0604 220 278 273 374
bottle 0.0599 252 238 276 306
bottle 0.0597 287 257 351 375
bottle 0.0582 194 252 282 371
bottle 0.0576 406 339 427 375
bottle 0.0566 222 274 243 314
bottle 0.0563 196 240 232 313
bottle 0.0557 305 321 342 375
bottle 0.0554 251 278 271 312
bottle 0.0550 345 330 425 375
bottle 0.0550 401 306 494 375
bottle 0.0544 235 275 275 346
bottle 0.0533 285 309 301 356
bottle 0.0533 357 347 383 375
bottle 0.0512 336 316 370 374
bottle 0.0505 258 256 279 298
bottle 0.0503 331 336 398 375
bottle 0.0501 148 236 172 263
bottle 0.0498 215 263 247 341
bottle 0.0488 228 242 248 295
bottle 0.0487 240 292 333 375
bottle 0.0480 330 346 354 375
bottle 0.0480 300 310 326 363
bottle 0.0476 180 309 304 375
bottle 0.0475 303 347 362 375
bottle 0.0468 293 355 321 375
bottle 0.0467 244 274 260 309
bottle 0.0466 265 257 290 296
bottle 0.0458 396 325 431 375
bottle 0.0455 348 345 374 375
bottle 0.0455 304 350 327 375
bottle 0.0452 333 305 434 375
bottle 0.0448 300 275 385 375
bottle 0.0437 202 231 215 270
bottle 0.0432 205 240 226 301
bottle 0.0431 392 344 450 375
bottle 0.0429 214 247 229 292
bottle 0.0423 258 228 281 286
bottle 0.0421 221 243 241 289
bottle 0.0418 264 253 302 326
bottle 0.0414 272 263 313 339
bottle 0.0414 242 251 263 306
bottle 0.0411 251 289 274 326
bottle 0.0408 249 261 278 324
bottle 0.0406 235 242 254 289
bottle 0.0396 363 273 410 371
bottle 0.0396 351 352 439 375
bottle 0.0395 283 327 302 374
bottle 0.0395 294 292 319 357
bottle 0.0392 183 232 199 267
bottle 0.0392 206 233 221 278
bottle 0.0390 266 228 292 277
bottle 0.0386 279 326 333 375
bottle 0.0385 463 340 500 375
bottle 0.0384 255 240 271 285
bottle 0.0379 186 299 231 370
bottle 0.0376 206 268 254 367
bottle 0.0357 406 311 455 375
bottle 0.0349 273 308 302 375
bottle 0.0347 289 66 310 120
bottle 0.0346 251 187 296 299
bottle 0.0345 338 352 386 374
bottle 0.0344 338 209 358 244
bottle 0.0343 252 279 288 315
bottle 0.0341 231 209 280 307
bottle 0.0340 314 307 335 352
bottle 0.0340 272 358 316 375
bottle 0.0338 213 317 283 374
bottle 0.0337 128 180 211 318
bottle 0.0334 172 181 244 320
bottle 0.0330 153 315 257 375
bottle 0.0330 276 331 296 373
bottle 0.0328 179 236 212 314
bottle 0.0324 314 330 336 371
bottle 0.0323 190 247 240 337
bottle 0.0321 123 182 174 249
bottle 0.0318 399 356 472 375
bottle 0.0318 223 286 254 317
bottle 0.0318 166 231 184 264
bottle 0.0316 276 303 367 375
bottle 0.0315 319 207 344 241
bottle 0.0315 175 233 193 266
bottle 0.0315 157 230 177 262
bottle 0.0314 374 318 409 375
bottle 0.0310 260 226 277 263
bottle 0.0309 274 230 294 267
bottle 0.0309 405 354 440 375
bottle 0.0306 297 326 374 375
bottle 0.0306 234 253 256 305
bottle 0.0305 267 288 298 338
bottle 0.0303 285 349 335 375
bottle 0.0302 254 277 282 303
bottle 0.0300 0 296 39 372
bottle 0.0300 386 315 415 373
bottle 0.0299 368 342 387 372
bottle 0.0292 279 307 296 344
bottle 0.0292 350 324 385 375
bottle 0.0290 248 360 305 374
bottle 0.0288 204 310 250 375
bottle 0.0287 199 145 271 299
bottle 0.0286 275 298 298 352
bottle 0.0285 256 293 284 333
bottle 0.0283 242 290 261 322
bottle 0.0282 255 229 272 268
bottle 0.0277 287 279 315 340
bottle 0.0277 193 232 206 268
bottle 0.0272 113 305 224 370
bottle 0.0271 216 230 264 294
bottle 0.0270 459 302 499 375
bottle 0.0270 111 191 129 236
bottle 0.0269 317 309 342 367
bottle 0.0264 413 342 499 374
bottle 0.0262 272 241 295 292
bottle 0.0262 345 198 389 261
bottle 0.0260 246 243 261 282
bottle 0.0253 94 221 114 255
bottle 0.0251 165 191 197 263
bottle 0.0250 238 225 268 293
bottle 0.0248 229 323 312 371
bottle 0.0248 137 171 184 240
bottle 0.0247 214 285 230 318
bottle 0.0246 144 230 185 265
bottle 0.0246 151 224 171 257
bottle 0.0246 282 299 303 337
bottle 0.0245 238 231 253 270
bottle 0.0245 282 354 305 375
bottle 0.0243 199 230 218 293
bottle 0.0243 258 266 295 304
bottle 0.0242 229 323 262 375
bottle 0.0238 380 340 397 367
bottle 0.0237 140 192 186 260
bottle 0.0230 221 241 253 279
bottle 0.0230 280 315 297 361
bottle 0.0228 103 298 162 366
bottle 0.0226 219 243 244 268
bottle 0.0226 433 322 491 375
bottle 0.0226 269 349 301 373
bottle 0.0224 176 229 204 290
bottle 0.0221 160 240 199 312
bottle 0.0220 262 201 293 267
bottle 0.0216 164 213 187 263
bottle 0.0216 267 182 290 245
bottle 0.0216 328 321 356 374
bottle 0.0216 164 216 199 284
bottle 0.0216 363 335 381 370
bottle 0.0215 239 343 264 375
bottle 0.0213 231 239 248 271
bottle 0.0213 85 197 122 258
bottle 0.0213 298 290 317 329
bottle 0.0212 112 193 156 261
bottle 0.0211 245 346 296 374
bottle 0.0208 307 297 328 346
bottle 0.0208 171 126 251 275
bottle 0.0208 157 244 177 270
bottle 0.0206 342 270 381 356
bottle 0.0205 155 304 209 368
bottle 0.0205 268 226 288 258
bottle 0.0205 136 303 190 366
bottle 0.0204 213 255 233 314
bottle 0.0203 189 231 208 281
bottle 0.0202 249 285 308 324
bottle 0.0202 340 255 385 275
bottle 0.0201 321 184 356 244
bottle 0.0201 478 329 500 375
bottle 0.0201 248 347 272 375
bottle 0.0200 228 334 250 374
bottle 0.0200 245 232 260 267
chair 0.1713 330 259 419 372
chair 0.1520 283 173 330 230
chair 0.1365 268 174 339 309
chair 0.1104 0 245 208 375
chair 0.1004 2 293 173 371
chair 0.0932 265 170 337 247
chair 0.0708 320 244 413 330
chair 0.0679 69 268 240 371
chair 0.0647 363 259 420 340
chair 0.0644 375 264 414 321
chair 0.0639 271 176 298 240
chair 0.0633 315 207 460 363
chair 0.0616 286 184 346 244
chair 0.0599 264 176 288 242
chair 0.0582 344 268 475 373
chair 0.0575 297 172 341 219
chair 0.0572 2 310 78 374
chair 0.0549 289 184 365 294
chair 0.0537 96 233 180 360
chair 0.0525 252 173 297 261
chair 0.0511 319 171 349 219
chair 0.0509 279 178 308 228
chair 0.0508 314 186 355 248
chair 0.0486 322 173 341 209
chair 0.0463 278 171 335 206
chair 0.0459 250 175 311 318
chair 0.0458 53 199 153 369
chair 0.0426 274 181 291 230
chair 0.0415 86 305 213 375
chair 0.0413 278 150 350 236
chair 0.0408 309 199 384 304
chair 0.0363 244 153 318 252
chair 0.0362 359 268 405 325
chair 0.0357 271 210 349 250
chair 0.0354 4 236 104 375
chair 0.0354 0 164 140 375
chair 0.0351 251 174 282 239
chair 0.0350 349 257 415 310
chair 0.0347 328 186 370 249
chair 0.0342 0 326 148 375
chair 0.0340 0 303 43 375
chair 0.0339 305 165 360 208
chair 0.0334 265 132 373 293
chair 0.0328 116 248 176 330
chair 0.0323 377 264 431 369
chair 0.0319 410 272 496 375
chair 0.0314 324 208 373 271
chair 0.0312 312 169 339 208
chair 0.0311 125 225 225 327
chair 0.0306 329 228 488 311
chair 0.0305 287 179 316 216
chair 0.0296 333 170 360 210
chair 0.0295 84 274 161 375
chair 0.0293 301 174 330 209
chair 0.0287 107 189 134 253
chair 0.0283 313 171 382 270
chair 0.0282 267 183 313 263
chair 0.0282 329 162 369 222
chair 0.0281 235 165 288 275
chair 0.0271 353 261 389 315
chair 0.0268 0 259 53 374
chair 0.0260 300 208 368 250
chair 0.0260 338 195 416 322
chair 0.0258 31 330 229 375
chair 0.0258 281 176 303 210
chair 0.0250 0 341 80 374
chair 0.0250 261 167 348 213
chair 0.0248 261 180 279 230
chair 0.0248 108 262 156 331
chair 0.0247 136 255 186 319
chair 0.0243 95 338 211 373
chair 0.0242 336 201 393 280
chair 0.0242 97 183 169 301
chair 0.0235 296 133 369 231
chair 0.0234 307 201 344 247
chair 0.0232 272 177 286 218
chair 0.0230 277 198 382 260
chair 0.0228 266 171 316 219
chair 0.0228 326 174 353 206
chair 0.0228 83 253 163 336
chair 0.0227 280 174 327 195
chair 0.0226 269 203 413 287
chair 0.0220 319 139 359 203
chair 0.0220 204 146 338 265
chair 0.0216 106 217 160 322
chair 0.0213 85 184 143 270
chair 0.0210 97 183 130 240
chair 0.0207 110 290 182 371
chair 0.0204 228 124 284 247
chair 0.0204 296 148 341 206
chair 0.0203 289 158 500 327
chair 0.0202 118 206 179 295
diningtable 0.3342 94 241 461 369
diningtable 0.2303 73 297 351 375
diningtable 0.1218 61 147 487 372
diningtable 0.1102 317 253 442 372
diningtable 0.0966 230 268 479 375
diningtable 0.0955 97 314 266 375
diningtable 0.0952 200 241 342 371
diningtable 0.0938 276 157 453 375
diningtable 0.0914 170 171 397 358
diningtable 0.0853 12 177 263 375
diningtable 0.0827 117 277 275 365
diningtable 0.0782 254 205 363 375
diningtable 0.0763 204 299 388 373
diningtable 0.0650 82 231 289 375
diningtable 0.0572 140 247 258 349
diningtable 0.0509 159 296 291 375
diningtable 0.0489 282 220 480 335
diningtable 0.0483 348 281 478 375
diningtable 0.0432 0 281 213 375
diningtable 0.0372 155 258 321 341
diningtable 0.0371 189 244 250 316
diningtable 0.0355 205 200 371 305
diningtable 0.0345 181 263 276 356
diningtable 0.0338 137 233 269 310
diningtable 0.0335 307 333 436 375
diningtable 0.0331 179 185 315 322
diningtable 0.0329 204 316 323 375
diningtable 0.0315 253 195 363 259
diningtable 0.0309 290 308 420 375
diningtable 0.0296 280 242 389 375
diningtable 0.0280 102 160 303 343
diningtable 0.0255 120 336 240 373
diningtable 0.0248 286 351 421 375
diningtable 0.0242 171 274 261 320
diningtable 0.0240 239 192 328 297
diningtable 0.0240 167 226 236 325
diningtable 0.0238 19 324 226 375
diningtable 0.0238 277 182 379 248
diningtable 0.0234 229 331 377 375
diningtable 0.0223 135 253 217 319
diningtable 0.0218 241 176 347 245
diningtable 0.0217 216 216 307 305
diningtable 0.0204 195 282 270 315
diningtable 0.0202 171 290 249 365
diningtable 0.0202 215 160 322 252
person 0.8849 5 106 167 375
person 0.8351 337 60 495 355
person 0.1290 252 128 474 366
person 0.1263 210 83 367 351
person 0.1245 310 179 451 375
person 0.1104 105 148 318 366
person 0.1038 22 88 384 374
person 0.0961 125 47 500 375
person 0.0921 68 125 184 330
person 0.0818 327 256 480 375
person 0.0738 314 70 438 250
person 0.0702 32 199 238 374
person 0.0609 83 206 192 370
person 0.0592 24 109 208 282
person 0.0587 389 149 495 375
person 0.0586 258 74 415 302
person 0.0578 340 207 422 361
person 0.0546 358 69 436 188
person 0.0528 413 244 495 374
person 0.0519 0 115 132 200
person 0.0495 394 62 498 233
person 0.0476 2 111 96 273
person 0.0447 459 90 500 174
person 0.0444 113 193 227 354
person 0.0439 427 74 498 196
person 0.0436 249 142 353 297
person 0.0422 300 140 413 323
person 0.0419 6 113 87 175
person 0.0418 346 69 499 162
person 0.0382 289 65 500 210
person 0.0374 0 12 255 352
person 0.0367 2 128 38 210
person 0.0364 246 69 362 252
person 0.0362 103 115 223 293
person 0.0361 354 87 413 228
person 0.0359 50 119 123 247
person 0.0354 2 151 20 192
person 0.0336 0 114 61 244
person 0.0335 41 111 169 215
person 0.0333 286 64 373 203
person 0.0312 0 146 23 214
person 0.0311 360 66 440 129
person 0.0311 86 209 155 336
person 0.0305 439 82 491 160
person 0.0300 124 86 267 324
person 0.0287 261 126 344 246
person 0.0286 16 115 105 153
person 0.0285 361 72 406 149
person 0.0278 170 54 297 301
person 0.0274 319 130 401 265
person 0.0271 2 112 45 182
person 0.0268 67 142 134 267
person 0.0268 361 104 402 187
person 0.0265 474 111 500 166
person 0.0265 0 123 73 359
person 0.0257 90 152 189 276
person 0.0252 85 104 185 231
person 0.0243 1 154 37 244
person 0.0240 313 62 423 162
person 0.0237 9 126 62 202
person 0.0235 71 175 143 304
person 0.0232 188 128 277 318
person 0.0230 122 214 200 321
person 0.0224 350 91 391 202
person 0.0223 217 39 404 233
person 0.0221 461 65 498 146
person 0.0221 44 113 95 176
person 0.0220 40 118 101 214
person 0.0220 408 71 489 145
person 0.0217 435 109 496 173
person 0.0215 348 143 416 273
person 0.0215 203 234 214 260
person 0.0215 78 182 127 253
person 0.0214 452 89 500 251
person 0.0213 206 91 323 274
person 0.0211 322 101 382 216
person 0.0211 389 71 437 141
person 0.0208 368 87 418 171
person 0.0207 193 0 349 275
person 0.0207 393 69 460 124
person 0.0206 94 190 136 261
person 0.0203 22 0 175 270
person 0.0203 113 203 155 269
pottedplant 0.3240 257 203 343 360
pottedplant 0.1826 318 233 405 367
pottedplant 0.1580 253 230 312 352
pottedplant 0.1534 252 224 416 374
pottedplant 0.1125 291 210 366 321
pottedplant 0.1076 262 219 340 305
pottedplant 0.0815 327 257 410 332
pottedplant 0.0782 249 180 353 285
pottedplant 0.0748 219 254 325 369
pottedplant 0.0729 214 184 360 348
pottedplant 0.0723 327 264 375 346
pottedplant 0.0652 313 240 366 338
pottedplant 0.0637 228 196 331 311
pottedplant 0.0583 316 208 349 262
pottedplant 0.0565 318 246 393 315
pottedplant 0.0551 331 266 368 317
pottedplant 0.0547 258 241 314 307
pottedplant 0.0510 289 238 345 351
pottedplant 0.0490 174 211 321 350
pottedplant 0.0463 274 236 401 306
pottedplant 0.0457 195 218 282 329
pottedplant 0.0448 276 240 325 328
pottedplant 0.0443 312 210 356 290
pottedplant 0.0438 296 211 343 297
pottedplant 0.0428 294 242 329 301
pottedplant 0.0418 317 269 359 354
pottedplant 0.0401 338 267 392 356
pottedplant 0.0384 251 256 301 320
pottedplant 0.0376 317 211 380 302
pottedplant 0.0354 273 258 364 372
pottedplant 0.0347 264 257 299 296
pottedplant 0.0345 248 240 359 324
pottedplant 0.0331 271 255 324 300
pottedplant 0.0315 269 227 303 301
pottedplant 0.0315 341 269 382 323
pottedplant 0.0312 251 233 297 296
pottedplant 0.0289 273 209 337 271
pottedplant 0.0267 269 278 327 340
pottedplant 0.0254 273 207 385 278
pottedplant 0.0253 290 255 315 301
pottedplant 0.0241 325 210 351 247
pottedplant 0.0239 295 254 348 311
pottedplant 0.0227 188 251 225 321
pottedplant 0.0214 282 268 406 350
pottedplant 0.0202 331 209 363 260
pottedplant 0.0200 297 265 319 299
pottedplant 0.0200 279 260 302 297
pottedplant 0.0200 282 213 358 257
train 0.0222 14 0 351 375
