aeroplane 0.0252 144 21 445 340
aeroplane 0.0211 0 107 138 260
bicycle 0.8204 182 169 481 371
bicycle 0.7755 30 149 78 203
bicycle 0.6285 69 166 174 269
bicycle 0.3023 0 130 433 374
bicycle 0.2283 34 128 68 191
bicycle 0.1965 342 182 492 373
bicycle 0.1651 100 139 169 258
bicycle 0.1358 170 180 339 370
bicycle 0.1169 49 172 252 276
bicycle 0.1123 121 169 171 253
bicycle 0.1037 400 215 500 373
bicycle 0.1022 0 152 144 258
bicycle 0.0991 257 107 445 358
bicycle 0.0968 219 172 377 312
bicycle 0.0943 34 152 65 180
bicycle 0.0920 40 152 74 189
bicycle 0.0742 246 185 467 292
bicycle 0.0719 83 171 180 233
bicycle 0.0638 303 165 419 293
bicycle 0.0630 0 135 58 212
bicycle 0.0603 23 147 103 234
bicycle 0.0587 378 173 473 325
bicycle 0.0582 92 171 144 254
bicycle 0.0535 168 171 314 289
bicycle 0.0530 177 242 291 375
bicycle 0.0526 242 178 408 260
bicycle 0.0522 46 156 201 329
bicycle 0.0500 35 153 152 222
bicycle 0.0494 107 175 301 336
bicycle 0.0489 112 124 179 223
bicycle 0.0481 218 167 330 257
bicycle 0.0459 31 155 55 194
bicycle 0.0452 112 173 184 213
bicycle 0.0450 235 175 317 303
bicycle 0.0389 261 241 500 373
bicycle 0.0380 60 193 147 265
bicycle 0.0378 28 152 46 186
bicycle 0.0368 131 164 170 221
bicycle 0.0346 20 145 67 184
bicycle 0.0340 0 172 125 337
bicycle 0.0331 415 292 500 375
bicycle 0.0326 27 164 83 219
bicycle 0.0325 127 182 269 270
bicycle 0.0320 330 105 498 315
bicycle 0.0320 457 348 499 375
bicycle 0.0309 455 302 500 375
bicycle 0.0303 57 157 82 193
bicycle 0.0303 234 176 310 217
bicycle 0.0285 235 174 286 243
bicycle 0.0283 0 140 292 290
bicycle 0.0272 0 145 80 246
bicycle 0.0271 81 224 284 375
bicycle 0.0268 50 164 76 200
bicycle 0.0260 40 155 100 206
bicycle 0.0259 77 201 133 253
bicycle 0.0245 48 173 141 245
bicycle 0.0240 41 107 190 256
bicycle 0.0240 87 183 136 230
bicycle 0.0236 283 164 443 235
bicycle 0.0228 19 131 92 200
bicycle 0.0221 165 200 265 352
bicycle 0.0220 322 305 500 372
bicycle 0.0214 437 336 500 375
bicycle 0.0209 78 156 124 209
bicycle 0.0208 353 181 500 274
bicycle 0.0204 184 297 469 375
bicycle 0.0204 68 160 170 212
bicycle 0.0203 328 184 443 321
boat 0.0218 471 120 500 161
bottle 0.0325 398 199 426 276
bottle 0.0281 402 291 420 333
bottle 0.0229 403 277 427 335
bottle 0.0228 280 34 325 94
bottle 0.0222 388 299 402 332
bottle 0.0214 396 306 408 335
car 0.0296 353 0 435 98
car 0.0266 380 0 469 91
car 0.0240 456 353 500 374
car 0.0221 477 121 500 161
car 0.0217 423 347 500 375
chair 0.0617 392 196 470 329
chair 0.0318 392 197 440 299
chair 0.0240 407 136 494 299
chair 0.0240 401 204 454 280
chair 0.0228 398 200 429 276
chair 0.0214 54 155 225 375
chair 0.0209 433 248 500 375
person 0.7998 274 26 426 356
person 0.7930 29 110 72 193
person 0.7918 102 95 177 254
person 0.4595 214 142 464 367
person 0.1762 304 147 421 362
person 0.1243 30 136 59 187
person 0.1239 309 47 500 369
person 0.0903 42 129 79 193
person 0.0897 0 28 500 358
person 0.0760 0 0 191 369
person 0.0715 125 119 171 224
person 0.0610 94 138 142 246
person 0.0598 29 113 66 154
person 0.0564 489 117 500 162
person 0.0537 30 128 47 153
person 0.0530 41 94 165 272
person 0.0466 28 122 51 167
person 0.0449 0 120 58 200
person 0.0441 334 176 403 345
person 0.0439 14 63 68 179
person 0.0433 329 206 348 244
person 0.0428 30 135 46 165
person 0.0425 435 154 449 180
person 0.0414 489 144 500 181
person 0.0414 111 92 179 169
person 0.0412 309 70 407 298
person 0.0410 314 185 350 242
person 0.0402 300 344 372 375
person 0.0399 279 37 329 105
person 0.0395 32 102 109 215
person 0.0381 483 114 498 149
person 0.0380 371 111 474 327
person 0.0376 278 38 432 180
person 0.0351 323 198 477 375
person 0.0343 481 121 500 167
person 0.0340 29 149 47 179
person 0.0336 76 83 221 273
person 0.0326 144 126 318 345
person 0.0325 382 122 419 216
person 0.0309 148 124 178 211
person 0.0298 128 157 165 220
person 0.0297 484 151 498 182
person 0.0293 0 74 42 183
person 0.0290 261 35 376 232
person 0.0281 243 135 353 296
person 0.0280 100 164 135 228
person 0.0277 284 186 351 318
person 0.0276 375 90 427 247
person 0.0273 142 91 182 158
person 0.0261 265 37 344 170
person 0.0257 126 92 161 112
person 0.0256 358 117 418 280
person 0.0255 81 149 129 237
person 0.0249 438 155 449 169
person 0.0244 96 101 146 217
person 0.0240 54 149 77 185
person 0.0235 52 120 77 177
person 0.0234 474 120 497 155
person 0.0232 381 95 423 173
person 0.0225 142 153 175 219
person 0.0224 490 101 500 146
person 0.0219 371 54 429 191
person 0.0218 35 61 101 184
person 0.0213 60 121 77 158
person 0.0210 297 187 349 266
person 0.0209 474 135 494 159
person 0.0208 0 98 114 281
person 0.0203 0 111 79 171
person 0.0202 127 179 146 214
person 0.0201 365 122 411 201
person 0.0200 12 115 87 231
pottedplant 0.0333 409 237 500 375
pottedplant 0.0291 456 292 500 375
pottedplant 0.0222 132 183 170 259
