aeroplane 0.0277 405 282 457 318
aeroplane 0.0250 403 299 473 323
aeroplane 0.0227 402 304 416 312
aeroplane 0.0219 393 293 450 323
bicycle 0.0607 3 311 38 370
bicycle 0.0294 2 338 22 371
bicycle 0.0285 7 338 30 369
bicycle 0.0284 458 318 497 375
bicycle 0.0271 476 332 500 375
bicycle 0.0258 421 320 495 375
bicycle 0.0212 0 324 27 374
bird 0.0726 226 279 248 313
bird 0.0666 237 146 268 209
bird 0.0519 247 279 264 313
bird 0.0518 271 141 284 175
bird 0.0503 222 278 256 323
bird 0.0390 237 169 257 209
bird 0.0387 248 141 271 193
bird 0.0337 246 147 263 190
bird 0.0333 233 277 266 325
bird 0.0326 233 123 280 213
bird 0.0315 255 136 269 179
bird 0.0311 264 143 277 179
bird 0.0310 229 279 259 306
bird 0.0290 121 314 135 338
bird 0.0288 274 131 285 161
bird 0.0263 253 129 267 161
bird 0.0263 198 137 216 188
bird 0.0257 227 143 257 210
bird 0.0253 277 114 292 148
bird 0.0252 116 313 130 337
bird 0.0247 257 142 280 187
bird 0.0246 237 138 257 193
bird 0.0245 274 123 287 153
bird 0.0235 270 121 289 169
bird 0.0233 245 124 265 182
bird 0.0231 252 122 290 200
bird 0.0230 116 315 132 328
bird 0.0219 249 125 262 153
bird 0.0217 270 139 293 181
bird 0.0207 223 286 241 319
boat 0.0366 7 0 500 343
boat 0.0236 0 225 56 371
bus 0.0327 0 0 500 336
car 0.6978 407 309 449 324
car 0.1805 410 304 445 320
car 0.0573 401 301 453 323
car 0.0540 404 304 428 321
car 0.0503 0 0 443 240
car 0.0503 421 312 457 324
car 0.0502 406 302 422 316
car 0.0502 408 306 477 328
car 0.0424 420 308 454 320
car 0.0394 411 295 441 310
car 0.0373 415 299 437 315
car 0.0289 430 304 448 322
car 0.0285 422 300 444 316
car 0.0272 411 300 428 312
car 0.0242 398 292 450 317
car 0.0226 406 315 448 328
car 0.0202 398 297 432 320
car 0.0202 1 307 19 350
cow 0.0206 461 333 500 375
person 0.0735 402 305 411 318
person 0.0634 405 303 415 319
person 0.0615 0 3 500 352
person 0.0605 469 84 492 121
person 0.0601 407 306 415 316
person 0.0598 13 0 161 337
person 0.0490 455 81 474 122
person 0.0488 13 316 41 367
person 0.0455 419 84 432 116
person 0.0451 200 136 214 185
person 0.0444 425 85 440 115
person 0.0390 462 82 485 120
person 0.0374 412 304 424 316
person 0.0370 451 79 467 119
person 0.0363 404 303 414 311
person 0.0352 455 69 491 123
person 0.0348 10 323 30 366
person 0.0331 0 313 24 372
person 0.0328 417 304 433 318
person 0.0324 408 301 420 311
person 0.0320 431 86 447 119
person 0.0285 426 305 441 320
person 0.0277 415 81 427 116
person 0.0271 397 305 409 315
person 0.0261 23 324 45 364
person 0.0250 436 303 447 319
person 0.0243 395 306 403 318
person 0.0241 20 307 37 352
person 0.0234 450 47 478 124
person 0.0232 71 5 170 132
person 0.0232 402 305 409 314
person 0.0230 31 26 121 177
person 0.0226 208 135 245 210
person 0.0224 371 98 386 133
person 0.0218 400 296 420 320
person 0.0214 194 134 227 208
person 0.0212 2 304 36 364
person 0.0210 399 303 409 311
person 0.0210 231 166 254 210
person 0.0207 7 342 30 370
person 0.0206 392 296 412 320
person 0.0205 416 82 435 133
person 0.0203 406 297 432 322
person 0.0202 32 328 51 362
person 0.0201 442 87 456 119
pottedplant 0.0215 477 329 500 375
sofa 0.0207 0 0 500 375
train 0.0910 0 0 500 368
train 0.0604 0 240 463 375
train 0.0497 0 144 413 359
train 0.0415 457 81 493 124
train 0.0367 33 275 314 353
train 0.0299 60 265 276 329
train 0.0285 122 190 500 342
train 0.0275 0 297 397 375
train 0.0256 221 275 263 334
train 0.0252 9 129 77 315
train 0.0250 148 312 278 361
train 0.0234 8 0 258 375
train 0.0224 81 303 314 367
train 0.0211 84 155 462 299
train 0.0209 176 312 255 337
train 0.0202 2 206 73 363
train 0.0201 447 71 485 131
tvmonitor 0.0440 0 8 61 56
tvmonitor 0.0247 0 0 500 375
