aeroplane 0.1213 42 121 482 367
bottle 0.0403 352 261 375 295
bottle 0.0382 371 273 389 305
bottle 0.0373 233 276 278 374
bottle 0.0331 94 273 121 298
bottle 0.0324 227 246 250 283
bottle 0.0321 359 269 381 300
bottle 0.0292 80 228 118 293
bottle 0.0287 81 271 119 328
bottle 0.0280 361 256 380 289
bottle 0.0263 345 268 370 297
bottle 0.0259 344 251 369 290
bottle 0.0252 78 271 100 299
bottle 0.0251 372 260 387 288
bottle 0.0247 68 268 83 299
bottle 0.0247 173 292 197 374
bottle 0.0242 88 270 109 299
bottle 0.0241 358 333 388 373
bottle 0.0238 75 266 122 302
bottle 0.0234 72 276 91 300
bottle 0.0230 456 288 490 313
bottle 0.0228 177 301 193 353
bottle 0.0227 64 227 97 301
bottle 0.0224 92 247 122 295
bottle 0.0221 325 250 374 295
bottle 0.0217 83 257 112 299
bottle 0.0215 373 271 414 305
bottle 0.0213 380 241 408 276
bottle 0.0211 179 285 198 347
bottle 0.0211 375 250 400 281
bottle 0.0210 374 264 398 296
bottle 0.0209 81 287 97 322
bottle 0.0209 78 279 102 328
bottle 0.0207 67 232 82 280
bottle 0.0207 372 279 399 307
bottle 0.0204 374 265 440 301
bottle 0.0203 90 227 121 273
bottle 0.0201 167 300 266 372
bus 0.1543 12 37 458 361
bus 0.0372 42 60 280 346
car 0.1157 41 186 423 364
car 0.0807 384 310 500 373
car 0.0712 448 305 497 374
car 0.0656 2 292 98 374
car 0.0587 454 357 500 374
car 0.0465 0 335 85 373
car 0.0426 0 354 25 375
car 0.0423 414 331 500 372
car 0.0337 455 295 499 350
car 0.0283 0 354 54 375
car 0.0270 378 270 500 359
car 0.0231 259 50 338 75
chair 0.0815 0 249 82 374
chair 0.0632 66 251 283 375
chair 0.0592 444 303 499 375
chair 0.0572 449 337 500 375
chair 0.0564 321 291 487 375
chair 0.0557 3 302 96 375
chair 0.0544 242 277 405 375
chair 0.0390 1 287 42 374
chair 0.0296 22 237 107 366
chair 0.0295 66 287 115 373
chair 0.0290 382 308 500 371
chair 0.0281 60 291 230 375
chair 0.0266 28 290 132 374
chair 0.0243 364 249 492 343
chair 0.0241 465 346 498 375
chair 0.0237 452 294 500 349
chair 0.0234 230 310 366 374
chair 0.0233 40 255 101 345
chair 0.0223 247 249 336 375
chair 0.0222 6 321 67 375
chair 0.0221 477 336 499 373
chair 0.0206 43 295 96 364
chair 0.0200 43 234 109 305
person 0.8084 76 205 275 374
person 0.8071 367 226 496 373
person 0.7261 251 226 467 374
person 0.6233 228 211 308 369
person 0.5206 140 218 423 369
person 0.4797 0 158 56 375
person 0.4492 140 154 178 213
person 0.4381 254 162 302 208
person 0.4095 73 207 180 370
person 0.3204 204 155 244 213
person 0.3094 247 224 355 374
person 0.2625 229 185 299 286
person 0.2484 297 230 380 371
person 0.2219 175 203 293 363
person 0.1912 12 180 143 369
person 0.1605 244 174 303 258
person 0.1443 215 145 244 200
person 0.1430 134 159 185 248
person 0.1427 373 228 483 310
person 0.1393 80 214 155 325
person 0.1385 376 298 496 373
person 0.1333 0 163 48 287
person 0.1319 298 230 376 294
person 0.1263 417 256 497 371
person 0.1199 93 208 199 280
person 0.1159 273 168 304 210
person 0.1136 200 159 249 257
person 0.1118 143 152 176 185
person 0.1109 133 154 163 207
person 0.1043 330 326 367 375
person 0.1034 178 179 246 278
person 0.1029 243 160 285 211
person 0.1026 202 195 284 317
person 0.0983 0 178 87 323
person 0.0960 166 154 236 215
person 0.0955 205 168 239 202
person 0.0943 227 161 300 221
person 0.0937 378 230 448 279
person 0.0933 276 158 324 212
person 0.0928 202 209 249 278
person 0.0921 220 163 250 211
person 0.0892 140 208 243 279
person 0.0892 109 192 232 320
person 0.0871 201 152 278 215
person 0.0869 58 166 158 308
person 0.0857 284 178 315 215
person 0.0847 138 153 211 226
person 0.0839 142 200 187 264
person 0.0835 219 205 276 283
person 0.0832 246 162 320 232
person 0.0829 222 231 252 281
person 0.0808 187 241 239 281
person 0.0801 0 250 94 370
person 0.0801 0 165 29 251
person 0.0788 74 247 136 372
person 0.0775 263 196 306 260
person 0.0772 148 150 194 207
person 0.0764 89 208 146 289
person 0.0755 185 241 217 269
person 0.0744 221 142 241 178
person 0.0726 330 257 395 375
person 0.0711 256 164 299 188
person 0.0678 125 156 150 210
person 0.0670 358 231 419 293
person 0.0663 119 207 176 272
person 0.0658 300 229 360 267
person 0.0654 232 164 260 209
person 0.0650 299 147 340 213
person 0.0646 144 170 209 268
person 0.0645 229 177 248 214
person 0.0637 0 341 21 374
person 0.0637 292 185 333 215
person 0.0637 116 204 323 299
person 0.0633 351 220 444 354
person 0.0632 241 208 311 269
person 0.0629 153 206 200 273
person 0.0628 97 171 174 274
person 0.0628 437 303 496 372
person 0.0617 155 164 184 212
person 0.0614 136 154 155 195
person 0.0609 211 247 283 372
person 0.0608 172 215 208 267
person 0.0608 194 136 236 205
person 0.0606 222 156 266 203
person 0.0604 338 235 374 292
person 0.0579 28 157 119 300
person 0.0576 79 225 128 298
person 0.0575 420 231 492 329
person 0.0568 393 231 484 273
person 0.0563 143 153 163 178
person 0.0562 40 204 212 307
person 0.0556 332 229 392 281
person 0.0549 347 330 392 375
person 0.0549 330 229 452 295
person 0.0549 41 101 337 375
person 0.0539 273 169 328 251
person 0.0535 110 205 155 267
person 0.0535 253 145 341 211
person 0.0532 218 179 242 216
person 0.0531 116 149 183 221
person 0.0527 172 218 249 344
person 0.0525 229 210 428 310
person 0.0523 195 174 232 214
person 0.0523 169 220 232 278
person 0.0516 0 308 24 375
person 0.0516 104 213 137 278
person 0.0506 61 223 126 349
person 0.0505 305 230 404 319
person 0.0503 191 166 282 244
person 0.0501 157 166 252 245
person 0.0497 265 163 301 241
person 0.0497 127 192 198 251
person 0.0496 280 215 333 261
person 0.0492 317 233 371 277
person 0.0491 329 294 373 374
person 0.0485 2 154 40 228
person 0.0483 138 153 172 172
person 0.0481 79 302 96 338
person 0.0481 11 87 131 320
person 0.0478 79 192 267 275
person 0.0475 173 211 282 277
person 0.0469 237 181 334 312
person 0.0462 216 205 358 272
person 0.0455 338 175 356 214
person 0.0446 74 176 129 279
person 0.0443 406 320 483 373
person 0.0441 276 218 373 275
person 0.0439 98 272 125 298
person 0.0435 163 159 184 198
person 0.0435 337 281 448 372
person 0.0432 242 202 286 259
person 0.0428 175 153 205 210
person 0.0425 284 223 302 259
person 0.0424 275 208 298 258
person 0.0418 164 158 197 214
person 0.0411 198 175 220 208
person 0.0411 0 152 19 237
person 0.0409 304 230 341 257
person 0.0407 231 193 248 221
person 0.0406 228 211 258 278
person 0.0403 251 166 275 202
person 0.0402 292 229 310 259
person 0.0402 157 153 179 181
person 0.0401 150 158 181 193
person 0.0400 371 235 432 327
person 0.0397 95 249 130 300
person 0.0396 397 227 451 264
person 0.0394 67 228 110 297
person 0.0394 1 297 42 375
person 0.0393 211 137 238 185
person 0.0392 201 178 254 217
person 0.0389 453 235 498 313
person 0.0389 296 176 319 212
person 0.0387 76 302 105 373
person 0.0387 223 130 288 206
person 0.0386 2 162 21 208
person 0.0386 377 233 414 283
person 0.0386 412 223 473 265
person 0.0384 324 325 476 374
person 0.0379 81 253 126 335
person 0.0377 219 181 259 248
person 0.0376 300 232 319 261
person 0.0375 168 287 280 373
person 0.0372 233 238 254 277
person 0.0371 349 253 377 296
person 0.0369 7 161 57 238
person 0.0366 185 188 245 244
person 0.0366 285 130 353 217
person 0.0364 451 282 498 360
person 0.0361 193 227 252 306
person 0.0360 335 231 363 271
person 0.0358 305 175 338 215
person 0.0357 222 157 250 189
person 0.0354 289 211 437 278
person 0.0353 89 269 123 320
person 0.0352 376 341 456 374
person 0.0350 0 346 42 375
person 0.0349 227 159 291 191
person 0.0349 304 313 400 375
person 0.0344 179 131 258 209
person 0.0344 371 171 482 338
person 0.0342 133 173 153 211
person 0.0342 427 228 455 267
person 0.0342 238 162 273 199
person 0.0341 210 236 243 277
person 0.0340 279 175 309 229
person 0.0339 10 224 56 308
person 0.0339 288 212 500 306
person 0.0338 226 138 246 168
person 0.0338 264 181 323 215
person 0.0334 162 206 224 264
person 0.0332 209 136 264 193
person 0.0332 257 172 283 209
person 0.0331 287 172 311 205
person 0.0329 354 274 407 374
person 0.0328 181 171 201 208
person 0.0327 332 177 351 213
person 0.0326 226 144 257 194
person 0.0324 129 152 146 187
person 0.0324 184 169 212 211
person 0.0323 336 336 422 373
person 0.0322 150 184 184 246
person 0.0322 9 111 80 276
person 0.0320 29 229 109 352
person 0.0319 201 161 247 191
person 0.0319 305 141 492 375
person 0.0318 462 203 498 279
person 0.0317 435 225 488 286
person 0.0317 266 161 308 194
person 0.0316 289 201 349 264
person 0.0315 364 245 407 313
person 0.0314 234 155 317 202
person 0.0312 181 234 205 265
person 0.0310 181 147 218 208
person 0.0309 201 97 274 212
person 0.0308 123 141 278 310
person 0.0303 0 177 22 224
person 0.0303 233 299 281 375
person 0.0302 295 169 340 231
person 0.0301 176 166 220 232
person 0.0301 89 234 136 322
person 0.0298 435 344 500 374
person 0.0298 174 187 217 255
person 0.0298 47 277 120 375
person 0.0297 162 211 190 262
person 0.0297 296 149 324 204
person 0.0297 235 184 253 215
person 0.0295 197 243 226 277
person 0.0291 195 196 324 259
person 0.0291 148 212 227 361
person 0.0291 78 288 100 332
person 0.0290 121 167 153 224
person 0.0289 393 228 422 270
person 0.0288 322 181 341 213
person 0.0287 123 202 175 245
person 0.0286 355 245 382 288
person 0.0286 175 172 194 209
person 0.0284 165 136 199 199
person 0.0282 134 124 491 375
person 0.0281 222 233 262 307
person 0.0281 332 229 350 259
person 0.0280 243 294 372 374
person 0.0279 325 152 355 215
person 0.0279 87 124 112 176
person 0.0279 344 179 363 215
person 0.0278 162 145 189 186
person 0.0278 223 254 242 281
person 0.0278 44 190 186 271
person 0.0278 213 248 235 281
person 0.0277 363 222 406 275
person 0.0277 79 277 114 342
person 0.0276 53 237 92 303
person 0.0275 240 210 264 263
person 0.0275 211 191 248 212
person 0.0274 190 243 231 265
person 0.0273 149 202 176 250
person 0.0273 219 108 309 250
person 0.0273 43 152 243 289
person 0.0273 356 263 383 302
person 0.0271 342 241 369 278
person 0.0270 137 154 153 175
person 0.0269 2 146 33 203
person 0.0268 261 163 355 241
person 0.0268 442 261 490 341
person 0.0267 147 239 226 279
person 0.0266 284 233 348 285
person 0.0264 145 156 160 169
person 0.0264 339 157 355 203
person 0.0264 295 335 382 373
person 0.0263 101 257 125 293
person 0.0263 324 184 357 214
person 0.0261 353 178 374 215
person 0.0261 249 161 278 188
person 0.0260 80 116 117 197
person 0.0260 220 132 252 185
person 0.0260 258 189 389 261
person 0.0260 206 133 324 305
person 0.0259 253 232 370 306
person 0.0258 283 186 303 220
person 0.0257 110 223 131 267
person 0.0256 26 242 53 304
person 0.0255 270 170 321 199
person 0.0255 235 167 269 224
person 0.0253 126 146 178 191
person 0.0251 348 245 390 323
person 0.0250 71 290 177 374
person 0.0249 375 254 429 300
person 0.0248 148 200 175 227
person 0.0248 250 210 343 257
person 0.0248 214 142 237 169
person 0.0248 98 184 134 260
person 0.0247 1 224 46 352
person 0.0247 429 307 467 370
person 0.0246 413 228 440 258
person 0.0244 203 131 229 182
person 0.0242 103 236 134 291
person 0.0241 418 229 472 298
person 0.0240 348 153 379 215
person 0.0238 305 189 327 216
person 0.0237 121 173 139 210
sofa 0.0224 0 220 129 364
train 0.3189 17 30 500 356
train 0.1307 67 188 476 367
train 0.0391 25 74 423 245
train 0.0320 6 0 477 175
train 0.0276 52 156 298 268
train 0.0259 81 190 358 284
train 0.0250 30 49 353 182
train 0.0250 179 51 355 104
train 0.0236 214 52 440 220
train 0.0235 224 186 431 260
train 0.0234 14 49 141 306
train 0.0226 314 42 480 291
train 0.0212 225 27 426 87
train 0.0207 230 50 419 106
train 0.0204 120 158 423 255
train 0.0203 73 47 350 113
tvmonitor 0.0758 453 310 500 375
tvmonitor 0.0564 67 164 130 284
tvmonitor 0.0513 453 344 500 375
tvmonitor 0.0412 85 173 122 229
tvmonitor 0.0315 456 308 499 341
tvmonitor 0.0281 74 124 122 247
tvmonitor 0.0252 80 225 118 280
tvmonitor 0.0238 458 281 499 336
tvmonitor 0.0236 80 152 171 248
tvmonitor 0.0223 74 206 133 264
tvmonitor 0.0221 66 225 98 293
tvmonitor 0.0213 459 267 497 317
tvmonitor 0.0209 67 169 110 251
