bird 0.0276 134 274 246 366
bottle 0.0781 202 126 225 162
bottle 0.0669 77 111 122 167
bottle 0.0519 196 129 241 168
bottle 0.0485 2 199 37 261
bottle 0.0433 117 0 138 53
bottle 0.0411 406 49 425 85
bottle 0.0388 0 24 21 95
bottle 0.0386 199 105 231 161
bottle 0.0360 217 135 244 165
bottle 0.0355 195 135 221 166
bottle 0.0349 98 116 122 167
bottle 0.0339 43 0 92 21
bottle 0.0335 417 50 435 88
bottle 0.0330 45 0 87 60
bottle 0.0327 121 12 136 59
bottle 0.0320 379 2 425 56
bottle 0.0307 425 48 442 91
bottle 0.0290 198 144 263 174
bottle 0.0286 402 46 430 100
bottle 0.0276 216 144 257 166
bottle 0.0274 69 112 130 215
bottle 0.0271 410 42 440 94
bottle 0.0267 50 13 69 73
bottle 0.0264 181 124 228 165
bottle 0.0263 208 138 237 168
bottle 0.0262 87 113 112 154
bottle 0.0253 191 144 232 166
bottle 0.0250 201 122 228 148
bottle 0.0248 131 78 145 116
bottle 0.0247 62 79 118 165
bottle 0.0242 43 1 77 36
bottle 0.0241 202 101 228 136
bottle 0.0240 46 5 72 53
bottle 0.0237 74 123 104 168
bottle 0.0224 419 34 447 92
bottle 0.0218 396 33 426 88
bottle 0.0216 89 126 108 166
bottle 0.0215 198 150 246 168
bottle 0.0214 120 18 139 85
bottle 0.0212 191 129 214 160
bottle 0.0211 154 123 212 168
bottle 0.0201 95 112 117 148
cat 0.0322 1 171 36 251
cat 0.0205 0 141 23 242
chair 0.0477 0 0 37 66
chair 0.0415 0 2 23 87
chair 0.0397 0 0 55 106
chair 0.0363 56 45 119 162
chair 0.0325 25 219 186 367
chair 0.0307 140 114 204 230
chair 0.0286 68 108 132 228
chair 0.0265 8 219 95 368
chair 0.0260 10 117 142 280
chair 0.0251 90 115 219 244
chair 0.0248 0 136 169 355
chair 0.0246 46 111 181 250
chair 0.0244 1 7 20 58
chair 0.0240 27 170 120 326
chair 0.0234 154 144 214 202
chair 0.0234 72 142 145 296
chair 0.0229 66 80 129 172
chair 0.0227 375 54 426 120
chair 0.0221 145 122 186 194
chair 0.0221 4 0 68 63
chair 0.0221 3 309 75 375
chair 0.0213 121 109 180 236
chair 0.0211 2 124 70 252
chair 0.0210 82 109 135 188
chair 0.0203 146 138 253 206
chair 0.0202 96 107 159 236
cow 0.0392 115 15 390 345
dog 0.7237 163 166 265 363
dog 0.2808 135 63 315 341
dog 0.2286 169 151 281 261
dog 0.1197 230 146 357 238
dog 0.1146 161 129 351 281
dog 0.1125 153 141 321 225
dog 0.1085 195 161 269 303
dog 0.0998 185 156 266 226
dog 0.0494 101 141 275 375
dog 0.0490 216 162 266 241
dog 0.0478 140 200 233 362
dog 0.0444 214 156 264 204
dog 0.0405 138 125 418 363
dog 0.0403 122 267 282 362
dog 0.0397 132 140 256 277
dog 0.0377 248 160 339 303
dog 0.0333 203 157 298 243
dog 0.0314 137 212 304 375
dog 0.0308 186 206 257 344
dog 0.0303 160 162 245 233
dog 0.0291 177 189 259 273
dog 0.0247 174 186 259 228
dog 0.0241 46 243 275 371
dog 0.0235 200 179 291 346
dog 0.0214 230 135 367 330
horse 0.0313 122 16 437 348
person 0.7483 397 0 500 238
person 0.1860 411 101 488 229
person 0.1176 383 0 500 101
person 0.1085 154 89 330 314
person 0.0945 165 148 264 225
person 0.0945 151 120 252 278
person 0.0863 305 64 489 235
person 0.0848 102 99 250 361
person 0.0783 375 2 446 104
person 0.0770 250 126 354 236
person 0.0757 49 0 366 346
person 0.0706 214 153 265 218
person 0.0661 243 2 500 250
person 0.0612 150 120 221 224
person 0.0609 344 0 489 155
person 0.0609 195 62 370 245
person 0.0593 378 0 425 48
person 0.0581 274 120 431 233
person 0.0557 369 0 500 47
person 0.0527 381 0 425 17
person 0.0524 376 143 486 235
person 0.0513 407 166 481 230
person 0.0513 211 138 322 237
person 0.0478 17 203 218 372
person 0.0468 2 142 37 270
person 0.0465 338 127 458 227
person 0.0463 4 110 147 373
person 0.0461 39 0 95 19
person 0.0460 433 51 500 229
person 0.0438 199 136 257 181
person 0.0434 230 147 274 209
person 0.0430 312 66 361 102
person 0.0429 166 150 223 216
person 0.0412 385 0 439 33
person 0.0409 0 0 114 264
person 0.0407 0 19 21 98
person 0.0407 185 152 269 196
person 0.0397 163 92 185 125
person 0.0386 168 131 250 193
person 0.0373 132 261 209 363
person 0.0367 415 23 500 160
person 0.0365 188 134 290 205
person 0.0348 157 136 208 208
person 0.0345 251 0 438 161
person 0.0345 319 67 341 99
person 0.0333 4 202 36 293
person 0.0332 394 0 424 27
person 0.0332 4 90 103 309
person 0.0331 150 91 201 128
person 0.0331 309 69 338 106
person 0.0330 153 117 208 176
person 0.0324 6 0 62 66
person 0.0315 185 142 239 206
person 0.0313 399 1 499 30
person 0.0310 138 91 205 209
person 0.0309 18 221 126 366
person 0.0307 32 104 121 257
person 0.0304 223 137 265 190
person 0.0302 245 143 264 177
person 0.0302 32 0 79 62
person 0.0299 174 129 245 165
person 0.0297 270 97 287 133
person 0.0296 55 105 153 295
person 0.0293 292 45 417 220
person 0.0285 390 4 465 142
person 0.0281 387 0 465 69
person 0.0273 200 100 232 156
person 0.0270 8 61 90 234
person 0.0270 65 218 152 362
person 0.0269 356 62 440 211
person 0.0267 2 13 37 100
person 0.0265 0 162 26 321
person 0.0264 442 2 500 122
person 0.0261 147 27 500 338
person 0.0260 303 76 328 105
person 0.0259 102 221 185 363
person 0.0258 8 160 83 327
person 0.0255 233 144 302 224
person 0.0251 0 208 19 310
person 0.0251 46 0 96 45
person 0.0249 411 26 448 98
person 0.0248 144 112 186 179
person 0.0246 320 65 362 83
person 0.0245 0 61 20 103
person 0.0243 209 139 417 361
person 0.0237 2 132 66 260
person 0.0235 167 95 210 126
person 0.0235 207 140 293 175
person 0.0234 382 0 468 22
person 0.0234 229 148 262 172
person 0.0234 404 2 428 35
person 0.0233 76 61 209 286
person 0.0233 298 137 365 230
person 0.0232 155 121 271 175
person 0.0229 389 32 433 112
person 0.0224 216 153 250 197
person 0.0224 244 150 266 194
person 0.0221 142 140 195 233
person 0.0220 381 12 435 77
person 0.0220 40 0 61 19
person 0.0217 131 82 146 120
person 0.0216 457 144 499 230
person 0.0216 455 0 499 65
person 0.0216 233 125 368 296
person 0.0214 0 186 49 325
person 0.0211 236 154 260 194
person 0.0209 367 0 418 72
person 0.0207 404 112 461 218
person 0.0205 221 153 255 178
person 0.0202 330 0 470 87
person 0.0200 132 108 165 183
person 0.0200 0 56 24 147
pottedplant 0.3888 122 0 367 190
pottedplant 0.1295 139 26 256 217
pottedplant 0.1085 214 25 364 225
pottedplant 0.1061 95 0 284 250
pottedplant 0.1024 129 14 230 151
pottedplant 0.0945 151 87 336 228
pottedplant 0.0911 152 95 240 229
pottedplant 0.0873 323 68 365 97
pottedplant 0.0791 230 4 379 116
pottedplant 0.0732 131 0 369 95
pottedplant 0.0689 252 91 354 228
pottedplant 0.0675 287 0 370 98
pottedplant 0.0649 170 122 360 205
pottedplant 0.0640 87 0 218 191
pottedplant 0.0639 26 9 117 155
pottedplant 0.0629 87 8 360 340
pottedplant 0.0622 178 112 267 230
pottedplant 0.0611 143 84 221 144
pottedplant 0.0597 196 34 341 152
pottedplant 0.0593 20 0 148 292
pottedplant 0.0588 149 84 170 123
pottedplant 0.0584 126 65 218 182
pottedplant 0.0582 106 2 192 129
pottedplant 0.0574 176 25 282 172
pottedplant 0.0561 64 9 142 150
pottedplant 0.0561 199 131 251 168
pottedplant 0.0556 203 2 363 67
pottedplant 0.0528 270 35 368 171
pottedplant 0.0525 309 63 365 114
pottedplant 0.0519 142 76 187 131
pottedplant 0.0518 125 2 320 63
pottedplant 0.0517 310 12 364 87
pottedplant 0.0514 137 40 195 131
pottedplant 0.0502 119 0 246 88
pottedplant 0.0501 113 28 319 145
pottedplant 0.0478 176 89 359 168
pottedplant 0.0461 150 89 182 127
pottedplant 0.0461 116 0 139 46
pottedplant 0.0458 144 59 260 140
pottedplant 0.0452 2 51 20 95
pottedplant 0.0446 146 103 222 166
pottedplant 0.0435 306 75 360 135
pottedplant 0.0430 140 9 275 113
pottedplant 0.0420 8 0 263 375
pottedplant 0.0419 145 83 162 121
pottedplant 0.0414 0 25 21 100
pottedplant 0.0406 126 20 173 123
pottedplant 0.0405 213 135 264 174
pottedplant 0.0396 325 36 371 97
pottedplant 0.0396 72 51 143 197
pottedplant 0.0394 106 49 184 195
pottedplant 0.0387 131 123 272 200
pottedplant 0.0385 117 1 190 60
pottedplant 0.0385 132 70 169 132
pottedplant 0.0380 113 0 152 64
pottedplant 0.0373 214 136 246 164
pottedplant 0.0367 2 0 108 233
pottedplant 0.0364 323 0 371 67
pottedplant 0.0356 340 71 364 103
pottedplant 0.0341 161 125 226 168
pottedplant 0.0338 140 91 195 175
pottedplant 0.0335 273 85 384 191
pottedplant 0.0332 11 0 91 121
pottedplant 0.0329 196 0 291 102
pottedplant 0.0326 216 81 360 142
pottedplant 0.0326 115 0 161 36
pottedplant 0.0325 236 36 290 74
pottedplant 0.0322 332 68 369 119
pottedplant 0.0318 215 56 363 123
pottedplant 0.0318 155 87 210 126
pottedplant 0.0317 33 76 120 227
pottedplant 0.0316 304 2 401 114
pottedplant 0.0313 76 107 145 249
pottedplant 0.0312 122 93 265 165
pottedplant 0.0310 200 97 250 158
pottedplant 0.0310 137 80 152 116
pottedplant 0.0310 228 0 325 89
pottedplant 0.0309 283 2 363 57
pottedplant 0.0306 188 123 343 173
pottedplant 0.0303 245 141 264 173
pottedplant 0.0303 116 18 150 101
pottedplant 0.0301 286 99 355 143
pottedplant 0.0291 335 67 361 91
pottedplant 0.0289 117 1 216 34
pottedplant 0.0287 131 87 167 158
pottedplant 0.0286 217 13 299 77
pottedplant 0.0286 0 0 43 50
pottedplant 0.0285 238 128 268 177
pottedplant 0.0283 136 23 216 103
pottedplant 0.0282 204 59 261 142
pottedplant 0.0279 30 91 177 363
pottedplant 0.0279 192 77 262 173
pottedplant 0.0278 365 1 425 104
pottedplant 0.0274 280 0 423 156
pottedplant 0.0273 182 115 238 162
pottedplant 0.0271 89 90 211 222
pottedplant 0.0269 172 74 242 155
pottedplant 0.0265 107 0 160 94
pottedplant 0.0264 291 42 376 112
pottedplant 0.0264 182 12 276 77
pottedplant 0.0263 238 50 281 76
pottedplant 0.0263 200 109 277 165
pottedplant 0.0261 165 26 319 90
pottedplant 0.0261 0 49 29 106
pottedplant 0.0258 192 86 236 144
pottedplant 0.0257 172 52 428 208
pottedplant 0.0257 221 132 251 159
pottedplant 0.0256 256 71 402 138
pottedplant 0.0252 149 77 168 106
pottedplant 0.0252 217 14 298 138
pottedplant 0.0251 299 51 352 106
pottedplant 0.0251 229 144 261 168
pottedplant 0.0249 157 41 256 114
pottedplant 0.0246 1 4 20 51
pottedplant 0.0246 143 63 175 116
pottedplant 0.0244 152 85 178 113
pottedplant 0.0240 2 30 79 165
pottedplant 0.0236 114 33 157 132
pottedplant 0.0236 204 133 299 164
pottedplant 0.0235 207 121 267 188
pottedplant 0.0235 337 0 401 83
pottedplant 0.0234 104 108 181 244
pottedplant 0.0234 159 93 247 129
pottedplant 0.0233 320 64 394 117
pottedplant 0.0232 138 77 166 112
pottedplant 0.0229 103 0 138 64
pottedplant 0.0228 165 0 377 42
pottedplant 0.0227 131 22 193 78
pottedplant 0.0227 204 126 252 152
pottedplant 0.0226 146 73 206 117
pottedplant 0.0225 251 1 363 35
pottedplant 0.0224 116 0 142 24
pottedplant 0.0224 136 46 166 117
pottedplant 0.0222 22 67 199 243
pottedplant 0.0221 273 99 326 139
pottedplant 0.0221 216 44 299 107
pottedplant 0.0220 159 84 190 123
pottedplant 0.0219 0 10 44 134
pottedplant 0.0216 23 5 264 132
pottedplant 0.0214 164 0 260 29
pottedplant 0.0213 234 4 313 55
pottedplant 0.0213 133 81 155 131
pottedplant 0.0212 315 0 361 44
pottedplant 0.0212 41 0 169 114
pottedplant 0.0212 249 95 349 149
pottedplant 0.0211 111 0 193 20
pottedplant 0.0210 305 69 404 206
pottedplant 0.0205 107 0 290 41
pottedplant 0.0204 115 0 160 17
pottedplant 0.0204 220 134 322 192
pottedplant 0.0202 187 41 297 85
pottedplant 0.0202 322 65 357 87
pottedplant 0.0202 167 65 324 129
pottedplant 0.0201 81 0 143 96
pottedplant 0.0201 241 48 265 71
pottedplant 0.0201 84 70 201 143
pottedplant 0.0200 132 68 236 120
pottedplant 0.0200 244 133 268 159
sofa 0.0558 139 113 365 223
sofa 0.0385 125 136 358 279
sofa 0.0375 48 104 331 375
sofa 0.0298 68 193 277 362
tvmonitor 0.0946 49 4 121 117
tvmonitor 0.0771 57 46 109 115
tvmonitor 0.0704 18 0 125 159
tvmonitor 0.0695 2 0 79 114
tvmonitor 0.0517 20 0 116 81
tvmonitor 0.0503 59 50 105 85
tvmonitor 0.0475 50 13 94 94
tvmonitor 0.0414 39 0 94 25
tvmonitor 0.0392 56 24 114 85
tvmonitor 0.0363 0 14 21 99
tvmonitor 0.0341 59 42 126 159
tvmonitor 0.0339 7 3 61 77
tvmonitor 0.0336 191 142 258 172
tvmonitor 0.0331 36 4 76 75
tvmonitor 0.0312 59 55 94 106
tvmonitor 0.0309 44 0 99 55
tvmonitor 0.0278 50 17 69 73
tvmonitor 0.0267 14 20 102 101
tvmonitor 0.0264 19 0 89 38
tvmonitor 0.0254 69 33 122 103
tvmonitor 0.0245 74 0 145 116
tvmonitor 0.0231 0 4 186 131
tvmonitor 0.0230 0 0 90 62
tvmonitor 0.0225 55 0 130 67
tvmonitor 0.0222 4 217 76 334
tvmonitor 0.0211 162 124 292 176
tvmonitor 0.0209 61 49 86 79
tvmonitor 0.0202 19 41 127 113
tvmonitor 0.0200 120 20 143 90
