cow 0.7034 119 232 175 268
cow 0.4031 121 234 147 268
cow 0.2383 139 233 178 260
cow 0.1324 129 233 156 264
cow 0.1093 121 236 133 267
cow 0.1037 155 237 176 266
cow 0.1008 138 237 166 266
cow 0.0840 158 232 176 251
cow 0.0650 146 230 177 249
cow 0.0560 140 247 174 270
cow 0.0517 127 250 159 269
cow 0.0408 149 229 166 265
cow 0.0395 118 230 137 273
cow 0.0341 123 233 139 261
cow 0.0333 149 229 177 278
cow 0.0302 8 0 112 430
cow 0.0282 133 229 165 251
cow 0.0278 164 231 175 243
cow 0.0272 118 244 125 266
cow 0.0265 165 239 173 250
cow 0.0246 120 241 179 284
cow 0.0224 121 239 128 260
cow 0.0211 124 229 152 252
cow 0.0202 121 235 131 254
horse 0.0567 0 0 320 500
horse 0.0234 10 0 151 423
person 0.0805 0 0 252 500
person 0.0459 0 330 45 500
pottedplant 0.0233 124 235 133 255
