bicycle 0.5296 440 200 498 260
bicycle 0.2292 463 207 499 256
bicycle 0.2274 3 196 62 286
bicycle 0.1972 415 192 491 287
bicycle 0.1545 428 204 476 261
bicycle 0.1537 448 215 485 257
bicycle 0.1363 453 196 500 240
bicycle 0.1239 475 197 500 243
bicycle 0.1094 397 182 476 265
bicycle 0.0950 383 195 470 312
bicycle 0.0933 1 202 48 255
bicycle 0.0885 435 214 466 257
bicycle 0.0832 476 221 499 259
bicycle 0.0777 461 225 484 258
bicycle 0.0732 411 203 444 263
bicycle 0.0705 383 172 446 272
bicycle 0.0698 446 204 500 303
bicycle 0.0639 468 217 496 247
bicycle 0.0620 467 226 494 259
bicycle 0.0615 414 156 491 257
bicycle 0.0606 427 198 455 253
bicycle 0.0557 467 207 497 234
bicycle 0.0555 446 207 489 238
bicycle 0.0538 2 210 82 310
bicycle 0.0534 447 217 470 253
bicycle 0.0520 390 204 439 293
bicycle 0.0511 460 213 485 247
bicycle 0.0480 15 220 62 304
bicycle 0.0451 359 139 477 309
bicycle 0.0451 392 191 436 257
bicycle 0.0432 10 216 58 266
bicycle 0.0431 0 209 26 256
bicycle 0.0423 442 205 473 244
bicycle 0.0397 415 196 493 239
bicycle 0.0396 432 217 452 256
bicycle 0.0391 402 163 447 250
bicycle 0.0386 406 210 447 306
bicycle 0.0363 462 195 499 221
bicycle 0.0355 453 227 477 259
bicycle 0.0335 452 211 475 238
bicycle 0.0331 424 211 496 247
bicycle 0.0326 481 196 500 223
bicycle 0.0320 421 221 442 256
bicycle 0.0317 430 205 467 237
bicycle 0.0316 431 203 451 240
bicycle 0.0293 444 197 489 225
bicycle 0.0288 400 219 440 257
bicycle 0.0281 419 193 449 245
bicycle 0.0277 446 228 500 262
bicycle 0.0277 452 212 496 231
bicycle 0.0267 461 202 487 232
bicycle 0.0260 383 104 499 273
bicycle 0.0258 348 198 435 316
bicycle 0.0253 0 238 55 299
bicycle 0.0250 0 226 43 258
bicycle 0.0246 453 222 494 242
bicycle 0.0244 2 217 32 246
bicycle 0.0243 426 209 444 246
bicycle 0.0235 424 190 498 223
bicycle 0.0227 391 191 424 237
bicycle 0.0223 453 235 494 257
bicycle 0.0222 395 214 425 261
bicycle 0.0219 407 168 443 220
bicycle 0.0216 310 213 400 317
bicycle 0.0214 415 202 439 244
bicycle 0.0210 453 145 500 264
bicycle 0.0206 9 252 68 308
bicycle 0.0203 397 204 419 247
boat 0.1337 26 0 488 308
boat 0.0353 74 3 459 167
boat 0.0310 439 250 493 326
boat 0.0300 229 196 491 318
boat 0.0298 411 163 441 204
boat 0.0297 128 0 475 90
boat 0.0255 222 0 457 271
boat 0.0212 65 47 367 278
boat 0.0211 240 188 292 237
boat 0.0205 416 0 499 64
boat 0.0202 0 109 275 333
bottle 0.0615 205 99 223 138
bottle 0.0550 268 257 301 316
bottle 0.0448 237 113 256 137
bottle 0.0427 200 101 216 135
bottle 0.0325 374 106 386 133
bottle 0.0321 390 270 414 316
bottle 0.0305 450 261 464 301
bottle 0.0301 357 103 371 132
bottle 0.0301 276 260 296 303
bottle 0.0287 397 88 409 116
bottle 0.0286 402 87 416 115
bottle 0.0275 398 257 418 289
bottle 0.0273 484 264 500 320
bottle 0.0266 396 100 409 128
bottle 0.0254 222 108 239 136
bottle 0.0249 372 93 387 120
bottle 0.0247 377 87 395 116
bottle 0.0247 211 100 228 135
bottle 0.0240 222 96 239 125
bottle 0.0237 390 102 402 127
bottle 0.0236 411 92 425 122
bottle 0.0235 363 108 376 132
bottle 0.0235 225 109 255 139
bottle 0.0234 411 102 426 131
bottle 0.0227 389 95 402 120
bottle 0.0226 357 90 371 124
bottle 0.0226 404 99 416 126
bottle 0.0226 253 110 270 138
bottle 0.0218 400 82 420 120
bottle 0.0216 379 101 392 125
bottle 0.0215 408 118 425 148
bottle 0.0214 410 83 426 111
bottle 0.0205 394 82 413 120
bottle 0.0203 341 105 355 130
bottle 0.0202 445 264 456 290
bottle 0.0201 392 93 412 135
bottle 0.0201 418 103 432 130
bus 0.1881 36 0 464 311
bus 0.0716 74 0 466 84
bus 0.0291 93 2 357 63
bus 0.0227 19 0 145 180
bus 0.0220 188 3 463 57
car 0.1014 24 188 52 210
car 0.0997 3 190 57 251
car 0.0932 119 165 168 204
car 0.0873 481 285 499 318
car 0.0842 100 167 167 226
car 0.0831 24 186 58 240
car 0.0758 16 185 56 218
car 0.0662 123 166 166 184
car 0.0544 27 184 50 201
car 0.0541 14 183 89 242
car 0.0539 455 257 495 321
car 0.0527 116 161 195 213
car 0.0518 193 177 293 249
car 0.0505 23 195 61 214
car 0.0494 5 187 73 224
car 0.0489 121 171 150 211
car 0.0454 86 175 158 213
car 0.0441 10 195 48 231
car 0.0439 124 167 150 194
car 0.0439 69 171 140 228
car 0.0433 101 175 209 234
car 0.0419 130 176 169 231
car 0.0418 24 196 50 223
car 0.0412 28 188 62 204
car 0.0412 202 188 290 222
car 0.0388 461 280 500 320
car 0.0386 63 171 87 208
car 0.0379 478 301 500 322
car 0.0375 27 186 90 212
car 0.0368 17 194 45 216
car 0.0366 126 166 187 193
car 0.0366 53 191 96 231
car 0.0364 66 170 83 193
car 0.0364 0 177 41 236
car 0.0353 30 193 84 233
car 0.0348 177 155 204 194
car 0.0344 122 172 165 193
car 0.0336 61 181 105 219
car 0.0336 409 164 443 210
car 0.0334 474 289 495 317
car 0.0328 2 182 59 206
car 0.0328 113 157 165 187
car 0.0327 140 144 211 234
car 0.0323 110 125 256 236
car 0.0311 118 167 153 181
car 0.0308 55 177 127 213
car 0.0307 5 131 66 251
car 0.0303 225 190 292 239
car 0.0302 120 162 160 178
car 0.0300 141 189 282 241
car 0.0295 35 187 112 224
car 0.0295 0 197 37 248
car 0.0292 115 164 142 204
car 0.0290 130 157 163 170
car 0.0289 488 295 500 324
car 0.0288 121 178 181 210
car 0.0287 0 187 44 215
car 0.0286 116 172 152 186
car 0.0283 35 183 50 198
car 0.0283 23 171 127 237
car 0.0282 10 188 46 204
car 0.0280 24 0 433 77
car 0.0280 61 188 89 212
car 0.0279 463 307 499 320
car 0.0279 180 153 203 172
car 0.0278 119 133 177 204
car 0.0272 127 160 147 180
car 0.0269 163 144 201 199
car 0.0268 166 145 202 172
car 0.0268 39 191 61 222
car 0.0264 182 172 204 195
car 0.0263 149 161 205 207
car 0.0259 70 173 93 196
car 0.0259 120 166 135 187
car 0.0256 130 189 224 236
car 0.0255 84 87 214 222
car 0.0254 30 181 48 194
car 0.0253 41 193 76 208
car 0.0246 92 139 196 222
car 0.0241 45 171 93 208
car 0.0240 7 197 33 224
car 0.0240 171 164 211 200
car 0.0238 119 162 140 178
car 0.0237 164 154 194 170
car 0.0237 458 0 497 58
car 0.0236 41 4 165 89
car 0.0236 8 176 112 216
car 0.0234 121 154 169 174
car 0.0234 18 185 40 208
car 0.0234 2 193 33 208
car 0.0233 142 158 162 182
car 0.0231 176 168 198 192
car 0.0231 161 164 195 193
car 0.0230 466 295 499 314
car 0.0230 39 186 58 207
car 0.0228 19 183 44 199
car 0.0228 29 177 54 204
car 0.0228 453 197 494 212
car 0.0227 160 151 179 173
car 0.0226 395 195 421 234
car 0.0226 386 179 419 235
car 0.0224 1 192 21 228
car 0.0223 191 172 209 195
car 0.0223 64 171 91 188
car 0.0221 157 167 220 227
car 0.0221 138 188 185 233
car 0.0218 144 142 281 214
car 0.0216 2 188 33 202
car 0.0216 143 132 211 189
car 0.0215 23 176 74 208
car 0.0213 0 174 5 211
car 0.0213 71 48 129 73
car 0.0213 125 185 164 205
car 0.0212 113 175 148 193
car 0.0211 105 183 149 233
car 0.0211 44 194 91 216
car 0.0210 44 189 76 202
car 0.0209 141 151 186 201
car 0.0209 440 198 477 212
car 0.0208 124 123 201 179
car 0.0206 49 2 246 66
car 0.0206 459 0 500 17
car 0.0204 118 179 155 199
car 0.0203 190 153 210 172
car 0.0203 465 195 498 208
car 0.0203 1 176 39 204
car 0.0201 447 0 500 28
car 0.0201 27 179 53 191
car 0.0200 2 176 19 206
car 0.0200 123 169 257 227
chair 0.0470 415 224 438 258
chair 0.0390 379 267 411 316
chair 0.0364 482 267 500 321
chair 0.0360 399 226 415 258
chair 0.0335 374 269 397 316
chair 0.0304 403 222 438 269
chair 0.0289 407 226 429 257
chair 0.0286 385 280 405 315
chair 0.0235 396 219 424 264
chair 0.0224 457 232 500 325
chair 0.0218 370 245 400 317
chair 0.0215 355 265 390 317
chair 0.0214 420 216 490 333
chair 0.0212 375 254 433 318
chair 0.0203 267 144 290 195
chair 0.0202 392 283 410 316
diningtable 0.0278 281 245 437 312
diningtable 0.0219 257 213 469 314
motorbike 0.8936 28 182 276 325
motorbike 0.3003 10 196 63 270
motorbike 0.2757 9 193 97 315
motorbike 0.2354 14 184 174 310
motorbike 0.1597 15 188 112 263
motorbike 0.1583 32 103 343 333
motorbike 0.1536 130 185 293 307
motorbike 0.1328 82 177 150 290
motorbike 0.1251 227 189 309 321
motorbike 0.1214 54 179 143 256
motorbike 0.0890 21 200 53 250
motorbike 0.0879 185 173 293 273
motorbike 0.0832 27 190 72 252
motorbike 0.0832 69 161 222 278
motorbike 0.0817 97 168 163 250
motorbike 0.0709 5 211 73 297
motorbike 0.0662 242 180 352 318
motorbike 0.0646 47 186 95 247
motorbike 0.0640 17 155 135 277
motorbike 0.0546 90 176 144 233
motorbike 0.0484 31 166 180 238
motorbike 0.0474 255 225 304 319
motorbike 0.0474 174 212 281 329
motorbike 0.0471 67 238 261 321
motorbike 0.0465 13 194 87 237
motorbike 0.0445 58 180 116 232
motorbike 0.0431 110 177 202 244
motorbike 0.0401 10 207 82 251
motorbike 0.0393 98 163 261 229
motorbike 0.0386 119 193 397 333
motorbike 0.0380 34 78 187 292
motorbike 0.0368 324 175 470 317
motorbike 0.0344 76 188 132 244
motorbike 0.0326 130 6 464 333
motorbike 0.0301 19 215 59 281
motorbike 0.0298 56 108 159 262
motorbike 0.0294 196 243 326 319
motorbike 0.0285 33 202 126 326
motorbike 0.0278 27 210 57 241
motorbike 0.0278 0 196 44 254
motorbike 0.0278 151 191 274 258
motorbike 0.0278 221 194 297 261
motorbike 0.0278 43 198 123 241
motorbike 0.0263 212 212 276 309
motorbike 0.0261 97 188 197 291
motorbike 0.0260 127 187 233 253
motorbike 0.0254 90 195 147 258
motorbike 0.0248 280 209 372 318
motorbike 0.0233 0 149 58 282
motorbike 0.0231 121 188 178 241
motorbike 0.0224 240 208 305 290
motorbike 0.0221 23 219 48 254
motorbike 0.0218 37 208 99 263
motorbike 0.0215 28 201 161 277
motorbike 0.0202 3 203 63 242
motorbike 0.0200 56 202 96 234
person 0.6043 302 146 363 321
person 0.5003 206 109 273 235
person 0.3934 336 145 392 316
person 0.3517 275 154 339 321
person 0.2303 193 160 280 281
person 0.1801 291 142 346 273
person 0.1596 16 197 55 253
person 0.1484 154 137 291 309
person 0.1431 226 118 292 267
person 0.1389 342 150 385 233
person 0.1375 352 153 410 305
person 0.1375 298 139 321 169
person 0.1366 228 171 312 317
person 0.1303 292 141 342 210
person 0.1217 299 194 342 321
person 0.1103 264 122 322 267
person 0.1102 292 139 327 182
person 0.1035 247 212 304 318
person 0.1015 336 147 375 211
person 0.0990 53 176 154 301
person 0.0969 271 132 299 197
person 0.0959 414 243 440 316
person 0.0952 94 168 236 307
person 0.0942 293 139 310 171
person 0.0941 104 176 139 229
person 0.0861 323 138 341 167
person 0.0854 89 178 145 272
person 0.0825 407 224 447 323
person 0.0821 454 261 486 314
person 0.0799 170 90 185 128
person 0.0793 257 119 294 186
person 0.0786 154 87 168 121
person 0.0783 1 193 42 250
person 0.0775 110 171 154 236
person 0.0772 283 137 301 187
person 0.0769 394 165 411 203
person 0.0756 154 103 272 221
person 0.0736 202 127 215 161
person 0.0713 345 205 384 315
person 0.0713 116 175 141 216
person 0.0711 301 138 337 168
person 0.0710 82 180 128 246
person 0.0709 404 265 434 319
person 0.0701 174 83 190 123
person 0.0692 286 116 416 329
person 0.0689 203 106 223 155
person 0.0665 389 162 415 217
person 0.0659 214 112 270 188
person 0.0658 100 176 127 215
person 0.0633 160 190 195 234
person 0.0630 25 198 48 238
person 0.0614 392 238 438 321
person 0.0609 104 176 178 283
person 0.0602 256 167 391 318
person 0.0597 397 150 411 188
person 0.0596 200 141 215 172
person 0.0595 112 177 132 213
person 0.0593 123 177 170 240
person 0.0589 388 110 403 147
person 0.0584 184 97 199 129
person 0.0577 379 144 409 206
person 0.0576 60 182 111 245
person 0.0571 418 267 446 321
person 0.0569 26 190 63 244
person 0.0568 331 119 449 309
person 0.0568 168 74 194 129
person 0.0567 372 208 433 317
person 0.0566 462 265 497 317
person 0.0564 235 112 294 200
person 0.0561 55 71 248 323
person 0.0558 218 183 296 273
person 0.0554 68 155 151 259
person 0.0554 179 191 205 230
person 0.0553 392 262 425 317
person 0.0552 192 101 205 131
person 0.0551 359 150 399 221
person 0.0538 373 116 387 147
person 0.0536 461 266 481 307
person 0.0527 281 108 368 275
person 0.0517 315 136 335 165
person 0.0516 126 149 209 259
person 0.0513 272 211 300 259
person 0.0510 372 150 465 266
person 0.0503 156 86 178 128
person 0.0503 339 150 359 178
person 0.0503 434 208 495 323
person 0.0495 80 178 117 223
person 0.0494 364 145 393 195
person 0.0494 356 221 401 319
person 0.0493 281 211 329 320
person 0.0490 152 98 168 129
person 0.0490 426 254 459 323
person 0.0490 88 179 108 211
person 0.0490 139 182 187 238
person 0.0489 478 261 500 319
person 0.0485 63 177 98 226
person 0.0478 304 145 356 233
person 0.0477 127 88 144 126
person 0.0477 288 143 313 188
person 0.0473 66 173 84 204
person 0.0473 8 201 30 241
person 0.0472 120 121 136 159
person 0.0471 188 192 209 226
person 0.0469 393 114 408 147
person 0.0469 152 121 167 154
person 0.0468 172 138 261 255
person 0.0464 37 197 76 247
person 0.0464 303 143 356 186
person 0.0462 94 181 117 212
person 0.0459 379 115 393 147
person 0.0459 349 146 386 193
person 0.0456 197 116 220 171
person 0.0455 410 280 427 318
person 0.0454 0 203 27 253
person 0.0450 166 200 188 233
person 0.0448 57 191 95 239
person 0.0448 416 261 435 308
person 0.0448 81 179 99 211
person 0.0446 378 152 421 236
person 0.0442 107 173 124 203
person 0.0439 159 88 173 113
person 0.0439 405 238 436 300
person 0.0438 274 131 335 181
person 0.0435 199 100 219 144
person 0.0434 374 152 396 198
person 0.0433 402 156 414 183
person 0.0432 88 157 193 243
person 0.0429 385 167 407 211
person 0.0429 264 248 305 319
person 0.0428 358 115 371 150
person 0.0427 39 199 62 236
person 0.0425 429 271 451 321
person 0.0425 160 149 177 176
person 0.0425 17 199 40 236
person 0.0425 328 145 347 170
person 0.0425 127 121 143 157
person 0.0421 277 124 307 186
person 0.0419 89 174 105 201
person 0.0419 381 253 417 318
person 0.0418 469 259 493 305
person 0.0416 416 278 433 318
person 0.0414 131 96 209 221
person 0.0413 174 176 214 232
person 0.0413 71 179 91 210
person 0.0413 371 144 386 175
person 0.0411 449 261 469 312
person 0.0410 330 138 344 163
person 0.0410 197 131 207 159
person 0.0409 455 263 474 304
person 0.0408 378 166 394 201
person 0.0408 171 78 187 110
person 0.0406 393 155 422 205
person 0.0404 378 147 394 180
person 0.0403 177 165 193 194
person 0.0403 397 142 410 173
person 0.0403 416 160 438 186
person 0.0403 161 165 201 226
person 0.0402 481 260 498 299
person 0.0401 27 2 130 98
person 0.0401 244 111 349 305
person 0.0400 417 247 436 292
person 0.0399 195 146 208 171
person 0.0398 326 127 339 155
person 0.0397 337 143 373 183
person 0.0395 242 123 329 207
person 0.0393 288 136 301 171
person 0.0393 204 134 220 169
person 0.0392 363 148 381 179
person 0.0388 182 166 200 195
person 0.0387 474 263 489 296
person 0.0386 373 164 400 231
person 0.0385 83 174 98 199
person 0.0385 173 191 194 228
person 0.0384 178 83 200 126
person 0.0384 384 144 406 185
person 0.0383 181 146 200 172
person 0.0381 147 121 162 156
person 0.0380 316 120 390 237
person 0.0379 304 135 326 160
person 0.0378 364 119 377 148
person 0.0378 393 141 413 182
person 0.0377 75 183 103 224
person 0.0376 234 110 279 166
person 0.0376 193 166 207 195
person 0.0376 170 105 185 134
person 0.0372 159 139 224 235
person 0.0372 246 23 454 295
person 0.0371 268 135 310 218
person 0.0371 339 144 356 166
person 0.0370 316 247 345 316
person 0.0370 174 103 191 133
person 0.0368 393 160 432 226
person 0.0367 192 112 244 194
person 0.0367 176 179 286 247
person 0.0366 63 185 87 214
person 0.0362 313 136 344 174
person 0.0361 192 90 206 119
person 0.0361 192 128 210 171
person 0.0359 410 222 441 286
person 0.0358 114 167 129 197
person 0.0357 249 196 296 266
person 0.0357 71 172 89 199
person 0.0356 371 161 391 206
person 0.0356 388 164 403 200
person 0.0356 224 113 260 141
person 0.0355 183 84 197 113
person 0.0354 94 190 134 256
person 0.0353 275 127 366 210
person 0.0351 148 108 170 151
person 0.0351 120 107 150 159
person 0.0347 464 0 499 31
person 0.0347 401 144 415 176
person 0.0346 179 101 203 138
person 0.0343 412 160 441 200
person 0.0341 136 121 152 157
person 0.0341 147 86 175 143
person 0.0340 267 219 300 286
person 0.0339 279 145 303 205
person 0.0338 251 116 271 146
person 0.0338 411 159 427 181
person 0.0337 338 150 371 169
person 0.0337 170 122 184 146
person 0.0336 130 104 145 138
person 0.0336 125 85 138 122
person 0.0336 193 142 343 332
person 0.0335 389 144 402 171
person 0.0335 211 117 227 149
person 0.0334 187 160 209 198
person 0.0334 362 60 480 278
person 0.0334 185 187 201 221
person 0.0333 69 189 92 221
person 0.0333 335 224 371 315
person 0.0333 370 104 389 145
person 0.0332 409 161 444 226
person 0.0330 310 226 353 320
person 0.0330 439 267 459 316
person 0.0330 190 140 242 225
person 0.0330 70 170 104 215
person 0.0329 195 123 205 147
person 0.0328 109 161 131 205
person 0.0326 175 70 191 107
person 0.0326 174 155 206 200
person 0.0325 394 237 423 297
person 0.0324 222 128 279 208
person 0.0323 269 227 289 258
person 0.0323 176 126 191 150
person 0.0321 150 88 163 119
person 0.0321 166 97 188 139
person 0.0320 237 114 266 148
person 0.0320 373 139 386 163
person 0.0319 155 187 227 238
person 0.0318 373 130 386 156
person 0.0318 259 190 306 288
person 0.0318 109 196 153 284
person 0.0317 295 137 309 159
person 0.0317 196 189 215 224
person 0.0317 359 113 380 151
person 0.0316 362 170 398 252
person 0.0316 473 276 492 312
person 0.0315 169 92 200 145
person 0.0314 185 128 198 151
person 0.0314 244 128 279 191
person 0.0314 47 200 69 233
person 0.0313 149 100 161 125
person 0.0313 181 154 201 185
person 0.0311 321 120 341 160
person 0.0310 191 176 225 233
person 0.0310 201 150 215 185
person 0.0309 365 144 380 168
person 0.0309 340 140 354 160
person 0.0308 158 198 181 232
person 0.0308 97 176 114 201
person 0.0308 87 205 107 237
person 0.0307 355 147 374 173
person 0.0305 194 112 206 141
person 0.0305 176 150 195 175
person 0.0305 126 97 147 146
person 0.0305 424 278 443 320
person 0.0305 50 191 116 286
person 0.0304 334 127 345 154
person 0.0303 62 193 88 227
person 0.0302 409 164 428 195
person 0.0302 223 164 288 239
person 0.0302 356 102 430 233
person 0.0300 134 104 150 130
person 0.0300 341 145 407 206
person 0.0300 158 124 174 153
person 0.0299 88 168 123 215
person 0.0299 256 109 317 190
person 0.0297 138 108 167 158
person 0.0297 116 122 130 160
person 0.0297 173 123 211 180
person 0.0294 190 111 209 153
person 0.0294 120 170 137 196
person 0.0293 160 157 177 188
person 0.0293 145 88 166 127
person 0.0293 123 185 145 220
person 0.0293 205 100 229 143
person 0.0291 185 132 199 168
person 0.0291 319 128 334 152
pottedplant 0.0655 30 1 117 54
pottedplant 0.0563 450 258 482 314
pottedplant 0.0511 448 226 497 321
pottedplant 0.0479 417 159 438 180
pottedplant 0.0437 53 2 93 52
pottedplant 0.0375 25 0 134 85
pottedplant 0.0363 413 158 440 192
pottedplant 0.0345 474 0 500 60
pottedplant 0.0328 454 261 474 295
pottedplant 0.0323 463 261 482 294
pottedplant 0.0321 463 252 498 309
pottedplant 0.0320 399 229 416 261
pottedplant 0.0310 479 2 498 40
pottedplant 0.0304 59 5 113 72
pottedplant 0.0288 8 0 107 36
pottedplant 0.0286 27 0 83 45
pottedplant 0.0282 450 260 464 293
pottedplant 0.0263 0 0 110 140
pottedplant 0.0263 418 149 435 174
pottedplant 0.0251 270 254 307 318
pottedplant 0.0250 11 0 61 54
pottedplant 0.0250 482 256 498 284
pottedplant 0.0243 453 257 493 284
pottedplant 0.0237 453 260 478 279
pottedplant 0.0237 395 223 423 270
pottedplant 0.0236 54 7 78 39
pottedplant 0.0221 58 15 86 60
pottedplant 0.0219 33 0 87 77
pottedplant 0.0218 474 259 491 282
pottedplant 0.0214 470 250 495 289
pottedplant 0.0213 463 219 500 289
pottedplant 0.0210 0 0 30 16
pottedplant 0.0207 73 0 123 47
pottedplant 0.0206 36 0 86 13
pottedplant 0.0201 411 141 440 182
pottedplant 0.0200 56 16 76 48
train 0.1287 42 6 442 321
train 0.0603 34 0 454 80
train 0.0387 0 0 496 183
train 0.0316 24 2 152 97
train 0.0263 0 0 261 317
train 0.0223 43 38 184 273
train 0.0210 58 3 229 94
tvmonitor 0.0485 267 256 302 316
tvmonitor 0.0281 431 249 497 323
tvmonitor 0.0208 181 148 203 171
tvmonitor 0.0204 480 74 497 109
tvmonitor 0.0202 169 124 199 150
tvmonitor 0.0201 161 133 206 173
tvmonitor 0.0200 117 119 153 160
