bird 0.0659 243 139 369 347
bird 0.0496 13 0 441 315
bird 0.0496 250 151 297 193
bird 0.0464 147 146 322 327
bird 0.0408 17 0 500 161
bird 0.0402 75 124 276 326
bird 0.0378 172 156 212 184
bird 0.0377 250 153 275 191
bird 0.0370 200 81 366 315
bird 0.0293 174 159 195 182
bird 0.0257 256 152 296 174
bird 0.0240 179 251 214 311
bird 0.0237 150 19 500 375
bird 0.0228 273 151 296 183
bird 0.0222 263 241 369 325
bird 0.0215 186 201 260 335
diningtable 0.0262 131 161 343 308
dog 0.5788 175 157 259 319
dog 0.0782 172 155 230 259
dog 0.0553 172 156 212 189
dog 0.0439 173 159 194 188
dog 0.0383 170 155 221 209
dog 0.0248 330 242 370 326
dog 0.0245 199 211 261 323
dog 0.0231 172 159 205 177
person 0.0437 79 98 255 340
person 0.0358 0 5 410 349
person 0.0320 164 134 303 347
person 0.0275 172 161 187 188
person 0.0257 7 0 192 334
person 0.0212 328 251 365 323
sheep 0.7178 255 150 369 322
sheep 0.1661 172 160 266 318
sheep 0.1396 217 153 331 324
sheep 0.0867 245 144 358 247
sheep 0.0772 249 151 296 212
sheep 0.0756 183 222 262 321
sheep 0.0589 249 153 279 198
sheep 0.0519 275 217 372 325
sheep 0.0415 169 152 235 268
sheep 0.0373 182 149 283 249
sheep 0.0371 247 151 325 195
sheep 0.0346 300 187 365 305
sheep 0.0334 194 93 372 344
sheep 0.0330 214 153 278 191
sheep 0.0287 255 135 475 328
sheep 0.0281 236 150 292 253
sheep 0.0260 289 166 365 261
sheep 0.0260 248 153 321 279
sheep 0.0253 256 153 363 209
sheep 0.0217 324 219 372 325
