aeroplane 0.0266 0 0 375 500
boat 0.0603 204 226 239 250
boat 0.0288 0 0 343 315
boat 0.0215 30 57 59 75
car 0.9708 0 306 166 427
car 0.0976 0 314 19 354
car 0.0870 0 312 42 366
car 0.0814 0 315 87 429
car 0.0641 0 311 31 345
car 0.0607 0 316 42 422
car 0.0545 0 312 139 379
car 0.0458 0 311 85 364
car 0.0452 65 309 167 407
car 0.0446 0 304 58 348
car 0.0425 0 318 29 388
car 0.0341 0 375 17 428
car 0.0338 2 322 36 352
car 0.0329 0 320 20 425
car 0.0316 6 313 40 336
car 0.0300 0 322 24 364
car 0.0278 0 388 56 433
car 0.0264 0 308 23 332
car 0.0251 0 330 170 500
car 0.0221 4 309 34 330
car 0.0214 0 333 19 381
car 0.0213 0 270 35 340
car 0.0208 106 316 169 397
car 0.0207 21 314 50 333
cat 0.0458 0 0 366 500
chair 0.0312 0 0 375 500
chair 0.0278 237 450 319 496
chair 0.0270 0 30 205 417
chair 0.0254 202 366 338 472
chair 0.0236 51 0 291 113
chair 0.0205 168 0 249 119
chair 0.0205 30 0 375 172
person 0.0799 0 0 271 500
person 0.0781 3 62 153 441
person 0.0257 255 84 279 116
person 0.0252 60 314 131 350
pottedplant 0.0362 310 262 352 347
sofa 0.0613 0 0 375 500
sofa 0.0421 0 273 249 438
sofa 0.0272 0 150 212 429
