bird 0.0561 352 37 499 298
bird 0.0422 325 232 497 332
bird 0.0237 339 160 498 306
bird 0.0218 2 223 141 330
bird 0.0211 399 196 498 320
bird 0.0205 51 273 256 330
bottle 0.0221 376 254 500 333
cat 0.0362 9 1 220 64
cat 0.0229 2 13 112 117
cat 0.0217 2 0 124 76
dog 0.8473 2 0 499 333
dog 0.1411 11 0 250 308
dog 0.1092 274 0 497 312
dog 0.0675 309 0 498 130
dog 0.0655 0 0 153 249
dog 0.0585 15 0 458 185
dog 0.0512 371 0 500 236
dog 0.0481 1 3 183 112
dog 0.0458 3 192 102 329
dog 0.0440 117 1 421 112
dog 0.0439 4 89 93 240
dog 0.0413 6 149 454 332
dog 0.0383 407 0 499 138
dog 0.0354 214 0 476 158
dog 0.0353 53 1 228 51
dog 0.0349 0 119 145 327
dog 0.0337 4 9 98 136
dog 0.0313 294 0 436 101
dog 0.0301 7 0 261 69
dog 0.0274 0 3 163 52
dog 0.0259 282 0 434 223
dog 0.0255 363 0 487 96
dog 0.0241 0 0 217 31
dog 0.0236 0 167 112 268
dog 0.0231 187 0 422 73
dog 0.0220 90 231 479 327
dog 0.0214 274 1 397 148
dog 0.0207 61 3 327 93
dog 0.0207 101 2 291 59
dog 0.0206 293 181 500 333
person 0.0435 375 57 500 297
person 0.0336 302 0 408 112
person 0.0282 288 0 388 70
person 0.0280 187 0 280 16
person 0.0280 329 0 456 107
person 0.0258 167 0 244 18
person 0.0240 0 298 22 333
person 0.0230 340 2 429 59
person 0.0230 191 0 239 14
person 0.0221 175 2 376 63
person 0.0204 0 229 84 328
