aeroplane 0.0504 0 58 432 375
aeroplane 0.0250 6 214 500 375
boat 0.0343 0 0 479 375
boat 0.0243 38 17 79 39
bottle 0.4382 343 51 364 95
bottle 0.1072 326 339 353 375
bottle 0.1030 261 91 276 130
bottle 0.0929 239 80 265 131
bottle 0.0918 381 26 419 92
bottle 0.0759 347 343 387 375
bottle 0.0756 361 55 381 92
bottle 0.0696 361 9 423 94
bottle 0.0670 250 86 270 132
bottle 0.0642 393 47 411 92
bottle 0.0614 368 56 387 92
bottle 0.0613 345 342 366 375
bottle 0.0586 370 36 408 93
bottle 0.0567 352 48 384 94
bottle 0.0506 385 48 405 91
bottle 0.0502 224 100 237 129
bottle 0.0497 392 22 423 80
bottle 0.0490 337 333 376 375
bottle 0.0475 398 62 419 93
bottle 0.0473 430 65 450 95
bottle 0.0453 375 53 396 91
bottle 0.0447 408 65 427 93
bottle 0.0393 402 45 428 94
bottle 0.0389 229 90 244 128
bottle 0.0367 257 80 281 130
bottle 0.0367 398 40 420 85
bottle 0.0361 221 85 240 130
bottle 0.0359 228 62 263 132
bottle 0.0351 334 53 352 92
bottle 0.0348 390 33 413 72
bottle 0.0325 273 0 299 61
bottle 0.0316 218 99 230 130
bottle 0.0306 381 67 408 92
bottle 0.0302 227 80 251 129
bottle 0.0300 417 67 432 94
bottle 0.0294 347 21 395 92
bottle 0.0282 237 101 258 131
bottle 0.0281 330 35 371 98
bottle 0.0281 348 62 369 95
bottle 0.0277 344 53 378 106
bottle 0.0276 313 340 341 372
bottle 0.0269 316 321 352 374
bottle 0.0262 330 319 361 375
bottle 0.0260 392 73 415 93
bottle 0.0247 266 87 283 127
bottle 0.0244 0 0 27 77
bottle 0.0236 230 106 244 131
bottle 0.0228 262 81 276 109
bottle 0.0221 373 74 400 93
bottle 0.0216 240 356 297 374
bottle 0.0212 358 55 400 93
bottle 0.0208 335 48 368 120
bottle 0.0207 254 77 269 109
chair 0.6274 44 227 208 375
chair 0.5259 349 213 498 375
chair 0.5201 235 272 347 373
chair 0.3033 269 246 461 374
chair 0.2588 87 247 301 375
chair 0.2111 332 98 479 340
chair 0.1986 368 289 500 374
chair 0.1115 411 234 499 368
chair 0.1063 208 181 339 362
chair 0.1047 343 222 481 314
chair 0.0971 214 148 292 260
chair 0.0883 142 203 194 291
chair 0.0880 232 333 347 373
chair 0.0861 362 258 500 343
chair 0.0853 122 219 201 320
chair 0.0834 170 229 404 375
chair 0.0824 201 259 299 373
chair 0.0792 315 253 396 375
chair 0.0755 190 231 228 293
chair 0.0754 347 86 454 238
chair 0.0726 40 216 142 345
chair 0.0695 195 222 225 260
chair 0.0694 20 187 55 272
chair 0.0680 62 229 196 318
chair 0.0656 220 173 491 374
chair 0.0635 231 277 306 358
chair 0.0613 439 284 498 375
chair 0.0595 349 279 420 375
chair 0.0593 412 94 470 218
chair 0.0574 309 283 360 373
chair 0.0548 10 217 75 360
chair 0.0530 91 205 230 333
chair 0.0529 149 257 337 357
chair 0.0529 203 221 286 256
chair 0.0528 37 308 203 372
chair 0.0520 173 230 215 294
chair 0.0517 374 159 500 337
chair 0.0506 395 242 496 318
chair 0.0505 239 353 341 375
chair 0.0503 43 228 131 297
chair 0.0495 289 264 346 349
chair 0.0475 0 213 48 375
chair 0.0472 172 205 211 274
chair 0.0470 131 238 212 368
chair 0.0470 190 253 233 310
chair 0.0469 190 152 299 314
chair 0.0460 243 316 385 375
chair 0.0457 195 197 291 267
chair 0.0455 249 209 372 368
chair 0.0449 343 223 438 283
chair 0.0447 343 142 439 295
chair 0.0446 327 211 411 345
chair 0.0445 326 284 379 375
chair 0.0443 292 296 345 370
chair 0.0443 314 324 363 372
chair 0.0439 358 312 450 374
chair 0.0439 186 202 227 277
chair 0.0437 337 316 403 374
chair 0.0436 137 243 199 295
chair 0.0433 318 338 386 373
chair 0.0426 234 264 317 324
chair 0.0418 269 291 331 368
chair 0.0416 447 246 500 352
chair 0.0405 157 249 240 374
chair 0.0398 3 183 52 304
chair 0.0385 236 270 284 338
chair 0.0378 195 200 278 332
chair 0.0377 153 209 220 305
chair 0.0377 190 249 266 303
chair 0.0377 22 211 47 266
chair 0.0377 342 259 450 358
chair 0.0373 240 300 317 375
chair 0.0371 43 184 368 373
chair 0.0370 385 82 487 277
chair 0.0367 48 225 129 264
chair 0.0363 276 223 310 272
chair 0.0362 83 224 181 286
chair 0.0361 217 275 273 367
chair 0.0359 329 95 410 256
chair 0.0355 38 238 111 371
chair 0.0354 400 276 500 328
chair 0.0348 223 131 333 313
chair 0.0346 347 331 391 375
chair 0.0344 277 323 355 372
chair 0.0334 198 281 254 373
chair 0.0331 189 224 289 297
chair 0.0328 27 212 76 265
chair 0.0328 461 314 500 375
chair 0.0325 190 250 264 357
chair 0.0324 132 189 275 309
chair 0.0323 80 225 142 275
chair 0.0321 189 257 208 293
chair 0.0321 345 219 421 260
chair 0.0320 416 43 472 182
chair 0.0319 182 221 240 307
chair 0.0316 350 339 437 374
chair 0.0315 221 188 280 258
chair 0.0313 357 90 468 177
chair 0.0306 352 185 483 288
chair 0.0306 130 219 177 287
chair 0.0305 234 102 394 353
chair 0.0305 262 265 343 324
chair 0.0300 437 256 498 311
chair 0.0297 429 92 481 189
chair 0.0296 311 265 353 334
chair 0.0296 352 219 471 264
chair 0.0295 438 339 499 375
chair 0.0294 204 262 282 329
chair 0.0294 89 251 206 308
chair 0.0293 230 264 285 310
chair 0.0293 346 289 392 368
chair 0.0293 175 254 218 312
chair 0.0291 192 225 209 258
chair 0.0289 349 51 442 190
chair 0.0288 394 332 494 372
chair 0.0286 229 199 347 302
chair 0.0286 371 223 499 282
chair 0.0285 333 275 370 347
chair 0.0283 28 210 93 321
chair 0.0279 320 23 450 265
chair 0.0276 357 274 475 323
chair 0.0276 465 94 498 184
chair 0.0274 190 228 261 273
chair 0.0273 150 284 207 375
chair 0.0272 0 258 136 365
chair 0.0271 0 309 52 375
chair 0.0267 164 208 197 278
chair 0.0267 159 177 267 274
chair 0.0267 125 234 205 279
chair 0.0264 131 187 222 284
chair 0.0262 161 256 227 294
chair 0.0260 257 280 358 342
chair 0.0259 195 187 229 259
chair 0.0255 403 268 496 306
chair 0.0255 42 226 100 280
chair 0.0254 12 207 68 278
chair 0.0253 451 229 500 306
chair 0.0252 99 230 170 313
chair 0.0250 101 220 162 265
chair 0.0243 192 260 219 294
chair 0.0243 205 182 347 257
chair 0.0243 408 94 459 173
chair 0.0241 274 195 310 261
chair 0.0239 253 63 425 285
chair 0.0239 208 225 230 258
chair 0.0238 179 212 201 259
chair 0.0238 344 241 431 315
chair 0.0238 389 305 492 332
chair 0.0236 32 228 75 295
chair 0.0235 192 255 309 312
chair 0.0233 130 230 324 324
chair 0.0233 422 80 467 162
chair 0.0232 113 222 192 260
chair 0.0231 248 243 332 344
chair 0.0230 336 197 440 261
chair 0.0230 261 234 413 309
chair 0.0230 147 245 235 322
chair 0.0229 32 224 51 264
chair 0.0228 0 337 68 374
chair 0.0227 319 171 420 273
chair 0.0227 128 298 304 373
chair 0.0227 195 309 340 374
chair 0.0227 409 216 486 304
chair 0.0225 7 209 123 276
chair 0.0225 273 335 412 375
chair 0.0224 184 227 198 258
chair 0.0223 214 318 268 371
chair 0.0223 148 255 211 306
chair 0.0221 413 302 500 346
chair 0.0220 453 88 500 221
chair 0.0220 349 298 472 353
chair 0.0219 271 106 376 284
chair 0.0219 20 219 55 312
chair 0.0216 399 221 490 256
chair 0.0216 367 214 456 250
chair 0.0216 201 240 276 286
chair 0.0216 180 248 206 296
chair 0.0214 216 224 309 274
chair 0.0214 3 256 42 351
chair 0.0213 240 144 316 268
chair 0.0211 219 232 278 253
chair 0.0211 462 284 500 353
chair 0.0210 185 255 202 289
chair 0.0210 39 227 60 262
chair 0.0210 196 226 250 258
chair 0.0209 302 231 361 337
chair 0.0208 299 249 342 316
chair 0.0206 187 239 213 287
chair 0.0206 223 222 315 318
chair 0.0205 6 220 43 315
chair 0.0205 210 258 297 295
chair 0.0202 200 197 249 258
chair 0.0202 191 293 234 372
chair 0.0202 479 335 499 375
chair 0.0202 36 221 172 269
chair 0.0201 220 255 268 313
chair 0.0200 172 297 212 372
chair 0.0200 168 220 194 266
chair 0.0200 202 340 285 374
chair 0.0200 425 43 465 136
chair 0.0200 161 220 223 257
diningtable 0.0814 137 235 421 374
diningtable 0.0354 70 161 497 372
diningtable 0.0324 39 206 328 359
diningtable 0.0239 106 163 334 285
diningtable 0.0233 177 152 389 273
diningtable 0.0230 339 46 423 97
diningtable 0.0222 282 81 492 210
diningtable 0.0210 223 107 459 250
diningtable 0.0209 129 222 242 289
person 0.1744 374 15 420 92
person 0.0776 0 0 357 375
person 0.0446 33 112 224 375
person 0.0426 338 56 495 375
person 0.0398 380 24 412 77
person 0.0377 373 36 406 90
person 0.0374 429 55 453 95
person 0.0368 343 4 425 92
person 0.0368 0 341 59 375
person 0.0299 346 52 415 95
person 0.0257 124 0 487 375
person 0.0238 359 30 441 93
person 0.0233 59 0 271 257
person 0.0210 73 0 168 130
person 0.0200 215 0 298 132
pottedplant 0.4005 425 24 464 95
pottedplant 0.1995 159 194 189 261
pottedplant 0.1580 430 21 457 70
pottedplant 0.1185 323 340 354 375
pottedplant 0.1136 17 184 53 261
pottedplant 0.0951 429 44 455 95
pottedplant 0.0951 418 10 487 91
pottedplant 0.0881 147 197 192 286
pottedplant 0.0850 386 17 427 92
pottedplant 0.0827 167 192 185 243
pottedplant 0.0816 431 20 454 50
pottedplant 0.0704 411 20 458 79
pottedplant 0.0671 221 14 287 133
pottedplant 0.0644 207 128 288 260
pottedplant 0.0628 420 22 471 140
pottedplant 0.0594 449 10 495 91
pottedplant 0.0571 290 345 353 375
pottedplant 0.0565 233 70 265 131
pottedplant 0.0536 150 201 180 261
pottedplant 0.0525 402 35 429 88
pottedplant 0.0520 371 11 466 96
pottedplant 0.0505 408 32 443 95
pottedplant 0.0490 171 199 209 263
pottedplant 0.0484 239 353 340 375
pottedplant 0.0465 165 215 185 258
pottedplant 0.0454 21 188 49 228
pottedplant 0.0419 433 35 460 84
pottedplant 0.0409 425 24 447 62
pottedplant 0.0407 191 180 225 255
pottedplant 0.0407 404 40 467 89
pottedplant 0.0400 354 0 421 92
pottedplant 0.0400 200 32 318 268
pottedplant 0.0396 442 26 465 63
pottedplant 0.0396 429 71 452 95
pottedplant 0.0393 173 207 191 257
pottedplant 0.0388 414 38 435 86
pottedplant 0.0387 225 27 263 125
pottedplant 0.0385 418 39 432 73
pottedplant 0.0384 342 0 445 121
pottedplant 0.0363 370 13 471 172
pottedplant 0.0361 165 192 186 215
pottedplant 0.0357 171 193 188 227
pottedplant 0.0354 198 92 216 130
pottedplant 0.0351 419 32 471 75
pottedplant 0.0351 157 219 178 258
pottedplant 0.0347 157 192 186 225
pottedplant 0.0344 409 30 427 71
pottedplant 0.0343 271 68 299 130
pottedplant 0.0342 223 84 238 126
pottedplant 0.0341 332 6 464 225
pottedplant 0.0335 141 191 212 265
pottedplant 0.0333 419 47 481 95
pottedplant 0.0329 152 214 169 259
pottedplant 0.0324 204 92 221 130
pottedplant 0.0322 197 77 229 132
pottedplant 0.0321 241 74 263 113
pottedplant 0.0317 218 77 245 131
pottedplant 0.0317 234 62 260 110
pottedplant 0.0316 425 55 446 93
pottedplant 0.0309 301 356 348 374
pottedplant 0.0309 418 50 432 86
pottedplant 0.0305 217 93 230 128
pottedplant 0.0299 205 22 255 131
pottedplant 0.0287 190 142 249 261
pottedplant 0.0287 234 36 269 104
pottedplant 0.0286 267 318 355 375
pottedplant 0.0285 274 0 299 63
pottedplant 0.0285 424 35 446 74
pottedplant 0.0279 313 345 341 375
pottedplant 0.0278 318 348 375 375
pottedplant 0.0278 245 2 296 111
pottedplant 0.0276 405 68 429 92
pottedplant 0.0273 434 15 471 65
pottedplant 0.0268 179 207 200 257
pottedplant 0.0265 213 82 234 130
pottedplant 0.0264 279 109 306 130
pottedplant 0.0263 136 152 203 284
pottedplant 0.0262 413 3 491 168
pottedplant 0.0256 393 49 425 93
pottedplant 0.0255 418 29 431 62
pottedplant 0.0249 272 32 304 123
pottedplant 0.0249 276 48 296 108
pottedplant 0.0249 415 22 436 69
pottedplant 0.0246 151 124 319 282
pottedplant 0.0246 253 42 292 131
pottedplant 0.0245 391 31 500 99
pottedplant 0.0243 235 341 369 375
pottedplant 0.0242 276 89 295 128
pottedplant 0.0242 246 115 320 260
pottedplant 0.0242 132 190 181 267
pottedplant 0.0240 164 156 224 265
pottedplant 0.0240 194 148 228 239
pottedplant 0.0239 309 328 350 374
pottedplant 0.0239 225 79 238 110
pottedplant 0.0239 401 59 447 95
pottedplant 0.0233 155 202 182 234
pottedplant 0.0231 274 356 334 374
pottedplant 0.0227 440 42 465 80
pottedplant 0.0227 207 68 238 133
pottedplant 0.0225 201 48 214 93
pottedplant 0.0225 396 39 423 71
pottedplant 0.0222 269 97 301 130
pottedplant 0.0222 394 75 426 92
pottedplant 0.0221 233 65 298 132
pottedplant 0.0221 434 25 479 84
pottedplant 0.0219 378 76 412 92
pottedplant 0.0218 278 68 294 115
pottedplant 0.0216 243 63 262 99
pottedplant 0.0215 420 3 456 54
pottedplant 0.0213 439 0 489 65
pottedplant 0.0211 230 76 244 108
pottedplant 0.0210 106 105 265 328
pottedplant 0.0208 323 358 355 375
pottedplant 0.0206 225 103 240 127
pottedplant 0.0205 327 10 406 133
pottedplant 0.0205 379 40 442 90
pottedplant 0.0205 223 39 255 102
pottedplant 0.0205 251 6 316 140
pottedplant 0.0203 440 21 466 47
pottedplant 0.0201 227 68 249 116
pottedplant 0.0200 233 6 281 92
pottedplant 0.0200 202 41 221 94
sofa 0.4023 37 227 214 372
sofa 0.2886 326 221 500 374
sofa 0.0274 91 231 453 375
train 0.0593 0 0 470 348
tvmonitor 0.0472 213 127 294 256
