aeroplane 0.0424 0 42 491 258
boat 0.0633 0 17 500 328
boat 0.0400 17 61 401 221
boat 0.0295 170 2 400 272
boat 0.0234 240 7 471 290
boat 0.0213 25 39 406 147
boat 0.0200 136 71 427 190
bottle 0.6795 434 86 464 153
bottle 0.2840 401 88 434 154
bottle 0.2641 411 104 437 154
bottle 0.2480 385 90 418 153
bottle 0.2158 395 81 424 145
bottle 0.2105 447 84 466 133
bottle 0.2018 456 105 495 174
bottle 0.2013 417 87 453 154
bottle 0.1861 441 101 476 181
bottle 0.1820 453 89 472 129
bottle 0.1638 423 84 470 177
bottle 0.1500 454 106 474 143
bottle 0.1418 391 97 413 143
bottle 0.1408 470 119 500 191
bottle 0.1379 97 298 112 338
bottle 0.1334 452 85 494 148
bottle 0.1267 401 84 418 133
bottle 0.1262 413 127 437 155
bottle 0.1227 442 99 466 146
bottle 0.1225 57 191 95 240
bottle 0.1102 406 100 430 145
bottle 0.1009 467 95 500 162
bottle 0.0965 420 117 437 150
bottle 0.0959 453 121 476 152
bottle 0.0952 391 98 430 173
bottle 0.0947 430 108 459 159
bottle 0.0899 380 94 416 130
bottle 0.0897 460 129 487 181
bottle 0.0889 446 95 478 149
bottle 0.0880 397 102 417 150
bottle 0.0846 457 114 499 149
bottle 0.0840 477 139 498 184
bottle 0.0816 442 85 500 178
bottle 0.0811 0 186 86 248
bottle 0.0804 420 126 475 183
bottle 0.0794 172 271 217 370
bottle 0.0786 414 92 436 132
bottle 0.0773 390 111 415 160
bottle 0.0772 457 87 487 132
bottle 0.0764 441 83 478 131
bottle 0.0761 354 89 413 137
bottle 0.0749 381 86 456 161
bottle 0.0736 472 105 500 259
bottle 0.0713 464 77 499 133
bottle 0.0708 347 83 374 111
bottle 0.0705 436 85 463 124
bottle 0.0685 430 63 489 152
bottle 0.0685 55 195 77 234
bottle 0.0680 457 110 485 142
bottle 0.0679 478 83 498 120
bottle 0.0673 0 206 75 272
bottle 0.0667 0 219 53 318
bottle 0.0656 423 105 439 139
bottle 0.0646 459 121 486 152
bottle 0.0639 442 140 489 181
bottle 0.0637 43 156 97 244
bottle 0.0634 402 84 457 134
bottle 0.0633 444 111 489 155
bottle 0.0632 43 190 80 241
bottle 0.0631 454 146 478 180
bottle 0.0620 402 79 418 111
bottle 0.0606 470 85 493 119
bottle 0.0603 364 92 429 187
bottle 0.0589 46 192 69 229
bottle 0.0588 371 92 432 135
bottle 0.0585 397 128 416 156
bottle 0.0582 424 91 441 128
bottle 0.0577 0 225 38 283
bottle 0.0573 432 89 456 134
bottle 0.0568 456 136 478 168
bottle 0.0564 455 252 500 375
bottle 0.0540 396 80 415 119
bottle 0.0536 420 97 445 146
bottle 0.0530 399 119 439 158
bottle 0.0521 439 117 491 201
bottle 0.0517 407 114 463 172
bottle 0.0505 445 117 465 157
bottle 0.0498 377 95 401 126
bottle 0.0485 477 110 500 145
bottle 0.0479 474 137 500 220
bottle 0.0476 463 108 497 136
bottle 0.0472 404 79 424 121
bottle 0.0456 428 146 473 179
bottle 0.0454 479 49 500 116
bottle 0.0449 379 102 413 177
bottle 0.0444 393 128 412 165
bottle 0.0440 454 36 499 139
bottle 0.0436 220 175 264 236
bottle 0.0435 479 121 500 165
bottle 0.0430 462 83 482 116
bottle 0.0427 422 130 439 160
bottle 0.0426 470 148 493 185
bottle 0.0425 33 299 175 374
bottle 0.0425 406 134 434 157
bottle 0.0417 2 233 62 276
bottle 0.0414 387 129 445 181
bottle 0.0411 472 53 500 149
bottle 0.0410 385 80 421 121
bottle 0.0405 5 245 30 279
bottle 0.0403 1 243 19 286
bottle 0.0400 163 218 227 360
bottle 0.0395 135 282 236 373
bottle 0.0393 1 244 36 307
bottle 0.0391 403 92 430 127
bottle 0.0390 378 60 423 137
bottle 0.0389 454 354 500 373
bottle 0.0387 387 98 446 142
bottle 0.0384 0 221 39 249
bottle 0.0382 224 186 301 286
bottle 0.0381 412 99 482 207
bottle 0.0379 0 230 24 298
bottle 0.0378 451 84 473 112
bottle 0.0378 428 124 455 153
bottle 0.0377 102 305 157 369
bottle 0.0377 463 150 484 184
bottle 0.0372 458 310 500 375
bottle 0.0372 162 202 187 225
bottle 0.0369 381 21 477 148
bottle 0.0363 424 82 466 132
bottle 0.0352 429 101 485 142
bottle 0.0350 432 116 498 254
bottle 0.0344 143 298 191 369
bottle 0.0344 375 99 404 147
bottle 0.0343 231 203 281 271
bottle 0.0343 345 66 378 113
bottle 0.0342 473 100 500 128
bottle 0.0339 469 129 494 171
bottle 0.0335 60 120 77 160
bottle 0.0333 34 180 70 231
bottle 0.0329 393 136 477 193
bottle 0.0328 4 230 32 269
bottle 0.0328 48 194 88 219
bottle 0.0325 395 80 416 101
bottle 0.0325 64 191 96 222
bottle 0.0321 385 84 406 115
bottle 0.0321 223 194 283 246
bottle 0.0315 434 129 465 161
bottle 0.0315 229 191 256 229
bottle 0.0311 459 105 499 125
bottle 0.0310 445 139 469 177
bottle 0.0303 27 195 103 249
bottle 0.0301 0 225 22 264
bottle 0.0297 12 239 37 274
bottle 0.0288 177 292 207 363
bottle 0.0287 391 132 428 161
bottle 0.0286 0 228 90 302
bottle 0.0285 91 295 207 374
bottle 0.0283 306 213 356 284
bottle 0.0281 0 217 65 246
bottle 0.0279 385 123 412 150
bottle 0.0273 443 291 491 374
bottle 0.0273 470 55 495 113
bottle 0.0272 63 195 129 240
bottle 0.0266 337 250 358 286
bottle 0.0263 457 93 500 122
bottle 0.0263 448 0 465 33
bottle 0.0261 349 313 498 374
bottle 0.0260 416 81 435 117
bottle 0.0259 442 85 461 111
bottle 0.0258 364 62 403 125
bottle 0.0257 367 110 440 152
bottle 0.0256 5 249 47 273
bottle 0.0255 175 247 217 331
bottle 0.0254 415 130 452 160
bottle 0.0253 369 114 405 178
bottle 0.0251 222 210 266 287
bottle 0.0250 394 130 427 149
bottle 0.0250 58 173 90 227
bottle 0.0249 461 6 485 39
bottle 0.0248 0 226 13 305
bottle 0.0247 488 24 500 113
bottle 0.0245 81 297 125 369
bottle 0.0244 1 263 37 334
bottle 0.0244 450 1 481 43
bottle 0.0243 445 83 468 104
bottle 0.0241 334 247 363 302
bottle 0.0241 336 50 393 130
bottle 0.0240 58 217 89 242
bottle 0.0237 455 145 498 187
bottle 0.0234 388 132 414 178
bottle 0.0232 179 300 234 365
bottle 0.0232 0 224 58 259
bottle 0.0232 53 208 82 239
bottle 0.0232 189 205 257 320
bottle 0.0230 89 297 118 338
bottle 0.0229 215 198 276 313
bottle 0.0229 73 198 99 237
bottle 0.0229 464 17 498 112
bottle 0.0228 186 264 225 341
bottle 0.0228 240 199 336 274
bottle 0.0224 302 133 329 162
bottle 0.0223 0 285 37 371
bottle 0.0222 61 319 145 372
bottle 0.0219 23 192 81 227
bottle 0.0219 90 297 146 348
bottle 0.0218 208 192 256 238
bottle 0.0218 309 345 381 375
bottle 0.0218 387 81 405 105
bottle 0.0217 434 332 497 375
bottle 0.0217 299 135 332 196
bottle 0.0216 188 229 230 316
bottle 0.0216 430 84 456 110
bottle 0.0216 354 81 444 130
bottle 0.0216 442 2 461 38
bottle 0.0215 167 291 286 372
bottle 0.0215 120 314 176 375
bottle 0.0214 36 195 72 218
bottle 0.0213 435 130 500 169
bottle 0.0213 52 144 86 221
bottle 0.0212 202 302 252 368
bottle 0.0211 157 280 210 343
bottle 0.0210 462 146 497 166
bottle 0.0209 379 88 396 112
bottle 0.0209 388 102 429 122
bottle 0.0209 384 140 405 177
bottle 0.0208 453 347 483 375
bottle 0.0207 351 352 443 375
bottle 0.0206 445 82 498 115
bottle 0.0206 401 264 495 375
bottle 0.0206 431 131 453 172
bottle 0.0206 461 141 498 157
bottle 0.0206 363 124 442 167
bottle 0.0204 345 71 422 147
bottle 0.0204 0 245 38 268
bottle 0.0203 0 198 48 245
bottle 0.0202 51 339 169 373
bottle 0.0200 307 247 353 282
bottle 0.0200 429 0 466 43
chair 0.1363 0 239 163 375
chair 0.0843 0 279 105 373
chair 0.0805 1 266 45 375
chair 0.0803 229 174 354 291
chair 0.0797 8 295 182 371
chair 0.0786 0 208 109 349
chair 0.0714 309 241 478 372
chair 0.0644 0 219 57 349
chair 0.0598 0 339 79 374
chair 0.0558 323 175 458 325
chair 0.0554 212 265 446 372
chair 0.0549 0 346 45 375
chair 0.0514 0 312 39 375
chair 0.0507 2 245 40 330
chair 0.0501 0 185 99 246
chair 0.0464 0 328 171 375
chair 0.0410 330 297 489 373
chair 0.0393 0 190 67 295
chair 0.0388 225 231 368 344
chair 0.0380 462 125 500 289
chair 0.0366 0 249 79 327
chair 0.0359 278 137 498 315
chair 0.0358 0 203 159 285
chair 0.0342 144 205 251 345
chair 0.0341 82 228 187 363
chair 0.0335 217 153 328 250
chair 0.0328 219 195 317 356
chair 0.0322 192 269 344 368
chair 0.0320 459 237 500 375
chair 0.0305 109 272 242 367
chair 0.0300 50 197 159 326
chair 0.0291 1 355 64 374
chair 0.0286 191 216 279 360
chair 0.0279 0 233 83 287
chair 0.0275 222 191 315 277
chair 0.0270 0 235 30 362
chair 0.0265 272 261 382 375
chair 0.0260 59 191 137 243
chair 0.0252 412 228 480 341
chair 0.0251 417 256 497 375
chair 0.0249 38 186 173 266
chair 0.0246 437 174 490 280
chair 0.0243 217 189 277 246
chair 0.0242 315 217 415 360
chair 0.0242 254 215 380 314
chair 0.0237 7 282 115 334
chair 0.0237 418 155 500 264
chair 0.0236 10 351 102 375
chair 0.0226 142 188 262 273
chair 0.0224 0 332 23 374
chair 0.0220 152 201 240 235
chair 0.0219 22 189 103 284
chair 0.0215 120 196 227 315
chair 0.0211 95 194 185 316
chair 0.0208 88 121 189 221
chair 0.0205 120 201 210 234
chair 0.0204 116 139 176 219
chair 0.0204 83 186 149 227
chair 0.0202 91 199 175 236
diningtable 0.6331 0 208 480 371
diningtable 0.3022 4 202 248 375
diningtable 0.1931 52 110 375 354
diningtable 0.1919 47 195 352 322
diningtable 0.1870 145 129 498 374
diningtable 0.1753 198 228 500 370
diningtable 0.1704 61 286 440 375
diningtable 0.1111 103 200 305 375
diningtable 0.1059 179 149 355 367
diningtable 0.0901 124 216 415 337
diningtable 0.0876 201 201 353 286
diningtable 0.0865 9 294 263 374
diningtable 0.0777 424 102 498 186
diningtable 0.0770 157 247 387 371
diningtable 0.0724 99 305 314 372
diningtable 0.0686 0 312 178 372
diningtable 0.0672 404 88 500 154
diningtable 0.0646 237 124 472 303
diningtable 0.0644 391 96 479 183
diningtable 0.0630 384 131 500 190
diningtable 0.0629 89 206 272 285
diningtable 0.0610 100 83 335 230
diningtable 0.0582 178 305 430 371
diningtable 0.0560 305 107 500 257
diningtable 0.0541 393 86 466 139
diningtable 0.0524 446 110 500 162
diningtable 0.0509 258 291 487 375
diningtable 0.0478 0 199 192 310
diningtable 0.0463 322 111 465 180
diningtable 0.0447 437 108 490 145
diningtable 0.0431 340 93 463 153
diningtable 0.0422 206 255 393 332
diningtable 0.0402 130 74 456 282
diningtable 0.0370 10 255 178 355
diningtable 0.0368 306 83 500 188
diningtable 0.0366 32 186 261 267
diningtable 0.0355 406 141 489 181
diningtable 0.0336 117 256 344 335
diningtable 0.0335 167 210 304 313
diningtable 0.0322 134 268 270 368
diningtable 0.0320 375 76 491 135
diningtable 0.0319 448 128 500 178
diningtable 0.0311 436 95 490 131
diningtable 0.0307 411 136 500 228
diningtable 0.0297 0 149 237 293
diningtable 0.0287 173 185 330 264
diningtable 0.0281 69 212 206 328
diningtable 0.0275 109 237 243 349
diningtable 0.0274 0 189 109 245
diningtable 0.0264 391 129 477 168
diningtable 0.0264 0 0 492 375
diningtable 0.0254 0 207 123 267
diningtable 0.0244 109 201 248 255
diningtable 0.0229 0 230 123 303
diningtable 0.0227 73 303 217 371
diningtable 0.0223 427 117 486 152
diningtable 0.0221 416 49 500 137
diningtable 0.0209 395 153 494 202
diningtable 0.0207 170 108 360 270
diningtable 0.0206 423 83 483 123
diningtable 0.0202 62 195 205 243
person 0.8759 220 82 340 288
person 0.7940 316 98 473 341
person 0.7887 0 59 95 262
person 0.3995 264 91 428 325
person 0.3570 3 65 132 349
person 0.2536 203 127 475 368
person 0.2022 0 192 167 375
person 0.1981 164 100 324 338
person 0.1956 129 160 398 355
person 0.1360 308 95 410 241
person 0.1212 0 151 112 267
person 0.1088 285 202 482 375
person 0.1086 320 94 394 149
person 0.1069 225 83 327 184
person 0.1067 317 100 415 177
person 0.1015 5 227 102 375
person 0.0940 342 84 376 115
person 0.0932 22 115 97 244
person 0.0917 36 112 246 342
person 0.0869 379 135 490 360
person 0.0851 452 219 500 375
person 0.0846 342 92 422 153
person 0.0836 62 67 348 304
person 0.0808 256 140 375 313
person 0.0761 317 86 467 193
person 0.0719 8 55 165 232
person 0.0690 326 86 378 136
person 0.0687 223 76 405 228
person 0.0677 2 53 117 181
person 0.0652 5 77 73 213
person 0.0639 226 163 361 359
person 0.0631 52 42 500 351
person 0.0606 280 157 354 283
person 0.0601 377 92 470 234
person 0.0597 224 120 316 252
person 0.0591 398 86 492 177
person 0.0566 313 101 363 163
person 0.0557 340 86 389 125
person 0.0551 297 88 342 154
person 0.0526 277 85 328 156
person 0.0518 421 175 495 363
person 0.0504 228 170 348 274
person 0.0499 460 151 500 318
person 0.0492 46 76 94 193
person 0.0491 367 232 477 370
person 0.0480 337 173 451 355
person 0.0478 351 104 500 261
person 0.0475 456 354 500 374
person 0.0467 6 314 187 373
person 0.0467 256 82 321 142
person 0.0465 139 78 342 234
person 0.0462 0 191 61 367
person 0.0461 1 60 82 148
person 0.0459 457 289 499 375
person 0.0450 259 85 383 143
person 0.0446 73 62 278 235
person 0.0446 2 84 39 167
person 0.0426 297 110 343 176
person 0.0424 275 88 366 241
person 0.0417 403 81 418 101
person 0.0401 358 94 428 200
person 0.0398 364 105 408 178
person 0.0393 367 110 500 189
person 0.0388 429 145 496 277
person 0.0387 268 93 335 196
person 0.0374 400 78 421 121
person 0.0360 305 76 418 156
person 0.0344 53 117 91 213
person 0.0342 345 96 413 130
person 0.0338 309 111 372 196
person 0.0336 3 222 445 375
person 0.0333 334 120 456 208
person 0.0333 50 99 149 240
person 0.0333 217 105 277 237
person 0.0331 414 275 500 374
person 0.0324 370 48 484 182
person 0.0310 97 86 182 220
person 0.0305 159 85 240 225
person 0.0303 331 101 386 127
person 0.0302 6 58 75 113
person 0.0302 303 126 328 153
person 0.0301 57 146 102 238
person 0.0300 0 126 72 246
person 0.0294 0 70 40 229
person 0.0293 38 94 79 177
person 0.0291 315 121 384 274
person 0.0283 413 216 479 337
person 0.0281 11 83 61 161
person 0.0280 55 119 81 180
person 0.0278 233 89 284 160
person 0.0277 449 331 500 375
person 0.0276 332 93 367 122
person 0.0275 348 82 403 113
person 0.0274 296 98 322 150
person 0.0274 225 158 284 250
person 0.0273 61 91 101 166
person 0.0270 299 113 332 158
person 0.0269 273 197 363 327
person 0.0266 314 128 333 152
person 0.0265 437 230 489 345
person 0.0265 328 112 398 211
person 0.0259 297 131 342 202
person 0.0256 272 126 336 247
person 0.0252 325 106 367 142
person 0.0251 61 115 82 162
person 0.0242 300 184 363 292
person 0.0242 332 118 430 269
person 0.0237 0 64 54 130
person 0.0235 295 32 445 205
person 0.0233 118 127 352 268
person 0.0227 437 184 488 294
person 0.0227 0 88 23 159
person 0.0226 117 45 230 223
person 0.0225 84 306 207 375
person 0.0224 39 23 166 177
person 0.0224 231 194 313 303
person 0.0223 385 75 420 134
person 0.0221 220 138 263 227
person 0.0221 377 127 422 195
person 0.0220 375 1 486 136
person 0.0220 0 202 93 274
person 0.0220 424 195 470 261
person 0.0220 276 110 463 251
person 0.0218 222 110 266 187
person 0.0217 467 198 498 284
person 0.0217 396 171 470 319
person 0.0212 330 37 401 136
person 0.0212 354 109 392 176
person 0.0211 2 89 21 134
person 0.0210 27 141 163 306
person 0.0210 356 92 399 123
person 0.0209 0 115 36 205
person 0.0202 358 94 402 148
person 0.0202 288 88 357 134
person 0.0201 327 83 445 134
pottedplant 0.0303 472 25 500 156
pottedplant 0.0261 449 93 500 134
pottedplant 0.0236 444 67 500 148
pottedplant 0.0208 431 84 497 124
sofa 0.0438 85 58 500 322
train 0.0203 22 0 491 232
tvmonitor 0.0266 0 57 98 119
tvmonitor 0.0239 395 0 498 76
