bicycle 0.0431 206 196 483 333
bird 0.0716 74 105 116 176
bottle 0.2464 107 120 155 204
bottle 0.2343 88 119 152 249
bottle 0.2149 137 187 168 251
bottle 0.1550 138 176 195 250
bottle 0.1520 106 138 142 191
bottle 0.1399 124 136 158 189
bottle 0.1339 75 111 123 194
bottle 0.1329 113 116 148 175
bottle 0.1244 161 198 189 249
bottle 0.1080 78 134 114 185
bottle 0.1070 167 182 216 248
bottle 0.1037 104 144 121 177
bottle 0.1009 164 211 184 248
bottle 0.0985 95 150 114 181
bottle 0.0968 86 111 151 180
bottle 0.0962 116 115 142 152
bottle 0.0895 110 143 132 176
bottle 0.0888 84 154 111 190
bottle 0.0851 136 140 156 179
bottle 0.0848 51 268 80 322
bottle 0.0797 153 188 182 238
bottle 0.0783 159 205 178 248
bottle 0.0757 129 177 160 245
bottle 0.0732 106 110 157 157
bottle 0.0730 142 203 162 249
bottle 0.0714 84 108 121 163
bottle 0.0709 139 137 181 188
bottle 0.0708 111 113 132 146
bottle 0.0700 138 0 170 49
bottle 0.0700 59 77 90 139
bottle 0.0699 98 107 139 164
bottle 0.0698 275 155 307 209
bottle 0.0696 150 209 167 250
bottle 0.0691 99 170 139 249
bottle 0.0688 97 109 124 147
bottle 0.0659 109 126 137 172
bottle 0.0652 151 206 207 250
bottle 0.0643 99 130 132 184
bottle 0.0637 188 217 209 249
bottle 0.0633 177 206 204 249
bottle 0.0630 68 100 113 166
bottle 0.0630 198 217 216 249
bottle 0.0625 157 153 187 183
bottle 0.0616 211 221 234 250
bottle 0.0600 74 156 109 204
bottle 0.0597 45 251 94 327
bottle 0.0594 112 137 173 197
bottle 0.0593 125 145 164 219
bottle 0.0592 68 139 142 205
bottle 0.0577 172 215 192 248
bottle 0.0577 116 131 155 166
bottle 0.0572 4 267 81 331
bottle 0.0568 96 147 131 198
bottle 0.0566 280 176 303 209
bottle 0.0551 130 137 189 211
bottle 0.0539 141 147 160 185
bottle 0.0521 135 202 156 245
bottle 0.0520 131 207 179 252
bottle 0.0519 77 159 108 181
bottle 0.0509 112 141 141 166
bottle 0.0509 152 185 201 229
bottle 0.0485 126 140 149 176
bottle 0.0484 205 217 225 250
bottle 0.0482 128 180 144 224
bottle 0.0478 86 163 108 199
bottle 0.0476 115 148 137 187
bottle 0.0473 186 167 218 197
bottle 0.0473 162 192 185 230
bottle 0.0470 137 184 185 227
bottle 0.0467 113 124 132 156
bottle 0.0466 124 171 148 241
bottle 0.0465 210 202 285 255
bottle 0.0462 56 269 76 298
bottle 0.0458 102 128 124 169
bottle 0.0452 85 157 124 216
bottle 0.0447 36 220 110 329
bottle 0.0444 90 240 137 294
bottle 0.0443 103 155 122 187
bottle 0.0442 85 145 157 182
bottle 0.0441 150 142 170 176
bottle 0.0436 121 152 149 199
bottle 0.0436 78 249 100 290
bottle 0.0434 87 143 119 177
bottle 0.0433 117 201 138 243
bottle 0.0431 188 202 221 251
bottle 0.0430 180 166 228 246
bottle 0.0429 179 213 235 252
bottle 0.0422 151 188 172 225
bottle 0.0419 156 136 181 177
bottle 0.0414 38 268 72 325
bottle 0.0413 150 154 173 184
bottle 0.0410 133 186 152 228
bottle 0.0409 105 140 164 173
bottle 0.0408 141 140 160 164
bottle 0.0408 85 163 120 182
bottle 0.0406 116 113 199 195
bottle 0.0401 118 162 138 195
bottle 0.0393 47 231 89 300
bottle 0.0389 201 202 229 250
bottle 0.0388 66 127 175 189
bottle 0.0383 283 135 314 205
bottle 0.0383 97 133 115 166
bottle 0.0376 74 101 125 145
bottle 0.0376 132 130 154 161
bottle 0.0371 87 192 140 288
bottle 0.0371 452 177 464 214
bottle 0.0371 89 108 113 141
bottle 0.0365 69 238 134 314
bottle 0.0363 274 187 299 209
bottle 0.0363 214 167 233 199
bottle 0.0361 107 128 122 155
bottle 0.0360 141 189 163 229
bottle 0.0359 172 204 193 237
bottle 0.0358 134 156 153 192
bottle 0.0358 159 134 176 160
bottle 0.0357 127 194 145 236
bottle 0.0354 267 179 287 208
bottle 0.0351 70 86 107 143
bottle 0.0351 68 163 100 215
bottle 0.0346 260 179 279 207
bottle 0.0346 60 246 106 307
bottle 0.0339 105 141 125 160
bottle 0.0339 118 140 157 158
bottle 0.0338 169 158 191 187
bottle 0.0337 23 271 113 331
bottle 0.0331 124 122 146 160
bottle 0.0326 263 153 296 208
bottle 0.0324 63 145 114 194
bottle 0.0324 109 155 137 204
bottle 0.0323 154 138 171 160
bottle 0.0323 45 78 77 142
bottle 0.0322 54 259 89 310
bottle 0.0322 139 12 173 69
bottle 0.0321 206 196 252 252
bottle 0.0321 75 160 130 187
bottle 0.0320 150 153 189 209
bottle 0.0318 30 240 81 324
bottle 0.0317 137 116 185 170
bottle 0.0316 203 168 225 198
bottle 0.0313 201 207 217 242
bottle 0.0312 130 124 166 180
bottle 0.0311 63 268 82 296
bottle 0.0310 58 89 77 133
bottle 0.0309 107 161 136 187
bottle 0.0308 126 170 145 200
bottle 0.0304 171 200 210 235
bottle 0.0303 156 204 181 230
bottle 0.0303 73 168 94 201
bottle 0.0302 128 118 153 149
bottle 0.0300 218 154 242 200
bottle 0.0300 139 12 167 40
bottle 0.0299 127 212 144 248
bottle 0.0299 64 88 83 133
bottle 0.0296 120 179 140 226
bottle 0.0291 72 96 91 135
bottle 0.0284 153 186 183 214
bottle 0.0284 158 223 177 251
bottle 0.0278 85 251 105 287
bottle 0.0276 77 260 127 327
bottle 0.0276 74 259 92 292
bottle 0.0274 79 167 115 187
bottle 0.0271 95 170 134 189
bottle 0.0270 166 172 247 265
bottle 0.0270 79 150 133 179
bottle 0.0270 135 153 200 188
bottle 0.0270 79 107 100 138
bottle 0.0266 287 170 309 209
bottle 0.0262 182 221 202 250
bottle 0.0262 252 180 273 206
bottle 0.0260 70 131 142 171
bottle 0.0260 46 266 75 304
bottle 0.0259 455 176 468 209
bottle 0.0259 180 163 207 192
bottle 0.0259 49 274 69 318
bottle 0.0258 283 187 311 210
bottle 0.0258 42 284 60 321
bottle 0.0253 245 175 263 205
bottle 0.0249 207 201 223 234
bottle 0.0248 96 146 140 170
bottle 0.0247 93 159 128 178
bottle 0.0247 90 248 117 289
bottle 0.0247 104 203 136 250
bottle 0.0247 159 159 210 188
bottle 0.0245 106 244 135 287
bottle 0.0244 149 132 175 166
bottle 0.0244 244 150 282 205
bottle 0.0239 100 138 148 160
bottle 0.0238 151 165 170 188
bottle 0.0234 91 111 142 143
bottle 0.0234 211 204 231 245
bottle 0.0233 210 220 269 250
bottle 0.0233 84 165 141 193
bottle 0.0233 166 168 185 192
bottle 0.0232 87 215 147 265
bottle 0.0232 145 164 160 189
bottle 0.0232 73 163 98 186
bottle 0.0231 214 260 267 331
bottle 0.0230 220 172 240 201
bottle 0.0227 208 163 239 215
bottle 0.0226 212 208 277 288
bottle 0.0225 41 271 59 311
bottle 0.0224 126 111 194 150
bottle 0.0222 103 246 125 281
bottle 0.0222 109 135 150 151
bottle 0.0221 258 165 284 207
bottle 0.0221 185 266 237 332
bottle 0.0220 226 169 246 202
bottle 0.0220 90 169 116 195
bottle 0.0219 70 107 185 159
bottle 0.0218 206 217 248 264
bottle 0.0218 83 220 128 284
bottle 0.0218 447 171 467 227
bottle 0.0218 82 140 113 168
bottle 0.0216 26 271 61 331
bottle 0.0216 235 172 254 203
bottle 0.0215 50 93 68 132
bottle 0.0215 80 93 98 130
bottle 0.0215 114 193 134 233
bottle 0.0214 97 155 145 181
bottle 0.0212 84 108 119 128
bottle 0.0211 48 292 67 324
bottle 0.0210 144 183 163 215
bottle 0.0209 147 204 172 231
bottle 0.0208 447 177 460 215
bottle 0.0208 226 149 261 204
bottle 0.0207 138 17 157 47
bottle 0.0207 68 103 97 143
bottle 0.0206 186 211 212 235
bottle 0.0206 66 167 83 202
bottle 0.0204 180 174 215 228
bottle 0.0203 217 226 251 249
bottle 0.0202 104 119 127 147
bottle 0.0202 121 203 163 248
bottle 0.0202 118 118 149 139
bottle 0.0202 110 171 145 190
bottle 0.0202 79 174 100 209
bottle 0.0201 128 165 154 218
bottle 0.0201 63 107 82 140
bottle 0.0200 92 98 119 136
bottle 0.0200 144 133 160 150
car 0.0462 111 28 350 138
car 0.0289 127 102 236 140
car 0.0281 149 59 314 116
car 0.0263 112 109 210 151
car 0.0242 114 82 255 133
car 0.0224 143 93 250 126
car 0.0200 106 107 184 138
chair 0.0634 211 263 389 331
chair 0.0605 147 224 313 333
chair 0.0602 202 223 463 331
chair 0.0444 377 204 475 333
chair 0.0435 297 265 479 328
chair 0.0411 309 187 493 333
chair 0.0357 210 207 339 333
chair 0.0353 198 239 281 333
chair 0.0352 417 149 447 211
chair 0.0330 353 179 445 332
chair 0.0329 190 196 292 250
chair 0.0303 330 232 404 333
chair 0.0281 429 214 494 332
chair 0.0269 405 146 456 258
chair 0.0260 175 160 301 231
chair 0.0259 141 259 259 332
chair 0.0252 302 237 371 333
chair 0.0249 47 228 140 303
chair 0.0240 72 244 146 333
chair 0.0237 50 265 118 333
chair 0.0235 210 203 295 292
chair 0.0227 252 285 415 332
chair 0.0221 325 279 411 332
chair 0.0215 164 201 319 265
chair 0.0209 0 295 101 331
chair 0.0207 462 280 500 333
chair 0.0206 262 166 297 210
chair 0.0202 61 72 97 135
diningtable 0.2973 11 243 275 331
diningtable 0.1441 111 210 432 333
diningtable 0.1082 72 189 261 333
diningtable 0.0841 34 101 472 329
diningtable 0.0835 6 259 180 329
diningtable 0.0804 68 224 219 314
diningtable 0.0610 3 238 176 306
diningtable 0.0575 93 203 254 263
diningtable 0.0566 96 254 342 333
diningtable 0.0536 121 188 231 251
diningtable 0.0507 34 157 251 272
diningtable 0.0503 98 232 292 303
diningtable 0.0454 0 145 305 322
diningtable 0.0439 153 194 279 251
diningtable 0.0431 147 212 239 253
diningtable 0.0428 102 269 255 331
diningtable 0.0428 45 241 129 330
diningtable 0.0420 152 261 499 333
diningtable 0.0343 76 176 201 247
diningtable 0.0338 122 210 242 288
diningtable 0.0329 44 201 199 265
diningtable 0.0316 3 186 187 287
diningtable 0.0296 143 177 217 282
diningtable 0.0296 25 261 104 333
diningtable 0.0294 68 139 185 197
diningtable 0.0279 0 283 140 333
diningtable 0.0276 212 139 500 318
diningtable 0.0272 103 211 210 253
diningtable 0.0268 84 153 212 216
diningtable 0.0265 18 150 178 245
diningtable 0.0247 138 214 283 266
diningtable 0.0245 100 120 325 272
diningtable 0.0235 138 201 339 286
diningtable 0.0231 80 231 230 280
diningtable 0.0220 109 140 219 195
diningtable 0.0209 48 243 159 293
diningtable 0.0206 129 225 233 333
diningtable 0.0203 133 233 255 274
diningtable 0.0200 92 242 169 330
person 0.8029 254 16 449 329
person 0.6254 174 101 294 252
person 0.6192 81 150 143 255
person 0.6143 0 67 105 298
person 0.5362 225 66 361 328
person 0.4028 67 116 155 266
person 0.3969 32 97 125 279
person 0.3322 256 62 314 148
person 0.3302 140 62 331 323
person 0.2849 237 86 308 210
person 0.2539 72 89 245 307
person 0.2234 193 102 274 212
person 0.2154 104 129 239 254
person 0.2106 256 59 332 201
person 0.2092 52 159 136 276
person 0.2010 160 158 224 249
person 0.1972 92 158 179 255
person 0.1920 11 27 143 261
person 0.1901 81 4 422 318
person 0.1857 1 71 75 189
person 0.1804 9 71 180 333
person 0.1684 174 125 245 239
person 0.1655 458 60 500 230
person 0.1630 325 22 500 333
person 0.1603 47 140 164 314
person 0.1596 122 24 314 226
person 0.1549 129 154 203 250
person 0.1540 211 151 417 330
person 0.1451 105 133 154 237
person 0.1352 191 141 278 292
person 0.1271 177 157 220 215
person 0.1242 215 143 292 253
person 0.1198 182 165 219 198
person 0.1190 71 46 206 251
person 0.1147 185 114 238 205
person 0.1139 397 75 497 333
person 0.1109 257 101 338 258
person 0.1056 90 111 186 220
person 0.1002 467 22 500 333
person 0.0965 31 82 173 221
person 0.0962 123 104 212 229
person 0.0946 11 76 125 193
person 0.0934 26 227 127 328
person 0.0930 70 170 218 293
person 0.0904 218 75 319 164
person 0.0897 264 109 312 211
person 0.0879 59 108 125 235
person 0.0863 112 208 329 333
person 0.0858 102 165 140 234
person 0.0815 156 75 310 185
person 0.0812 243 26 365 239
person 0.0805 252 31 339 135
person 0.0800 14 10 138 158
person 0.0774 173 13 416 230
person 0.0756 216 185 322 332
person 0.0755 252 86 299 167
person 0.0754 54 76 116 174
person 0.0749 7 69 64 137
person 0.0729 99 104 276 212
person 0.0708 245 11 432 166
person 0.0703 0 88 62 332
person 0.0701 177 132 219 196
person 0.0700 152 180 210 236
person 0.0697 10 158 94 326
person 0.0696 68 59 152 179
person 0.0692 257 64 302 119
person 0.0664 47 171 96 272
person 0.0655 223 61 319 121
person 0.0649 196 209 282 333
person 0.0642 4 262 96 331
person 0.0642 25 69 103 153
person 0.0636 347 109 464 333
person 0.0621 405 0 500 180
person 0.0614 122 172 286 292
person 0.0610 61 146 282 269
person 0.0607 71 89 123 160
person 0.0605 463 67 498 158
person 0.0603 450 101 500 303
person 0.0598 152 139 210 211
person 0.0597 341 0 483 208
person 0.0591 210 197 286 251
person 0.0590 90 155 145 215
person 0.0575 0 255 49 333
person 0.0573 197 100 258 139
person 0.0571 11 210 200 333
person 0.0559 110 97 229 183
person 0.0547 401 118 452 246
person 0.0526 37 34 306 155
person 0.0513 28 74 76 140
person 0.0506 256 136 298 209
person 0.0506 427 69 498 257
person 0.0503 41 186 105 311
person 0.0497 180 47 324 143
person 0.0497 95 51 185 172
person 0.0495 184 146 263 209
person 0.0494 32 65 333 247
person 0.0488 50 75 92 140
person 0.0485 202 91 283 133
person 0.0482 161 149 204 197
person 0.0480 273 35 369 159
person 0.0477 241 65 289 130
person 0.0473 375 8 472 144
person 0.0458 0 69 61 106
person 0.0447 244 62 314 101
person 0.0437 117 166 141 220
person 0.0432 167 188 245 250
person 0.0418 201 103 252 189
person 0.0418 191 155 258 247
person 0.0417 152 204 254 323
person 0.0408 206 101 251 115
person 0.0399 66 146 106 215
person 0.0398 206 98 272 164
person 0.0398 0 34 117 127
person 0.0397 90 204 188 315
person 0.0397 215 139 246 202
person 0.0396 87 195 145 256
person 0.0393 375 58 467 284
person 0.0388 456 1 500 167
person 0.0387 140 81 268 160
person 0.0385 274 176 364 332
person 0.0382 16 68 80 115
person 0.0380 106 152 158 206
person 0.0378 255 14 413 90
person 0.0370 111 147 181 219
person 0.0367 410 124 446 201
person 0.0365 91 69 140 149
person 0.0365 86 172 131 240
person 0.0358 52 43 117 142
person 0.0356 409 141 466 273
person 0.0355 81 165 114 224
person 0.0354 159 180 314 252
person 0.0353 332 224 403 331
person 0.0353 176 170 231 230
person 0.0352 0 261 28 324
person 0.0351 142 19 175 83
person 0.0351 0 214 33 333
person 0.0344 274 61 316 114
person 0.0344 275 49 442 213
person 0.0344 49 133 98 239
person 0.0343 3 63 215 171
person 0.0343 238 90 279 148
person 0.0342 340 13 437 153
person 0.0339 189 150 232 197
person 0.0339 128 175 145 216
person 0.0329 156 124 206 184
person 0.0329 194 100 237 166
person 0.0328 18 99 87 269
person 0.0326 78 72 121 138
person 0.0320 308 13 467 91
person 0.0320 135 170 195 225
person 0.0318 200 102 233 122
person 0.0317 159 132 176 153
person 0.0317 321 8 397 44
person 0.0316 112 169 134 203
person 0.0314 135 172 243 238
person 0.0311 31 72 65 122
person 0.0310 409 194 493 333
person 0.0308 439 44 495 182
person 0.0305 462 39 498 125
person 0.0304 166 163 284 231
person 0.0302 399 59 458 186
person 0.0301 235 141 282 208
person 0.0300 50 104 104 194
person 0.0300 255 64 286 106
person 0.0300 280 85 323 165
person 0.0300 61 64 103 127
person 0.0297 71 192 134 292
person 0.0294 39 68 97 116
person 0.0290 472 35 500 194
person 0.0290 43 97 181 162
person 0.0286 447 187 500 333
person 0.0285 170 130 293 200
person 0.0284 205 92 222 112
person 0.0281 117 172 141 196
person 0.0281 303 230 368 330
person 0.0279 11 112 222 262
person 0.0278 108 65 155 148
person 0.0276 475 71 500 124
person 0.0276 234 169 353 284
person 0.0275 292 88 312 119
person 0.0275 411 99 469 217
person 0.0271 187 26 403 116
person 0.0270 100 164 129 212
person 0.0268 240 206 281 250
person 0.0267 145 47 173 81
person 0.0267 211 79 278 119
person 0.0266 417 0 497 102
person 0.0262 199 159 243 198
person 0.0261 20 8 97 115
person 0.0261 2 82 47 160
person 0.0259 238 105 281 188
person 0.0258 220 187 299 275
person 0.0258 400 132 438 214
person 0.0256 101 52 136 125
person 0.0254 154 5 336 165
person 0.0252 156 73 311 123
person 0.0251 456 135 497 243
person 0.0251 277 130 322 211
person 0.0248 80 100 148 150
person 0.0248 198 88 218 111
person 0.0247 267 88 309 157
person 0.0247 189 96 244 126
person 0.0243 232 43 376 109
person 0.0242 37 85 63 137
person 0.0239 423 149 459 221
person 0.0238 0 294 79 332
person 0.0238 279 76 311 125
person 0.0237 68 17 138 136
person 0.0236 138 112 220 173
person 0.0235 463 4 500 100
person 0.0232 250 169 304 212
person 0.0232 257 62 299 91
person 0.0230 131 7 176 110
person 0.0228 363 0 487 81
person 0.0226 126 155 241 216
person 0.0226 398 115 439 176
person 0.0223 357 7 402 52
person 0.0222 283 207 500 329
person 0.0222 203 102 308 149
person 0.0222 411 45 478 171
person 0.0222 164 159 228 193
person 0.0222 63 165 107 245
person 0.0220 243 86 315 129
person 0.0219 325 11 406 125
person 0.0218 201 98 262 119
person 0.0217 227 55 247 77
person 0.0217 92 172 115 205
person 0.0216 252 74 274 109
person 0.0216 46 217 125 286
person 0.0214 103 169 124 201
person 0.0211 262 113 298 188
person 0.0210 256 82 290 145
person 0.0210 196 99 222 115
person 0.0209 105 18 161 122
person 0.0209 269 162 307 226
person 0.0208 203 81 249 122
person 0.0208 156 138 174 151
person 0.0207 32 97 74 173
person 0.0207 15 0 59 61
person 0.0207 248 54 399 131
person 0.0207 229 174 283 245
person 0.0207 201 164 244 226
person 0.0206 142 142 381 285
person 0.0205 37 75 61 106
person 0.0204 197 91 232 114
person 0.0203 271 62 313 79
person 0.0202 408 100 448 168
sofa 0.1099 126 67 500 333
sofa 0.0437 79 94 382 295
train 0.0440 47 12 485 255
tvmonitor 0.1067 96 9 309 143
tvmonitor 0.0827 12 0 165 139
tvmonitor 0.0729 113 63 294 125
tvmonitor 0.0715 156 155 188 183
tvmonitor 0.0714 100 10 182 136
tvmonitor 0.0679 110 19 243 125
tvmonitor 0.0679 10 8 394 273
tvmonitor 0.0626 63 0 223 149
tvmonitor 0.0474 45 48 162 144
tvmonitor 0.0435 99 52 253 166
tvmonitor 0.0425 0 67 143 140
tvmonitor 0.0384 29 0 105 114
tvmonitor 0.0362 133 9 388 99
tvmonitor 0.0356 85 3 154 126
tvmonitor 0.0339 7 36 152 112
tvmonitor 0.0336 71 65 224 129
tvmonitor 0.0324 0 0 469 162
tvmonitor 0.0279 141 9 175 81
tvmonitor 0.0268 108 51 155 140
tvmonitor 0.0251 169 26 293 128
tvmonitor 0.0246 17 0 287 110
tvmonitor 0.0241 63 72 128 137
tvmonitor 0.0241 133 2 185 107
tvmonitor 0.0238 110 105 215 165
tvmonitor 0.0224 0 4 140 88
tvmonitor 0.0217 55 68 108 117
tvmonitor 0.0206 28 55 105 108
tvmonitor 0.0204 112 65 178 165
tvmonitor 0.0203 108 99 181 147
tvmonitor 0.0202 136 0 233 64
