aeroplane 0.0202 0 0 443 375
bicycle 0.7384 105 179 210 286
bicycle 0.7130 257 195 356 309
bicycle 0.6787 39 163 105 252
bicycle 0.5623 222 187 323 282
bicycle 0.4180 220 185 270 274
bicycle 0.4152 107 177 168 263
bicycle 0.3740 7 156 84 249
bicycle 0.3286 221 145 290 270
bicycle 0.2863 51 142 123 245
bicycle 0.2439 60 171 166 266
bicycle 0.2349 144 189 345 298
bicycle 0.2284 97 148 177 240
bicycle 0.2262 219 152 356 299
bicycle 0.1956 361 167 383 211
bicycle 0.1854 89 160 150 254
bicycle 0.1808 223 177 285 238
bicycle 0.1786 117 132 258 281
bicycle 0.1779 187 191 249 276
bicycle 0.1610 197 162 265 269
bicycle 0.1605 264 185 343 257
bicycle 0.1549 104 180 188 231
bicycle 0.1444 1 164 53 245
bicycle 0.1407 144 165 223 271
bicycle 0.1288 119 191 250 266
bicycle 0.1214 289 166 362 297
bicycle 0.1201 45 167 142 229
bicycle 0.1158 101 174 147 236
bicycle 0.1144 236 188 306 252
bicycle 0.1125 125 147 198 235
bicycle 0.1098 77 153 120 235
bicycle 0.1048 26 159 116 220
bicycle 0.1027 127 183 197 252
bicycle 0.0976 217 152 279 227
bicycle 0.0975 365 165 394 216
bicycle 0.0953 472 254 500 301
bicycle 0.0892 181 128 323 282
bicycle 0.0885 79 132 154 232
bicycle 0.0874 255 162 326 249
bicycle 0.0790 0 170 149 257
bicycle 0.0775 289 200 352 260
bicycle 0.0756 375 152 430 226
bicycle 0.0750 150 177 208 242
bicycle 0.0737 264 194 311 269
bicycle 0.0716 2 172 79 216
bicycle 0.0709 347 157 381 211
bicycle 0.0660 364 139 404 225
bicycle 0.0657 248 197 300 280
bicycle 0.0642 90 147 139 215
bicycle 0.0606 188 171 230 254
bicycle 0.0586 215 156 347 228
bicycle 0.0571 17 162 96 203
bicycle 0.0565 222 199 400 320
bicycle 0.0554 168 194 217 269
bicycle 0.0552 84 173 159 217
bicycle 0.0545 212 176 309 221
bicycle 0.0544 201 181 257 240
bicycle 0.0522 379 162 410 226
bicycle 0.0500 93 166 235 254
bicycle 0.0499 0 188 34 254
bicycle 0.0499 345 147 391 224
bicycle 0.0495 130 177 168 245
bicycle 0.0480 43 165 82 233
bicycle 0.0446 7 141 103 196
bicycle 0.0438 50 160 103 208
bicycle 0.0434 109 180 147 215
bicycle 0.0432 292 210 347 298
bicycle 0.0418 132 186 221 229
bicycle 0.0412 142 203 207 290
bicycle 0.0406 248 189 326 230
bicycle 0.0404 0 188 71 259
bicycle 0.0404 277 197 328 273
bicycle 0.0403 263 177 313 238
bicycle 0.0399 185 188 215 251
bicycle 0.0398 400 143 454 227
bicycle 0.0389 34 143 203 277
bicycle 0.0388 204 192 284 302
bicycle 0.0378 0 135 130 234
bicycle 0.0369 363 182 390 212
bicycle 0.0358 66 167 112 220
bicycle 0.0355 42 147 134 198
bicycle 0.0352 103 197 158 290
bicycle 0.0346 327 212 371 278
bicycle 0.0345 153 200 267 283
bicycle 0.0340 84 158 183 211
bicycle 0.0335 0 174 61 203
bicycle 0.0334 351 127 426 221
bicycle 0.0329 0 121 70 277
bicycle 0.0317 467 229 499 290
bicycle 0.0316 122 193 165 234
bicycle 0.0312 237 212 311 305
bicycle 0.0312 90 179 271 312
bicycle 0.0307 174 142 253 248
bicycle 0.0297 307 193 363 252
bicycle 0.0294 226 190 265 231
bicycle 0.0293 156 204 197 271
bicycle 0.0287 359 164 374 204
bicycle 0.0280 299 211 376 314
bicycle 0.0277 229 207 281 286
bicycle 0.0275 198 221 256 282
bicycle 0.0274 178 179 291 252
bicycle 0.0271 471 252 494 282
bicycle 0.0271 72 121 355 301
bicycle 0.0269 266 224 308 308
bicycle 0.0269 317 154 377 270
bicycle 0.0264 278 145 366 253
bicycle 0.0259 262 199 293 227
bicycle 0.0253 51 175 93 216
bicycle 0.0245 13 107 237 248
bicycle 0.0242 329 177 370 251
bicycle 0.0238 310 223 356 309
bicycle 0.0236 339 189 391 239
bicycle 0.0236 288 195 435 306
bicycle 0.0235 239 195 281 263
bicycle 0.0235 54 167 117 196
bicycle 0.0233 336 207 390 254
bicycle 0.0233 0 73 453 375
bicycle 0.0231 336 160 395 255
bicycle 0.0229 48 172 78 202
bicycle 0.0229 121 226 226 286
bicycle 0.0227 53 179 93 200
bicycle 0.0226 140 190 165 227
bicycle 0.0226 138 193 177 255
bicycle 0.0226 0 145 115 305
bicycle 0.0226 187 203 213 239
bicycle 0.0224 45 175 71 213
bicycle 0.0220 198 178 269 214
bicycle 0.0219 248 196 275 225
bicycle 0.0219 107 197 149 243
bicycle 0.0218 423 171 463 227
bicycle 0.0217 337 217 384 285
bicycle 0.0216 83 174 112 204
bicycle 0.0212 392 185 438 231
bicycle 0.0210 22 34 320 281
bicycle 0.0206 286 215 316 245
bicycle 0.0205 162 145 221 237
bicycle 0.0201 235 196 305 228
bicycle 0.0201 268 248 367 312
bicycle 0.0201 35 192 79 258
bottle 0.0322 266 149 287 195
bus 0.0692 0 0 471 375
bus 0.0551 0 74 68 105
bus 0.0245 17 47 161 175
bus 0.0236 1 77 44 120
bus 0.0214 60 82 133 110
bus 0.0200 6 85 35 103
car 0.1803 163 114 190 138
car 0.0990 0 175 49 240
car 0.0850 159 113 194 151
car 0.0848 164 114 194 127
car 0.0808 1 173 20 210
car 0.0807 190 134 212 154
car 0.0707 0 171 53 211
car 0.0649 178 131 208 148
car 0.0612 197 132 217 149
car 0.0607 0 175 21 236
car 0.0595 167 122 212 163
car 0.0591 185 131 215 165
car 0.0582 166 116 201 133
car 0.0564 167 128 199 149
car 0.0525 195 138 209 152
car 0.0520 0 142 79 222
car 0.0489 141 112 198 140
car 0.0486 0 169 28 200
car 0.0486 173 127 220 150
car 0.0473 0 77 93 118
car 0.0469 0 178 46 199
car 0.0431 0 218 19 257
car 0.0428 225 181 267 204
car 0.0426 0 193 25 252
car 0.0420 170 123 205 141
car 0.0413 467 206 496 221
car 0.0401 4 91 37 105
car 0.0393 160 117 225 149
car 0.0391 0 87 49 109
car 0.0375 147 112 192 130
car 0.0363 0 160 58 198
car 0.0351 0 164 12 206
car 0.0350 0 72 72 104
car 0.0326 9 98 138 168
car 0.0325 482 194 498 220
car 0.0320 189 131 229 152
car 0.0313 26 85 110 114
car 0.0312 188 128 229 173
car 0.0286 171 120 184 128
car 0.0285 0 52 110 125
car 0.0281 48 91 133 133
car 0.0281 131 111 168 131
car 0.0279 0 235 22 259
car 0.0276 60 93 115 115
car 0.0269 392 213 429 227
car 0.0261 474 253 500 308
car 0.0261 184 126 216 140
car 0.0255 413 208 439 228
car 0.0254 12 109 150 208
car 0.0251 170 137 202 159
car 0.0250 0 146 53 184
car 0.0246 206 131 241 144
car 0.0245 4 90 21 106
car 0.0241 470 210 500 224
car 0.0237 191 131 211 144
car 0.0236 488 198 500 223
car 0.0235 179 126 198 146
car 0.0234 0 170 43 191
car 0.0233 436 214 465 225
car 0.0231 2 240 17 262
car 0.0230 461 212 493 223
car 0.0227 417 213 451 227
car 0.0227 169 115 187 124
car 0.0225 1 219 69 256
car 0.0224 132 113 261 174
car 0.0222 193 136 219 171
car 0.0222 10 174 56 197
car 0.0221 201 131 219 144
car 0.0220 0 175 20 195
car 0.0219 196 127 250 146
car 0.0218 0 55 109 292
car 0.0213 200 135 213 147
car 0.0213 181 119 215 131
car 0.0212 139 116 209 158
car 0.0211 195 127 227 141
car 0.0208 76 78 500 375
car 0.0204 4 179 28 212
car 0.0200 65 101 152 143
car 0.0200 157 136 189 159
car 0.0200 4 85 27 102
chair 0.1048 0 167 55 252
chair 0.0701 222 197 258 273
chair 0.0676 225 181 267 231
chair 0.0643 189 201 221 263
chair 0.0576 357 168 377 209
chair 0.0515 344 295 386 312
chair 0.0508 193 137 225 203
chair 0.0492 4 164 58 210
chair 0.0468 225 182 256 208
chair 0.0436 106 188 143 252
chair 0.0422 197 202 246 267
chair 0.0392 108 172 147 222
chair 0.0385 229 164 273 220
chair 0.0379 343 165 376 211
chair 0.0367 335 218 363 284
chair 0.0353 33 174 68 237
chair 0.0353 230 190 270 262
chair 0.0353 0 207 47 256
chair 0.0348 188 205 213 246
chair 0.0344 324 291 389 314
chair 0.0342 387 155 418 231
chair 0.0333 80 168 114 240
chair 0.0331 156 198 198 267
chair 0.0326 228 226 260 276
chair 0.0326 16 177 59 238
chair 0.0323 101 176 131 236
chair 0.0317 175 201 211 268
chair 0.0311 223 187 305 306
chair 0.0305 226 185 253 224
chair 0.0303 107 179 136 204
chair 0.0296 196 144 218 186
chair 0.0296 6 188 46 241
chair 0.0288 446 168 466 224
chair 0.0277 192 185 229 251
chair 0.0272 334 156 368 215
chair 0.0270 12 196 60 258
chair 0.0268 200 159 227 211
chair 0.0246 267 194 352 317
chair 0.0243 377 178 395 217
chair 0.0241 190 156 223 240
chair 0.0237 212 188 258 238
chair 0.0237 337 220 358 261
chair 0.0236 442 186 459 223
chair 0.0236 332 137 368 157
chair 0.0235 353 186 379 211
chair 0.0235 115 169 168 215
chair 0.0235 112 195 160 257
chair 0.0229 252 198 292 271
chair 0.0226 236 181 267 215
chair 0.0226 206 171 225 205
chair 0.0222 226 198 252 239
chair 0.0221 252 223 295 304
chair 0.0217 244 182 274 226
chair 0.0216 384 176 407 229
chair 0.0214 237 205 279 275
chair 0.0213 141 199 181 263
chair 0.0213 45 178 94 253
chair 0.0211 190 149 206 193
chair 0.0210 346 159 365 202
chair 0.0210 7 176 48 221
chair 0.0210 337 166 355 209
chair 0.0208 305 203 343 275
chair 0.0207 328 226 372 308
chair 0.0204 110 183 141 214
chair 0.0204 361 181 382 216
chair 0.0204 313 219 352 292
chair 0.0202 196 162 216 201
chair 0.0200 117 182 152 207
diningtable 0.0284 226 134 412 267
motorbike 0.0475 4 135 117 207
motorbike 0.0338 29 78 220 266
motorbike 0.0222 54 120 469 375
person 0.7487 248 129 354 284
person 0.6729 337 110 369 155
person 0.6310 124 116 193 267
person 0.6225 366 109 398 155
person 0.5630 454 116 496 218
person 0.5565 391 107 424 160
person 0.5414 0 95 34 152
person 0.5055 3 120 65 233
person 0.4968 93 127 127 182
person 0.4954 3 102 48 202
person 0.4782 39 141 102 244
person 0.4689 111 121 170 241
person 0.4590 234 126 280 195
person 0.4422 396 105 435 233
person 0.4286 30 95 66 144
person 0.4052 49 113 96 211
person 0.4020 226 127 284 239
person 0.3931 381 105 417 227
person 0.3863 409 109 446 232
person 0.3711 53 98 90 175
person 0.3706 62 100 100 148
person 0.3688 420 117 449 170
person 0.3408 30 95 60 122
person 0.3236 382 106 411 167
person 0.3208 14 114 60 192
person 0.3164 63 128 124 239
person 0.3160 235 130 308 268
person 0.3100 94 120 133 219
person 0.2957 25 100 82 210
person 0.2945 461 117 498 175
person 0.2787 370 103 406 217
person 0.2771 39 97 73 171
person 0.2694 63 111 100 187
person 0.2669 156 127 202 253
person 0.2506 332 108 370 188
person 0.2385 426 113 472 228
person 0.2304 79 116 124 192
person 0.2199 6 94 31 128
person 0.2197 17 96 58 159
person 0.2183 89 130 146 244
person 0.2168 347 110 381 160
person 0.2165 79 104 102 141
person 0.2021 123 115 173 196
person 0.1966 84 133 121 224
person 0.1946 138 168 205 269
person 0.1944 284 122 363 246
person 0.1942 34 126 65 185
person 0.1909 265 143 319 259
person 0.1753 347 106 388 205
person 0.1743 37 114 65 156
person 0.1734 63 97 87 137
person 0.1722 410 108 442 173
person 0.1705 0 102 30 188
person 0.1693 66 99 96 127
person 0.1660 86 130 115 178
person 0.1610 48 129 86 189
person 0.1587 240 125 270 173
person 0.1584 75 129 102 181
person 0.1536 36 97 107 183
person 0.1524 113 123 156 199
person 0.1501 26 96 47 122
person 0.1492 98 155 138 233
person 0.1486 166 126 197 202
person 0.1482 426 112 455 195
person 0.1479 80 117 101 150
person 0.1448 56 102 84 148
person 0.1442 80 129 100 161
person 0.1412 92 129 121 159
person 0.1391 45 96 94 141
person 0.1378 3 91 76 169
person 0.1375 473 119 500 206
person 0.1365 258 131 289 186
person 0.1346 395 106 423 138
person 0.1331 417 170 436 229
person 0.1316 204 161 279 282
person 0.1290 44 128 70 177
person 0.1283 77 106 112 167
person 0.1277 464 116 496 150
person 0.1271 440 123 458 155
person 0.1258 172 123 210 237
person 0.1236 323 116 387 245
person 0.1225 51 147 103 193
person 0.1208 422 115 446 149
person 0.1175 46 154 90 205
person 0.1166 8 113 39 157
person 0.1147 161 116 194 177
person 0.1144 338 110 372 130
person 0.1132 418 146 445 227
person 0.1129 52 120 160 248
person 0.1122 356 113 427 241
person 0.1116 41 94 66 122
person 0.1114 42 126 62 162
person 0.1103 16 97 63 130
person 0.1100 453 120 488 154
person 0.1100 123 130 243 288
person 0.1100 448 126 465 153
person 0.1099 320 115 365 158
person 0.1085 361 112 387 152
person 0.1070 76 101 100 124
person 0.1064 250 123 339 218
person 0.1058 267 136 288 175
person 0.1038 371 107 399 137
person 0.1034 103 126 131 171
person 0.1029 34 142 79 225
person 0.1023 24 126 61 162
person 0.1016 0 95 27 116
person 0.0991 307 118 364 212
person 0.0990 20 111 52 150
person 0.0989 10 124 43 177
person 0.0986 34 127 68 149
person 0.0978 425 117 462 157
person 0.0976 13 97 37 116
person 0.0967 199 123 278 201
person 0.0961 378 112 451 223
person 0.0950 3 91 44 131
person 0.0937 43 145 75 198
person 0.0925 88 131 107 161
person 0.0923 47 156 72 188
person 0.0923 23 95 56 111
person 0.0917 52 124 79 173
person 0.0915 450 136 482 218
person 0.0914 172 125 192 165
person 0.0910 174 129 206 193
person 0.0906 46 112 91 153
person 0.0885 48 128 68 159
person 0.0880 69 149 106 208
person 0.0879 0 114 16 198
person 0.0876 63 128 102 159
person 0.0875 19 103 122 228
person 0.0867 7 147 58 200
person 0.0864 240 125 268 150
person 0.0858 118 131 142 176
person 0.0854 475 113 500 145
person 0.0849 456 128 477 156
person 0.0848 91 116 140 170
person 0.0845 309 148 357 259
person 0.0841 85 129 110 149
person 0.0840 179 128 243 252
person 0.0836 11 86 64 121
person 0.0828 79 114 124 152
person 0.0826 415 120 442 156
person 0.0797 250 132 294 220
person 0.0796 45 100 90 124
person 0.0784 57 99 79 120
person 0.0780 42 141 62 182
person 0.0778 137 119 186 211
person 0.0775 484 130 500 213
person 0.0771 65 97 85 119
person 0.0769 263 119 416 257
person 0.0768 58 99 136 182
person 0.0767 83 116 109 143
person 0.0766 124 126 151 175
person 0.0756 73 97 110 143
person 0.0753 28 118 60 146
person 0.0750 440 114 488 179
person 0.0746 184 130 215 184
person 0.0744 8 124 30 168
person 0.0728 9 121 62 151
person 0.0727 395 112 430 183
person 0.0726 36 93 62 111
person 0.0708 43 119 70 146
person 0.0696 371 113 398 183
person 0.0693 392 140 425 229
person 0.0690 244 127 286 163
person 0.0686 190 133 211 166
person 0.0685 57 123 77 150
person 0.0683 24 120 47 147
person 0.0682 94 123 115 147
person 0.0670 265 127 313 194
person 0.0666 442 115 474 159
person 0.0660 5 135 33 190
person 0.0655 138 144 169 230
person 0.0652 360 109 413 183
person 0.0650 0 120 24 165
person 0.0650 364 135 393 212
person 0.0647 12 126 41 150
person 0.0634 228 118 313 188
person 0.0634 72 163 108 233
person 0.0632 171 119 322 269
person 0.0630 420 73 488 221
person 0.0630 268 122 345 184
person 0.0629 84 110 156 190
person 0.0627 182 132 200 168
person 0.0626 120 130 138 160
person 0.0626 381 109 403 146
person 0.0623 7 94 32 110
person 0.0618 234 138 267 185
person 0.0617 408 154 434 229
person 0.0614 189 131 221 210
person 0.0613 358 110 389 129
person 0.0612 126 109 163 163
person 0.0612 237 134 291 175
person 0.0610 0 144 23 207
person 0.0608 113 129 130 152
person 0.0604 458 122 485 187
person 0.0596 85 127 127 150
person 0.0591 402 114 425 154
person 0.0591 0 116 98 180
person 0.0589 1 135 19 184
person 0.0573 276 123 312 169
person 0.0572 154 128 187 197
person 0.0567 479 124 499 170
person 0.0562 85 146 115 193
person 0.0560 338 129 372 207
person 0.0557 433 132 461 217
person 0.0557 25 87 115 152
person 0.0555 81 151 101 192
person 0.0552 388 107 420 126
person 0.0551 53 144 76 179
person 0.0548 229 145 270 206
person 0.0546 148 140 188 233
person 0.0545 61 95 110 123
person 0.0543 370 105 418 149
person 0.0533 0 101 17 156
person 0.0531 5 99 21 113
person 0.0530 196 133 216 175
person 0.0527 64 96 100 113
person 0.0520 448 111 500 158
person 0.0518 54 97 80 110
person 0.0516 377 109 397 130
person 0.0516 55 128 95 148
person 0.0516 333 122 354 154
person 0.0512 129 111 192 167
person 0.0511 358 152 385 209
person 0.0510 449 135 468 158
person 0.0501 76 39 201 259
person 0.0500 53 119 111 150
person 0.0493 55 132 96 174
person 0.0490 415 114 439 143
person 0.0490 71 106 105 128
person 0.0487 460 124 483 161
person 0.0483 83 160 113 213
person 0.0483 69 113 95 149
person 0.0483 3 157 36 200
person 0.0482 488 112 500 145
person 0.0478 205 127 251 191
person 0.0477 55 159 91 187
person 0.0477 259 130 283 161
person 0.0476 445 150 471 222
person 0.0475 0 0 229 375
person 0.0469 0 97 14 136
person 0.0467 158 125 182 160
person 0.0463 245 136 275 179
person 0.0462 421 113 446 133
person 0.0460 364 164 379 200
person 0.0460 27 91 62 105
person 0.0459 483 167 498 212
person 0.0458 31 102 78 132
person 0.0455 270 128 298 169
person 0.0453 267 132 289 158
person 0.0449 28 91 79 121
person 0.0444 7 165 28 197
person 0.0440 470 115 493 135
person 0.0439 131 127 171 169
person 0.0432 18 97 34 111
person 0.0431 277 182 325 253
person 0.0430 441 135 462 159
person 0.0430 40 93 89 115
person 0.0428 0 149 12 201
person 0.0428 29 123 86 148
person 0.0426 103 130 123 149
person 0.0426 61 121 83 156
person 0.0420 322 125 361 185
person 0.0419 15 94 39 107
person 0.0418 252 126 325 172
person 0.0418 102 145 135 204
person 0.0418 267 142 295 187
person 0.0414 126 118 148 155
person 0.0410 61 102 126 139
person 0.0409 120 169 165 231
person 0.0408 282 123 307 155
person 0.0407 153 116 236 213
person 0.0404 323 138 354 204
person 0.0403 427 159 459 228
person 0.0403 249 128 286 147
person 0.0400 2 0 489 329
person 0.0399 0 129 60 170
person 0.0397 31 98 45 110
person 0.0397 416 127 442 197
person 0.0396 49 96 65 112
person 0.0396 402 107 427 127
person 0.0396 266 143 304 212
person 0.0394 44 164 63 194
person 0.0392 92 109 112 135
person 0.0389 292 133 345 225
person 0.0389 427 128 453 161
person 0.0388 201 148 259 248
person 0.0387 27 95 51 106
person 0.0385 0 129 11 185
person 0.0381 468 124 493 162
person 0.0380 0 88 40 114
person 0.0379 477 152 500 222
person 0.0377 0 108 10 149
person 0.0376 314 128 351 157
person 0.0375 436 131 461 174
person 0.0373 398 105 450 142
person 0.0372 182 131 199 153
person 0.0370 79 106 117 131
person 0.0369 129 132 162 191
person 0.0364 158 115 184 146
sofa 0.0669 212 139 394 274
sofa 0.0395 17 140 125 208
sofa 0.0276 0 126 163 244
sofa 0.0237 79 126 196 202
sofa 0.0227 202 139 319 211
sofa 0.0211 54 120 267 254
train 0.0514 0 0 375 375
train 0.0462 0 79 66 111
train 0.0454 0 72 120 128
train 0.0254 0 84 189 198
train 0.0226 57 83 130 110
train 0.0208 31 86 147 140
tvmonitor 0.0318 0 74 97 140
tvmonitor 0.0200 47 87 137 150
