bird 0.0326 22 410 91 445
bird 0.0236 23 385 100 443
bird 0.0220 11 414 105 479
boat 0.0383 218 194 259 232
boat 0.0235 192 221 312 316
bottle 0.0337 0 69 15 120
bottle 0.0237 0 11 28 119
bottle 0.0237 0 84 14 145
bottle 0.0232 286 393 317 499
bottle 0.0228 0 77 28 126
bottle 0.0215 0 62 48 115
bottle 0.0214 22 394 92 441
bus 0.0211 190 188 276 306
car 0.0323 0 247 12 302
car 0.0269 177 205 320 333
car 0.0266 0 250 29 314
car 0.0235 21 418 87 448
car 0.0203 34 342 216 489
chair 0.1204 175 358 321 498
chair 0.0543 311 324 325 370
chair 0.0500 303 314 326 381
chair 0.0426 162 403 276 499
chair 0.0419 307 272 326 370
chair 0.0406 298 266 326 409
chair 0.0374 189 423 325 495
chair 0.0347 308 327 326 420
chair 0.0344 293 292 326 471
chair 0.0302 254 384 322 499
chair 0.0297 24 452 96 498
chair 0.0289 309 341 326 379
chair 0.0287 294 67 326 252
chair 0.0284 2 449 62 498
chair 0.0270 251 0 326 338
chair 0.0266 4 425 97 493
chair 0.0251 303 338 323 401
chair 0.0248 274 305 326 427
chair 0.0242 299 80 326 178
chair 0.0232 1 15 59 202
chair 0.0229 0 0 75 323
chair 0.0223 195 456 286 495
chair 0.0217 315 327 326 396
chair 0.0211 202 33 326 283
chair 0.0204 272 6 326 220
chair 0.0204 2 412 46 500
person 0.8430 170 272 321 500
person 0.1666 301 243 325 365
person 0.1356 164 288 248 500
person 0.1009 310 249 326 336
person 0.1001 92 212 317 488
person 0.0852 168 337 215 500
person 0.0722 241 262 325 477
person 0.0641 177 275 281 356
person 0.0595 280 248 326 365
person 0.0564 253 267 326 390
person 0.0561 212 174 325 458
person 0.0558 296 162 326 365
person 0.0527 257 330 322 500
person 0.0495 195 275 263 331
person 0.0449 313 246 325 290
person 0.0445 106 328 285 499
person 0.0435 107 325 119 372
person 0.0433 155 266 164 315
person 0.0422 167 244 326 402
person 0.0416 275 137 324 367
person 0.0395 174 297 216 336
person 0.0393 170 383 247 497
person 0.0388 231 246 317 363
person 0.0383 305 247 324 303
person 0.0357 147 280 273 396
person 0.0342 184 276 231 335
person 0.0334 294 290 326 374
person 0.0334 152 266 161 316
person 0.0324 139 246 281 461
person 0.0300 281 290 324 448
person 0.0296 234 272 277 339
person 0.0290 156 407 215 500
person 0.0286 210 275 295 341
person 0.0279 71 283 236 493
person 0.0261 216 270 260 322
person 0.0255 25 224 82 435
person 0.0252 181 395 213 498
person 0.0251 192 32 323 369
person 0.0248 283 354 320 500
person 0.0247 20 386 97 444
person 0.0245 165 282 216 329
person 0.0243 3 106 53 329
person 0.0243 13 341 94 448
person 0.0242 248 279 312 356
person 0.0240 112 323 124 370
person 0.0239 290 235 318 341
person 0.0238 183 306 210 337
person 0.0237 180 285 235 366
person 0.0236 143 273 221 483
person 0.0235 157 264 170 311
person 0.0231 307 249 326 276
person 0.0231 6 208 55 434
person 0.0231 302 249 317 326
person 0.0230 21 409 83 445
person 0.0230 20 374 51 448
person 0.0225 190 270 249 314
person 0.0225 0 72 16 158
person 0.0220 33 245 155 500
person 0.0218 118 315 130 363
person 0.0217 186 336 280 500
person 0.0212 143 268 157 316
person 0.0210 288 308 321 394
person 0.0210 0 129 76 472
person 0.0205 0 366 47 494
person 0.0205 101 331 109 384
person 0.0205 168 269 230 422
person 0.0202 285 166 326 473
person 0.0200 0 261 12 321
person 0.0200 147 353 200 499
pottedplant 0.0664 299 151 326 257
pottedplant 0.0535 297 131 326 354
pottedplant 0.0440 255 39 326 377
pottedplant 0.0333 0 144 47 317
pottedplant 0.0322 218 189 259 232
pottedplant 0.0313 289 22 326 395
pottedplant 0.0304 285 109 326 269
pottedplant 0.0296 248 143 315 342
pottedplant 0.0280 200 107 326 351
pottedplant 0.0269 29 206 47 267
pottedplant 0.0259 298 180 325 235
pottedplant 0.0246 2 42 57 274
pottedplant 0.0237 301 0 325 95
pottedplant 0.0235 22 198 48 292
pottedplant 0.0225 303 63 326 257
pottedplant 0.0224 0 5 75 134
pottedplant 0.0208 36 216 48 261
pottedplant 0.0208 310 278 326 372
pottedplant 0.0205 294 122 326 206
pottedplant 0.0202 7 180 42 288
pottedplant 0.0201 312 141 326 250
train 0.3733 3 13 326 477
train 0.1581 49 210 317 472
train 0.0700 19 98 274 342
train 0.0575 8 22 139 456
train 0.0547 39 37 309 271
train 0.0464 28 200 164 438
train 0.0429 52 217 253 380
train 0.0418 105 192 285 337
train 0.0404 25 305 254 487
train 0.0328 93 112 326 300
train 0.0321 0 0 326 189
train 0.0313 14 149 103 453
train 0.0299 39 228 101 435
train 0.0299 18 337 153 449
train 0.0295 143 36 326 365
train 0.0269 162 190 273 293
train 0.0235 176 190 325 380
train 0.0226 45 54 215 425
train 0.0215 45 293 206 429
train 0.0210 144 219 261 311
train 0.0208 100 248 251 354
tvmonitor 0.0326 217 194 258 232
tvmonitor 0.0246 192 201 317 347
tvmonitor 0.0240 216 192 259 307
