bottle 0.0442 196 107 219 144
bottle 0.0314 220 109 240 148
bottle 0.0304 408 0 428 40
bottle 0.0296 475 0 499 37
bottle 0.0270 400 0 423 33
bottle 0.0232 415 0 433 37
car 0.0361 338 0 412 24
car 0.0258 0 0 41 24
chair 0.0606 385 0 422 57
chair 0.0545 344 0 413 29
chair 0.0324 360 0 414 50
chair 0.0247 375 2 416 38
chair 0.0225 363 1 405 24
chair 0.0225 346 6 396 40
chair 0.0223 390 0 415 32
chair 0.0216 339 0 383 27
person 0.0433 115 23 141 89
person 0.0393 308 0 343 32
person 0.0376 392 0 427 51
person 0.0347 224 85 256 149
person 0.0340 404 0 430 38
person 0.0325 48 0 81 28
person 0.0275 414 0 434 30
person 0.0266 383 0 431 31
person 0.0264 461 0 499 38
person 0.0255 424 0 445 20
person 0.0254 140 16 164 87
person 0.0253 283 0 344 25
person 0.0249 324 0 409 21
person 0.0238 218 99 245 149
person 0.0233 425 0 457 15
person 0.0233 22 0 84 24
person 0.0232 417 0 449 28
person 0.0218 195 106 229 146
person 0.0212 370 0 414 30
person 0.0204 173 0 232 29
person 0.0202 394 0 429 19
person 0.0201 175 0 255 17
pottedplant 0.6007 41 0 481 370
pottedplant 0.4199 229 19 459 368
pottedplant 0.3631 40 0 262 367
pottedplant 0.2846 281 135 442 358
pottedplant 0.2145 441 101 500 241
pottedplant 0.2045 0 1 92 125
pottedplant 0.1951 420 52 500 273
pottedplant 0.1802 358 11 493 306
pottedplant 0.1668 0 3 163 375
pottedplant 0.1627 69 109 209 370
pottedplant 0.1597 222 278 328 372
pottedplant 0.1541 170 117 306 367
pottedplant 0.1505 2 213 94 372
pottedplant 0.1453 0 192 166 373
pottedplant 0.1348 453 160 497 239
pottedplant 0.1296 5 2 134 209
pottedplant 0.1171 173 218 355 369
pottedplant 0.1160 0 0 40 48
pottedplant 0.1145 222 164 406 367
pottedplant 0.1139 335 343 393 375
pottedplant 0.1128 391 276 500 357
pottedplant 0.1118 413 313 498 374
pottedplant 0.1092 76 200 267 371
pottedplant 0.1044 294 231 424 356
pottedplant 0.1011 0 262 69 375
pottedplant 0.1001 192 7 333 341
pottedplant 0.0995 1 16 53 127
pottedplant 0.0972 91 210 191 367
pottedplant 0.0968 384 335 436 375
pottedplant 0.0968 36 0 179 251
pottedplant 0.0966 188 69 285 298
pottedplant 0.0925 337 88 475 355
pottedplant 0.0924 143 289 343 373
pottedplant 0.0904 2 32 91 185
pottedplant 0.0901 376 332 494 375
pottedplant 0.0896 11 0 195 140
pottedplant 0.0893 78 267 148 371
pottedplant 0.0871 139 33 269 339
pottedplant 0.0868 385 89 472 257
pottedplant 0.0852 236 270 301 348
pottedplant 0.0841 98 0 237 262
pottedplant 0.0830 0 105 98 325
pottedplant 0.0820 80 99 130 192
pottedplant 0.0820 65 0 140 129
pottedplant 0.0818 270 293 336 370
pottedplant 0.0809 326 338 439 375
pottedplant 0.0796 0 120 82 229
pottedplant 0.0784 397 0 500 220
pottedplant 0.0783 450 329 500 375
pottedplant 0.0778 246 63 351 305
pottedplant 0.0773 419 286 492 345
pottedplant 0.0770 385 0 420 55
pottedplant 0.0754 343 2 421 54
pottedplant 0.0752 373 2 426 74
pottedplant 0.0746 409 188 494 344
pottedplant 0.0743 312 0 344 41
pottedplant 0.0738 35 33 94 128
pottedplant 0.0725 0 75 40 125
pottedplant 0.0723 215 202 311 365
pottedplant 0.0719 346 342 378 370
pottedplant 0.0716 318 354 384 375
pottedplant 0.0710 274 83 380 339
pottedplant 0.0702 240 278 294 318
pottedplant 0.0694 0 294 147 373
pottedplant 0.0688 361 301 500 371
pottedplant 0.0686 0 0 73 61
pottedplant 0.0680 71 310 140 374
pottedplant 0.0679 424 1 499 121
pottedplant 0.0676 336 230 477 356
pottedplant 0.0676 129 0 201 132
pottedplant 0.0667 464 0 500 51
pottedplant 0.0656 134 48 202 204
pottedplant 0.0654 116 66 219 334
pottedplant 0.0650 391 94 500 363
pottedplant 0.0645 2 312 94 374
pottedplant 0.0645 447 304 499 365
pottedplant 0.0645 85 301 283 371
pottedplant 0.0627 47 0 82 36
pottedplant 0.0627 124 260 199 370
pottedplant 0.0627 241 0 338 63
pottedplant 0.0615 307 357 354 375
pottedplant 0.0606 253 202 333 357
pottedplant 0.0606 278 0 500 218
pottedplant 0.0603 191 171 284 346
pottedplant 0.0597 15 76 203 296
pottedplant 0.0597 0 50 118 135
pottedplant 0.0592 231 316 341 370
pottedplant 0.0587 430 30 500 180
pottedplant 0.0584 104 0 163 134
pottedplant 0.0582 364 214 435 341
pottedplant 0.0576 196 126 279 250
pottedplant 0.0575 84 32 142 184
pottedplant 0.0575 422 345 499 375
pottedplant 0.0568 382 202 463 345
pottedplant 0.0567 429 1 497 61
pottedplant 0.0566 70 0 272 160
pottedplant 0.0564 277 334 335 374
pottedplant 0.0564 63 44 153 270
pottedplant 0.0555 158 0 306 225
pottedplant 0.0553 77 280 204 375
pottedplant 0.0550 1 89 21 126
pottedplant 0.0549 0 0 29 34
pottedplant 0.0548 166 290 229 370
pottedplant 0.0546 0 300 46 375
pottedplant 0.0546 0 115 83 169
pottedplant 0.0544 359 345 404 375
pottedplant 0.0544 237 249 356 361
pottedplant 0.0540 44 0 96 102
pottedplant 0.0539 161 223 250 366
pottedplant 0.0538 332 351 370 373
pottedplant 0.0537 0 78 80 130
pottedplant 0.0535 242 236 302 322
pottedplant 0.0534 125 177 209 349
pottedplant 0.0531 349 1 497 120
pottedplant 0.0531 3 0 144 87
pottedplant 0.0528 43 256 175 368
pottedplant 0.0527 218 95 306 262
pottedplant 0.0525 9 60 61 127
pottedplant 0.0525 0 342 23 375
pottedplant 0.0509 389 288 436 349
pottedplant 0.0508 293 340 378 372
pottedplant 0.0506 5 344 63 375
pottedplant 0.0504 75 87 211 253
pottedplant 0.0500 190 1 266 110
pottedplant 0.0500 452 0 500 87
pottedplant 0.0498 343 338 380 356
pottedplant 0.0494 14 359 61 374
pottedplant 0.0489 382 0 482 68
pottedplant 0.0485 49 63 90 129
pottedplant 0.0485 375 0 439 118
pottedplant 0.0485 439 139 500 352
pottedplant 0.0484 350 95 438 279
pottedplant 0.0477 260 141 335 315
pottedplant 0.0477 309 0 411 75
pottedplant 0.0477 255 282 293 339
pottedplant 0.0477 394 308 470 356
pottedplant 0.0477 152 0 228 109
pottedplant 0.0473 121 0 173 101
pottedplant 0.0472 2 96 48 124
pottedplant 0.0470 290 0 342 32
pottedplant 0.0469 262 278 316 350
pottedplant 0.0468 176 0 277 65
pottedplant 0.0467 403 289 456 350
pottedplant 0.0466 418 130 481 232
pottedplant 0.0466 144 113 212 252
pottedplant 0.0465 442 112 500 179
pottedplant 0.0464 401 341 469 375
pottedplant 0.0464 294 351 337 375
pottedplant 0.0463 284 83 351 195
pottedplant 0.0463 82 81 124 156
pottedplant 0.0461 194 40 276 219
pottedplant 0.0461 168 96 244 253
pottedplant 0.0460 340 328 463 367
pottedplant 0.0460 384 289 462 375
pottedplant 0.0459 104 0 198 83
pottedplant 0.0459 3 0 51 28
pottedplant 0.0454 297 286 427 366
pottedplant 0.0451 303 41 418 306
pottedplant 0.0450 80 104 144 249
pottedplant 0.0449 207 11 274 156
pottedplant 0.0447 122 18 185 175
pottedplant 0.0447 331 328 396 364
pottedplant 0.0447 181 0 217 48
pottedplant 0.0447 0 264 45 348
pottedplant 0.0445 277 0 348 55
pottedplant 0.0442 303 325 340 375
pottedplant 0.0441 311 19 390 139
pottedplant 0.0439 0 161 92 244
pottedplant 0.0439 228 286 284 370
pottedplant 0.0434 355 348 384 375
pottedplant 0.0433 177 273 295 359
pottedplant 0.0433 394 141 464 243
pottedplant 0.0433 195 246 297 336
pottedplant 0.0433 116 11 149 97
pottedplant 0.0432 453 203 498 234
pottedplant 0.0430 60 33 111 131
pottedplant 0.0430 274 318 333 356
pottedplant 0.0430 0 122 51 190
pottedplant 0.0428 288 270 345 356
pottedplant 0.0427 249 288 299 368
pottedplant 0.0425 223 76 258 151
pottedplant 0.0423 398 0 431 51
pottedplant 0.0423 142 1 216 63
pottedplant 0.0422 192 1 345 119
pottedplant 0.0419 115 241 183 335
pottedplant 0.0417 213 0 362 225
pottedplant 0.0417 0 267 236 375
pottedplant 0.0417 56 0 118 79
pottedplant 0.0416 126 0 181 32
pottedplant 0.0415 17 110 115 251
pottedplant 0.0413 434 286 476 337
pottedplant 0.0413 253 0 328 125
pottedplant 0.0412 404 164 453 230
pottedplant 0.0412 388 354 451 375
pottedplant 0.0411 0 86 93 160
pottedplant 0.0411 87 86 155 200
pottedplant 0.0408 0 18 28 128
pottedplant 0.0406 383 158 451 286
pottedplant 0.0404 324 353 357 373
pottedplant 0.0403 438 355 494 374
pottedplant 0.0402 3 228 67 333
pottedplant 0.0402 31 189 426 375
pottedplant 0.0401 49 0 90 62
pottedplant 0.0401 0 271 26 375
pottedplant 0.0400 182 303 227 354
pottedplant 0.0399 27 0 78 31
pottedplant 0.0398 304 1 377 54
pottedplant 0.0398 289 17 358 166
pottedplant 0.0397 397 338 426 373
pottedplant 0.0392 348 0 422 113
pottedplant 0.0391 388 232 435 317
pottedplant 0.0390 51 0 113 28
pottedplant 0.0388 374 339 418 374
pottedplant 0.0385 225 302 262 359
pottedplant 0.0380 33 2 79 85
pottedplant 0.0379 0 12 46 80
pottedplant 0.0379 0 356 45 374
pottedplant 0.0379 405 357 481 375
pottedplant 0.0378 454 29 500 117
pottedplant 0.0375 103 11 138 98
pottedplant 0.0374 72 182 154 348
pottedplant 0.0373 81 133 120 188
pottedplant 0.0372 20 349 54 374
pottedplant 0.0372 400 319 453 373
pottedplant 0.0371 22 336 74 375
pottedplant 0.0369 166 148 243 316
pottedplant 0.0369 219 339 331 373
pottedplant 0.0368 379 273 423 345
pottedplant 0.0367 96 35 182 217
pottedplant 0.0366 339 0 403 36
pottedplant 0.0365 430 245 493 340
pottedplant 0.0365 101 251 164 348
pottedplant 0.0363 184 0 239 57
pottedplant 0.0362 422 171 463 236
pottedplant 0.0361 53 84 83 123
pottedplant 0.0361 113 247 320 362
pottedplant 0.0358 0 13 21 49
pottedplant 0.0358 284 0 349 113
pottedplant 0.0356 280 2 447 114
pottedplant 0.0355 94 261 136 342
pottedplant 0.0355 0 183 86 301
pottedplant 0.0354 19 0 62 43
pottedplant 0.0353 80 9 128 94
pottedplant 0.0352 65 0 218 104
pottedplant 0.0352 275 299 313 352
pottedplant 0.0351 254 215 315 311
pottedplant 0.0350 157 50 223 178
pottedplant 0.0350 212 0 249 48
pottedplant 0.0348 403 333 441 366
pottedplant 0.0347 142 3 186 82
pottedplant 0.0346 446 0 491 46
pottedplant 0.0346 139 265 187 332
pottedplant 0.0346 192 92 229 157
pottedplant 0.0345 6 33 69 101
pottedplant 0.0344 71 101 109 170
pottedplant 0.0343 203 68 253 154
pottedplant 0.0343 197 110 254 209
pottedplant 0.0342 73 1 154 68
pottedplant 0.0342 70 0 135 31
pottedplant 0.0341 177 106 213 184
pottedplant 0.0339 246 115 345 236
pottedplant 0.0339 229 67 279 157
pottedplant 0.0337 158 119 203 196
pottedplant 0.0336 292 92 345 163
pottedplant 0.0336 302 1 343 69
pottedplant 0.0333 49 0 76 24
pottedplant 0.0333 380 349 406 375
pottedplant 0.0332 19 85 69 123
pottedplant 0.0332 36 63 72 122
pottedplant 0.0331 140 120 273 275
pottedplant 0.0331 205 276 298 326
pottedplant 0.0331 269 348 400 375
pottedplant 0.0329 476 332 500 374
pottedplant 0.0329 331 16 398 106
pottedplant 0.0329 23 94 46 123
pottedplant 0.0328 276 250 335 340
pottedplant 0.0327 62 280 126 369
pottedplant 0.0327 213 0 309 90
pottedplant 0.0325 320 352 343 374
pottedplant 0.0320 11 90 41 121
pottedplant 0.0318 405 0 443 59
pottedplant 0.0318 433 149 493 220
pottedplant 0.0318 8 166 123 284
pottedplant 0.0315 0 107 46 167
pottedplant 0.0315 0 137 47 221
pottedplant 0.0315 136 0 172 58
pottedplant 0.0314 33 289 104 374
pottedplant 0.0313 264 327 363 375
pottedplant 0.0312 81 40 125 132
pottedplant 0.0310 262 263 311 323
pottedplant 0.0310 99 0 158 32
pottedplant 0.0310 287 208 355 346
pottedplant 0.0310 235 67 303 180
pottedplant 0.0309 191 292 260 373
pottedplant 0.0309 309 13 363 114
pottedplant 0.0308 95 111 186 295
pottedplant 0.0308 0 104 79 138
pottedplant 0.0308 0 250 144 353
pottedplant 0.0307 85 299 135 358
pottedplant 0.0307 310 333 358 375
tvmonitor 0.0473 0 0 31 30
tvmonitor 0.0271 422 225 497 343
tvmonitor 0.0236 447 150 500 306
