bottle 0.0362 474 171 500 248
bottle 0.0258 480 190 499 239
bottle 0.0256 448 326 500 375
bottle 0.0232 483 26 500 108
car 0.1122 298 15 406 99
car 0.0592 303 55 397 93
car 0.0509 348 21 403 52
car 0.0471 294 51 405 122
car 0.0293 295 68 384 103
car 0.0269 5 85 84 128
car 0.0254 310 65 380 87
car 0.0249 240 0 476 230
car 0.0215 308 23 376 54
cat 0.0791 90 92 163 122
cat 0.0619 142 96 165 122
cat 0.0598 228 113 284 155
cat 0.0568 167 114 238 142
cat 0.0488 203 111 245 151
cat 0.0380 165 116 204 143
cat 0.0346 127 92 169 124
cat 0.0295 442 329 500 375
cat 0.0275 137 113 206 140
cat 0.0265 112 93 162 114
cat 0.0234 55 85 79 113
chair 0.1810 0 0 85 122
chair 0.1179 15 91 277 326
chair 0.1122 193 238 500 371
chair 0.0831 189 34 301 119
chair 0.0793 29 199 500 375
chair 0.0648 0 36 136 176
chair 0.0597 411 219 500 375
chair 0.0565 249 102 500 375
chair 0.0500 67 0 136 117
chair 0.0500 0 52 90 139
chair 0.0470 158 48 309 157
chair 0.0412 274 304 498 370
chair 0.0406 346 264 499 370
chair 0.0399 5 1 74 66
chair 0.0386 44 146 381 348
chair 0.0378 21 29 79 116
chair 0.0365 4 68 75 123
chair 0.0364 35 7 93 113
chair 0.0358 8 91 157 167
chair 0.0355 420 290 500 374
chair 0.0341 187 80 298 151
chair 0.0334 243 42 301 124
chair 0.0322 262 218 500 327
chair 0.0317 352 318 500 374
chair 0.0316 49 39 226 163
chair 0.0314 0 0 82 259
chair 0.0313 47 256 416 365
chair 0.0309 9 72 149 129
chair 0.0307 39 32 164 132
chair 0.0304 113 33 347 132
chair 0.0299 0 77 100 375
chair 0.0296 89 53 283 200
chair 0.0288 15 81 94 118
chair 0.0286 0 74 188 245
chair 0.0286 279 59 386 127
chair 0.0285 225 56 291 139
chair 0.0269 187 66 274 123
chair 0.0266 157 23 283 102
chair 0.0264 354 91 422 125
chair 0.0262 197 81 285 113
chair 0.0261 385 29 449 140
chair 0.0259 18 15 84 80
chair 0.0249 199 69 362 126
chair 0.0246 185 40 254 113
chair 0.0244 81 10 264 116
chair 0.0244 86 85 162 115
chair 0.0243 269 47 306 117
chair 0.0242 447 312 499 375
chair 0.0241 446 52 500 186
chair 0.0239 2 6 54 95
chair 0.0238 0 3 47 59
chair 0.0238 48 63 133 152
chair 0.0235 218 153 419 369
chair 0.0234 82 0 123 90
chair 0.0233 307 57 435 129
chair 0.0231 187 93 270 140
chair 0.0230 353 77 465 139
chair 0.0230 288 86 352 118
chair 0.0229 49 56 91 118
chair 0.0229 449 241 500 375
chair 0.0226 202 92 373 148
chair 0.0222 61 72 169 114
chair 0.0220 97 0 136 90
chair 0.0220 277 54 337 125
chair 0.0219 65 11 105 103
chair 0.0219 434 96 500 221
chair 0.0209 194 66 233 111
chair 0.0207 6 66 95 199
chair 0.0205 199 73 248 124
chair 0.0205 5 130 86 310
chair 0.0202 173 80 253 162
chair 0.0202 138 71 290 129
chair 0.0200 1 43 79 89
dog 0.7258 241 105 488 262
dog 0.6039 54 96 251 194
dog 0.2828 258 92 473 188
dog 0.2762 88 95 434 225
dog 0.2406 118 104 499 316
dog 0.1882 31 78 315 264
dog 0.1804 134 109 251 190
dog 0.1538 53 91 189 159
dog 0.1407 309 94 452 154
dog 0.1335 216 110 292 161
dog 0.1289 247 180 472 286
dog 0.1136 236 104 384 161
dog 0.1075 233 146 410 271
dog 0.1051 24 44 217 197
dog 0.1035 343 102 458 185
dog 0.0963 167 106 271 173
dog 0.0928 173 111 379 197
dog 0.0913 91 99 249 160
dog 0.0888 286 93 380 142
dog 0.0856 202 69 436 203
dog 0.0852 353 94 439 134
dog 0.0825 87 68 323 191
dog 0.0808 333 89 489 230
dog 0.0793 239 115 284 156
dog 0.0767 71 89 178 135
dog 0.0737 53 101 134 160
dog 0.0697 193 113 256 160
dog 0.0666 297 104 374 132
dog 0.0617 234 153 500 349
dog 0.0601 245 206 400 280
dog 0.0582 17 54 140 158
dog 0.0569 333 130 492 287
dog 0.0555 111 121 318 212
dog 0.0555 195 77 344 177
dog 0.0496 188 104 316 156
dog 0.0493 52 80 163 125
dog 0.0465 233 126 425 187
dog 0.0462 153 107 244 143
dog 0.0460 237 116 337 154
dog 0.0445 307 116 372 134
dog 0.0442 211 87 378 265
dog 0.0434 295 117 380 143
dog 0.0431 227 124 294 179
dog 0.0410 268 122 408 168
dog 0.0405 218 129 333 225
dog 0.0403 38 85 114 141
dog 0.0399 228 168 340 269
dog 0.0398 0 32 103 198
dog 0.0390 352 110 448 155
dog 0.0370 63 104 174 204
dog 0.0367 393 118 500 229
dog 0.0361 55 108 114 147
dog 0.0345 112 95 208 149
dog 0.0338 322 181 500 264
dog 0.0337 36 94 131 200
dog 0.0332 225 114 339 190
dog 0.0328 246 223 480 318
dog 0.0303 374 118 454 174
dog 0.0301 276 127 480 215
dog 0.0297 224 111 295 215
dog 0.0289 252 126 362 162
dog 0.0286 314 112 368 129
dog 0.0285 124 66 274 162
dog 0.0284 228 143 294 195
dog 0.0281 1 0 27 24
dog 0.0260 179 117 245 192
dog 0.0246 350 171 406 187
dog 0.0245 234 135 363 180
dog 0.0235 215 116 270 183
dog 0.0229 349 120 429 172
dog 0.0225 321 115 425 150
dog 0.0225 232 91 303 167
dog 0.0223 54 85 129 116
dog 0.0220 134 114 356 288
dog 0.0220 333 101 414 134
dog 0.0211 275 80 388 179
dog 0.0209 19 88 99 127
dog 0.0201 16 95 105 163
person 0.1726 0 0 81 131
person 0.1297 286 90 428 138
person 0.1187 308 150 500 370
person 0.1183 290 93 377 129
person 0.1022 255 62 473 189
person 0.0903 352 91 484 178
person 0.0901 209 36 491 290
person 0.0842 404 163 500 375
person 0.0808 0 0 63 28
person 0.0789 267 91 385 151
person 0.0767 383 46 481 166
person 0.0752 44 36 225 197
person 0.0739 350 16 499 194
person 0.0685 0 1 73 71
person 0.0658 311 87 500 228
person 0.0633 338 91 451 149
person 0.0616 343 20 365 47
person 0.0608 295 83 404 124
person 0.0608 355 92 424 133
person 0.0601 325 12 350 44
person 0.0580 31 0 157 136
person 0.0572 358 15 395 50
person 0.0569 296 76 473 149
person 0.0564 334 15 359 45
person 0.0563 387 101 500 204
person 0.0551 80 0 126 83
person 0.0546 7 0 113 82
person 0.0521 188 111 240 145
person 0.0519 387 124 493 263
person 0.0492 294 91 354 114
person 0.0490 350 26 381 49
person 0.0489 81 57 349 169
person 0.0461 190 45 421 173
person 0.0456 317 98 371 128
person 0.0431 50 0 125 106
person 0.0429 0 0 40 43
person 0.0415 313 92 374 113
person 0.0414 336 19 433 136
person 0.0409 212 74 390 140
person 0.0390 140 94 166 123
person 0.0389 206 42 312 145
person 0.0387 354 19 373 43
person 0.0386 364 18 405 75
person 0.0382 306 105 381 133
person 0.0373 426 163 499 290
person 0.0371 12 0 66 17
person 0.0368 338 28 373 47
person 0.0359 337 5 370 42
person 0.0358 458 172 499 250
person 0.0348 351 9 383 47
person 0.0341 214 73 293 160
person 0.0330 344 9 365 38
person 0.0330 335 94 375 110
person 0.0327 479 9 500 90
person 0.0326 311 89 353 106
person 0.0319 333 12 375 54
person 0.0316 425 60 499 179
person 0.0312 325 94 391 131
person 0.0306 141 95 187 131
person 0.0306 0 0 31 26
person 0.0306 300 58 397 139
person 0.0305 379 22 406 94
person 0.0302 87 0 175 101
person 0.0299 93 0 135 61
person 0.0298 346 23 403 56
person 0.0296 329 91 368 105
person 0.0290 114 94 263 144
person 0.0286 67 0 115 57
person 0.0285 42 0 93 67
person 0.0283 97 85 164 123
person 0.0282 3 0 89 40
person 0.0281 280 83 348 124
person 0.0279 0 64 81 169
person 0.0278 205 113 234 142
person 0.0276 345 23 388 43
person 0.0276 159 67 318 136
person 0.0275 344 92 370 107
person 0.0274 319 78 376 125
person 0.0270 323 89 386 108
person 0.0269 389 89 459 137
person 0.0266 329 96 366 118
person 0.0266 460 81 498 155
person 0.0263 348 91 383 105
person 0.0262 362 68 439 144
person 0.0261 196 103 257 161
person 0.0259 84 0 123 45
person 0.0257 442 74 488 144
person 0.0253 12 85 115 168
person 0.0251 68 80 181 138
person 0.0250 36 0 75 16
person 0.0250 298 101 354 129
person 0.0249 352 93 390 110
person 0.0248 382 18 405 65
person 0.0248 243 49 340 152
person 0.0245 92 7 289 194
person 0.0245 328 11 361 36
person 0.0243 439 117 500 246
person 0.0241 381 110 460 185
person 0.0240 101 0 155 81
person 0.0239 316 318 500 373
person 0.0237 359 191 498 287
person 0.0234 246 143 500 273
person 0.0233 318 16 343 47
person 0.0231 418 92 497 153
person 0.0231 55 85 78 114
person 0.0225 55 80 121 124
person 0.0223 308 111 362 128
person 0.0222 301 95 344 120
person 0.0221 307 65 366 115
person 0.0219 340 93 383 121
person 0.0215 422 80 466 144
person 0.0214 21 0 113 24
person 0.0212 44 80 106 147
person 0.0207 317 83 428 170
person 0.0207 149 61 255 173
person 0.0205 390 39 439 133
person 0.0204 124 91 171 122
person 0.0204 461 140 500 226
person 0.0203 330 80 407 143
person 0.0202 439 183 494 258
person 0.0200 366 35 404 101
person 0.0200 122 0 213 95
pottedplant 0.0374 358 19 404 58
pottedplant 0.0238 375 23 401 54
sofa 0.2876 0 2 82 135
sofa 0.2099 0 82 499 354
sofa 0.1804 24 55 308 220
sofa 0.1740 27 103 328 324
sofa 0.1273 1 20 186 178
sofa 0.1100 236 110 500 356
sofa 0.0864 59 210 500 375
sofa 0.0833 87 62 500 254
sofa 0.0744 260 63 500 177
sofa 0.0594 15 1 157 126
sofa 0.0588 0 0 88 69
sofa 0.0521 0 0 256 306
sofa 0.0516 0 62 134 146
sofa 0.0431 79 34 325 146
sofa 0.0415 20 4 420 202
sofa 0.0308 110 23 308 107
sofa 0.0279 0 32 88 100
sofa 0.0228 54 13 215 94
sofa 0.0209 74 110 264 266
sofa 0.0204 0 103 249 210
tvmonitor 0.3033 299 3 401 53
tvmonitor 0.2015 416 0 492 132
tvmonitor 0.1918 309 7 370 46
tvmonitor 0.1375 295 0 414 86
tvmonitor 0.1316 363 4 405 52
tvmonitor 0.1249 296 2 472 119
tvmonitor 0.1097 391 0 484 89
tvmonitor 0.0990 366 0 495 161
tvmonitor 0.0903 383 1 406 49
tvmonitor 0.0902 184 38 301 115
tvmonitor 0.0859 454 0 496 121
tvmonitor 0.0818 309 0 392 34
tvmonitor 0.0778 478 61 499 112
tvmonitor 0.0771 481 0 500 69
tvmonitor 0.0759 334 0 433 67
tvmonitor 0.0743 334 13 399 49
tvmonitor 0.0733 315 11 345 44
tvmonitor 0.0696 302 35 402 94
tvmonitor 0.0664 391 0 410 39
tvmonitor 0.0639 360 21 399 48
tvmonitor 0.0606 470 40 499 115
tvmonitor 0.0595 387 0 453 133
tvmonitor 0.0589 466 0 498 62
tvmonitor 0.0583 440 0 489 74
tvmonitor 0.0580 462 48 497 143
tvmonitor 0.0575 265 17 418 131
tvmonitor 0.0574 328 14 363 47
tvmonitor 0.0568 300 2 350 52
tvmonitor 0.0553 375 0 417 68
tvmonitor 0.0549 364 0 423 104
tvmonitor 0.0545 377 7 399 44
tvmonitor 0.0520 183 36 292 81
tvmonitor 0.0505 214 20 387 98
tvmonitor 0.0496 382 1 449 62
tvmonitor 0.0478 321 19 381 45
tvmonitor 0.0462 351 6 395 42
tvmonitor 0.0434 208 0 308 106
tvmonitor 0.0430 438 38 493 146
tvmonitor 0.0429 304 0 398 17
tvmonitor 0.0425 482 0 498 38
tvmonitor 0.0413 387 0 407 26
tvmonitor 0.0392 345 40 497 120
tvmonitor 0.0390 409 65 500 151
tvmonitor 0.0384 385 18 403 52
tvmonitor 0.0366 308 58 392 87
tvmonitor 0.0365 328 5 380 38
tvmonitor 0.0363 177 12 355 128
tvmonitor 0.0359 473 0 500 155
tvmonitor 0.0358 394 1 431 83
tvmonitor 0.0353 409 2 497 55
tvmonitor 0.0352 448 0 495 45
tvmonitor 0.0349 330 22 404 73
tvmonitor 0.0345 376 2 402 28
tvmonitor 0.0344 361 10 385 40
tvmonitor 0.0339 394 0 419 52
tvmonitor 0.0330 473 3 494 42
tvmonitor 0.0325 436 0 468 59
tvmonitor 0.0324 354 0 412 35
tvmonitor 0.0320 478 22 500 100
tvmonitor 0.0309 331 2 398 26
tvmonitor 0.0305 321 28 364 46
tvmonitor 0.0301 289 0 326 56
tvmonitor 0.0297 368 5 390 34
tvmonitor 0.0284 379 22 414 100
tvmonitor 0.0279 340 17 418 128
tvmonitor 0.0277 254 0 336 99
tvmonitor 0.0277 305 10 329 43
tvmonitor 0.0277 465 73 500 127
tvmonitor 0.0276 399 0 462 49
tvmonitor 0.0271 201 37 289 64
tvmonitor 0.0267 360 12 399 32
tvmonitor 0.0265 430 86 492 141
tvmonitor 0.0262 279 45 390 116
tvmonitor 0.0262 438 28 491 96
tvmonitor 0.0253 343 0 493 49
tvmonitor 0.0253 321 65 399 101
tvmonitor 0.0252 188 11 277 101
tvmonitor 0.0252 381 0 411 16
tvmonitor 0.0252 299 66 377 109
tvmonitor 0.0251 478 19 500 56
tvmonitor 0.0251 481 33 499 77
tvmonitor 0.0246 458 3 486 60
tvmonitor 0.0244 208 14 301 71
tvmonitor 0.0236 395 36 432 118
tvmonitor 0.0235 322 12 367 30
tvmonitor 0.0235 304 25 375 73
tvmonitor 0.0225 355 37 409 89
tvmonitor 0.0223 302 52 500 169
tvmonitor 0.0222 317 5 347 29
tvmonitor 0.0221 472 73 497 106
tvmonitor 0.0221 479 0 500 19
tvmonitor 0.0217 462 92 499 148
tvmonitor 0.0217 360 4 399 22
tvmonitor 0.0216 351 11 380 32
tvmonitor 0.0215 346 18 386 35
tvmonitor 0.0214 291 52 361 99
tvmonitor 0.0213 233 1 308 60
tvmonitor 0.0212 406 8 448 98
tvmonitor 0.0212 332 17 374 36
tvmonitor 0.0210 320 1 375 14
tvmonitor 0.0210 416 13 473 76
tvmonitor 0.0209 399 0 418 25
tvmonitor 0.0209 302 19 355 47
tvmonitor 0.0207 469 0 496 27
tvmonitor 0.0206 250 0 360 57
tvmonitor 0.0206 311 0 362 20
tvmonitor 0.0206 232 37 302 78
tvmonitor 0.0203 322 1 355 40
tvmonitor 0.0203 297 1 320 45
tvmonitor 0.0203 414 77 472 131
tvmonitor 0.0202 370 1 389 21
tvmonitor 0.0201 421 0 478 41
tvmonitor 0.0200 238 20 303 100
tvmonitor 0.0200 269 38 308 104
