bottle 0.1101 296 448 310 500
bottle 0.0951 268 451 284 500
bottle 0.0608 306 451 320 500
bottle 0.0496 311 456 328 500
bottle 0.0417 290 449 305 500
bottle 0.0401 316 457 335 500
bottle 0.0343 296 468 315 500
bottle 0.0341 299 449 328 500
bottle 0.0339 350 443 364 500
bottle 0.0337 324 450 338 500
bottle 0.0267 282 452 295 499
bottle 0.0255 301 469 325 500
bottle 0.0242 288 473 308 500
bottle 0.0235 254 90 317 264
bottle 0.0234 275 449 308 500
bottle 0.0224 258 453 273 499
bottle 0.0223 273 450 287 498
bottle 0.0216 288 457 318 500
bottle 0.0212 146 47 221 112
horse 0.8575 0 97 329 465
horse 0.3628 24 55 310 327
horse 0.1421 182 91 318 374
horse 0.0856 5 161 249 382
horse 0.0837 242 94 319 297
horse 0.0532 91 167 340 370
horse 0.0475 111 67 330 268
horse 0.0448 0 235 268 490
horse 0.0445 3 201 70 426
horse 0.0422 186 106 300 272
horse 0.0399 52 237 303 398
horse 0.0391 4 171 115 473
horse 0.0357 235 178 327 337
horse 0.0356 0 337 120 491
horse 0.0339 172 245 300 394
horse 0.0305 79 142 271 298
horse 0.0304 195 91 319 212
horse 0.0237 224 140 361 414
horse 0.0236 103 276 252 380
horse 0.0234 139 196 281 382
horse 0.0202 11 223 155 340
person 0.6048 44 39 218 300
person 0.3609 11 48 292 368
person 0.2533 16 470 37 500
person 0.2339 122 39 227 274
person 0.2225 43 93 146 317
person 0.1532 1 185 14 216
person 0.1489 43 179 91 327
person 0.1130 41 194 71 324
person 0.1069 15 468 58 500
person 0.1065 123 81 296 322
person 0.0970 50 135 106 319
person 0.0853 3 466 42 500
person 0.0814 164 70 241 265
person 0.0812 158 43 221 202
person 0.0794 0 180 9 216
person 0.0733 9 117 189 423
person 0.0703 51 469 69 500
person 0.0672 194 59 330 324
person 0.0651 5 189 20 216
person 0.0584 47 198 67 284
person 0.0581 193 100 285 293
person 0.0566 123 42 221 125
person 0.0544 15 168 119 340
person 0.0543 83 81 254 249
person 0.0511 30 475 65 500
person 0.0494 46 198 61 253
person 0.0487 26 470 46 500
person 0.0470 174 44 222 126
person 0.0458 17 197 71 335
person 0.0451 145 104 221 316
person 0.0428 358 115 379 169
person 0.0425 74 111 194 357
person 0.0424 0 166 12 222
person 0.0414 26 178 213 333
person 0.0413 93 44 223 170
person 0.0399 279 91 316 119
person 0.0398 0 60 179 260
person 0.0392 336 0 382 174
person 0.0386 0 187 25 220
person 0.0346 323 455 339 500
person 0.0342 16 195 27 216
person 0.0337 40 202 53 241
person 0.0337 36 469 54 500
person 0.0335 32 201 63 310
person 0.0315 254 93 316 143
person 0.0315 0 434 33 500
person 0.0314 33 206 46 237
person 0.0307 7 197 32 216
person 0.0298 66 36 323 229
person 0.0294 177 64 219 179
person 0.0289 57 469 75 500
person 0.0283 0 181 17 232
person 0.0283 170 88 211 209
person 0.0281 45 470 63 500
person 0.0279 65 102 159 253
person 0.0276 4 194 56 305
person 0.0274 26 206 42 237
person 0.0274 3 184 78 406
person 0.0271 95 152 173 341
person 0.0263 85 164 229 280
person 0.0261 104 85 201 221
person 0.0258 1 133 96 309
person 0.0256 158 83 307 233
person 0.0253 19 198 37 218
person 0.0250 357 87 386 177
person 0.0248 159 120 271 378
person 0.0244 192 198 277 387
person 0.0242 102 138 248 356
person 0.0241 375 445 389 499
person 0.0239 41 467 74 500
person 0.0236 45 197 59 229
person 0.0235 38 197 57 250
person 0.0231 50 201 71 254
person 0.0230 170 32 236 159
person 0.0229 0 418 59 499
person 0.0225 0 457 67 500
person 0.0225 9 191 50 266
person 0.0219 0 219 36 326
person 0.0217 77 380 101 408
person 0.0217 28 202 51 238
person 0.0215 343 60 377 170
person 0.0214 81 111 139 302
person 0.0213 0 472 25 500
person 0.0212 29 203 40 224
person 0.0211 44 201 69 231
person 0.0211 191 48 220 112
person 0.0210 62 172 140 368
person 0.0208 17 202 40 227
person 0.0202 18 466 46 489
person 0.0200 36 202 46 226
pottedplant 0.0475 311 248 336 314
pottedplant 0.0452 315 269 333 315
pottedplant 0.0263 308 269 321 313
pottedplant 0.0255 180 457 195 497
pottedplant 0.0255 325 272 338 314
pottedplant 0.0239 298 264 334 316
pottedplant 0.0234 334 278 344 307
pottedplant 0.0234 252 451 285 500
pottedplant 0.0231 240 455 255 497
pottedplant 0.0219 286 271 303 315
pottedplant 0.0219 210 456 224 496
pottedplant 0.0207 279 281 297 319
pottedplant 0.0201 317 226 342 314
