bird 0.5383 0 123 127 330
bird 0.4379 184 131 283 205
bird 0.4355 280 257 383 305
bird 0.3760 289 221 421 315
bird 0.3397 349 213 407 300
bird 0.1795 9 191 197 335
bird 0.1782 157 125 295 313
bird 0.1678 222 242 409 322
bird 0.1573 35 193 120 317
bird 0.1374 60 234 246 335
bird 0.1349 78 152 262 332
bird 0.1313 269 261 434 328
bird 0.1255 168 54 295 220
bird 0.1243 211 135 286 187
bird 0.1241 261 164 417 318
bird 0.1219 341 212 465 329
bird 0.1216 11 248 141 335
bird 0.1165 87 235 382 331
bird 0.1139 147 131 282 239
bird 0.0918 78 268 291 332
bird 0.0824 251 133 292 190
bird 0.0809 2 174 94 310
bird 0.0786 53 241 120 335
bird 0.0762 21 123 228 284
bird 0.0735 174 218 467 335
bird 0.0720 322 217 387 303
bird 0.0720 90 263 118 298
bird 0.0697 79 246 121 310
bird 0.0631 264 231 364 325
bird 0.0604 57 282 116 333
bird 0.0601 208 95 373 316
bird 0.0600 264 145 294 186
bird 0.0598 62 179 127 298
bird 0.0595 177 136 238 213
bird 0.0581 286 283 408 328
bird 0.0574 125 124 268 199
bird 0.0571 79 176 124 243
bird 0.0563 8 183 426 335
bird 0.0546 93 179 190 317
bird 0.0545 111 128 244 275
bird 0.0543 290 259 366 288
bird 0.0541 182 131 249 182
bird 0.0537 91 172 137 237
bird 0.0536 256 146 295 210
bird 0.0530 63 264 175 334
bird 0.0527 248 166 275 186
bird 0.0523 192 134 221 188
bird 0.0523 173 268 379 330
bird 0.0515 225 133 298 226
bird 0.0513 292 274 376 303
bird 0.0504 251 165 290 184
bird 0.0492 62 265 120 318
bird 0.0480 147 242 308 329
bird 0.0476 354 212 395 270
bird 0.0475 278 267 352 300
bird 0.0475 96 90 277 227
bird 0.0465 250 154 272 184
bird 0.0459 0 187 50 327
bird 0.0421 248 134 276 182
bird 0.0420 314 122 448 318
bird 0.0405 354 181 433 307
bird 0.0404 190 121 291 177
bird 0.0402 203 135 222 171
bird 0.0402 78 171 146 267
bird 0.0402 87 232 122 291
bird 0.0401 67 311 108 335
bird 0.0396 53 303 153 334
bird 0.0394 196 154 282 197
bird 0.0390 263 159 294 197
bird 0.0382 411 206 492 329
bird 0.0381 85 129 209 227
bird 0.0373 280 301 394 334
bird 0.0367 259 204 375 293
bird 0.0358 196 140 268 178
bird 0.0357 108 156 265 228
bird 0.0353 174 174 352 315
bird 0.0352 337 211 373 281
bird 0.0348 178 147 315 222
bird 0.0347 317 265 393 306
bird 0.0343 0 175 81 245
bird 0.0341 77 198 122 276
bird 0.0335 318 266 485 333
bird 0.0334 98 255 123 286
bird 0.0329 286 237 391 293
bird 0.0326 4 280 105 335
bird 0.0325 1 221 37 312
bird 0.0324 371 210 436 291
bird 0.0323 352 212 372 245
bird 0.0318 56 298 250 335
bird 0.0317 9 201 98 276
bird 0.0316 231 122 281 180
bird 0.0313 258 156 280 184
bird 0.0311 3 221 129 302
bird 0.0310 199 226 340 314
bird 0.0310 148 201 249 332
bird 0.0309 366 221 402 274
bird 0.0306 31 165 159 277
bird 0.0306 258 166 279 192
bird 0.0306 311 208 446 290
bird 0.0303 416 306 482 335
bird 0.0302 216 136 246 176
bird 0.0301 280 247 338 295
bird 0.0300 235 144 285 206
bird 0.0293 379 2 474 123
bird 0.0292 221 136 240 164
bird 0.0286 84 265 114 314
bird 0.0286 203 115 352 234
bird 0.0285 24 300 116 333
bird 0.0283 313 218 408 272
bird 0.0278 64 199 117 249
bird 0.0275 209 135 304 277
bird 0.0274 106 166 133 226
bird 0.0272 275 293 373 325
bird 0.0271 189 150 245 196
bird 0.0270 338 240 422 318
bird 0.0269 205 135 235 174
bird 0.0269 87 263 136 328
bird 0.0268 140 257 241 335
bird 0.0267 71 149 135 241
bird 0.0267 288 285 362 304
bird 0.0267 249 169 272 197
bird 0.0267 85 169 196 239
bird 0.0263 100 244 122 277
bird 0.0261 297 210 375 269
bird 0.0261 11 154 114 245
bird 0.0259 191 141 257 226
bird 0.0258 177 157 217 221
bird 0.0257 258 131 333 259
bird 0.0254 63 282 99 323
bird 0.0250 241 143 270 187
bird 0.0247 300 260 349 276
bird 0.0245 72 281 149 332
bird 0.0245 19 202 85 248
bird 0.0244 183 168 266 211
bird 0.0243 221 135 267 170
bird 0.0240 70 206 89 236
bird 0.0239 68 218 116 294
bird 0.0238 349 253 390 311
bird 0.0237 197 125 228 178
bird 0.0236 353 215 424 259
bird 0.0235 74 231 139 331
bird 0.0235 103 179 152 240
bird 0.0232 73 183 108 236
bird 0.0225 65 316 148 335
bird 0.0223 330 302 447 333
bird 0.0219 356 216 379 252
bird 0.0218 0 191 38 274
bird 0.0218 228 151 302 187
bird 0.0218 192 32 461 335
bird 0.0217 2 239 71 333
bird 0.0217 263 159 302 227
bird 0.0214 10 220 54 293
bird 0.0213 89 262 123 280
bird 0.0212 280 264 344 285
bird 0.0210 422 105 442 135
bird 0.0207 327 290 401 330
bird 0.0204 254 165 285 202
bird 0.0203 257 139 283 178
bird 0.0203 279 267 327 292
bottle 0.0703 440 320 494 334
bottle 0.0457 431 312 499 335
bottle 0.0413 459 311 485 335
bottle 0.0410 257 132 293 186
bottle 0.0371 68 319 101 335
bottle 0.0327 354 6 478 211
bottle 0.0302 432 319 469 335
bottle 0.0300 444 311 470 335
bottle 0.0291 196 100 281 192
bottle 0.0286 418 109 448 188
bottle 0.0266 253 107 293 169
bottle 0.0263 411 294 496 335
bottle 0.0261 451 298 495 335
bottle 0.0258 433 326 493 335
bottle 0.0256 226 114 285 158
bottle 0.0252 261 13 344 134
bottle 0.0249 464 317 500 335
bottle 0.0245 422 132 444 187
bottle 0.0242 250 129 273 164
bottle 0.0242 248 127 282 179
bottle 0.0232 454 308 476 332
bottle 0.0230 344 16 445 150
bottle 0.0215 64 316 132 335
bottle 0.0212 408 311 477 335
bottle 0.0207 228 103 298 190
bottle 0.0206 0 173 83 216
bottle 0.0206 188 267 237 334
bottle 0.0203 433 298 480 335
bottle 0.0202 224 113 262 143
bottle 0.0200 414 24 491 199
bottle 0.0200 252 124 270 148
bottle 0.0200 4 172 29 204
chair 0.0531 420 225 496 333
chair 0.0377 361 218 489 333
chair 0.0357 414 277 495 334
chair 0.0329 404 307 480 334
chair 0.0295 459 256 498 334
chair 0.0248 423 261 470 331
chair 0.0236 416 290 465 334
chair 0.0201 344 286 492 333
diningtable 0.0317 128 218 485 335
diningtable 0.0313 14 148 490 335
person 0.6542 160 12 436 327
person 0.5108 17 119 143 335
person 0.2552 16 94 276 333
person 0.2454 142 29 314 318
person 0.2118 1 118 97 294
person 0.1540 176 14 345 216
person 0.1525 0 125 89 220
person 0.0931 226 14 416 234
person 0.0835 132 6 285 210
person 0.0781 291 17 460 311
person 0.0543 62 6 268 266
person 0.0540 13 0 200 289
person 0.0504 2 127 47 198
person 0.0449 219 17 376 94
person 0.0448 6 124 72 180
person 0.0413 188 11 283 158
person 0.0413 67 320 104 334
person 0.0404 334 24 455 200
person 0.0374 138 14 432 152
person 0.0370 0 183 225 333
person 0.0364 217 13 317 146
person 0.0364 0 137 24 212
person 0.0362 420 107 464 197
person 0.0361 4 108 193 248
person 0.0340 42 123 119 225
person 0.0327 232 11 363 172
person 0.0318 390 193 492 333
person 0.0316 2 155 40 220
person 0.0302 45 123 92 185
person 0.0296 359 104 483 330
person 0.0295 205 63 305 202
person 0.0289 268 8 467 172
person 0.0287 1 168 20 206
person 0.0286 0 4 328 193
person 0.0278 266 16 440 92
person 0.0275 373 5 477 171
person 0.0270 3 159 73 218
person 0.0270 266 89 385 298
person 0.0268 23 133 79 206
person 0.0259 21 123 184 204
person 0.0254 61 309 120 335
person 0.0241 344 67 448 275
person 0.0241 86 77 202 235
person 0.0236 0 149 14 225
person 0.0234 253 81 332 219
person 0.0234 369 49 472 235
person 0.0230 277 219 500 331
person 0.0230 47 143 93 216
person 0.0229 1 152 60 258
person 0.0225 21 74 301 229
person 0.0223 61 127 108 195
person 0.0221 384 87 450 193
person 0.0220 0 17 204 143
person 0.0215 414 102 450 176
person 0.0214 275 13 354 132
person 0.0204 63 112 156 228
pottedplant 0.0624 96 0 258 187
pottedplant 0.0556 6 0 292 118
pottedplant 0.0439 33 0 212 202
pottedplant 0.0379 128 6 279 120
pottedplant 0.0362 57 1 154 179
pottedplant 0.0343 37 9 116 166
pottedplant 0.0317 98 14 180 164
pottedplant 0.0301 161 0 253 102
pottedplant 0.0290 16 0 334 249
pottedplant 0.0256 124 15 223 164
pottedplant 0.0240 11 15 86 167
pottedplant 0.0235 184 9 294 105
pottedplant 0.0232 85 3 209 106
pottedplant 0.0203 217 7 350 55
