bicycle 0.8909 5 43 332 500
bicycle 0.1115 2 68 156 500
bicycle 0.0842 0 282 139 498
bicycle 0.0764 64 70 270 206
bicycle 0.0713 128 20 322 434
bicycle 0.0507 0 129 100 467
bicycle 0.0506 0 350 220 493
bicycle 0.0471 1 270 62 467
bicycle 0.0452 5 396 136 496
bicycle 0.0407 0 255 278 497
bicycle 0.0402 201 36 331 371
bicycle 0.0391 118 87 266 181
bicycle 0.0382 149 83 265 148
bicycle 0.0359 15 9 295 230
bicycle 0.0316 110 43 329 245
bicycle 0.0299 1 204 60 401
bicycle 0.0269 0 341 91 492
bicycle 0.0248 106 76 267 309
bicycle 0.0235 84 153 299 480
bicycle 0.0232 41 402 189 497
bicycle 0.0222 193 108 258 144
bicycle 0.0219 230 458 274 500
bicycle 0.0219 60 82 224 466
bicycle 0.0212 23 375 333 500
bicycle 0.0209 0 47 228 310
bird 0.2208 31 29 59 55
bird 0.0725 91 71 150 130
bird 0.0680 1 86 15 133
bird 0.0673 2 106 19 133
bird 0.0631 2 23 98 130
bird 0.0610 206 64 307 126
bird 0.0569 230 64 296 111
bird 0.0553 10 15 61 59
bird 0.0546 186 21 330 139
bird 0.0527 0 68 21 134
bird 0.0523 207 59 333 160
bird 0.0496 1 47 58 132
bird 0.0487 259 133 276 169
bird 0.0477 80 65 262 168
bird 0.0475 30 22 61 80
bird 0.0419 28 16 79 60
bird 0.0408 225 112 333 463
bird 0.0398 106 30 277 142
bird 0.0386 10 29 178 136
bird 0.0373 4 19 62 97
bird 0.0360 150 73 272 155
bird 0.0341 82 34 210 124
bird 0.0335 127 410 267 496
bird 0.0327 205 71 263 135
bird 0.0325 192 0 231 46
bird 0.0324 217 77 273 115
bird 0.0324 10 56 130 151
bird 0.0321 173 27 261 133
bird 0.0321 34 24 55 48
bird 0.0317 236 50 333 122
bird 0.0315 31 4 60 57
bird 0.0307 90 73 193 148
bird 0.0303 193 42 333 239
bird 0.0300 0 22 26 133
bird 0.0291 275 1 330 78
bird 0.0287 25 25 65 117
bird 0.0287 201 0 331 94
bird 0.0274 30 37 59 67
bird 0.0268 1 47 234 179
bird 0.0259 0 91 54 136
bird 0.0247 277 130 333 327
bird 0.0242 7 97 23 133
bird 0.0239 258 71 288 115
bird 0.0235 23 26 83 77
bird 0.0229 158 74 317 191
bird 0.0227 0 24 126 202
bird 0.0226 212 78 239 101
bird 0.0224 185 0 240 23
bird 0.0221 191 3 255 71
bird 0.0221 231 295 332 479
bird 0.0219 269 3 332 138
bird 0.0219 129 357 331 493
bird 0.0215 293 0 331 49
bird 0.0213 0 73 43 128
bird 0.0208 185 80 248 131
bird 0.0208 199 40 301 112
bird 0.0204 13 11 99 70
bird 0.0201 240 154 329 309
boat 0.0246 199 108 257 143
bottle 0.0207 138 478 179 499
chair 0.0301 0 268 38 431
chair 0.0279 70 403 211 496
chair 0.0268 0 165 68 432
chair 0.0256 0 279 30 381
chair 0.0220 162 411 312 495
chair 0.0217 131 91 258 159
chair 0.0216 0 423 125 496
chair 0.0210 0 251 62 367
chair 0.0209 2 357 66 500
chair 0.0208 2 127 60 319
chair 0.0203 205 6 333 274
person 0.0713 173 50 330 487
person 0.0326 189 93 252 140
person 0.0320 217 59 333 358
person 0.0263 0 107 15 131
person 0.0259 134 404 208 500
person 0.0242 174 75 261 151
person 0.0240 246 123 333 470
person 0.0216 305 351 332 461
person 0.0209 149 424 267 497
pottedplant 0.0302 194 454 271 497
pottedplant 0.0268 15 420 133 496
pottedplant 0.0257 226 459 276 500
pottedplant 0.0222 157 435 282 497
