aeroplane 0.0452 0 337 36 367
bird 0.0612 0 340 37 368
bird 0.0328 212 0 302 108
bird 0.0301 0 343 17 368
bird 0.0299 0 351 26 369
bird 0.0290 9 4 114 103
bird 0.0222 0 334 39 356
bird 0.0216 184 1 282 62
bird 0.0209 50 5 144 113
bird 0.0205 175 13 277 92
bird 0.0204 280 0 306 66
boat 0.8963 81 11 265 333
boat 0.0948 0 5 212 334
boat 0.0789 0 80 91 303
boat 0.0723 3 186 86 295
boat 0.0673 155 40 255 318
boat 0.0665 79 286 249 328
boat 0.0651 42 19 149 297
boat 0.0611 77 178 135 314
boat 0.0609 75 288 140 322
boat 0.0528 0 294 89 351
boat 0.0500 78 274 91 310
boat 0.0479 99 30 193 308
boat 0.0470 75 83 151 318
boat 0.0464 0 168 139 321
boat 0.0435 74 186 252 324
boat 0.0384 0 8 123 257
boat 0.0375 59 123 122 307
boat 0.0369 0 227 23 296
boat 0.0364 2 115 55 294
boat 0.0345 115 19 255 229
boat 0.0333 0 189 44 295
boat 0.0330 0 252 93 322
boat 0.0318 40 238 59 294
boat 0.0306 0 321 77 358
boat 0.0304 77 283 121 313
boat 0.0302 77 263 96 313
boat 0.0298 0 250 11 296
boat 0.0287 141 268 251 327
boat 0.0276 143 11 174 129
boat 0.0273 98 291 170 314
boat 0.0261 200 41 266 306
boat 0.0260 29 239 53 295
boat 0.0260 132 18 235 96
boat 0.0257 221 282 249 301
boat 0.0256 94 12 268 138
boat 0.0254 43 254 56 293
boat 0.0254 21 239 42 295
boat 0.0249 77 275 85 308
boat 0.0246 103 54 151 255
boat 0.0245 0 341 27 362
boat 0.0244 64 264 224 324
boat 0.0242 221 172 255 307
boat 0.0242 78 286 100 308
boat 0.0239 0 336 15 365
boat 0.0239 41 247 52 291
boat 0.0237 0 288 47 361
boat 0.0232 74 277 174 325
boat 0.0226 259 168 305 317
boat 0.0221 0 325 37 357
boat 0.0220 2 239 38 295
boat 0.0220 0 164 97 256
boat 0.0219 0 211 58 325
boat 0.0216 38 265 54 293
boat 0.0216 49 237 69 293
boat 0.0214 54 257 65 292
boat 0.0214 230 121 293 315
boat 0.0212 78 279 100 327
boat 0.0211 43 308 49 322
boat 0.0208 38 308 45 322
boat 0.0206 59 267 69 292
boat 0.0204 0 263 45 298
boat 0.0203 20 249 33 294
boat 0.0202 77 286 85 319
boat 0.0201 73 242 143 326
bottle 0.0466 153 10 169 88
bottle 0.0439 1 187 46 294
bottle 0.0362 179 11 260 321
bottle 0.0358 2 12 91 308
bottle 0.0355 0 219 22 294
bottle 0.0352 67 6 145 325
bottle 0.0295 159 8 170 59
bottle 0.0276 162 11 177 86
bottle 0.0249 150 11 183 129
bottle 0.0233 76 203 127 326
bottle 0.0232 98 20 158 261
bottle 0.0221 54 25 122 229
bottle 0.0213 27 47 98 259
bottle 0.0209 116 14 172 155
cat 0.0311 5 4 104 109
cat 0.0217 11 0 116 62
chair 0.0212 7 0 115 177
diningtable 0.0239 105 27 276 160
diningtable 0.0226 153 17 257 94
person 0.0361 0 213 15 297
person 0.0323 0 339 13 369
person 0.0306 160 9 170 47
person 0.0275 0 222 12 275
person 0.0265 150 11 169 77
person 0.0241 196 4 273 287
person 0.0236 156 12 177 74
person 0.0213 3 0 100 193
person 0.0211 160 13 170 29
person 0.0206 221 36 293 310
person 0.0206 0 347 21 367
sheep 0.0221 224 0 302 85
train 0.0455 0 330 38 363
train 0.0334 0 327 13 365
train 0.0200 0 334 68 366
