aeroplane 0.0738 186 92 287 166
aeroplane 0.0671 222 136 293 164
aeroplane 0.0629 90 107 243 165
aeroplane 0.0561 141 93 260 160
aeroplane 0.0525 245 139 313 166
aeroplane 0.0472 335 167 363 183
aeroplane 0.0393 76 77 269 156
aeroplane 0.0364 137 128 217 161
aeroplane 0.0364 74 126 209 168
aeroplane 0.0349 291 34 382 110
aeroplane 0.0323 82 42 409 159
aeroplane 0.0320 218 21 377 88
aeroplane 0.0314 179 46 375 126
aeroplane 0.0312 327 34 379 101
aeroplane 0.0303 215 81 331 160
aeroplane 0.0299 0 158 27 188
aeroplane 0.0294 317 70 357 107
aeroplane 0.0293 146 117 222 146
aeroplane 0.0275 304 35 382 74
aeroplane 0.0270 164 121 225 158
aeroplane 0.0259 185 99 260 148
aeroplane 0.0259 65 186 91 197
aeroplane 0.0250 99 120 202 156
aeroplane 0.0243 138 126 200 147
aeroplane 0.0242 163 89 236 149
aeroplane 0.0242 64 130 158 165
aeroplane 0.0237 212 122 277 162
aeroplane 0.0235 338 34 388 82
aeroplane 0.0234 198 91 273 131
aeroplane 0.0227 144 126 181 140
aeroplane 0.0224 147 129 191 144
aeroplane 0.0217 251 59 357 148
aeroplane 0.0214 269 150 319 169
aeroplane 0.0211 3 168 41 186
aeroplane 0.0210 144 127 164 142
aeroplane 0.0206 116 134 195 166
aeroplane 0.0201 58 119 184 185
bicycle 0.2276 338 210 414 309
bicycle 0.1097 374 209 417 288
bicycle 0.0799 327 226 400 334
bicycle 0.0682 340 240 394 313
bicycle 0.0578 349 222 394 271
bicycle 0.0473 342 230 417 278
bicycle 0.0461 239 216 461 372
bicycle 0.0422 360 216 410 268
bicycle 0.0383 364 235 418 304
bicycle 0.0378 341 258 419 320
bicycle 0.0321 350 270 394 308
bicycle 0.0307 333 214 378 297
bicycle 0.0301 367 239 407 273
bicycle 0.0283 266 23 385 104
bicycle 0.0258 337 271 475 329
bicycle 0.0252 338 235 451 300
bicycle 0.0238 305 16 460 88
bicycle 0.0234 187 18 358 83
bicycle 0.0233 355 232 385 263
bicycle 0.0224 282 0 373 78
boat 0.7159 72 40 434 372
boat 0.1696 61 43 393 224
boat 0.1555 155 230 500 370
boat 0.1280 328 138 486 371
boat 0.1212 75 117 367 272
boat 0.1180 308 66 425 331
boat 0.1026 67 89 342 193
boat 0.0892 60 184 105 197
boat 0.0791 353 108 421 298
boat 0.0785 258 37 404 275
boat 0.0779 197 125 308 166
boat 0.0768 236 117 454 375
boat 0.0729 96 65 376 164
boat 0.0705 38 60 301 337
boat 0.0690 70 158 156 297
boat 0.0681 215 135 281 164
boat 0.0675 55 158 112 197
boat 0.0652 61 155 88 197
boat 0.0641 62 177 90 195
boat 0.0631 325 167 410 310
boat 0.0619 59 171 98 197
boat 0.0611 207 62 377 341
boat 0.0605 61 106 235 189
boat 0.0590 336 36 433 261
boat 0.0578 160 107 360 182
boat 0.0563 89 157 374 344
boat 0.0559 66 82 237 281
boat 0.0539 56 178 130 199
boat 0.0537 223 140 310 168
boat 0.0532 142 118 299 170
boat 0.0517 70 134 262 212
boat 0.0501 198 73 378 200
boat 0.0497 42 154 122 298
boat 0.0485 61 150 140 204
boat 0.0484 134 26 500 248
boat 0.0473 281 90 382 301
boat 0.0465 362 51 382 105
boat 0.0461 61 129 173 222
boat 0.0458 278 38 381 173
boat 0.0455 323 17 482 317
boat 0.0453 117 140 331 205
boat 0.0453 317 48 404 210
boat 0.0447 16 42 283 180
boat 0.0447 247 278 500 375
boat 0.0435 261 173 431 339
boat 0.0432 103 128 265 181
boat 0.0428 158 128 241 164
boat 0.0422 209 102 341 166
boat 0.0420 264 147 313 168
boat 0.0408 12 159 95 300
boat 0.0404 57 145 120 248
boat 0.0401 32 74 168 344
boat 0.0401 59 166 118 215
boat 0.0389 66 187 109 250
boat 0.0377 183 95 288 156
boat 0.0373 175 141 250 166
boat 0.0370 247 128 316 166
boat 0.0366 83 178 189 316
boat 0.0363 68 164 162 198
boat 0.0360 261 86 364 171
boat 0.0356 104 252 139 316
boat 0.0353 186 316 353 372
boat 0.0345 63 174 137 235
boat 0.0341 320 34 381 109
boat 0.0339 109 84 269 170
boat 0.0336 73 162 251 232
boat 0.0334 366 43 468 272
boat 0.0333 22 134 147 265
boat 0.0333 162 66 311 158
boat 0.0333 301 82 397 179
boat 0.0331 67 145 183 193
boat 0.0328 74 140 197 260
boat 0.0327 279 28 457 220
boat 0.0325 135 137 230 172
boat 0.0321 72 132 209 178
boat 0.0316 251 143 339 171
boat 0.0311 63 188 113 200
boat 0.0310 345 79 395 187
boat 0.0304 154 15 478 148
boat 0.0302 277 144 308 164
boat 0.0300 70 183 124 278
boat 0.0299 362 136 457 331
boat 0.0298 126 274 384 369
boat 0.0293 165 143 316 182
boat 0.0293 60 138 114 189
boat 0.0292 224 147 287 166
boat 0.0287 215 125 379 262
boat 0.0287 63 171 76 193
boat 0.0285 65 179 82 194
boat 0.0285 368 97 400 187
boat 0.0282 223 149 316 180
boat 0.0281 32 106 297 224
boat 0.0281 295 74 346 168
boat 0.0276 338 299 500 373
boat 0.0274 169 165 366 232
boat 0.0274 114 150 219 185
boat 0.0270 62 138 148 179
boat 0.0269 79 181 114 197
boat 0.0268 20 161 99 197
boat 0.0266 0 73 112 357
boat 0.0266 2 189 77 252
boat 0.0261 66 167 187 215
boat 0.0261 55 142 103 214
boat 0.0258 168 150 237 167
boat 0.0258 211 133 366 179
boat 0.0258 28 117 168 192
boat 0.0256 264 38 385 105
boat 0.0255 308 109 417 238
boat 0.0254 349 35 383 107
boat 0.0253 263 130 358 167
boat 0.0250 249 107 401 188
boat 0.0250 213 30 408 172
boat 0.0249 7 151 80 192
boat 0.0249 453 148 498 212
boat 0.0245 76 162 231 202
boat 0.0243 257 96 321 168
boat 0.0239 328 91 377 187
boat 0.0239 9 161 129 238
boat 0.0239 300 68 375 107
boat 0.0238 276 116 381 224
boat 0.0238 187 181 384 375
boat 0.0237 32 146 128 194
boat 0.0231 276 156 379 256
boat 0.0231 40 26 191 223
boat 0.0231 289 195 391 305
boat 0.0231 423 82 493 257
boat 0.0228 480 135 500 186
boat 0.0226 11 190 91 228
boat 0.0222 226 86 319 151
boat 0.0222 285 52 363 112
boat 0.0220 459 178 499 204
boat 0.0219 2 166 76 224
boat 0.0218 322 55 380 168
boat 0.0216 486 182 498 201
boat 0.0214 90 196 261 333
boat 0.0211 70 183 163 224
boat 0.0211 311 90 362 182
boat 0.0210 374 109 394 180
boat 0.0209 23 66 141 233
boat 0.0209 344 271 437 375
boat 0.0206 70 168 296 273
boat 0.0205 204 120 342 211
boat 0.0205 92 221 143 317
boat 0.0205 480 156 500 203
boat 0.0204 9 137 137 212
boat 0.0203 254 152 349 182
boat 0.0202 489 173 500 203
boat 0.0202 426 164 496 202
boat 0.0201 42 77 207 154
boat 0.0201 431 170 450 202
boat 0.0200 484 167 499 196
boat 0.0200 78 177 99 197
car 0.1156 268 152 312 168
car 0.1042 332 259 500 375
car 0.0760 247 145 313 167
car 0.0632 168 132 232 164
car 0.0559 459 272 499 375
car 0.0482 159 144 216 165
car 0.0445 144 123 254 167
car 0.0426 459 344 500 375
car 0.0397 139 134 217 164
car 0.0384 184 145 242 165
car 0.0346 180 126 225 150
car 0.0344 0 160 22 187
car 0.0311 179 130 214 144
car 0.0302 393 287 500 375
car 0.0285 175 133 215 151
car 0.0284 343 323 500 375
car 0.0262 165 141 206 160
car 0.0259 164 150 229 168
car 0.0258 482 253 500 282
car 0.0254 451 357 500 373
car 0.0245 481 190 500 202
car 0.0241 414 337 497 373
car 0.0238 463 252 500 338
car 0.0237 353 237 413 273
car 0.0221 343 275 496 333
car 0.0215 483 245 499 269
car 0.0214 370 240 416 286
car 0.0212 350 281 439 317
car 0.0209 315 77 349 107
motorbike 0.2144 340 201 414 306
motorbike 0.1855 329 192 464 373
motorbike 0.1413 338 265 500 375
motorbike 0.1162 321 167 420 334
motorbike 0.0749 345 207 390 289
motorbike 0.0740 371 207 422 274
motorbike 0.0549 337 237 398 329
motorbike 0.0544 312 231 431 356
motorbike 0.0542 329 174 389 299
motorbike 0.0379 366 232 408 285
motorbike 0.0365 334 233 491 324
motorbike 0.0302 410 218 499 357
motorbike 0.0269 334 219 411 262
motorbike 0.0262 339 181 405 266
motorbike 0.0253 370 182 450 326
motorbike 0.0249 257 217 493 361
motorbike 0.0235 330 212 379 269
motorbike 0.0234 310 213 427 282
motorbike 0.0231 380 243 408 270
motorbike 0.0203 341 276 424 338
person 0.4722 392 179 417 252
person 0.2873 378 177 418 281
person 0.1916 205 94 234 160
person 0.1703 321 77 342 108
person 0.1584 353 182 416 296
person 0.1474 397 182 417 227
person 0.1215 195 116 236 162
person 0.1117 363 212 379 245
person 0.1106 387 180 408 241
person 0.1083 358 211 381 260
person 0.1046 1 156 18 186
person 0.0949 191 98 264 163
person 0.0920 205 125 228 162
person 0.0919 352 216 387 276
person 0.0839 195 91 229 150
person 0.0831 368 209 406 270
person 0.0831 205 118 253 163
person 0.0817 211 91 230 140
person 0.0776 376 184 405 252
person 0.0729 185 130 229 163
person 0.0714 208 117 234 151
person 0.0701 338 168 361 183
person 0.0694 229 141 313 166
person 0.0688 185 126 277 163
person 0.0662 368 213 386 242
person 0.0647 265 147 310 166
person 0.0611 356 212 375 247
person 0.0592 170 147 198 164
person 0.0581 187 134 212 162
person 0.0580 380 184 398 237
person 0.0578 183 144 217 164
person 0.0577 208 91 226 125
person 0.0576 489 187 500 225
person 0.0572 361 42 380 106
person 0.0569 378 209 395 242
person 0.0564 200 144 230 164
person 0.0550 361 193 393 252
person 0.0544 389 182 403 226
person 0.0525 224 139 275 165
person 0.0523 362 36 376 77
person 0.0518 194 122 220 155
person 0.0514 254 145 288 165
person 0.0514 343 179 394 280
person 0.0513 164 99 241 162
person 0.0509 387 203 414 267
person 0.0507 220 129 239 163
person 0.0498 390 178 416 209
person 0.0497 359 201 383 242
person 0.0497 409 182 425 214
person 0.0494 376 219 413 280
person 0.0484 382 192 395 228
person 0.0482 366 212 379 234
person 0.0470 170 135 219 163
person 0.0465 181 139 203 162
person 0.0461 186 127 217 148
person 0.0458 253 152 301 167
person 0.0456 210 136 233 164
person 0.0446 487 188 498 210
person 0.0442 336 167 363 197
person 0.0436 164 141 207 165
person 0.0435 294 179 374 317
person 0.0428 375 209 386 232
person 0.0427 336 187 371 267
person 0.0422 353 255 390 308
person 0.0420 0 146 12 188
person 0.0414 347 189 380 254
person 0.0413 359 285 392 307
person 0.0411 458 260 500 375
person 0.0411 477 343 499 375
person 0.0407 184 109 223 158
person 0.0404 383 187 394 214
person 0.0394 369 189 389 236
person 0.0393 333 227 399 371
person 0.0391 400 180 425 220
person 0.0384 377 202 386 225
person 0.0366 332 257 359 330
person 0.0364 210 146 258 163
person 0.0361 345 211 376 268
person 0.0361 170 152 216 166
person 0.0358 224 108 279 164
person 0.0351 216 107 237 148
person 0.0346 310 78 329 107
person 0.0340 371 234 404 275
person 0.0337 198 107 218 143
person 0.0336 200 92 220 135
person 0.0334 203 112 230 143
person 0.0333 166 142 188 163
person 0.0332 359 234 403 295
person 0.0331 383 242 406 276
person 0.0327 468 307 500 375
person 0.0325 366 221 388 263
person 0.0324 286 147 309 169
person 0.0323 248 141 276 167
person 0.0323 384 202 405 245
person 0.0322 376 217 397 257
person 0.0322 316 77 346 127
person 0.0322 489 182 500 206
person 0.0321 443 304 493 375
person 0.0316 367 204 378 226
person 0.0312 336 254 377 313
person 0.0311 415 260 498 375
person 0.0307 379 174 420 228
person 0.0305 335 170 351 184
person 0.0291 378 193 386 212
person 0.0289 400 201 417 253
person 0.0284 225 141 252 167
person 0.0283 209 95 224 112
person 0.0281 359 212 371 233
person 0.0278 214 93 231 112
person 0.0277 320 68 353 109
person 0.0271 146 140 196 166
person 0.0270 418 181 494 327
person 0.0270 64 180 75 196
person 0.0267 348 209 366 248
person 0.0266 353 189 405 239
person 0.0266 377 213 413 253
person 0.0266 151 126 246 175
person 0.0264 232 151 278 166
person 0.0263 365 151 499 375
person 0.0262 195 125 234 148
person 0.0258 418 186 432 209
person 0.0257 337 272 354 317
person 0.0254 354 32 378 93
person 0.0254 307 74 345 109
person 0.0254 106 173 122 193
person 0.0252 367 239 391 272
person 0.0252 191 151 237 166
person 0.0252 401 190 423 243
person 0.0251 390 228 412 267
person 0.0250 408 175 438 235
person 0.0249 170 117 231 148
person 0.0247 388 181 407 203
person 0.0247 343 265 390 339
person 0.0247 63 184 81 198
person 0.0246 332 168 368 227
person 0.0246 224 128 251 162
person 0.0245 341 175 364 209
person 0.0243 351 280 396 313
person 0.0242 153 152 192 167
person 0.0241 324 167 381 282
person 0.0240 274 143 299 166
person 0.0239 328 165 362 186
person 0.0239 383 238 417 292
person 0.0238 383 221 408 263
person 0.0238 192 119 211 142
person 0.0237 303 75 340 150
person 0.0236 355 280 377 311
person 0.0232 160 144 182 167
person 0.0232 113 170 128 193
person 0.0231 215 89 261 151
person 0.0230 289 200 399 370
person 0.0230 216 92 237 131
person 0.0230 225 118 247 150
person 0.0228 368 197 378 218
person 0.0228 96 174 116 196
person 0.0226 329 169 348 182
person 0.0226 206 89 248 137
person 0.0225 345 229 386 301
person 0.0222 267 103 314 165
person 0.0221 414 184 426 200
person 0.0219 378 181 404 214
person 0.0218 342 188 366 242
person 0.0218 310 53 362 139
person 0.0218 359 234 382 270
person 0.0217 316 87 348 109
person 0.0216 140 131 163 164
person 0.0211 180 123 212 156
person 0.0210 208 93 228 107
person 0.0210 307 79 332 124
person 0.0209 351 189 374 235
person 0.0209 318 78 335 101
person 0.0209 173 135 196 159
person 0.0209 310 222 389 328
person 0.0208 389 246 413 283
person 0.0208 58 186 65 197
person 0.0207 89 176 108 196
person 0.0207 309 84 325 118
person 0.0206 361 187 383 229
person 0.0204 358 269 383 307
person 0.0204 246 109 302 165
person 0.0204 359 202 370 225
person 0.0203 484 195 499 236
person 0.0203 310 246 375 375
person 0.0202 459 345 489 375
person 0.0202 397 178 423 198
person 0.0202 339 268 367 317
person 0.0202 318 186 364 260
person 0.0201 349 202 363 233
person 0.0201 261 137 298 168
train 0.0218 0 158 28 187
tvmonitor 0.0214 378 274 500 375
tvmonitor 0.0207 454 323 500 375
