aeroplane 0.0269 0 316 47 330
bird 0.6001 51 276 116 331
bird 0.5740 457 132 500 234
bird 0.5346 25 194 76 282
bird 0.1634 29 233 76 279
bird 0.1496 24 188 70 245
bird 0.1355 20 159 91 261
bird 0.1292 258 110 389 308
bird 0.1243 35 243 115 321
bird 0.0962 453 130 500 184
bird 0.0934 3 267 112 330
bird 0.0887 424 130 496 228
bird 0.0882 275 112 319 149
bird 0.0807 31 197 109 298
bird 0.0802 108 155 164 275
bird 0.0784 470 161 500 233
bird 0.0758 0 59 36 121
bird 0.0755 11 165 66 277
bird 0.0735 462 133 498 162
bird 0.0715 59 277 91 323
bird 0.0667 1 131 52 251
bird 0.0658 480 197 499 231
bird 0.0656 351 122 398 181
bird 0.0627 69 277 107 323
bird 0.0600 48 272 203 327
bird 0.0596 32 276 98 324
bird 0.0594 105 83 257 313
bird 0.0586 7 174 39 243
bird 0.0582 21 185 51 241
bird 0.0570 297 119 395 184
bird 0.0569 0 56 20 86
bird 0.0565 359 123 473 233
bird 0.0520 0 81 112 295
bird 0.0518 330 123 400 213
bird 0.0501 212 93 500 289
bird 0.0491 6 297 94 330
bird 0.0491 460 134 488 174
bird 0.0479 18 226 89 313
bird 0.0478 0 58 35 91
bird 0.0474 243 44 426 253
bird 0.0470 34 198 75 236
bird 0.0465 459 135 476 161
bird 0.0459 0 0 20 33
bird 0.0458 470 132 493 155
bird 0.0456 34 180 97 226
bird 0.0448 60 300 115 331
bird 0.0445 18 156 141 325
bird 0.0442 19 11 500 296
bird 0.0439 267 118 459 250
bird 0.0423 460 134 487 153
bird 0.0413 25 188 44 228
bird 0.0407 34 214 141 280
bird 0.0400 6 0 94 75
bird 0.0400 205 0 310 61
bird 0.0394 470 209 498 230
bird 0.0392 54 153 96 209
bird 0.0390 100 171 126 237
bird 0.0382 218 3 263 63
bird 0.0379 31 245 63 281
bird 0.0378 0 182 25 247
bird 0.0376 463 192 500 232
bird 0.0369 25 187 61 222
bird 0.0369 0 0 41 27
bird 0.0362 64 172 142 279
bird 0.0362 67 170 95 209
bird 0.0354 17 66 40 95
bird 0.0337 0 63 21 111
bird 0.0335 339 118 393 162
bird 0.0330 29 176 118 244
bird 0.0329 0 0 23 57
bird 0.0329 0 148 35 274
bird 0.0328 466 218 499 231
bird 0.0328 11 280 65 331
bird 0.0328 366 122 393 169
bird 0.0322 3 38 38 98
bird 0.0322 254 112 303 153
bird 0.0322 99 162 142 258
bird 0.0316 63 277 87 298
bird 0.0315 245 116 285 166
bird 0.0314 18 228 213 329
bird 0.0312 28 184 86 211
bird 0.0304 33 263 57 280
bird 0.0298 5 317 58 330
bird 0.0298 8 183 78 225
bird 0.0296 28 111 186 304
bird 0.0294 83 176 117 237
bird 0.0289 35 189 76 220
bird 0.0286 61 186 91 209
bird 0.0282 5 3 76 49
bird 0.0278 198 24 255 64
bird 0.0278 33 187 66 210
bird 0.0270 3 66 82 115
bird 0.0266 0 147 79 325
bird 0.0263 0 308 43 331
bird 0.0263 0 212 88 281
bird 0.0263 52 204 76 236
bird 0.0256 29 195 53 232
bird 0.0255 33 257 182 314
bird 0.0255 0 77 31 137
bird 0.0254 33 201 180 302
bird 0.0254 85 305 116 331
bird 0.0253 52 314 117 330
bird 0.0252 47 194 70 229
bird 0.0249 0 27 26 88
bird 0.0249 105 32 196 62
bird 0.0248 471 135 500 194
bird 0.0248 51 189 111 233
bird 0.0247 14 0 62 21
bird 0.0242 78 175 98 210
bird 0.0242 371 124 392 153
bird 0.0242 126 206 167 278
bird 0.0241 85 213 197 292
bird 0.0241 185 2 259 58
bird 0.0240 228 23 279 64
bird 0.0234 11 59 41 83
bird 0.0234 0 244 61 279
bird 0.0231 254 188 484 304
bird 0.0229 81 183 128 271
bird 0.0228 17 309 62 331
bird 0.0227 5 67 32 104
bird 0.0227 0 285 36 331
bird 0.0227 165 26 244 133
bird 0.0224 6 200 68 233
bird 0.0224 272 118 306 144
bird 0.0223 55 277 83 302
bird 0.0222 86 281 118 325
bird 0.0221 354 128 419 206
bird 0.0218 3 192 20 241
bird 0.0217 38 209 73 271
bird 0.0215 70 276 91 311
bird 0.0213 465 132 498 146
bird 0.0211 0 186 16 283
bird 0.0210 0 192 53 298
bird 0.0209 281 128 321 149
bird 0.0208 0 31 46 136
bird 0.0208 24 316 73 330
bird 0.0207 8 0 101 28
bird 0.0205 383 128 500 201
bird 0.0204 18 163 49 223
bird 0.0204 48 308 87 330
bird 0.0204 476 135 500 168
bird 0.0204 5 57 30 81
bird 0.0203 436 175 498 234
bird 0.0203 74 173 105 228
bird 0.0203 36 0 79 21
bird 0.0202 194 2 256 121
bird 0.0200 34 270 56 282
bird 0.0200 99 204 115 233
bird 0.0200 4 198 50 253
bird 0.0200 38 260 73 279
bottle 0.0368 272 94 296 124
bottle 0.0288 274 96 308 138
bottle 0.0220 265 101 322 132
bottle 0.0217 273 106 314 124
bottle 0.0209 271 100 310 120
cat 0.1965 93 29 237 131
cat 0.1414 13 12 127 94
cat 0.1105 9 14 171 151
cat 0.0855 1 36 124 198
cat 0.0752 225 94 369 193
cat 0.0652 41 1 243 116
cat 0.0531 198 72 335 168
cat 0.0481 224 93 289 155
cat 0.0436 163 34 241 132
cat 0.0420 0 4 277 179
cat 0.0388 18 7 189 65
cat 0.0350 210 87 273 142
cat 0.0330 114 56 284 130
cat 0.0312 98 6 238 87
cat 0.0268 208 75 247 135
cat 0.0262 251 130 336 267
cat 0.0210 242 105 277 156
chair 0.0577 228 44 369 212
chair 0.0442 116 158 171 278
chair 0.0414 0 0 23 66
chair 0.0347 239 48 340 153
chair 0.0314 2 0 42 57
chair 0.0298 0 9 101 84
chair 0.0297 0 19 17 84
chair 0.0293 171 3 369 145
chair 0.0283 126 201 163 274
chair 0.0253 256 175 323 296
chair 0.0253 196 76 371 161
chair 0.0242 182 164 242 297
chair 0.0229 215 19 312 133
chair 0.0226 0 19 41 95
chair 0.0208 208 42 267 140
cow 0.1385 0 73 117 274
cow 0.1066 22 93 115 216
cow 0.0973 8 134 82 246
cow 0.0837 0 30 302 273
cow 0.0446 20 159 105 238
cow 0.0434 95 124 150 249
cow 0.0429 56 113 131 231
cow 0.0389 0 104 32 248
cow 0.0329 49 151 95 208
cow 0.0295 0 15 123 154
cow 0.0261 0 54 28 193
cow 0.0252 0 152 197 278
cow 0.0215 79 148 122 221
dog 0.5145 106 94 284 296
dog 0.4755 252 125 389 301
dog 0.3811 97 29 232 131
dog 0.3567 205 107 351 299
dog 0.3511 0 77 132 233
dog 0.2812 97 43 245 203
dog 0.2407 34 85 212 275
dog 0.1926 9 132 83 269
dog 0.1682 31 27 218 162
dog 0.1563 38 48 298 251
dog 0.1435 95 75 252 151
dog 0.1209 102 115 208 284
dog 0.1186 24 15 207 103
dog 0.0990 7 41 146 173
dog 0.0906 251 108 325 165
dog 0.0868 277 112 321 149
dog 0.0864 221 102 309 222
dog 0.0856 257 114 390 218
dog 0.0794 149 104 385 230
dog 0.0785 110 45 391 312
dog 0.0735 113 87 337 196
dog 0.0714 0 10 138 91
dog 0.0705 100 54 327 163
dog 0.0685 262 109 364 173
dog 0.0641 100 102 260 176
dog 0.0619 13 167 130 266
dog 0.0606 239 104 300 174
dog 0.0582 114 151 172 275
dog 0.0566 39 57 214 128
dog 0.0561 13 83 182 190
dog 0.0529 111 91 223 130
dog 0.0529 239 112 282 159
dog 0.0511 316 121 395 178
dog 0.0510 4 63 38 134
dog 0.0500 180 105 282 258
dog 0.0492 182 99 299 189
dog 0.0473 230 88 319 157
dog 0.0458 230 127 314 287
dog 0.0443 134 153 262 289
dog 0.0429 50 112 152 258
dog 0.0422 146 88 310 154
dog 0.0420 97 185 189 280
dog 0.0412 212 98 282 159
dog 0.0408 0 74 109 154
dog 0.0406 32 185 173 285
dog 0.0401 241 95 346 191
dog 0.0356 3 88 41 176
dog 0.0356 1 85 20 127
dog 0.0347 163 88 227 131
dog 0.0343 248 112 335 239
dog 0.0336 302 124 392 247
dog 0.0328 256 131 321 179
dog 0.0322 54 0 279 124
dog 0.0319 252 116 300 155
dog 0.0319 50 19 157 124
dog 0.0318 96 94 201 205
dog 0.0316 0 73 23 150
dog 0.0313 130 96 272 142
dog 0.0310 255 167 323 294
dog 0.0310 100 168 135 241
dog 0.0301 265 135 376 183
dog 0.0299 0 100 350 299
dog 0.0298 234 124 289 183
dog 0.0297 197 91 266 145
dog 0.0296 3 70 86 126
dog 0.0294 5 0 83 18
dog 0.0288 95 75 212 119
dog 0.0282 25 75 117 107
dog 0.0279 112 169 153 263
dog 0.0278 147 63 232 128
dog 0.0277 52 77 132 206
dog 0.0268 105 108 163 252
dog 0.0268 0 27 223 331
dog 0.0261 33 77 125 136
dog 0.0257 197 83 467 299
dog 0.0254 1 101 19 146
dog 0.0251 243 138 302 192
dog 0.0248 187 69 232 134
dog 0.0240 110 208 228 297
dog 0.0236 195 72 280 171
dog 0.0230 43 152 98 207
dog 0.0228 0 0 353 163
dog 0.0211 169 207 289 300
dog 0.0204 110 97 188 139
dog 0.0201 184 90 403 189
horse 0.0605 0 91 134 275
horse 0.0347 111 115 295 302
person 0.1291 237 30 254 64
person 0.0840 278 109 320 149
person 0.0603 273 106 346 158
person 0.0592 26 177 109 280
person 0.0573 256 101 321 161
person 0.0553 5 161 39 239
person 0.0515 8 0 362 299
person 0.0470 269 94 307 145
person 0.0451 235 94 281 156
person 0.0415 284 113 381 169
person 0.0398 25 188 44 226
person 0.0390 272 93 296 121
person 0.0377 233 86 311 165
person 0.0370 225 20 256 64
person 0.0365 59 154 151 271
person 0.0339 0 169 26 246
person 0.0330 300 109 364 153
person 0.0326 14 169 56 234
person 0.0323 269 89 313 124
person 0.0297 216 90 269 150
person 0.0293 209 83 249 138
person 0.0268 328 115 384 171
person 0.0268 17 182 42 235
person 0.0263 274 110 297 142
person 0.0258 294 114 328 151
person 0.0257 235 21 267 63
person 0.0255 229 29 250 61
person 0.0253 247 89 295 142
person 0.0245 176 94 240 138
person 0.0240 269 110 362 192
person 0.0234 248 99 364 151
person 0.0232 269 101 326 133
person 0.0232 291 110 322 138
person 0.0229 232 31 259 73
person 0.0228 252 85 302 118
person 0.0223 3 188 19 238
person 0.0222 170 81 222 134
person 0.0220 316 114 394 149
person 0.0218 1 143 36 216
person 0.0216 263 118 288 150
person 0.0216 357 111 401 157
person 0.0216 0 177 15 252
pottedplant 0.0450 210 83 247 135
pottedplant 0.0318 234 89 279 146
pottedplant 0.0295 214 82 306 150
pottedplant 0.0293 246 86 329 139
pottedplant 0.0264 210 64 271 144
pottedplant 0.0259 224 85 263 138
pottedplant 0.0239 239 84 289 119
pottedplant 0.0214 229 85 248 123
pottedplant 0.0210 0 0 119 109
pottedplant 0.0206 234 91 314 125
sheep 0.2407 0 78 128 235
sheep 0.2016 9 12 122 89
sheep 0.1856 256 129 383 297
sheep 0.1395 97 33 229 126
sheep 0.1230 26 131 107 225
sheep 0.1076 6 112 86 241
sheep 0.0797 0 102 50 243
sheep 0.0632 136 28 342 161
sheep 0.0588 72 0 356 299
sheep 0.0580 92 7 316 124
sheep 0.0519 10 153 68 241
sheep 0.0504 43 157 93 219
sheep 0.0474 192 54 367 247
sheep 0.0449 97 137 151 257
sheep 0.0443 6 5 114 55
sheep 0.0440 294 120 445 238
sheep 0.0419 63 130 132 237
sheep 0.0380 0 64 24 142
sheep 0.0372 4 69 91 176
sheep 0.0370 9 56 126 119
sheep 0.0360 144 47 277 138
sheep 0.0355 0 60 46 190
sheep 0.0341 30 169 83 227
sheep 0.0331 84 169 118 233
sheep 0.0323 0 0 65 19
sheep 0.0318 212 58 325 141
sheep 0.0315 63 158 105 220
sheep 0.0303 4 23 95 122
sheep 0.0301 48 26 430 186
sheep 0.0298 0 174 61 266
sheep 0.0286 180 2 339 109
sheep 0.0284 0 45 153 159
sheep 0.0278 103 34 221 83
sheep 0.0273 11 167 102 214
sheep 0.0267 4 75 123 141
sheep 0.0263 29 3 148 63
sheep 0.0254 10 136 55 211
sheep 0.0251 0 88 22 173
sheep 0.0251 344 130 428 249
sheep 0.0251 41 169 116 229
sheep 0.0248 0 36 98 86
sheep 0.0242 35 20 194 72
sheep 0.0241 187 19 266 132
sheep 0.0240 4 46 81 102
sheep 0.0227 151 9 283 96
sheep 0.0226 111 30 230 63
sheep 0.0220 3 154 152 229
sheep 0.0218 12 64 100 93
sheep 0.0209 34 9 127 44
sheep 0.0208 0 58 61 128
sheep 0.0207 10 188 151 258
sheep 0.0206 11 8 65 66
sheep 0.0206 0 132 28 243
sofa 0.0441 0 9 480 294
tvmonitor 0.0328 235 79 337 147
tvmonitor 0.0265 225 70 348 123
tvmonitor 0.0235 242 82 334 115
