aeroplane 0.8781 25 44 94 110
aeroplane 0.8656 396 14 462 80
aeroplane 0.8640 61 237 128 301
aeroplane 0.8424 46 149 112 211
aeroplane 0.8417 159 28 227 96
aeroplane 0.8129 190 141 256 204
aeroplane 0.2061 42 161 123 262
aeroplane 0.1890 48 204 125 293
aeroplane 0.1778 43 41 163 105
aeroplane 0.1332 67 148 211 207
aeroplane 0.1231 144 9 211 100
aeroplane 0.1083 120 146 250 206
aeroplane 0.1062 184 101 266 209
aeroplane 0.1040 87 36 212 101
aeroplane 0.1018 158 30 246 145
aeroplane 0.0916 30 49 109 145
aeroplane 0.0911 166 47 187 69
aeroplane 0.0898 5 36 130 109
aeroplane 0.0888 362 6 450 78
aeroplane 0.0840 165 32 270 211
aeroplane 0.0811 103 50 230 231
aeroplane 0.0809 411 15 500 80
aeroplane 0.0809 35 86 110 192
aeroplane 0.0798 166 28 220 70
aeroplane 0.0705 173 53 230 89
aeroplane 0.0675 402 14 457 51
aeroplane 0.0660 158 62 234 99
aeroplane 0.0639 31 44 84 84
aeroplane 0.0631 52 150 101 180
aeroplane 0.0612 197 141 247 180
aeroplane 0.0609 34 4 115 100
aeroplane 0.0606 79 257 130 299
aeroplane 0.0601 193 168 266 206
aeroplane 0.0599 189 31 348 229
aeroplane 0.0581 2 149 104 205
aeroplane 0.0548 63 169 115 208
aeroplane 0.0529 59 111 235 208
aeroplane 0.0523 183 136 277 233
aeroplane 0.0523 89 15 256 122
aeroplane 0.0517 164 43 202 68
aeroplane 0.0515 156 17 272 101
aeroplane 0.0504 205 165 256 196
aeroplane 0.0477 394 0 447 62
aeroplane 0.0474 68 238 116 271
aeroplane 0.0473 163 45 189 84
aeroplane 0.0469 67 150 98 171
aeroplane 0.0452 180 6 390 132
aeroplane 0.0449 37 141 157 212
aeroplane 0.0448 49 165 72 188
aeroplane 0.0439 402 23 431 59
aeroplane 0.0439 413 15 454 34
aeroplane 0.0432 0 71 84 219
aeroplane 0.0424 179 27 218 57
aeroplane 0.0423 192 158 233 203
aeroplane 0.0422 399 1 456 38
aeroplane 0.0416 195 158 218 175
aeroplane 0.0414 402 30 426 49
aeroplane 0.0412 421 34 464 76
aeroplane 0.0412 50 159 81 195
aeroplane 0.0410 22 231 147 300
aeroplane 0.0403 38 45 81 64
aeroplane 0.0400 50 160 79 180
aeroplane 0.0394 188 35 472 269
aeroplane 0.0390 64 73 93 102
aeroplane 0.0389 62 148 107 194
aeroplane 0.0388 78 239 118 257
aeroplane 0.0388 200 58 229 83
aeroplane 0.0388 66 243 98 279
aeroplane 0.0383 169 48 225 72
aeroplane 0.0377 214 142 244 165
aeroplane 0.0374 312 13 435 77
aeroplane 0.0363 170 45 194 61
aeroplane 0.0354 106 264 131 285
aeroplane 0.0354 193 28 219 51
aeroplane 0.0352 90 176 115 197
aeroplane 0.0352 3 60 175 211
aeroplane 0.0350 53 235 112 284
aeroplane 0.0350 403 24 430 43
aeroplane 0.0348 413 0 466 63
aeroplane 0.0345 29 30 81 69
aeroplane 0.0343 393 44 465 78
aeroplane 0.0342 96 259 127 293
aeroplane 0.0342 191 147 232 173
aeroplane 0.0340 114 0 183 99
aeroplane 0.0338 231 170 258 191
aeroplane 0.0335 388 0 440 31
aeroplane 0.0333 55 152 83 169
aeroplane 0.0332 54 223 184 305
aeroplane 0.0331 24 74 98 109
aeroplane 0.0326 436 44 463 67
aeroplane 0.0319 208 57 232 77
aeroplane 0.0317 33 14 207 112
aeroplane 0.0317 200 142 235 164
aeroplane 0.0316 407 16 435 33
aeroplane 0.0314 198 153 220 169
aeroplane 0.0314 403 28 450 63
aeroplane 0.0303 72 80 100 101
aeroplane 0.0300 65 254 92 275
aeroplane 0.0295 150 0 304 75
aeroplane 0.0294 86 0 253 76
aeroplane 0.0293 36 43 73 56
aeroplane 0.0290 398 67 446 79
aeroplane 0.0289 160 77 207 94
aeroplane 0.0289 200 156 255 183
aeroplane 0.0288 197 122 252 167
aeroplane 0.0285 225 143 248 159
aeroplane 0.0283 58 265 121 306
aeroplane 0.0282 61 286 108 300
aeroplane 0.0282 60 45 84 66
aeroplane 0.0280 68 0 146 99
aeroplane 0.0278 438 15 458 34
aeroplane 0.0277 225 0 443 70
aeroplane 0.0277 419 13 452 26
aeroplane 0.0275 193 145 334 209
aeroplane 0.0273 24 47 73 73
aeroplane 0.0272 50 187 112 209
aeroplane 0.0270 159 34 197 60
aeroplane 0.0267 172 37 199 54
aeroplane 0.0265 191 158 223 183
aeroplane 0.0260 164 68 260 164
aeroplane 0.0259 49 44 83 58
aeroplane 0.0259 183 11 329 95
aeroplane 0.0258 61 148 95 160
aeroplane 0.0258 70 239 98 257
aeroplane 0.0257 35 48 61 62
aeroplane 0.0256 0 31 69 107
aeroplane 0.0256 147 25 203 72
aeroplane 0.0255 183 28 218 43
aeroplane 0.0254 86 236 120 276
aeroplane 0.0253 388 14 500 127
aeroplane 0.0252 203 142 239 156
aeroplane 0.0252 398 34 422 54
aeroplane 0.0251 160 52 209 93
aeroplane 0.0250 27 58 72 108
aeroplane 0.0248 172 31 209 44
aeroplane 0.0247 29 62 54 81
aeroplane 0.0247 84 151 107 169
aeroplane 0.0245 24 92 68 109
aeroplane 0.0243 133 39 234 111
aeroplane 0.0243 40 134 107 193
aeroplane 0.0242 33 59 55 74
aeroplane 0.0240 35 54 59 68
aeroplane 0.0239 170 41 188 55
aeroplane 0.0239 70 242 93 268
aeroplane 0.0239 220 63 238 80
aeroplane 0.0239 210 139 241 150
aeroplane 0.0238 221 141 242 153
aeroplane 0.0238 160 83 197 96
aeroplane 0.0237 191 34 230 88
aeroplane 0.0236 395 17 434 42
aeroplane 0.0235 398 0 450 18
aeroplane 0.0235 102 240 124 257
aeroplane 0.0234 0 38 209 149
aeroplane 0.0232 431 14 452 37
aeroplane 0.0231 76 238 111 250
aeroplane 0.0231 188 116 242 193
aeroplane 0.0231 48 181 118 240
aeroplane 0.0230 79 150 102 164
aeroplane 0.0229 133 89 285 263
aeroplane 0.0228 162 78 183 95
aeroplane 0.0227 166 47 182 59
aeroplane 0.0226 22 54 416 334
aeroplane 0.0224 250 150 264 162
aeroplane 0.0224 75 74 99 92
aeroplane 0.0222 83 177 111 204
aeroplane 0.0222 52 162 100 199
aeroplane 0.0222 393 64 467 82
aeroplane 0.0220 238 147 257 163
aeroplane 0.0220 77 150 101 179
aeroplane 0.0219 222 60 237 74
aeroplane 0.0217 442 55 468 73
aeroplane 0.0216 409 13 439 24
aeroplane 0.0216 219 151 260 200
aeroplane 0.0216 195 193 237 205
aeroplane 0.0215 194 161 213 182
aeroplane 0.0213 199 147 223 164
aeroplane 0.0212 155 40 187 63
aeroplane 0.0211 45 249 140 319
aeroplane 0.0210 40 43 108 74
aeroplane 0.0210 444 44 466 61
aeroplane 0.0210 469 62 480 76
aeroplane 0.0209 241 175 265 195
aeroplane 0.0209 87 85 106 100
aeroplane 0.0208 95 238 118 252
aeroplane 0.0207 88 81 105 95
aeroplane 0.0207 412 10 481 41
aeroplane 0.0206 197 162 211 176
aeroplane 0.0206 422 69 463 80
aeroplane 0.0205 92 78 106 89
aeroplane 0.0205 213 57 232 70
aeroplane 0.0204 146 17 316 170
aeroplane 0.0203 352 0 500 87
aeroplane 0.0203 207 69 235 89
aeroplane 0.0203 400 11 453 30
aeroplane 0.0202 225 137 240 146
aeroplane 0.0202 258 151 270 162
aeroplane 0.0201 401 35 418 46
aeroplane 0.0200 43 193 95 209
aeroplane 0.0200 208 138 248 157
bird 0.0213 32 62 53 85
boat 0.0403 19 8 83 96
boat 0.0266 90 57 500 334
boat 0.0252 288 67 500 334
boat 0.0207 0 2 318 334
