bottle 0.1388 423 171 463 227
bottle 0.0340 417 176 473 271
bottle 0.0316 437 173 459 221
bottle 0.0270 412 165 487 230
bottle 0.0232 435 158 480 220
chair 0.0463 291 0 483 144
chair 0.0457 330 0 473 256
chair 0.0413 280 38 431 285
chair 0.0391 0 13 99 333
chair 0.0384 15 72 152 348
chair 0.0366 291 0 462 75
chair 0.0311 11 120 87 316
chair 0.0297 467 0 496 35
chair 0.0292 207 75 433 342
chair 0.0249 341 50 433 203
chair 0.0246 15 228 361 365
chair 0.0244 298 40 493 355
chair 0.0243 289 0 383 94
chair 0.0242 7 36 82 228
chair 0.0241 281 0 307 66
chair 0.0238 346 157 439 301
chair 0.0233 284 41 439 167
chair 0.0221 27 281 297 368
chair 0.0202 439 0 487 42
chair 0.0201 379 11 500 302
pottedplant 0.0304 0 21 13 105
pottedplant 0.0268 1 1 42 76
pottedplant 0.0233 1 36 17 90
pottedplant 0.0216 0 24 31 95
sofa 0.7755 25 57 425 361
sofa 0.0544 76 51 433 231
sofa 0.0511 303 0 479 176
sofa 0.0432 42 0 316 284
sofa 0.0421 131 188 472 352
sofa 0.0391 52 22 397 157
sofa 0.0382 182 11 442 310
sofa 0.0351 299 0 428 99
sofa 0.0347 19 87 231 326
sofa 0.0332 6 227 340 378
sofa 0.0273 3 27 207 232
sofa 0.0270 18 281 266 371
sofa 0.0231 294 59 426 158
sofa 0.0227 239 3 460 123
sofa 0.0205 105 127 451 306
tvmonitor 0.1277 444 58 500 193
tvmonitor 0.0679 445 125 500 187
tvmonitor 0.0637 417 9 500 207
tvmonitor 0.0597 332 0 490 209
tvmonitor 0.0466 432 102 496 220
tvmonitor 0.0318 453 141 499 176
tvmonitor 0.0277 378 23 478 186
tvmonitor 0.0249 454 93 499 174
tvmonitor 0.0224 432 145 492 199
tvmonitor 0.0212 422 157 488 221
