aeroplane 0.0205 110 0 460 236
bicycle 0.8580 136 121 372 278
bicycle 0.2178 181 73 344 247
bicycle 0.1456 95 23 357 276
bicycle 0.1032 180 126 351 196
bicycle 0.0724 136 109 293 222
bicycle 0.0493 239 130 374 268
bicycle 0.0486 0 85 413 302
bicycle 0.0433 127 126 241 272
bicycle 0.0405 127 117 232 206
bicycle 0.0364 161 125 258 204
bicycle 0.0355 37 94 255 267
bicycle 0.0349 231 105 454 284
bicycle 0.0288 123 119 500 326
bicycle 0.0253 270 122 378 215
boat 0.2248 0 0 143 58
boat 0.0361 0 0 271 81
boat 0.0295 3 19 106 55
boat 0.0255 139 16 500 234
boat 0.0254 0 5 231 205
bus 0.0247 43 0 157 65
car 0.1754 299 9 448 59
car 0.1673 0 0 157 59
car 0.1639 358 21 500 68
car 0.1587 273 3 398 54
car 0.1496 454 22 500 70
car 0.1469 261 11 491 78
car 0.1383 413 18 499 84
car 0.1308 181 2 439 64
car 0.1193 36 0 355 76
car 0.1113 348 28 449 61
car 0.0961 251 2 350 48
car 0.0921 439 43 500 72
car 0.0862 1 6 378 219
car 0.0827 383 36 500 95
car 0.0811 121 12 345 188
car 0.0759 27 3 220 70
car 0.0753 453 35 498 99
car 0.0746 405 37 496 71
car 0.0723 259 0 325 15
car 0.0692 164 0 385 103
car 0.0599 292 9 341 50
car 0.0573 178 0 376 43
car 0.0550 458 41 499 61
car 0.0545 19 0 294 135
car 0.0499 365 39 466 67
car 0.0480 106 7 308 62
car 0.0471 312 27 407 59
car 0.0469 150 5 444 267
car 0.0469 476 40 500 70
car 0.0439 451 54 497 72
car 0.0388 352 39 427 60
car 0.0385 347 20 500 125
car 0.0379 459 30 500 55
car 0.0370 211 0 313 63
car 0.0369 304 17 360 52
car 0.0367 418 53 500 96
car 0.0335 0 0 188 114
car 0.0327 0 33 89 61
car 0.0327 283 25 363 58
car 0.0307 317 34 443 68
car 0.0304 217 0 500 129
car 0.0295 438 52 485 67
car 0.0293 457 49 500 80
car 0.0285 297 36 337 50
car 0.0284 74 0 188 58
car 0.0270 274 35 481 93
car 0.0266 384 35 444 64
car 0.0247 26 0 176 38
car 0.0243 230 19 344 64
car 0.0242 386 50 489 80
car 0.0234 0 28 22 57
car 0.0232 14 10 137 91
car 0.0228 410 31 500 158
car 0.0228 313 34 351 51
car 0.0223 367 46 421 61
car 0.0222 308 26 339 50
car 0.0222 5 26 132 61
car 0.0220 386 46 437 61
car 0.0218 427 53 463 66
car 0.0207 415 41 470 65
car 0.0202 82 0 183 31
car 0.0201 435 56 498 78
chair 0.0218 280 131 367 271
motorbike 0.0876 445 37 498 71
motorbike 0.0251 425 42 484 66
motorbike 0.0223 416 36 467 63
person 0.8569 180 18 336 249
person 0.4287 422 10 461 62
person 0.3413 455 18 500 65
person 0.2444 424 13 491 67
person 0.2066 423 10 458 37
person 0.1970 457 16 494 42
person 0.1631 314 1 350 15
person 0.1585 428 12 482 43
person 0.1525 180 0 230 33
person 0.1451 204 0 251 32
person 0.1434 358 14 495 65
person 0.1413 193 109 356 262
person 0.1347 302 4 393 54
person 0.1310 311 4 447 61
person 0.1255 316 0 372 24
person 0.1238 288 1 348 50
person 0.1223 342 0 379 24
person 0.1131 144 115 285 262
person 0.1102 157 46 282 215
person 0.1069 379 14 451 59
person 0.1055 217 2 349 50
person 0.1052 286 0 349 16
person 0.0997 300 0 351 26
person 0.0986 187 1 256 43
person 0.0983 471 18 499 48
person 0.0966 406 19 447 63
person 0.0941 259 0 337 23
person 0.0933 390 26 479 64
person 0.0917 429 25 454 64
person 0.0858 189 22 237 76
person 0.0854 405 6 471 73
person 0.0835 452 36 489 70
person 0.0823 343 0 381 50
person 0.0817 458 23 486 58
person 0.0810 402 9 463 46
person 0.0792 262 1 324 50
person 0.0791 222 0 279 33
person 0.0765 334 13 407 57
person 0.0755 188 1 300 54
person 0.0748 203 0 319 35
person 0.0744 316 3 362 52
person 0.0727 198 8 249 61
person 0.0668 416 13 439 41
person 0.0620 453 14 484 36
person 0.0616 421 14 451 48
person 0.0601 440 29 473 67
person 0.0590 185 21 277 80
person 0.0581 437 15 471 53
person 0.0575 269 0 329 14
person 0.0568 326 0 365 16
person 0.0566 477 26 500 59
person 0.0557 180 0 223 17
person 0.0553 16 0 92 57
person 0.0539 421 34 445 64
person 0.0535 18 0 217 195
person 0.0529 250 0 303 42
person 0.0527 437 38 459 66
person 0.0518 148 0 314 157
person 0.0516 259 116 322 235
person 0.0515 225 0 322 19
person 0.0513 479 12 500 39
person 0.0512 415 10 445 31
person 0.0509 0 51 359 329
person 0.0508 436 12 469 35
person 0.0507 264 72 327 207
person 0.0502 367 5 430 55
person 0.0500 177 3 223 62
person 0.0491 412 29 438 60
person 0.0484 382 31 442 63
person 0.0482 171 22 323 96
person 0.0478 216 4 259 59
person 0.0477 437 7 497 37
person 0.0468 154 109 254 216
person 0.0466 61 0 297 240
person 0.0461 190 8 223 32
person 0.0460 346 0 399 29
person 0.0453 321 6 383 38
person 0.0449 355 25 439 56
person 0.0446 465 34 495 65
person 0.0446 462 0 498 44
person 0.0442 198 0 226 28
person 0.0438 293 1 328 39
person 0.0436 400 12 443 38
person 0.0432 190 22 227 36
person 0.0429 203 119 271 216
person 0.0425 183 20 260 53
person 0.0424 306 0 330 17
person 0.0418 159 0 243 57
person 0.0404 397 20 439 46
person 0.0394 447 43 470 68
person 0.0394 191 27 251 99
person 0.0392 481 0 499 31
person 0.0389 215 64 312 225
person 0.0388 364 16 438 42
person 0.0387 220 129 261 198
person 0.0387 285 114 324 192
person 0.0386 392 1 441 47
person 0.0386 347 8 380 35
person 0.0381 53 0 108 56
person 0.0375 222 8 242 32
person 0.0374 258 0 301 13
person 0.0372 299 0 346 10
person 0.0368 202 22 239 37
person 0.0364 220 10 287 55
person 0.0363 215 12 358 90
person 0.0362 207 122 249 186
person 0.0358 336 0 448 40
person 0.0357 201 12 225 34
person 0.0354 412 0 500 52
person 0.0352 412 0 449 36
person 0.0351 181 5 204 35
person 0.0349 270 3 376 84
person 0.0345 124 30 232 193
person 0.0341 459 34 499 52
person 0.0341 198 23 229 44
person 0.0337 471 11 495 33
person 0.0335 216 8 245 41
person 0.0334 99 0 309 73
person 0.0331 292 1 329 20
person 0.0330 196 30 301 66
person 0.0329 272 117 369 227
person 0.0329 388 6 455 34
person 0.0329 270 116 313 196
person 0.0329 305 12 340 51
person 0.0320 189 29 265 158
person 0.0319 169 0 211 35
person 0.0317 390 26 434 41
person 0.0316 269 1 310 35
person 0.0315 422 8 461 22
person 0.0313 447 30 492 55
person 0.0313 211 0 238 26
person 0.0313 226 3 248 34
person 0.0312 320 17 385 49
person 0.0309 0 19 76 54
person 0.0309 235 0 269 28
person 0.0308 281 0 318 28
person 0.0304 349 17 379 48
person 0.0302 137 54 480 333
person 0.0302 214 13 233 33
person 0.0299 232 131 275 201
person 0.0296 215 24 242 44
person 0.0293 193 15 232 54
person 0.0292 182 13 242 39
person 0.0284 189 91 260 198
person 0.0284 411 17 451 37
person 0.0282 206 57 276 202
person 0.0282 407 20 432 40
person 0.0281 181 0 251 20
person 0.0278 221 128 293 243
person 0.0277 204 16 241 30
person 0.0274 279 9 333 61
person 0.0273 247 0 286 13
person 0.0273 312 5 337 41
person 0.0272 1 0 61 64
person 0.0268 198 42 229 82
person 0.0268 435 51 464 67
person 0.0268 161 0 273 32
person 0.0268 356 24 420 44
person 0.0266 347 0 368 16
person 0.0262 456 15 474 32
person 0.0261 173 0 196 30
person 0.0261 421 31 480 87
person 0.0261 319 25 343 52
person 0.0260 197 49 217 79
person 0.0260 135 0 227 32
person 0.0258 337 0 355 13
person 0.0258 321 19 357 53
person 0.0258 222 18 241 39
person 0.0255 257 33 373 209
person 0.0255 284 90 328 166
person 0.0255 267 0 404 40
person 0.0255 245 0 319 10
person 0.0253 336 0 377 10
person 0.0253 359 0 425 29
person 0.0252 456 12 493 27
person 0.0251 407 41 443 63
person 0.0249 253 0 291 27
person 0.0249 209 8 420 180
person 0.0248 325 9 374 24
person 0.0245 168 123 246 182
person 0.0243 351 16 397 42
person 0.0243 203 20 237 49
person 0.0241 212 21 232 39
person 0.0241 176 64 243 180
person 0.0240 158 2 205 65
person 0.0239 422 0 484 33
person 0.0234 433 45 452 67
person 0.0234 413 22 460 50
person 0.0233 247 133 304 219
person 0.0232 195 24 220 54
person 0.0232 425 38 477 63
person 0.0230 228 14 247 40
person 0.0228 140 0 185 51
person 0.0227 385 22 428 37
person 0.0225 290 4 314 33
person 0.0223 247 0 276 23
person 0.0223 334 4 360 28
person 0.0221 193 27 220 78
person 0.0221 62 0 142 60
person 0.0220 204 103 307 191
person 0.0220 287 0 314 17
person 0.0220 394 4 428 37
person 0.0219 161 0 190 32
person 0.0216 275 0 306 22
person 0.0216 486 16 500 51
person 0.0215 90 1 187 51
person 0.0214 267 75 317 151
person 0.0214 67 6 326 113
person 0.0213 410 5 469 30
person 0.0212 294 13 324 47
person 0.0212 170 16 233 90
person 0.0211 409 11 431 32
person 0.0208 350 23 395 53
person 0.0208 238 21 307 65
person 0.0208 402 28 436 50
person 0.0203 316 17 500 232
person 0.0202 270 142 308 217
person 0.0201 460 48 489 74
sofa 0.0235 143 53 377 208
sofa 0.0207 24 15 412 245
train 0.0976 28 0 375 67
train 0.0434 201 7 472 113
train 0.0328 0 11 150 61
train 0.0216 24 0 190 41
tvmonitor 0.2036 3 0 134 61
tvmonitor 0.0234 0 0 55 62
