bicycle 0.0573 202 250 351 317
bicycle 0.0314 236 231 416 311
bicycle 0.0247 165 76 280 122
boat 0.0266 161 65 394 184
bottle 0.0297 296 202 319 230
bottle 0.0247 192 57 237 120
bottle 0.0220 224 191 289 232
bottle 0.0218 252 227 313 262
car 0.0294 167 95 253 129
car 0.0203 257 4 429 188
chair 0.0314 238 297 290 321
chair 0.0301 248 278 289 320
chair 0.0252 234 265 273 320
chair 0.0219 163 67 261 122
cow 0.0385 292 285 360 318
dog 0.0789 274 278 361 318
dog 0.0444 248 299 290 321
dog 0.0287 231 290 334 318
dog 0.0214 225 271 352 322
horse 0.8166 58 85 417 312
horse 0.3450 211 97 384 311
horse 0.3393 58 86 243 294
horse 0.2389 54 83 173 228
horse 0.1689 103 142 325 315
horse 0.1338 41 107 127 247
horse 0.1317 41 82 331 230
horse 0.0952 199 219 361 316
horse 0.0653 292 97 412 288
horse 0.0550 66 144 148 281
horse 0.0530 273 283 363 317
horse 0.0500 64 126 267 240
horse 0.0443 16 137 101 251
horse 0.0429 218 199 405 294
horse 0.0410 155 182 377 308
horse 0.0384 52 160 122 256
horse 0.0335 193 101 401 210
horse 0.0334 71 171 274 285
horse 0.0320 86 149 250 218
horse 0.0297 119 117 231 268
horse 0.0288 85 131 188 280
horse 0.0263 301 187 418 288
horse 0.0258 83 174 247 244
horse 0.0258 346 127 425 285
horse 0.0247 188 168 406 269
horse 0.0245 40 75 148 165
horse 0.0241 50 44 379 158
horse 0.0240 88 230 295 310
horse 0.0234 119 165 216 308
motorbike 0.1500 181 91 391 246
motorbike 0.0746 82 95 401 200
motorbike 0.0498 174 83 265 180
motorbike 0.0446 157 100 336 173
motorbike 0.0327 203 95 280 192
motorbike 0.0240 216 126 263 186
motorbike 0.0207 156 81 323 146
motorbike 0.0205 113 104 295 193
person 0.6457 176 19 254 131
person 0.5374 220 194 315 318
person 0.4205 168 22 263 201
person 0.3261 216 109 368 314
person 0.2361 171 42 305 245
person 0.2225 216 214 276 318
person 0.1911 114 41 262 254
person 0.1790 189 92 274 225
person 0.1500 253 219 332 317
person 0.1447 193 129 312 314
person 0.1221 196 87 348 242
person 0.1091 44 55 240 216
person 0.1069 267 197 370 314
person 0.0819 218 189 302 252
person 0.0789 191 210 382 317
person 0.0788 216 95 259 195
person 0.0744 196 22 249 97
person 0.0743 226 92 288 199
person 0.0723 239 254 353 318
person 0.0666 267 243 315 317
person 0.0652 282 279 359 318
person 0.0622 314 186 401 307
person 0.0602 298 115 411 308
person 0.0599 238 54 423 236
person 0.0595 167 63 260 151
person 0.0578 197 17 233 71
person 0.0547 242 193 314 276
person 0.0487 279 258 328 318
person 0.0487 254 111 290 193
person 0.0485 220 256 294 320
person 0.0479 246 92 324 196
person 0.0468 129 7 262 147
person 0.0457 219 138 298 246
person 0.0441 205 120 256 217
person 0.0439 240 115 277 191
person 0.0439 215 33 251 103
person 0.0433 193 18 294 177
person 0.0418 288 252 368 321
person 0.0410 212 20 259 77
person 0.0404 190 29 231 89
person 0.0401 230 100 261 175
person 0.0387 218 205 263 277
person 0.0379 46 0 373 317
person 0.0376 226 243 263 315
person 0.0375 390 204 417 262
person 0.0373 263 220 311 292
person 0.0366 216 183 265 236
person 0.0364 246 300 292 320
person 0.0362 137 151 270 317
person 0.0346 216 26 247 69
person 0.0337 251 94 298 171
person 0.0337 204 28 225 64
person 0.0336 257 191 310 248
person 0.0334 81 53 331 194
person 0.0319 240 278 307 318
person 0.0318 205 33 261 125
person 0.0317 213 144 269 233
person 0.0316 172 19 244 77
person 0.0315 239 144 331 298
person 0.0308 244 187 298 238
person 0.0308 270 200 329 283
person 0.0308 282 101 387 244
person 0.0301 29 176 44 214
person 0.0298 17 166 57 244
person 0.0297 345 173 412 293
person 0.0295 78 182 123 251
person 0.0294 225 53 255 108
person 0.0290 161 107 249 260
person 0.0290 234 261 270 319
person 0.0288 307 225 366 310
person 0.0285 282 94 330 153
person 0.0285 109 94 230 215
person 0.0285 171 77 222 128
person 0.0284 24 42 286 156
person 0.0283 314 284 361 317
person 0.0278 302 284 343 317
person 0.0278 170 100 195 124
person 0.0278 207 178 267 292
person 0.0269 227 127 262 197
person 0.0269 113 143 128 186
person 0.0267 115 131 126 168
person 0.0266 210 31 233 64
person 0.0264 199 23 370 193
person 0.0264 238 186 346 254
person 0.0262 3 161 43 244
person 0.0260 280 194 328 245
person 0.0259 341 203 390 298
person 0.0257 196 34 219 66
person 0.0255 203 16 223 50
person 0.0251 36 171 76 243
person 0.0251 162 70 201 123
person 0.0250 244 255 276 310
person 0.0250 210 194 250 255
person 0.0249 224 123 251 177
person 0.0249 252 239 300 313
person 0.0248 135 173 153 205
person 0.0248 279 227 324 304
person 0.0246 294 203 350 295
person 0.0242 254 147 293 219
person 0.0240 219 232 259 294
person 0.0239 228 33 249 64
person 0.0238 223 288 288 322
person 0.0238 47 177 93 248
person 0.0237 309 91 406 197
person 0.0233 296 201 319 229
person 0.0231 179 82 251 188
person 0.0230 130 171 146 201
person 0.0230 325 262 370 315
person 0.0229 122 120 170 189
person 0.0227 262 92 315 147
person 0.0225 214 60 263 152
person 0.0225 61 79 106 132
person 0.0222 296 269 336 315
person 0.0220 221 142 254 205
person 0.0218 296 194 342 246
person 0.0218 256 213 317 262
person 0.0216 259 170 278 198
person 0.0213 203 173 257 223
person 0.0213 261 171 308 233
person 0.0211 383 179 420 271
person 0.0210 241 138 266 193
person 0.0210 44 163 92 220
person 0.0209 216 183 298 220
person 0.0209 38 12 191 178
person 0.0208 27 187 43 226
person 0.0207 134 42 226 177
person 0.0206 224 90 255 148
person 0.0206 231 176 284 230
person 0.0204 244 130 263 171
person 0.0203 237 111 256 155
person 0.0202 1 192 19 226
person 0.0202 217 10 295 112
person 0.0201 262 10 332 117
person 0.0200 285 130 301 153
train 0.1093 185 89 399 230
train 0.0534 37 2 321 268
train 0.0494 107 14 444 308
train 0.0469 48 82 284 205
train 0.0411 78 115 376 256
train 0.0373 52 85 177 146
train 0.0353 0 153 69 252
train 0.0329 1 155 46 229
train 0.0306 4 41 359 191
train 0.0281 242 97 411 184
train 0.0218 16 77 190 187
train 0.0203 29 160 85 244
tvmonitor 0.0443 36 0 193 171
tvmonitor 0.0254 6 11 275 114
tvmonitor 0.0242 0 0 202 289
tvmonitor 0.0222 34 0 303 240
