bottle 0.0224 42 196 196 237
car 0.0414 289 228 320 239
cat 0.0262 163 56 221 90
chair 0.0473 217 165 319 240
chair 0.0374 237 199 320 239
chair 0.0364 236 75 320 240
chair 0.0354 0 129 49 210
chair 0.0338 262 141 320 238
chair 0.0295 4 121 72 234
chair 0.0293 265 216 320 239
chair 0.0253 139 194 279 237
chair 0.0234 269 69 318 183
chair 0.0230 59 188 320 240
chair 0.0226 11 122 91 195
chair 0.0215 35 122 133 158
chair 0.0213 2 101 122 206
chair 0.0208 272 187 320 240
chair 0.0204 127 145 320 238
person 0.7428 7 70 304 239
person 0.1346 143 62 290 230
person 0.0929 35 138 293 234
person 0.0865 199 64 286 201
person 0.0747 213 66 277 157
person 0.0632 139 60 241 109
person 0.0624 217 75 317 240
person 0.0623 28 30 200 206
person 0.0575 60 61 286 171
person 0.0568 14 113 176 238
person 0.0566 144 59 271 156
person 0.0486 5 116 99 240
person 0.0485 268 175 320 240
person 0.0470 290 194 320 240
person 0.0386 281 222 320 240
person 0.0382 88 31 301 102
person 0.0338 124 170 315 239
person 0.0310 243 199 320 240
person 0.0310 116 59 239 209
person 0.0292 187 60 269 125
person 0.0287 158 57 225 131
person 0.0283 165 56 221 84
person 0.0280 55 100 151 156
person 0.0270 217 37 307 169
person 0.0266 67 89 215 237
person 0.0260 39 114 133 172
person 0.0253 192 105 273 240
person 0.0252 149 58 212 98
person 0.0246 235 62 299 151
person 0.0238 225 66 265 140
person 0.0236 27 98 191 188
person 0.0231 138 63 204 143
person 0.0211 3 139 63 239
person 0.0209 97 76 192 132
person 0.0201 81 68 249 136
pottedplant 0.1631 184 17 223 77
pottedplant 0.0438 140 14 226 84
pottedplant 0.0408 198 26 222 73
pottedplant 0.0347 182 47 224 79
pottedplant 0.0325 195 14 248 89
pottedplant 0.0311 157 41 227 94
pottedplant 0.0308 174 19 202 64
pottedplant 0.0265 157 9 275 100
pottedplant 0.0210 102 5 267 77
pottedplant 0.0203 179 24 195 59
pottedplant 0.0203 183 21 213 61
pottedplant 0.0200 199 37 254 110
tvmonitor 0.7481 77 15 162 101
tvmonitor 0.2201 71 36 229 109
tvmonitor 0.1833 15 0 82 118
tvmonitor 0.1406 59 0 275 110
tvmonitor 0.1403 27 2 133 111
tvmonitor 0.1111 79 8 216 89
tvmonitor 0.1008 86 58 197 105
tvmonitor 0.0962 85 1 144 32
tvmonitor 0.0954 36 29 304 209
tvmonitor 0.0804 31 12 194 128
tvmonitor 0.0672 74 58 262 128
tvmonitor 0.0619 58 49 200 144
tvmonitor 0.0606 72 55 157 116
tvmonitor 0.0562 82 3 151 51
tvmonitor 0.0522 39 0 87 92
tvmonitor 0.0519 277 0 317 100
tvmonitor 0.0509 12 0 78 61
tvmonitor 0.0504 83 21 165 69
tvmonitor 0.0481 73 97 121 113
tvmonitor 0.0459 107 26 157 92
tvmonitor 0.0449 52 89 169 135
tvmonitor 0.0439 83 0 118 26
tvmonitor 0.0430 36 72 183 179
tvmonitor 0.0399 90 12 152 35
tvmonitor 0.0377 8 0 52 79
tvmonitor 0.0361 77 101 107 112
tvmonitor 0.0352 132 58 215 109
tvmonitor 0.0347 70 88 142 112
tvmonitor 0.0346 25 3 64 78
tvmonitor 0.0341 23 99 165 160
tvmonitor 0.0340 286 227 320 239
tvmonitor 0.0339 10 50 94 142
tvmonitor 0.0331 71 95 99 112
tvmonitor 0.0322 90 95 132 116
tvmonitor 0.0320 120 19 204 83
tvmonitor 0.0307 105 48 215 95
tvmonitor 0.0306 62 0 125 80
tvmonitor 0.0299 4 62 48 146
tvmonitor 0.0296 202 52 307 159
tvmonitor 0.0295 128 20 171 93
tvmonitor 0.0272 275 28 316 140
tvmonitor 0.0270 10 39 156 148
tvmonitor 0.0265 99 102 117 114
tvmonitor 0.0261 0 108 26 145
tvmonitor 0.0254 8 12 57 136
tvmonitor 0.0254 70 0 100 26
tvmonitor 0.0251 80 29 134 87
tvmonitor 0.0249 21 117 126 168
tvmonitor 0.0247 295 39 319 83
tvmonitor 0.0246 35 0 87 40
tvmonitor 0.0246 111 98 134 116
tvmonitor 0.0246 62 53 83 94
tvmonitor 0.0242 64 91 116 121
tvmonitor 0.0240 12 99 89 157
tvmonitor 0.0239 19 91 131 140
tvmonitor 0.0237 62 0 88 40
tvmonitor 0.0236 84 0 144 17
tvmonitor 0.0234 83 102 119 115
tvmonitor 0.0233 111 101 126 115
tvmonitor 0.0233 66 0 111 53
tvmonitor 0.0232 0 0 39 132
tvmonitor 0.0223 56 0 93 65
tvmonitor 0.0218 140 25 168 73
tvmonitor 0.0217 78 78 153 105
tvmonitor 0.0217 257 0 320 170
tvmonitor 0.0217 107 93 146 116
tvmonitor 0.0217 19 62 66 141
tvmonitor 0.0213 55 0 87 22
tvmonitor 0.0213 86 25 145 49
tvmonitor 0.0211 80 0 184 25
tvmonitor 0.0210 106 102 118 116
tvmonitor 0.0208 68 98 126 132
tvmonitor 0.0207 47 117 139 153
tvmonitor 0.0206 64 85 88 114
tvmonitor 0.0202 60 12 95 101
tvmonitor 0.0200 81 82 212 129
