bicycle 0.6952 131 241 500 373
bicycle 0.4617 98 247 334 375
bicycle 0.3392 242 174 500 366
bicycle 0.2729 262 283 499 372
bicycle 0.2124 132 161 363 359
bicycle 0.1746 201 246 400 362
bicycle 0.1308 128 225 282 348
bicycle 0.1258 155 226 380 330
bicycle 0.0897 365 313 500 374
bicycle 0.0800 222 320 421 374
bicycle 0.0797 92 246 233 355
bicycle 0.0728 140 246 249 333
bicycle 0.0688 165 255 291 370
bicycle 0.0611 126 240 215 318
bicycle 0.0580 451 312 500 375
bicycle 0.0568 218 287 354 374
bicycle 0.0546 210 263 310 340
bicycle 0.0539 37 228 256 375
bicycle 0.0538 258 338 384 372
bicycle 0.0451 365 260 479 375
bicycle 0.0389 0 200 454 375
bicycle 0.0379 307 255 458 363
bicycle 0.0360 177 311 332 375
bicycle 0.0349 218 341 335 373
bicycle 0.0346 416 285 500 374
bicycle 0.0323 22 251 169 374
bicycle 0.0319 150 251 292 312
bicycle 0.0298 256 350 355 375
bicycle 0.0295 408 335 500 373
bicycle 0.0283 205 295 291 373
bicycle 0.0271 126 282 262 374
bicycle 0.0254 238 268 375 332
bicycle 0.0241 182 258 269 327
bicycle 0.0231 250 276 417 353
bicycle 0.0213 114 190 253 318
bicycle 0.0207 167 341 302 375
bicycle 0.0203 60 234 202 306
bottle 0.1958 346 347 392 375
bottle 0.1794 392 354 428 375
bottle 0.1281 354 353 414 375
bottle 0.0857 380 349 412 374
bottle 0.0619 371 348 400 375
bottle 0.0599 342 345 371 375
bottle 0.0570 320 344 385 375
bottle 0.0435 339 359 401 375
bottle 0.0427 393 349 459 374
bottle 0.0394 332 336 401 371
bottle 0.0364 328 354 369 375
bottle 0.0359 387 340 420 375
bottle 0.0342 347 340 379 364
bottle 0.0316 283 208 365 287
bottle 0.0316 363 335 405 375
bottle 0.0308 360 343 383 369
bottle 0.0307 328 171 369 235
bottle 0.0276 368 344 390 368
bottle 0.0270 367 345 420 370
bottle 0.0269 370 362 426 375
bottle 0.0256 339 191 372 255
bottle 0.0235 386 340 406 368
bottle 0.0232 379 345 398 367
bottle 0.0229 353 207 372 244
bottle 0.0229 248 224 318 279
bottle 0.0213 241 296 267 337
bottle 0.0210 329 203 371 291
bottle 0.0207 406 350 437 375
bottle 0.0205 295 230 333 284
bottle 0.0203 335 337 364 367
bottle 0.0201 329 329 372 373
car 0.0285 0 136 23 169
chair 0.0421 445 339 500 375
chair 0.0346 264 172 500 358
chair 0.0338 466 318 500 375
chair 0.0303 342 246 486 363
chair 0.0285 442 288 500 374
chair 0.0225 304 356 367 374
chair 0.0221 474 342 500 375
chair 0.0216 185 161 387 300
chair 0.0209 250 207 375 285
chair 0.0208 454 354 500 374
chair 0.0207 380 289 500 374
person 0.7940 173 98 369 351
person 0.7342 315 96 497 361
person 0.3830 146 109 500 375
person 0.3244 250 129 398 357
person 0.1784 141 193 398 375
person 0.1741 168 153 294 349
person 0.1691 177 110 304 284
person 0.1674 352 103 497 264
person 0.1556 211 100 375 239
person 0.1466 302 133 374 272
person 0.1272 341 136 370 200
person 0.1240 280 145 372 325
person 0.1231 192 116 254 204
person 0.1120 169 116 259 247
person 0.1113 289 181 422 369
person 0.0977 299 116 410 311
person 0.0948 267 96 449 279
person 0.0861 192 209 338 363
person 0.0851 256 230 393 375
person 0.0826 396 103 500 197
person 0.0791 288 100 374 217
person 0.0744 341 209 491 375
person 0.0728 322 124 374 223
person 0.0726 169 238 281 356
person 0.0701 199 132 249 184
person 0.0644 145 240 179 291
person 0.0618 149 241 204 306
person 0.0525 163 110 310 204
person 0.0517 398 255 497 375
person 0.0497 332 261 453 375
person 0.0483 147 239 169 275
person 0.0482 250 117 361 286
person 0.0480 446 102 499 176
person 0.0470 146 242 234 341
person 0.0467 92 101 278 347
person 0.0461 17 31 492 338
person 0.0455 339 137 364 178
person 0.0443 240 204 367 324
person 0.0429 217 268 298 364
person 0.0420 439 101 500 238
person 0.0402 308 160 369 223
person 0.0402 348 138 372 181
person 0.0394 217 134 254 192
person 0.0388 337 98 478 203
person 0.0377 445 101 499 136
person 0.0374 311 110 366 189
person 0.0374 146 240 204 274
person 0.0371 239 190 349 279
person 0.0362 228 266 281 337
person 0.0352 348 133 383 208
person 0.0342 122 175 249 333
person 0.0342 403 144 498 360
person 0.0341 190 128 289 233
person 0.0332 324 172 373 254
person 0.0328 371 108 493 166
person 0.0326 326 101 374 177
person 0.0323 237 283 272 339
person 0.0323 230 250 314 337
person 0.0317 234 136 372 216
person 0.0313 281 345 368 374
person 0.0307 481 100 500 132
person 0.0303 155 245 196 287
person 0.0302 186 112 244 167
person 0.0291 247 100 376 176
person 0.0287 341 175 436 352
person 0.0285 413 101 500 148
person 0.0284 173 145 247 298
person 0.0283 394 347 478 374
person 0.0269 160 247 246 309
person 0.0269 248 294 272 333
person 0.0265 203 113 289 183
person 0.0263 288 179 367 260
person 0.0260 227 143 251 182
person 0.0259 229 139 321 274
person 0.0251 225 109 324 218
person 0.0242 294 196 362 296
person 0.0240 268 126 373 185
person 0.0238 250 118 339 194
person 0.0237 339 104 386 195
person 0.0237 123 237 233 298
person 0.0236 164 211 289 295
person 0.0233 245 225 326 289
person 0.0232 217 117 246 168
person 0.0232 334 156 372 231
person 0.0232 228 124 280 194
person 0.0230 341 136 369 160
person 0.0226 264 93 454 187
person 0.0225 251 268 348 365
person 0.0224 183 141 382 274
person 0.0222 242 165 374 240
person 0.0220 336 137 388 239
person 0.0218 299 147 352 216
person 0.0217 366 128 500 217
person 0.0217 194 114 273 158
person 0.0217 340 114 368 167
person 0.0214 161 244 205 266
person 0.0214 259 113 312 182
person 0.0213 267 209 343 293
person 0.0211 202 149 230 183
person 0.0211 324 142 390 289
person 0.0208 249 273 288 328
person 0.0208 189 137 241 227
person 0.0208 474 101 500 165
person 0.0207 468 100 497 129
person 0.0207 459 148 500 246
person 0.0206 438 127 496 194
person 0.0206 158 189 233 302
person 0.0201 239 252 306 301
pottedplant 0.0694 301 340 396 372
pottedplant 0.0658 241 321 429 372
pottedplant 0.0549 319 314 500 373
pottedplant 0.0400 273 347 375 374
pottedplant 0.0382 317 321 410 373
pottedplant 0.0299 342 343 441 373
pottedplant 0.0274 338 299 428 375
pottedplant 0.0244 231 270 269 338
pottedplant 0.0234 301 289 401 375
pottedplant 0.0231 222 273 288 368
pottedplant 0.0227 394 299 500 375
pottedplant 0.0216 328 338 372 375
pottedplant 0.0211 374 340 494 372
pottedplant 0.0204 330 352 416 375
sofa 0.0429 124 138 378 326
train 0.0358 138 0 441 375
