bird 0.7706 178 87 371 195
bird 0.1780 1 2 167 131
bird 0.1247 18 2 300 210
bird 0.1230 103 34 378 214
bird 0.1008 1 0 77 62
bird 0.0998 0 0 87 122
bird 0.0929 162 6 339 185
bird 0.0827 147 266 205 316
bird 0.0817 80 254 140 310
bird 0.0755 0 0 38 58
bird 0.0737 58 60 118 84
bird 0.0712 0 50 110 130
bird 0.0692 62 0 146 119
bird 0.0692 26 0 139 70
bird 0.0628 165 110 378 266
bird 0.0609 52 52 151 131
bird 0.0574 220 85 372 158
bird 0.0534 56 60 114 123
bird 0.0527 52 0 231 125
bird 0.0508 74 0 134 66
bird 0.0491 13 242 72 308
bird 0.0466 218 273 286 356
bird 0.0461 0 0 25 39
bird 0.0447 104 260 194 317
bird 0.0443 169 263 296 362
bird 0.0415 4 62 141 164
bird 0.0411 276 77 373 190
bird 0.0406 167 0 245 124
bird 0.0403 0 74 79 125
bird 0.0397 25 245 121 311
bird 0.0393 2 46 40 123
bird 0.0385 165 133 355 203
bird 0.0372 119 0 273 181
bird 0.0339 158 268 267 332
bird 0.0335 0 75 20 116
bird 0.0325 0 79 44 120
bird 0.0319 65 146 416 355
bird 0.0315 60 28 113 93
bird 0.0313 57 59 141 97
bird 0.0302 45 0 100 59
bird 0.0301 150 237 260 356
bird 0.0291 152 101 299 197
bird 0.0284 151 169 338 284
bird 0.0283 147 196 322 346
bird 0.0282 57 31 219 179
bird 0.0280 83 62 118 83
bird 0.0276 132 202 225 333
bird 0.0274 17 55 125 105
bird 0.0264 251 90 364 131
bird 0.0261 61 52 118 76
bird 0.0261 16 63 335 322
bird 0.0260 3 37 115 94
bird 0.0259 65 17 121 74
bird 0.0258 69 50 124 110
bird 0.0258 174 166 356 227
bird 0.0257 282 82 369 118
bird 0.0249 150 175 252 310
bird 0.0248 176 0 296 139
bird 0.0242 130 0 224 147
bird 0.0239 82 86 315 179
bird 0.0235 54 118 248 369
bird 0.0228 40 34 107 122
bird 0.0223 159 70 456 234
bird 0.0218 22 0 122 38
bird 0.0217 17 72 198 205
bird 0.0215 0 123 274 278
bird 0.0215 50 41 151 90
bird 0.0210 0 115 160 189
bird 0.0210 57 87 147 130
bird 0.0209 160 57 243 190
bird 0.0208 38 82 102 131
bird 0.0206 96 0 151 66
bird 0.0205 37 7 111 89
bird 0.0205 77 251 284 348
bird 0.0205 0 22 24 60
bird 0.0204 72 235 224 308
bird 0.0202 0 0 44 105
bird 0.0202 134 153 223 290
bird 0.0202 68 218 150 330
cat 0.1208 1 0 155 149
cat 0.0445 3 0 49 60
diningtable 0.0224 109 195 434 339
dog 0.0954 0 0 155 138
dog 0.0604 0 0 32 58
person 0.0480 0 0 24 36
person 0.0443 0 0 110 154
person 0.0417 0 14 390 369
person 0.0398 0 0 209 249
person 0.0267 88 108 490 375
person 0.0219 3 0 45 51
train 0.0207 0 0 182 93
