bird 0.0202 229 194 288 237
car 0.0257 476 348 500 375
car 0.0207 461 357 500 375
cat 0.9006 19 0 493 368
cat 0.0370 408 201 496 372
cat 0.0337 46 274 500 367
cat 0.0325 243 1 487 352
cat 0.0262 0 13 114 356
cat 0.0252 282 0 500 182
cat 0.0250 33 83 172 359
cat 0.0213 341 7 496 96
cat 0.0206 360 49 497 375
cow 0.0229 226 189 285 241
diningtable 0.0246 0 0 470 326
horse 0.0413 227 191 283 233
person 0.0226 430 231 496 375
person 0.0215 460 283 496 375
pottedplant 0.0620 229 192 287 230
pottedplant 0.0203 238 197 270 228
tvmonitor 0.0245 42 5 286 51
