bird 0.0329 230 276 316 480
bird 0.0230 42 266 197 480
bird 0.0223 218 228 309 317
bird 0.0209 217 391 318 480
bird 0.0205 221 338 241 395
boat 0.0651 51 36 287 319
boat 0.0385 22 0 216 258
boat 0.0358 28 10 87 60
car 0.0708 186 53 236 88
car 0.0426 30 0 137 166
car 0.0376 123 33 245 114
car 0.0372 84 43 120 73
car 0.0332 44 10 185 127
car 0.0330 239 59 285 97
car 0.0317 0 74 12 118
car 0.0309 34 6 149 95
car 0.0282 54 53 286 322
car 0.0272 32 12 90 62
car 0.0248 170 30 280 117
car 0.0236 240 73 270 97
car 0.0235 114 40 260 184
car 0.0230 83 45 134 86
car 0.0226 69 33 125 73
car 0.0225 0 459 27 480
car 0.0221 137 43 190 88
car 0.0207 192 48 260 90
car 0.0206 55 55 170 141
car 0.0206 105 5 236 87
car 0.0205 79 50 132 117
car 0.0200 0 448 15 480
cow 0.0297 0 107 265 463
cow 0.0266 239 199 312 300
horse 0.5143 108 118 247 428
horse 0.1894 96 250 247 476
horse 0.1663 127 183 252 349
horse 0.1568 91 160 188 449
horse 0.0979 66 164 292 470
horse 0.0698 153 203 243 459
horse 0.0611 176 288 237 474
horse 0.0533 228 197 309 303
horse 0.0461 135 268 206 472
horse 0.0395 141 239 242 334
horse 0.0354 190 244 255 479
horse 0.0347 120 261 177 471
horse 0.0329 128 347 242 463
horse 0.0318 110 221 179 354
horse 0.0299 91 227 221 361
horse 0.0290 151 286 291 480
horse 0.0279 93 245 165 421
horse 0.0275 2 0 271 480
horse 0.0267 33 284 212 474
horse 0.0252 214 221 285 325
horse 0.0240 197 211 296 469
horse 0.0227 206 329 313 480
horse 0.0224 173 225 268 332
horse 0.0219 196 337 261 468
horse 0.0201 222 280 276 472
person 0.8985 134 87 246 335
person 0.4230 99 142 221 338
person 0.3600 93 161 170 332
person 0.1086 100 166 140 319
person 0.1039 74 35 241 363
person 0.0932 129 87 222 174
person 0.0887 107 182 181 413
person 0.0868 10 36 281 470
person 0.0824 70 63 159 321
person 0.0757 81 158 163 437
person 0.0728 159 166 260 331
person 0.0643 138 188 201 344
person 0.0564 134 88 194 142
person 0.0529 189 316 235 470
person 0.0484 38 11 177 349
person 0.0476 219 156 280 316
person 0.0460 134 91 175 168
person 0.0451 176 117 304 317
person 0.0428 65 176 144 316
person 0.0426 199 343 225 464
person 0.0425 95 68 245 218
person 0.0412 121 88 185 292
person 0.0407 49 133 191 308
person 0.0400 89 216 152 331
person 0.0377 215 186 253 328
person 0.0366 121 171 164 319
person 0.0366 185 146 238 329
person 0.0363 95 221 131 320
person 0.0359 131 118 177 185
person 0.0346 117 208 168 365
person 0.0339 130 276 175 462
person 0.0335 250 220 276 303
person 0.0328 304 260 317 299
person 0.0322 135 76 191 121
person 0.0318 298 254 314 296
person 0.0317 128 151 178 197
person 0.0303 151 364 173 450
person 0.0303 227 215 258 316
person 0.0298 233 199 274 307
person 0.0297 135 89 191 227
person 0.0282 0 0 157 472
person 0.0270 133 144 185 220
person 0.0263 156 87 221 138
person 0.0262 158 134 210 337
person 0.0258 143 329 177 464
person 0.0252 207 164 241 316
person 0.0247 119 66 194 155
person 0.0247 87 171 130 299
person 0.0247 147 99 197 288
person 0.0246 33 5 78 66
person 0.0244 138 86 154 126
person 0.0244 135 158 174 311
person 0.0241 143 98 193 172
person 0.0241 156 320 212 474
person 0.0237 277 208 311 293
person 0.0236 85 252 126 322
person 0.0234 131 82 164 146
person 0.0231 210 336 237 448
person 0.0230 79 97 205 239
person 0.0230 164 124 237 283
person 0.0229 114 146 178 250
person 0.0222 156 76 241 155
person 0.0221 0 440 15 480
person 0.0220 155 333 189 463
person 0.0219 126 156 166 217
person 0.0216 155 86 181 155
person 0.0215 87 0 144 15
person 0.0213 249 198 297 301
person 0.0213 192 368 218 473
person 0.0211 196 186 208 226
person 0.0208 138 85 173 117
person 0.0202 219 85 281 272
person 0.0202 152 78 275 199
person 0.0202 208 139 238 253
person 0.0201 112 176 133 278
person 0.0201 134 233 173 351
person 0.0201 149 136 191 199
person 0.0200 72 55 207 146
person 0.0200 149 217 183 349
person 0.0200 74 0 132 24
train 0.0580 223 201 308 303
train 0.0502 162 142 305 314
train 0.0377 232 100 316 307
train 0.0344 136 65 285 235
train 0.0306 31 6 126 72
train 0.0222 9 58 96 129
train 0.0222 258 180 314 299
train 0.0212 35 30 84 64
tvmonitor 0.0642 45 24 257 349
tvmonitor 0.0545 14 12 215 189
tvmonitor 0.0315 32 0 160 303
tvmonitor 0.0215 19 0 90 84
