aeroplane 0.0469 0 0 375 480
bottle 0.1896 161 248 193 326
bottle 0.1546 179 244 202 332
bottle 0.1141 142 239 201 328
bottle 0.1122 274 270 321 315
bottle 0.1012 183 248 198 304
bottle 0.0912 151 235 191 290
bottle 0.0886 175 241 195 305
bottle 0.0783 154 238 190 267
bottle 0.0694 159 248 179 315
bottle 0.0620 183 278 199 330
bottle 0.0615 187 258 202 324
bottle 0.0604 169 253 187 309
bottle 0.0576 165 243 192 275
bottle 0.0529 144 238 175 315
bottle 0.0474 161 251 183 288
bottle 0.0467 300 238 347 287
bottle 0.0440 142 291 157 330
bottle 0.0437 333 155 348 227
bottle 0.0428 126 254 163 335
bottle 0.0424 181 242 200 281
bottle 0.0422 85 230 119 259
bottle 0.0419 154 242 180 276
bottle 0.0400 135 251 181 374
bottle 0.0399 162 264 183 323
bottle 0.0390 273 273 295 314
bottle 0.0388 145 279 163 324
bottle 0.0380 277 268 323 296
bottle 0.0375 158 239 204 281
bottle 0.0372 162 214 190 269
bottle 0.0372 216 190 234 225
bottle 0.0363 144 248 165 298
bottle 0.0351 178 260 193 319
bottle 0.0339 185 238 211 332
bottle 0.0337 161 256 197 297
bottle 0.0335 149 269 189 329
bottle 0.0332 138 272 160 329
bottle 0.0309 152 276 167 322
bottle 0.0308 269 240 315 312
bottle 0.0307 83 236 110 269
bottle 0.0303 145 242 173 279
bottle 0.0300 217 188 241 265
bottle 0.0291 271 271 302 300
bottle 0.0287 152 250 169 301
bottle 0.0284 274 268 307 289
bottle 0.0277 172 233 195 281
bottle 0.0270 173 270 197 331
bottle 0.0265 111 225 144 251
bottle 0.0263 134 299 155 329
bottle 0.0257 92 226 129 254
bottle 0.0257 332 173 344 225
bottle 0.0255 306 244 332 285
bottle 0.0251 321 242 342 283
bottle 0.0250 149 257 186 295
bottle 0.0247 252 350 305 389
bottle 0.0245 282 262 344 302
bottle 0.0238 192 247 207 296
bottle 0.0234 138 239 164 274
bottle 0.0231 218 376 272 413
bottle 0.0228 82 241 102 281
bottle 0.0225 272 284 310 320
bottle 0.0222 127 285 158 328
bottle 0.0221 234 381 268 409
bottle 0.0221 101 347 135 375
bottle 0.0218 140 257 160 309
bottle 0.0216 172 254 199 282
bottle 0.0215 220 381 253 407
bottle 0.0214 259 347 310 418
bottle 0.0214 272 246 307 286
bottle 0.0212 289 240 304 281
bottle 0.0211 125 284 168 347
bottle 0.0209 160 277 175 327
bottle 0.0209 272 357 306 385
bottle 0.0208 1 274 13 337
bottle 0.0207 192 289 210 335
bottle 0.0207 323 243 354 276
bottle 0.0204 117 233 149 258
bottle 0.0203 117 241 150 268
bottle 0.0203 278 272 312 348
bottle 0.0202 166 223 192 255
bottle 0.0200 266 306 324 365
bottle 0.0200 179 300 194 332
bottle 0.0200 274 256 292 287
bottle 0.0200 266 270 300 321
cat 0.0990 273 269 319 314
chair 0.4243 0 342 141 498
chair 0.2297 212 284 375 500
chair 0.2066 0 243 164 485
chair 0.1915 50 344 174 491
chair 0.1729 210 357 312 499
chair 0.1718 0 342 100 424
chair 0.1027 215 426 332 499
chair 0.0932 45 377 132 496
chair 0.0912 240 389 374 495
chair 0.0910 319 220 359 274
chair 0.0903 108 329 171 500
chair 0.0879 201 287 225 366
chair 0.0872 234 461 296 500
chair 0.0865 0 297 74 408
chair 0.0839 140 294 227 394
chair 0.0812 186 282 225 387
chair 0.0811 82 352 137 491
chair 0.0775 0 392 101 499
chair 0.0701 197 282 309 390
chair 0.0685 5 342 71 403
chair 0.0671 189 264 222 346
chair 0.0666 292 260 373 499
chair 0.0644 205 412 280 498
chair 0.0602 6 302 111 453
chair 0.0596 278 243 370 315
chair 0.0596 0 361 71 458
chair 0.0595 20 348 135 444
chair 0.0594 211 289 228 361
chair 0.0592 195 252 232 361
chair 0.0564 173 239 227 380
chair 0.0559 185 223 226 326
chair 0.0551 121 348 213 487
chair 0.0535 257 290 372 431
chair 0.0525 236 401 293 500
chair 0.0519 187 288 258 391
chair 0.0517 206 288 221 346
chair 0.0513 55 289 157 447
chair 0.0507 86 249 160 333
chair 0.0502 134 378 289 500
chair 0.0487 226 450 366 497
chair 0.0483 10 275 291 500
chair 0.0463 16 369 237 500
chair 0.0454 28 348 88 411
chair 0.0454 215 291 296 363
chair 0.0448 210 226 286 360
chair 0.0433 66 222 160 396
chair 0.0430 0 324 124 398
chair 0.0429 84 222 138 313
chair 0.0428 277 337 358 500
chair 0.0427 186 214 227 274
chair 0.0420 128 324 210 404
chair 0.0419 184 239 205 293
chair 0.0413 155 338 223 392
chair 0.0407 33 334 170 424
chair 0.0407 301 235 375 399
chair 0.0400 215 251 334 355
chair 0.0389 72 342 136 427
chair 0.0385 176 308 215 392
chair 0.0382 0 433 141 499
chair 0.0381 208 273 246 375
chair 0.0381 87 412 130 500
chair 0.0381 321 221 355 246
chair 0.0375 91 392 205 497
chair 0.0368 0 335 52 500
chair 0.0363 160 243 214 314
chair 0.0361 239 476 291 498
chair 0.0359 145 327 254 401
chair 0.0354 154 232 220 282
chair 0.0354 110 243 184 372
chair 0.0353 11 264 149 387
chair 0.0349 0 259 40 397
chair 0.0346 197 308 237 385
chair 0.0343 0 397 35 495
chair 0.0335 66 418 164 499
chair 0.0334 180 232 214 280
chair 0.0331 122 254 157 330
chair 0.0327 165 400 352 500
chair 0.0322 128 360 165 492
chair 0.0321 198 450 310 500
chair 0.0316 228 468 344 500
chair 0.0308 0 428 55 496
chair 0.0305 0 387 62 436
chair 0.0302 41 255 119 470
chair 0.0301 215 284 240 362
chair 0.0301 217 294 232 357
chair 0.0299 0 461 49 499
chair 0.0299 232 440 276 500
chair 0.0297 119 423 170 498
chair 0.0295 35 361 108 466
chair 0.0294 194 316 291 409
chair 0.0291 0 187 80 500
chair 0.0284 185 239 217 267
chair 0.0283 178 277 214 363
chair 0.0278 92 351 161 457
chair 0.0277 26 294 94 420
chair 0.0275 299 218 358 248
chair 0.0274 86 262 126 319
chair 0.0274 151 210 228 310
chair 0.0270 259 273 354 377
chair 0.0268 259 343 328 495
chair 0.0267 311 353 374 500
chair 0.0266 101 392 137 496
chair 0.0263 229 273 305 342
chair 0.0263 330 158 352 236
chair 0.0260 67 262 139 330
chair 0.0255 178 238 203 275
chair 0.0254 0 337 40 417
chair 0.0254 318 255 375 309
chair 0.0253 191 240 208 283
chair 0.0253 2 299 52 380
chair 0.0251 76 256 133 428
chair 0.0251 209 310 254 386
chair 0.0245 101 242 167 305
chair 0.0243 211 224 248 352
chair 0.0242 44 339 96 435
chair 0.0241 198 282 220 338
chair 0.0240 289 452 374 497
chair 0.0235 270 239 299 305
chair 0.0234 333 230 375 436
chair 0.0232 136 417 205 498
chair 0.0232 178 282 231 331
chair 0.0232 320 206 362 252
chair 0.0231 62 347 117 457
chair 0.0229 298 262 375 332
chair 0.0229 266 220 292 290
chair 0.0227 200 443 260 500
chair 0.0226 111 402 160 486
chair 0.0224 210 467 282 500
chair 0.0223 200 230 225 265
chair 0.0223 0 452 81 495
chair 0.0223 16 352 64 427
chair 0.0222 205 291 258 352
chair 0.0222 164 375 238 500
chair 0.0220 76 280 173 384
chair 0.0219 144 449 218 499
chair 0.0219 193 195 231 293
chair 0.0218 120 449 191 499
chair 0.0216 219 365 306 447
chair 0.0215 13 330 82 385
chair 0.0213 0 378 39 450
chair 0.0212 0 402 57 456
chair 0.0211 133 401 179 481
chair 0.0211 312 226 375 295
chair 0.0210 65 443 133 497
chair 0.0210 327 184 357 263
chair 0.0208 174 328 234 383
chair 0.0206 168 299 243 375
chair 0.0206 193 294 211 338
chair 0.0205 344 406 374 500
chair 0.0205 173 227 223 267
chair 0.0205 0 366 58 417
chair 0.0204 0 343 24 500
chair 0.0202 95 278 172 347
chair 0.0202 135 341 187 470
chair 0.0201 1 288 55 347
chair 0.0200 164 284 202 381
diningtable 0.1695 15 251 299 500
diningtable 0.1415 130 242 214 330
diningtable 0.1371 101 232 234 355
diningtable 0.1110 145 254 227 379
diningtable 0.1014 87 249 263 404
diningtable 0.0840 141 266 307 431
diningtable 0.0831 149 242 292 372
diningtable 0.0667 134 308 231 392
diningtable 0.0488 153 281 231 352
diningtable 0.0424 147 223 220 292
diningtable 0.0405 160 274 222 326
diningtable 0.0353 165 216 280 325
diningtable 0.0285 120 278 208 342
diningtable 0.0227 90 351 345 500
person 0.8324 214 111 282 388
person 0.7429 6 183 156 488
person 0.6942 84 182 160 318
person 0.6758 211 193 316 492
person 0.6375 140 186 191 276
person 0.6331 248 221 374 491
person 0.4946 104 184 188 302
person 0.4343 73 182 172 402
person 0.4130 140 193 207 328
person 0.3485 27 178 153 336
person 0.3468 189 299 302 500
person 0.3234 120 333 171 469
person 0.2934 53 184 226 483
person 0.2705 151 187 283 488
person 0.2469 83 176 145 266
person 0.2142 86 269 172 492
person 0.2115 119 210 225 354
person 0.2097 7 330 174 500
person 0.2060 215 299 304 420
person 0.2030 106 224 181 329
person 0.1919 231 177 356 393
person 0.1912 272 221 367 378
person 0.1903 274 220 365 295
person 0.1807 243 287 329 488
person 0.1794 1 173 95 276
person 0.1689 5 190 351 500
person 0.1620 147 187 188 238
person 0.1557 320 221 358 279
person 0.1545 85 174 234 321
person 0.1464 1 185 100 423
person 0.1396 111 286 269 490
person 0.1376 210 116 287 254
person 0.1355 146 217 191 316
person 0.1325 14 170 91 225
person 0.1302 79 214 134 316
person 0.1279 135 145 269 340
person 0.1240 101 226 242 407
person 0.1221 110 181 185 250
person 0.1203 49 187 143 289
person 0.1196 65 211 202 341
person 0.1166 24 173 124 257
person 0.1150 270 252 333 322
person 0.1136 317 220 372 381
person 0.1077 135 334 172 414
person 0.1059 34 171 83 208
person 0.1050 216 195 289 347
person 0.1047 141 223 190 266
person 0.0977 200 261 342 419
person 0.0970 111 296 193 432
person 0.0917 120 268 171 406
person 0.0916 221 117 339 327
person 0.0865 86 174 137 233
person 0.0847 83 337 172 440
person 0.0843 54 228 153 328
person 0.0831 185 112 373 500
person 0.0815 124 236 164 324
person 0.0813 209 111 248 172
person 0.0809 323 219 367 313
person 0.0774 232 277 312 384
person 0.0763 126 286 226 414
person 0.0757 88 221 157 370
person 0.0750 148 241 229 390
person 0.0745 48 172 97 277
person 0.0718 226 333 309 480
person 0.0708 205 358 282 500
person 0.0687 129 196 171 289
person 0.0665 122 326 215 459
person 0.0665 141 234 179 287
person 0.0658 132 238 196 394
person 0.0633 268 262 324 390
person 0.0617 156 187 188 216
person 0.0607 0 192 73 334
person 0.0598 212 120 282 177
person 0.0592 52 170 123 226
person 0.0579 157 194 187 255
person 0.0577 114 173 144 239
person 0.0570 249 211 350 334
person 0.0567 0 248 58 416
person 0.0566 96 179 129 203
person 0.0558 146 203 219 276
person 0.0545 49 238 209 391
person 0.0543 36 296 198 443
person 0.0538 117 236 156 297
person 0.0533 50 171 84 198
person 0.0523 214 116 235 171
person 0.0521 145 304 270 401
person 0.0515 53 171 87 244
person 0.0511 133 243 194 304
person 0.0508 86 179 124 219
person 0.0499 205 291 265 416
person 0.0498 270 270 318 314
person 0.0495 105 333 171 402
person 0.0494 32 169 80 254
person 0.0491 168 189 188 231
person 0.0490 241 240 321 342
person 0.0487 83 226 125 279
person 0.0483 5 206 124 298
person 0.0476 366 115 375 177
person 0.0474 0 144 209 324
person 0.0470 0 199 33 283
person 0.0469 148 325 260 461
person 0.0468 265 277 314 354
person 0.0468 297 224 345 299
person 0.0457 85 347 135 462
person 0.0448 158 231 215 328
person 0.0447 105 197 150 300
person 0.0444 210 114 251 238
person 0.0442 258 146 366 298
person 0.0441 0 217 36 364
person 0.0439 324 160 369 290
person 0.0438 135 233 165 296
person 0.0438 78 227 132 390
person 0.0434 84 196 127 258
person 0.0431 118 187 174 229
person 0.0427 71 197 111 286
person 0.0426 42 228 117 309
person 0.0422 156 189 179 235
person 0.0421 0 193 64 265
person 0.0418 135 328 199 403
person 0.0411 1 181 75 238
person 0.0401 204 109 236 193
person 0.0398 202 104 266 163
person 0.0397 125 340 169 388
person 0.0397 307 202 373 284
person 0.0396 141 202 180 236
person 0.0394 94 236 150 322
person 0.0387 218 304 291 367
person 0.0384 194 149 272 322
person 0.0379 101 175 159 226
person 0.0375 120 185 141 230
person 0.0374 54 220 102 288
person 0.0371 112 241 160 355
person 0.0367 248 311 311 407
person 0.0366 151 188 172 229
person 0.0363 18 250 136 337
person 0.0362 104 190 144 252
person 0.0355 87 257 131 330
person 0.0355 72 300 152 411
person 0.0354 294 259 366 308
person 0.0352 325 236 352 288
person 0.0347 83 234 116 301
person 0.0347 81 169 172 237
person 0.0346 70 174 109 254
person 0.0343 153 141 230 299
person 0.0342 260 299 310 377
person 0.0341 185 201 228 289
person 0.0338 88 217 144 257
person 0.0335 111 178 141 205
person 0.0330 89 178 115 208
person 0.0329 169 199 230 325
person 0.0328 331 150 362 242
person 0.0325 126 166 148 198
person 0.0321 212 358 296 433
person 0.0321 212 302 249 392
person 0.0321 25 197 80 273
person 0.0318 131 179 187 225
person 0.0316 132 334 170 370
person 0.0311 173 226 211 302
person 0.0310 83 221 116 259
person 0.0309 0 0 173 443
person 0.0308 18 230 87 281
person 0.0307 69 139 79 167
person 0.0306 41 216 122 434
person 0.0306 321 216 365 253
person 0.0305 1 74 112 297
person 0.0304 153 214 182 271
person 0.0301 216 263 264 376
person 0.0296 123 173 141 215
person 0.0291 167 206 189 250
person 0.0287 259 146 291 240
person 0.0284 259 264 304 327
person 0.0283 214 158 242 257
person 0.0279 105 234 157 275
person 0.0278 332 153 349 229
person 0.0271 196 111 241 276
person 0.0270 155 204 188 234
person 0.0269 213 331 267 463
person 0.0268 174 204 191 241
person 0.0267 150 184 218 247
person 0.0267 0 270 38 344
person 0.0265 231 144 286 313
person 0.0265 229 330 299 394
person 0.0264 118 203 144 239
person 0.0264 124 163 150 225
person 0.0264 62 171 83 209
person 0.0259 229 265 295 349
person 0.0258 116 193 147 272
person 0.0258 101 175 127 193
person 0.0257 80 233 107 275
person 0.0256 141 345 169 452
person 0.0255 101 176 137 215
person 0.0250 232 354 300 411
person 0.0249 241 181 303 331
person 0.0245 56 163 92 216
person 0.0245 336 224 374 341
person 0.0243 13 116 91 257
person 0.0243 341 144 372 246
person 0.0241 46 202 85 289
person 0.0240 3 258 69 346
person 0.0239 246 347 311 438
person 0.0239 55 168 111 205
person 0.0239 199 192 230 271
person 0.0238 32 267 136 391
person 0.0237 5 257 104 382
person 0.0234 97 171 139 198
person 0.0234 143 234 180 262
person 0.0233 315 259 374 489
person 0.0233 333 236 358 277
person 0.0232 218 117 263 201
person 0.0231 277 270 330 345
person 0.0231 270 249 298 312
person 0.0230 211 104 239 147
person 0.0229 174 188 192 215
person 0.0228 282 237 349 346
person 0.0228 170 191 211 271
person 0.0228 126 194 158 234
person 0.0226 114 174 140 195
person 0.0226 133 200 178 256
person 0.0225 214 194 241 287
person 0.0224 259 238 292 319
person 0.0224 337 193 374 278
person 0.0224 125 229 178 268
person 0.0223 321 175 353 259
person 0.0222 104 182 124 227
person 0.0221 216 324 268 401
person 0.0221 130 362 293 500
person 0.0221 211 142 237 172
person 0.0220 99 177 118 197
person 0.0217 128 237 159 277
person 0.0217 32 243 105 295
person 0.0216 95 344 135 394
person 0.0215 127 315 171 377
person 0.0213 274 331 318 399
person 0.0212 141 222 168 276
person 0.0211 102 340 138 433
person 0.0208 111 182 132 229
person 0.0208 0 268 13 332
person 0.0207 22 164 65 231
person 0.0203 0 171 60 220
person 0.0202 166 206 195 277
person 0.0202 69 158 80 183
person 0.0201 128 168 162 231
pottedplant 0.2287 286 221 309 254
pottedplant 0.2120 275 220 355 290
pottedplant 0.2024 284 220 319 270
pottedplant 0.1197 287 220 320 244
pottedplant 0.1132 294 228 338 285
pottedplant 0.0921 273 237 332 303
pottedplant 0.0590 287 226 306 275
pottedplant 0.0585 300 222 327 277
pottedplant 0.0530 298 221 324 250
pottedplant 0.0518 273 225 309 284
pottedplant 0.0472 274 209 334 273
pottedplant 0.0439 297 231 316 274
pottedplant 0.0438 289 221 304 245
pottedplant 0.0431 284 218 355 247
pottedplant 0.0424 363 114 374 176
pottedplant 0.0408 277 214 317 250
pottedplant 0.0375 285 227 315 299
pottedplant 0.0345 306 221 332 241
pottedplant 0.0342 288 216 316 236
pottedplant 0.0337 285 234 313 266
pottedplant 0.0329 290 248 344 293
pottedplant 0.0303 272 217 304 256
pottedplant 0.0297 306 222 350 252
pottedplant 0.0279 270 172 352 278
pottedplant 0.0278 278 224 304 248
pottedplant 0.0278 308 225 343 274
pottedplant 0.0269 304 241 330 281
pottedplant 0.0268 283 238 300 277
pottedplant 0.0251 354 110 374 177
pottedplant 0.0224 295 230 329 257
pottedplant 0.0222 305 220 321 236
pottedplant 0.0203 271 237 298 287
pottedplant 0.0203 279 252 326 284
sofa 0.2483 12 195 308 494
sofa 0.2061 0 267 198 498
sofa 0.2033 135 234 375 494
sofa 0.1966 71 187 210 333
sofa 0.0896 161 269 327 447
sofa 0.0478 275 234 375 324
sofa 0.0428 194 191 371 353
sofa 0.0306 151 149 297 324
sofa 0.0252 190 217 226 272
sofa 0.0232 156 212 226 275
train 0.0430 0 98 375 431
train 0.0320 125 0 375 500
train 0.0221 8 149 287 356
