bicycle 0.0813 89 48 308 230
bicycle 0.0431 108 159 221 222
bicycle 0.0276 27 108 120 159
bicycle 0.0261 128 154 283 223
bird 0.0224 290 113 308 147
bird 0.0217 121 171 198 225
boat 0.0579 113 132 253 222
boat 0.0547 146 0 308 229
boat 0.0449 180 4 261 167
boat 0.0443 122 166 224 219
boat 0.0296 135 100 308 217
boat 0.0243 0 0 278 231
bottle 0.0428 193 149 206 172
bottle 0.0292 189 138 209 171
bottle 0.0284 160 135 211 221
bottle 0.0282 210 21 228 67
bottle 0.0206 196 143 210 168
car 0.1432 53 91 242 223
car 0.1397 106 11 280 225
car 0.0752 169 0 275 143
car 0.0446 294 118 308 148
car 0.0433 148 24 256 178
car 0.0407 98 136 274 228
car 0.0311 29 9 265 161
car 0.0239 287 107 306 153
car 0.0219 124 100 248 195
car 0.0211 135 71 208 119
car 0.0203 84 0 274 80
chair 0.0206 26 94 120 155
diningtable 0.0293 35 90 149 155
dog 0.2901 67 86 150 222
dog 0.1132 157 71 181 93
dog 0.0972 67 148 136 221
dog 0.0929 115 46 153 81
dog 0.0884 116 153 181 222
dog 0.0742 62 125 203 222
dog 0.0531 293 113 308 149
dog 0.0518 24 120 137 226
dog 0.0375 75 164 173 220
dog 0.0320 118 71 145 84
dog 0.0303 128 71 153 84
dog 0.0284 35 108 101 173
dog 0.0258 40 117 77 157
dog 0.0258 109 60 150 83
dog 0.0222 7 145 98 223
dog 0.0221 54 113 124 193
dog 0.0217 131 134 208 182
dog 0.0213 72 141 110 217
horse 0.1252 29 95 236 223
horse 0.0328 73 148 219 224
motorbike 0.1654 165 0 277 225
motorbike 0.1260 50 3 292 228
person 0.8061 36 31 111 160
person 0.6193 56 40 141 217
person 0.5641 80 78 163 222
person 0.5474 135 99 197 221
person 0.5184 111 42 155 87
person 0.4426 135 70 178 140
person 0.4392 120 90 176 220
person 0.3754 154 104 201 182
person 0.3310 124 55 163 135
person 0.3304 65 56 208 224
person 0.3296 139 79 184 185
person 0.2809 149 70 181 121
person 0.2510 39 69 90 157
person 0.2478 124 70 165 184
person 0.2409 108 17 251 229
person 0.2279 98 49 159 160
person 0.2240 163 2 276 219
person 0.2031 145 80 229 219
person 0.1895 113 51 166 107
person 0.1765 62 32 113 98
person 0.1698 155 69 200 162
person 0.1655 113 65 148 109
person 0.1632 128 44 153 81
person 0.1586 112 80 207 199
person 0.1569 27 18 167 182
person 0.1537 118 74 145 101
person 0.1508 156 71 181 103
person 0.1226 107 72 150 143
person 0.1136 41 84 131 186
person 0.1098 128 43 186 132
person 0.1098 165 106 218 207
person 0.0935 87 37 146 87
person 0.0922 58 68 148 162
person 0.0911 109 70 156 96
person 0.0881 157 42 203 121
person 0.0872 40 95 75 159
person 0.0860 53 36 141 122
person 0.0829 130 64 168 116
person 0.0781 93 123 202 223
person 0.0751 171 104 200 157
person 0.0725 112 89 152 192
person 0.0714 160 84 194 144
person 0.0711 148 136 210 221
person 0.0707 153 7 235 152
person 0.0680 144 91 171 149
person 0.0678 123 72 154 118
person 0.0648 159 72 180 92
person 0.0640 72 132 124 222
person 0.0631 110 26 169 96
person 0.0625 125 72 176 100
person 0.0609 177 0 265 137
person 0.0598 139 44 153 73
person 0.0597 107 49 205 154
person 0.0586 0 38 115 206
person 0.0584 143 51 188 110
person 0.0575 161 71 190 123
person 0.0574 114 163 209 220
person 0.0573 146 107 194 155
person 0.0564 126 63 151 99
person 0.0558 80 33 114 81
person 0.0544 157 77 177 115
person 0.0533 69 109 142 204
person 0.0532 5 62 99 162
person 0.0517 122 145 182 216
person 0.0495 293 110 308 149
person 0.0489 134 88 163 152
person 0.0489 116 60 176 91
person 0.0485 142 72 171 111
person 0.0475 89 79 140 172
person 0.0472 157 61 193 104
person 0.0463 130 111 268 228
person 0.0462 155 72 170 91
person 0.0462 135 73 163 105
person 0.0462 173 4 236 102
person 0.0461 65 43 110 135
person 0.0456 12 16 112 112
person 0.0453 112 74 137 96
person 0.0452 151 133 187 199
person 0.0448 89 69 147 116
person 0.0442 207 0 261 76
person 0.0435 162 8 213 97
person 0.0434 81 49 134 147
person 0.0433 176 59 254 204
person 0.0431 134 59 157 96
person 0.0427 137 48 173 97
person 0.0418 123 114 157 197
person 0.0415 200 0 292 175
person 0.0403 154 143 203 188
person 0.0398 139 81 169 127
person 0.0392 170 84 222 177
person 0.0391 105 64 150 87
person 0.0389 76 68 105 121
person 0.0387 55 32 112 65
person 0.0386 121 73 142 91
person 0.0385 42 109 65 152
person 0.0381 114 55 141 95
person 0.0372 75 50 108 101
person 0.0371 121 13 213 130
person 0.0369 95 75 134 105
person 0.0369 144 74 171 93
person 0.0368 116 75 130 95
person 0.0366 0 0 280 217
person 0.0363 102 21 154 78
person 0.0361 161 126 193 178
person 0.0361 20 109 184 211
person 0.0355 170 68 199 106
person 0.0354 0 0 16 39
person 0.0353 154 55 181 92
person 0.0352 121 46 146 77
person 0.0352 167 103 195 138
person 0.0351 141 119 175 186
person 0.0348 286 90 307 150
person 0.0347 143 66 179 95
person 0.0346 118 76 143 134
person 0.0334 152 72 176 85
person 0.0333 84 59 116 99
person 0.0333 171 43 225 137
person 0.0332 172 134 201 179
person 0.0326 106 73 128 93
person 0.0325 126 124 189 196
person 0.0325 154 149 180 190
person 0.0323 103 72 121 88
person 0.0320 92 76 134 133
person 0.0318 35 49 104 117
person 0.0315 154 96 183 141
person 0.0312 142 43 169 83
person 0.0307 106 72 184 116
person 0.0304 83 68 120 124
person 0.0303 134 74 149 97
person 0.0302 59 70 100 145
person 0.0302 170 79 199 125
person 0.0301 136 20 188 90
person 0.0301 134 109 161 174
person 0.0300 71 0 184 156
person 0.0299 96 63 118 90
person 0.0298 96 68 123 100
person 0.0298 135 43 152 61
person 0.0295 115 70 147 85
person 0.0294 196 0 239 77
person 0.0291 174 114 210 176
person 0.0289 159 89 173 118
person 0.0289 129 73 145 95
person 0.0285 110 71 123 89
person 0.0282 36 19 226 118
person 0.0280 78 31 107 63
person 0.0275 131 71 152 86
person 0.0275 63 99 190 176
person 0.0273 36 56 67 99
person 0.0272 92 40 124 83
person 0.0270 259 0 304 74
person 0.0268 188 93 246 191
person 0.0268 149 73 163 91
person 0.0265 165 74 182 98
person 0.0264 91 54 114 86
person 0.0261 227 0 286 79
person 0.0261 66 82 111 169
person 0.0260 181 104 208 151
person 0.0259 112 45 138 79
person 0.0258 137 73 157 89
person 0.0255 0 67 73 230
person 0.0255 79 87 104 134
person 0.0254 85 33 193 109
person 0.0253 5 20 72 150
person 0.0252 142 43 158 65
person 0.0252 7 66 51 156
person 0.0250 165 149 227 224
person 0.0248 120 43 173 78
person 0.0245 89 89 115 134
person 0.0244 264 50 305 159
person 0.0243 4 129 117 226
person 0.0242 89 51 135 97
person 0.0242 283 3 307 67
person 0.0241 126 123 149 181
person 0.0240 136 81 148 104
person 0.0238 161 147 192 202
person 0.0237 200 1 255 41
person 0.0235 156 111 174 150
person 0.0233 87 29 114 59
person 0.0233 125 103 172 160
person 0.0232 40 44 80 99
person 0.0232 42 40 108 80
person 0.0231 42 31 151 86
person 0.0231 101 55 123 87
person 0.0226 185 134 209 176
person 0.0222 145 149 172 197
person 0.0220 139 64 154 87
person 0.0220 159 111 184 149
person 0.0219 148 153 187 221
person 0.0218 92 105 104 128
person 0.0214 202 0 228 42
person 0.0212 181 105 198 135
person 0.0210 241 0 269 66
person 0.0209 138 76 156 97
person 0.0209 169 73 189 102
person 0.0208 132 0 250 97
person 0.0207 118 43 156 66
person 0.0205 125 77 145 111
person 0.0203 108 58 130 88
person 0.0203 122 81 203 126
person 0.0203 151 92 172 122
person 0.0202 163 117 175 140
pottedplant 0.0202 280 0 307 46
sofa 0.1229 16 83 256 225
sofa 0.0955 69 112 217 217
sofa 0.0625 72 86 224 173
sofa 0.0544 39 91 180 201
sofa 0.0496 25 78 169 160
sofa 0.0323 0 6 265 179
sofa 0.0316 71 58 211 125
sofa 0.0251 75 77 184 140
sofa 0.0242 87 51 183 104
sofa 0.0200 99 65 246 148
train 0.1845 165 0 277 217
train 0.1218 61 1 277 227
train 0.0245 168 0 297 84
train 0.0235 115 16 261 103
train 0.0211 19 101 272 231
tvmonitor 0.0463 173 5 267 115
tvmonitor 0.0243 167 20 239 98
tvmonitor 0.0207 161 57 229 125
