bicycle 0.0376 200 155 287 197
bird 0.0236 198 152 471 283
car 0.0297 0 0 500 332
horse 0.8240 164 135 356 264
horse 0.0820 226 128 339 241
horse 0.0745 166 143 277 252
horse 0.0624 261 151 361 239
horse 0.0526 157 142 318 213
horse 0.0497 46 107 349 276
horse 0.0408 210 131 290 250
horse 0.0320 188 115 351 207
horse 0.0319 145 116 392 332
horse 0.0280 291 149 349 218
horse 0.0264 45 142 292 246
horse 0.0250 198 170 475 279
horse 0.0248 205 201 366 267
horse 0.0239 190 161 325 204
horse 0.0202 282 194 377 272
motorbike 0.0345 184 140 316 202
person 0.9052 215 94 283 200
person 0.3111 185 116 300 241
person 0.1104 235 106 333 213
person 0.1046 0 0 229 332
person 0.1023 0 0 500 288
person 0.0978 224 138 285 195
person 0.0663 202 130 304 205
person 0.0631 204 103 350 252
person 0.0539 290 107 362 210
person 0.0509 168 141 277 206
person 0.0390 176 97 258 200
person 0.0350 270 146 349 204
person 0.0325 168 145 228 196
person 0.0302 214 95 233 124
person 0.0274 167 92 327 207
person 0.0258 297 157 350 238
person 0.0247 30 38 115 182
person 0.0245 0 135 22 199
person 0.0243 242 109 280 175
person 0.0239 212 93 273 150
person 0.0232 260 159 279 194
person 0.0217 244 151 287 207
person 0.0213 217 108 241 142
person 0.0212 208 139 250 197
person 0.0209 36 288 50 304
person 0.0207 481 132 498 162
person 0.0205 253 118 275 143
pottedplant 0.0276 56 80 111 202
pottedplant 0.0206 346 189 498 302
