boat 0.0295 177 25 246 126
boat 0.0290 183 33 246 63
bus 0.9322 159 127 377 226
bus 0.7769 378 116 500 257
bus 0.6453 87 146 144 196
bus 0.2341 48 148 67 176
bus 0.1825 80 147 118 195
bus 0.1749 49 159 61 178
bus 0.1693 241 126 475 245
bus 0.1605 100 155 135 197
bus 0.1468 66 131 156 198
bus 0.1369 315 125 376 226
bus 0.1264 371 26 497 227
bus 0.1238 113 147 146 191
bus 0.1189 425 32 500 270
bus 0.1174 43 144 76 178
bus 0.1118 79 151 101 191
bus 0.1084 55 151 73 174
bus 0.1060 59 158 71 175
bus 0.0921 310 83 491 238
bus 0.0871 113 166 152 195
bus 0.0845 50 143 123 196
bus 0.0844 155 145 226 201
bus 0.0820 381 130 435 223
bus 0.0813 378 137 401 194
bus 0.0784 147 171 160 193
bus 0.0772 127 168 146 195
bus 0.0763 253 123 374 216
bus 0.0760 423 146 500 301
bus 0.0745 41 148 65 194
bus 0.0738 67 157 80 175
bus 0.0734 124 153 158 199
bus 0.0702 51 138 88 190
bus 0.0698 382 123 500 190
bus 0.0678 21 141 60 191
bus 0.0667 0 0 444 333
bus 0.0665 98 174 145 197
bus 0.0664 142 165 162 196
bus 0.0653 332 129 377 187
bus 0.0643 149 146 187 199
bus 0.0635 135 169 158 196
bus 0.0600 60 149 82 180
bus 0.0598 460 133 499 196
bus 0.0589 290 123 376 183
bus 0.0587 433 127 495 224
bus 0.0580 379 156 396 193
bus 0.0566 67 142 98 192
bus 0.0564 395 136 457 236
bus 0.0550 156 143 290 212
bus 0.0543 77 158 90 184
bus 0.0542 141 173 153 191
bus 0.0523 357 129 412 237
bus 0.0515 106 151 138 184
bus 0.0508 31 133 72 194
bus 0.0485 369 41 485 148
bus 0.0480 98 147 145 174
bus 0.0476 150 166 159 187
bus 0.0468 137 152 165 200
bus 0.0467 31 152 63 180
bus 0.0437 94 144 179 202
bus 0.0433 13 114 63 190
bus 0.0423 336 163 373 225
bus 0.0417 46 142 70 163
bus 0.0390 348 138 376 203
bus 0.0380 55 53 160 200
bus 0.0371 43 165 50 179
bus 0.0370 169 25 245 137
bus 0.0356 338 136 384 229
bus 0.0354 371 145 395 197
bus 0.0352 94 155 115 187
bus 0.0350 380 135 421 195
bus 0.0349 142 164 152 184
bus 0.0348 149 159 158 178
bus 0.0343 223 171 377 226
bus 0.0339 48 148 61 165
bus 0.0335 423 39 496 148
bus 0.0333 466 120 500 233
bus 0.0333 21 152 45 185
bus 0.0330 96 166 118 195
bus 0.0325 168 20 355 229
bus 0.0322 125 162 150 188
bus 0.0320 357 145 382 199
bus 0.0320 350 171 374 218
bus 0.0317 206 123 373 177
bus 0.0313 29 160 42 180
bus 0.0313 47 151 70 167
bus 0.0306 150 159 168 196
bus 0.0302 123 148 155 178
bus 0.0298 8 134 42 190
bus 0.0295 158 161 179 199
bus 0.0293 42 159 51 174
bus 0.0292 154 169 165 192
bus 0.0291 38 110 72 180
bus 0.0290 362 156 377 189
bus 0.0290 51 154 83 203
bus 0.0286 56 102 138 194
bus 0.0282 155 156 167 179
bus 0.0282 75 147 106 179
bus 0.0279 366 141 401 221
bus 0.0279 305 173 374 226
bus 0.0278 59 146 136 232
bus 0.0277 144 151 161 188
bus 0.0274 330 149 363 212
bus 0.0273 75 154 92 174
bus 0.0272 47 107 92 184
bus 0.0268 180 33 246 97
bus 0.0268 398 138 440 200
bus 0.0268 417 114 496 175
bus 0.0266 140 155 152 177
bus 0.0265 171 74 308 211
bus 0.0262 80 149 134 177
bus 0.0259 14 146 38 182
bus 0.0258 49 157 80 178
bus 0.0257 12 151 25 176
bus 0.0256 121 148 208 196
bus 0.0249 44 156 57 169
bus 0.0246 382 175 500 245
bus 0.0245 48 144 64 160
bus 0.0244 461 49 497 130
bus 0.0243 359 174 372 202
bus 0.0241 72 139 237 208
bus 0.0236 347 122 469 235
bus 0.0236 8 143 28 181
bus 0.0234 342 142 369 191
bus 0.0233 182 33 248 65
bus 0.0232 49 147 88 171
bus 0.0230 28 144 64 171
bus 0.0230 393 149 500 207
bus 0.0228 408 139 485 243
bus 0.0227 361 167 371 193
bus 0.0225 104 145 166 185
bus 0.0223 17 115 111 196
bus 0.0221 156 151 177 181
bus 0.0220 319 125 376 164
bus 0.0219 366 168 376 192
bus 0.0218 54 145 75 167
bus 0.0216 83 170 131 193
bus 0.0216 376 167 387 190
bus 0.0215 110 142 262 234
bus 0.0211 18 153 33 177
bus 0.0210 449 131 499 168
bus 0.0209 93 99 324 218
bus 0.0208 332 105 500 333
bus 0.0208 76 161 136 203
bus 0.0203 136 121 198 201
car 0.5665 448 233 499 333
car 0.1862 144 173 160 195
car 0.1714 50 156 63 182
car 0.1576 429 205 492 332
car 0.1486 138 175 155 195
car 0.1452 400 135 496 315
car 0.1249 454 222 499 288
car 0.1218 124 175 150 195
car 0.1081 104 170 146 197
car 0.0973 401 172 500 258
car 0.0822 14 163 26 185
car 0.0801 99 180 135 196
car 0.0781 332 172 374 225
car 0.0767 459 214 500 259
car 0.0729 132 170 161 195
car 0.0689 432 227 498 259
car 0.0684 7 168 17 184
car 0.0671 461 266 500 333
car 0.0653 460 228 500 248
car 0.0634 80 155 100 194
car 0.0599 4 170 18 189
car 0.0592 460 176 499 249
car 0.0581 85 163 137 196
car 0.0579 152 175 165 196
car 0.0578 459 233 499 268
car 0.0550 10 170 30 188
car 0.0546 57 161 72 177
car 0.0542 20 161 34 187
car 0.0538 136 181 163 195
car 0.0525 45 164 56 179
car 0.0507 50 163 68 176
car 0.0499 414 212 500 253
car 0.0496 14 158 42 186
car 0.0490 7 156 17 178
car 0.0488 13 154 25 180
car 0.0484 32 156 60 182
car 0.0475 42 158 64 186
car 0.0468 80 170 119 196
car 0.0435 3 174 26 185
car 0.0431 1 175 24 193
car 0.0428 475 281 499 333
car 0.0425 30 164 45 184
car 0.0412 9 162 31 193
car 0.0411 93 177 123 196
car 0.0400 8 162 22 179
car 0.0400 462 218 499 243
car 0.0385 0 167 10 186
car 0.0385 437 131 499 253
car 0.0385 373 212 495 333
car 0.0378 23 150 70 186
car 0.0376 7 154 34 183
car 0.0360 421 297 498 332
car 0.0357 0 159 21 189
car 0.0345 313 190 373 224
car 0.0342 48 158 68 172
car 0.0342 11 168 35 182
car 0.0338 15 155 55 191
car 0.0326 46 159 74 178
car 0.0326 116 177 141 198
car 0.0322 406 256 500 333
car 0.0316 388 137 452 254
car 0.0314 145 177 168 193
car 0.0311 7 169 27 181
car 0.0308 388 227 500 296
car 0.0308 45 167 63 180
car 0.0306 445 176 500 294
car 0.0298 0 0 399 194
car 0.0296 32 163 51 177
car 0.0293 474 230 500 262
car 0.0292 0 153 11 188
car 0.0290 0 172 11 197
car 0.0290 18 171 44 185
car 0.0283 356 176 374 211
car 0.0279 9 177 29 199
car 0.0278 21 162 44 178
car 0.0277 4 156 37 199
car 0.0277 138 168 175 199
car 0.0275 1 169 41 188
car 0.0271 453 243 496 276
car 0.0263 18 156 37 177
car 0.0261 76 176 94 194
car 0.0261 68 166 83 182
car 0.0256 85 180 112 197
car 0.0255 147 181 173 196
car 0.0254 476 166 500 241
car 0.0253 160 174 177 197
car 0.0253 0 161 12 179
car 0.0252 55 167 76 180
car 0.0251 419 236 490 265
car 0.0250 345 187 373 227
car 0.0247 451 166 499 202
car 0.0244 475 206 500 241
car 0.0243 29 159 46 176
car 0.0241 0 168 19 181
car 0.0234 449 208 500 241
car 0.0229 379 172 397 193
car 0.0226 69 172 84 189
car 0.0222 322 152 362 225
car 0.0220 78 140 147 221
car 0.0220 381 172 418 242
car 0.0217 483 90 498 118
car 0.0215 17 173 38 194
car 0.0209 462 300 500 333
car 0.0207 59 165 87 192
car 0.0203 64 156 107 196
car 0.0202 472 242 500 270
car 0.0201 70 170 99 196
cat 0.0567 0 0 323 333
chair 0.0439 176 27 247 137
chair 0.0237 0 0 456 333
dog 0.0224 0 0 469 333
person 0.2603 50 162 63 194
person 0.2085 47 160 59 189
person 0.1470 44 161 60 203
person 0.1228 482 167 498 201
person 0.1065 454 165 472 196
person 0.0924 428 165 440 197
person 0.0918 41 164 50 197
person 0.0796 37 162 53 204
person 0.0792 401 166 432 237
person 0.0791 58 168 70 191
person 0.0675 60 161 71 179
person 0.0673 476 170 493 198
person 0.0659 50 174 64 207
person 0.0632 432 165 446 196
person 0.0614 43 166 50 183
person 0.0577 408 168 425 196
person 0.0577 445 167 457 195
person 0.0562 30 163 42 195
person 0.0558 460 166 477 196
person 0.0557 43 150 67 198
person 0.0555 403 168 417 195
person 0.0548 419 167 435 195
person 0.0516 485 165 500 217
person 0.0509 69 171 81 190
person 0.0503 468 154 500 201
person 0.0500 450 154 480 197
person 0.0497 0 0 212 333
person 0.0495 160 171 176 198
person 0.0481 418 166 445 235
person 0.0478 69 165 80 184
person 0.0469 27 161 46 203
person 0.0465 406 165 429 209
person 0.0450 424 166 443 215
person 0.0446 50 166 72 199
person 0.0443 414 160 438 199
person 0.0434 460 136 498 219
person 0.0434 77 166 90 192
person 0.0426 21 164 35 192
person 0.0426 401 168 422 219
person 0.0419 400 183 421 240
person 0.0409 380 167 395 195
person 0.0402 165 173 182 202
person 0.0393 456 164 491 196
person 0.0391 56 176 71 200
person 0.0389 440 163 460 198
person 0.0380 56 165 73 182
person 0.0372 451 166 466 189
person 0.0359 402 145 439 199
person 0.0355 152 176 166 198
person 0.0353 389 142 430 244
person 0.0344 31 150 60 203
person 0.0343 429 164 455 194
person 0.0337 37 156 55 188
person 0.0312 418 149 446 198
person 0.0306 407 185 440 242
person 0.0301 397 172 411 197
person 0.0295 63 162 85 193
person 0.0295 45 274 59 319
person 0.0295 478 296 500 333
person 0.0293 401 156 421 196
person 0.0290 20 175 35 202
person 0.0286 0 0 482 305
person 0.0279 30 177 43 206
person 0.0277 16 163 39 200
person 0.0276 0 266 25 333
person 0.0276 76 157 95 195
person 0.0270 432 161 470 197
person 0.0269 47 271 67 326
person 0.0267 447 163 474 206
person 0.0267 390 165 420 231
person 0.0264 145 177 160 201
person 0.0256 450 241 490 305
person 0.0242 69 178 85 193
person 0.0238 96 203 114 234
person 0.0237 464 284 500 333
person 0.0234 377 165 397 209
person 0.0230 160 160 185 201
person 0.0230 473 172 498 209
person 0.0224 471 166 495 189
person 0.0222 373 167 400 234
person 0.0218 393 167 414 203
person 0.0217 407 156 428 191
person 0.0216 384 171 400 202
person 0.0213 71 185 91 234
person 0.0213 462 175 486 199
person 0.0213 433 164 466 220
person 0.0212 482 140 500 204
person 0.0210 81 173 98 198
person 0.0207 239 120 266 137
person 0.0205 381 154 400 192
person 0.0203 80 188 111 238
person 0.0202 45 179 59 209
sheep 0.0289 0 0 459 333
sofa 0.0287 0 9 423 333
train 0.0263 43 147 158 200
train 0.0213 61 99 364 224
tvmonitor 0.0322 461 153 500 197
tvmonitor 0.0229 379 168 397 192
