aeroplane 0.0326 0 125 17 153
aeroplane 0.0292 109 102 166 143
aeroplane 0.0225 0 135 26 151
bird 0.0237 360 0 435 11
bird 0.0209 371 0 491 167
bird 0.0208 379 0 415 11
boat 0.7736 45 120 468 283
boat 0.2021 408 262 442 297
boat 0.1375 458 130 473 170
boat 0.1360 408 279 445 297
boat 0.1213 270 243 326 282
boat 0.1081 215 147 471 293
boat 0.0924 30 212 59 256
boat 0.0845 22 106 265 283
boat 0.0836 54 110 374 225
boat 0.0684 30 242 70 259
boat 0.0672 452 128 477 185
boat 0.0667 32 221 50 254
boat 0.0652 362 146 483 291
boat 0.0642 427 242 461 255
boat 0.0636 463 236 496 252
boat 0.0636 20 0 500 298
boat 0.0604 24 224 76 260
boat 0.0583 413 243 446 254
boat 0.0581 135 190 439 283
boat 0.0566 406 238 465 256
boat 0.0563 268 244 378 282
boat 0.0563 30 236 57 256
boat 0.0560 0 141 500 375
boat 0.0560 29 215 44 254
boat 0.0551 74 111 284 185
boat 0.0543 133 142 459 232
boat 0.0532 403 248 451 295
boat 0.0526 419 237 458 252
boat 0.0525 30 194 74 257
boat 0.0523 439 234 500 254
boat 0.0517 39 222 60 252
boat 0.0504 458 243 489 253
boat 0.0499 61 134 166 266
boat 0.0471 30 234 43 257
boat 0.0466 476 233 499 252
boat 0.0460 444 243 473 254
boat 0.0457 398 270 454 299
boat 0.0450 29 241 49 259
boat 0.0439 46 213 67 248
boat 0.0439 221 218 437 284
boat 0.0437 405 142 484 253
boat 0.0431 408 287 448 301
boat 0.0428 432 236 452 255
boat 0.0411 408 243 432 257
boat 0.0408 453 130 468 165
boat 0.0396 460 224 499 253
boat 0.0390 439 239 457 255
boat 0.0385 404 256 430 287
boat 0.0383 63 96 232 165
boat 0.0375 405 246 431 264
boat 0.0375 411 257 487 297
boat 0.0371 318 145 477 222
boat 0.0370 409 247 443 260
boat 0.0364 442 132 480 204
boat 0.0363 46 201 88 260
boat 0.0359 37 146 128 273
boat 0.0355 45 240 70 255
boat 0.0347 399 238 455 278
boat 0.0342 50 227 66 251
boat 0.0341 101 140 293 196
boat 0.0335 420 272 451 296
boat 0.0331 4 227 16 259
boat 0.0324 65 97 166 218
boat 0.0323 19 176 84 264
boat 0.0323 402 242 445 266
boat 0.0321 24 216 51 266
boat 0.0321 298 204 479 288
boat 0.0316 404 245 433 279
boat 0.0315 59 186 334 280
boat 0.0312 0 219 20 264
boat 0.0311 405 229 494 300
boat 0.0310 417 220 495 254
boat 0.0306 38 210 63 243
boat 0.0305 411 238 441 251
boat 0.0299 13 124 94 270
boat 0.0297 19 82 148 276
boat 0.0297 58 0 311 269
boat 0.0294 363 10 486 264
boat 0.0293 429 238 444 255
boat 0.0292 8 240 21 256
boat 0.0289 8 204 57 256
boat 0.0288 98 102 170 143
boat 0.0281 97 53 482 223
boat 0.0281 0 221 8 263
boat 0.0274 413 133 479 191
boat 0.0273 31 228 68 247
boat 0.0272 116 249 149 266
boat 0.0272 424 229 462 255
boat 0.0268 457 123 492 202
boat 0.0265 433 117 488 222
boat 0.0264 55 209 223 280
boat 0.0259 450 239 463 255
boat 0.0258 100 119 434 193
boat 0.0257 30 213 94 251
boat 0.0257 387 154 477 190
boat 0.0256 478 212 500 253
boat 0.0254 37 229 91 268
boat 0.0253 6 232 27 262
boat 0.0252 55 127 262 211
boat 0.0248 434 235 475 256
boat 0.0247 467 127 488 173
boat 0.0246 449 250 497 300
boat 0.0245 17 234 65 265
boat 0.0243 437 233 460 251
boat 0.0241 16 242 28 256
boat 0.0241 317 115 490 263
boat 0.0241 64 194 105 261
boat 0.0239 0 236 10 257
boat 0.0239 26 242 38 255
boat 0.0236 488 225 500 256
boat 0.0236 381 258 445 294
boat 0.0234 462 135 478 175
boat 0.0232 403 232 482 267
boat 0.0224 286 241 314 276
boat 0.0224 429 248 461 259
boat 0.0223 21 204 112 270
boat 0.0223 238 242 415 294
boat 0.0222 25 234 33 255
boat 0.0222 412 202 481 252
boat 0.0220 116 95 306 161
boat 0.0218 281 244 326 268
boat 0.0218 110 227 149 272
boat 0.0216 133 221 354 283
boat 0.0215 62 163 118 253
boat 0.0213 30 213 48 240
boat 0.0212 64 205 150 269
boat 0.0212 406 275 483 300
boat 0.0212 463 245 489 259
boat 0.0211 13 232 44 260
boat 0.0211 69 237 140 269
boat 0.0210 418 241 433 255
boat 0.0210 45 20 419 166
boat 0.0210 425 233 449 250
boat 0.0209 444 202 499 252
boat 0.0208 398 182 472 295
boat 0.0208 419 53 493 244
boat 0.0207 424 148 475 219
boat 0.0206 1 207 33 263
boat 0.0204 277 258 323 281
boat 0.0204 0 224 58 261
boat 0.0203 437 157 487 245
boat 0.0203 380 84 476 228
boat 0.0203 60 242 76 254
boat 0.0202 124 171 199 200
boat 0.0202 5 184 42 258
boat 0.0200 45 166 97 254
bottle 0.1409 408 259 432 295
bottle 0.0616 271 244 331 281
bottle 0.0431 405 256 423 291
bottle 0.0315 393 151 484 256
car 0.0652 39 245 74 261
car 0.0548 0 243 8 263
car 0.0501 57 248 82 261
car 0.0474 11 247 22 259
car 0.0461 28 240 67 264
car 0.0357 53 244 80 257
car 0.0347 14 246 29 256
car 0.0323 0 248 19 260
car 0.0319 123 249 159 271
car 0.0317 17 248 34 261
car 0.0297 36 240 88 260
car 0.0292 62 245 98 264
car 0.0267 26 245 44 256
car 0.0264 0 237 24 261
car 0.0259 41 250 78 266
car 0.0256 60 252 86 266
car 0.0249 108 250 147 269
car 0.0248 24 247 44 260
car 0.0223 74 246 108 266
car 0.0220 70 245 88 256
car 0.0202 49 248 92 267
person 0.3943 140 250 155 282
person 0.3168 90 249 105 269
person 0.2204 85 249 98 271
person 0.1605 80 255 87 270
person 0.1409 95 250 110 269
person 0.1105 83 252 93 266
person 0.0935 134 251 149 281
person 0.0930 89 257 97 268
person 0.0910 125 250 156 280
person 0.0904 83 246 109 269
person 0.0889 72 254 81 268
person 0.0819 405 254 432 294
person 0.0808 106 251 119 271
person 0.0783 75 252 85 265
person 0.0699 18 249 27 262
person 0.0679 101 256 110 268
person 0.0594 77 249 89 274
person 0.0592 25 248 33 263
person 0.0575 28 238 43 262
person 0.0573 62 246 74 266
person 0.0565 128 251 155 268
person 0.0544 108 261 119 283
person 0.0526 86 253 102 267
person 0.0523 144 251 165 280
person 0.0509 131 254 146 270
person 0.0498 140 255 153 271
person 0.0488 70 244 97 269
person 0.0486 119 248 141 272
person 0.0474 111 251 135 268
person 0.0445 88 251 101 263
person 0.0443 9 249 16 262
person 0.0441 387 0 422 9
person 0.0439 26 246 38 259
person 0.0437 36 240 63 261
person 0.0429 92 247 113 279
person 0.0423 47 243 69 261
person 0.0422 111 254 126 278
person 0.0415 109 253 119 267
person 0.0397 102 253 123 267
person 0.0397 73 250 84 260
person 0.0393 60 243 87 267
person 0.0387 76 250 90 262
person 0.0383 101 256 112 281
person 0.0376 29 240 55 264
person 0.0368 94 252 104 266
person 0.0368 15 246 30 262
person 0.0368 7 243 16 259
person 0.0363 112 262 126 285
person 0.0334 103 249 122 281
person 0.0324 144 254 158 271
person 0.0310 0 126 11 154
person 0.0310 404 252 422 287
person 0.0298 135 248 163 275
person 0.0295 63 245 73 258
person 0.0291 120 258 139 284
person 0.0279 69 250 82 275
person 0.0278 114 247 129 266
person 0.0275 151 253 166 272
person 0.0271 112 246 151 269
person 0.0265 100 246 128 269
person 0.0265 70 248 79 259
person 0.0256 133 172 155 202
person 0.0254 107 245 136 275
person 0.0251 14 235 26 257
person 0.0246 7 238 28 265
person 0.0233 114 254 150 283
person 0.0229 358 0 421 10
person 0.0221 18 236 36 266
person 0.0221 54 240 79 269
person 0.0221 102 252 110 265
person 0.0213 139 169 153 185
person 0.0212 0 134 15 149
person 0.0209 75 237 106 277
person 0.0200 86 255 114 271
person 0.0200 79 242 124 271
