bicycle 0.0200 28 2 192 124
bird 0.0376 344 227 380 258
bird 0.0247 39 224 122 361
bird 0.0234 337 221 394 265
bottle 0.0289 346 227 378 254
bottle 0.0247 344 226 407 259
bottle 0.0225 46 205 119 319
bottle 0.0210 338 179 395 266
cat 0.0209 176 116 248 179
dog 0.1127 85 115 330 317
dog 0.0517 140 115 318 244
dog 0.0506 71 123 254 274
dog 0.0316 73 114 285 208
dog 0.0315 171 116 303 199
horse 0.6910 55 113 368 368
horse 0.2486 137 61 493 375
horse 0.1176 50 118 268 305
horse 0.0516 48 158 167 351
horse 0.0493 43 189 121 346
horse 0.0326 40 232 344 367
horse 0.0325 138 128 320 306
horse 0.0314 262 204 500 375
horse 0.0254 33 54 274 222
horse 0.0253 102 105 436 284
horse 0.0252 193 184 410 371
horse 0.0244 61 39 378 173
horse 0.0221 24 86 182 310
horse 0.0211 96 21 495 249
person 0.7788 337 18 499 375
person 0.3240 168 19 500 375
person 0.1447 25 72 409 375
person 0.1148 266 58 450 360
person 0.0953 366 3 490 241
person 0.0726 45 121 218 341
person 0.0668 142 116 338 369
person 0.0578 307 148 476 375
person 0.0537 57 147 163 291
person 0.0496 42 168 122 327
person 0.0493 423 22 497 163
person 0.0457 78 127 201 272
person 0.0457 393 0 493 100
person 0.0436 125 113 274 302
person 0.0426 340 66 454 312
person 0.0424 459 36 498 117
person 0.0421 36 132 129 272
person 0.0402 39 219 60 260
person 0.0392 259 0 476 260
person 0.0377 123 136 216 291
person 0.0352 127 118 294 194
person 0.0346 346 137 415 271
person 0.0343 323 3 486 130
person 0.0340 408 0 482 32
person 0.0325 326 210 409 371
person 0.0325 34 217 70 289
person 0.0324 394 21 476 161
person 0.0323 189 22 387 291
person 0.0321 441 43 491 125
person 0.0321 466 56 491 92
person 0.0317 19 76 155 290
person 0.0315 382 1 486 54
person 0.0301 318 113 421 307
person 0.0299 191 117 327 202
person 0.0296 153 123 247 265
person 0.0291 35 206 65 265
person 0.0288 239 103 397 336
person 0.0288 38 214 106 349
person 0.0286 169 111 365 256
person 0.0262 360 100 430 248
person 0.0257 181 122 290 267
person 0.0255 433 0 486 63
person 0.0250 438 15 489 91
person 0.0248 100 121 231 232
person 0.0244 236 157 351 371
person 0.0242 242 118 388 237
person 0.0241 79 175 187 343
person 0.0240 339 169 396 261
person 0.0235 275 189 397 373
person 0.0226 33 222 56 275
person 0.0224 184 117 233 180
person 0.0221 454 32 500 179
person 0.0220 217 136 318 308
person 0.0219 28 184 77 272
person 0.0218 165 72 187 108
person 0.0214 183 116 267 156
person 0.0213 4 117 116 368
person 0.0212 45 220 95 288
person 0.0210 21 178 62 258
person 0.0209 59 0 500 204
person 0.0207 300 9 436 168
person 0.0206 200 91 324 176
person 0.0204 407 216 496 375
person 0.0201 337 246 489 374
person 0.0200 162 0 428 167
pottedplant 0.0299 8 13 95 179
pottedplant 0.0290 12 32 144 272
pottedplant 0.0269 41 159 179 375
pottedplant 0.0268 6 105 98 258
pottedplant 0.0243 317 1 413 49
pottedplant 0.0240 51 9 415 141
pottedplant 0.0239 20 190 93 351
pottedplant 0.0237 216 15 317 146
pottedplant 0.0232 19 0 313 329
pottedplant 0.0227 33 82 128 229
pottedplant 0.0222 54 0 236 198
pottedplant 0.0206 315 153 387 261
pottedplant 0.0205 242 0 417 66
pottedplant 0.0205 2 101 121 355
pottedplant 0.0205 63 11 151 145
pottedplant 0.0203 246 33 334 169
pottedplant 0.0200 23 0 120 136
