bottle 0.0502 384 0 418 17
bottle 0.0461 73 49 93 85
bottle 0.0444 2 11 16 41
bottle 0.0388 429 0 464 47
bottle 0.0366 377 0 419 44
bottle 0.0359 446 1 476 43
bottle 0.0354 132 3 160 31
bottle 0.0349 229 60 251 95
bottle 0.0338 395 0 420 26
bottle 0.0309 391 25 415 90
bottle 0.0307 0 10 10 47
bottle 0.0301 394 0 421 11
bottle 0.0301 0 8 18 62
bottle 0.0298 10 14 28 36
bottle 0.0298 282 0 323 9
bottle 0.0296 445 0 496 25
bottle 0.0279 16 13 38 36
bottle 0.0273 53 84 126 113
bottle 0.0270 0 1 11 82
bottle 0.0259 68 62 98 90
bottle 0.0259 131 12 166 37
bottle 0.0258 220 57 241 92
bottle 0.0256 344 0 375 45
bottle 0.0251 280 0 310 14
bottle 0.0238 270 0 337 13
bottle 0.0231 277 0 300 10
bottle 0.0229 401 0 428 16
bottle 0.0228 396 3 420 51
bottle 0.0227 268 0 290 10
bottle 0.0225 454 0 480 30
bottle 0.0224 401 28 419 84
bottle 0.0224 184 118 209 185
bottle 0.0219 219 0 270 9
bottle 0.0217 112 0 139 33
bottle 0.0216 15 19 39 46
bottle 0.0212 31 170 59 250
bottle 0.0210 260 0 283 10
bottle 0.0207 401 10 418 43
bottle 0.0206 365 0 429 14
bottle 0.0205 130 20 173 42
bottle 0.0200 64 52 101 104
chair 0.2207 119 57 200 183
chair 0.2067 1 59 60 134
chair 0.1952 0 63 59 199
chair 0.1911 4 35 219 306
chair 0.1776 338 86 495 317
chair 0.1700 103 14 217 109
chair 0.1613 207 72 486 308
chair 0.1407 95 40 182 155
chair 0.1313 157 8 222 100
chair 0.1288 56 223 211 363
chair 0.1218 50 266 404 370
chair 0.1213 79 10 177 68
chair 0.1205 52 61 175 166
chair 0.1171 42 123 222 366
chair 0.1158 31 63 323 339
chair 0.1156 85 25 204 78
chair 0.1150 281 10 322 77
chair 0.1132 73 36 178 113
chair 0.1104 0 25 80 122
chair 0.1096 6 64 117 132
chair 0.1091 208 274 500 370
chair 0.1087 77 3 116 58
chair 0.1079 1 48 146 204
chair 0.0983 449 212 500 344
chair 0.0922 401 293 499 374
chair 0.0919 412 187 498 333
chair 0.0918 129 27 217 151
chair 0.0885 3 49 90 166
chair 0.0838 44 83 144 193
chair 0.0837 77 16 139 64
chair 0.0826 95 56 170 121
chair 0.0809 210 4 281 87
chair 0.0791 95 45 202 101
chair 0.0753 2 106 46 209
chair 0.0748 257 2 335 77
chair 0.0747 81 35 157 65
chair 0.0719 82 179 500 375
chair 0.0704 3 22 47 85
chair 0.0694 109 4 207 65
chair 0.0687 445 274 500 375
chair 0.0674 0 16 154 126
chair 0.0674 90 42 178 81
chair 0.0660 1 58 75 100
chair 0.0656 353 214 491 318
chair 0.0648 70 1 145 81
chair 0.0641 52 218 337 348
chair 0.0641 53 61 153 118
chair 0.0639 57 306 308 370
chair 0.0639 375 5 418 93
chair 0.0635 473 301 500 375
chair 0.0632 349 258 500 364
chair 0.0615 46 0 206 143
chair 0.0614 259 197 500 320
chair 0.0594 62 96 200 184
chair 0.0592 7 113 63 235
chair 0.0578 378 154 500 365
chair 0.0578 82 57 164 96
chair 0.0570 296 9 331 73
chair 0.0567 0 62 28 228
chair 0.0566 46 74 136 142
chair 0.0560 41 71 178 254
chair 0.0557 86 305 500 375
chair 0.0538 90 23 174 55
chair 0.0535 172 26 213 96
chair 0.0534 271 58 313 76
chair 0.0529 311 8 337 74
chair 0.0527 104 3 161 58
chair 0.0522 6 19 86 81
chair 0.0512 186 6 264 107
chair 0.0506 83 2 141 46
chair 0.0504 221 3 319 67
chair 0.0493 74 40 139 83
chair 0.0492 181 134 410 314
chair 0.0489 1 36 40 70
chair 0.0489 0 102 22 196
chair 0.0484 113 12 174 49
chair 0.0477 262 55 295 76
chair 0.0470 223 7 275 63
chair 0.0465 268 40 319 77
chair 0.0464 148 62 237 183
chair 0.0458 0 26 47 161
chair 0.0458 107 0 147 39
chair 0.0457 0 67 35 140
chair 0.0453 135 46 219 112
chair 0.0450 208 50 249 103
chair 0.0450 88 68 154 170
chair 0.0448 333 0 412 92
chair 0.0447 11 56 136 103
chair 0.0447 41 16 76 70
chair 0.0446 173 43 236 102
chair 0.0445 113 73 265 347
chair 0.0444 110 44 173 67
chair 0.0440 117 0 260 128
chair 0.0434 132 42 313 286
chair 0.0430 410 107 500 304
chair 0.0428 67 28 122 73
chair 0.0427 269 17 306 77
chair 0.0426 244 231 429 302
chair 0.0426 103 65 190 106
chair 0.0425 208 13 249 85
chair 0.0421 0 16 26 75
chair 0.0419 87 43 138 67
chair 0.0417 31 230 135 364
chair 0.0417 267 132 500 375
chair 0.0413 119 21 174 82
chair 0.0411 257 52 286 73
chair 0.0410 197 53 257 128
chair 0.0409 0 100 53 165
chair 0.0409 120 0 500 375
chair 0.0408 449 48 483 106
chair 0.0406 136 89 191 181
chair 0.0405 12 26 158 85
chair 0.0402 331 10 374 83
chair 0.0402 394 20 421 91
chair 0.0401 189 61 262 173
chair 0.0400 20 2 179 74
chair 0.0397 106 82 172 184
chair 0.0396 372 280 500 341
chair 0.0396 0 99 72 138
chair 0.0394 52 59 134 95
chair 0.0394 5 110 103 206
chair 0.0394 137 20 195 87
chair 0.0394 23 30 77 95
chair 0.0391 65 17 98 73
chair 0.0390 24 2 104 103
chair 0.0387 135 2 188 58
chair 0.0386 169 0 304 93
chair 0.0385 47 293 187 372
chair 0.0383 268 44 287 72
chair 0.0382 425 255 498 333
chair 0.0380 261 30 294 78
chair 0.0376 326 310 500 373
chair 0.0376 284 1 379 82
chair 0.0376 200 39 233 94
chair 0.0375 53 13 131 112
chair 0.0374 3 117 132 373
chair 0.0373 218 23 262 89
chair 0.0371 254 48 304 77
chair 0.0368 79 17 115 45
chair 0.0367 0 29 67 70
chair 0.0366 245 6 290 70
chair 0.0365 71 43 93 84
chair 0.0364 182 11 227 82
chair 0.0363 455 34 496 109
chair 0.0361 113 214 441 322
chair 0.0361 42 2 93 75
chair 0.0358 343 12 392 86
chair 0.0353 195 10 220 50
chair 0.0353 176 37 284 126
chair 0.0353 282 39 304 74
chair 0.0349 447 108 500 249
chair 0.0348 129 43 175 86
chair 0.0347 80 24 134 51
chair 0.0347 289 118 447 310
chair 0.0345 3 89 92 271
chair 0.0345 7 84 81 129
chair 0.0341 19 154 63 249
chair 0.0337 341 75 498 201
chair 0.0337 77 21 108 63
chair 0.0336 7 143 45 226
chair 0.0334 384 31 408 90
chair 0.0333 0 11 13 79
chair 0.0332 49 31 67 66
chair 0.0331 11 19 44 62
chair 0.0331 10 212 84 368
chair 0.0328 163 244 500 341
chair 0.0327 112 287 353 361
chair 0.0326 251 57 278 77
chair 0.0326 275 45 293 73
chair 0.0324 316 3 353 75
chair 0.0322 359 31 412 89
chair 0.0321 324 247 479 329
chair 0.0320 464 287 500 351
chair 0.0317 101 21 164 43
chair 0.0317 62 21 87 66
chair 0.0314 1 110 20 149
chair 0.0314 204 104 331 304
chair 0.0312 0 3 40 66
chair 0.0312 419 1 498 133
chair 0.0311 11 133 212 240
chair 0.0309 74 35 89 69
chair 0.0302 74 42 112 70
chair 0.0302 221 57 261 119
chair 0.0301 15 131 77 214
chair 0.0301 110 189 277 321
chair 0.0300 451 334 500 375
chair 0.0300 77 47 129 101
chair 0.0300 193 69 291 257
chair 0.0299 195 231 359 302
chair 0.0295 399 48 500 226
chair 0.0294 156 117 199 185
chair 0.0294 287 45 312 76
chair 0.0294 215 17 329 95
chair 0.0291 0 34 28 101
chair 0.0291 164 178 318 309
chair 0.0290 6 27 30 66
chair 0.0290 369 1 454 96
chair 0.0290 254 52 272 74
chair 0.0289 167 43 222 140
chair 0.0289 34 65 108 110
chair 0.0288 290 58 320 78
chair 0.0287 226 56 251 95
chair 0.0287 205 44 310 113
chair 0.0286 0 91 20 135
chair 0.0286 141 17 258 90
chair 0.0286 60 321 157 373
chair 0.0283 0 91 46 131
chair 0.0283 28 157 72 217
chair 0.0281 109 5 134 36
chair 0.0280 133 20 222 64
chair 0.0279 232 26 279 86
chair 0.0279 110 66 213 127
chair 0.0279 71 46 115 87
chair 0.0278 206 59 276 96
chair 0.0277 70 10 95 54
chair 0.0277 105 72 162 137
chair 0.0276 416 45 491 105
chair 0.0275 131 6 166 41
chair 0.0275 36 134 162 198
chair 0.0270 101 128 201 183
chair 0.0269 219 37 287 73
chair 0.0266 91 255 284 334
chair 0.0266 27 28 60 69
chair 0.0266 73 23 89 56
chair 0.0265 369 112 491 236
chair 0.0262 263 56 319 84
chair 0.0261 207 57 237 94
chair 0.0261 41 40 100 86
chair 0.0260 366 26 489 123
chair 0.0260 338 0 373 57
chair 0.0259 81 29 114 57
chair 0.0256 4 11 35 54
chair 0.0255 215 43 243 87
chair 0.0255 0 49 51 93
chair 0.0253 87 101 238 252
chair 0.0253 43 121 135 229
chair 0.0253 236 52 291 83
chair 0.0251 265 14 288 69
chair 0.0250 95 10 129 51
chair 0.0249 63 195 173 335
chair 0.0249 280 0 324 14
chair 0.0248 29 8 80 56
chair 0.0248 409 25 449 98
chair 0.0247 0 67 41 104
chair 0.0247 123 103 225 205
chair 0.0246 432 297 498 350
chair 0.0246 287 27 313 70
chair 0.0245 316 10 333 60
chair 0.0244 243 46 283 71
chair 0.0244 108 21 138 41
chair 0.0244 284 34 342 82
chair 0.0243 394 336 498 373
chair 0.0242 70 36 84 65
chair 0.0242 65 121 153 185
chair 0.0241 123 51 166 114
chair 0.0240 175 106 212 184
chair 0.0240 232 58 314 93
chair 0.0240 282 22 304 64
chair 0.0240 244 55 269 71
chair 0.0239 34 34 113 71
chair 0.0238 14 168 219 276
chair 0.0238 298 42 319 76
chair 0.0237 327 36 385 86
chair 0.0237 314 30 334 74
chair 0.0235 2 89 129 172
chair 0.0234 218 58 327 133
chair 0.0234 104 19 137 58
chair 0.0233 468 241 500 364
chair 0.0232 0 109 34 133
chair 0.0232 14 21 43 43
chair 0.0232 240 58 268 79
chair 0.0231 209 254 391 314
chair 0.0231 235 56 255 88
chair 0.0230 218 25 243 70
chair 0.0227 302 31 328 78
chair 0.0227 349 167 472 297
chair 0.0227 291 1 439 101
chair 0.0226 424 30 469 102
chair 0.0225 0 117 74 149
chair 0.0225 50 329 227 375
chair 0.0225 234 51 278 101
chair 0.0224 16 62 64 112
chair 0.0224 401 290 497 329
chair 0.0224 307 4 330 58
chair 0.0222 104 9 124 38
chair 0.0222 475 229 500 304
chair 0.0221 279 1 325 27
chair 0.0221 279 7 312 55
chair 0.0221 79 36 101 66
chair 0.0221 0 61 23 121
chair 0.0220 285 2 338 58
chair 0.0220 26 78 123 119
chair 0.0220 17 150 98 237
chair 0.0219 1 121 19 176
chair 0.0219 20 33 46 67
chair 0.0219 0 44 28 72
chair 0.0218 72 68 130 128
chair 0.0217 263 40 280 66
chair 0.0217 141 138 314 367
chair 0.0217 52 84 136 113
diningtable 0.0372 217 6 335 81
diningtable 0.0360 195 4 292 68
diningtable 0.0255 193 33 326 92
diningtable 0.0232 0 206 430 375
diningtable 0.0220 385 0 477 101
diningtable 0.0209 319 14 429 88
person 0.0648 109 5 180 54
person 0.0600 89 41 169 67
person 0.0587 131 1 169 28
person 0.0573 135 0 197 28
person 0.0561 373 4 418 94
person 0.0454 380 0 474 100
person 0.0453 156 0 206 21
person 0.0433 94 46 140 65
person 0.0415 398 19 421 91
person 0.0398 348 0 437 96
person 0.0393 119 0 205 78
person 0.0389 110 0 209 38
person 0.0349 135 10 178 29
person 0.0313 323 0 406 92
person 0.0309 390 0 415 14
person 0.0297 375 0 422 23
person 0.0294 225 60 255 110
person 0.0277 113 46 165 64
person 0.0248 219 62 263 132
person 0.0244 104 50 150 68
person 0.0228 404 21 418 76
person 0.0225 389 0 438 17
person 0.0220 273 0 306 12
person 0.0218 409 9 447 96
person 0.0211 399 9 420 65
person 0.0209 285 0 301 11
person 0.0207 428 0 459 53
person 0.0202 270 0 284 13
pottedplant 0.1681 452 0 498 43
pottedplant 0.1324 449 0 498 94
pottedplant 0.1041 215 4 281 63
pottedplant 0.0675 158 0 224 95
pottedplant 0.0654 413 0 492 106
pottedplant 0.0649 477 2 499 40
pottedplant 0.0645 160 0 203 25
pottedplant 0.0625 197 8 218 34
pottedplant 0.0615 422 0 492 58
pottedplant 0.0548 127 0 176 32
pottedplant 0.0521 166 5 223 59
pottedplant 0.0499 174 1 217 28
pottedplant 0.0495 131 1 162 25
pottedplant 0.0448 187 5 212 24
pottedplant 0.0446 191 1 223 42
pottedplant 0.0443 382 0 420 16
pottedplant 0.0442 364 0 426 94
pottedplant 0.0419 149 2 212 32
pottedplant 0.0418 222 0 311 76
pottedplant 0.0416 216 0 276 38
pottedplant 0.0415 200 5 224 26
pottedplant 0.0405 128 8 183 43
pottedplant 0.0403 458 7 483 44
pottedplant 0.0398 453 0 495 20
pottedplant 0.0391 472 2 500 74
pottedplant 0.0382 196 0 220 19
pottedplant 0.0380 220 0 270 13
pottedplant 0.0379 143 0 191 40
pottedplant 0.0377 406 0 460 84
pottedplant 0.0362 470 8 494 44
pottedplant 0.0360 120 0 222 60
pottedplant 0.0359 179 0 215 17
pottedplant 0.0358 432 0 464 48
pottedplant 0.0356 221 8 257 57
pottedplant 0.0355 177 0 234 76
pottedplant 0.0348 242 0 289 64
pottedplant 0.0342 445 3 474 45
pottedplant 0.0342 155 2 276 63
pottedplant 0.0323 184 13 219 30
pottedplant 0.0315 199 0 230 14
pottedplant 0.0309 377 0 421 31
pottedplant 0.0307 0 0 30 18
pottedplant 0.0306 442 22 488 105
pottedplant 0.0305 243 0 282 14
pottedplant 0.0297 231 5 271 52
pottedplant 0.0289 158 6 193 30
pottedplant 0.0286 470 0 500 26
pottedplant 0.0285 192 12 213 40
pottedplant 0.0281 179 5 203 31
pottedplant 0.0273 388 0 432 78
pottedplant 0.0269 359 9 486 98
pottedplant 0.0268 407 0 459 40
pottedplant 0.0268 146 7 172 34
pottedplant 0.0266 258 0 284 48
pottedplant 0.0266 222 4 269 21
pottedplant 0.0258 167 10 216 40
pottedplant 0.0254 209 5 232 23
pottedplant 0.0250 0 1 22 29
pottedplant 0.0249 260 0 281 29
pottedplant 0.0249 0 0 16 56
pottedplant 0.0249 377 0 418 66
pottedplant 0.0246 136 10 167 39
pottedplant 0.0245 169 0 245 46
pottedplant 0.0239 396 0 431 15
pottedplant 0.0239 458 45 494 108
pottedplant 0.0237 140 0 178 21
pottedplant 0.0236 195 0 248 32
pottedplant 0.0232 276 0 319 55
pottedplant 0.0230 240 0 282 29
pottedplant 0.0229 265 0 294 14
pottedplant 0.0227 122 5 156 30
pottedplant 0.0218 223 0 256 33
pottedplant 0.0214 154 1 183 27
pottedplant 0.0212 201 0 235 49
pottedplant 0.0208 0 9 12 32
pottedplant 0.0206 215 7 230 35
pottedplant 0.0204 30 163 59 253
pottedplant 0.0204 218 5 245 22
pottedplant 0.0203 225 7 248 40
pottedplant 0.0201 378 0 453 53
sofa 0.7300 198 63 494 315
sofa 0.5509 15 38 204 187
sofa 0.2915 75 16 215 140
sofa 0.2872 89 53 195 181
sofa 0.1849 83 12 198 87
sofa 0.1812 0 13 223 294
sofa 0.1544 73 110 500 363
sofa 0.1308 8 49 178 134
sofa 0.1157 21 26 343 354
sofa 0.0842 20 0 229 111
sofa 0.0815 122 75 216 187
sofa 0.0722 63 249 493 366
sofa 0.0718 81 47 224 239
sofa 0.0674 59 3 178 64
sofa 0.0627 23 64 291 227
sofa 0.0578 196 66 487 182
sofa 0.0560 0 86 190 218
sofa 0.0481 117 62 415 274
sofa 0.0464 196 70 281 186
sofa 0.0437 200 71 322 248
sofa 0.0420 296 63 500 231
sofa 0.0363 112 12 240 186
sofa 0.0333 77 0 296 96
sofa 0.0325 194 58 337 166
sofa 0.0316 298 72 488 150
sofa 0.0285 115 44 244 117
sofa 0.0279 229 72 427 152
sofa 0.0267 56 124 219 207
sofa 0.0266 190 28 330 131
sofa 0.0261 212 5 358 102
sofa 0.0258 151 60 311 199
sofa 0.0232 133 14 300 150
sofa 0.0222 173 13 392 193
sofa 0.0218 158 49 290 117
sofa 0.0217 27 127 313 296
sofa 0.0217 288 42 493 126
sofa 0.0214 269 11 455 99
sofa 0.0213 210 54 371 117
sofa 0.0201 280 82 429 289
sofa 0.0201 370 6 491 149
sofa 0.0200 210 103 439 241
tvmonitor 0.2094 3 0 46 22
tvmonitor 0.1400 75 0 114 30
tvmonitor 0.1023 38 0 79 24
tvmonitor 0.0949 0 2 89 69
tvmonitor 0.0864 2 0 79 39
tvmonitor 0.0855 79 0 127 49
tvmonitor 0.0811 65 1 163 68
tvmonitor 0.0781 18 0 61 19
tvmonitor 0.0746 31 4 78 56
tvmonitor 0.0692 91 0 138 35
tvmonitor 0.0683 107 0 152 33
tvmonitor 0.0649 42 0 93 38
tvmonitor 0.0614 93 0 176 50
tvmonitor 0.0583 19 0 122 57
tvmonitor 0.0560 65 3 113 57
tvmonitor 0.0540 71 0 110 18
tvmonitor 0.0524 1 3 45 54
tvmonitor 0.0521 1 0 24 21
tvmonitor 0.0516 111 1 188 33
tvmonitor 0.0514 14 4 42 26
tvmonitor 0.0499 16 145 59 215
tvmonitor 0.0497 272 0 347 76
tvmonitor 0.0428 1 6 18 32
tvmonitor 0.0426 8 9 47 37
tvmonitor 0.0425 8 0 137 29
tvmonitor 0.0416 433 0 496 107
tvmonitor 0.0413 347 0 416 93
tvmonitor 0.0399 7 6 33 27
tvmonitor 0.0386 331 0 381 79
tvmonitor 0.0383 15 14 148 72
tvmonitor 0.0383 52 0 91 19
tvmonitor 0.0369 31 0 107 20
tvmonitor 0.0369 337 0 374 48
tvmonitor 0.0356 48 0 170 35
tvmonitor 0.0355 0 2 27 36
tvmonitor 0.0354 44 14 94 64
tvmonitor 0.0352 128 0 164 25
tvmonitor 0.0349 72 0 95 26
tvmonitor 0.0344 2 15 21 37
tvmonitor 0.0334 33 0 52 22
tvmonitor 0.0328 113 0 139 28
tvmonitor 0.0326 22 160 60 246
tvmonitor 0.0326 466 228 498 304
tvmonitor 0.0305 7 17 33 36
tvmonitor 0.0299 81 0 159 25
tvmonitor 0.0291 0 23 68 64
tvmonitor 0.0287 102 0 131 23
tvmonitor 0.0279 9 19 47 47
tvmonitor 0.0274 203 57 244 95
tvmonitor 0.0272 62 0 83 23
tvmonitor 0.0266 276 1 328 47
tvmonitor 0.0264 23 159 75 209
tvmonitor 0.0264 221 0 308 82
tvmonitor 0.0259 180 119 207 185
tvmonitor 0.0240 299 0 369 84
tvmonitor 0.0237 204 60 225 95
tvmonitor 0.0220 211 59 233 93
tvmonitor 0.0220 118 8 162 29
tvmonitor 0.0218 458 47 495 109
tvmonitor 0.0218 0 121 34 207
tvmonitor 0.0212 283 0 329 14
tvmonitor 0.0207 42 0 64 20
tvmonitor 0.0207 105 3 126 34
tvmonitor 0.0202 31 145 143 231
tvmonitor 0.0200 0 0 236 91
