aeroplane 0.0506 258 106 341 167
aeroplane 0.0311 266 118 320 157
aeroplane 0.0278 271 103 349 213
aeroplane 0.0260 283 117 321 148
aeroplane 0.0224 254 124 321 179
aeroplane 0.0205 181 221 245 260
bird 0.5011 229 232 320 370
bird 0.4570 242 234 301 291
bird 0.1345 208 133 363 371
bird 0.1305 227 227 346 307
bird 0.0905 233 179 344 340
bird 0.0808 256 231 362 365
bird 0.0797 32 0 379 348
bird 0.0727 215 238 416 372
bird 0.0716 269 235 310 294
bird 0.0713 205 229 302 331
bird 0.0652 288 263 311 297
bird 0.0644 116 236 323 375
bird 0.0587 269 232 348 293
bird 0.0528 286 231 317 295
bird 0.0472 235 280 348 373
bird 0.0450 218 233 294 274
bird 0.0435 233 50 364 304
bird 0.0425 256 56 343 206
bird 0.0417 259 237 325 320
bird 0.0403 259 276 313 375
bird 0.0399 278 254 312 303
bird 0.0381 296 267 316 299
bird 0.0381 248 235 292 252
bird 0.0366 249 241 279 282
bird 0.0362 290 244 310 291
bird 0.0352 148 128 317 375
bird 0.0351 142 0 460 293
bird 0.0338 252 257 315 294
bird 0.0337 454 0 474 28
bird 0.0329 294 237 339 300
bird 0.0328 461 0 499 28
bird 0.0321 277 85 362 223
bird 0.0314 229 162 312 297
bird 0.0313 244 236 279 262
bird 0.0311 125 108 164 165
bird 0.0308 248 235 298 267
bird 0.0303 267 232 298 275
bird 0.0298 218 246 277 349
bird 0.0294 249 310 330 375
bird 0.0293 249 238 295 333
bird 0.0288 268 318 302 375
bird 0.0286 283 234 306 282
bird 0.0283 201 236 267 284
bird 0.0280 252 232 291 244
bird 0.0276 261 240 290 280
bird 0.0274 162 242 255 375
bird 0.0271 245 240 265 273
bird 0.0270 232 247 248 274
bird 0.0263 45 187 340 358
bird 0.0262 237 245 254 276
bird 0.0259 68 110 255 375
bird 0.0254 256 207 380 298
bird 0.0254 209 89 354 218
bird 0.0249 301 228 393 358
bird 0.0249 311 233 358 290
bird 0.0245 287 118 315 148
bird 0.0243 197 273 306 374
bird 0.0242 273 234 296 253
bird 0.0233 191 211 297 292
bird 0.0230 219 245 312 298
bird 0.0228 284 235 302 267
bird 0.0228 249 110 344 276
bird 0.0227 281 104 344 185
bird 0.0227 116 0 279 247
bird 0.0227 262 304 379 375
bird 0.0224 444 0 489 30
bird 0.0223 284 108 339 152
bird 0.0220 301 243 330 290
bird 0.0218 306 270 324 299
bird 0.0216 277 271 314 294
bird 0.0216 226 98 437 341
bird 0.0216 272 252 477 370
bird 0.0207 276 234 294 246
bird 0.0207 239 229 299 246
bird 0.0207 207 268 244 331
bird 0.0206 231 235 272 286
bird 0.0206 178 0 362 206
bird 0.0202 291 231 309 271
bird 0.0202 155 226 271 322
bird 0.0201 130 90 349 261
bird 0.0200 307 254 326 291
bird 0.0200 184 174 294 337
cat 0.0700 0 0 449 375
dog 0.0564 0 0 445 375
dog 0.0218 35 0 333 272
horse 0.0620 16 0 355 372
person 0.0849 4 0 479 361
person 0.0636 0 0 246 375
person 0.0347 207 4 433 353
person 0.0325 226 0 362 225
person 0.0249 69 0 181 155
person 0.0239 478 0 500 25
person 0.0235 455 0 475 26
person 0.0223 95 0 248 244
person 0.0213 129 0 326 210
person 0.0208 279 18 364 191
tvmonitor 0.0207 0 12 67 54
