bird 0.0476 137 273 343 329
bird 0.0459 159 286 213 331
bird 0.0330 143 285 276 331
bird 0.0312 171 288 202 326
bird 0.0224 126 239 285 329
bird 0.0204 118 291 220 332
boat 0.0314 225 193 254 208
bottle 0.1091 173 290 205 332
bottle 0.0725 170 286 264 332
bottle 0.0594 227 192 250 219
bottle 0.0561 428 83 496 166
bottle 0.0548 218 302 260 333
bottle 0.0454 223 192 240 219
bottle 0.0444 235 192 255 213
bottle 0.0417 225 192 254 252
bottle 0.0376 231 306 271 333
bottle 0.0356 234 194 254 226
bottle 0.0354 215 316 263 332
bottle 0.0342 427 117 486 164
bottle 0.0326 169 300 232 333
bottle 0.0313 225 193 244 210
bottle 0.0285 229 194 251 205
bottle 0.0280 192 309 268 333
bottle 0.0279 148 288 219 333
bottle 0.0248 152 138 184 188
bottle 0.0247 170 315 212 333
bottle 0.0245 144 0 178 40
bottle 0.0241 211 295 289 333
bottle 0.0238 173 306 197 333
bottle 0.0229 166 33 260 63
bottle 0.0228 226 197 239 209
bottle 0.0224 2 53 42 119
bottle 0.0220 172 292 209 314
bottle 0.0219 233 297 256 331
cat 0.1191 318 54 399 153
cat 0.1091 321 53 395 109
cat 0.0212 322 56 364 104
chair 0.2871 5 7 136 210
chair 0.2106 316 52 402 160
chair 0.1458 6 0 102 141
chair 0.1426 143 0 305 41
chair 0.1200 278 38 402 189
chair 0.1168 43 35 160 226
chair 0.1116 199 0 324 61
chair 0.1112 41 0 156 143
chair 0.1089 1 0 74 103
chair 0.1048 180 3 340 103
chair 0.0993 48 0 145 56
chair 0.0973 3 47 83 162
chair 0.0971 36 22 232 188
chair 0.0859 2 0 71 50
chair 0.0834 0 30 96 285
chair 0.0784 249 0 335 92
chair 0.0782 228 0 365 181
chair 0.0764 14 0 139 95
chair 0.0744 18 2 295 115
chair 0.0736 311 71 487 329
chair 0.0721 3 0 251 316
chair 0.0706 143 0 228 45
chair 0.0703 251 5 386 123
chair 0.0696 45 47 118 168
chair 0.0683 92 0 298 66
chair 0.0620 72 10 189 161
chair 0.0604 304 83 412 199
chair 0.0546 62 14 374 144
chair 0.0545 65 0 223 87
chair 0.0530 140 8 284 91
chair 0.0524 316 12 403 126
chair 0.0523 73 170 385 333
chair 0.0513 66 35 135 156
chair 0.0501 187 0 270 47
chair 0.0489 1 26 48 130
chair 0.0479 2 30 148 120
chair 0.0476 111 0 206 55
chair 0.0467 2 4 46 85
chair 0.0456 124 230 425 327
chair 0.0455 153 273 371 329
chair 0.0455 95 0 259 150
chair 0.0447 90 0 164 52
chair 0.0438 26 73 117 243
chair 0.0438 0 50 58 212
chair 0.0437 162 288 316 331
chair 0.0431 314 49 399 108
chair 0.0406 308 100 404 147
chair 0.0405 278 0 361 99
chair 0.0400 242 0 380 64
chair 0.0398 142 0 185 44
chair 0.0398 92 57 185 209
chair 0.0397 6 50 94 111
chair 0.0392 224 0 283 48
chair 0.0387 297 54 454 218
chair 0.0385 167 0 226 31
chair 0.0374 309 89 384 171
chair 0.0369 307 45 456 146
chair 0.0364 0 63 143 148
chair 0.0361 79 45 152 188
chair 0.0359 74 85 152 240
chair 0.0356 338 76 393 150
chair 0.0348 56 1 122 87
chair 0.0347 231 270 433 329
chair 0.0347 1 47 67 96
chair 0.0343 221 41 404 138
chair 0.0338 347 47 423 156
chair 0.0335 84 0 130 50
chair 0.0334 164 114 500 327
chair 0.0332 289 232 455 331
chair 0.0331 248 0 301 56
chair 0.0327 245 143 409 333
chair 0.0327 54 0 95 47
chair 0.0319 99 0 344 225
chair 0.0318 176 21 292 66
chair 0.0314 196 0 290 19
chair 0.0308 2 65 45 149
chair 0.0306 322 265 494 330
chair 0.0306 389 24 500 323
chair 0.0304 103 272 284 329
chair 0.0301 332 197 497 333
chair 0.0301 262 0 324 60
chair 0.0295 0 2 30 118
chair 0.0294 284 0 427 101
chair 0.0289 377 40 450 148
chair 0.0288 207 0 258 37
chair 0.0287 65 0 113 50
chair 0.0286 47 51 123 110
chair 0.0284 346 78 494 210
chair 0.0283 6 0 129 43
chair 0.0281 163 16 262 49
chair 0.0281 118 0 154 52
chair 0.0280 33 38 101 126
chair 0.0276 312 0 345 62
chair 0.0274 280 207 384 331
chair 0.0273 1 42 37 103
chair 0.0271 66 35 223 112
chair 0.0270 328 81 432 254
chair 0.0267 13 68 180 280
chair 0.0266 350 59 403 132
chair 0.0259 397 40 476 159
chair 0.0257 151 0 199 34
chair 0.0255 188 0 239 36
chair 0.0253 241 0 333 37
chair 0.0251 258 66 413 246
chair 0.0249 25 77 109 151
chair 0.0243 60 74 108 175
chair 0.0242 41 9 99 102
chair 0.0239 23 3 78 62
chair 0.0235 226 16 286 66
chair 0.0234 216 0 298 100
chair 0.0232 348 125 496 282
chair 0.0231 213 301 328 331
chair 0.0229 311 176 409 325
chair 0.0225 64 57 111 124
chair 0.0224 0 47 28 156
chair 0.0224 4 16 103 69
chair 0.0224 61 36 111 102
chair 0.0222 355 100 404 159
chair 0.0222 315 88 363 151
chair 0.0218 327 242 405 333
chair 0.0218 104 0 140 47
chair 0.0215 318 110 406 180
chair 0.0206 319 0 466 64
chair 0.0206 95 0 163 126
chair 0.0205 26 93 178 164
chair 0.0205 178 264 269 333
chair 0.0204 280 111 393 211
chair 0.0203 415 65 497 164
chair 0.0202 34 21 164 83
chair 0.0201 0 26 73 65
chair 0.0200 0 0 205 64
diningtable 0.1421 0 14 129 184
diningtable 0.0883 0 21 389 254
diningtable 0.0779 3 31 210 154
diningtable 0.0395 1 47 112 110
diningtable 0.0390 0 23 195 307
diningtable 0.0269 0 0 322 173
diningtable 0.0264 44 102 488 333
diningtable 0.0246 0 73 194 216
person 0.8504 93 20 386 331
person 0.2641 417 8 499 184
person 0.1703 439 0 498 40
person 0.1573 15 15 145 281
person 0.1479 206 7 431 298
person 0.1466 269 30 402 197
person 0.1312 430 0 497 97
person 0.1280 346 18 493 172
person 0.1238 281 21 485 332
person 0.1235 55 28 204 254
person 0.1199 13 14 277 333
person 0.1168 318 54 401 155
person 0.0994 110 23 290 247
person 0.0980 172 9 354 223
person 0.0880 454 25 500 150
person 0.0742 396 7 500 328
person 0.0738 461 0 499 30
person 0.0718 292 0 424 159
person 0.0693 0 56 99 301
person 0.0688 243 8 359 182
person 0.0658 267 0 337 109
person 0.0650 335 111 500 333
person 0.0644 385 0 478 137
person 0.0642 448 0 498 17
person 0.0632 308 0 339 61
person 0.0593 333 26 427 141
person 0.0592 30 24 330 176
person 0.0567 266 57 398 323
person 0.0566 0 0 60 20
person 0.0563 307 85 399 197
person 0.0556 309 40 441 235
person 0.0531 127 6 334 144
person 0.0527 478 0 500 24
person 0.0518 426 0 479 51
person 0.0493 429 63 497 168
person 0.0458 88 30 249 159
person 0.0456 105 50 233 325
person 0.0455 146 0 207 35
person 0.0453 110 190 387 329
person 0.0443 2 85 74 237
person 0.0441 327 226 495 332
person 0.0432 470 0 500 53
person 0.0432 312 22 388 106
person 0.0394 119 131 182 244
person 0.0387 0 208 73 333
person 0.0377 8 120 131 333
person 0.0377 288 0 343 73
person 0.0368 293 0 337 36
person 0.0363 95 77 192 277
person 0.0362 331 52 403 108
person 0.0361 420 17 481 126
person 0.0345 459 306 500 333
person 0.0341 243 0 492 186
person 0.0338 0 1 44 55
person 0.0334 446 0 486 28
person 0.0333 366 53 488 235
person 0.0333 289 104 363 202
person 0.0332 221 2 323 126
person 0.0332 257 66 349 207
person 0.0327 427 81 500 260
person 0.0326 436 31 489 110
person 0.0324 415 241 498 333
person 0.0318 394 0 489 61
person 0.0316 1 0 33 23
person 0.0314 303 0 360 89
person 0.0307 458 271 499 333
person 0.0302 81 113 155 249
person 0.0301 437 1 466 41
person 0.0301 448 14 500 69
person 0.0301 122 42 222 187
person 0.0299 162 18 306 114
person 0.0299 367 273 500 332
person 0.0296 1 154 78 287
person 0.0293 50 0 397 94
person 0.0289 142 0 182 41
person 0.0287 469 0 494 16
person 0.0285 448 44 500 226
person 0.0282 28 94 116 264
person 0.0278 376 36 452 145
person 0.0271 51 88 163 311
person 0.0270 16 0 485 213
person 0.0268 317 52 369 105
person 0.0266 360 53 395 103
person 0.0264 432 115 499 165
person 0.0263 434 30 474 48
person 0.0261 0 270 41 333
person 0.0260 477 34 500 124
person 0.0258 464 1 500 89
person 0.0257 312 0 337 30
person 0.0251 142 48 317 191
person 0.0240 343 0 440 102
person 0.0237 124 114 208 265
person 0.0230 406 33 457 131
person 0.0228 449 0 497 9
person 0.0225 98 154 201 331
person 0.0224 417 307 500 332
person 0.0224 300 0 337 15
person 0.0223 407 0 460 77
person 0.0222 289 48 391 128
person 0.0222 301 119 380 184
person 0.0222 465 62 499 138
person 0.0219 118 282 222 333
person 0.0217 140 138 184 210
person 0.0213 299 6 482 107
person 0.0208 24 0 81 30
person 0.0204 444 0 470 22
person 0.0202 476 298 499 333
person 0.0202 307 131 358 193
person 0.0202 476 0 500 12
person 0.0202 425 30 500 63
person 0.0201 0 298 50 333
person 0.0201 12 197 213 333
person 0.0200 410 0 453 45
person 0.0200 111 224 284 331
sofa 0.0465 185 33 412 154
sofa 0.0301 0 0 453 218
tvmonitor 0.1081 0 0 60 23
tvmonitor 0.0638 1 0 67 46
tvmonitor 0.0234 0 1 35 40
tvmonitor 0.0231 125 30 337 132
tvmonitor 0.0215 18 0 50 20
