bird 0.1442 332 35 396 161
bird 0.0814 416 63 477 95
bird 0.0720 468 28 500 62
bird 0.0527 440 28 485 60
bird 0.0503 471 50 498 67
bird 0.0490 478 52 500 90
bird 0.0485 400 57 500 96
bird 0.0385 420 57 492 78
bird 0.0376 473 53 497 78
bird 0.0362 75 42 200 252
bird 0.0354 326 41 391 104
bird 0.0349 444 52 500 74
bird 0.0344 447 35 500 67
bird 0.0336 157 65 194 115
bird 0.0322 457 55 500 92
bird 0.0304 405 44 458 88
bird 0.0287 420 33 477 82
bird 0.0274 427 42 486 71
bird 0.0262 453 45 500 64
bird 0.0262 426 69 458 94
bird 0.0253 437 39 478 63
bird 0.0238 458 56 497 69
bird 0.0237 390 42 450 75
bird 0.0230 394 32 468 67
bird 0.0226 81 50 99 88
bird 0.0221 443 71 500 94
bird 0.0212 82 48 116 92
bird 0.0211 388 47 438 92
bird 0.0207 371 35 466 96
bird 0.0205 469 77 499 92
bird 0.0204 318 114 344 135
bottle 0.0355 472 0 499 35
bottle 0.0204 367 37 390 82
car 0.0495 236 0 325 19
car 0.0409 379 0 497 40
car 0.0308 390 0 458 28
car 0.0294 323 0 482 28
car 0.0217 319 0 381 26
car 0.0203 441 0 489 38
cat 0.0255 366 38 390 84
chair 0.0413 466 0 499 35
chair 0.0245 385 14 491 71
chair 0.0210 445 0 485 36
chair 0.0209 422 0 497 59
cow 0.0983 331 117 394 217
dog 0.5649 323 90 391 220
dog 0.5265 80 44 199 234
dog 0.2530 319 37 418 216
dog 0.1254 333 36 396 147
dog 0.0995 475 28 500 64
dog 0.0977 85 35 360 230
dog 0.0942 411 54 493 94
dog 0.0887 476 52 499 77
dog 0.0872 324 27 487 195
dog 0.0827 395 31 496 92
dog 0.0659 212 29 449 223
dog 0.0635 0 47 175 241
dog 0.0621 320 110 389 171
dog 0.0617 420 27 495 71
dog 0.0605 470 47 499 69
dog 0.0597 340 22 492 100
dog 0.0584 156 66 194 105
dog 0.0531 322 35 436 115
dog 0.0527 452 28 498 79
dog 0.0525 71 141 202 233
dog 0.0488 350 38 399 109
dog 0.0466 463 53 500 83
dog 0.0425 341 142 389 220
dog 0.0408 379 40 461 86
dog 0.0380 434 46 500 87
dog 0.0379 389 31 497 165
dog 0.0364 83 50 192 123
dog 0.0323 316 74 397 162
dog 0.0317 313 150 408 223
dog 0.0312 246 93 399 224
dog 0.0310 386 38 438 77
dog 0.0292 133 63 196 115
dog 0.0289 373 40 417 88
dog 0.0276 350 45 487 132
dog 0.0250 390 34 478 65
dog 0.0239 354 78 465 224
horse 0.3511 75 49 193 228
horse 0.0554 81 49 171 138
horse 0.0409 121 63 195 172
horse 0.0345 8 20 208 250
horse 0.0221 84 68 169 188
person 0.2380 297 32 432 221
person 0.1499 320 34 395 172
person 0.0944 203 40 395 223
person 0.0662 0 6 432 274
person 0.0634 96 46 262 227
person 0.0603 475 25 500 59
person 0.0459 347 37 390 103
person 0.0437 318 16 482 165
person 0.0436 456 19 497 63
person 0.0426 309 35 406 107
person 0.0411 149 64 193 115
person 0.0386 364 37 392 91
person 0.0380 81 48 126 99
person 0.0378 122 62 195 152
person 0.0351 461 0 496 45
person 0.0330 71 39 205 184
person 0.0315 306 0 326 18
person 0.0315 392 10 495 86
person 0.0315 273 18 500 278
person 0.0313 83 48 147 121
person 0.0304 366 35 496 229
person 0.0299 82 50 98 82
person 0.0289 473 0 499 35
person 0.0267 436 19 500 85
person 0.0267 344 0 495 106
person 0.0245 313 0 332 22
person 0.0244 416 48 496 176
person 0.0244 433 7 496 59
person 0.0239 104 97 124 124
person 0.0233 373 52 474 171
person 0.0230 232 0 248 19
person 0.0228 353 156 390 214
person 0.0227 0 18 228 278
person 0.0224 86 99 106 122
person 0.0220 115 32 430 159
person 0.0216 269 0 327 20
person 0.0215 476 15 499 40
person 0.0213 109 92 129 122
person 0.0213 348 107 388 159
person 0.0213 150 80 191 145
person 0.0208 120 98 136 124
person 0.0202 85 94 98 120
sheep 0.0364 387 42 445 74
sheep 0.0206 314 120 392 222
sofa 0.0298 133 17 482 231
sofa 0.0231 362 0 495 86
sofa 0.0221 200 33 484 160
sofa 0.0207 392 4 497 60
train 0.0206 230 0 357 21
tvmonitor 0.0269 256 0 324 20
