bus 0.9046 325 124 494 237
bus 0.8808 0 116 234 261
bus 0.8072 222 121 342 239
bus 0.2956 96 113 280 247
bus 0.2380 279 128 345 235
bus 0.1899 154 120 236 236
bus 0.1834 229 132 284 230
bus 0.1247 0 127 40 179
bus 0.1211 180 124 483 245
bus 0.1150 190 126 250 234
bus 0.0943 250 127 340 195
bus 0.0879 416 126 496 230
bus 0.0815 4 129 110 257
bus 0.0741 306 147 354 232
bus 0.0735 0 127 91 203
bus 0.0731 297 136 342 210
bus 0.0637 319 137 423 243
bus 0.0604 0 125 53 229
bus 0.0586 315 140 356 201
bus 0.0561 311 149 339 196
bus 0.0558 25 111 425 256
bus 0.0514 335 139 375 183
bus 0.0487 127 115 230 198
bus 0.0480 382 123 499 195
bus 0.0480 256 139 327 239
bus 0.0458 0 30 317 241
bus 0.0425 5 133 69 181
bus 0.0423 206 134 245 209
bus 0.0422 221 137 265 222
bus 0.0419 113 128 202 247
bus 0.0413 0 139 22 179
bus 0.0412 172 172 243 233
bus 0.0402 200 135 232 197
bus 0.0397 223 128 302 198
bus 0.0397 244 163 358 235
bus 0.0395 299 129 379 214
bus 0.0387 183 116 313 216
bus 0.0383 328 130 441 206
bus 0.0379 288 133 333 191
bus 0.0367 458 136 499 221
bus 0.0358 36 128 168 204
bus 0.0343 289 162 335 234
bus 0.0327 24 136 88 180
bus 0.0312 237 135 272 201
bus 0.0310 172 128 226 205
bus 0.0289 0 131 26 199
bus 0.0287 76 127 159 247
bus 0.0286 67 122 226 182
bus 0.0286 11 174 198 253
bus 0.0283 324 136 389 193
bus 0.0276 47 105 225 212
bus 0.0270 279 141 319 193
bus 0.0270 306 130 366 185
bus 0.0266 36 145 76 180
bus 0.0259 110 106 220 132
bus 0.0255 337 146 405 179
bus 0.0248 225 132 255 200
bus 0.0244 13 124 127 185
bus 0.0242 336 145 361 179
bus 0.0239 0 118 33 271
bus 0.0234 246 134 293 209
bus 0.0228 123 150 239 256
bus 0.0223 294 150 325 191
bus 0.0216 123 114 230 143
bus 0.0209 0 98 164 329
bus 0.0207 467 131 499 191
bus 0.0207 320 148 340 183
bus 0.0201 0 143 48 199
bus 0.0200 382 165 500 234
car 0.1452 299 169 344 235
car 0.0738 308 152 343 218
car 0.0682 265 161 348 240
car 0.0557 307 178 343 210
car 0.0556 177 170 239 238
car 0.0533 458 153 497 232
car 0.0467 313 152 338 194
car 0.0440 204 166 244 232
car 0.0350 301 178 340 196
car 0.0317 314 172 339 201
car 0.0314 336 178 500 235
car 0.0302 225 156 259 232
car 0.0292 283 168 337 205
car 0.0275 297 172 321 191
car 0.0266 284 166 318 193
car 0.0262 284 150 336 192
car 0.0256 136 179 240 251
car 0.0255 302 205 343 236
car 0.0252 0 197 126 260
car 0.0242 277 189 346 231
car 0.0230 304 171 332 192
car 0.0225 173 196 237 232
car 0.0223 287 183 346 217
car 0.0221 31 157 122 260
car 0.0218 477 142 500 216
car 0.0217 295 155 322 192
car 0.0217 53 111 86 121
car 0.0210 479 204 499 237
cat 0.0396 42 146 101 179
cat 0.0227 67 151 101 178
chair 0.0463 299 188 344 236
chair 0.0290 185 191 236 236
chair 0.0260 231 131 292 245
chair 0.0203 186 153 249 244
person 0.0590 230 184 248 232
person 0.0563 156 163 168 192
person 0.0530 53 152 77 179
person 0.0525 256 153 284 229
person 0.0496 138 164 152 204
person 0.0471 35 153 53 180
person 0.0466 232 173 256 233
person 0.0466 219 182 244 234
person 0.0460 480 182 498 216
person 0.0458 314 176 344 221
person 0.0424 468 158 499 218
person 0.0414 224 190 240 228
person 0.0413 63 152 85 179
person 0.0401 130 153 156 218
person 0.0398 38 149 62 179
person 0.0393 314 153 337 191
person 0.0391 238 169 267 233
person 0.0382 442 157 489 232
person 0.0379 147 165 157 194
person 0.0370 473 186 493 216
person 0.0370 203 183 239 232
person 0.0368 51 149 97 179
person 0.0365 114 170 129 208
person 0.0360 0 0 261 325
person 0.0357 284 163 301 192
person 0.0347 281 168 292 193
person 0.0347 236 188 251 229
person 0.0342 1 146 20 180
person 0.0340 70 152 96 179
person 0.0339 476 182 500 237
person 0.0330 123 167 153 231
person 0.0319 29 155 44 181
person 0.0317 115 162 128 194
person 0.0305 269 161 284 198
person 0.0302 142 157 160 198
person 0.0301 114 164 144 227
person 0.0300 133 163 146 194
person 0.0296 300 163 316 190
person 0.0295 137 156 152 184
person 0.0294 308 187 344 233
person 0.0291 263 162 279 205
person 0.0286 246 138 281 216
person 0.0280 213 191 235 226
person 0.0279 155 155 176 192
person 0.0279 489 182 500 217
person 0.0277 120 167 134 201
person 0.0274 15 149 37 180
person 0.0273 131 170 147 208
person 0.0272 327 179 346 212
person 0.0270 258 146 282 201
person 0.0270 485 172 500 225
person 0.0267 116 161 137 208
person 0.0266 107 169 120 198
person 0.0262 145 171 158 204
person 0.0261 245 156 259 192
person 0.0261 127 154 150 194
person 0.0258 441 174 471 220
person 0.0256 43 157 73 179
person 0.0253 112 172 132 223
person 0.0252 38 146 82 180
person 0.0251 308 158 328 189
person 0.0251 465 182 480 215
person 0.0248 101 135 165 259
person 0.0248 159 169 176 192
person 0.0246 111 157 130 200
person 0.0245 120 160 134 187
person 0.0245 462 176 487 218
person 0.0239 131 158 146 182
person 0.0238 267 154 284 185
person 0.0238 101 172 114 195
person 0.0236 289 163 310 191
person 0.0236 450 169 478 217
person 0.0231 242 161 262 217
person 0.0229 106 160 120 187
person 0.0223 242 150 294 242
person 0.0222 276 159 296 197
person 0.0222 137 147 166 201
person 0.0220 250 162 274 217
person 0.0220 279 162 293 183
person 0.0219 166 166 182 191
person 0.0215 237 175 254 217
person 0.0214 103 162 123 203
person 0.0212 233 145 259 222
person 0.0211 279 148 314 197
person 0.0207 278 164 307 228
person 0.0202 100 161 114 186
person 0.0201 456 181 474 216
pottedplant 0.0205 1 69 37 124
sheep 0.0254 0 90 500 312
train 0.0503 7 127 486 329
train 0.0449 315 98 499 274
train 0.0329 13 87 259 329
train 0.0298 307 152 342 195
train 0.0247 1 144 54 180
tvmonitor 0.0436 39 147 97 179
tvmonitor 0.0354 293 185 343 233
tvmonitor 0.0255 238 137 285 190
