aeroplane 0.0509 4 0 375 375
aeroplane 0.0403 97 17 375 208
aeroplane 0.0382 0 1 280 181
aeroplane 0.0271 0 80 59 223
aeroplane 0.0263 0 0 214 487
aeroplane 0.0258 296 135 375 235
aeroplane 0.0226 162 26 375 324
aeroplane 0.0213 0 6 111 259
bicycle 0.3233 165 236 190 267
bicycle 0.3199 164 209 190 266
bicycle 0.1162 166 250 195 269
bicycle 0.0337 157 231 202 269
bicycle 0.0267 176 243 197 268
bicycle 0.0254 165 242 180 265
bicycle 0.0241 164 231 179 260
bicycle 0.0217 0 347 99 495
boat 0.0378 0 60 56 234
boat 0.0342 240 161 269 191
boat 0.0278 315 103 374 236
boat 0.0276 215 171 265 231
boat 0.0271 239 164 269 231
boat 0.0239 206 164 350 253
boat 0.0220 193 32 375 238
boat 0.0212 212 160 271 208
car 0.3769 340 191 375 225
car 0.1501 315 189 375 238
car 0.1467 0 475 82 500
car 0.1401 343 204 375 233
car 0.0932 339 171 375 239
car 0.0840 35 480 78 498
car 0.0782 356 199 374 240
car 0.0778 355 188 375 222
car 0.0688 341 193 375 261
car 0.0641 345 183 374 206
car 0.0578 306 179 373 222
car 0.0570 0 478 48 497
car 0.0541 344 215 375 242
car 0.0527 360 183 374 213
car 0.0515 323 200 373 227
car 0.0510 0 420 82 500
car 0.0494 307 193 350 221
car 0.0486 0 460 81 495
car 0.0458 337 188 371 212
car 0.0449 318 145 374 226
car 0.0425 348 167 373 216
car 0.0419 308 193 375 278
car 0.0414 362 170 374 204
car 0.0408 241 197 268 232
car 0.0397 342 124 374 219
car 0.0384 315 189 348 212
car 0.0384 321 195 353 217
car 0.0372 331 195 364 217
car 0.0363 340 189 359 224
car 0.0360 295 164 375 241
car 0.0350 27 468 93 499
car 0.0337 348 172 374 196
car 0.0321 275 188 363 235
car 0.0311 0 475 28 500
car 0.0311 0 342 78 499
car 0.0305 231 193 258 227
car 0.0303 50 479 93 499
car 0.0295 291 190 342 226
car 0.0292 312 177 351 209
car 0.0287 249 197 270 223
car 0.0286 334 186 353 212
car 0.0283 214 186 239 226
car 0.0278 234 176 275 231
car 0.0278 358 144 375 207
car 0.0278 0 464 41 498
car 0.0277 214 185 264 235
car 0.0276 328 181 357 216
car 0.0271 362 134 375 185
car 0.0246 327 178 347 209
car 0.0238 354 176 369 204
car 0.0231 0 485 59 500
car 0.0229 245 193 281 236
car 0.0224 232 157 375 263
car 0.0224 131 190 140 204
car 0.0223 347 154 374 200
car 0.0222 46 472 75 497
car 0.0217 314 182 345 201
car 0.0217 341 181 358 207
car 0.0215 245 192 268 210
car 0.0200 324 174 350 198
motorbike 0.1050 342 191 375 251
motorbike 0.0404 157 207 194 261
motorbike 0.0270 51 36 372 500
motorbike 0.0224 265 182 372 288
motorbike 0.0214 1 297 67 496
person 0.7819 164 197 188 264
person 0.2248 212 180 226 231
person 0.2121 232 196 242 234
person 0.2095 244 197 255 234
person 0.2025 238 198 248 234
person 0.1900 227 190 238 232
person 0.1789 249 196 260 236
person 0.1766 146 203 162 225
person 0.1365 143 201 158 234
person 0.1174 143 200 165 251
person 0.1110 254 198 266 235
person 0.1105 239 194 259 234
person 0.1084 5 2 114 480
person 0.1069 234 195 251 240
person 0.1020 228 192 246 232
person 0.0997 218 186 230 235
person 0.0963 220 186 239 230
person 0.0920 208 182 231 249
person 0.0869 352 201 374 255
person 0.0855 0 0 45 457
person 0.0848 259 198 271 235
person 0.0846 231 204 244 246
person 0.0827 148 206 155 221
person 0.0800 146 198 184 258
person 0.0767 151 204 160 221
person 0.0729 163 216 176 259
person 0.0690 161 199 175 249
person 0.0638 305 201 339 224
person 0.0632 240 211 258 241
person 0.0630 232 206 253 263
person 0.0629 150 213 195 267
person 0.0621 153 203 166 229
person 0.0615 156 207 166 224
person 0.0597 246 198 263 246
person 0.0596 0 143 23 410
person 0.0593 9 12 331 489
person 0.0593 357 211 375 274
person 0.0583 0 32 40 257
person 0.0575 166 193 189 231
person 0.0548 303 197 357 230
person 0.0535 225 192 249 261
person 0.0527 137 204 163 281
person 0.0507 227 203 239 247
person 0.0503 244 185 264 232
person 0.0494 148 208 170 262
person 0.0493 238 203 254 229
person 0.0456 161 198 172 227
person 0.0454 212 199 227 250
person 0.0454 273 195 285 235
person 0.0452 266 200 277 235
person 0.0450 303 197 321 229
person 0.0449 235 211 252 232
person 0.0435 0 160 19 293
person 0.0429 146 200 173 228
person 0.0417 161 195 186 218
person 0.0416 246 210 266 235
person 0.0416 143 208 149 224
person 0.0414 253 211 269 241
person 0.0412 330 203 375 249
person 0.0407 211 220 227 255
person 0.0405 210 188 246 251
person 0.0405 152 201 167 218
person 0.0404 205 196 213 225
person 0.0402 340 213 371 244
person 0.0395 221 177 258 243
person 0.0391 4 145 51 404
person 0.0389 141 206 158 262
person 0.0384 173 223 191 267
person 0.0383 316 194 342 220
person 0.0374 150 198 161 215
person 0.0367 142 202 151 230
person 0.0365 153 217 167 259
person 0.0364 27 43 172 474
person 0.0361 130 193 136 209
person 0.0352 1 175 16 232
person 0.0349 238 197 251 220
person 0.0349 277 197 289 239
person 0.0347 231 186 268 254
person 0.0344 249 210 261 253
person 0.0343 184 220 196 260
person 0.0334 230 222 246 265
person 0.0330 303 200 347 252
person 0.0326 361 229 374 282
person 0.0323 343 200 375 290
person 0.0318 247 195 263 219
person 0.0318 222 205 242 260
person 0.0314 306 202 329 237
person 0.0313 2 9 63 286
person 0.0313 135 199 141 214
person 0.0312 209 192 222 239
person 0.0305 243 194 273 240
person 0.0303 148 198 154 213
person 0.0301 320 202 353 223
person 0.0299 6 14 94 198
person 0.0295 303 207 322 249
person 0.0294 339 216 357 249
person 0.0294 153 191 189 241
person 0.0293 287 193 335 231
person 0.0291 178 211 198 266
person 0.0291 199 205 206 224
person 0.0289 345 221 364 254
person 0.0285 191 219 202 245
person 0.0285 364 207 375 256
person 0.0284 262 194 281 239
person 0.0283 282 192 294 235
person 0.0282 354 227 371 272
person 0.0282 185 206 196 240
person 0.0281 2 47 27 180
person 0.0281 202 184 220 232
person 0.0280 164 203 170 218
person 0.0278 197 212 207 239
person 0.0278 211 213 249 261
person 0.0277 135 195 141 209
person 0.0273 230 206 257 235
person 0.0268 297 190 319 235
person 0.0266 194 186 222 257
person 0.0266 191 209 202 229
person 0.0261 207 178 224 215
person 0.0260 227 217 258 270
person 0.0260 157 194 182 230
person 0.0258 217 205 232 251
person 0.0255 300 197 374 269
person 0.0253 138 204 152 254
person 0.0246 0 123 75 500
person 0.0246 242 171 266 219
person 0.0245 146 193 193 301
person 0.0245 339 196 359 231
person 0.0244 286 192 304 234
person 0.0241 313 182 357 241
person 0.0238 209 211 222 248
person 0.0237 297 208 325 232
person 0.0237 248 183 262 208
person 0.0236 168 201 198 273
person 0.0235 130 198 136 218
person 0.0235 342 181 354 210
person 0.0235 179 197 200 249
person 0.0233 237 216 259 253
person 0.0231 245 189 256 211
person 0.0230 144 199 153 211
person 0.0227 282 182 316 240
person 0.0227 126 194 131 209
person 0.0227 197 223 206 254
person 0.0225 136 195 145 209
person 0.0224 232 234 252 271
person 0.0222 135 192 158 223
person 0.0222 203 211 212 239
person 0.0222 165 185 212 259
person 0.0221 157 200 166 214
person 0.0221 229 217 253 238
person 0.0221 187 204 195 222
person 0.0221 143 191 164 222
person 0.0220 279 187 299 239
person 0.0219 142 199 147 211
person 0.0217 186 209 204 251
person 0.0216 256 187 274 233
person 0.0215 290 198 326 276
person 0.0213 328 195 366 229
person 0.0212 264 214 281 242
person 0.0212 4 171 21 223
person 0.0212 316 195 342 243
person 0.0211 170 197 193 220
person 0.0211 337 188 352 222
person 0.0211 225 225 239 262
person 0.0210 210 227 239 260
person 0.0208 182 242 196 270
person 0.0206 139 205 167 231
person 0.0205 311 206 366 237
person 0.0204 231 191 242 220
person 0.0204 224 194 241 224
person 0.0202 306 193 319 220
person 0.0201 254 196 269 217
pottedplant 0.0304 271 262 287 294
pottedplant 0.0277 231 249 254 274
pottedplant 0.0257 256 274 289 296
pottedplant 0.0238 285 273 317 297
pottedplant 0.0235 277 264 290 294
pottedplant 0.0216 252 256 291 299
train 0.0327 23 83 375 500
train 0.0321 211 167 268 236
train 0.0295 254 185 373 283
train 0.0258 226 165 370 253
train 0.0214 217 174 319 245
tvmonitor 0.0333 0 471 73 500
tvmonitor 0.0224 3 476 49 499
