bicycle 0.0254 417 160 475 192
boat 0.0304 389 0 489 62
boat 0.0283 0 38 500 282
bus 0.0300 0 84 76 202
car 0.4426 3 81 102 207
car 0.3631 2 71 181 218
car 0.1708 46 67 226 180
car 0.1403 275 47 384 127
car 0.1253 0 64 161 141
car 0.0923 0 16 175 162
car 0.0891 81 65 253 141
car 0.0884 9 86 126 149
car 0.0870 374 59 456 183
car 0.0781 0 31 257 273
car 0.0769 237 41 468 160
car 0.0761 400 93 482 191
car 0.0751 97 54 361 154
car 0.0738 107 74 212 159
car 0.0711 227 88 281 129
car 0.0695 49 78 170 157
car 0.0690 136 80 269 135
car 0.0657 190 60 339 175
car 0.0563 48 90 130 191
car 0.0547 152 63 319 137
car 0.0532 292 45 381 76
car 0.0506 1 132 76 213
car 0.0504 421 0 497 88
car 0.0496 121 106 201 170
car 0.0493 357 7 495 118
car 0.0490 296 44 475 117
car 0.0488 414 153 476 192
car 0.0484 1 44 159 109
car 0.0472 3 78 85 133
car 0.0465 254 42 371 164
car 0.0463 170 87 278 170
car 0.0459 277 60 329 123
car 0.0454 479 56 499 85
car 0.0444 194 81 289 140
car 0.0429 7 0 104 78
car 0.0428 388 44 491 128
car 0.0428 409 102 456 122
car 0.0421 240 94 282 119
car 0.0414 33 92 101 170
car 0.0406 232 75 304 126
car 0.0405 205 48 360 114
car 0.0401 455 0 496 66
car 0.0393 266 74 314 124
car 0.0390 383 66 459 125
car 0.0388 201 86 263 129
car 0.0387 389 84 466 161
car 0.0385 13 22 315 144
car 0.0384 229 88 299 147
car 0.0384 81 98 180 190
car 0.0381 227 87 256 105
car 0.0375 4 62 87 96
car 0.0368 257 98 285 116
car 0.0362 197 94 290 196
car 0.0358 159 59 191 81
car 0.0355 435 121 485 183
car 0.0349 284 44 422 96
car 0.0347 0 179 20 212
car 0.0345 137 68 219 131
car 0.0344 230 89 271 116
car 0.0339 289 70 436 133
car 0.0336 6 166 66 213
car 0.0335 57 49 221 113
car 0.0332 176 21 378 142
car 0.0332 134 59 266 176
car 0.0330 251 61 344 131
car 0.0324 13 78 133 122
car 0.0317 113 122 193 159
car 0.0316 10 71 99 106
car 0.0306 426 173 471 191
car 0.0304 0 0 175 89
car 0.0304 28 67 189 117
car 0.0297 418 108 470 178
car 0.0296 11 115 91 251
car 0.0296 82 0 328 227
car 0.0296 403 96 460 146
car 0.0295 401 0 492 53
car 0.0289 113 62 192 95
car 0.0284 402 32 489 65
car 0.0282 308 46 380 65
car 0.0282 126 113 257 178
car 0.0281 311 19 482 87
car 0.0277 366 88 427 145
car 0.0276 198 0 494 193
car 0.0276 375 102 455 136
car 0.0273 368 97 444 170
car 0.0272 21 101 157 172
car 0.0269 150 59 201 98
car 0.0267 266 47 372 91
car 0.0265 456 107 495 172
car 0.0264 30 88 102 134
car 0.0263 108 63 191 124
car 0.0263 57 103 116 153
car 0.0262 350 66 438 162
car 0.0261 288 73 375 118
car 0.0260 412 38 498 77
car 0.0258 130 101 253 153
car 0.0256 167 82 256 122
car 0.0254 261 91 313 140
car 0.0254 8 53 94 84
car 0.0251 0 91 74 154
car 0.0250 392 90 466 122
car 0.0249 403 76 478 138
car 0.0249 251 69 320 169
car 0.0248 235 14 492 117
car 0.0247 131 116 217 149
car 0.0245 124 50 291 114
car 0.0241 248 23 402 88
car 0.0241 46 75 132 107
car 0.0236 444 0 495 37
car 0.0235 352 57 431 119
car 0.0234 375 29 499 84
car 0.0231 315 48 397 108
car 0.0229 235 107 303 184
car 0.0228 361 84 441 123
car 0.0228 476 36 500 87
car 0.0228 0 98 62 244
car 0.0227 123 68 202 107
car 0.0224 405 64 436 77
car 0.0223 77 87 187 141
car 0.0222 310 47 358 61
car 0.0220 407 63 445 87
car 0.0219 53 123 101 175
car 0.0219 446 28 500 81
car 0.0217 94 72 180 107
car 0.0217 65 111 173 164
car 0.0217 467 55 500 92
car 0.0216 402 134 468 188
car 0.0216 285 39 306 53
car 0.0214 0 47 18 84
car 0.0210 229 84 260 99
car 0.0210 132 99 222 136
car 0.0208 243 96 289 133
car 0.0208 314 0 491 62
car 0.0207 44 110 98 198
car 0.0204 262 90 292 116
car 0.0203 60 36 160 137
car 0.0201 393 145 496 193
motorbike 0.8189 246 50 462 273
motorbike 0.7623 32 57 295 274
motorbike 0.3449 12 79 176 257
motorbike 0.3335 312 41 481 203
motorbike 0.2246 123 72 279 248
motorbike 0.1908 45 69 224 197
motorbike 0.1455 4 85 89 247
motorbike 0.1321 54 45 329 191
motorbike 0.1279 372 58 474 189
motorbike 0.1180 143 41 448 182
motorbike 0.1023 257 48 418 172
motorbike 0.0962 213 91 312 238
motorbike 0.0932 92 71 197 151
motorbike 0.0921 247 61 353 244
motorbike 0.0832 173 55 331 240
motorbike 0.0792 230 88 264 124
motorbike 0.0738 362 54 443 156
motorbike 0.0686 247 57 359 156
motorbike 0.0679 223 86 291 194
motorbike 0.0631 266 28 500 150
motorbike 0.0599 114 71 322 166
motorbike 0.0562 90 81 175 190
motorbike 0.0552 400 11 498 151
motorbike 0.0552 367 33 485 132
motorbike 0.0497 240 85 333 200
motorbike 0.0497 230 90 281 144
motorbike 0.0496 63 13 486 244
motorbike 0.0476 160 94 298 209
motorbike 0.0451 223 139 312 273
motorbike 0.0413 128 88 238 192
motorbike 0.0407 395 70 457 153
motorbike 0.0372 300 0 500 309
motorbike 0.0360 370 64 426 129
motorbike 0.0356 219 94 279 125
motorbike 0.0341 236 84 299 158
motorbike 0.0325 238 155 473 282
motorbike 0.0315 357 82 472 265
motorbike 0.0302 402 111 468 192
motorbike 0.0294 22 107 166 180
motorbike 0.0291 388 60 439 122
motorbike 0.0283 95 107 265 179
motorbike 0.0282 0 30 407 333
motorbike 0.0267 396 45 458 119
motorbike 0.0262 236 61 310 138
motorbike 0.0259 113 81 182 136
motorbike 0.0252 208 74 280 137
motorbike 0.0239 398 85 486 208
motorbike 0.0237 234 98 274 120
motorbike 0.0232 22 141 245 269
motorbike 0.0219 194 106 351 282
motorbike 0.0218 306 86 473 166
motorbike 0.0213 252 146 342 279
motorbike 0.0205 188 93 334 172
person 0.1762 233 87 256 120
person 0.1262 47 74 165 192
person 0.0945 81 65 192 174
person 0.0887 267 44 398 204
person 0.0860 256 53 356 169
person 0.0707 124 70 225 193
person 0.0690 347 50 445 182
person 0.0656 262 98 282 119
person 0.0576 225 88 293 215
person 0.0551 224 89 261 128
person 0.0549 216 67 319 180
person 0.0479 123 69 195 150
person 0.0478 113 86 186 197
person 0.0426 155 59 190 110
person 0.0425 268 95 286 115
person 0.0421 248 43 500 328
person 0.0410 248 95 275 120
person 0.0409 56 85 123 157
person 0.0408 369 71 431 172
person 0.0399 151 65 200 129
person 0.0360 180 72 286 181
person 0.0358 301 48 384 123
person 0.0354 161 59 189 86
person 0.0354 232 93 274 142
person 0.0347 46 108 171 263
person 0.0332 204 85 258 131
person 0.0331 110 79 166 141
person 0.0326 340 54 390 117
person 0.0326 260 96 285 131
person 0.0321 406 99 453 170
person 0.0321 359 59 424 137
person 0.0318 276 72 324 132
person 0.0314 265 89 290 118
person 0.0313 123 119 175 183
person 0.0310 266 97 279 110
person 0.0310 217 87 277 169
person 0.0307 363 82 407 151
person 0.0306 143 68 242 155
person 0.0298 58 105 111 171
person 0.0298 480 61 499 93
person 0.0298 56 124 80 153
person 0.0292 414 64 437 87
person 0.0291 231 84 280 124
person 0.0290 373 66 417 117
person 0.0289 77 80 162 156
person 0.0286 134 111 191 172
person 0.0286 438 1 491 65
person 0.0286 120 90 178 159
person 0.0283 322 52 408 162
person 0.0282 126 111 197 216
person 0.0281 343 83 365 112
person 0.0273 0 0 251 277
person 0.0272 157 99 180 123
person 0.0272 15 100 36 132
person 0.0266 275 148 297 173
person 0.0265 6 98 29 134
person 0.0263 58 75 147 128
person 0.0263 242 97 280 130
person 0.0263 143 75 182 127
person 0.0262 375 105 416 178
person 0.0257 253 97 287 153
person 0.0255 367 89 449 208
person 0.0253 276 85 295 114
person 0.0252 56 104 92 154
person 0.0252 165 96 185 124
person 0.0251 165 78 223 134
person 0.0248 281 76 302 113
person 0.0247 409 64 428 80
person 0.0246 251 86 287 124
person 0.0246 408 123 459 190
person 0.0245 287 62 349 125
person 0.0245 220 90 245 121
person 0.0244 373 106 399 133
person 0.0244 184 82 242 133
person 0.0243 259 134 294 189
person 0.0243 460 99 498 168
person 0.0242 234 97 256 132
person 0.0242 446 0 486 41
person 0.0242 111 104 161 171
person 0.0242 406 50 498 175
person 0.0239 267 145 289 175
person 0.0235 400 52 448 112
person 0.0235 164 65 186 101
person 0.0230 407 71 450 122
person 0.0228 336 66 375 114
person 0.0227 282 146 301 171
person 0.0226 233 89 251 106
person 0.0225 160 76 188 124
person 0.0224 180 106 280 233
person 0.0224 236 116 286 196
person 0.0224 48 104 132 223
person 0.0222 364 64 398 116
person 0.0222 119 75 140 102
person 0.0219 368 69 389 104
person 0.0217 270 142 299 179
person 0.0217 270 76 301 124
person 0.0217 116 67 184 115
person 0.0215 261 132 278 156
person 0.0214 149 104 173 129
person 0.0214 96 112 171 220
person 0.0213 245 93 317 227
person 0.0213 271 83 311 146
person 0.0213 392 80 441 158
person 0.0212 270 97 294 126
person 0.0211 344 75 392 134
person 0.0210 148 98 201 162
person 0.0210 374 69 398 104
person 0.0208 56 124 88 177
person 0.0208 435 106 488 170
person 0.0208 374 120 467 256
person 0.0207 391 109 440 180
person 0.0206 150 93 173 121
person 0.0204 148 88 187 139
person 0.0202 245 99 296 176
person 0.0201 157 84 180 117
person 0.0201 214 85 254 111
person 0.0200 267 137 287 163
train 0.0365 39 0 374 266
train 0.0282 155 0 500 237
tvmonitor 0.0500 6 95 74 136
tvmonitor 0.0297 1 89 33 142
tvmonitor 0.0246 7 96 29 132
tvmonitor 0.0243 1 94 19 139
