aeroplane 0.0261 102 0 491 374
bicycle 0.0471 139 120 210 212
bicycle 0.0365 142 117 191 183
boat 0.0202 270 35 285 78
car 0.9566 143 115 449 369
car 0.1256 137 123 213 268
car 0.0920 50 25 464 338
car 0.0774 139 160 209 228
car 0.0687 445 99 459 110
car 0.0584 143 117 295 360
car 0.0557 142 165 203 199
car 0.0556 140 129 212 203
car 0.0538 282 119 442 198
car 0.0503 450 99 469 108
car 0.0475 361 111 473 208
car 0.0468 441 101 455 110
car 0.0406 308 111 450 359
car 0.0377 22 14 329 251
car 0.0377 442 102 466 112
car 0.0357 138 231 437 364
car 0.0356 207 117 401 189
car 0.0356 461 99 479 108
car 0.0350 127 111 230 333
car 0.0337 152 118 321 197
car 0.0329 471 98 488 108
car 0.0316 221 112 452 283
car 0.0310 441 102 451 113
car 0.0308 336 122 450 230
car 0.0304 146 166 187 190
car 0.0303 140 112 252 209
car 0.0300 153 117 433 219
car 0.0295 462 100 475 110
car 0.0288 376 102 397 114
car 0.0278 433 91 463 112
car 0.0275 419 165 446 192
car 0.0273 155 169 204 189
car 0.0266 433 99 456 108
car 0.0260 490 90 500 113
car 0.0255 391 112 436 184
car 0.0254 384 103 408 114
car 0.0253 478 97 500 108
car 0.0251 456 102 481 111
car 0.0249 452 102 462 113
car 0.0242 430 103 454 112
car 0.0242 128 159 185 204
car 0.0236 468 100 495 112
car 0.0235 363 114 463 301
car 0.0232 145 167 169 196
car 0.0219 377 113 417 183
car 0.0217 128 178 150 200
car 0.0216 147 150 226 191
car 0.0216 138 189 218 360
car 0.0206 392 108 425 122
car 0.0201 381 107 411 121
car 0.0200 486 97 496 112
chair 0.0223 143 121 180 177
person 0.0579 41 61 467 375
person 0.0493 128 175 146 200
person 0.0442 271 36 284 70
person 0.0441 382 102 393 115
person 0.0356 377 104 387 116
person 0.0333 378 101 397 116
person 0.0324 374 101 389 118
person 0.0307 268 146 287 183
person 0.0285 349 146 377 179
person 0.0281 359 121 405 187
person 0.0270 260 147 280 182
person 0.0270 26 88 187 351
person 0.0269 145 163 164 196
person 0.0256 343 153 371 181
person 0.0243 345 132 393 192
person 0.0234 252 150 272 182
person 0.0231 391 105 400 115
person 0.0228 469 101 479 112
person 0.0219 476 98 488 111
person 0.0218 464 102 472 112
person 0.0216 128 182 138 199
person 0.0216 0 79 101 368
person 0.0214 2 103 17 150
person 0.0212 0 144 11 241
person 0.0209 386 103 404 116
person 0.0206 377 118 418 190
person 0.0205 398 102 409 114
sofa 0.0214 0 0 436 375
train 0.0211 437 89 460 113
