boat 0.0332 0 0 480 312
bottle 0.0564 0 342 48 358
bottle 0.0421 220 250 236 286
bottle 0.0327 209 246 233 293
bottle 0.0227 206 247 234 269
bottle 0.0224 207 115 232 180
bottle 0.0205 218 248 237 268
car 0.2643 455 164 480 213
car 0.0209 454 167 480 186
chair 0.3328 205 93 266 201
chair 0.2495 264 93 325 202
chair 0.2247 294 104 353 206
chair 0.2143 426 295 478 360
chair 0.2032 250 104 303 202
chair 0.1954 211 111 291 215
chair 0.1787 420 0 480 103
chair 0.1760 198 67 249 181
chair 0.1569 454 165 480 216
chair 0.1489 215 153 272 229
chair 0.1481 311 143 346 205
chair 0.1478 371 296 480 359
chair 0.1142 0 255 29 283
chair 0.1109 452 295 480 360
chair 0.1071 331 303 378 360
chair 0.1038 403 317 480 359
chair 0.1015 310 113 341 185
chair 0.0984 456 154 480 192
chair 0.0966 442 178 479 223
chair 0.0947 435 333 480 360
chair 0.0943 261 16 370 106
chair 0.0935 264 52 345 184
chair 0.0933 324 300 435 360
chair 0.0923 205 94 247 157
chair 0.0917 267 154 296 212
chair 0.0785 219 162 264 210
chair 0.0780 326 319 407 358
chair 0.0761 403 0 480 166
chair 0.0747 0 318 48 359
chair 0.0746 313 102 362 188
chair 0.0740 285 110 330 198
chair 0.0688 349 154 384 208
chair 0.0685 257 75 299 177
chair 0.0670 278 305 387 360
chair 0.0661 333 329 381 360
chair 0.0651 212 320 365 359
chair 0.0641 435 153 478 215
chair 0.0625 337 100 373 156
chair 0.0619 454 143 480 181
chair 0.0610 262 104 314 167
chair 0.0608 0 262 35 303
chair 0.0607 329 107 367 171
chair 0.0588 336 1 465 112
chair 0.0583 422 340 473 359
chair 0.0573 214 192 274 235
chair 0.0558 335 146 366 207
chair 0.0539 459 325 479 360
chair 0.0535 300 110 328 178
chair 0.0521 234 156 274 210
chair 0.0515 440 185 462 213
chair 0.0506 430 0 479 37
chair 0.0500 1 265 41 287
chair 0.0493 433 32 478 110
chair 0.0491 239 129 287 196
chair 0.0484 207 88 302 177
chair 0.0478 264 125 311 193
chair 0.0476 49 77 75 143
chair 0.0476 277 9 433 111
chair 0.0475 287 151 318 212
chair 0.0471 203 102 236 179
chair 0.0463 345 332 410 360
chair 0.0462 316 170 345 218
chair 0.0448 261 109 292 180
chair 0.0447 414 308 454 359
chair 0.0447 339 340 387 359
chair 0.0438 285 79 378 173
chair 0.0434 178 40 239 174
chair 0.0414 259 106 371 191
chair 0.0413 448 183 478 211
chair 0.0410 220 181 288 227
chair 0.0403 202 171 312 230
chair 0.0393 222 101 257 156
chair 0.0391 0 340 54 360
chair 0.0388 263 291 352 360
chair 0.0383 352 101 373 140
chair 0.0383 257 81 328 156
chair 0.0382 354 342 404 359
chair 0.0381 436 174 476 207
chair 0.0366 237 102 292 165
chair 0.0366 209 179 262 255
chair 0.0362 435 149 480 176
chair 0.0355 443 172 462 198
chair 0.0348 417 0 480 21
chair 0.0346 272 110 299 168
chair 0.0345 440 3 480 60
chair 0.0339 450 195 480 226
chair 0.0338 54 82 72 127
chair 0.0338 434 335 460 360
chair 0.0331 310 117 329 164
chair 0.0328 436 290 480 333
chair 0.0325 338 159 360 198
chair 0.0322 250 184 306 226
chair 0.0321 202 45 237 140
chair 0.0319 225 177 260 226
chair 0.0317 313 101 369 147
chair 0.0316 186 98 244 195
chair 0.0313 246 163 285 223
chair 0.0306 449 29 480 94
chair 0.0306 360 305 398 360
chair 0.0305 293 115 313 171
chair 0.0304 423 299 466 335
chair 0.0303 429 47 480 170
chair 0.0302 410 2 454 82
chair 0.0301 320 111 344 165
chair 0.0301 188 112 224 185
chair 0.0296 180 192 221 248
chair 0.0295 224 191 331 229
chair 0.0295 342 163 372 207
chair 0.0295 284 113 306 171
chair 0.0293 274 154 311 218
chair 0.0292 214 140 301 192
chair 0.0292 322 158 352 203
chair 0.0291 458 4 480 36
chair 0.0289 422 0 458 56
chair 0.0287 417 329 463 358
chair 0.0286 293 159 331 218
chair 0.0286 458 295 480 335
chair 0.0282 166 181 211 232
chair 0.0282 439 300 472 350
chair 0.0282 450 168 479 185
chair 0.0281 439 180 468 201
chair 0.0280 355 335 384 360
chair 0.0273 432 86 480 122
chair 0.0269 258 332 352 358
chair 0.0269 286 193 345 226
chair 0.0268 261 167 293 199
chair 0.0266 291 313 350 360
chair 0.0265 347 111 370 150
chair 0.0264 188 184 268 229
chair 0.0264 436 0 480 14
chair 0.0262 193 196 248 241
chair 0.0261 267 144 353 199
chair 0.0260 233 106 268 164
chair 0.0259 293 332 373 360
chair 0.0258 198 245 232 304
chair 0.0257 389 1 480 71
chair 0.0254 223 167 284 200
chair 0.0253 224 171 249 201
chair 0.0253 167 130 277 196
chair 0.0253 296 156 322 202
chair 0.0251 273 325 424 360
chair 0.0250 212 39 245 119
chair 0.0250 217 170 247 214
chair 0.0250 178 169 221 226
chair 0.0248 314 164 342 202
chair 0.0246 452 271 480 334
chair 0.0245 213 196 264 221
chair 0.0244 449 91 480 146
chair 0.0244 252 166 281 203
chair 0.0242 213 41 312 136
chair 0.0239 322 68 359 120
chair 0.0239 220 171 239 202
chair 0.0233 198 40 273 153
chair 0.0232 442 327 465 359
chair 0.0230 197 149 271 186
chair 0.0228 97 41 171 66
chair 0.0228 204 203 238 251
chair 0.0228 436 229 453 277
chair 0.0227 304 118 321 161
chair 0.0227 161 70 229 190
chair 0.0226 205 99 277 145
chair 0.0224 156 174 255 243
chair 0.0223 312 189 355 222
chair 0.0223 323 303 358 360
chair 0.0223 203 96 242 133
chair 0.0223 269 115 292 157
chair 0.0222 232 167 256 200
chair 0.0220 324 172 371 215
chair 0.0219 450 208 480 231
chair 0.0218 175 197 204 236
chair 0.0218 420 26 480 76
chair 0.0216 174 201 193 232
chair 0.0216 264 77 298 139
chair 0.0215 197 210 235 271
chair 0.0214 208 152 240 219
chair 0.0214 187 159 269 211
chair 0.0211 423 51 471 127
chair 0.0211 269 107 341 145
chair 0.0210 0 262 21 286
chair 0.0209 334 308 400 347
chair 0.0208 339 97 375 124
chair 0.0206 314 125 335 171
chair 0.0205 322 342 369 359
chair 0.0203 460 87 480 115
chair 0.0203 224 174 263 194
chair 0.0202 351 312 385 358
chair 0.0202 320 94 374 129
chair 0.0201 37 72 71 131
chair 0.0201 233 110 254 151
chair 0.0201 205 187 239 237
chair 0.0200 226 122 260 193
chair 0.0200 210 55 231 107
diningtable 0.1604 221 108 346 218
diningtable 0.1070 255 121 373 207
diningtable 0.0515 295 122 424 212
diningtable 0.0472 253 12 440 114
diningtable 0.0403 187 124 392 233
diningtable 0.0370 274 108 399 187
diningtable 0.0351 162 124 315 214
diningtable 0.0313 108 137 336 238
diningtable 0.0298 217 69 438 190
diningtable 0.0298 212 19 371 100
diningtable 0.0297 90 40 317 170
diningtable 0.0274 146 31 376 141
diningtable 0.0261 247 163 365 227
diningtable 0.0252 137 77 358 195
diningtable 0.0226 0 233 78 287
diningtable 0.0216 257 128 467 232
diningtable 0.0212 282 179 404 233
diningtable 0.0210 90 93 233 160
diningtable 0.0208 349 191 434 226
diningtable 0.0204 217 92 365 164
diningtable 0.0203 257 54 436 134
diningtable 0.0203 329 182 457 230
dog 0.0776 0 343 47 358
dog 0.0679 0 328 44 359
person 0.0308 0 0 427 330
person 0.0291 0 335 34 359
person 0.0272 253 331 352 358
person 0.0225 0 0 189 327
pottedplant 0.6917 263 46 353 110
pottedplant 0.6645 78 174 132 250
pottedplant 0.5807 7 48 52 85
pottedplant 0.5397 347 133 405 200
pottedplant 0.4586 46 223 85 278
pottedplant 0.4377 0 153 48 275
pottedplant 0.4327 113 147 193 201
pottedplant 0.4063 10 257 169 358
pottedplant 0.3931 389 189 414 219
pottedplant 0.3883 336 281 452 357
pottedplant 0.3839 83 149 182 230
pottedplant 0.3678 260 208 367 347
pottedplant 0.3488 1 282 85 359
pottedplant 0.3267 12 154 68 266
pottedplant 0.3189 73 38 116 159
pottedplant 0.3161 432 187 458 226
pottedplant 0.3140 415 148 450 200
pottedplant 0.3028 370 251 442 354
pottedplant 0.3016 412 139 473 217
pottedplant 0.2932 297 234 464 356
pottedplant 0.2864 42 208 79 259
pottedplant 0.2850 195 228 375 359
pottedplant 0.2838 80 254 158 360
pottedplant 0.2718 161 296 372 360
pottedplant 0.2713 414 169 449 226
pottedplant 0.2689 24 251 311 356
pottedplant 0.2685 0 280 53 319
pottedplant 0.2656 80 127 105 171
pottedplant 0.2527 240 289 457 360
pottedplant 0.2522 210 117 281 226
pottedplant 0.2520 326 119 394 206
pottedplant 0.2463 268 64 358 176
pottedplant 0.2439 226 154 267 195
pottedplant 0.2387 307 112 354 205
pottedplant 0.2380 391 239 476 351
pottedplant 0.2357 0 257 30 279
pottedplant 0.2324 416 147 472 186
pottedplant 0.2268 413 114 480 194
pottedplant 0.2222 9 49 33 81
pottedplant 0.2178 78 80 110 172
pottedplant 0.2111 27 51 52 81
pottedplant 0.2089 0 283 44 349
pottedplant 0.2088 51 241 77 277
pottedplant 0.2079 377 292 480 358
pottedplant 0.2075 326 262 397 354
pottedplant 0.2066 440 230 478 304
pottedplant 0.2061 3 79 78 270
pottedplant 0.2049 411 193 437 226
pottedplant 0.1967 51 43 105 169
pottedplant 0.1962 36 294 161 359
pottedplant 0.1957 398 189 460 225
pottedplant 0.1936 41 207 75 233
pottedplant 0.1923 329 300 415 358
pottedplant 0.1923 273 112 365 210
pottedplant 0.1882 58 212 148 339
pottedplant 0.1873 246 194 429 360
pottedplant 0.1824 267 206 357 288
pottedplant 0.1798 71 124 142 232
pottedplant 0.1774 138 151 193 191
pottedplant 0.1764 291 203 346 237
pottedplant 0.1759 286 247 385 338
pottedplant 0.1758 21 59 78 201
pottedplant 0.1744 135 162 172 211
pottedplant 0.1722 346 259 422 347
pottedplant 0.1711 334 137 377 204
pottedplant 0.1711 313 139 346 201
pottedplant 0.1708 408 195 426 224
pottedplant 0.1695 5 15 43 80
pottedplant 0.1678 418 234 479 319
pottedplant 0.1657 251 140 374 322
pottedplant 0.1636 80 180 128 221
pottedplant 0.1631 439 161 475 222
pottedplant 0.1630 76 292 266 358
pottedplant 0.1601 46 245 66 277
pottedplant 0.1601 354 134 403 169
pottedplant 0.1598 70 192 89 224
pottedplant 0.1597 38 201 93 278
pottedplant 0.1595 386 244 433 329
pottedplant 0.1592 418 276 479 355
pottedplant 0.1563 268 155 293 199
pottedplant 0.1561 49 239 99 284
pottedplant 0.1547 216 155 270 222
pottedplant 0.1542 65 39 141 196
pottedplant 0.1539 106 147 153 207
pottedplant 0.1537 49 195 88 242
pottedplant 0.1516 0 192 73 279
pottedplant 0.1511 66 166 148 294
pottedplant 0.1494 276 160 360 271
pottedplant 0.1492 264 49 300 108
pottedplant 0.1485 230 111 332 214
pottedplant 0.1484 53 237 85 266
pottedplant 0.1468 305 200 344 226
pottedplant 0.1465 58 230 443 360
pottedplant 0.1460 88 254 224 351
pottedplant 0.1451 248 251 352 337
pottedplant 0.1450 87 173 347 340
pottedplant 0.1449 51 221 84 255
pottedplant 0.1443 393 248 430 302
pottedplant 0.1437 42 247 55 275
pottedplant 0.1436 19 173 200 326
pottedplant 0.1421 47 162 111 261
pottedplant 0.1421 101 297 152 360
pottedplant 0.1420 93 174 141 215
pottedplant 0.1407 356 125 450 212
pottedplant 0.1401 249 286 360 357
pottedplant 0.1396 0 215 48 278
pottedplant 0.1387 48 215 77 245
pottedplant 0.1373 3 240 81 343
pottedplant 0.1355 418 159 440 197
pottedplant 0.1350 376 287 426 354
pottedplant 0.1347 178 305 271 358
pottedplant 0.1341 115 167 161 211
pottedplant 0.1326 82 67 116 136
pottedplant 0.1322 234 44 363 142
pottedplant 0.1321 71 285 138 360
pottedplant 0.1312 399 185 428 225
pottedplant 0.1308 214 262 305 335
pottedplant 0.1295 107 325 157 359
pottedplant 0.1289 412 200 455 226
pottedplant 0.1273 59 203 232 360
pottedplant 0.1271 457 226 480 296
pottedplant 0.1265 0 236 35 280
pottedplant 0.1256 199 278 333 348
pottedplant 0.1250 325 288 382 341
pottedplant 0.1237 76 36 109 103
pottedplant 0.1220 384 327 438 359
pottedplant 0.1220 29 293 99 360
pottedplant 0.1219 293 130 389 221
pottedplant 0.1216 82 49 170 179
pottedplant 0.1213 275 284 349 340
pottedplant 0.1212 85 107 179 204
pottedplant 0.1208 306 123 461 328
pottedplant 0.1202 256 120 302 212
pottedplant 0.1202 265 232 326 324
pottedplant 0.1202 35 54 56 84
pottedplant 0.1199 38 212 68 275
pottedplant 0.1198 60 185 106 250
pottedplant 0.1195 203 76 300 216
pottedplant 0.1192 435 253 480 341
pottedplant 0.1191 346 119 390 183
pottedplant 0.1190 28 99 150 301
pottedplant 0.1184 221 258 272 321
pottedplant 0.1183 239 154 262 190
pottedplant 0.1172 14 52 93 150
pottedplant 0.1169 78 170 157 221
pottedplant 0.1167 238 152 286 194
pottedplant 0.1166 280 205 356 249
pottedplant 0.1165 107 344 159 358
pottedplant 0.1160 368 141 402 190
pottedplant 0.1159 0 110 42 246
pottedplant 0.1156 313 52 352 104
pottedplant 0.1151 65 190 92 238
pottedplant 0.1148 39 234 59 275
pottedplant 0.1139 0 146 60 342
pottedplant 0.1134 199 110 346 323
pottedplant 0.1128 73 248 147 318
pottedplant 0.1124 285 283 321 331
pottedplant 0.1122 106 147 167 181
pottedplant 0.1115 242 27 381 109
pottedplant 0.1112 287 295 386 360
pottedplant 0.1111 74 107 113 213
pottedplant 0.1101 78 177 110 215
pottedplant 0.1100 0 247 41 296
pottedplant 0.1100 352 149 386 199
pottedplant 0.1094 418 113 450 156
pottedplant 0.1071 0 292 38 329
pottedplant 0.1058 0 222 45 340
pottedplant 0.1057 0 37 67 91
pottedplant 0.1055 282 59 339 107
pottedplant 0.1051 0 265 39 309
pottedplant 0.1042 415 171 436 202
pottedplant 0.1041 125 174 153 214
pottedplant 0.1037 68 68 196 229
pottedplant 0.1036 136 256 268 349
pottedplant 0.1034 75 192 96 220
pottedplant 0.1034 28 42 121 250
pottedplant 0.1034 347 253 469 327
pottedplant 0.1023 58 207 82 239
pottedplant 0.1020 58 193 86 227
pottedplant 0.1017 380 176 411 217
pottedplant 0.1011 328 258 378 327
pottedplant 0.1000 447 119 480 178
pottedplant 0.0998 18 193 85 256
pottedplant 0.0994 174 242 297 337
pottedplant 0.0992 33 142 138 253
pottedplant 0.0989 303 179 345 230
pottedplant 0.0988 85 188 121 242
pottedplant 0.0986 45 201 78 224
pottedplant 0.0980 351 322 443 358
pottedplant 0.0979 326 216 418 344
pottedplant 0.0974 73 98 215 302
pottedplant 0.0967 50 234 139 303
pottedplant 0.0955 435 144 480 180
pottedplant 0.0951 49 304 116 358
pottedplant 0.0950 366 180 480 340
pottedplant 0.0947 258 137 293 195
pottedplant 0.0943 5 205 59 262
pottedplant 0.0940 74 103 102 179
pottedplant 0.0938 41 248 80 285
pottedplant 0.0938 399 196 416 225
pottedplant 0.0931 435 185 460 211
pottedplant 0.0931 0 51 45 175
pottedplant 0.0930 63 211 88 250
pottedplant 0.0921 6 37 45 70
pottedplant 0.0916 390 341 439 359
pottedplant 0.0913 3 0 34 47
pottedplant 0.0913 86 134 231 214
pottedplant 0.0912 361 142 416 215
pottedplant 0.0910 96 146 212 261
pottedplant 0.0906 454 155 480 218
pottedplant 0.0899 417 202 440 227
pottedplant 0.0895 0 187 47 239
pottedplant 0.0895 5 53 20 84
pottedplant 0.0894 0 150 33 232
pottedplant 0.0894 84 191 136 281
pottedplant 0.0892 0 239 21 270
pottedplant 0.0891 396 169 475 228
pottedplant 0.0887 299 53 375 109
pottedplant 0.0887 442 258 479 295
pottedplant 0.0887 188 302 239 336
pottedplant 0.0886 44 95 103 241
pottedplant 0.0885 360 259 409 325
pottedplant 0.0882 0 174 115 343
pottedplant 0.0882 250 244 306 329
pottedplant 0.0879 427 157 463 222
pottedplant 0.0873 221 144 309 224
pottedplant 0.0868 141 175 165 212
pottedplant 0.0864 40 227 96 312
pottedplant 0.0864 76 319 168 360
pottedplant 0.0858 100 322 218 360
pottedplant 0.0854 339 144 363 191
pottedplant 0.0853 267 241 306 288
pottedplant 0.0853 43 232 86 258
pottedplant 0.0846 73 186 88 213
pottedplant 0.0843 110 179 136 217
pottedplant 0.0842 133 317 260 359
pottedplant 0.0841 157 156 200 187
pottedplant 0.0841 101 151 139 179
pottedplant 0.0839 400 244 448 308
pottedplant 0.0838 398 334 472 359
pottedplant 0.0833 418 132 455 181
pottedplant 0.0824 383 192 394 219
pottedplant 0.0823 105 118 214 194
pottedplant 0.0822 208 212 330 324
pottedplant 0.0817 38 250 49 273
pottedplant 0.0813 384 186 404 214
pottedplant 0.0812 398 198 476 303
pottedplant 0.0812 0 260 32 293
pottedplant 0.0811 60 234 89 256
pottedplant 0.0811 249 34 400 199
pottedplant 0.0809 390 302 431 360
pottedplant 0.0801 88 206 134 254
pottedplant 0.0798 36 194 83 228
pottedplant 0.0795 46 195 84 216
pottedplant 0.0795 85 153 103 183
pottedplant 0.0795 92 159 141 199
pottedplant 0.0791 322 99 377 183
pottedplant 0.0791 45 258 72 281
pottedplant 0.0790 378 139 405 169
pottedplant 0.0790 431 150 478 204
pottedplant 0.0790 224 160 251 193
pottedplant 0.0788 85 151 135 219
pottedplant 0.0787 416 149 461 173
pottedplant 0.0783 192 43 258 198
pottedplant 0.0782 391 143 410 167
pottedplant 0.0781 122 139 190 182
pottedplant 0.0778 265 47 297 70
pottedplant 0.0777 426 204 461 226
pottedplant 0.0777 119 34 196 165
pottedplant 0.0772 0 313 61 360
pottedplant 0.0771 357 294 438 339
pottedplant 0.0768 82 169 105 187
pottedplant 0.0768 0 282 27 315
pottedplant 0.0768 280 267 333 332
pottedplant 0.0767 44 230 66 269
pottedplant 0.0766 309 267 374 349
pottedplant 0.0758 61 243 88 276
pottedplant 0.0756 4 55 66 124
pottedplant 0.0755 78 174 105 194
pottedplant 0.0754 126 123 267 221
pottedplant 0.0752 109 165 139 206
pottedplant 0.0751 390 141 477 270
pottedplant 0.0748 89 164 172 206
pottedplant 0.0745 79 138 156 200
pottedplant 0.0745 272 126 301 198
pottedplant 0.0741 375 149 407 210
pottedplant 0.0740 66 250 130 298
pottedplant 0.0739 158 301 236 356
pottedplant 0.0739 103 161 131 181
pottedplant 0.0737 4 82 70 166
pottedplant 0.0736 0 51 9 87
pottedplant 0.0734 211 285 290 323
pottedplant 0.0732 294 222 367 316
pottedplant 0.0730 206 35 346 212
pottedplant 0.0729 133 103 279 312
pottedplant 0.0727 207 303 243 329
pottedplant 0.0726 302 293 376 328
pottedplant 0.0726 108 248 168 339
pottedplant 0.0725 141 160 194 213
pottedplant 0.0722 0 301 25 338
tvmonitor 0.1937 443 113 479 158
tvmonitor 0.1817 419 108 478 180
tvmonitor 0.0880 456 152 479 183
tvmonitor 0.0703 452 121 480 178
tvmonitor 0.0699 426 105 480 142
tvmonitor 0.0593 444 116 480 136
tvmonitor 0.0560 416 49 478 172
tvmonitor 0.0556 458 112 480 150
tvmonitor 0.0503 440 101 480 128
tvmonitor 0.0488 452 143 480 169
tvmonitor 0.0462 446 124 473 153
tvmonitor 0.0427 420 110 457 153
tvmonitor 0.0425 432 111 478 129
tvmonitor 0.0414 100 39 175 150
tvmonitor 0.0387 432 76 480 150
tvmonitor 0.0385 437 87 480 122
tvmonitor 0.0320 426 141 480 170
tvmonitor 0.0303 460 102 480 128
tvmonitor 0.0283 455 98 480 120
tvmonitor 0.0281 438 121 478 143
tvmonitor 0.0247 445 138 479 156
tvmonitor 0.0226 407 95 480 158
tvmonitor 0.0225 424 115 468 133
tvmonitor 0.0215 437 50 480 107
tvmonitor 0.0213 112 47 168 119
tvmonitor 0.0210 446 185 479 206
tvmonitor 0.0200 89 37 169 95
