aeroplane 0.0432 227 314 255 332
aeroplane 0.0387 0 9 374 454
aeroplane 0.0201 223 301 288 339
bird 0.8164 5 208 108 489
bird 0.0850 14 206 93 310
bird 0.0736 52 209 79 287
bird 0.0710 0 350 117 485
bird 0.0692 0 198 203 481
bird 0.0548 7 325 55 483
bird 0.0523 23 201 119 362
bird 0.0481 28 207 78 284
bird 0.0435 4 370 30 484
bird 0.0403 9 385 44 486
bird 0.0353 0 157 139 405
bird 0.0352 0 124 326 477
bird 0.0345 5 196 81 396
bird 0.0322 11 281 82 473
bird 0.0301 9 212 56 328
bird 0.0288 39 211 100 277
bird 0.0271 5 414 22 487
bird 0.0265 59 213 93 289
bird 0.0256 33 247 106 446
bird 0.0255 5 428 50 486
bird 0.0250 21 220 66 301
bird 0.0243 0 385 19 489
bird 0.0235 12 205 51 286
bird 0.0232 7 362 47 444
bird 0.0228 13 206 72 257
bird 0.0221 5 334 32 447
bird 0.0210 46 208 67 276
bird 0.0205 39 221 107 325
bird 0.0202 26 287 145 483
bird 0.0200 59 213 75 276
boat 0.0442 0 21 374 470
chair 0.0474 132 115 374 475
chair 0.0366 0 0 374 382
chair 0.0301 213 266 369 488
chair 0.0299 87 200 308 473
chair 0.0289 228 24 374 388
chair 0.0240 86 343 311 487
chair 0.0237 224 168 364 356
chair 0.0222 138 44 374 259
chair 0.0212 316 456 374 497
chair 0.0203 83 374 232 476
diningtable 0.0484 14 155 355 486
diningtable 0.0294 128 230 370 474
diningtable 0.0279 20 197 269 418
diningtable 0.0220 20 295 279 488
person 0.0389 0 66 374 499
person 0.0374 0 0 174 477
sofa 0.0315 29 16 374 489
