aeroplane 0.1014 384 95 434 141
aeroplane 0.0778 382 88 454 216
aeroplane 0.0658 0 0 460 323
aeroplane 0.0442 467 177 493 201
aeroplane 0.0388 381 93 433 182
aeroplane 0.0379 467 187 478 199
aeroplane 0.0354 364 94 429 225
aeroplane 0.0349 453 180 480 202
aeroplane 0.0345 155 72 500 305
aeroplane 0.0326 4 126 373 323
aeroplane 0.0299 470 181 484 196
aeroplane 0.0293 306 84 498 275
aeroplane 0.0275 403 80 486 218
aeroplane 0.0274 299 91 433 210
aeroplane 0.0273 358 169 379 198
aeroplane 0.0230 467 186 486 201
aeroplane 0.0229 465 163 500 200
aeroplane 0.0225 377 0 465 218
aeroplane 0.0213 441 175 491 203
aeroplane 0.0200 0 209 269 321
bicycle 0.0542 272 183 300 210
bicycle 0.0309 265 166 305 211
bicycle 0.0306 259 184 282 210
bicycle 0.0294 232 188 258 216
bicycle 0.0261 123 175 167 223
bicycle 0.0258 183 194 213 220
bicycle 0.0206 291 190 311 208
boat 0.1247 386 94 435 140
boat 0.0435 0 0 171 297
boat 0.0403 396 96 425 132
boat 0.0351 376 88 432 204
boat 0.0277 407 95 429 128
boat 0.0276 390 95 415 126
boat 0.0259 0 0 383 188
boat 0.0233 393 119 428 200
boat 0.0226 37 0 255 258
boat 0.0219 0 22 470 322
boat 0.0216 389 97 431 117
boat 0.0205 378 141 418 201
bus 0.0782 0 0 492 323
car 0.1015 0 0 500 323
car 0.0536 338 244 500 312
car 0.0460 4 189 91 319
car 0.0409 482 169 499 199
car 0.0393 366 170 383 199
car 0.0384 0 169 462 323
car 0.0349 227 199 252 217
car 0.0345 0 219 291 319
car 0.0300 470 174 499 201
car 0.0291 221 231 500 323
car 0.0282 0 214 55 323
car 0.0271 401 182 424 208
car 0.0268 377 219 500 298
car 0.0268 452 253 499 321
car 0.0260 181 131 219 149
car 0.0258 322 134 494 323
car 0.0252 408 244 499 274
car 0.0252 185 206 213 222
car 0.0244 482 243 499 272
car 0.0244 1 219 18 250
car 0.0240 232 203 265 216
car 0.0226 360 173 377 199
car 0.0224 270 197 304 210
car 0.0223 4 151 158 323
car 0.0220 192 208 226 220
car 0.0218 0 229 19 264
car 0.0215 3 227 43 243
car 0.0213 0 217 44 283
car 0.0206 443 246 500 291
car 0.0205 128 122 161 136
car 0.0200 482 273 500 307
horse 0.6140 172 134 224 218
horse 0.5769 123 140 170 222
horse 0.3870 228 162 256 215
horse 0.3366 267 160 296 210
horse 0.3317 255 156 280 209
horse 0.3022 243 162 271 212
horse 0.1580 181 160 218 221
horse 0.1404 188 143 246 220
horse 0.1235 222 163 245 213
horse 0.1153 195 159 229 217
horse 0.0904 208 161 236 215
horse 0.0829 230 150 278 216
horse 0.0792 138 158 173 221
horse 0.0782 140 131 201 223
horse 0.0778 250 144 294 213
horse 0.0768 127 164 160 223
horse 0.0742 281 160 305 208
horse 0.0444 245 167 261 207
horse 0.0430 225 181 252 213
horse 0.0425 154 156 180 218
horse 0.0423 250 166 275 201
horse 0.0421 160 149 209 219
horse 0.0392 186 183 211 220
horse 0.0381 170 169 203 221
horse 0.0332 162 168 189 221
horse 0.0330 100 166 158 223
horse 0.0292 166 179 184 216
horse 0.0245 78 142 159 228
horse 0.0239 196 178 216 218
horse 0.0237 251 184 275 210
horse 0.0217 228 162 251 190
horse 0.0211 124 160 164 196
motorbike 0.0647 143 129 211 222
motorbike 0.0430 226 187 252 216
motorbike 0.0395 187 133 262 218
motorbike 0.0292 8 10 192 255
person 0.7653 173 130 222 217
person 0.6434 125 123 165 223
person 0.3083 254 138 279 202
person 0.2518 257 138 278 173
person 0.1810 273 159 299 210
person 0.1725 411 182 423 208
person 0.1595 241 138 274 210
person 0.1437 468 183 479 202
person 0.1346 365 169 378 199
person 0.1313 128 124 159 184
person 0.1125 257 159 277 209
person 0.1096 93 178 104 221
person 0.1093 283 166 301 210
person 0.1065 143 126 201 224
person 0.1022 229 177 249 217
person 0.0947 234 169 255 215
person 0.0924 0 0 232 323
person 0.0794 181 131 218 187
person 0.0781 0 0 500 305
person 0.0735 226 139 265 213
person 0.0682 162 139 188 195
person 0.0649 221 167 244 216
person 0.0616 240 166 264 215
person 0.0596 175 138 193 173
person 0.0587 252 172 270 211
person 0.0586 288 161 306 205
person 0.0586 293 177 307 208
person 0.0580 470 180 488 201
person 0.0566 187 133 245 216
person 0.0534 170 138 201 194
person 0.0530 409 188 419 205
person 0.0527 267 167 286 209
person 0.0515 93 180 104 201
person 0.0501 172 142 190 189
person 0.0498 208 138 225 168
person 0.0484 91 180 112 226
person 0.0482 192 136 227 194
person 0.0469 231 160 249 207
person 0.0469 214 176 231 215
person 0.0467 413 187 424 202
person 0.0451 190 147 221 219
person 0.0447 407 180 424 222
person 0.0445 224 188 240 216
person 0.0442 210 161 226 197
person 0.0442 203 158 227 216
person 0.0431 264 138 283 164
person 0.0431 10 63 161 291
person 0.0430 202 134 226 178
person 0.0424 233 127 296 215
person 0.0422 294 160 307 197
person 0.0416 176 183 192 218
person 0.0415 181 186 202 220
person 0.0403 95 179 109 208
person 0.0387 180 130 201 158
person 0.0383 159 178 176 219
person 0.0382 125 172 153 223
person 0.0379 148 169 171 221
person 0.0377 263 136 300 207
person 0.0369 261 144 287 199
person 0.0361 466 189 474 202
person 0.0358 145 131 175 193
person 0.0353 160 154 178 191
person 0.0351 133 171 166 223
person 0.0345 175 132 213 167
person 0.0344 164 176 186 220
person 0.0342 195 181 217 220
person 0.0327 403 201 418 236
person 0.0325 209 149 226 181
person 0.0317 131 125 156 162
person 0.0315 211 155 232 203
person 0.0314 254 138 274 160
person 0.0312 465 180 482 210
person 0.0305 205 184 224 219
person 0.0303 178 150 207 202
person 0.0303 249 140 263 168
person 0.0300 402 181 421 208
person 0.0299 301 181 312 202
person 0.0297 400 185 412 207
person 0.0292 152 192 169 222
person 0.0288 399 181 423 236
person 0.0278 247 139 271 185
person 0.0278 91 123 144 229
person 0.0273 246 185 262 215
person 0.0272 213 144 229 173
person 0.0269 156 157 179 214
person 0.0268 246 163 261 201
person 0.0266 90 180 100 216
person 0.0264 154 160 170 194
person 0.0261 105 103 174 225
person 0.0261 340 44 493 294
person 0.0257 72 176 105 225
person 0.0257 175 160 192 197
person 0.0254 176 133 197 152
person 0.0252 122 186 138 222
person 0.0251 96 182 122 225
person 0.0250 297 165 312 198
person 0.0247 261 139 278 157
person 0.0246 272 143 296 183
person 0.0245 150 153 172 203
person 0.0245 277 144 292 166
person 0.0242 372 172 393 197
person 0.0242 91 184 99 205
person 0.0238 135 146 166 209
person 0.0235 413 183 429 201
person 0.0232 242 147 252 168
person 0.0230 237 163 254 192
person 0.0229 124 148 154 206
person 0.0228 243 150 267 198
person 0.0226 178 174 211 222
person 0.0223 215 147 244 206
person 0.0223 180 133 220 153
person 0.0222 197 131 220 162
person 0.0222 262 186 278 212
person 0.0219 277 156 294 184
person 0.0218 236 144 256 187
person 0.0218 268 81 444 298
person 0.0216 242 154 252 175
person 0.0214 198 154 217 198
person 0.0212 140 126 161 156
person 0.0211 279 152 303 195
person 0.0211 223 161 239 198
person 0.0209 95 182 103 196
person 0.0209 208 138 234 193
person 0.0206 265 144 284 181
person 0.0204 216 196 231 218
person 0.0204 179 160 200 192
person 0.0203 172 167 196 214
person 0.0202 206 133 225 153
person 0.0201 129 124 158 144
person 0.0201 129 131 215 257
person 0.0200 409 193 423 233
train 0.0740 12 2 166 276
train 0.0647 0 8 403 323
train 0.0354 225 134 299 214
train 0.0289 131 125 224 223
train 0.0263 0 108 348 286
train 0.0248 173 129 274 221
train 0.0235 46 114 114 230
train 0.0221 8 139 153 315
