bicycle 0.1253 0 202 37 252
bicycle 0.0624 375 324 500 375
bicycle 0.0567 164 133 459 342
bicycle 0.0487 2 230 34 252
bicycle 0.0471 316 306 500 372
bicycle 0.0367 417 293 500 375
bicycle 0.0354 273 257 500 374
boat 0.0453 0 0 431 227
boat 0.0350 54 19 312 269
boat 0.0315 139 110 181 129
boat 0.0245 128 112 177 174
boat 0.0220 155 67 332 263
bus 0.2021 447 129 499 167
bus 0.0920 0 0 499 375
bus 0.0541 449 132 476 162
bus 0.0424 424 116 500 170
bus 0.0290 461 124 499 152
bus 0.0209 80 38 373 272
bus 0.0204 434 125 469 169
car 0.7542 165 130 340 270
car 0.2255 447 130 500 168
car 0.1813 452 148 493 163
car 0.1781 175 130 326 188
car 0.1474 478 130 498 166
car 0.1402 464 143 495 169
car 0.1249 447 145 475 165
car 0.1194 447 139 486 163
car 0.1153 458 152 491 170
car 0.0993 157 118 432 311
car 0.0992 453 151 479 168
car 0.0904 222 131 321 168
car 0.0729 165 161 276 278
car 0.0728 172 149 194 182
car 0.0728 444 148 486 170
car 0.0705 405 334 500 373
car 0.0695 0 0 500 375
car 0.0682 167 136 306 221
car 0.0669 457 140 495 192
car 0.0641 449 151 469 170
car 0.0629 168 141 272 192
car 0.0607 445 148 464 165
car 0.0606 452 336 499 375
car 0.0588 235 130 309 155
car 0.0572 57 104 345 251
car 0.0571 477 341 499 375
car 0.0558 462 137 500 161
car 0.0528 167 148 211 184
car 0.0524 468 131 500 185
car 0.0521 0 229 28 252
car 0.0515 237 133 287 149
car 0.0497 461 128 500 148
car 0.0487 6 257 357 375
car 0.0481 458 355 499 374
car 0.0479 431 148 458 162
car 0.0475 183 177 333 258
car 0.0474 427 138 492 171
car 0.0464 436 141 473 168
car 0.0455 428 349 500 375
car 0.0448 444 154 458 171
car 0.0443 418 147 449 163
car 0.0426 452 159 476 173
car 0.0424 171 149 246 182
car 0.0408 487 131 500 170
car 0.0406 218 169 256 188
car 0.0394 200 134 289 181
car 0.0393 160 150 179 183
car 0.0372 222 127 333 226
car 0.0364 184 117 366 212
car 0.0363 435 153 460 168
car 0.0363 483 129 499 149
car 0.0362 164 152 188 184
car 0.0361 279 133 310 153
car 0.0356 180 161 270 197
car 0.0356 260 130 307 145
car 0.0349 471 127 496 156
car 0.0346 159 132 202 183
car 0.0337 435 149 450 167
car 0.0333 422 143 460 168
car 0.0332 425 143 442 161
car 0.0326 431 135 500 199
car 0.0318 200 147 329 204
car 0.0311 3 164 37 180
car 0.0311 198 152 273 184
car 0.0310 445 158 463 174
car 0.0298 239 131 267 152
car 0.0297 137 113 183 175
car 0.0295 465 124 499 140
car 0.0292 417 141 435 161
car 0.0284 26 133 197 252
car 0.0282 0 210 39 250
car 0.0270 5 234 41 251
car 0.0269 414 132 478 167
car 0.0265 163 155 229 197
car 0.0265 115 123 264 183
car 0.0262 211 163 273 191
car 0.0261 436 150 495 185
car 0.0261 413 144 444 158
car 0.0260 465 153 500 177
car 0.0258 152 142 220 189
car 0.0256 473 145 500 164
car 0.0254 242 122 328 152
car 0.0252 13 146 285 290
car 0.0248 19 0 325 289
car 0.0243 0 156 41 192
car 0.0242 246 129 336 183
car 0.0241 194 155 285 224
car 0.0239 244 127 283 140
car 0.0238 429 144 458 158
car 0.0236 2 172 37 190
car 0.0236 446 129 487 147
car 0.0235 442 134 480 156
car 0.0228 217 157 258 199
car 0.0227 443 137 460 161
car 0.0225 101 67 500 273
car 0.0225 267 126 304 138
car 0.0221 234 125 304 143
car 0.0221 174 150 218 172
car 0.0218 0 238 33 254
car 0.0215 141 152 205 185
car 0.0214 0 180 56 250
car 0.0213 1 158 30 175
car 0.0213 443 315 500 371
car 0.0210 159 125 236 179
car 0.0209 439 155 479 174
car 0.0208 199 172 279 205
car 0.0204 9 164 163 239
car 0.0202 270 130 316 173
car 0.0200 49 149 87 174
chair 0.0388 369 329 500 375
chair 0.0343 0 204 26 237
chair 0.0295 386 253 495 374
chair 0.0267 435 322 497 375
chair 0.0246 140 256 442 374
chair 0.0229 213 344 323 373
chair 0.0215 410 344 498 375
motorbike 0.0511 6 77 282 237
motorbike 0.0306 0 34 481 364
motorbike 0.0206 0 148 233 330
person 0.6071 0 173 33 249
person 0.5286 468 151 491 209
person 0.2648 470 150 490 180
person 0.1798 0 176 25 219
person 0.1770 460 137 492 195
person 0.1430 466 152 484 174
person 0.1146 10 180 37 238
person 0.1129 0 204 26 250
person 0.0993 0 0 210 375
person 0.0949 455 151 474 170
person 0.0938 474 154 495 194
person 0.0802 457 145 493 172
person 0.0768 475 144 498 175
person 0.0745 480 156 500 209
person 0.0706 0 176 32 199
person 0.0659 0 0 500 324
person 0.0634 457 155 473 176
person 0.0598 71 146 91 175
person 0.0582 489 166 500 204
person 0.0582 448 143 480 172
person 0.0555 0 164 42 219
person 0.0553 6 253 114 374
person 0.0529 172 150 194 184
person 0.0517 469 134 500 221
person 0.0484 486 150 500 195
person 0.0439 472 173 491 212
person 0.0433 14 177 36 209
person 0.0433 0 294 45 374
person 0.0432 446 133 490 178
person 0.0431 11 210 36 250
person 0.0427 489 183 500 210
person 0.0425 450 156 468 174
person 0.0399 0 310 145 372
person 0.0397 490 149 500 179
person 0.0393 58 148 76 175
person 0.0390 463 157 491 172
person 0.0385 451 147 487 206
person 0.0383 1 172 22 196
person 0.0377 456 151 479 193
person 0.0366 2 165 19 186
person 0.0365 19 190 43 238
person 0.0352 0 309 28 375
person 0.0350 156 291 184 314
person 0.0347 2 156 17 180
person 0.0341 443 157 456 175
person 0.0332 0 207 52 248
person 0.0328 455 162 497 213
person 0.0315 451 161 467 182
person 0.0313 484 135 500 177
person 0.0312 452 306 498 373
person 0.0307 8 155 31 179
person 0.0299 0 195 26 229
person 0.0294 459 161 472 196
person 0.0291 69 283 206 373
person 0.0289 0 160 26 194
person 0.0286 465 169 484 211
person 0.0281 74 288 132 375
person 0.0277 56 267 150 371
person 0.0274 435 152 450 172
person 0.0269 8 164 30 185
person 0.0269 476 182 500 208
person 0.0269 27 151 43 175
person 0.0262 1 315 74 373
person 0.0262 14 155 40 176
person 0.0260 1 151 184 352
person 0.0260 24 185 43 222
person 0.0260 95 303 120 338
person 0.0256 447 159 472 197
person 0.0253 132 260 212 375
person 0.0252 0 185 15 228
person 0.0251 184 151 210 181
person 0.0251 453 167 467 191
person 0.0248 240 159 333 271
person 0.0248 0 174 14 204
person 0.0245 219 166 246 190
person 0.0244 422 279 497 375
person 0.0241 460 345 491 375
person 0.0238 224 170 251 197
person 0.0237 0 158 61 249
person 0.0235 0 335 23 375
person 0.0230 42 0 296 298
person 0.0230 282 85 441 306
person 0.0224 4 172 33 192
person 0.0223 25 208 43 245
person 0.0220 71 316 167 372
person 0.0220 441 158 479 214
person 0.0219 92 314 139 375
person 0.0217 0 150 18 204
person 0.0217 166 158 186 187
person 0.0214 16 226 37 252
person 0.0212 61 138 91 178
person 0.0211 3 189 33 223
person 0.0210 443 156 475 182
person 0.0208 65 301 111 372
person 0.0207 278 182 329 250
person 0.0205 0 148 45 195
person 0.0202 436 159 449 185
person 0.0200 429 147 500 210
pottedplant 0.1361 280 227 490 375
pottedplant 0.0589 282 299 494 371
pottedplant 0.0519 373 228 476 368
pottedplant 0.0470 354 320 500 374
pottedplant 0.0426 284 249 392 375
pottedplant 0.0407 240 159 488 354
pottedplant 0.0355 46 149 73 174
pottedplant 0.0333 56 149 79 173
pottedplant 0.0317 188 136 377 350
pottedplant 0.0299 303 217 417 360
pottedplant 0.0297 385 279 491 375
pottedplant 0.0286 39 148 61 175
pottedplant 0.0271 284 312 396 375
pottedplant 0.0262 361 277 450 375
pottedplant 0.0249 222 211 398 375
pottedplant 0.0245 288 338 410 373
pottedplant 0.0244 36 146 82 176
pottedplant 0.0235 225 111 441 285
pottedplant 0.0227 34 148 51 175
pottedplant 0.0223 312 124 423 310
pottedplant 0.0222 286 275 354 372
pottedplant 0.0220 275 329 460 375
pottedplant 0.0211 342 316 429 374
sofa 0.0234 84 254 467 370
sofa 0.0205 0 199 40 243
train 0.0540 0 0 489 336
train 0.0398 419 123 500 171
train 0.0358 123 64 500 287
train 0.0350 0 55 320 277
tvmonitor 0.4974 0 247 211 372
tvmonitor 0.0605 96 257 216 375
tvmonitor 0.0466 47 219 286 364
tvmonitor 0.0400 115 234 351 375
tvmonitor 0.0374 57 258 204 335
tvmonitor 0.0333 163 175 390 351
tvmonitor 0.0259 2 243 109 362
tvmonitor 0.0258 0 286 155 371
tvmonitor 0.0225 111 253 207 319
tvmonitor 0.0207 150 259 211 366
