car 0.0945 1 288 22 323
car 0.0596 4 286 38 322
car 0.0387 0 288 13 327
car 0.0377 11 276 48 336
car 0.0363 0 302 24 327
car 0.0338 0 275 28 328
car 0.0269 9 297 29 328
car 0.0224 1 309 19 338
car 0.0208 456 340 499 420
car 0.0206 0 316 30 334
person 0.0888 24 276 52 350
person 0.0563 22 274 46 320
person 0.0447 99 179 130 205
person 0.0372 32 298 52 354
person 0.0300 88 179 142 255
person 0.0297 30 289 63 357
person 0.0283 14 280 44 331
person 0.0231 92 179 137 224
person 0.0226 129 188 147 227
train 0.8908 20 178 491 343
train 0.2310 12 32 500 355
train 0.1583 11 194 94 347
train 0.1127 370 0 496 287
train 0.0968 19 259 57 335
train 0.0907 9 275 48 323
train 0.0675 8 213 66 331
train 0.0604 10 236 141 359
train 0.0559 0 251 45 321
train 0.0487 15 183 244 361
train 0.0399 0 221 500 420
train 0.0392 0 263 24 324
train 0.0389 21 243 87 363
train 0.0384 402 179 494 320
train 0.0383 16 288 188 362
train 0.0351 217 0 480 332
train 0.0318 16 177 137 300
train 0.0306 18 277 44 314
train 0.0305 307 168 490 327
train 0.0297 24 270 70 354
train 0.0277 107 3 485 173
train 0.0261 1 255 19 309
train 0.0257 3 193 80 289
train 0.0257 8 277 29 317
train 0.0251 2 204 47 309
train 0.0240 42 190 166 352
train 0.0208 7 127 86 304
train 0.0207 3 267 59 312
