bicycle 0.7586 23 251 487 404
bicycle 0.6267 0 95 500 397
bicycle 0.2260 9 267 282 416
bicycle 0.1456 204 281 500 411
bicycle 0.1334 116 278 322 411
bicycle 0.1033 104 312 453 414
bicycle 0.0684 130 285 225 414
bicycle 0.0605 281 336 491 412
bicycle 0.0600 305 210 495 416
bicycle 0.0528 2 214 204 392
bicycle 0.0486 124 348 299 415
bicycle 0.0392 10 322 223 413
bicycle 0.0375 336 292 499 408
bicycle 0.0365 12 254 194 347
bicycle 0.0354 0 271 152 411
bicycle 0.0286 53 275 222 394
bicycle 0.0286 0 164 302 402
bicycle 0.0281 5 226 110 373
bicycle 0.0253 5 151 162 357
bicycle 0.0226 259 348 409 414
bicycle 0.0221 350 246 494 377
bicycle 0.0217 153 302 258 416
bicycle 0.0215 303 280 415 416
bicycle 0.0212 162 214 411 416
bicycle 0.0205 163 357 378 414
boat 0.0313 166 20 448 124
car 0.0548 153 24 488 175
car 0.0395 292 18 484 104
car 0.0354 15 10 204 98
car 0.0352 24 13 358 134
car 0.0339 367 0 484 97
car 0.0320 337 0 492 182
car 0.0314 31 1 241 68
car 0.0310 71 15 282 103
car 0.0255 5 96 156 323
car 0.0246 400 377 498 414
car 0.0243 5 0 96 100
car 0.0243 361 344 500 414
car 0.0243 7 67 149 211
car 0.0240 10 0 144 145
car 0.0233 270 2 464 68
car 0.0218 6 157 104 295
car 0.0212 410 314 497 416
car 0.0211 3 14 93 167
chair 0.0282 342 348 500 414
chair 0.0278 398 254 498 401
chair 0.0232 387 378 499 413
chair 0.0232 285 373 500 416
motorbike 0.0225 4 165 150 337
person 0.8261 38 22 492 413
person 0.1155 26 100 328 416
person 0.0888 221 65 460 400
person 0.0687 127 150 430 416
person 0.0583 131 283 222 414
person 0.0550 337 73 488 390
person 0.0542 12 24 221 376
person 0.0377 288 49 486 275
person 0.0329 55 5 486 212
person 0.0325 234 211 437 416
person 0.0310 133 217 332 412
person 0.0293 165 279 294 416
person 0.0288 190 20 407 104
person 0.0274 252 243 343 409
person 0.0257 244 38 478 186
person 0.0254 181 17 294 157
person 0.0242 369 82 481 244
person 0.0235 5 163 197 344
person 0.0225 216 248 312 405
person 0.0213 176 29 372 177
person 0.0206 276 275 383 416
person 0.0205 77 20 266 284
train 0.0301 208 41 480 207
