bicycle 0.0391 0 155 77 202
bicycle 0.0300 429 62 491 138
bicycle 0.0293 304 0 363 7
bicycle 0.0265 259 0 349 7
bicycle 0.0239 79 0 132 9
bird 0.0272 93 0 130 12
bird 0.0205 273 133 376 167
boat 0.0590 0 7 500 186
boat 0.0255 87 0 131 8
boat 0.0248 385 90 495 141
boat 0.0205 80 0 130 16
bus 0.0471 259 84 437 194
car 0.0774 12 74 282 187
car 0.0693 0 38 488 189
car 0.0353 97 69 242 158
car 0.0299 0 87 155 162
car 0.0244 224 57 480 140
car 0.0207 418 41 494 125
cow 0.5248 286 86 399 144
cow 0.3082 1 95 42 155
cow 0.1316 375 92 411 132
cow 0.0996 282 90 337 141
cow 0.0906 282 79 419 186
cow 0.0897 332 88 412 137
cow 0.0717 211 75 360 166
cow 0.0654 0 91 37 202
cow 0.0590 0 89 81 202
cow 0.0579 320 90 380 134
cow 0.0554 206 63 226 82
cow 0.0504 270 88 461 155
cow 0.0473 368 90 419 146
cow 0.0432 265 88 354 159
cow 0.0420 0 140 104 200
cow 0.0411 273 95 315 140
cow 0.0367 141 82 406 177
cow 0.0366 216 72 305 152
cow 0.0355 325 74 472 145
cow 0.0341 0 125 179 202
cow 0.0331 386 69 465 142
cow 0.0326 185 96 234 175
cow 0.0323 0 98 29 133
cow 0.0305 0 147 54 202
cow 0.0303 186 114 290 172
cow 0.0299 255 122 464 202
cow 0.0298 2 111 35 147
cow 0.0283 273 111 403 151
cow 0.0282 0 92 47 127
cow 0.0270 276 112 326 143
cow 0.0268 214 119 391 181
cow 0.0249 0 108 57 176
cow 0.0246 312 0 368 8
cow 0.0241 289 85 355 131
cow 0.0240 297 86 401 118
cow 0.0233 304 99 371 153
cow 0.0233 364 87 406 120
cow 0.0229 245 111 366 168
cow 0.0228 15 108 46 143
cow 0.0223 262 80 325 142
cow 0.0216 239 73 386 138
cow 0.0215 288 111 348 142
cow 0.0207 300 103 434 146
dog 0.0914 373 93 406 132
dog 0.0895 3 91 70 180
dog 0.0517 12 81 240 191
dog 0.0333 383 95 405 124
dog 0.0318 0 183 36 201
dog 0.0310 385 105 403 132
dog 0.0300 0 94 39 127
dog 0.0204 2 127 196 197
horse 0.1069 0 93 39 139
horse 0.0411 176 75 333 173
horse 0.0394 1 137 156 201
horse 0.0311 309 0 363 8
horse 0.0205 406 0 446 7
motorbike 0.0312 181 67 329 168
motorbike 0.0257 93 0 131 8
motorbike 0.0214 434 45 498 113
person 0.2146 193 76 231 150
person 0.1474 175 66 236 173
person 0.1244 449 43 477 89
person 0.1242 194 73 263 167
person 0.1223 198 68 229 116
person 0.1132 440 42 488 124
person 0.0745 0 140 44 202
person 0.0724 452 44 493 99
person 0.0682 86 66 241 178
person 0.0660 445 76 470 116
person 0.0658 457 41 472 68
person 0.0654 0 6 480 191
person 0.0596 6 66 204 191
person 0.0543 444 52 472 104
person 0.0531 0 166 37 202
person 0.0505 203 62 227 97
person 0.0504 454 65 494 123
person 0.0503 0 92 37 134
person 0.0498 0 98 45 183
person 0.0467 451 42 471 78
person 0.0465 144 66 224 156
person 0.0418 0 96 23 119
person 0.0411 206 88 233 137
person 0.0408 459 47 483 79
person 0.0407 412 0 440 6
person 0.0406 3 80 74 148
person 0.0405 214 68 380 175
person 0.0401 447 80 465 108
person 0.0395 195 80 221 112
person 0.0388 383 94 405 122
person 0.0385 315 0 362 7
person 0.0378 192 108 231 173
person 0.0360 453 42 467 65
person 0.0344 0 160 68 202
person 0.0343 188 75 221 126
person 0.0339 470 63 498 111
person 0.0335 262 22 455 148
person 0.0332 434 55 470 121
person 0.0329 458 44 471 54
person 0.0327 287 0 369 5
person 0.0313 202 102 231 155
person 0.0310 442 82 483 128
person 0.0309 390 94 410 119
person 0.0308 476 88 500 126
person 0.0306 393 42 475 132
person 0.0306 0 122 25 179
person 0.0299 438 44 467 92
person 0.0299 210 83 230 115
person 0.0297 367 91 402 128
person 0.0296 193 63 242 127
person 0.0295 75 1 125 32
person 0.0288 0 182 27 202
person 0.0286 1 148 19 175
person 0.0285 376 94 416 145
person 0.0269 448 55 467 82
person 0.0267 461 43 479 65
person 0.0264 336 1 369 8
person 0.0263 0 59 42 148
person 0.0262 272 107 312 145
person 0.0254 0 144 35 180
person 0.0252 0 78 101 197
person 0.0251 202 62 317 152
person 0.0248 198 135 230 172
person 0.0242 203 77 225 104
person 0.0241 377 93 399 117
person 0.0240 443 10 455 21
person 0.0238 17 120 39 143
person 0.0235 415 64 484 138
person 0.0234 8 113 41 145
person 0.0232 0 154 23 199
person 0.0231 1 127 21 148
person 0.0227 382 0 446 5
person 0.0224 97 0 128 12
person 0.0223 291 100 326 140
person 0.0222 463 55 480 77
person 0.0221 81 7 113 30
person 0.0221 0 26 52 179
person 0.0220 0 0 98 96
person 0.0220 432 80 464 124
person 0.0220 90 0 129 23
person 0.0217 480 71 499 109
person 0.0217 216 105 231 132
person 0.0215 446 70 466 97
person 0.0212 466 54 493 87
person 0.0212 20 7 141 68
person 0.0212 25 115 44 141
person 0.0207 368 92 389 112
person 0.0204 445 42 474 63
person 0.0201 308 0 344 5
person 0.0201 332 0 361 6
pottedplant 0.0474 206 63 226 84
pottedplant 0.0424 380 92 407 124
pottedplant 0.0300 1 159 108 202
pottedplant 0.0284 331 0 362 8
pottedplant 0.0249 385 92 405 113
pottedplant 0.0238 291 98 326 139
sheep 0.0350 276 118 390 165
sheep 0.0325 5 138 257 199
sheep 0.0310 206 63 226 78
sheep 0.0309 304 88 389 166
sheep 0.0266 183 134 293 178
sheep 0.0233 377 90 443 146
sheep 0.0229 10 148 132 202
sheep 0.0204 271 106 343 167
train 0.1253 25 71 414 183
train 0.1097 278 71 441 160
train 0.0659 418 38 489 144
train 0.0491 201 34 467 158
train 0.0442 5 88 268 187
train 0.0438 183 71 332 170
train 0.0406 1 2 480 189
train 0.0401 332 56 495 148
train 0.0355 210 95 466 172
train 0.0347 293 100 479 154
train 0.0306 389 89 495 146
train 0.0300 0 118 156 199
train 0.0284 364 111 500 149
train 0.0267 0 132 322 191
train 0.0238 2 157 153 201
train 0.0229 446 35 500 152
train 0.0205 392 127 497 153
train 0.0202 3 53 171 176
