bus 0.9713 52 4 496 368
bus 0.2233 0 184 35 246
bus 0.1387 1 194 23 235
bus 0.1079 12 195 38 240
bus 0.1067 37 205 50 238
bus 0.1063 19 194 49 245
bus 0.1003 22 208 36 237
bus 0.1001 29 210 41 238
bus 0.0903 33 197 54 241
bus 0.0823 5 202 30 238
bus 0.0717 25 206 44 243
bus 0.0682 41 205 56 239
bus 0.0672 46 184 89 252
bus 0.0643 6 185 64 250
bus 0.0613 6 182 30 228
bus 0.0607 2 197 52 234
bus 0.0553 48 113 115 270
bus 0.0552 0 180 25 214
bus 0.0520 32 220 45 237
bus 0.0512 18 186 36 224
bus 0.0502 21 120 81 262
bus 0.0486 0 127 38 271
bus 0.0433 37 174 74 245
bus 0.0416 60 66 151 280
bus 0.0400 350 145 498 375
bus 0.0389 20 181 34 205
bus 0.0386 9 180 29 210
bus 0.0385 39 165 104 286
bus 0.0385 19 166 59 240
bus 0.0379 42 198 71 252
bus 0.0368 51 213 63 241
bus 0.0360 0 145 23 252
bus 0.0348 427 160 498 270
bus 0.0347 38 135 131 322
bus 0.0343 3 213 50 239
bus 0.0310 14 65 97 276
bus 0.0305 93 198 123 249
bus 0.0304 0 162 34 224
bus 0.0280 66 170 147 307
bus 0.0276 7 161 96 249
bus 0.0271 58 0 310 325
bus 0.0270 26 197 47 225
bus 0.0263 54 203 77 249
bus 0.0261 3 183 34 203
bus 0.0259 95 179 500 368
bus 0.0258 60 31 211 298
bus 0.0255 27 0 140 299
bus 0.0254 37 198 52 223
bus 0.0252 15 176 37 213
bus 0.0245 48 210 67 250
bus 0.0244 58 194 104 257
bus 0.0242 359 36 499 291
bus 0.0239 25 193 66 239
bus 0.0233 359 178 488 270
bus 0.0227 0 187 40 217
bus 0.0222 0 205 22 226
bus 0.0222 36 214 61 243
bus 0.0210 10 205 43 226
bus 0.0209 61 201 85 252
bus 0.0205 39 169 52 197
bus 0.0202 334 183 445 263
car 0.7261 0 222 30 258
car 0.1622 2 200 33 254
car 0.1243 0 199 23 238
car 0.1221 4 222 36 246
car 0.0885 21 221 35 246
car 0.0852 24 218 35 239
car 0.0761 30 223 44 240
car 0.0733 14 223 40 240
car 0.0729 5 218 38 236
car 0.0536 0 225 26 282
car 0.0522 37 223 51 240
car 0.0517 0 214 24 233
car 0.0391 23 227 47 243
car 0.0386 24 211 45 245
car 0.0376 1 207 37 233
car 0.0366 17 220 44 235
car 0.0353 461 204 497 268
car 0.0351 2 238 35 257
car 0.0324 33 229 55 242
car 0.0313 45 222 59 240
car 0.0310 466 226 499 264
car 0.0296 27 214 54 243
car 0.0288 473 242 500 266
car 0.0269 17 221 47 249
car 0.0260 420 262 498 374
car 0.0253 414 337 498 374
car 0.0253 6 217 52 258
car 0.0247 47 228 60 245
car 0.0247 458 281 498 375
car 0.0239 429 209 494 269
car 0.0228 320 231 359 253
car 0.0221 317 235 343 250
car 0.0218 29 221 50 235
car 0.0216 99 270 500 369
car 0.0204 308 227 343 254
car 0.0203 0 243 27 260
car 0.0202 371 313 500 373
person 0.4322 346 209 388 259
person 0.1766 355 210 387 242
person 0.1704 338 214 364 256
person 0.1658 339 226 357 257
person 0.1623 364 212 390 253
person 0.1529 373 214 397 259
person 0.1463 197 211 218 253
person 0.1279 381 219 431 262
person 0.1211 223 231 240 256
person 0.1156 343 208 372 248
person 0.0984 379 216 408 259
person 0.0958 269 234 289 256
person 0.0884 363 211 422 258
person 0.0845 277 229 293 252
person 0.0837 29 222 41 242
person 0.0837 335 227 349 251
person 0.0821 358 218 382 261
person 0.0772 248 215 271 254
person 0.0767 338 226 377 260
person 0.0724 226 226 246 254
person 0.0711 371 211 397 234
person 0.0696 329 216 353 255
person 0.0695 263 221 292 256
person 0.0666 215 224 232 254
person 0.0636 382 214 403 241
person 0.0627 258 219 279 254
person 0.0621 236 208 274 255
person 0.0603 359 204 404 242
person 0.0596 220 214 243 255
person 0.0583 207 217 234 256
person 0.0569 236 223 257 254
person 0.0560 241 228 269 255
person 0.0553 332 202 410 260
person 0.0532 325 227 340 250
person 0.0521 324 208 369 253
person 0.0511 285 235 300 255
person 0.0506 382 226 401 263
person 0.0501 253 209 296 257
person 0.0498 429 212 453 261
person 0.0491 340 210 358 242
person 0.0485 222 209 259 256
person 0.0482 381 221 424 241
person 0.0472 418 225 435 261
person 0.0470 388 224 418 260
person 0.0463 272 214 297 254
person 0.0462 468 218 497 262
person 0.0461 203 219 223 256
person 0.0451 425 219 442 256
person 0.0451 431 211 469 266
person 0.0438 252 232 295 255
person 0.0434 340 209 376 231
person 0.0425 222 237 252 255
person 0.0423 278 238 302 257
person 0.0421 318 228 333 250
person 0.0419 195 200 228 253
person 0.0408 373 207 411 236
person 0.0401 465 219 482 255
person 0.0400 403 222 430 256
person 0.0397 334 236 354 257
person 0.0397 228 234 264 254
person 0.0393 320 214 347 251
person 0.0388 46 220 56 242
person 0.0384 451 216 478 262
person 0.0376 384 216 416 237
person 0.0372 353 207 391 226
person 0.0366 37 225 49 245
person 0.0364 330 200 383 242
person 0.0353 337 235 366 254
person 0.0349 293 234 308 255
person 0.0348 227 225 283 256
person 0.0339 437 212 457 253
person 0.0331 368 219 401 239
person 0.0329 420 214 448 268
person 0.0327 53 224 64 251
person 0.0321 392 213 427 249
person 0.0320 370 203 432 240
person 0.0310 95 112 116 142
person 0.0305 414 213 437 255
person 0.0300 284 221 300 249
person 0.0296 382 212 459 267
person 0.0293 447 215 469 254
person 0.0293 218 234 234 258
person 0.0287 48 233 57 253
person 0.0286 382 212 419 228
person 0.0285 366 226 393 261
person 0.0285 26 227 42 253
person 0.0284 326 232 358 258
person 0.0281 249 235 277 256
person 0.0277 211 231 247 254
person 0.0276 409 217 428 242
person 0.0271 22 216 46 251
person 0.0270 268 213 289 247
person 0.0270 326 235 351 250
person 0.0269 401 217 422 241
person 0.0269 421 218 434 243
person 0.0269 312 220 338 254
person 0.0267 311 229 325 251
person 0.0262 261 233 282 257
person 0.0262 477 238 499 267
person 0.0260 301 233 316 256
person 0.0259 91 116 108 144
person 0.0258 331 211 350 242
person 0.0253 58 230 72 256
person 0.0251 347 223 407 263
person 0.0245 294 58 308 82
person 0.0241 391 214 409 233
person 0.0241 347 208 437 271
person 0.0241 433 211 450 244
person 0.0240 287 220 311 257
person 0.0239 489 238 500 270
person 0.0238 368 207 404 223
person 0.0236 440 212 489 259
person 0.0233 139 217 162 249
person 0.0233 338 239 361 261
person 0.0231 456 216 474 247
person 0.0226 283 240 312 257
person 0.0223 324 234 341 258
person 0.0222 293 222 308 248
person 0.0221 36 232 50 251
person 0.0219 397 214 445 255
person 0.0217 175 209 219 253
person 0.0217 53 235 65 258
person 0.0216 332 230 357 246
person 0.0216 396 222 435 242
person 0.0214 183 214 201 249
person 0.0214 267 234 309 256
person 0.0213 265 216 311 256
person 0.0211 100 110 126 140
person 0.0211 404 216 419 232
person 0.0205 387 212 403 229
person 0.0204 398 214 423 229
person 0.0202 67 229 82 256
tvmonitor 0.0614 466 215 498 265
tvmonitor 0.0470 469 219 492 252
tvmonitor 0.0318 239 208 284 254
tvmonitor 0.0302 320 205 390 253
tvmonitor 0.0268 333 197 432 257
tvmonitor 0.0237 315 206 359 250
