bicycle 0.0445 103 14 125 89
bicycle 0.0204 98 35 118 73
boat 0.1432 59 154 192 229
boat 0.0481 128 164 193 225
boat 0.0357 95 155 182 208
boat 0.0336 47 89 193 231
boat 0.0331 115 156 146 183
boat 0.0220 2 0 316 394
boat 0.0213 104 146 174 188
boat 0.0204 89 184 185 230
car 0.7905 149 5 312 176
car 0.7195 252 24 373 315
car 0.5591 117 0 166 93
car 0.5408 98 0 134 72
car 0.5080 77 0 103 42
car 0.4778 335 1 375 21
car 0.4324 173 18 372 215
car 0.3330 84 1 127 47
car 0.3320 129 0 194 94
car 0.3235 308 0 375 17
car 0.2280 49 2 98 42
car 0.2198 221 13 341 166
car 0.1936 100 0 146 45
car 0.1799 353 1 375 22
car 0.1679 125 10 312 311
car 0.1668 311 0 342 14
car 0.1665 149 0 207 155
car 0.1629 89 1 160 76
car 0.1524 58 155 188 231
car 0.1344 199 1 317 75
car 0.1305 101 0 132 27
car 0.1220 153 2 200 78
car 0.1119 293 0 355 22
car 0.1103 299 0 329 19
car 0.1065 99 0 120 46
car 0.1051 93 0 114 54
car 0.1029 122 0 183 60
car 0.1014 111 2 138 87
car 0.1014 67 0 116 35
car 0.0978 249 6 367 109
car 0.0970 133 0 244 102
car 0.0967 141 2 176 103
car 0.0953 49 0 139 45
car 0.0950 21 0 92 50
car 0.0948 90 0 116 26
car 0.0928 23 57 64 83
car 0.0896 114 0 147 26
car 0.0861 147 72 268 177
car 0.0847 238 30 318 263
car 0.0843 279 0 318 48
car 0.0826 74 0 91 38
car 0.0785 282 0 375 32
car 0.0783 251 76 301 253
car 0.0746 128 1 159 24
car 0.0743 119 2 144 72
car 0.0740 290 1 318 22
car 0.0728 283 6 375 78
car 0.0710 53 72 200 237
car 0.0702 232 2 315 126
car 0.0688 265 5 320 72
car 0.0682 155 3 275 80
car 0.0630 269 24 375 146
car 0.0626 100 9 118 67
car 0.0625 92 2 261 226
car 0.0614 16 4 80 77
car 0.0604 280 0 333 27
car 0.0595 121 22 154 99
car 0.0584 114 0 184 161
car 0.0581 163 8 189 70
car 0.0574 248 11 306 181
car 0.0572 145 2 170 23
car 0.0554 184 34 375 404
car 0.0550 105 0 161 30
car 0.0540 103 3 114 29
car 0.0538 238 2 318 48
car 0.0537 37 0 83 33
car 0.0537 294 2 318 38
car 0.0534 152 1 182 24
car 0.0524 162 0 211 55
car 0.0519 153 0 181 65
car 0.0504 303 0 319 17
car 0.0504 149 0 198 44
car 0.0501 255 0 321 31
car 0.0500 30 0 112 71
car 0.0484 286 12 375 232
car 0.0469 120 1 154 44
car 0.0464 98 34 152 98
car 0.0459 99 2 109 29
car 0.0458 79 17 178 221
car 0.0446 123 45 141 97
car 0.0442 126 153 190 225
car 0.0435 253 0 369 54
car 0.0428 103 0 118 19
car 0.0427 71 0 109 65
car 0.0424 195 3 269 41
car 0.0414 311 6 342 25
car 0.0413 59 0 89 26
car 0.0408 148 9 172 81
car 0.0401 161 1 198 23
car 0.0400 328 6 365 23
car 0.0382 170 3 243 43
car 0.0381 121 1 141 35
car 0.0378 319 68 372 300
car 0.0373 128 0 158 62
car 0.0373 5 51 65 91
car 0.0366 147 27 192 120
car 0.0366 103 62 125 90
car 0.0365 77 0 106 17
car 0.0365 251 165 296 251
car 0.0365 320 0 368 28
car 0.0365 291 0 321 13
car 0.0363 87 4 105 49
car 0.0353 113 0 136 46
car 0.0350 98 0 113 19
car 0.0344 317 13 375 61
car 0.0340 151 2 172 45
car 0.0338 80 0 130 21
car 0.0330 105 1 123 36
car 0.0328 121 11 142 50
car 0.0327 334 0 353 19
car 0.0325 257 57 319 116
car 0.0324 114 155 164 190
car 0.0319 100 34 128 87
car 0.0317 188 40 285 166
car 0.0317 66 0 212 80
car 0.0317 247 55 290 176
car 0.0311 64 0 221 164
car 0.0310 170 4 198 66
car 0.0307 106 0 132 12
car 0.0306 272 0 313 21
car 0.0305 118 13 134 77
car 0.0304 6 31 65 80
car 0.0299 26 0 163 88
car 0.0298 148 3 163 32
car 0.0294 327 0 346 18
car 0.0294 45 0 360 186
car 0.0294 120 50 176 106
car 0.0288 262 2 329 145
car 0.0288 56 0 76 35
car 0.0284 120 49 133 95
car 0.0282 128 0 146 31
car 0.0282 145 0 167 64
car 0.0273 126 0 190 32
car 0.0270 180 1 208 22
car 0.0269 258 33 321 98
car 0.0269 261 155 364 322
car 0.0266 108 69 131 92
car 0.0266 184 9 258 58
car 0.0258 130 0 226 54
car 0.0256 157 20 176 72
car 0.0254 181 0 309 45
car 0.0253 334 0 375 42
car 0.0251 150 19 184 92
car 0.0249 252 63 315 156
car 0.0249 96 0 120 10
car 0.0249 182 11 301 108
car 0.0248 347 16 375 37
car 0.0247 278 9 338 93
car 0.0245 310 52 375 201
car 0.0244 141 141 194 191
car 0.0244 346 180 373 300
car 0.0244 306 5 331 28
car 0.0243 143 2 158 32
car 0.0242 200 93 266 175
car 0.0241 113 0 144 13
car 0.0239 109 4 130 60
car 0.0239 195 0 261 24
car 0.0238 296 0 311 20
car 0.0238 74 18 101 45
car 0.0236 118 0 176 19
car 0.0235 0 57 19 88
car 0.0235 12 0 113 142
car 0.0234 170 10 255 167
car 0.0231 151 3 160 22
car 0.0229 359 226 374 286
car 0.0226 212 77 328 188
car 0.0225 64 5 86 42
car 0.0224 81 0 154 132
car 0.0221 123 76 151 98
car 0.0220 7 0 58 55
car 0.0216 138 0 160 44
car 0.0216 163 1 181 31
car 0.0216 100 82 192 214
car 0.0215 115 154 145 184
car 0.0212 42 8 77 40
car 0.0211 155 1 168 23
car 0.0210 158 33 187 65
car 0.0208 73 0 96 11
car 0.0208 144 1 156 21
car 0.0207 113 134 215 220
car 0.0204 235 62 297 114
car 0.0202 128 0 147 16
car 0.0202 251 122 283 244
car 0.0201 101 143 187 203
car 0.0200 215 96 253 165
motorbike 0.0699 102 5 126 82
motorbike 0.0579 54 110 192 229
motorbike 0.0330 78 0 368 407
motorbike 0.0272 105 55 123 91
motorbike 0.0239 23 37 188 235
person 0.1271 100 0 129 86
person 0.0796 330 51 355 141
person 0.0701 324 27 369 150
person 0.0641 342 41 372 154
person 0.0588 145 164 191 220
person 0.0554 100 15 117 70
person 0.0553 160 164 175 203
person 0.0502 154 163 185 204
person 0.0495 138 151 179 201
person 0.0446 170 0 205 64
person 0.0429 337 71 358 155
person 0.0427 97 10 111 65
person 0.0412 295 11 371 136
person 0.0366 64 27 174 232
person 0.0354 341 93 354 154
person 0.0353 334 73 352 132
person 0.0353 163 159 181 198
person 0.0346 279 0 316 61
person 0.0341 333 32 375 208
person 0.0339 153 162 171 201
person 0.0335 23 3 66 74
person 0.0328 332 55 351 100
person 0.0328 317 31 355 124
person 0.0326 136 156 150 192
person 0.0315 5 0 44 12
person 0.0313 91 0 137 120
person 0.0309 126 153 192 232
person 0.0308 141 156 169 192
person 0.0306 164 168 191 203
person 0.0304 118 153 172 192
person 0.0290 182 0 206 47
person 0.0281 117 12 136 90
person 0.0279 115 155 147 187
person 0.0271 9 4 44 75
person 0.0271 147 169 177 195
person 0.0266 86 0 119 78
person 0.0260 28 22 61 85
person 0.0255 156 149 178 196
person 0.0254 304 41 347 131
person 0.0254 318 18 372 90
person 0.0248 139 160 159 199
person 0.0248 11 0 125 252
person 0.0240 34 0 77 54
person 0.0240 337 59 355 111
person 0.0240 14 0 81 24
person 0.0239 192 5 209 36
person 0.0237 356 45 375 160
person 0.0230 343 64 364 139
person 0.0230 310 39 367 218
person 0.0230 112 55 126 92
person 0.0226 340 13 374 110
person 0.0226 168 6 187 60
person 0.0217 351 62 370 145
person 0.0217 329 67 349 121
person 0.0217 18 5 95 170
person 0.0212 146 152 185 185
person 0.0210 162 0 182 47
person 0.0209 276 12 320 108
person 0.0208 74 1 103 71
person 0.0207 188 9 203 60
person 0.0207 131 162 147 195
person 0.0204 252 1 312 52
person 0.0204 19 0 53 11
person 0.0203 357 218 375 343
person 0.0203 293 25 354 88
person 0.0201 145 166 165 210
tvmonitor 0.8737 88 248 281 466
tvmonitor 0.1283 102 105 306 428
tvmonitor 0.0622 157 274 288 449
tvmonitor 0.0414 74 193 218 436
tvmonitor 0.0375 218 7 375 451
tvmonitor 0.0363 79 266 156 439
tvmonitor 0.0331 81 397 270 486
tvmonitor 0.0325 62 153 194 262
tvmonitor 0.0257 23 70 274 500
tvmonitor 0.0246 229 270 295 457
tvmonitor 0.0232 71 186 201 330
tvmonitor 0.0223 200 317 288 460
tvmonitor 0.0217 200 253 289 371
tvmonitor 0.0202 106 221 284 342
