bird 0.0436 82 127 157 244
bird 0.0430 178 25 479 375
bird 0.0404 343 61 490 369
bird 0.0323 453 14 470 55
bird 0.0279 447 0 484 53
bird 0.0245 450 11 474 71
bird 0.0233 330 87 438 341
bird 0.0232 444 1 493 29
bird 0.0208 452 2 497 69
bird 0.0207 89 159 139 244
dog 0.8354 83 68 270 251
dog 0.0782 328 12 486 362
dog 0.0741 236 69 268 125
dog 0.0732 170 0 487 360
dog 0.0686 87 62 402 314
dog 0.0513 206 70 270 131
dog 0.0504 149 102 282 257
dog 0.0501 276 36 447 325
dog 0.0460 62 18 238 213
dog 0.0422 189 70 267 221
dog 0.0408 176 59 315 267
dog 0.0393 477 209 500 277
dog 0.0367 0 100 26 128
dog 0.0343 144 70 270 134
dog 0.0337 85 125 212 247
dog 0.0302 223 73 305 230
dog 0.0298 0 99 30 158
dog 0.0296 16 59 195 248
dog 0.0288 74 154 277 259
dog 0.0272 141 129 199 146
dog 0.0259 89 49 258 160
dog 0.0242 0 33 251 310
dog 0.0240 73 119 153 248
dog 0.0240 240 53 334 263
dog 0.0230 71 90 234 335
dog 0.0217 216 66 308 154
dog 0.0211 146 135 205 151
dog 0.0207 225 145 317 249
dog 0.0207 32 100 124 249
person 0.0627 1 9 350 375
person 0.0586 325 41 489 373
person 0.0499 121 2 500 375
person 0.0466 194 94 253 248
person 0.0435 230 69 266 122
person 0.0399 477 209 500 278
person 0.0359 229 67 248 103
person 0.0310 395 0 500 328
person 0.0306 311 77 429 357
person 0.0303 252 68 270 109
person 0.0290 230 51 348 296
person 0.0266 199 172 233 245
person 0.0253 0 99 35 161
person 0.0249 255 46 398 324
person 0.0230 230 69 265 88
person 0.0200 209 68 258 108
sheep 0.0219 65 17 272 173
sheep 0.0207 109 42 500 334
sofa 0.0218 7 28 473 366
