aeroplane 0.0408 0 0 482 333
bicycle 0.0480 3 198 267 329
bird 0.0456 277 226 320 249
bird 0.0348 0 200 78 331
bird 0.0277 0 280 82 333
bird 0.0244 264 230 333 256
bird 0.0235 0 296 24 331
bird 0.0230 0 261 45 333
bus 0.0762 0 0 500 333
bus 0.0207 25 0 492 165
car 0.0468 251 246 290 260
car 0.0405 5 64 470 333
car 0.0264 254 241 288 254
car 0.0238 253 243 313 261
car 0.0235 0 0 435 181
car 0.0226 3 0 170 274
car 0.0210 356 237 401 256
cat 0.0318 0 0 500 333
chair 0.0499 135 202 257 283
chair 0.0408 37 197 283 326
chair 0.0375 182 209 261 261
chair 0.0282 183 202 260 315
chair 0.0272 213 201 326 280
chair 0.0270 257 197 339 300
chair 0.0217 159 198 318 250
chair 0.0200 134 213 323 332
cow 0.2353 0 204 112 274
cow 0.1540 0 200 130 322
cow 0.1061 1 208 58 272
cow 0.0924 8 201 186 284
cow 0.0807 0 206 67 325
cow 0.0731 46 208 122 270
cow 0.0569 16 206 80 266
cow 0.0395 0 212 29 274
cow 0.0387 72 218 120 262
cow 0.0263 0 206 52 243
cow 0.0260 10 228 95 270
cow 0.0252 0 200 273 333
cow 0.0200 50 207 83 258
dog 0.0409 0 191 120 333
person 0.0373 185 206 262 333
person 0.0352 0 0 259 333
person 0.0344 219 284 259 318
person 0.0343 2 202 131 333
person 0.0327 157 208 237 333
person 0.0314 343 233 422 333
person 0.0309 217 266 261 328
person 0.0296 246 226 329 333
person 0.0292 337 284 375 333
person 0.0289 36 160 50 190
person 0.0257 478 294 500 332
person 0.0255 308 235 388 333
person 0.0253 10 0 500 319
person 0.0243 205 242 276 329
person 0.0229 345 258 387 331
person 0.0227 57 203 210 333
person 0.0224 413 272 434 296
person 0.0224 394 249 434 329
person 0.0224 109 208 181 333
person 0.0210 366 79 379 105
person 0.0208 385 231 475 333
person 0.0207 395 240 432 294
person 0.0207 459 244 500 331
person 0.0200 344 286 367 319
sheep 0.3541 331 179 353 192
sheep 0.2813 230 184 250 197
sheep 0.2648 185 184 201 198
sheep 0.2358 137 182 155 196
sheep 0.2075 296 179 314 191
sheep 0.1819 264 184 280 197
sheep 0.1766 235 185 256 196
sheep 0.1709 213 202 252 214
sheep 0.1566 307 181 331 190
sheep 0.1512 260 204 328 247
sheep 0.1488 324 181 345 190
sheep 0.1477 184 186 198 205
sheep 0.1373 396 194 457 238
sheep 0.1265 392 193 430 241
sheep 0.1256 222 184 246 200
sheep 0.1250 250 186 270 196
sheep 0.1194 289 195 331 208
sheep 0.1191 335 179 361 190
sheep 0.1089 335 195 399 240
sheep 0.1085 269 185 288 195
sheep 0.1078 293 180 310 200
sheep 0.1023 298 182 309 192
sheep 0.0984 289 182 328 203
sheep 0.0974 319 182 343 193
sheep 0.0972 303 182 328 195
sheep 0.0970 221 185 236 197
sheep 0.0966 227 189 248 206
sheep 0.0934 126 209 171 257
sheep 0.0929 212 185 227 197
sheep 0.0922 452 188 496 238
sheep 0.0900 135 207 251 260
sheep 0.0888 426 196 463 238
sheep 0.0876 199 186 221 195
sheep 0.0859 204 207 256 255
sheep 0.0844 229 187 239 197
sheep 0.0839 188 187 210 199
sheep 0.0822 36 205 133 266
sheep 0.0819 137 186 151 205
sheep 0.0818 139 185 152 193
sheep 0.0813 150 185 173 194
sheep 0.0803 268 219 322 249
sheep 0.0786 129 187 151 201
sheep 0.0782 223 179 253 198
sheep 0.0782 282 198 327 211
sheep 0.0780 222 204 260 215
sheep 0.0779 331 184 353 199
sheep 0.0776 273 186 283 197
sheep 0.0770 310 193 333 209
sheep 0.0770 239 186 251 197
sheep 0.0769 119 194 145 208
sheep 0.0769 214 182 226 192
sheep 0.0769 264 188 278 206
sheep 0.0766 260 199 331 224
sheep 0.0758 280 192 332 220
sheep 0.0753 280 185 299 194
sheep 0.0744 300 188 329 202
sheep 0.0740 104 206 199 262
sheep 0.0740 332 180 346 189
sheep 0.0739 310 178 354 191
sheep 0.0737 263 185 275 194
sheep 0.0736 263 205 309 217
sheep 0.0727 103 207 162 250
sheep 0.0726 212 189 252 209
sheep 0.0718 234 182 245 196
sheep 0.0696 212 184 221 195
sheep 0.0694 367 196 439 236
sheep 0.0693 184 188 194 201
sheep 0.0693 276 204 325 218
sheep 0.0688 260 187 269 197
sheep 0.0683 267 200 290 213
sheep 0.0683 188 183 198 195
sheep 0.0681 181 186 199 195
sheep 0.0673 211 203 252 227
sheep 0.0671 176 186 190 197
sheep 0.0669 270 191 284 207
sheep 0.0666 222 183 234 193
sheep 0.0657 294 179 338 195
sheep 0.0653 304 193 329 216
sheep 0.0652 259 186 276 199
sheep 0.0651 72 210 124 262
sheep 0.0651 413 192 494 237
sheep 0.0644 91 208 139 258
sheep 0.0640 282 196 319 206
sheep 0.0635 293 188 310 208
sheep 0.0632 190 184 206 195
sheep 0.0624 167 186 181 196
sheep 0.0623 328 180 343 194
sheep 0.0621 14 198 265 306
sheep 0.0620 269 201 307 211
sheep 0.0618 313 187 336 202
sheep 0.0616 290 176 322 193
sheep 0.0614 319 180 331 194
sheep 0.0608 119 198 149 211
sheep 0.0602 380 194 418 243
sheep 0.0602 272 191 341 242
sheep 0.0599 324 179 337 188
sheep 0.0598 322 182 330 191
sheep 0.0595 330 183 340 192
sheep 0.0585 389 193 430 207
sheep 0.0581 238 182 278 197
sheep 0.0573 449 197 482 235
sheep 0.0573 295 189 321 209
sheep 0.0572 168 183 180 191
sheep 0.0569 287 194 307 207
sheep 0.0566 277 195 296 207
sheep 0.0563 136 185 149 199
sheep 0.0563 219 185 228 200
sheep 0.0560 138 188 147 197
sheep 0.0555 141 178 155 191
sheep 0.0553 170 208 211 259
sheep 0.0551 184 190 192 198
sheep 0.0551 185 197 199 212
sheep 0.0549 177 183 188 192
sheep 0.0547 202 189 218 200
sheep 0.0543 204 184 217 193
sheep 0.0539 443 197 469 235
sheep 0.0538 180 181 209 200
sheep 0.0538 278 188 295 201
sheep 0.0538 210 186 222 203
sheep 0.0537 140 187 161 199
sheep 0.0536 254 178 284 197
sheep 0.0532 392 199 414 238
sheep 0.0521 409 198 442 239
sheep 0.0519 391 189 415 204
sheep 0.0518 477 194 500 239
sheep 0.0509 213 188 234 199
sheep 0.0509 140 181 161 192
sheep 0.0508 282 227 319 248
sheep 0.0506 262 203 286 217
sheep 0.0506 123 189 145 203
sheep 0.0505 191 186 203 197
sheep 0.0504 207 196 256 218
sheep 0.0504 289 187 306 201
sheep 0.0504 326 176 367 192
sheep 0.0501 292 210 323 246
sheep 0.0499 265 207 319 223
sheep 0.0498 174 186 181 195
sheep 0.0493 216 178 226 187
sheep 0.0492 213 199 263 241
sheep 0.0491 176 189 198 199
sheep 0.0489 170 180 199 200
sheep 0.0489 72 202 163 260
sheep 0.0488 250 185 260 199
sheep 0.0487 301 197 328 231
sheep 0.0486 281 185 290 199
sheep 0.0485 134 180 154 203
sheep 0.0484 299 190 385 241
sheep 0.0482 154 184 169 192
sheep 0.0481 215 192 239 207
sheep 0.0481 280 193 291 208
sheep 0.0479 127 186 144 197
sheep 0.0477 234 177 248 191
sheep 0.0475 352 180 376 189
sheep 0.0474 119 184 153 204
sheep 0.0474 213 206 312 257
sheep 0.0472 50 203 228 266
sheep 0.0472 173 188 190 201
sheep 0.0464 296 198 321 221
sheep 0.0459 391 191 413 221
sheep 0.0458 259 182 290 202
sheep 0.0454 264 197 278 213
sheep 0.0453 213 200 272 221
sheep 0.0451 312 182 325 194
sheep 0.0449 129 182 162 197
sheep 0.0445 0 205 63 332
sheep 0.0443 348 196 386 207
sheep 0.0443 334 188 348 206
sheep 0.0437 392 192 467 266
sheep 0.0436 166 190 181 200
sheep 0.0436 301 189 336 211
sheep 0.0435 292 183 300 195
sheep 0.0434 189 178 201 190
sheep 0.0434 266 187 290 199
sheep 0.0432 207 179 243 199
sheep 0.0431 166 185 174 194
sheep 0.0428 224 205 285 247
sheep 0.0424 152 182 173 190
sheep 0.0422 261 206 294 223
sheep 0.0420 320 196 349 206
sheep 0.0417 341 183 364 194
sheep 0.0416 266 178 280 190
sheep 0.0416 334 173 350 186
sheep 0.0413 127 195 159 206
sheep 0.0410 132 198 153 211
sheep 0.0410 225 210 262 221
sheep 0.0409 205 188 214 199
sheep 0.0409 285 205 326 234
sheep 0.0408 214 181 232 190
sheep 0.0408 470 206 495 236
sheep 0.0405 259 197 297 215
sheep 0.0405 291 195 312 214
sheep 0.0401 185 181 229 198
sheep 0.0400 91 209 123 244
sheep 0.0399 129 183 142 192
sheep 0.0399 167 205 203 217
sheep 0.0398 296 180 307 188
sheep 0.0397 91 201 146 238
sheep 0.0397 122 178 154 196
sheep 0.0396 288 192 299 208
sheep 0.0394 444 186 500 266
sheep 0.0394 247 206 273 215
sheep 0.0392 221 179 232 187
sheep 0.0390 274 189 320 211
sheep 0.0387 349 189 410 230
sheep 0.0386 286 182 302 191
sheep 0.0380 295 183 338 225
sheep 0.0380 260 183 268 194
sheep 0.0380 202 182 222 190
sheep 0.0379 275 184 283 195
sheep 0.0379 212 193 229 206
sheep 0.0379 322 179 330 188
sheep 0.0379 355 199 385 240
sheep 0.0378 168 181 186 189
sheep 0.0378 177 193 197 205
sheep 0.0378 230 185 238 194
sheep 0.0377 170 179 180 187
sheep 0.0377 326 187 346 200
sheep 0.0376 119 181 132 191
sheep 0.0375 214 201 231 212
sheep 0.0374 325 188 386 226
sheep 0.0374 285 179 322 216
sheep 0.0371 223 181 243 190
sheep 0.0371 331 180 339 189
sheep 0.0368 136 181 184 196
sheep 0.0368 91 208 122 227
sheep 0.0367 176 179 186 187
sheep 0.0367 225 184 265 200
sheep 0.0364 220 184 227 192
sheep 0.0363 0 0 500 333
sheep 0.0362 174 183 181 192
sheep 0.0359 260 188 294 209
sheep 0.0358 275 179 287 189
sheep 0.0357 153 191 172 200
sheep 0.0356 277 199 291 213
sheep 0.0356 391 192 408 207
sheep 0.0355 342 179 352 190
sheep 0.0354 229 179 241 189
sheep 0.0353 232 193 256 206
sheep 0.0352 120 185 134 195
sheep 0.0351 306 207 325 233
sheep 0.0351 215 196 234 213
sheep 0.0350 351 184 379 194
sheep 0.0348 329 205 382 244
sheep 0.0347 133 182 151 189
sheep 0.0347 208 180 219 188
sheep 0.0346 211 192 221 207
sheep 0.0346 337 194 360 208
sheep 0.0346 293 185 299 192
sheep 0.0344 191 193 208 205
sheep 0.0343 284 184 290 193
sheep 0.0343 438 206 458 236
sheep 0.0342 398 191 434 201
sheep 0.0338 330 181 352 210
sheep 0.0336 287 179 297 188
sheep 0.0335 308 199 332 220
sheep 0.0334 262 178 274 189
sheep 0.0332 331 214 407 247
sheep 0.0332 251 207 265 217
sheep 0.0331 314 188 352 240
sheep 0.0330 357 185 375 195
sheep 0.0329 299 216 320 242
sheep 0.0329 347 179 362 188
sheep 0.0328 245 202 275 211
sheep 0.0327 280 175 311 194
sheep 0.0326 238 210 267 255
sheep 0.0324 119 190 136 202
sheep 0.0323 199 182 233 203
sheep 0.0322 272 182 291 193
sheep 0.0321 120 198 174 241
sheep 0.0320 405 194 446 206
sheep 0.0320 269 181 308 196
sheep 0.0320 386 189 437 219
sheep 0.0318 325 174 335 183
sheep 0.0318 256 203 312 232
sheep 0.0317 182 204 200 220
sheep 0.0316 332 174 343 184
sheep 0.0316 185 206 240 256
sheep 0.0315 200 176 230 195
sheep 0.0314 315 180 353 203
sheep 0.0314 350 197 390 213
sheep 0.0314 420 203 450 239
sheep 0.0314 304 179 313 190
sheep 0.0313 460 189 498 218
sheep 0.0312 168 201 204 211
sheep 0.0312 89 221 121 259
sheep 0.0311 292 217 375 249
sheep 0.0311 300 228 326 246
sheep 0.0310 429 198 457 225
sheep 0.0310 247 213 263 247
sheep 0.0310 145 179 160 190
sheep 0.0309 483 188 499 226
sheep 0.0309 367 196 396 206
sheep 0.0308 265 182 285 193
sheep 0.0308 307 185 362 220
sheep 0.0308 172 188 183 203
sheep 0.0307 123 201 147 216
sheep 0.0307 260 186 332 214
sheep 0.0306 164 190 174 202
sheep 0.0306 361 178 373 187
sheep 0.0306 304 178 367 198
sofa 0.0427 0 3 477 333
sofa 0.0212 0 183 388 333
train 0.0520 0 0 499 322
train 0.0394 411 297 498 333
train 0.0304 418 224 499 333
train 0.0273 363 201 498 333
train 0.0254 37 165 50 190
train 0.0226 42 170 56 190
train 0.0201 476 292 500 333
