bird 0.0271 173 2 268 33
car 0.0266 351 0 384 14
cat 0.1827 9 0 284 271
cat 0.0974 0 3 117 230
cat 0.0388 165 12 294 246
cat 0.0346 4 55 68 180
cat 0.0322 31 0 173 193
cat 0.0303 9 71 130 191
cat 0.0281 113 30 259 252
cat 0.0276 4 8 67 131
cat 0.0254 0 0 262 131
cat 0.0250 160 2 288 91
cat 0.0239 134 1 275 51
cat 0.0215 132 0 274 26
cat 0.0207 13 18 136 148
cat 0.0200 62 231 324 287
chair 0.0258 157 0 382 281
dog 0.6796 0 0 340 282
dog 0.1109 8 7 143 245
dog 0.0869 111 20 290 268
dog 0.0755 0 134 156 286
dog 0.0590 173 18 334 254
dog 0.0473 0 136 357 288
dog 0.0443 0 52 107 287
dog 0.0382 82 183 350 275
dog 0.0349 106 51 222 250
dog 0.0344 239 38 372 274
dog 0.0335 0 192 234 283
dog 0.0320 171 154 366 287
dog 0.0307 5 69 70 188
dog 0.0294 0 9 274 183
dog 0.0284 13 76 218 274
dog 0.0241 107 193 250 245
dog 0.0220 199 42 302 222
dog 0.0212 9 87 133 213
dog 0.0212 41 225 349 288
dog 0.0204 2 159 73 286
person 0.0219 212 0 319 234
