bicycle 0.0856 63 337 84 385
bicycle 0.0533 154 399 245 486
bicycle 0.0474 46 328 79 388
bicycle 0.0364 49 337 70 383
bicycle 0.0300 52 337 87 402
bicycle 0.0295 142 428 202 480
bicycle 0.0277 56 349 91 383
bird 0.0237 329 0 369 83
boat 0.0261 68 225 107 297
bottle 0.0340 153 342 168 413
bottle 0.0278 68 54 88 105
bottle 0.0225 103 339 148 400
car 0.0441 0 356 27 404
car 0.0354 146 399 170 419
car 0.0309 0 371 16 408
car 0.0252 0 379 23 403
car 0.0216 186 389 204 417
chair 0.5716 205 412 259 499
chair 0.4996 333 375 373 500
chair 0.4551 256 416 333 497
chair 0.3357 227 402 308 497
chair 0.3139 301 405 371 499
chair 0.2554 225 408 272 493
chair 0.2430 315 419 355 500
chair 0.2319 297 422 345 496
chair 0.2304 289 379 350 500
chair 0.2169 243 418 286 496
chair 0.1728 289 409 328 493
chair 0.1523 324 427 375 497
chair 0.1391 207 420 236 498
chair 0.1354 253 433 305 499
chair 0.1305 313 424 337 497
chair 0.1249 328 396 354 491
chair 0.1188 306 377 336 414
chair 0.1181 231 401 257 477
chair 0.1174 303 375 339 473
chair 0.1174 344 373 374 457
chair 0.1079 236 424 264 498
chair 0.1035 189 382 261 485
chair 0.1005 346 410 375 500
chair 0.1001 248 428 272 498
chair 0.0972 312 344 367 493
chair 0.0951 323 446 353 499
chair 0.0951 213 419 247 469
chair 0.0937 247 400 296 477
chair 0.0920 305 378 321 415
chair 0.0917 278 370 321 487
chair 0.0903 336 380 363 467
chair 0.0898 340 450 375 499
chair 0.0896 316 380 341 410
chair 0.0893 316 394 344 487
chair 0.0870 268 406 297 490
chair 0.0830 208 411 229 470
chair 0.0812 287 367 325 416
chair 0.0808 242 410 267 482
chair 0.0779 328 381 345 409
chair 0.0773 261 459 326 498
chair 0.0768 342 373 372 416
chair 0.0739 235 399 274 464
chair 0.0718 233 402 253 449
chair 0.0692 261 425 283 495
chair 0.0692 333 383 351 443
chair 0.0690 333 437 361 498
chair 0.0688 326 367 368 442
chair 0.0683 304 366 363 453
chair 0.0679 323 427 351 482
chair 0.0673 302 377 329 435
chair 0.0670 307 379 346 432
chair 0.0668 276 418 315 492
chair 0.0652 192 412 223 491
chair 0.0646 353 392 375 473
chair 0.0645 233 419 254 464
chair 0.0635 239 433 259 484
chair 0.0633 339 380 358 443
chair 0.0623 162 391 239 493
chair 0.0620 322 438 341 495
chair 0.0617 254 412 278 486
chair 0.0609 324 377 349 453
chair 0.0609 335 385 349 420
chair 0.0603 345 378 363 423
chair 0.0601 298 375 318 420
chair 0.0582 337 357 375 426
chair 0.0581 322 468 373 500
chair 0.0570 312 389 337 420
chair 0.0567 302 418 326 483
chair 0.0567 258 438 275 499
chair 0.0566 309 448 330 500
chair 0.0560 311 387 337 446
chair 0.0550 290 456 345 500
chair 0.0543 201 368 288 500
chair 0.0543 314 372 351 415
chair 0.0542 231 400 253 426
chair 0.0541 285 361 335 436
chair 0.0541 342 381 355 422
chair 0.0537 331 389 345 426
chair 0.0527 222 425 252 488
chair 0.0526 328 472 355 500
chair 0.0523 322 421 340 475
chair 0.0518 310 421 329 475
chair 0.0518 275 356 347 464
chair 0.0506 337 458 357 500
chair 0.0490 335 409 359 480
chair 0.0490 244 398 295 434
chair 0.0485 258 452 290 498
chair 0.0483 340 476 375 498
chair 0.0482 296 377 321 457
chair 0.0479 324 389 339 424
chair 0.0473 343 310 374 446
chair 0.0473 262 400 298 454
chair 0.0467 272 445 363 500
chair 0.0462 209 402 253 460
chair 0.0460 298 362 341 411
chair 0.0454 325 389 348 413
chair 0.0449 215 416 234 459
chair 0.0449 0 347 28 404
chair 0.0448 314 463 348 500
chair 0.0447 346 460 365 500
chair 0.0446 334 376 350 403
chair 0.0440 245 446 265 497
chair 0.0434 260 408 284 471
chair 0.0432 182 430 282 500
chair 0.0428 341 374 359 404
chair 0.0418 329 413 347 461
chair 0.0417 278 408 345 468
chair 0.0415 301 375 329 403
chair 0.0412 330 372 343 400
chair 0.0407 241 451 258 497
chair 0.0399 339 419 372 469
chair 0.0395 45 332 68 384
chair 0.0395 259 477 300 498
chair 0.0394 359 389 375 447
chair 0.0392 211 454 265 498
chair 0.0390 228 417 250 452
chair 0.0386 325 378 358 411
chair 0.0382 88 447 151 497
chair 0.0382 252 418 270 477
chair 0.0382 236 413 258 453
chair 0.0380 308 476 343 499
chair 0.0380 237 362 320 472
chair 0.0380 293 383 339 423
chair 0.0375 269 422 287 469
chair 0.0375 273 426 303 478
chair 0.0373 325 370 339 400
chair 0.0370 145 404 217 481
chair 0.0365 349 383 371 434
chair 0.0365 269 402 296 423
chair 0.0364 232 399 268 432
chair 0.0360 179 447 243 496
chair 0.0360 205 450 233 499
chair 0.0355 274 474 338 500
chair 0.0353 248 402 282 450
chair 0.0352 316 418 334 464
chair 0.0349 256 475 277 500
chair 0.0349 329 366 353 425
chair 0.0349 227 392 301 455
chair 0.0348 261 421 310 470
chair 0.0348 279 377 318 428
chair 0.0347 222 402 267 448
chair 0.0346 220 419 240 458
chair 0.0340 317 363 372 404
chair 0.0340 275 418 293 468
chair 0.0338 278 401 298 430
chair 0.0334 206 410 223 451
chair 0.0333 292 416 315 477
chair 0.0330 308 421 343 461
chair 0.0329 283 415 306 477
chair 0.0329 277 403 299 466
chair 0.0328 317 396 344 420
chair 0.0327 317 422 366 468
chair 0.0326 70 407 157 500
chair 0.0325 288 385 315 468
chair 0.0324 356 443 374 500
chair 0.0324 351 469 371 500
chair 0.0321 246 404 263 453
chair 0.0321 229 427 248 470
chair 0.0320 325 408 339 449
chair 0.0320 346 397 362 448
chair 0.0316 253 468 270 500
chair 0.0316 356 373 375 418
chair 0.0316 202 465 225 500
chair 0.0315 345 371 366 396
chair 0.0313 302 393 330 419
chair 0.0309 291 392 313 421
chair 0.0309 325 409 375 456
chair 0.0308 339 405 356 457
chair 0.0308 323 366 348 402
chair 0.0307 300 463 328 499
chair 0.0307 283 400 309 422
chair 0.0304 265 415 281 461
chair 0.0296 298 406 318 468
chair 0.0296 252 402 292 421
chair 0.0296 230 441 255 499
chair 0.0295 220 365 260 471
chair 0.0291 235 459 275 500
chair 0.0288 243 475 268 500
chair 0.0285 240 401 272 421
chair 0.0281 201 389 233 465
chair 0.0280 273 398 314 454
chair 0.0277 55 380 81 418
chair 0.0277 349 404 372 444
chair 0.0276 313 370 337 398
chair 0.0272 287 379 304 418
chair 0.0271 250 473 313 500
chair 0.0271 272 405 296 442
chair 0.0270 188 415 244 477
chair 0.0270 313 320 375 433
chair 0.0269 332 366 342 392
chair 0.0269 327 362 337 390
chair 0.0265 230 432 267 469
chair 0.0262 52 454 134 497
chair 0.0262 257 424 277 463
chair 0.0261 327 397 350 420
chair 0.0261 222 414 242 442
chair 0.0260 261 392 311 426
chair 0.0257 206 414 232 442
chair 0.0255 201 412 219 474
chair 0.0250 234 470 265 495
chair 0.0248 354 420 375 461
chair 0.0245 306 389 320 433
chair 0.0244 322 352 340 399
chair 0.0240 346 422 363 465
chair 0.0239 9 360 28 403
chair 0.0238 268 445 297 500
chair 0.0237 353 345 375 445
chair 0.0235 335 425 358 459
chair 0.0234 285 396 296 420
chair 0.0233 327 353 336 379
chair 0.0233 317 423 345 449
chair 0.0232 273 467 304 498
chair 0.0231 10 401 131 500
chair 0.0231 143 452 216 490
chair 0.0230 315 412 337 444
chair 0.0230 337 386 361 414
chair 0.0229 295 445 323 500
chair 0.0228 302 392 315 433
chair 0.0228 211 473 260 499
chair 0.0226 291 418 337 456
chair 0.0226 304 419 322 460
chair 0.0225 249 413 271 453
chair 0.0225 285 467 318 499
chair 0.0224 344 373 355 399
chair 0.0223 312 406 327 450
chair 0.0222 149 442 172 471
chair 0.0222 234 427 263 457
chair 0.0221 338 441 375 479
chair 0.0221 342 341 375 402
chair 0.0217 335 441 357 477
chair 0.0217 359 315 375 390
chair 0.0215 277 383 306 421
chair 0.0213 308 435 345 479
chair 0.0212 327 370 348 391
chair 0.0210 225 464 252 497
chair 0.0210 14 459 109 497
chair 0.0209 0 426 35 500
chair 0.0209 202 393 257 439
chair 0.0208 0 447 71 497
chair 0.0207 268 399 290 436
chair 0.0207 0 320 21 394
chair 0.0205 316 346 344 411
chair 0.0205 218 401 248 439
chair 0.0205 19 353 32 393
chair 0.0204 341 394 370 422
chair 0.0204 233 399 246 420
chair 0.0204 285 390 306 439
chair 0.0204 226 408 242 431
chair 0.0204 291 428 327 468
chair 0.0203 268 427 298 454
chair 0.0202 216 444 246 500
chair 0.0202 303 336 361 409
chair 0.0202 249 399 269 440
chair 0.0201 339 367 347 390
chair 0.0200 206 421 225 488
chair 0.0200 293 403 312 428
diningtable 0.3597 231 408 335 496
diningtable 0.2566 282 416 373 499
diningtable 0.1383 208 380 373 492
diningtable 0.1138 176 407 299 496
diningtable 0.0740 154 358 321 486
diningtable 0.0643 275 374 373 474
diningtable 0.0476 102 428 313 500
diningtable 0.0440 88 402 212 496
diningtable 0.0392 80 344 205 485
diningtable 0.0323 263 360 361 435
diningtable 0.0319 150 435 267 500
diningtable 0.0314 24 398 155 499
diningtable 0.0306 149 383 237 478
diningtable 0.0278 19 381 84 420
diningtable 0.0243 26 358 87 405
diningtable 0.0238 237 363 328 448
diningtable 0.0235 104 315 367 500
diningtable 0.0234 35 326 77 381
diningtable 0.0230 76 442 244 500
diningtable 0.0225 15 330 84 396
person 0.8692 153 314 200 482
person 0.8637 87 311 155 495
person 0.7061 65 309 84 388
person 0.6344 46 306 69 382
person 0.2828 52 309 78 393
person 0.2507 156 299 178 352
person 0.2468 115 309 177 489
person 0.2391 138 317 159 416
person 0.2346 81 315 120 426
person 0.2058 80 332 105 412
person 0.1971 153 304 192 406
person 0.1968 182 320 202 404
person 0.1792 146 317 164 415
person 0.1749 154 309 170 355
person 0.1745 155 307 178 389
person 0.1667 143 309 179 431
person 0.1655 73 314 100 400
person 0.1492 145 317 155 363
person 0.1482 151 313 170 410
person 0.1414 124 312 165 421
person 0.1408 92 387 148 499
person 0.1402 150 318 160 363
person 0.1356 195 366 252 491
person 0.1339 59 308 89 404
person 0.1245 94 314 160 418
person 0.1218 170 321 199 409
person 0.1171 145 320 154 345
person 0.1143 151 319 159 345
person 0.1133 158 309 195 364
person 0.1047 144 320 156 396
person 0.1023 77 341 93 404
person 0.1008 159 299 189 340
person 0.0994 164 299 180 333
person 0.0953 154 368 228 486
person 0.0924 183 320 199 362
person 0.0918 139 314 152 350
person 0.0917 29 308 72 389
person 0.0914 157 315 173 368
person 0.0903 75 316 90 382
person 0.0900 73 203 163 500
person 0.0892 133 301 163 385
person 0.0878 66 340 81 395
person 0.0873 136 313 154 370
person 0.0863 154 302 173 337
person 0.0862 159 298 185 321
person 0.0842 150 322 162 391
person 0.0839 81 376 92 413
person 0.0820 142 362 157 416
person 0.0801 83 353 98 411
person 0.0790 183 0 375 500
person 0.0790 153 393 203 480
person 0.0788 146 298 174 361
person 0.0774 61 312 77 372
person 0.0768 29 336 161 500
person 0.0767 136 324 220 500
person 0.0752 66 310 81 342
person 0.0730 83 310 137 394
person 0.0721 43 308 61 365
person 0.0713 147 306 163 351
person 0.0702 141 389 160 417
person 0.0685 168 318 198 356
person 0.0666 82 329 126 485
person 0.0664 0 0 184 500
person 0.0650 138 308 158 345
person 0.0631 174 315 206 372
person 0.0617 83 383 98 417
person 0.0612 130 312 148 340
person 0.0602 144 400 167 419
person 0.0590 100 374 185 498
person 0.0589 47 306 65 347
person 0.0579 60 306 120 482
person 0.0577 141 317 150 338
person 0.0575 150 402 179 472
person 0.0556 179 320 203 349
person 0.0550 77 308 117 381
person 0.0537 117 306 154 388
person 0.0533 26 312 87 465
person 0.0528 188 374 202 415
person 0.0522 58 335 80 390
person 0.0521 145 313 156 333
person 0.0520 74 353 84 405
person 0.0517 157 303 168 331
person 0.0512 165 309 188 350
person 0.0507 79 313 90 356
person 0.0505 82 331 98 391
person 0.0504 153 321 180 353
person 0.0501 65 372 80 413
person 0.0500 167 300 179 318
person 0.0499 183 354 200 407
person 0.0494 152 311 163 332
person 0.0490 54 305 68 340
person 0.0481 49 337 85 405
person 0.0475 61 355 82 416
person 0.0470 58 401 81 419
person 0.0455 39 320 81 380
person 0.0454 143 376 188 487
person 0.0453 94 285 201 500
person 0.0449 148 297 216 384
person 0.0448 76 376 84 411
person 0.0442 116 328 153 428
person 0.0436 170 312 196 340
person 0.0435 82 320 96 362
person 0.0433 137 401 280 500
person 0.0429 125 310 143 338
person 0.0427 68 309 86 356
person 0.0424 110 300 182 399
person 0.0422 151 321 167 344
person 0.0418 171 304 193 328
person 0.0415 144 301 169 340
person 0.0414 165 296 182 314
person 0.0412 87 322 113 401
person 0.0411 44 306 69 330
person 0.0407 124 312 156 362
person 0.0407 162 301 173 319
person 0.0404 70 313 78 327
person 0.0402 133 312 143 336
person 0.0402 136 329 154 399
person 0.0396 165 335 266 484
person 0.0384 135 351 164 419
person 0.0380 167 300 214 353
person 0.0379 148 373 161 415
person 0.0375 155 334 181 421
person 0.0371 87 363 103 415
person 0.0370 184 318 198 345
person 0.0362 63 388 79 416
person 0.0361 50 310 108 408
person 0.0354 36 316 55 382
person 0.0353 181 301 191 323
person 0.0349 93 444 146 500
person 0.0345 106 311 164 369
person 0.0343 204 343 296 498
person 0.0340 141 310 149 331
person 0.0338 119 310 149 348
person 0.0338 85 316 107 375
person 0.0337 51 336 68 386
person 0.0336 104 310 136 335
person 0.0335 154 292 197 330
person 0.0335 186 320 210 385
person 0.0335 155 300 176 318
person 0.0330 0 24 55 79
person 0.0328 129 317 151 351
person 0.0327 155 202 269 492
person 0.0325 161 335 196 429
person 0.0320 79 394 95 419
person 0.0320 173 300 184 317
person 0.0316 162 308 227 369
person 0.0315 141 297 204 353
person 0.0306 57 311 67 326
person 0.0306 102 308 147 353
person 0.0305 140 294 156 338
person 0.0304 127 307 138 334
person 0.0299 189 306 245 458
person 0.0298 151 395 169 417
person 0.0296 73 393 87 414
person 0.0296 42 331 58 384
person 0.0295 138 325 158 350
person 0.0294 89 350 111 418
person 0.0294 14 309 42 391
person 0.0294 172 299 194 317
person 0.0293 13 357 108 487
person 0.0293 146 420 194 483
person 0.0289 155 369 168 414
person 0.0289 146 326 162 350
person 0.0289 153 329 170 372
person 0.0287 30 255 86 397
person 0.0283 62 343 94 413
person 0.0281 97 313 125 336
person 0.0275 67 401 89 417
person 0.0274 106 310 123 349
person 0.0272 100 311 117 348
person 0.0272 168 322 188 367
person 0.0272 134 379 160 420
person 0.0271 120 316 292 495
person 0.0271 159 301 166 318
person 0.0271 179 327 196 381
person 0.0269 87 318 107 348
person 0.0269 71 332 107 468
person 0.0267 146 297 154 320
person 0.0267 56 309 81 334
person 0.0267 146 305 157 324
person 0.0266 72 361 103 418
person 0.0265 160 382 174 422
person 0.0263 90 190 342 491
person 0.0261 93 313 110 350
person 0.0258 50 303 84 365
person 0.0258 133 297 155 353
person 0.0257 71 291 101 367
person 0.0256 127 320 202 420
person 0.0256 153 305 163 322
person 0.0255 123 296 172 362
person 0.0254 157 330 187 360
person 0.0254 38 318 50 369
person 0.0253 50 308 63 330
person 0.0251 74 271 128 402
person 0.0250 155 397 174 425
person 0.0250 151 307 169 326
person 0.0246 186 311 196 334
person 0.0246 107 311 143 400
person 0.0245 135 308 142 329
person 0.0245 87 316 118 358
person 0.0244 180 358 202 439
person 0.0244 62 311 77 328
person 0.0243 143 385 171 420
person 0.0243 131 309 150 329
person 0.0242 356 313 375 401
person 0.0242 53 0 94 86
person 0.0241 170 317 226 460
person 0.0240 138 309 156 329
person 0.0240 24 171 127 500
person 0.0237 186 385 200 429
person 0.0236 0 0 375 428
person 0.0234 117 307 135 340
person 0.0234 100 309 131 380
person 0.0233 168 295 178 311
person 0.0232 147 295 182 323
person 0.0232 255 165 369 498
person 0.0230 63 315 74 333
person 0.0229 165 291 188 326
person 0.0229 63 384 92 419
person 0.0228 180 383 202 474
person 0.0228 168 293 189 311
person 0.0227 44 305 59 340
person 0.0225 135 406 212 494
person 0.0224 153 404 171 458
person 0.0222 141 305 152 325
person 0.0222 162 326 195 381
person 0.0220 129 360 162 458
person 0.0220 85 318 94 344
person 0.0220 64 249 110 390
person 0.0220 161 327 180 376
person 0.0219 142 299 149 321
person 0.0217 51 5 135 167
person 0.0217 168 356 198 472
person 0.0217 111 309 138 327
person 0.0216 150 431 171 471
person 0.0215 150 401 171 430
person 0.0214 155 358 181 472
person 0.0213 189 328 218 421
person 0.0212 180 297 191 314
person 0.0212 33 302 66 360
person 0.0210 142 281 168 353
person 0.0209 152 300 159 318
person 0.0208 94 378 109 422
person 0.0207 73 333 126 398
person 0.0207 68 308 87 330
person 0.0207 206 215 331 500
person 0.0205 43 303 163 442
person 0.0204 187 304 195 324
person 0.0204 48 408 146 500
person 0.0204 143 396 158 426
person 0.0203 152 288 171 329
person 0.0203 68 306 81 319
person 0.0201 91 316 106 339
person 0.0200 83 342 106 390
pottedplant 0.4297 216 319 239 364
pottedplant 0.1873 200 312 241 361
pottedplant 0.1837 0 284 19 355
pottedplant 0.1755 285 354 313 393
pottedplant 0.1393 283 297 313 394
pottedplant 0.1189 0 103 14 156
pottedplant 0.1113 0 96 30 156
pottedplant 0.1110 192 316 210 351
pottedplant 0.1032 200 312 215 350
pottedplant 0.1032 288 330 311 385
pottedplant 0.0996 281 338 317 401
pottedplant 0.0948 285 362 319 415
pottedplant 0.0925 211 315 231 357
pottedplant 0.0874 190 308 221 354
pottedplant 0.0861 208 317 219 357
pottedplant 0.0847 200 291 225 355
pottedplant 0.0814 0 278 17 326
pottedplant 0.0808 286 370 316 398
pottedplant 0.0765 279 277 305 371
pottedplant 0.0761 205 300 220 349
pottedplant 0.0754 256 351 331 488
pottedplant 0.0727 2 289 25 389
pottedplant 0.0721 0 72 42 154
pottedplant 0.0684 189 315 204 348
pottedplant 0.0652 360 315 374 373
pottedplant 0.0605 2 65 56 187
pottedplant 0.0587 211 281 242 362
pottedplant 0.0581 235 296 355 500
pottedplant 0.0572 281 351 319 457
pottedplant 0.0554 283 341 349 487
pottedplant 0.0532 220 333 239 371
pottedplant 0.0532 300 332 313 375
pottedplant 0.0532 310 285 368 485
pottedplant 0.0522 207 327 251 368
pottedplant 0.0516 287 278 319 373
pottedplant 0.0503 292 349 315 379
pottedplant 0.0490 262 265 328 422
pottedplant 0.0490 198 297 219 338
pottedplant 0.0484 185 309 210 362
pottedplant 0.0464 286 252 351 425
pottedplant 0.0460 209 329 226 360
pottedplant 0.0451 285 333 307 368
pottedplant 0.0448 182 294 240 359
pottedplant 0.0446 1 242 25 342
pottedplant 0.0441 208 316 244 396
pottedplant 0.0440 286 276 306 342
pottedplant 0.0437 283 312 331 424
pottedplant 0.0432 2 125 24 157
pottedplant 0.0429 293 309 315 382
pottedplant 0.0412 0 76 18 152
pottedplant 0.0404 0 234 17 367
pottedplant 0.0401 357 272 375 375
pottedplant 0.0399 271 357 334 411
pottedplant 0.0398 189 319 230 377
pottedplant 0.0396 194 319 217 364
pottedplant 0.0379 204 290 221 331
pottedplant 0.0374 224 309 239 346
pottedplant 0.0373 347 298 373 404
pottedplant 0.0364 191 308 202 340
pottedplant 0.0357 283 287 297 337
pottedplant 0.0353 287 311 304 366
pottedplant 0.0352 303 342 337 407
pottedplant 0.0351 211 295 225 341
pottedplant 0.0349 295 316 309 369
pottedplant 0.0349 0 68 28 195
pottedplant 0.0344 240 306 311 470
pottedplant 0.0339 12 298 63 386
pottedplant 0.0338 213 315 240 343
pottedplant 0.0337 0 55 67 266
pottedplant 0.0336 270 257 312 379
pottedplant 0.0334 222 307 243 357
pottedplant 0.0332 7 313 20 359
pottedplant 0.0330 274 287 296 366
pottedplant 0.0329 218 306 233 345
pottedplant 0.0325 212 336 234 365
pottedplant 0.0325 296 355 327 415
pottedplant 0.0325 0 288 47 397
pottedplant 0.0323 293 283 308 338
pottedplant 0.0323 0 118 10 157
pottedplant 0.0321 284 349 306 378
pottedplant 0.0321 305 368 321 403
pottedplant 0.0320 263 276 292 365
pottedplant 0.0318 289 167 375 500
pottedplant 0.0318 279 290 289 338
pottedplant 0.0317 233 273 320 385
pottedplant 0.0313 1 6 111 309
pottedplant 0.0312 348 235 373 370
pottedplant 0.0311 2 105 32 136
pottedplant 0.0305 284 367 301 405
pottedplant 0.0304 282 248 328 382
pottedplant 0.0303 276 316 311 374
pottedplant 0.0302 334 269 375 498
pottedplant 0.0300 28 320 53 388
pottedplant 0.0298 202 291 249 382
pottedplant 0.0296 197 310 231 345
pottedplant 0.0293 224 309 269 363
pottedplant 0.0288 13 36 89 227
pottedplant 0.0287 299 297 313 369
pottedplant 0.0286 0 74 33 125
pottedplant 0.0282 224 320 252 360
pottedplant 0.0282 0 61 80 147
pottedplant 0.0280 0 212 10 329
pottedplant 0.0280 10 295 25 336
pottedplant 0.0272 188 289 220 342
pottedplant 0.0272 288 274 303 322
pottedplant 0.0270 0 136 20 161
pottedplant 0.0266 265 331 319 377
pottedplant 0.0265 304 293 335 380
pottedplant 0.0265 310 183 370 405
pottedplant 0.0265 247 275 278 362
pottedplant 0.0264 12 316 24 355
pottedplant 0.0264 13 289 42 373
pottedplant 0.0261 284 329 297 367
pottedplant 0.0259 252 241 337 371
pottedplant 0.0258 5 296 26 355
pottedplant 0.0257 215 291 235 341
pottedplant 0.0256 290 364 332 398
pottedplant 0.0256 228 314 243 350
pottedplant 0.0255 239 279 267 359
pottedplant 0.0253 190 303 217 329
pottedplant 0.0249 200 327 251 466
pottedplant 0.0248 2 319 15 365
pottedplant 0.0248 2 99 46 173
pottedplant 0.0248 0 296 11 358
pottedplant 0.0248 191 307 243 416
pottedplant 0.0247 245 341 319 397
pottedplant 0.0247 285 382 299 414
pottedplant 0.0245 277 300 289 359
pottedplant 0.0244 216 331 273 372
pottedplant 0.0244 186 304 270 369
pottedplant 0.0243 209 291 225 322
pottedplant 0.0243 209 338 220 370
pottedplant 0.0242 0 293 24 332
pottedplant 0.0240 304 362 322 385
pottedplant 0.0239 354 262 375 454
pottedplant 0.0238 0 73 40 247
pottedplant 0.0238 27 348 38 383
pottedplant 0.0237 214 277 284 369
pottedplant 0.0235 220 343 245 365
pottedplant 0.0235 354 311 370 362
pottedplant 0.0234 282 299 297 360
pottedplant 0.0234 289 337 332 390
pottedplant 0.0234 219 297 230 325
pottedplant 0.0234 263 213 363 393
pottedplant 0.0234 32 333 45 383
pottedplant 0.0233 0 111 22 146
pottedplant 0.0231 226 299 237 326
pottedplant 0.0230 264 334 352 409
pottedplant 0.0230 4 234 55 387
pottedplant 0.0228 1 251 13 309
pottedplant 0.0226 237 327 249 356
pottedplant 0.0225 196 293 222 320
pottedplant 0.0224 358 195 375 400
pottedplant 0.0223 25 329 41 387
pottedplant 0.0222 213 304 239 323
pottedplant 0.0222 195 293 211 334
pottedplant 0.0220 306 344 317 372
pottedplant 0.0220 209 306 274 467
pottedplant 0.0219 11 284 26 321
pottedplant 0.0219 237 295 295 371
pottedplant 0.0218 196 333 219 357
pottedplant 0.0218 236 317 266 377
pottedplant 0.0216 330 273 370 396
pottedplant 0.0216 275 289 285 337
pottedplant 0.0216 2 83 24 135
pottedplant 0.0216 8 315 26 369
pottedplant 0.0215 0 213 31 377
pottedplant 0.0215 179 282 208 348
pottedplant 0.0215 302 351 324 400
pottedplant 0.0215 186 309 199 329
pottedplant 0.0214 302 292 312 346
pottedplant 0.0214 10 84 30 132
pottedplant 0.0214 248 309 313 387
pottedplant 0.0214 299 360 326 379
pottedplant 0.0212 0 99 24 127
pottedplant 0.0212 273 319 286 360
pottedplant 0.0211 200 300 225 326
pottedplant 0.0210 244 322 255 350
pottedplant 0.0209 14 334 25 369
pottedplant 0.0209 32 328 66 386
pottedplant 0.0208 308 355 318 379
pottedplant 0.0208 49 0 98 95
pottedplant 0.0208 265 83 370 427
pottedplant 0.0207 2 323 31 401
pottedplant 0.0207 221 270 251 357
pottedplant 0.0206 183 266 321 407
pottedplant 0.0205 202 329 231 369
pottedplant 0.0202 229 341 273 389
pottedplant 0.0201 37 338 50 384
pottedplant 0.0200 13 238 41 336
sofa 0.0229 28 330 94 394
sofa 0.0214 138 377 221 479
tvmonitor 0.0347 0 17 42 75
