aeroplane 0.0561 217 122 291 277
aeroplane 0.0239 264 187 291 258
bird 0.7081 195 82 295 284
bird 0.1442 119 106 143 172
bird 0.1177 193 87 275 176
bird 0.0930 133 55 281 302
bird 0.0691 210 171 319 282
bird 0.0678 182 39 352 295
bird 0.0678 59 0 234 307
bird 0.0661 123 107 137 153
bird 0.0614 448 18 493 44
bird 0.0559 173 83 254 241
bird 0.0550 196 86 262 139
bird 0.0441 100 105 142 182
bird 0.0437 434 59 453 99
bird 0.0428 233 94 324 278
bird 0.0352 85 0 188 204
bird 0.0341 126 110 142 158
bird 0.0318 318 310 342 335
bird 0.0317 111 107 140 146
bird 0.0291 120 108 140 131
bird 0.0284 202 86 229 124
bird 0.0277 447 18 497 70
bird 0.0275 452 18 490 33
bird 0.0275 114 80 245 203
bird 0.0261 196 131 327 335
bird 0.0250 462 287 500 335
bird 0.0239 72 70 142 199
bird 0.0238 316 309 373 335
bird 0.0224 99 0 154 54
bird 0.0221 92 90 192 190
bird 0.0218 273 204 386 281
bird 0.0217 439 59 457 83
bird 0.0216 125 109 144 137
bird 0.0215 165 210 386 333
bird 0.0212 246 216 418 310
bird 0.0203 286 151 361 271
bus 0.0493 0 0 441 335
cat 0.0430 0 0 500 335
horse 0.1166 0 0 500 335
person 0.0888 0 0 211 335
person 0.0764 0 0 500 291
person 0.0322 31 53 116 177
person 0.0294 82 0 241 271
