horse 0.8648 163 110 442 299
horse 0.1040 210 108 385 251
horse 0.0790 170 109 332 228
horse 0.0745 165 109 248 226
horse 0.0655 0 47 434 323
horse 0.0513 281 140 437 294
horse 0.0508 178 215 411 299
horse 0.0466 337 134 442 240
horse 0.0457 161 109 296 301
horse 0.0319 250 116 438 225
horse 0.0280 373 139 454 276
horse 0.0280 206 147 372 306
horse 0.0256 23 0 263 295
horse 0.0231 279 229 441 295
horse 0.0216 345 188 449 286
horse 0.0212 197 122 395 198
horse 0.0208 378 103 455 226
person 0.7562 242 53 305 210
person 0.3619 214 56 318 246
person 0.3023 197 90 345 289
person 0.1640 250 117 293 216
person 0.0988 179 103 297 255
person 0.0934 219 103 358 225
person 0.0924 0 0 257 332
person 0.0892 234 54 297 150
person 0.0820 3 0 497 312
person 0.0767 210 104 306 206
person 0.0550 164 110 248 215
person 0.0530 242 53 301 105
person 0.0461 262 57 297 119
person 0.0360 238 63 395 241
person 0.0357 262 140 303 219
person 0.0350 39 2 207 218
person 0.0349 417 91 441 118
person 0.0342 241 118 328 261
person 0.0333 268 117 372 237
person 0.0289 241 59 284 122
person 0.0265 271 55 298 98
person 0.0257 260 54 280 83
person 0.0256 266 55 287 86
person 0.0244 247 170 301 220
person 0.0238 167 153 184 177
person 0.0222 179 155 285 303
person 0.0218 257 151 288 215
person 0.0216 242 150 280 220
person 0.0214 326 132 424 237
person 0.0209 166 109 222 171
person 0.0205 282 56 348 187
