boat 0.0291 281 2 420 60
boat 0.0236 278 2 328 57
bottle 0.0418 151 214 188 272
bottle 0.0284 155 230 182 269
bottle 0.0237 141 186 162 233
bottle 0.0223 153 181 197 243
bottle 0.0219 129 227 185 273
bottle 0.0208 142 181 179 234
bus 0.0335 307 0 486 144
bus 0.0226 306 2 422 71
car 0.6917 108 105 498 371
car 0.4851 172 86 274 116
car 0.4444 141 86 279 134
car 0.4314 267 93 385 129
car 0.3844 460 102 500 144
car 0.2881 0 61 42 115
car 0.2646 144 88 391 156
car 0.2461 42 76 353 375
car 0.2185 136 80 291 167
car 0.2059 251 84 415 138
car 0.2011 434 90 499 139
car 0.1975 0 54 78 112
car 0.1974 297 75 485 137
car 0.1592 224 87 273 114
car 0.1592 171 95 416 248
car 0.1541 462 101 500 121
car 0.1460 381 85 500 138
car 0.1404 329 13 493 131
car 0.1320 55 51 291 155
car 0.1283 264 103 489 270
car 0.1253 0 61 29 95
car 0.1251 266 92 351 117
car 0.1235 0 81 24 116
car 0.1213 426 42 498 143
car 0.1209 200 90 374 134
car 0.1208 0 61 62 96
car 0.1190 453 56 499 131
car 0.1086 2 77 59 113
car 0.1046 469 79 500 135
car 0.1014 150 91 317 268
car 0.1012 479 72 500 108
car 0.0969 10 42 136 109
car 0.0957 314 89 445 132
car 0.0926 224 83 493 166
car 0.0918 331 118 500 322
car 0.0887 134 97 345 193
car 0.0870 130 46 449 164
car 0.0859 294 33 441 126
car 0.0853 33 61 82 100
car 0.0837 462 75 500 111
car 0.0831 184 84 244 111
car 0.0802 181 89 307 126
car 0.0796 246 86 273 112
car 0.0791 85 70 264 236
car 0.0780 8 31 243 136
car 0.0754 0 7 91 104
car 0.0754 463 95 500 111
car 0.0752 475 111 499 146
car 0.0745 69 44 492 239
car 0.0742 136 66 190 99
car 0.0741 0 93 37 117
car 0.0736 207 107 392 175
car 0.0732 460 24 499 104
car 0.0731 235 103 473 199
car 0.0723 238 87 329 115
car 0.0713 331 96 497 219
car 0.0708 313 98 385 128
car 0.0692 2 65 46 89
car 0.0664 479 88 499 117
car 0.0657 339 51 460 132
car 0.0657 479 42 500 83
car 0.0656 414 10 500 116
car 0.0650 474 46 500 111
car 0.0629 362 104 459 137
car 0.0625 404 127 500 267
car 0.0614 451 100 500 181
car 0.0607 0 81 40 103
car 0.0601 306 103 407 137
car 0.0598 209 82 273 106
car 0.0596 0 12 46 103
car 0.0586 444 84 500 120
car 0.0575 186 83 232 99
car 0.0575 352 102 385 125
car 0.0566 125 61 284 123
car 0.0561 127 98 238 211
car 0.0553 143 74 263 112
car 0.0546 269 100 395 146
car 0.0543 235 83 272 101
car 0.0540 132 94 218 130
car 0.0536 181 87 229 105
car 0.0524 256 125 392 258
car 0.0515 432 53 495 106
car 0.0510 450 98 489 136
car 0.0509 359 75 500 171
car 0.0507 473 92 494 116
car 0.0505 129 91 249 116
car 0.0505 464 124 500 146
car 0.0497 330 81 396 124
car 0.0491 0 42 39 95
car 0.0490 191 79 224 91
car 0.0485 285 44 500 202
car 0.0483 184 79 212 92
car 0.0478 134 80 203 120
car 0.0477 477 66 500 94
car 0.0466 138 80 183 97
car 0.0465 223 8 474 153
car 0.0465 377 38 485 140
car 0.0463 182 80 204 100
car 0.0459 292 96 370 119
car 0.0459 311 56 406 145
car 0.0457 0 59 57 143
car 0.0456 444 114 495 142
car 0.0455 139 72 224 102
car 0.0452 464 63 500 98
car 0.0450 1 0 79 55
car 0.0449 311 174 480 265
car 0.0434 274 62 392 128
car 0.0432 413 101 500 150
car 0.0432 1 90 71 125
car 0.0431 449 99 490 118
car 0.0426 16 83 66 109
car 0.0423 387 62 499 118
car 0.0412 348 99 423 129
car 0.0409 31 75 77 106
car 0.0408 471 49 495 80
car 0.0408 128 87 236 154
car 0.0401 252 99 354 135
car 0.0391 372 78 446 128
car 0.0385 465 63 499 82
car 0.0385 138 89 185 104
car 0.0383 9 48 95 90
car 0.0382 243 79 272 91
car 0.0380 255 81 272 96
car 0.0379 133 93 206 113
car 0.0377 204 82 252 98
car 0.0375 179 77 237 95
car 0.0373 0 84 13 119
car 0.0372 32 85 58 108
car 0.0368 179 78 196 94
car 0.0368 416 77 490 128
car 0.0365 337 44 397 127
car 0.0363 428 101 500 221
car 0.0360 453 109 476 141
car 0.0357 5 0 76 31
car 0.0356 0 1 185 118
car 0.0355 54 39 182 103
car 0.0345 447 44 500 89
car 0.0344 291 94 349 112
car 0.0341 148 77 202 99
car 0.0340 182 137 351 230
car 0.0339 468 28 499 77
car 0.0333 333 108 382 128
car 0.0331 157 79 239 105
car 0.0328 149 259 500 370
car 0.0326 334 98 381 120
car 0.0325 111 43 185 99
car 0.0325 66 25 258 98
car 0.0322 173 81 219 101
car 0.0322 155 75 193 94
car 0.0322 0 105 39 122
car 0.0320 332 54 376 119
car 0.0317 480 28 499 68
car 0.0316 14 90 53 112
car 0.0310 10 72 75 98
car 0.0310 198 92 265 111
car 0.0309 442 57 485 88
car 0.0309 313 127 471 243
car 0.0309 44 66 84 89
car 0.0307 264 79 392 194
car 0.0304 214 97 268 115
car 0.0303 246 93 351 231
car 0.0302 0 59 35 81
car 0.0302 461 84 491 108
car 0.0301 324 87 378 136
car 0.0301 248 83 267 95
car 0.0301 355 109 399 128
car 0.0300 149 114 241 151
car 0.0300 270 3 408 111
car 0.0294 129 82 158 98
car 0.0291 195 82 219 93
car 0.0291 225 103 360 151
car 0.0290 451 95 488 111
car 0.0289 206 78 240 89
car 0.0287 168 102 300 155
car 0.0282 459 53 489 93
car 0.0282 206 84 271 131
car 0.0281 11 75 55 93
car 0.0279 0 49 22 84
car 0.0276 12 62 76 86
car 0.0276 157 41 289 146
car 0.0275 142 86 213 106
car 0.0275 486 59 500 102
car 0.0274 302 95 403 216
car 0.0274 29 67 58 105
car 0.0274 193 49 416 129
car 0.0273 223 78 257 88
car 0.0273 0 30 310 229
car 0.0272 380 34 442 123
car 0.0271 5 30 114 85
car 0.0271 460 0 499 75
car 0.0270 226 88 252 116
car 0.0270 337 29 425 99
car 0.0270 316 94 360 111
car 0.0269 154 89 199 103
car 0.0268 340 101 393 132
car 0.0267 0 36 80 75
car 0.0266 474 101 500 132
car 0.0266 464 94 483 116
car 0.0266 140 71 163 98
car 0.0265 258 22 353 128
car 0.0265 350 83 387 128
car 0.0263 132 55 194 114
car 0.0262 215 76 274 96
car 0.0261 136 109 198 159
car 0.0261 105 57 215 132
car 0.0259 360 30 500 103
car 0.0256 285 154 437 284
car 0.0255 452 68 495 87
car 0.0254 206 75 230 84
car 0.0253 171 77 210 95
car 0.0252 463 58 482 87
car 0.0251 442 121 478 140
car 0.0249 331 102 494 150
car 0.0249 313 114 412 147
car 0.0248 438 16 493 92
car 0.0247 184 83 213 109
car 0.0244 39 72 64 102
car 0.0244 447 62 484 106
car 0.0242 164 70 186 98
car 0.0241 354 72 409 130
car 0.0241 292 2 426 63
car 0.0240 181 76 265 102
car 0.0240 145 99 209 176
car 0.0239 234 103 274 121
car 0.0239 197 75 221 85
car 0.0238 186 77 200 89
car 0.0238 233 79 280 122
car 0.0238 377 165 488 301
car 0.0238 347 114 443 147
car 0.0237 306 0 484 85
car 0.0237 0 62 19 112
car 0.0237 148 48 196 98
car 0.0237 139 128 281 221
car 0.0237 0 0 39 50
car 0.0236 343 94 383 114
car 0.0234 416 99 470 138
car 0.0234 256 67 356 149
car 0.0230 1 8 159 75
car 0.0230 249 77 273 106
car 0.0229 439 75 496 104
car 0.0228 386 114 483 147
car 0.0227 215 74 238 83
car 0.0226 459 58 494 77
car 0.0226 408 46 492 86
car 0.0226 260 201 495 375
car 0.0223 9 68 85 132
car 0.0222 322 110 386 136
car 0.0222 3 62 74 186
car 0.0222 423 33 498 76
car 0.0222 352 72 445 111
car 0.0222 196 99 251 115
car 0.0221 16 99 54 116
car 0.0220 433 108 474 139
car 0.0219 418 114 448 136
car 0.0218 371 110 420 130
car 0.0218 488 114 500 147
car 0.0218 52 37 132 75
car 0.0216 453 74 498 95
car 0.0215 426 122 500 158
car 0.0214 258 78 272 91
car 0.0213 257 84 276 101
car 0.0212 464 133 500 151
car 0.0212 125 78 167 100
car 0.0211 401 13 459 109
car 0.0211 223 74 246 83
car 0.0210 257 92 315 114
car 0.0210 169 95 239 116
car 0.0210 20 71 48 102
car 0.0210 209 79 307 175
car 0.0209 352 16 433 80
car 0.0209 240 95 275 117
car 0.0209 262 81 276 95
car 0.0209 405 88 447 137
car 0.0207 282 104 362 130
car 0.0207 285 91 332 106
car 0.0206 122 92 194 148
car 0.0206 218 109 265 121
car 0.0204 386 59 478 94
car 0.0204 0 213 345 375
car 0.0204 438 111 459 140
car 0.0203 275 75 366 109
car 0.0202 315 67 429 116
car 0.0202 203 81 227 92
car 0.0201 250 87 264 99
car 0.0201 249 75 272 86
car 0.0201 32 76 58 97
chair 0.0361 129 174 198 273
chair 0.0299 34 241 170 374
chair 0.0281 232 170 313 276
chair 0.0249 136 151 269 312
chair 0.0243 96 243 236 372
chair 0.0238 5 296 166 373
chair 0.0226 107 222 329 374
chair 0.0218 125 215 190 278
chair 0.0208 283 181 382 267
chair 0.0204 269 180 336 265
diningtable 0.0239 0 200 257 375
person 0.8323 21 38 187 375
person 0.2649 37 58 313 375
person 0.2056 239 139 309 270
person 0.2053 240 253 268 286
person 0.1254 41 33 170 241
person 0.1234 261 147 334 266
person 0.1219 270 137 379 270
person 0.1214 45 38 147 121
person 0.1048 232 151 281 272
person 0.1027 134 146 196 276
person 0.0987 300 167 387 263
person 0.0975 202 127 345 268
person 0.0955 152 94 320 282
person 0.0954 63 67 195 291
person 0.0859 237 233 270 284
person 0.0857 104 83 229 305
person 0.0857 65 161 185 375
person 0.0796 359 196 405 262
person 0.0719 337 184 395 264
person 0.0711 152 118 243 267
person 0.0704 123 96 223 230
person 0.0690 218 126 379 339
person 0.0668 14 200 162 375
person 0.0591 133 103 275 369
person 0.0584 250 147 292 247
person 0.0568 183 78 200 96
person 0.0559 129 76 145 99
person 0.0537 144 113 201 244
person 0.0531 28 32 219 170
person 0.0530 410 17 426 66
person 0.0527 64 38 136 95
person 0.0522 479 35 500 79
person 0.0502 123 152 218 368
person 0.0487 49 49 94 107
person 0.0484 349 162 412 266
person 0.0480 10 123 107 371
person 0.0462 116 32 288 255
person 0.0454 263 117 448 288
person 0.0443 345 30 365 60
person 0.0442 328 140 446 267
person 0.0432 283 169 323 264
person 0.0430 5 29 103 124
person 0.0429 100 95 188 260
person 0.0429 39 28 206 101
person 0.0426 107 39 154 103
person 0.0422 26 53 113 113
person 0.0418 298 182 342 261
person 0.0402 139 195 190 273
person 0.0400 121 55 225 159
person 0.0399 369 209 420 266
person 0.0395 179 78 193 96
person 0.0383 123 73 140 100
person 0.0382 185 150 288 269
person 0.0380 187 80 198 93
person 0.0379 124 57 147 99
person 0.0373 238 141 283 214
person 0.0367 228 210 265 285
person 0.0357 267 174 310 266
person 0.0357 356 215 391 261
person 0.0356 56 57 165 162
person 0.0354 134 78 151 101
person 0.0350 116 42 142 97
person 0.0347 1 0 35 32
person 0.0346 9 57 87 191
person 0.0341 95 229 182 375
person 0.0334 28 0 75 29
person 0.0328 153 175 196 262
person 0.0319 332 42 374 110
person 0.0315 341 186 380 242
person 0.0312 403 7 428 68
person 0.0310 189 81 206 96
person 0.0309 124 38 174 96
person 0.0304 411 4 426 45
person 0.0300 459 155 500 242
person 0.0300 370 171 404 241
person 0.0298 41 43 107 92
person 0.0294 54 1 79 29
person 0.0290 249 190 291 273
person 0.0288 59 63 85 96
person 0.0285 320 206 386 262
person 0.0284 92 44 141 118
person 0.0281 94 37 139 88
person 0.0280 1 10 269 224
person 0.0279 155 209 195 278
person 0.0278 153 147 196 232
person 0.0275 315 177 381 238
person 0.0272 342 30 368 77
person 0.0269 185 80 209 102
person 0.0268 128 202 196 336
person 0.0265 279 150 325 231
person 0.0265 10 105 77 255
person 0.0264 354 193 442 266
person 0.0263 25 67 81 120
person 0.0262 111 61 157 133
person 0.0261 244 142 323 211
person 0.0260 444 141 500 273
person 0.0260 22 235 89 375
person 0.0260 310 197 362 264
person 0.0258 244 167 277 245
person 0.0257 347 166 388 236
person 0.0255 285 159 367 243
person 0.0255 233 257 282 290
person 0.0252 470 33 496 70
person 0.0250 58 56 113 130
person 0.0249 33 75 52 101
person 0.0247 464 55 482 82
person 0.0243 193 81 204 92
person 0.0241 130 69 156 101
person 0.0241 237 252 267 272
person 0.0240 405 28 423 65
person 0.0240 56 59 141 105
person 0.0237 245 142 288 187
person 0.0237 52 67 89 139
person 0.0235 130 20 216 117
person 0.0234 340 27 358 54
person 0.0233 98 73 172 208
person 0.0231 24 86 47 115
person 0.0230 337 25 363 64
person 0.0230 6 0 62 30
person 0.0229 316 16 331 54
person 0.0224 335 194 362 235
person 0.0224 180 75 204 104
person 0.0223 414 27 430 68
person 0.0222 122 101 183 208
person 0.0222 47 67 84 113
person 0.0221 340 221 400 266
person 0.0220 223 109 293 234
person 0.0220 129 215 180 278
person 0.0219 126 81 149 106
person 0.0219 480 174 499 217
person 0.0215 45 0 71 27
person 0.0215 378 218 409 263
person 0.0211 333 20 347 55
person 0.0210 129 182 172 262
person 0.0209 143 113 192 188
person 0.0209 48 80 70 108
person 0.0208 196 176 268 292
person 0.0207 338 202 355 235
person 0.0206 107 152 179 277
person 0.0206 140 79 161 100
person 0.0206 322 19 340 56
person 0.0204 12 89 39 118
person 0.0203 173 71 196 100
person 0.0200 151 163 221 285
pottedplant 0.0270 278 2 328 45
sofa 0.0731 212 122 411 278
sofa 0.0593 144 115 339 293
sofa 0.0568 0 97 334 375
sofa 0.0436 175 144 447 362
sofa 0.0344 108 228 500 370
sofa 0.0327 248 135 482 311
sofa 0.0253 206 171 339 263
sofa 0.0252 114 179 315 374
sofa 0.0215 291 193 401 266
train 0.0487 8 30 475 331
tvmonitor 0.0289 294 193 324 266
tvmonitor 0.0280 329 188 372 238
tvmonitor 0.0248 283 149 385 246
tvmonitor 0.0238 120 226 396 372
tvmonitor 0.0235 232 202 281 272
tvmonitor 0.0229 310 187 356 240
tvmonitor 0.0217 158 121 194 190
tvmonitor 0.0216 326 193 353 234
