boat 0.0242 1 0 111 68
bottle 0.1202 203 128 241 190
bottle 0.1039 161 145 211 184
bottle 0.0885 192 137 223 190
bottle 0.0772 199 144 217 187
bottle 0.0648 164 144 202 171
bottle 0.0632 402 75 448 138
bottle 0.0614 182 150 214 189
bottle 0.0578 172 179 208 233
bottle 0.0573 174 122 215 184
bottle 0.0564 449 136 498 269
bottle 0.0553 171 155 217 227
bottle 0.0537 174 149 206 181
bottle 0.0492 0 0 38 67
bottle 0.0482 186 133 233 207
bottle 0.0477 216 141 241 183
bottle 0.0465 209 142 233 186
bottle 0.0445 475 0 498 47
bottle 0.0425 172 136 206 164
bottle 0.0415 200 351 260 375
bottle 0.0414 234 117 256 146
bottle 0.0411 233 144 281 177
bottle 0.0410 188 142 210 173
bottle 0.0403 270 177 287 204
bottle 0.0401 171 177 210 208
bottle 0.0399 276 179 293 204
bottle 0.0394 166 153 204 194
bottle 0.0392 254 176 270 206
bottle 0.0387 414 270 499 375
bottle 0.0387 231 143 266 168
bottle 0.0384 178 120 204 159
bottle 0.0375 182 119 233 176
bottle 0.0373 1 0 95 78
bottle 0.0372 162 149 193 179
bottle 0.0371 260 176 277 205
bottle 0.0367 227 140 251 173
bottle 0.0366 214 135 256 186
bottle 0.0365 266 177 291 193
bottle 0.0363 230 149 299 186
bottle 0.0361 204 153 223 192
bottle 0.0356 210 141 245 202
bottle 0.0351 232 148 261 182
bottle 0.0348 188 120 210 158
bottle 0.0342 175 178 238 229
bottle 0.0340 157 145 181 175
bottle 0.0338 173 162 209 188
bottle 0.0338 242 116 265 147
bottle 0.0336 0 53 21 156
bottle 0.0325 255 172 285 187
bottle 0.0322 284 181 302 211
bottle 0.0320 194 160 220 190
bottle 0.0320 233 167 300 188
bottle 0.0319 246 109 277 150
bottle 0.0319 0 277 37 300
bottle 0.0318 169 129 200 157
bottle 0.0316 219 160 241 192
bottle 0.0315 463 322 500 375
bottle 0.0313 291 182 312 212
bottle 0.0312 175 146 217 165
bottle 0.0307 243 175 264 207
bottle 0.0305 245 170 278 187
bottle 0.0304 236 178 256 213
bottle 0.0302 428 346 500 375
bottle 0.0300 234 125 259 155
bottle 0.0299 226 158 249 188
bottle 0.0298 18 186 39 222
bottle 0.0298 248 174 276 193
bottle 0.0296 173 173 208 196
bottle 0.0295 248 171 274 209
bottle 0.0291 473 256 500 306
bottle 0.0289 256 174 282 215
bottle 0.0288 186 342 303 374
bottle 0.0287 189 166 211 196
bottle 0.0286 159 161 201 182
bottle 0.0286 225 122 250 156
bottle 0.0283 234 163 257 190
bottle 0.0282 235 161 272 184
bottle 0.0280 405 91 428 130
bottle 0.0279 246 170 293 195
bottle 0.0276 249 354 358 375
bottle 0.0276 175 339 252 375
bottle 0.0272 265 175 291 215
bottle 0.0269 260 114 282 149
bottle 0.0269 396 81 430 151
bottle 0.0267 477 332 499 374
bottle 0.0262 273 174 297 188
bottle 0.0260 199 143 226 174
bottle 0.0259 190 137 251 177
bottle 0.0257 0 257 34 304
bottle 0.0257 208 163 237 190
bottle 0.0257 0 327 21 374
bottle 0.0253 404 78 430 116
bottle 0.0253 216 165 244 210
bottle 0.0252 186 180 210 215
bottle 0.0251 233 165 275 214
bottle 0.0248 154 218 179 236
bottle 0.0248 400 98 421 139
bottle 0.0248 195 135 217 172
bottle 0.0247 265 117 289 153
bottle 0.0245 240 165 265 189
bottle 0.0244 287 182 300 196
bottle 0.0243 196 173 217 205
bottle 0.0242 245 161 296 216
bottle 0.0241 207 350 237 375
bottle 0.0241 10 0 110 23
bottle 0.0241 191 138 253 225
bottle 0.0240 202 172 251 231
bottle 0.0239 461 186 498 264
bottle 0.0239 219 162 263 219
bottle 0.0239 400 82 420 122
bottle 0.0239 177 197 202 232
bottle 0.0236 272 179 297 220
bottle 0.0234 227 178 249 213
bottle 0.0234 135 274 193 375
bottle 0.0229 403 101 447 125
bottle 0.0229 457 260 500 374
bottle 0.0229 176 180 218 200
bottle 0.0228 3 276 32 316
bottle 0.0225 462 348 499 374
bottle 0.0225 225 335 356 375
bottle 0.0223 21 182 47 213
bottle 0.0222 245 165 294 182
bottle 0.0220 208 353 320 375
bottle 0.0220 294 360 353 374
bottle 0.0219 227 167 249 199
bottle 0.0219 214 137 247 167
bottle 0.0218 407 75 441 104
bottle 0.0217 212 158 266 195
bottle 0.0215 178 142 232 169
bottle 0.0214 280 180 308 220
bottle 0.0212 0 124 22 189
bottle 0.0211 203 173 224 205
bottle 0.0211 3 74 17 130
bottle 0.0210 345 223 390 288
bottle 0.0210 185 176 226 206
bottle 0.0209 10 283 74 310
bottle 0.0209 284 180 303 193
bottle 0.0209 212 173 234 206
bottle 0.0208 235 141 284 159
bottle 0.0202 464 1 487 41
bottle 0.0201 196 184 217 218
chair 0.2519 18 187 68 288
chair 0.1151 8 185 44 274
chair 0.0960 129 158 285 375
chair 0.0949 19 187 56 252
chair 0.0918 0 187 58 315
chair 0.0815 0 233 35 296
chair 0.0764 0 183 23 296
chair 0.0756 37 120 66 177
chair 0.0721 282 248 496 372
chair 0.0684 130 173 223 352
chair 0.0636 31 174 71 246
chair 0.0619 57 127 219 317
chair 0.0607 200 310 436 370
chair 0.0607 145 242 340 370
chair 0.0601 6 175 38 243
chair 0.0594 408 251 498 375
chair 0.0578 40 125 59 168
chair 0.0576 1 215 51 282
chair 0.0569 230 145 301 182
chair 0.0556 18 156 188 360
chair 0.0543 138 171 265 278
chair 0.0526 35 123 54 174
chair 0.0523 175 216 284 362
chair 0.0511 215 198 369 370
chair 0.0496 6 209 100 322
chair 0.0494 43 165 161 300
chair 0.0452 43 108 81 165
chair 0.0449 0 300 326 375
chair 0.0442 24 159 99 285
chair 0.0440 20 179 63 229
chair 0.0437 134 262 268 369
chair 0.0436 47 124 69 165
chair 0.0413 250 272 406 367
chair 0.0400 334 233 450 366
chair 0.0395 0 171 65 257
chair 0.0384 199 338 398 375
chair 0.0379 171 144 250 188
chair 0.0373 28 123 59 194
chair 0.0370 13 220 61 302
chair 0.0369 0 214 31 345
chair 0.0364 17 186 42 236
chair 0.0352 277 223 378 363
chair 0.0352 1 254 254 361
chair 0.0344 2 0 86 91
chair 0.0339 154 304 316 375
chair 0.0339 25 202 59 272
chair 0.0336 0 222 29 273
chair 0.0332 369 181 500 375
chair 0.0329 0 238 75 286
chair 0.0325 237 111 270 150
chair 0.0322 99 155 184 353
chair 0.0320 214 166 315 284
chair 0.0317 311 289 470 375
chair 0.0306 0 244 27 287
chair 0.0299 18 113 78 182
chair 0.0299 0 0 47 86
chair 0.0299 26 123 47 178
chair 0.0284 0 230 155 305
chair 0.0283 11 229 38 274
chair 0.0279 226 108 283 144
chair 0.0277 62 173 229 260
chair 0.0277 418 173 500 265
chair 0.0274 2 91 42 196
chair 0.0271 21 187 47 221
chair 0.0266 306 208 412 346
chair 0.0265 58 114 77 155
chair 0.0264 248 183 348 313
chair 0.0264 365 199 487 286
chair 0.0262 0 137 74 342
chair 0.0260 414 199 499 338
chair 0.0260 456 140 500 277
chair 0.0259 359 222 493 324
chair 0.0255 29 190 55 230
chair 0.0254 108 293 239 375
chair 0.0253 37 120 50 155
chair 0.0251 64 246 200 357
chair 0.0245 42 185 62 226
chair 0.0244 39 192 86 270
chair 0.0235 17 192 81 235
chair 0.0235 0 180 20 237
chair 0.0234 234 141 274 179
chair 0.0232 282 102 409 194
chair 0.0231 36 108 68 153
chair 0.0229 243 139 351 192
chair 0.0229 0 253 58 293
chair 0.0221 219 156 288 186
chair 0.0217 11 120 43 186
chair 0.0216 34 179 67 218
chair 0.0215 22 227 50 279
chair 0.0214 18 231 37 262
chair 0.0211 15 198 41 255
chair 0.0207 8 187 112 262
chair 0.0206 0 204 81 271
chair 0.0204 46 110 73 144
chair 0.0201 238 145 387 211
chair 0.0200 53 226 227 304
diningtable 0.5614 121 197 492 366
diningtable 0.3120 8 220 360 374
diningtable 0.2953 120 152 435 305
diningtable 0.2619 81 107 367 351
diningtable 0.1535 184 185 438 272
diningtable 0.1347 155 164 386 252
diningtable 0.1311 180 116 414 265
diningtable 0.1186 141 286 466 375
diningtable 0.1108 163 178 363 319
diningtable 0.1095 199 84 487 321
diningtable 0.1037 109 177 318 371
diningtable 0.1015 53 144 312 291
diningtable 0.1011 242 162 420 237
diningtable 0.0893 164 138 295 197
diningtable 0.0801 234 245 500 372
diningtable 0.0793 224 125 417 365
diningtable 0.0751 0 297 346 375
diningtable 0.0695 156 312 391 370
diningtable 0.0682 263 195 490 295
diningtable 0.0660 163 243 382 370
diningtable 0.0604 173 163 324 224
diningtable 0.0582 154 127 340 221
diningtable 0.0565 202 176 362 231
diningtable 0.0539 138 181 296 261
diningtable 0.0510 225 130 393 210
diningtable 0.0503 262 175 399 266
diningtable 0.0454 286 147 495 256
diningtable 0.0415 341 189 498 267
diningtable 0.0409 205 148 337 205
diningtable 0.0394 11 178 217 302
diningtable 0.0389 150 173 278 234
diningtable 0.0380 188 145 266 186
diningtable 0.0377 217 172 333 215
diningtable 0.0372 24 20 500 332
diningtable 0.0371 286 192 437 362
diningtable 0.0359 325 215 500 349
diningtable 0.0344 47 119 244 248
diningtable 0.0323 288 95 483 228
diningtable 0.0319 140 141 257 218
diningtable 0.0306 70 204 278 326
diningtable 0.0286 0 212 183 332
diningtable 0.0275 44 245 285 356
diningtable 0.0266 237 225 426 305
diningtable 0.0266 231 160 313 195
diningtable 0.0265 187 160 270 196
diningtable 0.0260 145 222 303 307
diningtable 0.0257 141 257 312 344
diningtable 0.0251 229 262 435 342
diningtable 0.0250 219 190 374 253
diningtable 0.0239 104 198 257 281
diningtable 0.0215 219 134 301 233
diningtable 0.0213 182 177 270 213
diningtable 0.0204 10 186 148 270
diningtable 0.0203 181 188 308 238
person 0.7782 297 65 399 211
person 0.6991 60 76 229 345
person 0.6705 384 63 469 255
person 0.5768 180 98 249 171
person 0.5605 259 90 320 174
person 0.4907 335 65 433 237
person 0.4128 441 51 500 276
person 0.3951 251 81 365 187
person 0.3738 223 95 312 185
person 0.3649 0 285 160 375
person 0.3582 159 92 244 199
person 0.3380 83 82 230 218
person 0.3306 303 51 474 256
person 0.2830 184 95 283 189
person 0.2607 186 84 379 268
person 0.2497 107 99 293 340
person 0.2381 21 162 215 375
person 0.2128 261 100 434 320
person 0.2122 270 88 332 148
person 0.2086 1 280 92 362
person 0.2041 401 33 500 303
person 0.1948 393 74 460 182
person 0.1901 306 71 342 128
person 0.1878 287 75 347 169
person 0.1848 140 103 255 278
person 0.1839 152 99 210 184
person 0.1834 52 75 182 242
person 0.1785 123 80 203 185
person 0.1738 149 159 414 357
person 0.1717 216 75 408 205
person 0.1703 37 95 151 298
person 0.1675 143 120 214 232
person 0.1598 150 86 334 214
person 0.1573 193 97 245 147
person 0.1530 44 163 62 206
person 0.1455 63 117 105 173
person 0.1410 69 77 131 182
person 0.1398 310 69 393 159
person 0.1379 88 67 125 122
person 0.1353 50 64 416 332
person 0.1312 165 124 227 202
person 0.1236 55 102 117 191
person 0.1194 58 107 135 247
person 0.1116 293 135 482 359
person 0.1101 160 138 206 177
person 0.1090 128 84 273 180
person 0.1080 214 119 323 210
person 0.1071 242 92 317 141
person 0.1051 197 133 296 184
person 0.1041 122 141 235 361
person 0.1025 81 73 191 166
person 0.1021 236 94 287 156
person 0.1019 182 100 221 153
person 0.1012 91 66 124 94
person 0.1004 170 114 209 170
person 0.0988 7 282 121 333
person 0.0983 278 64 371 149
person 0.0973 269 91 313 133
person 0.0947 262 100 305 159
person 0.0947 235 112 293 179
person 0.0926 161 87 236 153
person 0.0923 0 174 23 245
person 0.0921 286 87 335 130
person 0.0917 28 63 297 197
person 0.0915 201 107 243 185
person 0.0915 0 268 319 373
person 0.0908 155 77 201 153
person 0.0903 187 120 235 191
person 0.0895 13 173 71 283
person 0.0887 45 114 105 216
person 0.0887 422 49 495 183
person 0.0885 84 69 153 131
person 0.0879 181 90 311 149
person 0.0872 33 58 142 219
person 0.0869 305 61 364 116
person 0.0867 9 199 82 339
person 0.0861 72 99 106 161
person 0.0850 2 282 50 364
person 0.0837 36 165 66 232
person 0.0824 181 71 363 166
person 0.0818 113 110 198 238
person 0.0805 38 84 105 177
person 0.0802 38 115 77 181
person 0.0784 120 53 472 226
person 0.0765 319 73 342 118
person 0.0750 1 201 126 370
person 0.0747 239 139 305 187
person 0.0733 82 77 115 143
person 0.0731 182 110 257 222
person 0.0729 62 93 174 186
person 0.0729 188 107 212 145
person 0.0723 24 172 61 242
person 0.0711 221 106 251 146
person 0.0709 29 152 76 243
person 0.0705 180 137 284 251
person 0.0704 129 188 306 375
person 0.0695 200 94 267 163
person 0.0672 36 147 72 213
person 0.0671 26 117 87 222
person 0.0645 11 8 120 125
person 0.0630 265 44 442 194
person 0.0621 87 72 111 107
person 0.0617 35 89 77 160
person 0.0611 57 108 93 165
person 0.0609 309 71 358 146
person 0.0609 317 66 383 126
person 0.0603 156 142 207 218
person 0.0603 402 76 449 140
person 0.0602 171 135 252 182
person 0.0594 2 269 44 336
person 0.0591 223 141 313 248
person 0.0589 84 87 96 110
person 0.0588 193 97 224 139
person 0.0579 298 119 416 242
person 0.0567 88 84 106 119
person 0.0567 76 87 87 109
person 0.0564 79 92 101 141
person 0.0560 89 72 173 109
person 0.0555 296 92 321 124
person 0.0553 29 161 66 202
person 0.0547 138 20 311 185
person 0.0541 409 64 470 151
person 0.0540 114 126 227 183
person 0.0539 70 89 82 113
person 0.0538 84 95 98 126
person 0.0535 215 130 263 187
person 0.0530 11 118 91 289
person 0.0525 303 84 332 121
person 0.0524 359 67 450 148
person 0.0524 0 54 174 343
person 0.0521 90 102 186 296
person 0.0519 134 74 195 126
person 0.0519 398 153 500 272
person 0.0518 28 167 123 307
person 0.0516 77 247 256 371
person 0.0515 144 126 197 186
person 0.0515 265 112 312 191
person 0.0510 132 136 203 274
person 0.0508 71 101 95 145
person 0.0506 53 119 79 166
person 0.0505 8 30 173 187
person 0.0496 63 18 350 253
person 0.0492 78 78 102 115
person 0.0490 437 47 491 126
person 0.0489 232 109 277 150
person 0.0488 265 92 307 114
person 0.0483 93 79 134 164
person 0.0481 76 102 91 131
person 0.0475 257 0 500 290
person 0.0474 63 125 85 162
person 0.0469 70 120 95 157
person 0.0468 23 136 60 204
person 0.0466 65 66 118 148
person 0.0463 289 93 313 126
person 0.0462 0 275 25 365
person 0.0460 6 283 80 323
person 0.0458 59 154 149 349
person 0.0456 265 95 290 133
person 0.0454 323 65 434 133
person 0.0453 200 99 229 126
person 0.0453 12 48 87 189
person 0.0451 6 166 38 230
person 0.0451 178 117 204 155
person 0.0447 228 142 292 173
person 0.0445 321 88 342 130
person 0.0444 365 0 484 224
person 0.0432 50 132 88 211
person 0.0432 173 90 209 150
person 0.0431 37 165 56 201
person 0.0430 174 110 236 147
person 0.0429 396 121 457 260
person 0.0425 145 128 284 210
person 0.0422 261 78 353 127
person 0.0420 0 224 55 349
person 0.0417 92 80 116 119
person 0.0417 134 227 220 375
person 0.0415 45 79 90 145
person 0.0413 149 42 255 161
person 0.0410 256 127 349 245
person 0.0410 216 91 263 144
person 0.0408 341 77 411 171
person 0.0407 321 64 354 108
person 0.0406 75 69 112 123
person 0.0403 371 130 481 315
person 0.0396 70 83 91 120
person 0.0396 256 42 345 160
person 0.0393 93 70 133 106
person 0.0393 218 111 253 167
person 0.0393 1 0 39 74
person 0.0391 229 36 317 152
person 0.0390 300 88 318 113
person 0.0389 19 168 61 211
person 0.0385 91 118 180 182
person 0.0384 167 156 223 235
person 0.0381 0 302 36 373
person 0.0377 17 108 68 191
person 0.0374 278 100 317 152
person 0.0372 78 107 141 198
person 0.0372 47 163 73 208
person 0.0371 188 100 214 129
person 0.0371 0 256 96 331
person 0.0370 0 116 335 375
person 0.0370 378 77 425 147
person 0.0365 60 89 75 115
person 0.0360 53 37 154 157
person 0.0356 65 114 84 152
person 0.0355 228 122 279 162
person 0.0352 161 124 197 167
person 0.0350 477 0 499 47
person 0.0349 150 174 212 231
person 0.0348 2 152 57 263
person 0.0347 316 56 500 166
person 0.0343 77 112 101 152
person 0.0343 177 324 366 374
person 0.0340 231 116 260 153
person 0.0339 180 147 240 204
person 0.0335 81 73 96 102
person 0.0330 279 81 343 114
person 0.0330 290 97 324 146
person 0.0329 186 100 236 130
person 0.0329 256 104 285 149
person 0.0327 225 121 253 148
person 0.0327 265 89 288 115
person 0.0327 209 98 235 135
person 0.0326 384 13 469 146
person 0.0326 0 0 112 233
person 0.0326 218 100 243 138
person 0.0325 0 101 22 190
person 0.0325 330 70 363 118
person 0.0324 87 96 106 140
person 0.0324 69 102 83 127
person 0.0320 98 72 147 96
person 0.0319 6 106 35 186
person 0.0319 0 176 23 206
person 0.0319 123 132 187 181
person 0.0317 366 102 445 251
person 0.0316 281 91 318 114
person 0.0315 271 100 299 140
person 0.0313 450 150 500 277
person 0.0313 3 171 29 217
person 0.0313 90 72 210 129
person 0.0313 0 331 123 375
person 0.0312 67 74 96 132
person 0.0311 0 248 36 312
person 0.0308 179 343 278 375
person 0.0307 223 0 380 190
person 0.0306 125 77 180 146
person 0.0306 233 137 275 165
person 0.0305 135 167 230 250
person 0.0305 352 69 406 138
person 0.0304 325 78 369 139
person 0.0304 41 156 61 189
person 0.0303 265 108 291 145
person 0.0303 95 255 184 375
person 0.0301 283 144 378 274
person 0.0300 24 3 274 158
person 0.0299 66 87 86 125
person 0.0296 385 94 417 163
person 0.0296 46 173 67 217
person 0.0294 187 119 252 158
person 0.0292 297 86 375 129
person 0.0290 139 157 192 233
person 0.0289 3 0 78 76
person 0.0283 197 97 217 123
person 0.0281 57 74 88 126
person 0.0281 65 125 110 155
person 0.0280 16 182 42 230
person 0.0279 438 43 500 87
person 0.0279 82 26 376 149
person 0.0279 76 99 92 119
person 0.0279 165 122 228 160
person 0.0278 67 81 179 136
person 0.0277 161 313 276 375
person 0.0277 338 192 496 300
person 0.0276 20 85 62 164
person 0.0275 196 109 234 159
person 0.0275 9 181 27 229
person 0.0275 58 129 129 177
person 0.0274 182 34 288 155
person 0.0274 439 262 500 375
person 0.0274 9 259 65 319
person 0.0274 390 69 446 120
person 0.0272 402 209 433 248
person 0.0272 74 77 88 104
person 0.0272 272 90 311 107
person 0.0268 71 126 205 199
person 0.0266 65 68 145 110
person 0.0266 163 105 194 156
person 0.0265 8 174 27 202
person 0.0265 0 345 81 374
person 0.0265 240 124 307 161
person 0.0264 219 81 343 138
person 0.0262 154 130 186 172
person 0.0262 102 86 155 162
person 0.0262 159 140 200 161
person 0.0262 25 170 47 200
person 0.0261 298 91 344 143
person 0.0260 310 71 339 103
person 0.0260 72 121 126 164
person 0.0259 3 119 47 220
pottedplant 0.0373 413 266 499 373
pottedplant 0.0328 3 0 85 83
pottedplant 0.0291 10 0 106 34
pottedplant 0.0239 16 1 112 60
pottedplant 0.0235 9 0 65 55
pottedplant 0.0214 51 0 118 30
sofa 0.1331 0 113 424 355
sofa 0.0654 204 88 442 229
sofa 0.0633 23 103 264 272
sofa 0.0534 4 159 231 317
train 0.0222 0 0 393 265
tvmonitor 0.2432 35 78 68 111
tvmonitor 0.1379 0 183 22 240
tvmonitor 0.0977 30 64 81 130
tvmonitor 0.0807 69 83 82 106
tvmonitor 0.0803 39 75 86 107
tvmonitor 0.0729 25 34 82 114
tvmonitor 0.0710 19 67 87 167
tvmonitor 0.0695 51 84 76 107
tvmonitor 0.0684 15 69 74 114
tvmonitor 0.0596 0 0 165 151
tvmonitor 0.0591 67 75 85 109
tvmonitor 0.0581 3 24 79 136
tvmonitor 0.0556 465 0 498 47
tvmonitor 0.0548 72 87 85 106
tvmonitor 0.0502 0 188 33 265
tvmonitor 0.0485 23 52 108 124
tvmonitor 0.0456 38 85 60 117
tvmonitor 0.0451 35 88 78 119
tvmonitor 0.0437 34 77 104 146
tvmonitor 0.0419 37 109 80 162
tvmonitor 0.0411 35 69 67 95
tvmonitor 0.0410 39 108 79 123
tvmonitor 0.0401 4 64 36 140
tvmonitor 0.0396 21 75 64 142
tvmonitor 0.0393 58 71 87 119
tvmonitor 0.0375 0 47 50 158
tvmonitor 0.0365 56 90 78 112
tvmonitor 0.0363 33 97 82 130
tvmonitor 0.0332 43 97 74 117
tvmonitor 0.0329 0 0 87 94
tvmonitor 0.0328 48 79 102 111
tvmonitor 0.0323 58 76 76 104
tvmonitor 0.0319 36 55 93 105
tvmonitor 0.0318 74 83 89 104
tvmonitor 0.0318 7 187 27 235
tvmonitor 0.0309 52 64 120 118
tvmonitor 0.0305 1 63 53 117
tvmonitor 0.0304 0 51 210 170
tvmonitor 0.0296 0 21 24 197
tvmonitor 0.0286 0 41 10 174
tvmonitor 0.0280 6 59 81 102
tvmonitor 0.0279 5 0 114 51
tvmonitor 0.0276 0 209 26 241
tvmonitor 0.0269 14 105 79 175
tvmonitor 0.0253 68 68 95 115
tvmonitor 0.0252 46 123 72 155
tvmonitor 0.0243 0 233 29 261
tvmonitor 0.0237 41 112 76 138
tvmonitor 0.0236 2 32 37 117
tvmonitor 0.0235 7 71 135 146
tvmonitor 0.0235 56 100 80 118
tvmonitor 0.0234 38 99 60 124
tvmonitor 0.0228 7 38 147 120
tvmonitor 0.0226 0 0 278 94
tvmonitor 0.0226 56 123 80 154
tvmonitor 0.0223 0 0 171 68
tvmonitor 0.0221 34 63 67 84
tvmonitor 0.0213 12 23 67 100
tvmonitor 0.0207 0 1 61 195
tvmonitor 0.0200 38 120 63 147
