chair 0.0765 350 130 497 335
chair 0.0523 8 204 91 375
chair 0.0433 282 144 497 256
chair 0.0430 8 182 189 373
chair 0.0398 1 114 116 375
chair 0.0398 0 251 311 370
chair 0.0373 418 155 500 275
chair 0.0326 6 304 211 372
chair 0.0320 1 271 74 375
chair 0.0310 292 114 435 184
chair 0.0304 4 261 142 374
chair 0.0282 292 192 500 320
chair 0.0282 60 267 460 367
chair 0.0279 480 140 499 169
chair 0.0271 448 154 500 335
chair 0.0267 10 141 90 322
chair 0.0267 440 157 500 226
chair 0.0247 138 102 500 347
chair 0.0241 412 133 500 228
chair 0.0241 474 157 500 237
chair 0.0236 360 226 494 339
chair 0.0235 187 192 484 360
chair 0.0225 436 137 500 169
chair 0.0218 460 141 500 204
chair 0.0217 237 247 483 339
dog 0.0429 238 149 385 223
dog 0.0311 249 183 369 225
dog 0.0226 281 191 352 226
dog 0.0216 141 14 490 304
person 0.3382 232 116 476 224
person 0.2569 398 131 500 230
person 0.1820 340 128 496 307
person 0.1396 414 132 479 187
person 0.1138 351 120 487 209
person 0.1001 419 132 462 170
person 0.0863 415 125 500 314
person 0.0831 287 135 457 211
person 0.0710 253 136 394 222
person 0.0660 441 146 500 257
person 0.0543 422 140 494 208
person 0.0497 361 134 471 187
person 0.0429 356 162 500 240
person 0.0428 16 127 186 374
person 0.0426 211 116 386 206
person 0.0396 425 135 495 169
person 0.0369 275 185 399 224
person 0.0354 378 156 486 217
person 0.0336 242 120 338 215
person 0.0321 293 166 431 214
person 0.0321 227 99 495 344
person 0.0311 281 190 354 226
person 0.0309 265 113 417 181
person 0.0308 409 135 443 162
person 0.0303 389 123 500 179
person 0.0289 445 129 500 195
person 0.0282 383 130 457 166
person 0.0258 299 131 378 214
person 0.0252 386 137 449 202
person 0.0247 461 161 500 230
person 0.0237 279 137 400 188
person 0.0232 344 180 475 229
person 0.0232 318 103 455 187
person 0.0230 286 149 360 227
person 0.0229 459 180 499 283
person 0.0227 407 137 429 167
person 0.0227 337 124 456 171
person 0.0222 414 164 483 230
person 0.0216 425 133 467 156
person 0.0208 435 131 460 165
person 0.0201 324 176 409 205
person 0.0201 430 175 494 243
sofa 0.8277 27 109 499 365
sofa 0.2115 134 102 499 268
sofa 0.0867 283 120 495 314
sofa 0.0770 9 134 155 372
sofa 0.0764 218 113 460 238
sofa 0.0668 1 228 360 372
sofa 0.0587 40 128 269 371
sofa 0.0578 128 206 492 367
sofa 0.0332 17 100 381 272
sofa 0.0286 245 149 439 293
sofa 0.0266 158 112 403 211
sofa 0.0210 209 211 458 314
