bicycle 0.0356 0 231 30 253
bicycle 0.0224 0 219 41 254
bird 0.0214 0 0 492 249
boat 0.0291 0 88 500 313
bus 0.8640 19 122 458 288
bus 0.1714 455 178 500 214
bus 0.1608 430 125 497 255
bus 0.1534 455 136 499 216
bus 0.1160 456 165 496 246
bus 0.1068 418 131 470 222
bus 0.0940 371 124 477 266
bus 0.0761 457 195 474 216
bus 0.0734 459 189 485 215
bus 0.0709 478 181 499 211
bus 0.0693 455 184 476 211
bus 0.0562 442 151 489 224
bus 0.0555 451 185 488 236
bus 0.0540 353 125 466 206
bus 0.0489 271 115 468 282
bus 0.0458 391 120 497 216
bus 0.0404 452 186 491 206
bus 0.0379 457 162 500 203
bus 0.0368 422 163 500 212
bus 0.0367 453 166 483 208
bus 0.0364 421 148 455 209
bus 0.0362 420 161 471 263
bus 0.0347 221 123 447 188
bus 0.0335 434 180 494 221
bus 0.0332 23 142 135 260
bus 0.0318 455 173 475 203
bus 0.0285 471 175 500 202
bus 0.0279 28 138 244 266
bus 0.0277 488 177 500 217
bus 0.0254 454 175 497 197
bus 0.0248 389 133 454 218
bus 0.0238 443 187 481 217
bus 0.0235 361 183 477 289
bus 0.0232 427 159 464 219
bus 0.0227 451 188 467 210
bus 0.0226 137 122 394 179
bus 0.0218 12 130 95 249
bus 0.0216 33 132 372 229
bus 0.0207 344 136 429 194
bus 0.0200 413 155 453 239
car 0.1335 455 182 492 260
car 0.1118 461 207 490 224
car 0.1012 470 207 497 222
car 0.0981 483 197 498 221
car 0.0956 459 205 472 221
car 0.0904 459 189 500 221
car 0.0815 480 187 499 217
car 0.0774 462 201 487 218
car 0.0757 467 200 499 216
car 0.0658 453 195 479 227
car 0.0649 447 203 484 261
car 0.0562 489 193 500 224
car 0.0524 474 198 500 225
car 0.0462 461 185 500 205
car 0.0423 445 197 491 237
car 0.0371 455 192 487 208
car 0.0360 445 203 484 223
car 0.0351 415 180 492 269
car 0.0344 455 210 477 224
car 0.0344 479 237 497 266
car 0.0330 430 185 496 217
car 0.0322 459 202 500 233
car 0.0308 456 203 478 214
car 0.0300 487 180 500 213
car 0.0295 463 124 497 140
car 0.0292 452 207 500 252
car 0.0282 426 204 472 259
car 0.0272 461 129 499 145
car 0.0250 490 290 500 329
car 0.0249 0 102 20 138
car 0.0239 454 200 466 216
car 0.0238 8 184 62 252
car 0.0238 449 208 471 222
car 0.0234 454 196 471 212
car 0.0229 417 160 451 214
car 0.0226 0 239 31 256
car 0.0220 0 126 22 162
car 0.0219 459 252 491 267
car 0.0215 399 173 467 288
car 0.0214 484 301 499 336
car 0.0211 463 236 495 266
car 0.0207 379 162 427 192
car 0.0202 411 205 457 272
cat 0.0411 19 0 433 289
horse 0.0221 0 217 35 254
person 0.4804 2 195 25 252
person 0.4196 454 207 482 266
person 0.2403 361 164 379 194
person 0.1696 456 205 475 244
person 0.1609 468 208 491 261
person 0.1605 0 190 16 247
person 0.1498 397 170 409 192
person 0.1439 367 165 384 194
person 0.1389 457 207 474 229
person 0.1356 382 167 394 193
person 0.1323 389 169 402 192
person 0.1226 3 190 20 232
person 0.1193 481 209 497 254
person 0.1152 355 160 374 193
person 0.1133 462 206 480 242
person 0.1126 482 202 498 237
person 0.1116 402 169 415 192
person 0.1035 463 208 478 227
person 0.1031 449 210 470 266
person 0.0958 9 189 29 233
person 0.0932 0 224 25 254
person 0.0907 371 163 403 192
person 0.0879 6 175 32 251
person 0.0866 474 206 490 235
person 0.0817 462 195 499 259
person 0.0806 359 160 390 192
person 0.0756 475 212 500 266
person 0.0737 473 224 490 266
person 0.0712 0 192 10 235
person 0.0709 457 200 486 236
person 0.0708 385 163 406 194
person 0.0701 464 203 479 220
person 0.0641 488 204 500 249
person 0.0629 17 195 33 237
person 0.0629 351 148 379 194
person 0.0617 489 198 500 229
person 0.0616 17 219 34 252
person 0.0608 467 196 497 231
person 0.0606 364 173 392 193
person 0.0601 453 207 467 238
person 0.0594 420 165 434 202
person 0.0590 10 204 35 252
person 0.0576 351 161 364 196
person 0.0547 411 172 424 195
person 0.0544 479 229 497 265
person 0.0528 463 228 482 267
person 0.0507 360 156 414 193
person 0.0489 376 175 405 192
person 0.0486 455 211 466 227
person 0.0473 389 176 413 191
person 0.0466 395 165 419 193
person 0.0462 455 227 473 267
person 0.0460 474 187 500 244
person 0.0452 443 182 491 274
person 0.0452 431 202 466 269
person 0.0434 0 211 19 269
person 0.0426 16 187 52 252
person 0.0386 458 209 493 282
person 0.0368 405 164 427 199
person 0.0345 448 200 471 235
person 0.0342 450 234 465 267
person 0.0339 379 160 420 194
person 0.0334 347 144 367 193
person 0.0332 6 184 17 209
person 0.0322 456 209 466 221
person 0.0319 0 165 41 261
person 0.0308 444 187 476 253
person 0.0308 443 212 459 254
person 0.0307 420 159 446 206
person 0.0300 24 222 43 251
person 0.0292 3 190 23 211
person 0.0287 444 207 458 236
person 0.0284 20 204 45 248
person 0.0283 0 189 8 217
person 0.0279 398 176 421 192
person 0.0271 13 231 38 254
person 0.0268 437 223 463 267
person 0.0267 14 182 27 211
person 0.0266 485 220 500 262
person 0.0264 471 243 493 266
person 0.0255 20 184 34 219
person 0.0250 483 208 500 224
person 0.0249 0 170 21 224
person 0.0248 402 155 434 204
person 0.0246 0 196 20 214
person 0.0243 4 237 32 257
person 0.0239 332 141 365 195
person 0.0232 0 194 28 220
person 0.0231 25 195 43 236
person 0.0225 439 200 462 245
person 0.0223 0 228 13 260
person 0.0222 339 152 358 193
person 0.0222 12 155 63 253
person 0.0217 7 187 32 213
person 0.0209 293 157 336 175
person 0.0203 349 166 400 196
person 0.0201 379 163 399 183
sheep 0.0491 8 111 459 320
sheep 0.0289 3 0 481 277
train 0.0716 56 175 446 289
train 0.0446 62 128 476 214
train 0.0363 0 133 500 375
train 0.0285 419 152 451 207
train 0.0221 9 140 74 254
train 0.0207 341 134 467 204
train 0.0203 28 198 331 280
train 0.0202 425 179 488 210
tvmonitor 0.0269 366 154 421 191
