bicycle 0.0274 171 238 495 329
bicycle 0.0261 353 226 496 333
car 0.9040 34 79 494 327
car 0.1775 358 77 495 310
car 0.1070 401 85 497 239
car 0.0906 467 162 497 236
car 0.0743 438 155 497 283
car 0.0652 30 110 184 295
car 0.0628 37 45 317 300
car 0.0588 364 83 492 188
car 0.0540 32 130 126 259
car 0.0523 475 156 500 211
car 0.0520 463 134 497 215
car 0.0506 480 180 498 226
car 0.0481 15 46 142 263
car 0.0475 478 150 499 189
car 0.0430 21 118 136 207
car 0.0424 477 175 500 258
car 0.0407 389 157 496 246
car 0.0397 440 137 494 231
car 0.0379 468 164 497 197
car 0.0362 63 107 235 173
car 0.0360 461 111 499 190
car 0.0342 118 100 289 170
car 0.0338 7 1 127 188
car 0.0336 471 142 500 295
car 0.0321 414 97 495 162
car 0.0320 8 0 103 87
car 0.0314 37 99 251 240
car 0.0307 466 148 499 179
car 0.0298 260 81 495 246
car 0.0293 135 84 335 152
car 0.0285 360 57 486 141
car 0.0278 433 103 496 198
car 0.0273 276 82 466 152
car 0.0268 470 159 495 180
car 0.0267 399 170 500 301
car 0.0266 9 108 156 173
car 0.0262 474 131 500 197
car 0.0259 24 90 190 193
car 0.0256 471 173 492 212
car 0.0255 195 83 410 148
car 0.0252 468 188 496 223
car 0.0246 423 107 500 333
car 0.0236 441 165 490 216
car 0.0234 481 138 500 174
car 0.0233 65 120 208 224
car 0.0233 387 90 474 148
car 0.0233 18 145 96 283
car 0.0229 451 181 500 249
car 0.0226 405 41 499 162
car 0.0223 414 91 495 126
car 0.0222 453 160 498 205
car 0.0218 381 134 500 207
car 0.0210 110 86 342 241
car 0.0207 11 87 99 218
car 0.0206 133 79 464 189
car 0.0205 398 186 487 219
car 0.0201 463 168 487 219
chair 0.0224 321 263 490 332
dog 0.0266 358 241 494 333
person 0.0861 452 179 498 292
person 0.0571 427 200 497 333
person 0.0559 467 194 497 277
person 0.0512 363 96 495 333
person 0.0387 384 259 497 333
person 0.0347 78 125 97 151
person 0.0308 478 190 498 258
person 0.0301 22 97 179 333
person 0.0272 442 220 492 292
person 0.0269 453 249 498 328
person 0.0257 467 166 483 197
person 0.0249 471 188 493 248
person 0.0244 433 267 492 331
person 0.0240 180 131 203 163
person 0.0237 482 215 498 266
person 0.0226 485 194 500 278
