aeroplane 0.0221 182 0 478 123
bird 0.0602 139 8 492 272
bird 0.0331 231 14 423 253
bird 0.0247 110 1 438 128
bird 0.0239 479 1 499 38
bird 0.0206 214 0 479 172
boat 0.0824 20 0 500 333
boat 0.0387 141 11 450 229
boat 0.0253 2 123 67 209
boat 0.0244 19 176 49 196
boat 0.0233 6 171 51 198
boat 0.0209 205 0 493 146
boat 0.0207 98 16 359 158
boat 0.0206 1 163 69 203
bottle 0.1054 198 183 215 209
bottle 0.0561 408 261 450 354
bottle 0.0540 452 216 479 249
bottle 0.0539 410 208 430 242
bottle 0.0506 413 262 454 309
bottle 0.0492 203 184 223 210
bottle 0.0439 214 183 232 210
bottle 0.0415 399 278 419 306
bottle 0.0410 431 270 453 308
bottle 0.0407 390 279 414 305
bottle 0.0367 414 273 439 307
bottle 0.0357 449 214 469 241
bottle 0.0356 359 264 382 297
bottle 0.0347 430 257 460 311
bottle 0.0342 407 274 429 307
bottle 0.0336 366 267 419 303
bottle 0.0333 345 258 378 299
bottle 0.0328 383 273 407 302
bottle 0.0325 367 270 388 300
bottle 0.0316 243 215 265 254
bottle 0.0304 421 270 446 306
bottle 0.0303 238 219 254 265
bottle 0.0303 376 271 397 301
bottle 0.0275 396 281 440 373
bottle 0.0272 437 215 462 244
bottle 0.0270 422 268 457 329
bottle 0.0267 402 208 423 241
bottle 0.0267 352 258 409 300
bottle 0.0266 389 262 427 308
bottle 0.0262 400 255 441 309
bottle 0.0239 455 225 485 253
bottle 0.0232 367 280 411 301
bottle 0.0226 174 7 347 219
bottle 0.0215 224 50 308 200
bottle 0.0214 251 153 288 211
bottle 0.0209 438 263 458 302
bottle 0.0209 390 273 451 306
bottle 0.0209 416 292 450 372
bottle 0.0207 441 254 471 314
bottle 0.0206 232 218 248 260
car 0.0304 0 0 147 54
car 0.0242 9 179 49 198
car 0.0228 2 147 69 208
car 0.0203 2 170 71 241
chair 0.6966 128 198 210 353
chair 0.5713 237 204 353 369
chair 0.4174 100 199 153 311
chair 0.3971 257 196 334 308
chair 0.3715 193 210 283 360
chair 0.2713 234 233 438 375
chair 0.2501 83 196 139 301
chair 0.2449 183 207 242 342
chair 0.2235 137 200 196 292
chair 0.2206 122 204 181 311
chair 0.2125 448 248 500 375
chair 0.1974 225 202 290 328
chair 0.1972 164 188 189 214
chair 0.1807 248 160 393 351
chair 0.1683 92 169 190 329
chair 0.1646 152 197 223 319
chair 0.1600 190 207 231 295
chair 0.1589 245 211 305 311
chair 0.1540 256 186 381 276
chair 0.1497 333 229 458 366
chair 0.1419 243 193 323 268
chair 0.1414 226 169 264 218
chair 0.1396 128 203 272 375
chair 0.1379 231 268 336 373
chair 0.1377 328 142 400 245
chair 0.1366 67 205 100 291
chair 0.1343 410 253 489 375
chair 0.1325 197 182 216 211
chair 0.1306 104 216 138 300
chair 0.1304 269 198 440 333
chair 0.1268 80 201 159 348
chair 0.1248 240 212 276 298
chair 0.1235 105 195 141 272
chair 0.1224 210 196 381 308
chair 0.1209 164 190 199 235
chair 0.1179 261 235 363 333
chair 0.1174 236 193 274 270
chair 0.1172 240 137 429 280
chair 0.1149 156 194 200 262
chair 0.1143 196 200 252 302
chair 0.1081 224 180 263 251
chair 0.1078 271 211 333 281
chair 0.1071 457 184 498 251
chair 0.1069 293 242 373 366
chair 0.1055 214 196 270 304
chair 0.1052 160 170 307 351
chair 0.1004 127 198 171 270
chair 0.0993 81 210 233 358
chair 0.0989 319 119 483 243
chair 0.0973 69 126 156 311
chair 0.0961 291 177 414 261
chair 0.0949 269 193 332 254
chair 0.0942 174 202 217 280
chair 0.0935 311 188 400 315
chair 0.0933 310 139 487 350
chair 0.0930 152 191 189 220
chair 0.0924 229 182 275 227
chair 0.0903 167 187 204 216
chair 0.0895 183 185 287 281
chair 0.0881 380 257 453 373
chair 0.0880 188 191 229 258
chair 0.0868 141 203 179 261
chair 0.0867 100 74 234 336
chair 0.0866 84 221 109 290
chair 0.0855 162 198 193 226
chair 0.0853 282 224 344 316
chair 0.0851 240 170 360 254
chair 0.0845 142 200 190 241
chair 0.0839 183 185 219 214
chair 0.0815 306 275 441 373
chair 0.0812 146 192 182 211
chair 0.0803 478 190 500 250
chair 0.0801 202 185 234 215
chair 0.0800 212 183 257 219
chair 0.0783 464 253 499 330
chair 0.0776 218 182 305 261
chair 0.0767 425 203 496 255
chair 0.0754 301 224 366 310
chair 0.0749 448 138 500 252
chair 0.0749 362 124 440 245
chair 0.0743 256 225 322 292
chair 0.0723 165 179 188 207
chair 0.0707 193 182 225 222
chair 0.0702 311 165 479 275
chair 0.0696 192 183 210 213
chair 0.0680 79 227 99 288
chair 0.0680 105 188 197 267
chair 0.0680 248 189 298 254
chair 0.0673 293 38 496 312
chair 0.0673 94 152 143 271
chair 0.0662 318 247 379 326
chair 0.0656 103 191 144 236
chair 0.0655 136 193 176 220
chair 0.0649 98 191 162 259
chair 0.0647 220 185 240 216
chair 0.0647 270 227 392 300
chair 0.0645 204 107 344 331
chair 0.0642 244 237 311 356
chair 0.0637 116 204 150 283
chair 0.0622 164 195 223 249
chair 0.0620 202 225 247 332
chair 0.0614 72 222 93 287
chair 0.0612 249 211 284 275
chair 0.0608 432 213 498 337
chair 0.0608 177 193 201 221
chair 0.0600 47 182 123 306
chair 0.0600 235 217 260 289
chair 0.0595 339 173 393 242
chair 0.0594 427 294 497 375
chair 0.0592 179 184 201 211
chair 0.0590 385 209 473 248
chair 0.0590 452 208 491 253
chair 0.0582 138 202 169 242
chair 0.0581 394 82 494 248
chair 0.0581 200 184 256 266
chair 0.0579 452 208 500 302
chair 0.0576 166 186 225 226
chair 0.0573 290 200 367 286
chair 0.0570 377 209 479 327
chair 0.0564 141 204 177 228
chair 0.0549 176 199 203 246
chair 0.0549 266 71 452 257
chair 0.0548 462 303 500 375
chair 0.0542 130 185 202 241
chair 0.0534 145 179 214 277
chair 0.0533 249 228 283 306
chair 0.0525 312 196 395 253
chair 0.0524 312 220 392 286
chair 0.0517 181 186 217 241
chair 0.0514 121 198 148 245
chair 0.0512 473 260 500 374
chair 0.0511 350 290 474 373
chair 0.0511 315 200 429 274
chair 0.0510 193 212 219 271
chair 0.0509 278 191 385 243
chair 0.0507 155 177 205 211
chair 0.0496 408 207 432 244
chair 0.0495 137 183 189 214
chair 0.0492 214 244 268 369
chair 0.0492 318 227 431 306
chair 0.0490 248 192 275 236
chair 0.0489 168 209 202 282
chair 0.0487 90 226 120 300
chair 0.0487 263 200 308 260
chair 0.0484 178 240 327 375
chair 0.0480 191 190 238 229
chair 0.0473 322 241 412 347
chair 0.0468 408 295 453 375
chair 0.0467 124 196 171 233
chair 0.0467 163 201 192 250
chair 0.0466 291 229 331 286
chair 0.0466 132 205 159 251
chair 0.0462 141 191 165 212
chair 0.0459 260 138 396 236
chair 0.0459 151 239 219 353
chair 0.0458 410 208 456 241
chair 0.0458 478 254 500 313
chair 0.0458 441 171 491 244
chair 0.0457 260 188 320 236
chair 0.0457 252 202 283 251
chair 0.0451 188 194 214 218
chair 0.0447 420 156 499 269
chair 0.0445 89 236 106 285
chair 0.0444 236 303 399 373
chair 0.0442 390 146 468 250
chair 0.0441 404 247 457 351
chair 0.0439 442 243 490 324
chair 0.0438 451 338 500 375
chair 0.0437 234 188 306 227
chair 0.0433 295 216 408 263
chair 0.0431 127 193 146 227
chair 0.0430 316 266 386 369
chair 0.0427 420 280 464 373
chair 0.0421 325 207 469 256
chair 0.0419 141 211 164 251
chair 0.0416 186 200 212 248
chair 0.0415 161 168 192 216
chair 0.0411 118 180 177 252
chair 0.0411 25 207 175 353
chair 0.0408 241 215 267 269
chair 0.0407 192 200 222 224
chair 0.0405 258 251 319 308
chair 0.0404 264 241 343 286
chair 0.0404 145 114 255 307
chair 0.0402 5 0 160 163
chair 0.0402 193 237 231 337
chair 0.0401 0 0 74 51
chair 0.0398 368 207 435 248
chair 0.0397 335 207 410 245
chair 0.0396 468 193 500 274
chair 0.0393 255 220 292 288
chair 0.0393 190 199 209 229
chair 0.0392 149 188 170 210
chair 0.0392 292 202 331 266
chair 0.0391 451 214 478 241
chair 0.0390 230 243 286 360
chair 0.0389 358 151 402 238
chair 0.0386 226 214 254 282
chair 0.0384 210 214 245 281
chair 0.0379 278 196 312 243
chair 0.0378 94 243 144 307
chair 0.0375 134 198 160 218
chair 0.0374 455 358 500 374
chair 0.0372 132 203 160 228
chair 0.0368 428 212 466 240
chair 0.0368 293 254 351 309
chair 0.0366 413 197 479 243
chair 0.0365 179 207 206 267
chair 0.0365 216 231 339 310
chair 0.0362 172 226 218 322
chair 0.0361 306 200 361 260
chair 0.0361 225 192 251 224
chair 0.0361 239 188 266 220
chair 0.0360 138 216 171 286
chair 0.0358 292 251 413 314
chair 0.0356 270 196 298 241
chair 0.0355 250 188 271 218
chair 0.0353 0 1 93 133
chair 0.0350 172 204 206 225
chair 0.0348 94 238 112 284
chair 0.0348 345 0 500 231
chair 0.0347 328 208 378 268
chair 0.0344 411 317 476 373
chair 0.0343 332 258 397 308
chair 0.0342 353 183 483 250
chair 0.0342 139 173 165 211
chair 0.0342 279 275 355 374
chair 0.0337 425 210 458 232
chair 0.0337 90 195 124 282
chair 0.0337 196 185 207 201
chair 0.0336 153 168 205 232
chair 0.0336 198 220 228 276
chair 0.0335 189 173 212 207
chair 0.0334 250 218 274 258
chair 0.0334 252 191 286 223
chair 0.0333 155 203 181 237
chair 0.0333 126 235 166 328
chair 0.0332 23 66 142 314
chair 0.0331 195 208 243 263
chair 0.0330 402 153 433 226
chair 0.0330 260 194 290 236
chair 0.0329 186 221 217 300
chair 0.0329 472 156 500 245
chair 0.0326 347 265 418 366
chair 0.0326 100 233 129 295
chair 0.0323 379 144 421 232
chair 0.0320 65 213 88 281
chair 0.0317 405 359 460 374
chair 0.0316 145 182 160 206
chair 0.0315 109 235 149 334
chair 0.0315 422 254 461 334
chair 0.0314 79 192 110 268
chair 0.0314 225 157 282 241
chair 0.0313 442 216 489 280
chair 0.0313 277 231 354 272
chair 0.0312 238 224 254 272
chair 0.0311 329 253 370 303
chair 0.0309 190 214 210 262
chair 0.0309 194 204 234 234
chair 0.0308 385 199 444 241
chair 0.0308 102 199 132 252
chair 0.0308 242 0 494 146
chair 0.0307 445 202 500 239
chair 0.0306 168 183 199 201
chair 0.0306 342 219 434 256
chair 0.0304 404 342 460 375
chair 0.0304 137 189 150 208
chair 0.0303 116 0 500 373
chair 0.0301 0 0 261 101
chair 0.0300 152 202 209 232
chair 0.0299 283 187 349 234
chair 0.0299 226 209 269 259
chair 0.0297 188 183 199 199
chair 0.0297 222 31 391 263
chair 0.0296 211 196 232 224
chair 0.0293 199 175 225 211
chair 0.0292 408 209 444 231
chair 0.0292 483 199 500 278
chair 0.0291 173 179 190 202
chair 0.0290 116 175 149 231
chair 0.0290 263 270 399 356
chair 0.0288 424 165 465 239
chair 0.0288 259 211 289 259
chair 0.0288 194 112 433 236
chair 0.0288 331 231 400 277
chair 0.0287 301 243 377 287
chair 0.0286 225 199 266 221
chair 0.0283 53 226 95 288
chair 0.0283 199 194 263 226
chair 0.0282 112 193 144 217
chair 0.0280 16 175 93 307
chair 0.0280 76 192 130 250
chair 0.0279 64 236 106 297
chair 0.0278 222 288 262 370
chair 0.0278 144 159 185 209
chair 0.0277 117 207 140 253
chair 0.0276 0 319 40 375
chair 0.0275 372 289 430 375
chair 0.0274 189 208 225 245
chair 0.0273 437 209 478 251
diningtable 0.6086 279 225 494 375
diningtable 0.4588 198 209 433 365
diningtable 0.4568 125 201 277 354
diningtable 0.2970 116 177 500 359
diningtable 0.1886 85 194 229 342
diningtable 0.1707 148 196 328 315
diningtable 0.1615 144 200 230 296
diningtable 0.1599 32 57 500 357
diningtable 0.1524 310 209 500 311
diningtable 0.1472 188 201 269 299
diningtable 0.1379 67 170 313 360
diningtable 0.1309 252 122 465 359
diningtable 0.1235 168 192 250 275
diningtable 0.1181 412 233 500 367
diningtable 0.1154 220 199 310 295
diningtable 0.1035 171 212 253 329
diningtable 0.1019 349 209 498 260
diningtable 0.0988 170 186 225 215
diningtable 0.0979 198 109 384 357
diningtable 0.0954 369 219 482 359
diningtable 0.0895 209 196 333 259
diningtable 0.0872 256 172 500 289
diningtable 0.0857 190 187 263 255
diningtable 0.0854 186 183 218 211
diningtable 0.0837 357 266 465 373
diningtable 0.0828 112 183 306 279
diningtable 0.0803 268 278 451 370
diningtable 0.0782 154 189 229 257
diningtable 0.0780 193 183 231 216
diningtable 0.0770 332 134 497 345
diningtable 0.0762 182 183 362 274
diningtable 0.0746 348 239 496 301
diningtable 0.0700 402 209 500 296
diningtable 0.0682 152 234 341 368
diningtable 0.0656 179 183 271 224
diningtable 0.0636 383 250 500 327
diningtable 0.0632 63 35 237 353
diningtable 0.0628 42 121 191 363
diningtable 0.0576 210 42 485 281
diningtable 0.0570 176 180 250 212
diningtable 0.0547 332 243 457 333
diningtable 0.0539 322 221 476 283
diningtable 0.0522 143 223 275 305
diningtable 0.0513 195 169 263 217
diningtable 0.0502 72 202 191 291
diningtable 0.0500 397 216 490 254
diningtable 0.0489 0 229 224 359
diningtable 0.0478 198 213 292 264
diningtable 0.0446 393 199 499 245
diningtable 0.0440 320 311 491 373
diningtable 0.0437 97 121 303 306
diningtable 0.0419 194 189 252 221
diningtable 0.0415 112 197 218 264
diningtable 0.0410 199 174 284 242
diningtable 0.0406 170 180 208 209
diningtable 0.0405 175 198 248 239
diningtable 0.0383 148 164 256 228
diningtable 0.0361 398 261 462 354
diningtable 0.0342 376 254 453 318
diningtable 0.0341 136 184 229 225
diningtable 0.0337 335 254 420 312
diningtable 0.0335 412 250 500 301
diningtable 0.0331 355 166 500 243
diningtable 0.0326 390 213 469 319
diningtable 0.0323 169 197 228 226
diningtable 0.0315 156 158 408 258
diningtable 0.0314 18 230 405 375
diningtable 0.0308 36 271 208 354
diningtable 0.0302 42 218 170 307
diningtable 0.0301 171 167 228 208
diningtable 0.0298 327 240 443 292
diningtable 0.0297 356 263 438 339
diningtable 0.0275 179 183 208 200
diningtable 0.0272 193 182 222 203
diningtable 0.0270 385 211 454 246
diningtable 0.0269 423 232 500 266
diningtable 0.0267 97 219 214 304
diningtable 0.0265 164 173 199 204
diningtable 0.0261 31 191 158 272
diningtable 0.0256 78 190 204 247
diningtable 0.0250 357 274 419 303
diningtable 0.0246 195 230 292 287
diningtable 0.0243 203 217 252 271
diningtable 0.0234 351 215 443 312
diningtable 0.0230 147 158 221 211
diningtable 0.0224 7 173 211 293
diningtable 0.0221 73 72 377 233
diningtable 0.0211 204 199 271 232
diningtable 0.0206 110 164 308 239
diningtable 0.0203 125 174 212 212
diningtable 0.0200 200 181 241 207
person 0.0635 0 0 119 215
person 0.0571 408 159 426 193
person 0.0551 388 127 466 247
person 0.0414 397 139 427 207
person 0.0408 421 142 475 238
person 0.0389 168 172 183 197
person 0.0375 7 45 86 238
person 0.0337 197 46 344 290
person 0.0325 403 156 430 219
person 0.0307 408 145 448 223
person 0.0252 1 29 92 150
person 0.0243 401 150 422 183
person 0.0242 0 0 252 342
person 0.0222 410 152 434 198
person 0.0206 423 152 458 219
pottedplant 0.2664 227 164 264 217
pottedplant 0.1994 74 22 216 237
pottedplant 0.1864 91 109 141 218
pottedplant 0.1696 66 49 162 255
pottedplant 0.1526 233 163 259 197
pottedplant 0.1385 105 128 141 200
pottedplant 0.1298 92 38 200 176
pottedplant 0.1217 6 0 147 259
pottedplant 0.1143 16 7 213 175
pottedplant 0.1030 97 23 280 197
pottedplant 0.1018 84 52 231 348
pottedplant 0.0998 130 42 215 158
pottedplant 0.0916 425 105 494 235
pottedplant 0.0900 111 164 142 201
pottedplant 0.0876 33 10 285 279
pottedplant 0.0865 62 27 162 152
pottedplant 0.0863 228 167 253 205
pottedplant 0.0861 76 102 144 288
pottedplant 0.0853 226 179 254 215
pottedplant 0.0832 351 0 497 250
pottedplant 0.0789 127 171 144 201
pottedplant 0.0770 392 111 469 230
pottedplant 0.0747 393 128 427 186
pottedplant 0.0739 432 108 468 161
pottedplant 0.0706 80 148 109 203
pottedplant 0.0675 18 24 122 178
pottedplant 0.0674 100 140 139 236
pottedplant 0.0665 151 43 246 195
pottedplant 0.0643 112 49 182 148
pottedplant 0.0641 50 0 488 313
pottedplant 0.0631 88 171 106 200
pottedplant 0.0627 388 117 436 219
pottedplant 0.0625 460 112 498 213
pottedplant 0.0613 35 60 117 234
pottedplant 0.0607 37 23 186 348
pottedplant 0.0605 233 174 266 207
pottedplant 0.0600 419 107 472 194
pottedplant 0.0594 1 14 141 122
pottedplant 0.0589 220 182 238 214
pottedplant 0.0558 438 110 483 183
pottedplant 0.0547 72 55 135 211
pottedplant 0.0537 407 110 452 177
pottedplant 0.0536 112 66 227 200
pottedplant 0.0527 37 35 198 124
pottedplant 0.0525 252 167 269 198
pottedplant 0.0521 155 74 205 153
pottedplant 0.0521 106 177 139 199
pottedplant 0.0519 387 113 418 170
pottedplant 0.0515 102 79 152 195
pottedplant 0.0514 96 131 156 266
pottedplant 0.0506 447 108 466 150
pottedplant 0.0500 85 141 126 201
pottedplant 0.0498 81 151 98 194
pottedplant 0.0497 107 166 144 227
pottedplant 0.0490 87 59 143 168
pottedplant 0.0478 244 164 270 204
pottedplant 0.0474 0 0 49 17
pottedplant 0.0473 413 21 499 233
pottedplant 0.0463 223 174 237 204
pottedplant 0.0462 220 167 244 210
pottedplant 0.0458 83 169 98 199
pottedplant 0.0452 95 108 131 181
pottedplant 0.0446 219 124 273 218
pottedplant 0.0445 235 143 266 196
pottedplant 0.0443 104 149 131 199
pottedplant 0.0437 230 161 251 189
pottedplant 0.0435 87 44 211 111
pottedplant 0.0433 131 183 145 208
pottedplant 0.0430 110 60 154 135
pottedplant 0.0422 84 103 180 226
pottedplant 0.0413 449 111 475 160
pottedplant 0.0412 396 132 421 168
pottedplant 0.0399 145 86 189 156
pottedplant 0.0397 96 176 110 200
pottedplant 0.0392 81 54 155 120
pottedplant 0.0390 174 44 285 225
pottedplant 0.0388 82 16 239 141
pottedplant 0.0388 424 131 465 215
pottedplant 0.0388 68 107 120 204
pottedplant 0.0387 214 159 261 205
pottedplant 0.0385 127 139 164 207
pottedplant 0.0382 65 206 95 285
pottedplant 0.0380 90 156 113 200
pottedplant 0.0378 88 179 107 211
pottedplant 0.0375 440 128 486 218
pottedplant 0.0372 72 51 127 133
pottedplant 0.0361 148 42 187 97
pottedplant 0.0359 403 136 429 175
pottedplant 0.0359 205 176 262 212
pottedplant 0.0357 105 172 121 199
pottedplant 0.0353 397 112 432 168
pottedplant 0.0351 82 181 101 201
pottedplant 0.0348 428 66 495 182
pottedplant 0.0348 136 175 150 202
pottedplant 0.0345 394 120 468 165
pottedplant 0.0344 461 83 498 168
pottedplant 0.0344 87 56 112 85
pottedplant 0.0334 393 122 413 163
pottedplant 0.0333 251 183 271 214
pottedplant 0.0332 47 35 118 142
pottedplant 0.0332 122 50 181 94
pottedplant 0.0328 314 112 500 242
pottedplant 0.0326 119 77 177 177
pottedplant 0.0325 119 108 171 207
pottedplant 0.0324 406 134 448 216
pottedplant 0.0324 112 51 266 146
pottedplant 0.0324 410 124 438 170
pottedplant 0.0322 260 170 276 196
pottedplant 0.0322 123 152 145 200
pottedplant 0.0320 110 56 165 104
pottedplant 0.0319 170 59 215 148
pottedplant 0.0317 119 182 141 208
pottedplant 0.0315 141 48 190 127
pottedplant 0.0308 419 112 446 159
pottedplant 0.0305 445 128 471 175
pottedplant 0.0304 81 83 123 170
pottedplant 0.0302 82 169 110 228
pottedplant 0.0301 256 153 286 201
pottedplant 0.0300 133 167 154 206
pottedplant 0.0299 205 164 239 217
pottedplant 0.0297 152 96 182 146
pottedplant 0.0297 80 168 102 209
pottedplant 0.0296 124 175 146 213
pottedplant 0.0296 453 111 489 170
pottedplant 0.0295 47 82 187 165
pottedplant 0.0291 113 60 139 107
pottedplant 0.0290 68 143 101 213
pottedplant 0.0289 380 111 491 175
pottedplant 0.0288 242 158 261 189
pottedplant 0.0282 470 79 500 242
pottedplant 0.0280 82 54 115 106
pottedplant 0.0276 211 183 233 207
pottedplant 0.0272 1 1 172 70
pottedplant 0.0271 219 182 231 204
pottedplant 0.0270 142 39 191 74
pottedplant 0.0270 78 155 90 193
pottedplant 0.0268 226 169 243 189
pottedplant 0.0266 11 26 92 128
pottedplant 0.0266 62 46 111 117
pottedplant 0.0264 78 174 88 199
pottedplant 0.0263 0 0 56 33
pottedplant 0.0262 365 112 449 198
pottedplant 0.0262 106 63 215 130
pottedplant 0.0261 94 57 132 87
pottedplant 0.0260 111 59 135 88
pottedplant 0.0257 127 97 168 167
pottedplant 0.0257 420 133 469 175
pottedplant 0.0254 149 54 211 115
pottedplant 0.0253 424 100 490 163
pottedplant 0.0251 188 18 344 254
pottedplant 0.0250 461 114 481 149
pottedplant 0.0249 421 133 442 164
pottedplant 0.0248 431 111 454 147
pottedplant 0.0248 133 36 212 93
pottedplant 0.0248 131 86 198 209
pottedplant 0.0246 87 100 142 155
pottedplant 0.0245 70 51 114 88
pottedplant 0.0239 0 0 27 21
pottedplant 0.0239 105 186 139 205
pottedplant 0.0238 193 96 265 217
pottedplant 0.0238 62 145 119 288
pottedplant 0.0237 164 89 246 233
pottedplant 0.0237 64 207 84 269
pottedplant 0.0235 67 176 101 253
pottedplant 0.0234 103 109 153 166
pottedplant 0.0233 370 113 404 167
pottedplant 0.0233 93 183 117 198
pottedplant 0.0230 79 168 129 207
pottedplant 0.0227 409 141 484 223
pottedplant 0.0226 56 126 144 229
pottedplant 0.0226 426 122 459 167
pottedplant 0.0226 96 183 112 211
pottedplant 0.0226 353 113 422 247
pottedplant 0.0225 235 132 301 232
pottedplant 0.0225 103 169 129 206
pottedplant 0.0224 109 113 132 172
pottedplant 0.0224 83 146 104 185
pottedplant 0.0224 93 110 121 161
pottedplant 0.0222 127 48 198 80
pottedplant 0.0222 117 150 181 211
pottedplant 0.0221 223 160 269 189
pottedplant 0.0221 173 91 212 163
pottedplant 0.0219 416 146 434 178
pottedplant 0.0219 38 9 408 172
pottedplant 0.0218 452 138 474 170
pottedplant 0.0216 0 0 81 160
pottedplant 0.0215 439 130 462 164
pottedplant 0.0215 47 109 173 189
pottedplant 0.0214 394 134 437 162
pottedplant 0.0214 163 36 220 124
pottedplant 0.0213 73 161 92 204
pottedplant 0.0213 373 124 437 164
pottedplant 0.0211 68 202 92 257
pottedplant 0.0209 476 105 500 202
pottedplant 0.0209 435 137 466 186
pottedplant 0.0209 155 41 207 78
pottedplant 0.0208 416 138 452 168
pottedplant 0.0208 78 127 103 192
pottedplant 0.0207 434 142 466 165
pottedplant 0.0206 242 136 277 197
pottedplant 0.0206 466 109 494 155
pottedplant 0.0206 370 86 487 204
pottedplant 0.0205 421 141 446 183
pottedplant 0.0205 114 79 157 112
pottedplant 0.0205 0 77 99 210
pottedplant 0.0204 117 60 205 101
pottedplant 0.0204 383 118 405 159
pottedplant 0.0203 160 43 188 74
pottedplant 0.0202 257 170 281 207
pottedplant 0.0200 408 137 458 184
tvmonitor 0.0488 2 1 79 51
tvmonitor 0.0456 0 3 156 156
tvmonitor 0.0289 0 0 157 45
tvmonitor 0.0252 1 0 122 94
