aeroplane 0.0277 463 143 500 165
aeroplane 0.0215 473 85 495 108
bicycle 0.0301 258 325 326 375
bicycle 0.0227 251 335 375 375
bicycle 0.0201 148 344 263 373
bird 0.0894 260 343 296 375
bird 0.0376 257 349 322 375
bird 0.0323 257 326 316 373
bird 0.0298 120 350 142 375
bird 0.0282 251 337 358 373
bird 0.0267 120 268 138 296
bird 0.0257 260 359 294 375
bird 0.0247 254 347 282 373
bird 0.0229 276 344 303 375
boat 0.0563 341 136 390 149
boat 0.0353 290 104 339 115
boat 0.0313 268 101 344 116
boat 0.0223 255 91 346 115
boat 0.0219 462 142 500 165
bus 0.0250 0 0 500 375
car 0.0311 0 0 500 375
cow 0.5265 46 170 114 208
cow 0.3045 478 278 499 339
cow 0.1796 473 277 500 305
cow 0.1270 466 284 497 367
cow 0.1038 472 277 495 294
cow 0.0991 47 168 95 197
cow 0.0965 474 280 494 319
cow 0.0909 77 175 117 204
cow 0.0565 486 227 499 263
cow 0.0522 438 287 496 373
cow 0.0519 60 174 103 204
cow 0.0425 470 301 500 341
cow 0.0421 37 150 125 212
cow 0.0396 481 284 500 318
cow 0.0395 50 172 82 207
cow 0.0390 463 277 500 323
cow 0.0388 482 288 500 375
cow 0.0366 483 226 500 287
cow 0.0328 46 169 77 191
cow 0.0324 36 171 125 265
cow 0.0313 455 289 500 338
cow 0.0310 469 288 483 316
cow 0.0309 51 164 109 186
cow 0.0305 469 281 491 306
cow 0.0281 466 286 490 330
cow 0.0245 12 165 104 217
cow 0.0242 462 301 488 344
cow 0.0240 62 169 119 194
cow 0.0237 472 295 495 327
cow 0.0235 465 304 481 335
cow 0.0234 418 226 490 361
cow 0.0229 450 306 499 353
cow 0.0225 51 185 99 206
cow 0.0219 95 175 117 191
cow 0.0213 381 234 468 361
cow 0.0207 467 267 500 299
cow 0.0206 470 228 499 292
cow 0.0204 442 278 491 326
cow 0.0200 475 274 499 290
cow 0.0200 54 166 93 181
horse 0.0446 6 0 465 325
person 0.0971 7 4 500 362
person 0.0583 0 0 241 375
person 0.0357 9 17 164 288
person 0.0238 438 303 495 375
person 0.0201 254 86 448 345
pottedplant 0.0266 109 208 154 270
pottedplant 0.0255 30 183 126 322
pottedplant 0.0243 316 216 407 341
pottedplant 0.0234 375 277 419 343
pottedplant 0.0224 155 212 198 270
pottedplant 0.0224 257 207 337 339
pottedplant 0.0217 391 280 433 344
pottedplant 0.0216 146 344 247 373
pottedplant 0.0214 120 172 351 331
pottedplant 0.0212 363 267 408 336
pottedplant 0.0208 279 213 373 340
pottedplant 0.0207 254 235 420 355
sheep 0.0558 471 277 498 292
sheep 0.0531 488 224 500 258
sheep 0.0510 67 176 116 204
sheep 0.0498 28 176 44 199
sheep 0.0448 36 163 127 225
sheep 0.0420 476 280 490 292
sheep 0.0405 486 222 498 248
sheep 0.0395 485 226 500 275
sheep 0.0357 54 164 118 201
sheep 0.0355 489 209 500 246
sheep 0.0312 47 181 105 210
sheep 0.0283 475 260 500 311
sheep 0.0276 98 179 121 202
sheep 0.0275 24 175 47 208
sheep 0.0274 474 276 493 288
sheep 0.0244 84 175 119 196
sheep 0.0241 34 169 90 209
sheep 0.0238 119 350 142 375
sheep 0.0225 483 213 499 254
sheep 0.0224 477 272 489 286
sheep 0.0221 33 175 47 190
sheep 0.0219 484 205 498 238
sheep 0.0218 26 185 44 214
sheep 0.0217 30 179 50 203
sheep 0.0206 472 260 494 291
train 0.0680 0 0 495 375
train 0.0270 22 154 446 366
train 0.0246 217 39 473 367
tvmonitor 0.0262 33 0 493 81
tvmonitor 0.0213 0 8 82 52
