aeroplane 0.0612 61 8 482 355
aeroplane 0.0435 43 47 315 316
aeroplane 0.0384 27 20 436 138
aeroplane 0.0241 81 0 312 192
aeroplane 0.0215 136 46 487 151
boat 0.0400 19 23 498 365
boat 0.0321 0 0 500 167
bottle 0.1109 113 171 150 229
bottle 0.1107 429 352 474 374
bottle 0.0803 111 191 127 229
bottle 0.0802 107 170 152 283
bottle 0.0734 108 187 134 246
bottle 0.0659 124 170 146 213
bottle 0.0492 111 174 135 223
bottle 0.0470 132 178 151 215
bottle 0.0442 56 355 100 375
bottle 0.0413 113 187 143 217
bottle 0.0366 422 349 456 374
bottle 0.0342 124 185 149 223
bottle 0.0326 426 331 460 375
bottle 0.0325 118 167 142 201
bottle 0.0324 68 351 116 375
bottle 0.0323 121 163 155 218
bottle 0.0319 40 359 84 374
bottle 0.0297 61 338 133 375
bottle 0.0287 101 182 129 234
bottle 0.0283 81 276 120 330
bottle 0.0273 63 289 112 372
bottle 0.0262 87 280 106 319
bottle 0.0258 56 353 79 375
bottle 0.0250 109 195 121 217
bottle 0.0246 210 98 240 175
bottle 0.0246 107 184 157 220
bottle 0.0245 79 283 99 322
bottle 0.0236 0 325 92 371
bottle 0.0234 102 192 117 227
bottle 0.0232 142 179 158 215
bottle 0.0227 403 354 463 375
bottle 0.0219 90 281 136 319
bottle 0.0210 0 330 51 375
bottle 0.0203 0 356 52 374
bottle 0.0200 93 282 114 318
bus 0.0313 0 0 471 375
chair 0.5951 430 268 499 373
chair 0.1468 438 175 500 372
chair 0.1343 406 267 449 370
chair 0.1083 377 256 494 374
chair 0.0730 425 334 495 375
chair 0.0727 422 288 476 371
chair 0.0657 443 264 500 328
chair 0.0609 446 307 498 375
chair 0.0551 423 266 468 347
chair 0.0542 393 219 441 369
chair 0.0540 419 276 446 352
chair 0.0517 338 194 491 373
chair 0.0504 304 234 426 375
chair 0.0449 412 287 437 358
chair 0.0420 425 285 452 365
chair 0.0417 403 315 460 371
chair 0.0397 99 180 146 298
chair 0.0396 105 233 237 374
chair 0.0390 398 278 434 370
chair 0.0389 415 218 485 358
chair 0.0385 381 311 500 375
chair 0.0354 412 127 494 351
chair 0.0333 393 341 480 374
chair 0.0327 412 240 500 313
chair 0.0318 429 58 496 190
chair 0.0307 228 241 342 372
chair 0.0301 439 272 479 335
chair 0.0301 438 18 500 304
chair 0.0289 470 271 500 342
chair 0.0289 365 257 429 375
chair 0.0274 69 251 149 360
chair 0.0271 412 233 442 331
chair 0.0266 458 271 499 306
chair 0.0262 431 293 450 346
chair 0.0254 1 300 149 372
chair 0.0240 431 319 466 373
chair 0.0236 434 212 491 320
chair 0.0235 435 269 464 331
chair 0.0232 60 301 231 371
chair 0.0230 432 258 490 305
chair 0.0229 453 341 500 374
chair 0.0227 425 284 443 335
chair 0.0224 425 258 451 332
chair 0.0218 421 346 468 375
chair 0.0212 82 192 129 297
chair 0.0212 70 346 142 375
chair 0.0209 76 279 177 374
chair 0.0205 441 284 496 350
diningtable 0.0509 102 87 470 368
diningtable 0.0474 308 260 500 375
diningtable 0.0465 100 220 424 375
diningtable 0.0334 281 293 444 371
diningtable 0.0334 86 302 258 371
diningtable 0.0323 181 304 349 372
diningtable 0.0316 293 127 500 366
diningtable 0.0303 54 245 292 375
diningtable 0.0268 231 237 455 374
diningtable 0.0253 177 139 372 375
diningtable 0.0217 93 310 458 375
person 0.8882 309 92 432 374
person 0.8644 104 89 244 375
person 0.8470 228 152 321 373
person 0.3246 164 128 311 374
person 0.1589 204 41 449 375
person 0.1548 348 88 500 375
person 0.1442 52 91 173 375
person 0.1204 1 145 127 372
person 0.1164 69 266 140 371
person 0.0890 280 147 396 375
person 0.0808 430 347 499 374
person 0.0797 0 20 406 375
person 0.0777 436 77 500 375
person 0.0713 226 96 343 312
person 0.0645 122 92 318 295
person 0.0605 451 358 500 374
person 0.0599 85 205 148 365
person 0.0581 215 91 314 225
person 0.0576 98 175 149 310
person 0.0537 95 169 206 375
person 0.0531 154 98 240 209
person 0.0504 416 14 500 301
person 0.0502 120 93 256 234
person 0.0494 268 84 427 267
person 0.0487 244 143 327 260
person 0.0462 307 90 410 172
person 0.0431 198 84 383 248
person 0.0431 114 155 150 226
person 0.0429 206 100 244 179
person 0.0409 76 133 144 283
person 0.0403 0 3 94 375
person 0.0396 0 0 195 375
person 0.0396 12 267 110 373
person 0.0393 347 247 420 373
person 0.0367 105 150 157 266
person 0.0366 17 219 186 375
person 0.0364 36 354 120 375
person 0.0354 263 162 316 227
person 0.0336 107 172 142 246
person 0.0334 171 94 289 203
person 0.0330 311 71 487 271
person 0.0321 429 53 496 216
person 0.0321 183 97 237 175
person 0.0320 373 216 432 373
person 0.0312 73 11 225 272
person 0.0306 54 252 77 281
person 0.0303 359 86 405 159
person 0.0301 194 96 249 209
person 0.0300 223 91 368 174
person 0.0290 242 167 305 217
person 0.0289 249 174 320 306
person 0.0282 0 318 132 373
person 0.0279 65 348 134 375
person 0.0276 88 278 136 333
person 0.0272 466 349 500 374
person 0.0270 79 277 118 336
person 0.0270 54 233 128 358
person 0.0269 328 92 399 150
person 0.0266 281 147 326 220
person 0.0257 102 107 199 272
person 0.0250 288 88 386 222
person 0.0250 331 79 432 209
person 0.0248 209 133 245 215
person 0.0246 82 182 129 285
person 0.0242 170 109 222 185
person 0.0236 381 153 434 337
person 0.0236 62 275 111 354
person 0.0234 115 126 176 240
person 0.0232 314 94 362 165
person 0.0232 228 135 320 213
person 0.0230 158 105 203 178
person 0.0228 82 92 232 183
person 0.0227 98 143 146 234
person 0.0224 0 324 42 374
person 0.0223 445 134 499 275
person 0.0223 260 218 330 373
person 0.0222 63 258 82 282
person 0.0219 155 131 239 178
person 0.0218 328 202 439 375
person 0.0217 142 108 238 312
person 0.0215 280 174 327 253
person 0.0214 397 195 500 375
person 0.0207 7 347 94 374
person 0.0206 124 239 220 375
person 0.0204 145 109 182 178
person 0.0204 367 106 432 278
person 0.0203 376 84 414 163
person 0.0200 132 85 358 197
pottedplant 0.1555 0 164 101 375
pottedplant 0.0841 0 4 76 375
pottedplant 0.0819 55 354 116 375
pottedplant 0.0698 0 59 58 217
pottedplant 0.0605 0 272 108 374
pottedplant 0.0597 6 77 73 279
pottedplant 0.0584 1 48 139 375
pottedplant 0.0496 0 48 42 168
pottedplant 0.0476 0 230 90 338
pottedplant 0.0398 4 123 68 227
pottedplant 0.0373 0 182 78 305
pottedplant 0.0372 0 45 22 97
pottedplant 0.0338 155 111 182 172
pottedplant 0.0311 41 341 129 373
pottedplant 0.0308 0 322 113 373
pottedplant 0.0292 7 96 61 182
pottedplant 0.0258 0 73 37 130
pottedplant 0.0251 7 121 137 289
pottedplant 0.0246 50 351 92 374
pottedplant 0.0245 1 246 43 329
pottedplant 0.0243 0 34 106 236
pottedplant 0.0238 0 114 52 344
pottedplant 0.0237 35 147 120 321
pottedplant 0.0234 1 273 43 359
pottedplant 0.0234 14 169 64 239
pottedplant 0.0228 30 136 69 206
pottedplant 0.0226 0 46 34 112
pottedplant 0.0217 5 256 73 316
pottedplant 0.0214 39 256 97 350
pottedplant 0.0214 6 74 55 156
pottedplant 0.0209 16 86 37 123
pottedplant 0.0208 62 339 108 375
pottedplant 0.0208 38 157 64 203
pottedplant 0.0207 11 191 65 267
pottedplant 0.0206 0 218 57 319
pottedplant 0.0205 45 170 60 200
pottedplant 0.0203 25 345 94 375
pottedplant 0.0203 0 192 43 268
pottedplant 0.0201 31 253 82 327
pottedplant 0.0200 32 160 70 227
sofa 0.0362 37 92 436 375
train 0.0355 1 0 431 315
train 0.0302 47 4 368 152
train 0.0238 51 44 276 235
tvmonitor 0.0418 418 89 496 292
tvmonitor 0.0338 428 54 497 165
tvmonitor 0.0301 153 94 240 178
tvmonitor 0.0280 307 82 410 154
