boat 0.0416 121 6 434 297
boat 0.0292 0 0 300 375
bus 0.9402 128 9 425 241
bus 0.4445 1 0 152 184
bus 0.2748 460 120 500 196
bus 0.1386 115 3 163 132
bus 0.1148 124 10 223 199
bus 0.1115 86 11 155 137
bus 0.1017 286 3 431 246
bus 0.0971 95 5 184 189
bus 0.0923 38 2 159 124
bus 0.0893 359 47 429 178
bus 0.0655 125 10 194 137
bus 0.0651 122 21 157 102
bus 0.0615 422 87 466 170
bus 0.0582 0 0 132 78
bus 0.0569 121 0 327 167
bus 0.0543 7 0 275 247
bus 0.0543 464 121 498 161
bus 0.0484 344 9 433 147
bus 0.0482 123 134 430 242
bus 0.0444 3 21 86 189
bus 0.0382 457 48 500 178
bus 0.0377 430 87 491 182
bus 0.0368 83 0 169 84
bus 0.0350 373 81 422 165
bus 0.0336 98 2 162 59
bus 0.0335 320 23 422 188
bus 0.0320 136 2 228 120
bus 0.0313 61 13 144 173
bus 0.0309 100 19 146 109
bus 0.0305 230 10 370 215
bus 0.0299 378 24 454 178
bus 0.0293 13 0 461 375
bus 0.0275 90 0 144 33
bus 0.0269 52 9 123 107
bus 0.0267 50 0 146 53
bus 0.0249 336 57 434 242
bus 0.0243 123 92 314 235
bus 0.0240 123 10 168 71
bus 0.0236 131 84 218 231
bus 0.0232 391 102 430 170
bus 0.0228 137 33 180 114
bus 0.0227 402 59 460 174
bus 0.0225 163 21 252 128
bus 0.0216 42 19 113 161
bus 0.0215 123 23 156 59
bus 0.0212 0 3 54 58
bus 0.0206 125 0 205 54
bus 0.0205 0 7 75 84
bus 0.0200 252 7 419 148
car 0.6776 459 119 500 199
car 0.4883 422 134 456 168
car 0.2379 437 132 460 166
car 0.2369 447 128 465 165
car 0.1737 419 138 439 169
car 0.1305 0 137 43 193
car 0.0913 0 149 22 193
car 0.0910 449 123 487 190
car 0.0883 424 111 465 168
car 0.0801 453 130 469 160
car 0.0793 0 167 21 202
car 0.0772 413 143 425 169
car 0.0728 422 153 448 169
car 0.0688 0 164 40 200
car 0.0688 465 117 497 164
car 0.0604 408 127 429 169
car 0.0559 10 128 59 192
car 0.0554 406 131 450 171
car 0.0542 440 131 463 155
car 0.0522 1 130 20 176
car 0.0501 422 130 445 161
car 0.0486 425 130 460 151
car 0.0485 4 153 33 189
car 0.0484 428 148 463 168
car 0.0464 416 150 430 171
car 0.0464 459 181 500 198
car 0.0445 441 130 470 179
car 0.0443 228 104 275 140
car 0.0439 458 162 500 199
car 0.0427 421 125 476 180
car 0.0422 451 120 475 162
car 0.0416 405 139 418 171
car 0.0413 399 126 420 170
car 0.0405 413 125 426 158
car 0.0381 90 0 143 29
car 0.0379 15 149 41 185
car 0.0360 462 117 499 139
car 0.0352 463 114 498 130
car 0.0337 0 132 36 172
car 0.0333 415 123 436 164
car 0.0320 451 122 468 150
car 0.0317 102 0 157 39
car 0.0314 353 77 420 232
car 0.0301 435 112 493 174
car 0.0290 1 77 71 191
car 0.0285 380 104 418 177
car 0.0284 7 159 50 192
car 0.0284 418 155 438 174
car 0.0280 0 169 35 188
car 0.0276 485 100 497 118
car 0.0276 467 108 497 121
car 0.0272 390 122 413 170
car 0.0269 407 148 423 172
car 0.0263 387 114 449 172
car 0.0258 1 115 19 154
car 0.0256 475 117 500 153
car 0.0255 1 150 39 172
car 0.0251 0 171 12 208
car 0.0251 0 2 45 68
car 0.0248 51 1 145 35
car 0.0244 429 144 451 172
car 0.0243 425 156 460 172
car 0.0237 0 118 16 196
car 0.0236 448 132 459 154
car 0.0235 484 108 498 124
car 0.0233 414 140 457 188
car 0.0229 117 159 321 234
car 0.0229 450 139 465 179
car 0.0223 420 127 430 149
car 0.0223 125 0 168 45
car 0.0220 403 127 421 150
car 0.0215 393 126 412 149
car 0.0213 372 111 422 219
car 0.0212 411 147 445 176
car 0.0209 468 103 500 127
car 0.0208 454 121 476 145
car 0.0205 415 126 428 143
car 0.0205 413 151 425 179
car 0.0202 447 129 463 147
car 0.0202 0 31 21 65
car 0.0201 431 125 460 140
car 0.0200 2 134 36 154
person 0.1099 226 62 253 110
person 0.0877 228 64 262 131
person 0.0764 214 67 231 103
person 0.0749 221 66 241 103
person 0.0629 198 60 229 105
person 0.0601 235 60 253 95
person 0.0574 45 121 70 185
person 0.0517 3 131 46 188
person 0.0473 218 57 248 97
person 0.0430 25 125 60 185
person 0.0423 208 56 236 96
person 0.0422 231 85 273 141
person 0.0411 20 133 48 182
person 0.0403 393 124 409 156
person 0.0401 323 79 338 122
person 0.0400 223 53 288 144
person 0.0398 207 57 247 121
person 0.0391 241 107 274 144
person 0.0377 404 127 419 165
person 0.0372 389 120 404 148
person 0.0362 316 82 333 124
person 0.0350 44 125 60 177
person 0.0344 318 47 345 124
person 0.0325 18 134 38 170
person 0.0320 206 69 238 106
person 0.0313 312 71 338 131
person 0.0305 229 59 249 87
person 0.0305 332 80 345 122
person 0.0302 389 118 412 162
person 0.0299 222 68 256 89
person 0.0296 238 67 260 104
person 0.0295 325 57 354 126
person 0.0289 235 73 256 119
person 0.0286 35 134 51 177
person 0.0278 336 74 358 125
person 0.0278 204 74 227 110
person 0.0272 6 133 30 171
person 0.0270 213 59 232 84
person 0.0268 51 115 84 183
person 0.0265 193 58 224 91
person 0.0262 210 66 258 104
person 0.0259 383 113 408 152
person 0.0259 220 58 243 85
person 0.0256 245 62 294 132
person 0.0255 231 56 267 109
person 0.0252 407 127 417 149
person 0.0250 135 150 154 188
person 0.0245 198 55 254 91
person 0.0243 52 20 125 184
person 0.0241 349 81 363 121
person 0.0240 311 84 327 123
person 0.0239 124 154 135 181
person 0.0231 323 60 341 112
person 0.0230 281 86 304 118
person 0.0226 194 50 265 141
person 0.0223 332 95 346 130
person 0.0221 116 158 128 179
person 0.0220 130 151 145 185
person 0.0218 270 61 315 129
person 0.0216 57 127 73 176
person 0.0215 222 74 238 118
person 0.0214 32 148 51 185
person 0.0214 209 69 241 88
person 0.0211 25 130 44 165
person 0.0208 288 90 309 122
person 0.0207 63 115 102 181
person 0.0205 62 126 85 179
person 0.0202 339 95 355 129
person 0.0202 189 61 214 95
person 0.0202 107 157 121 179
person 0.0200 253 115 272 145
train 0.1585 148 0 436 375
train 0.0395 0 0 147 55
train 0.0341 126 149 391 237
train 0.0221 78 0 173 39
train 0.0213 0 0 140 28
train 0.0206 154 50 274 122
tvmonitor 0.0267 1 50 72 191
tvmonitor 0.0234 51 16 129 177
tvmonitor 0.0222 0 1 99 109
