bottle 0.0293 29 253 79 375
bottle 0.0235 328 165 365 189
bottle 0.0227 34 262 69 331
car 0.7333 8 16 484 374
car 0.2094 322 37 488 358
car 0.1996 10 45 264 372
car 0.1659 63 50 340 296
car 0.1552 195 58 384 238
car 0.1453 2 74 162 351
car 0.1266 131 87 412 327
car 0.1252 218 45 471 294
car 0.1218 212 0 254 14
car 0.1184 176 61 302 233
car 0.1170 158 0 223 27
car 0.1149 175 78 250 184
car 0.1071 0 0 39 41
car 0.1067 350 2 498 114
car 0.1042 36 25 387 202
car 0.1041 207 0 297 15
car 0.0906 45 9 163 113
car 0.0882 0 108 97 375
car 0.0882 195 73 280 175
car 0.0881 216 158 375 239
car 0.0866 5 25 37 43
car 0.0865 402 0 498 84
car 0.0847 51 27 235 263
car 0.0777 175 92 220 169
car 0.0750 5 19 37 35
car 0.0747 2 13 51 38
car 0.0747 70 7 120 32
car 0.0741 197 0 234 15
car 0.0732 176 0 251 19
car 0.0732 280 108 437 361
car 0.0708 223 72 369 188
car 0.0703 350 0 500 247
car 0.0701 6 27 49 48
car 0.0701 153 22 492 196
car 0.0697 75 7 108 23
car 0.0697 251 123 386 229
car 0.0688 6 80 84 250
car 0.0683 101 0 237 43
car 0.0673 214 0 278 10
car 0.0671 95 74 261 227
car 0.0667 14 26 44 40
car 0.0654 452 1 498 71
car 0.0652 9 2 70 35
car 0.0648 26 26 54 38
car 0.0648 24 19 53 32
car 0.0644 80 2 144 35
car 0.0637 386 75 500 375
car 0.0632 0 0 23 31
car 0.0630 431 0 500 29
car 0.0630 262 74 419 217
car 0.0629 131 45 285 184
car 0.0629 217 3 495 124
car 0.0624 7 20 64 42
car 0.0619 148 81 222 189
car 0.0618 80 14 252 94
car 0.0616 141 80 178 98
car 0.0613 34 163 379 354
car 0.0612 0 69 50 123
car 0.0594 57 5 108 28
car 0.0593 25 13 210 151
car 0.0589 0 70 71 159
car 0.0587 12 95 197 255
car 0.0570 119 126 370 253
car 0.0569 20 14 66 37
car 0.0567 146 195 339 362
car 0.0563 241 142 388 196
car 0.0555 148 0 268 30
car 0.0553 0 55 49 232
car 0.0540 76 1 198 79
car 0.0535 43 0 120 24
car 0.0527 477 1 499 34
car 0.0511 90 9 319 153
car 0.0501 25 19 125 101
car 0.0500 263 2 495 64
car 0.0499 0 86 40 139
car 0.0497 175 109 208 152
car 0.0496 463 0 500 40
car 0.0486 0 5 56 61
car 0.0486 461 0 500 18
car 0.0480 365 0 500 49
car 0.0475 15 32 135 239
car 0.0475 176 142 307 242
car 0.0474 20 44 126 145
car 0.0463 57 38 220 123
car 0.0462 24 9 90 40
car 0.0460 180 26 353 169
car 0.0459 205 17 399 90
car 0.0458 240 152 393 282
car 0.0455 205 82 252 161
car 0.0454 155 159 324 285
car 0.0452 378 67 445 193
car 0.0451 147 16 329 89
car 0.0451 51 0 184 49
car 0.0449 301 63 469 194
car 0.0438 430 104 496 163
car 0.0437 9 201 209 373
car 0.0427 0 96 49 161
car 0.0427 1 50 87 132
car 0.0416 297 153 383 189
car 0.0416 2 2 109 61
car 0.0412 353 120 493 298
car 0.0411 0 46 42 84
car 0.0408 369 49 487 158
car 0.0405 162 68 311 158
car 0.0402 105 0 161 31
car 0.0399 111 1 287 58
car 0.0391 187 1 305 26
car 0.0387 173 3 361 58
car 0.0384 405 13 499 173
car 0.0381 9 28 62 60
car 0.0381 268 157 415 233
car 0.0379 199 171 337 257
car 0.0378 37 0 417 89
car 0.0378 84 256 355 367
car 0.0378 300 108 408 292
car 0.0378 213 3 263 19
car 0.0378 94 147 257 280
car 0.0378 164 92 233 221
car 0.0373 230 190 345 240
car 0.0373 399 0 500 17
car 0.0371 265 70 435 153
car 0.0370 386 72 434 137
car 0.0369 19 12 53 31
car 0.0368 0 92 160 171
car 0.0367 333 78 448 281
car 0.0365 8 206 84 375
car 0.0362 22 88 71 113
car 0.0362 83 8 100 22
car 0.0360 216 131 466 255
car 0.0354 158 158 497 352
car 0.0346 93 67 262 153
car 0.0345 304 44 492 124
car 0.0343 61 2 95 13
car 0.0342 17 0 101 20
car 0.0331 422 104 496 224
car 0.0331 128 187 292 256
car 0.0324 0 99 42 126
car 0.0324 68 88 230 171
car 0.0324 0 0 38 16
car 0.0324 73 2 112 16
car 0.0318 132 76 187 101
car 0.0317 205 37 443 145
car 0.0311 291 122 395 193
car 0.0304 134 305 342 368
car 0.0303 38 1 134 41
car 0.0301 330 146 390 192
car 0.0300 157 238 287 348
car 0.0299 35 86 65 110
car 0.0298 6 0 65 18
car 0.0296 413 72 498 156
car 0.0296 79 0 192 31
car 0.0293 47 1 78 11
car 0.0293 476 0 500 69
car 0.0292 171 69 226 151
car 0.0292 238 0 415 182
car 0.0289 0 99 29 183
car 0.0288 24 0 64 12
car 0.0287 28 19 77 42
car 0.0286 27 27 63 47
car 0.0285 205 93 320 199
car 0.0283 32 4 90 26
car 0.0281 229 157 355 205
car 0.0280 371 96 484 210
car 0.0279 41 14 69 30
car 0.0279 163 104 208 178
car 0.0278 156 286 322 348
car 0.0277 204 2 244 20
car 0.0277 13 112 125 276
car 0.0275 0 29 65 79
car 0.0274 81 113 200 300
car 0.0272 180 119 238 182
car 0.0271 377 128 444 191
car 0.0270 418 140 494 282
car 0.0270 160 4 295 42
car 0.0269 186 105 263 234
car 0.0268 10 76 111 125
car 0.0267 436 81 489 148
car 0.0265 280 161 369 197
car 0.0264 0 6 29 79
car 0.0264 31 0 105 11
car 0.0263 122 90 209 211
car 0.0261 104 207 266 341
car 0.0252 244 0 306 14
car 0.0251 303 142 468 218
car 0.0251 330 97 444 203
car 0.0251 9 93 55 120
car 0.0250 139 71 221 104
car 0.0248 0 104 28 131
car 0.0247 0 77 60 322
car 0.0243 140 81 223 117
car 0.0242 454 18 499 107
car 0.0239 346 88 498 171
car 0.0239 453 10 498 29
car 0.0238 153 0 245 79
car 0.0237 275 86 391 183
car 0.0237 340 131 419 190
car 0.0237 293 146 394 217
car 0.0235 0 126 154 226
car 0.0235 243 207 329 244
car 0.0234 321 74 399 192
car 0.0232 225 74 311 150
car 0.0230 3 61 48 87
car 0.0229 283 10 447 104
car 0.0228 30 83 94 111
car 0.0228 151 86 215 139
car 0.0228 381 67 467 141
car 0.0228 173 146 255 214
car 0.0226 217 123 347 210
car 0.0225 324 163 372 189
car 0.0225 179 91 213 139
car 0.0223 1 127 20 174
car 0.0223 159 180 319 234
car 0.0221 172 110 245 157
car 0.0219 380 122 442 253
car 0.0218 422 57 496 122
car 0.0218 13 250 130 372
car 0.0217 130 205 286 285
car 0.0215 383 114 475 180
car 0.0214 42 244 259 354
car 0.0213 114 81 195 116
car 0.0213 440 4 496 21
car 0.0210 169 137 224 192
car 0.0210 256 153 358 188
car 0.0208 255 168 371 223
car 0.0207 6 181 133 310
car 0.0207 177 110 213 134
car 0.0204 58 52 105 92
car 0.0204 121 336 337 375
car 0.0203 56 161 228 242
car 0.0203 24 96 60 116
car 0.0203 103 67 206 109
car 0.0202 151 75 186 95
car 0.0202 184 0 361 33
car 0.0202 383 105 444 159
car 0.0202 451 69 498 133
car 0.0201 14 3 56 25
car 0.0201 85 241 200 348
car 0.0200 0 121 75 166
car 0.0200 46 6 117 159
chair 0.0403 156 201 396 369
chair 0.0319 252 174 361 244
chair 0.0312 310 118 483 375
chair 0.0260 27 249 95 375
chair 0.0251 386 86 500 375
chair 0.0222 278 187 391 369
chair 0.0222 288 151 378 243
chair 0.0218 55 40 103 91
chair 0.0213 300 70 394 183
chair 0.0213 321 159 377 190
chair 0.0200 158 291 328 354
person 0.7271 51 8 106 95
person 0.5259 2 61 42 123
person 0.4073 94 20 129 65
person 0.4026 144 14 168 40
person 0.3470 33 29 56 92
person 0.3252 0 31 23 69
person 0.3173 25 31 48 90
person 0.3087 8 35 44 108
person 0.3058 3 32 35 86
person 0.2887 18 32 39 83
person 0.2545 118 19 140 46
person 0.2478 35 28 52 71
person 0.2392 132 15 165 45
person 0.2387 108 19 135 55
person 0.2247 126 18 147 44
person 0.2176 29 30 43 78
person 0.2146 21 30 36 63
person 0.2094 96 12 143 83
person 0.2002 8 34 29 75
person 0.1824 44 24 70 93
person 0.1750 92 21 120 50
person 0.1737 117 15 156 49
person 0.1696 0 27 26 53
person 0.1617 0 29 13 66
person 0.1580 111 6 144 51
person 0.1557 75 12 121 77
person 0.1546 6 30 32 58
person 0.1517 25 8 87 113
person 0.1513 13 19 59 101
person 0.1450 36 26 52 47
person 0.1437 0 38 29 111
person 0.1342 140 13 171 56
person 0.1342 115 23 131 44
person 0.1339 21 27 35 44
person 0.1313 181 36 378 313
person 0.1310 16 72 45 115
person 0.1302 129 13 143 34
person 0.1272 19 30 38 48
person 0.1257 57 5 134 109
person 0.1251 88 21 114 64
person 0.1235 4 41 57 130
person 0.1198 87 12 139 51
person 0.1176 97 8 162 59
person 0.1159 121 5 145 39
person 0.1154 14 22 38 59
person 0.1152 0 7 37 60
person 0.1134 2 11 20 42
person 0.1113 54 8 101 52
person 0.1109 50 24 69 55
person 0.1103 19 17 35 39
person 0.1102 96 14 113 31
person 0.1087 0 64 22 104
person 0.1083 77 10 103 32
person 0.1077 129 11 169 76
person 0.1066 135 6 190 47
person 0.1065 10 26 31 45
person 0.1063 35 35 64 109
person 0.1050 103 21 121 45
person 0.1032 32 19 56 54
person 0.1031 29 32 47 57
person 0.1025 0 63 47 189
person 0.1004 2 25 47 71
person 0.0995 0 0 27 42
person 0.0994 35 21 117 123
person 0.0994 121 6 168 40
person 0.0988 57 11 95 33
person 0.0980 0 77 31 130
person 0.0974 53 18 70 41
person 0.0961 9 14 31 39
person 0.0961 91 16 107 31
person 0.0927 169 132 352 354
person 0.0925 143 1 174 41
person 0.0918 15 7 36 36
person 0.0918 90 8 117 39
person 0.0896 15 4 58 62
person 0.0896 98 19 132 36
person 0.0896 91 19 111 36
person 0.0887 0 6 18 68
person 0.0885 0 20 38 47
person 0.0869 21 28 51 64
person 0.0867 41 28 58 79
person 0.0856 80 4 116 57
person 0.0853 54 11 78 41
person 0.0837 0 55 40 92
person 0.0832 87 6 187 109
person 0.0828 0 13 12 57
person 0.0826 86 12 114 27
person 0.0823 15 33 78 151
person 0.0820 66 7 101 24
person 0.0817 44 29 58 46
person 0.0815 31 31 42 45
person 0.0807 30 29 47 41
person 0.0799 36 20 55 37
person 0.0785 28 31 54 45
person 0.0783 136 14 153 36
person 0.0781 38 9 79 83
person 0.0779 94 1 149 42
person 0.0776 77 13 102 47
person 0.0775 118 19 131 34
person 0.0769 144 0 203 36
person 0.0769 45 24 59 40
person 0.0759 105 18 118 33
person 0.0757 0 48 27 79
person 0.0755 238 110 401 348
person 0.0751 281 57 303 78
person 0.0746 29 23 42 39
person 0.0740 149 12 178 35
person 0.0730 100 17 146 40
person 0.0724 31 0 117 75
person 0.0710 129 71 285 348
person 0.0707 69 12 105 63
person 0.0706 289 56 310 77
person 0.0702 169 0 223 21
person 0.0693 102 15 124 30
person 0.0692 34 13 64 78
person 0.0679 40 43 61 94
person 0.0674 308 54 346 72
person 0.0673 25 14 43 35
person 0.0669 0 61 25 86
person 0.0661 62 9 88 26
person 0.0654 68 2 124 39
person 0.0651 23 85 48 115
person 0.0650 23 55 46 98
person 0.0648 27 7 56 40
person 0.0646 132 14 166 30
person 0.0645 52 13 73 33
person 0.0641 143 81 167 98
person 0.0640 38 7 89 45
person 0.0638 116 16 136 30
person 0.0627 24 46 57 115
person 0.0609 135 6 185 86
person 0.0608 44 16 59 35
person 0.0608 23 17 47 51
person 0.0606 36 12 62 45
person 0.0594 72 10 93 28
person 0.0593 222 166 239 195
person 0.0574 94 0 207 54
person 0.0574 57 7 137 58
person 0.0568 51 13 84 61
person 0.0559 114 6 134 28
person 0.0557 6 0 40 38
person 0.0555 144 11 167 28
person 0.0546 20 9 142 227
person 0.0546 124 0 145 26
person 0.0544 0 25 21 42
person 0.0544 103 9 118 27
person 0.0542 269 56 301 81
person 0.0540 58 10 76 27
person 0.0540 98 14 130 26
person 0.0538 32 3 65 54
person 0.0536 0 1 12 41
person 0.0532 0 0 52 113
person 0.0531 294 56 320 76
person 0.0530 20 1 78 38
person 0.0525 383 280 400 325
person 0.0521 201 0 229 16
person 0.0511 15 57 43 86
person 0.0503 12 85 39 121
person 0.0493 48 2 105 36
person 0.0479 182 0 259 16
person 0.0470 75 12 177 70
person 0.0464 108 8 316 278
person 0.0457 158 7 178 32
person 0.0449 119 14 148 28
person 0.0443 39 31 60 57
person 0.0443 53 11 67 27
person 0.0442 118 4 216 118
person 0.0440 1 77 39 103
person 0.0439 267 58 288 85
person 0.0425 283 137 440 374
person 0.0425 133 8 155 25
person 0.0422 21 4 45 33
person 0.0418 12 65 44 95
person 0.0415 50 5 88 30
person 0.0412 141 87 154 99
person 0.0411 150 3 170 27
person 0.0410 208 0 246 16
person 0.0405 145 5 163 25
person 0.0404 162 0 190 30
person 0.0404 139 82 155 101
person 0.0402 96 1 127 33
person 0.0401 289 54 337 74
person 0.0397 469 0 499 27
person 0.0394 0 0 89 77
person 0.0379 157 14 186 37
person 0.0378 48 27 88 97
person 0.0377 105 8 154 32
person 0.0375 0 66 15 94
person 0.0372 42 9 59 29
person 0.0371 58 40 105 91
person 0.0371 171 0 198 23
person 0.0371 47 1 72 32
person 0.0370 48 44 67 92
person 0.0369 160 0 222 41
person 0.0368 142 84 160 97
person 0.0367 217 168 234 193
person 0.0366 138 77 178 99
person 0.0360 5 78 58 152
person 0.0360 112 14 153 75
person 0.0360 261 59 278 86
person 0.0359 200 163 218 191
person 0.0356 215 0 232 14
person 0.0355 141 0 212 65
person 0.0355 284 156 373 281
person 0.0353 4 43 38 65
person 0.0348 34 0 63 34
person 0.0343 217 71 291 158
person 0.0343 52 2 98 21
person 0.0341 278 61 295 78
person 0.0337 208 0 222 15
person 0.0336 60 8 75 18
person 0.0330 206 84 239 154
person 0.0330 2 0 20 20
person 0.0329 66 0 168 48
person 0.0327 32 62 74 125
person 0.0324 40 2 176 170
person 0.0323 150 194 284 354
person 0.0321 129 0 155 31
person 0.0319 307 53 327 74
person 0.0317 67 9 83 19
person 0.0316 185 106 285 246
person 0.0315 65 6 88 16
person 0.0314 154 11 195 30
person 0.0313 207 84 270 185
person 0.0313 35 0 120 16
person 0.0313 74 9 91 21
person 0.0311 3 6 106 166
person 0.0311 207 165 238 193
person 0.0308 387 70 431 134
person 0.0308 48 19 88 41
person 0.0307 59 5 79 15
person 0.0304 52 28 73 72
person 0.0304 203 167 226 190
person 0.0303 123 3 179 28
person 0.0299 71 6 97 18
person 0.0299 0 95 24 134
person 0.0299 272 54 330 81
person 0.0296 41 47 100 110
person 0.0295 40 62 61 106
person 0.0295 104 14 234 170
person 0.0295 70 21 109 42
person 0.0294 373 271 402 327
person 0.0292 130 78 164 101
person 0.0288 160 26 255 165
person 0.0286 314 135 397 257
person 0.0286 75 0 107 26
person 0.0286 0 44 56 82
person 0.0285 0 17 22 34
person 0.0283 245 156 350 268
person 0.0283 53 5 68 16
person 0.0280 50 8 79 21
person 0.0279 138 7 171 21
person 0.0278 234 69 326 179
person 0.0277 46 23 75 39
person 0.0277 448 118 466 152
person 0.0275 296 62 307 74
person 0.0275 450 111 489 152
person 0.0274 325 166 359 190
person 0.0273 253 59 273 87
person 0.0271 326 158 375 189
person 0.0270 31 70 53 107
person 0.0266 0 26 65 248
person 0.0266 129 5 161 20
person 0.0262 208 206 312 348
person 0.0260 197 104 236 169
person 0.0256 128 31 173 101
person 0.0256 0 98 48 141
person 0.0252 212 56 275 87
person 0.0252 190 0 231 26
person 0.0249 287 190 375 349
person 0.0248 52 3 72 14
person 0.0243 42 1 61 18
person 0.0241 194 0 217 18
person 0.0239 30 0 56 21
person 0.0239 452 118 476 152
person 0.0238 271 63 287 79
person 0.0238 0 0 13 21
person 0.0237 479 0 497 19
person 0.0235 290 63 301 75
person 0.0234 78 22 154 101
person 0.0232 61 1 72 12
person 0.0232 159 153 253 284
person 0.0231 299 163 369 192
person 0.0230 157 76 179 96
person 0.0230 426 76 468 144
person 0.0228 280 60 318 79
person 0.0227 313 165 397 333
person 0.0225 197 145 219 188
person 0.0225 0 90 27 186
person 0.0225 300 47 350 75
person 0.0223 399 73 447 140
person 0.0222 378 290 396 332
person 0.0222 254 194 342 347
person 0.0221 131 82 146 104
person 0.0221 9 0 43 21
person 0.0221 20 83 60 124
person 0.0221 40 86 62 113
person 0.0217 260 57 313 86
person 0.0215 244 76 299 149
person 0.0213 39 0 79 18
train 0.0333 31 0 174 35
tvmonitor 0.0814 76 0 127 33
tvmonitor 0.0789 97 0 146 36
tvmonitor 0.0758 92 7 115 25
tvmonitor 0.0568 448 110 499 153
tvmonitor 0.0515 119 0 143 27
tvmonitor 0.0510 87 5 112 21
tvmonitor 0.0502 153 207 360 365
tvmonitor 0.0500 100 7 124 25
tvmonitor 0.0496 8 237 76 375
tvmonitor 0.0419 90 0 136 24
tvmonitor 0.0397 34 255 68 331
tvmonitor 0.0385 67 2 114 24
tvmonitor 0.0354 466 115 496 149
tvmonitor 0.0336 112 0 135 24
tvmonitor 0.0321 387 71 432 134
tvmonitor 0.0223 155 248 318 346
tvmonitor 0.0200 479 116 499 152
