bird 0.0396 112 0 455 285
boat 0.0714 90 0 382 284
boat 0.0375 28 0 244 248
boat 0.0332 156 49 346 113
boat 0.0264 20 23 139 155
boat 0.0251 124 90 359 262
boat 0.0211 0 143 20 190
bus 0.9139 130 120 375 264
bus 0.0587 297 128 379 261
bus 0.0556 133 145 220 256
bus 0.0503 129 154 171 218
bus 0.0459 373 185 388 223
bus 0.0316 239 147 385 250
bus 0.0302 369 165 389 221
bus 0.0287 355 119 485 223
bus 0.0267 115 154 150 218
bus 0.0261 224 133 375 214
bus 0.0247 39 177 60 205
bus 0.0239 359 153 388 224
bus 0.0235 337 138 388 241
bus 0.0232 106 121 195 246
bus 0.0230 34 178 51 206
bus 0.0228 172 136 268 254
bus 0.0211 134 161 193 231
car 0.0375 137 151 212 259
car 0.0319 0 202 9 236
car 0.0299 2 185 17 222
car 0.0292 0 197 18 232
car 0.0233 0 183 8 228
car 0.0206 0 176 21 228
car 0.0202 0 147 9 193
person 0.1243 170 188 209 253
person 0.0953 185 196 211 259
person 0.0944 76 212 93 242
person 0.0916 170 188 195 221
person 0.0786 98 167 113 215
person 0.0652 78 204 90 230
person 0.0590 150 191 166 229
person 0.0531 191 185 210 219
person 0.0531 81 201 95 233
person 0.0519 83 163 113 230
person 0.0502 175 188 192 206
person 0.0483 167 181 203 228
person 0.0482 78 192 99 238
person 0.0480 180 186 201 212
person 0.0474 81 174 97 213
person 0.0461 98 193 112 230
person 0.0460 87 210 105 243
person 0.0439 191 195 210 239
person 0.0431 144 169 208 257
person 0.0427 144 193 162 228
person 0.0416 77 188 89 221
person 0.0393 86 187 108 238
person 0.0389 199 196 227 257
person 0.0386 177 179 214 235
person 0.0379 73 188 92 231
person 0.0377 89 169 109 213
person 0.0373 149 188 197 230
person 0.0360 92 199 106 232
person 0.0356 193 184 207 206
person 0.0356 143 185 175 234
person 0.0345 198 187 213 218
person 0.0336 194 203 214 252
person 0.0331 133 197 144 223
person 0.0331 136 194 153 226
person 0.0323 74 206 102 246
person 0.0306 189 180 220 248
person 0.0301 78 180 89 208
person 0.0296 72 169 105 241
person 0.0284 135 176 166 232
person 0.0280 102 181 116 219
person 0.0276 69 191 81 218
person 0.0263 23 122 358 375
person 0.0260 212 200 230 244
person 0.0256 209 190 223 218
person 0.0253 155 191 174 226
person 0.0251 95 206 112 242
person 0.0243 166 178 191 212
person 0.0240 179 197 204 243
person 0.0240 185 177 210 211
person 0.0240 214 191 229 229
person 0.0239 208 195 225 237
person 0.0238 72 208 82 226
person 0.0219 146 121 476 375
person 0.0219 128 198 135 218
person 0.0216 12 182 28 212
person 0.0210 72 214 84 233
person 0.0210 0 144 18 179
person 0.0210 184 183 200 203
person 0.0209 170 185 210 209
person 0.0205 168 194 189 235
person 0.0203 215 184 229 213
person 0.0203 204 182 226 226
person 0.0202 140 173 199 221
person 0.0202 103 203 116 227
pottedplant 0.0616 76 214 98 244
pottedplant 0.0209 72 214 88 229
train 0.1207 81 153 116 223
train 0.0767 94 163 114 216
train 0.0498 70 147 107 219
train 0.0445 81 165 105 214
train 0.0438 40 178 58 199
train 0.0415 58 71 413 271
train 0.0403 90 157 130 226
train 0.0394 29 113 121 237
train 0.0376 36 176 53 203
train 0.0368 0 148 35 215
train 0.0359 0 147 17 187
train 0.0354 58 154 125 232
train 0.0314 54 156 96 217
train 0.0288 12 152 54 213
train 0.0270 29 181 41 206
train 0.0267 68 117 149 242
train 0.0264 22 179 36 208
train 0.0259 13 153 99 214
train 0.0255 77 123 358 243
train 0.0235 75 170 94 214
train 0.0235 13 163 37 210
train 0.0234 1 160 17 209
train 0.0227 35 178 72 204
train 0.0220 0 140 14 217
train 0.0220 31 156 75 214
train 0.0210 4 171 31 216
train 0.0210 105 154 153 232
train 0.0204 12 176 28 209
train 0.0201 42 173 109 211
