aeroplane 0.9402 0 0 500 260
aeroplane 0.1224 404 150 500 171
aeroplane 0.1192 468 161 497 171
aeroplane 0.1150 404 116 498 173
aeroplane 0.1064 474 159 495 169
aeroplane 0.1033 1 0 174 230
aeroplane 0.1010 0 159 185 229
aeroplane 0.0872 460 156 496 167
aeroplane 0.0819 411 153 460 169
aeroplane 0.0804 443 158 500 173
aeroplane 0.0659 0 108 250 232
aeroplane 0.0639 429 154 489 168
aeroplane 0.0525 399 44 499 174
aeroplane 0.0505 462 145 500 171
aeroplane 0.0502 474 152 495 167
aeroplane 0.0488 5 2 151 132
aeroplane 0.0436 4 6 91 168
aeroplane 0.0436 1 126 126 227
aeroplane 0.0406 416 159 470 171
aeroplane 0.0398 407 84 498 153
aeroplane 0.0352 465 163 497 178
aeroplane 0.0336 481 150 497 169
aeroplane 0.0325 411 158 500 183
aeroplane 0.0323 422 150 476 164
aeroplane 0.0318 363 0 497 212
aeroplane 0.0310 455 103 500 168
aeroplane 0.0309 460 149 497 163
aeroplane 0.0304 414 150 442 167
aeroplane 0.0291 403 136 484 167
aeroplane 0.0282 437 130 500 172
aeroplane 0.0280 399 98 500 223
aeroplane 0.0279 31 0 173 86
aeroplane 0.0260 475 126 500 172
aeroplane 0.0255 2 0 106 87
aeroplane 0.0253 13 0 273 154
aeroplane 0.0248 408 156 449 173
aeroplane 0.0241 351 79 500 250
aeroplane 0.0240 409 151 433 173
aeroplane 0.0239 471 142 496 163
aeroplane 0.0234 8 183 215 242
aeroplane 0.0233 213 190 423 255
aeroplane 0.0223 451 164 492 176
aeroplane 0.0222 196 145 500 260
aeroplane 0.0214 442 86 500 140
boat 0.0222 231 225 411 257
car 0.0402 0 195 22 229
car 0.0287 0 216 25 234
car 0.0277 0 187 86 226
car 0.0241 0 210 34 228
chair 0.0235 402 0 495 137
person 0.0342 88 0 109 22
person 0.0279 398 0 498 157
person 0.0234 0 1 151 248
person 0.0202 267 0 303 75
sofa 0.0244 378 0 483 97
