bird 0.6431 193 77 306 299
bird 0.0912 200 70 315 185
bird 0.0742 192 78 291 147
bird 0.0683 165 77 271 256
bird 0.0492 201 77 275 123
bird 0.0470 215 104 304 244
bird 0.0307 218 74 311 123
bird 0.0299 234 134 307 297
bird 0.0295 212 26 359 258
bird 0.0270 147 53 304 211
bird 0.0252 326 307 381 334
bird 0.0241 258 75 320 118
bird 0.0202 285 76 359 183
bird 0.0201 189 79 239 134
bottle 0.0891 213 112 303 310
bottle 0.0538 5 321 69 332
bottle 0.0332 314 310 381 334
bottle 0.0329 0 312 69 334
bottle 0.0290 250 202 302 301
bottle 0.0263 332 181 362 249
bottle 0.0257 268 218 300 293
bottle 0.0246 0 319 42 334
bottle 0.0234 2 302 30 333
bottle 0.0219 12 310 38 333
bottle 0.0209 345 308 377 334
cat 0.0398 321 308 382 334
chair 0.0362 296 165 372 265
chair 0.0262 279 222 434 330
chair 0.0225 331 187 363 251
chair 0.0222 321 305 429 334
chair 0.0220 341 267 499 331
chair 0.0220 334 193 500 334
chair 0.0201 267 272 449 331
diningtable 0.0863 11 78 444 328
diningtable 0.0627 91 209 428 327
diningtable 0.0201 156 117 379 281
dog 0.0312 312 305 392 334
person 0.3093 195 71 305 309
person 0.0879 290 99 381 280
person 0.0714 213 103 354 326
person 0.0484 259 141 392 334
person 0.0448 317 308 381 334
person 0.0433 292 188 372 312
person 0.0430 297 154 371 258
person 0.0345 243 156 306 302
person 0.0211 279 185 334 297
person 0.0207 0 0 81 139
person 0.0203 294 183 349 277
pottedplant 0.5005 343 8 495 322
pottedplant 0.4565 10 30 303 331
pottedplant 0.3300 0 249 61 334
pottedplant 0.3212 47 81 220 308
pottedplant 0.3207 205 81 332 319
pottedplant 0.3203 210 0 477 328
pottedplant 0.3121 8 134 77 263
pottedplant 0.3120 156 73 296 323
pottedplant 0.2971 5 207 77 321
pottedplant 0.2396 247 47 405 316
pottedplant 0.2263 195 16 369 266
pottedplant 0.2204 0 81 102 280
pottedplant 0.2054 0 148 54 246
pottedplant 0.2043 382 108 500 329
pottedplant 0.1985 3 32 159 265
pottedplant 0.1753 2 182 91 288
pottedplant 0.1693 49 0 210 210
pottedplant 0.1645 270 0 500 216
pottedplant 0.1599 64 138 279 331
pottedplant 0.1384 8 115 142 326
pottedplant 0.1346 4 0 314 145
pottedplant 0.1304 0 166 55 315
pottedplant 0.1298 0 95 69 223
pottedplant 0.1294 96 24 321 221
pottedplant 0.1218 0 228 118 332
pottedplant 0.1210 21 145 111 278
pottedplant 0.1157 224 0 441 125
pottedplant 0.1120 1 181 42 266
pottedplant 0.1102 1 50 90 200
pottedplant 0.1010 220 1 388 70
pottedplant 0.0993 79 0 232 114
pottedplant 0.0978 2 142 91 217
pottedplant 0.0968 14 0 460 228
pottedplant 0.0967 25 201 381 327
pottedplant 0.0843 353 105 447 295
pottedplant 0.0823 127 6 492 143
pottedplant 0.0809 0 181 48 225
pottedplant 0.0807 37 0 211 78
pottedplant 0.0800 155 0 350 124
pottedplant 0.0792 26 124 106 223
pottedplant 0.0784 293 71 397 268
pottedplant 0.0769 23 201 84 274
pottedplant 0.0764 288 19 413 214
pottedplant 0.0759 318 163 489 331
pottedplant 0.0758 0 141 54 198
pottedplant 0.0746 365 0 487 195
pottedplant 0.0720 184 0 305 81
pottedplant 0.0704 157 0 246 94
pottedplant 0.0696 250 1 357 54
pottedplant 0.0683 4 10 186 132
pottedplant 0.0677 277 5 379 133
pottedplant 0.0677 16 247 77 310
pottedplant 0.0663 22 87 194 219
pottedplant 0.0654 241 1 338 91
pottedplant 0.0649 0 104 46 188
pottedplant 0.0648 1 218 43 301
pottedplant 0.0645 23 160 79 222
pottedplant 0.0617 4 225 238 333
pottedplant 0.0609 283 0 422 60
pottedplant 0.0607 0 264 36 334
pottedplant 0.0603 7 161 53 218
pottedplant 0.0597 286 50 372 187
pottedplant 0.0592 39 153 97 236
pottedplant 0.0591 287 128 416 327
pottedplant 0.0587 36 165 69 216
pottedplant 0.0578 0 203 29 264
pottedplant 0.0578 58 118 144 225
pottedplant 0.0572 30 179 80 257
pottedplant 0.0566 414 1 500 168
pottedplant 0.0563 332 131 395 251
pottedplant 0.0563 305 147 388 284
pottedplant 0.0561 339 37 449 245
pottedplant 0.0556 58 152 163 327
pottedplant 0.0556 0 75 65 166
pottedplant 0.0553 365 186 391 246
pottedplant 0.0533 10 195 62 266
pottedplant 0.0531 18 28 122 168
pottedplant 0.0530 208 175 443 334
pottedplant 0.0527 128 132 401 329
pottedplant 0.0517 365 134 432 252
pottedplant 0.0515 116 0 267 168
pottedplant 0.0507 153 3 207 89
pottedplant 0.0506 0 293 73 334
pottedplant 0.0487 0 116 116 188
pottedplant 0.0477 237 1 348 33
pottedplant 0.0465 1 236 80 272
pottedplant 0.0459 219 1 314 58
pottedplant 0.0448 10 156 88 197
pottedplant 0.0448 191 0 256 72
pottedplant 0.0440 0 0 103 72
pottedplant 0.0437 197 161 287 324
pottedplant 0.0432 0 158 44 192
pottedplant 0.0429 365 215 488 330
pottedplant 0.0428 17 182 64 218
pottedplant 0.0428 0 246 66 287
pottedplant 0.0428 12 191 51 243
pottedplant 0.0416 56 142 113 224
pottedplant 0.0413 431 0 499 85
pottedplant 0.0411 39 187 64 216
pottedplant 0.0410 0 258 52 306
pottedplant 0.0409 150 151 184 201
pottedplant 0.0409 318 0 463 147
pottedplant 0.0404 417 198 496 333
pottedplant 0.0403 342 170 389 254
pottedplant 0.0392 0 122 41 221
pottedplant 0.0392 352 0 470 63
pottedplant 0.0391 49 200 84 254
pottedplant 0.0390 211 3 271 83
pottedplant 0.0387 246 186 304 304
pottedplant 0.0380 0 190 26 232
pottedplant 0.0378 66 219 148 331
pottedplant 0.0378 35 156 86 187
pottedplant 0.0375 69 113 184 199
pottedplant 0.0374 0 0 44 66
pottedplant 0.0374 63 142 132 270
pottedplant 0.0373 95 4 189 161
pottedplant 0.0372 167 4 222 73
pottedplant 0.0371 122 115 216 266
pottedplant 0.0370 370 94 479 259
pottedplant 0.0370 352 188 432 322
pottedplant 0.0369 68 17 153 159
pottedplant 0.0366 29 140 79 199
pottedplant 0.0364 47 137 97 198
pottedplant 0.0363 0 188 89 242
pottedplant 0.0361 455 1 499 63
pottedplant 0.0360 258 0 486 80
pottedplant 0.0359 47 121 125 184
pottedplant 0.0353 360 134 409 228
pottedplant 0.0352 0 208 22 242
pottedplant 0.0352 31 225 90 300
pottedplant 0.0352 31 188 54 216
pottedplant 0.0351 180 14 301 156
pottedplant 0.0351 2 128 67 181
pottedplant 0.0348 24 79 108 180
pottedplant 0.0348 44 157 85 214
pottedplant 0.0347 2 14 94 134
pottedplant 0.0347 157 192 256 327
pottedplant 0.0345 305 0 400 92
pottedplant 0.0343 105 0 196 85
pottedplant 0.0343 260 0 307 38
pottedplant 0.0342 15 257 72 291
pottedplant 0.0338 11 0 111 31
pottedplant 0.0336 159 9 192 75
pottedplant 0.0334 301 0 368 59
pottedplant 0.0332 282 1 386 31
pottedplant 0.0330 39 157 80 175
pottedplant 0.0329 0 200 42 227
pottedplant 0.0328 22 188 48 218
pottedplant 0.0328 284 6 354 81
pottedplant 0.0327 9 0 68 47
pottedplant 0.0327 34 185 76 220
pottedplant 0.0325 295 210 405 312
pottedplant 0.0324 15 262 99 328
pottedplant 0.0323 80 97 235 241
pottedplant 0.0318 18 225 89 265
pottedplant 0.0317 431 137 498 272
pottedplant 0.0313 30 0 139 104
pottedplant 0.0312 0 72 146 159
pottedplant 0.0312 0 139 150 245
pottedplant 0.0309 30 1 117 52
pottedplant 0.0308 401 1 485 55
pottedplant 0.0308 124 2 206 58
pottedplant 0.0308 305 0 346 44
pottedplant 0.0304 154 148 206 204
pottedplant 0.0303 66 269 269 330
pottedplant 0.0302 271 3 314 50
pottedplant 0.0296 419 30 500 295
pottedplant 0.0295 386 0 472 102
pottedplant 0.0295 372 187 388 232
pottedplant 0.0295 0 213 79 258
pottedplant 0.0294 0 152 64 180
pottedplant 0.0293 354 85 414 219
pottedplant 0.0292 0 0 44 16
pottedplant 0.0292 46 264 90 326
pottedplant 0.0291 63 0 236 48
pottedplant 0.0291 275 5 336 62
pottedplant 0.0287 347 141 386 228
pottedplant 0.0284 36 112 112 166
pottedplant 0.0284 346 52 421 167
pottedplant 0.0283 331 0 431 82
pottedplant 0.0283 69 206 204 313
pottedplant 0.0282 360 164 401 256
pottedplant 0.0282 11 108 89 168
pottedplant 0.0281 198 58 465 222
pottedplant 0.0281 144 129 214 216
pottedplant 0.0280 82 123 191 294
pottedplant 0.0277 319 179 379 256
pottedplant 0.0277 229 4 280 67
pottedplant 0.0277 6 314 71 334
pottedplant 0.0275 72 0 166 96
pottedplant 0.0274 244 23 405 100
pottedplant 0.0271 240 0 334 18
pottedplant 0.0270 123 180 228 325
pottedplant 0.0269 188 15 235 87
pottedplant 0.0268 20 155 60 202
pottedplant 0.0268 182 0 269 29
pottedplant 0.0264 300 114 369 255
pottedplant 0.0264 221 0 296 36
pottedplant 0.0263 0 108 38 158
pottedplant 0.0261 0 19 56 185
pottedplant 0.0261 334 75 403 195
pottedplant 0.0261 0 161 23 192
pottedplant 0.0259 12 265 55 326
pottedplant 0.0258 21 129 85 176
pottedplant 0.0257 151 0 242 30
pottedplant 0.0255 50 0 156 30
pottedplant 0.0253 0 240 27 311
pottedplant 0.0253 41 259 166 333
pottedplant 0.0252 0 262 22 299
pottedplant 0.0252 357 171 387 233
pottedplant 0.0252 184 0 240 45
pottedplant 0.0252 5 195 48 217
pottedplant 0.0250 2 122 74 157
pottedplant 0.0250 253 0 306 14
pottedplant 0.0250 156 0 203 46
pottedplant 0.0247 0 304 43 333
pottedplant 0.0247 17 139 147 200
pottedplant 0.0246 87 0 372 74
pottedplant 0.0245 46 173 81 234
pottedplant 0.0242 56 0 114 39
pottedplant 0.0241 204 17 331 112
pottedplant 0.0238 0 168 27 222
pottedplant 0.0238 274 58 428 130
pottedplant 0.0237 0 74 27 177
pottedplant 0.0235 44 102 152 172
pottedplant 0.0235 118 144 153 197
pottedplant 0.0234 207 221 324 325
pottedplant 0.0234 32 100 75 159
pottedplant 0.0234 34 258 79 303
pottedplant 0.0233 273 26 333 103
pottedplant 0.0232 264 14 319 74
pottedplant 0.0232 129 80 216 213
pottedplant 0.0231 309 79 381 208
pottedplant 0.0231 457 153 499 242
pottedplant 0.0229 448 160 500 322
pottedplant 0.0228 172 0 337 39
pottedplant 0.0228 27 259 72 278
pottedplant 0.0227 71 138 125 202
pottedplant 0.0226 1 294 24 333
pottedplant 0.0226 377 165 446 302
pottedplant 0.0226 75 184 136 303
pottedplant 0.0225 383 1 475 33
pottedplant 0.0225 0 0 65 106
pottedplant 0.0221 297 0 482 38
pottedplant 0.0221 8 51 262 176
pottedplant 0.0220 439 0 489 46
pottedplant 0.0220 375 196 392 238
pottedplant 0.0220 0 118 18 158
pottedplant 0.0219 320 0 378 41
pottedplant 0.0219 0 126 45 168
pottedplant 0.0218 0 0 25 22
pottedplant 0.0218 98 242 290 323
pottedplant 0.0217 44 157 118 192
pottedplant 0.0216 0 225 25 281
pottedplant 0.0216 377 3 456 49
pottedplant 0.0212 249 114 500 282
pottedplant 0.0210 23 258 407 334
pottedplant 0.0210 38 154 103 177
pottedplant 0.0209 39 239 83 282
pottedplant 0.0209 44 190 97 245
pottedplant 0.0208 284 0 335 39
pottedplant 0.0207 419 0 473 43
pottedplant 0.0207 323 1 438 30
pottedplant 0.0207 328 119 375 222
pottedplant 0.0206 43 215 85 270
pottedplant 0.0206 327 23 408 140
pottedplant 0.0204 338 133 369 200
pottedplant 0.0204 47 104 95 159
pottedplant 0.0204 331 307 383 334
pottedplant 0.0203 262 18 375 67
pottedplant 0.0202 56 121 137 159
pottedplant 0.0201 44 159 73 189
pottedplant 0.0201 452 0 500 33
pottedplant 0.0201 44 153 74 169
pottedplant 0.0200 368 139 422 202
