aeroplane 0.0358 0 0 452 375
bicycle 0.0297 59 0 217 196
bird 0.0248 417 0 499 59
bird 0.0235 475 0 499 30
bird 0.0232 156 2 492 296
boat 0.0382 8 0 500 349
bottle 0.1045 426 182 461 222
bottle 0.0712 425 188 445 222
bottle 0.0690 312 335 332 374
bottle 0.0671 131 189 157 230
bottle 0.0592 442 182 465 221
bottle 0.0508 437 279 459 315
bottle 0.0491 417 187 433 220
bottle 0.0467 410 185 426 218
bottle 0.0386 2 341 32 375
bottle 0.0365 473 211 490 234
bottle 0.0354 405 189 420 217
bottle 0.0332 190 358 241 374
bottle 0.0301 386 137 418 218
bottle 0.0300 404 164 430 220
bottle 0.0293 1 357 49 374
bottle 0.0280 438 190 459 223
bottle 0.0273 15 337 40 375
bottle 0.0268 382 279 457 313
bottle 0.0266 412 172 444 221
bottle 0.0256 480 211 496 236
bottle 0.0255 386 192 403 215
bottle 0.0250 422 171 472 229
bottle 0.0233 20 356 71 374
bottle 0.0231 393 195 408 216
bottle 0.0228 405 168 420 214
bottle 0.0227 382 167 405 216
bottle 0.0227 453 192 469 223
bottle 0.0214 107 251 150 305
bottle 0.0213 468 211 483 234
bottle 0.0210 191 345 240 372
bottle 0.0205 136 166 217 212
bottle 0.0202 116 262 151 325
bottle 0.0202 428 181 467 202
bottle 0.0200 219 154 258 194
cat 0.1547 259 198 314 251
cat 0.1220 257 197 339 366
cat 0.0858 259 185 338 276
cat 0.0550 294 197 338 264
cat 0.0315 283 235 344 335
cat 0.0290 263 248 313 314
cat 0.0248 260 201 294 228
chair 0.1966 429 289 500 375
chair 0.1906 329 207 400 316
chair 0.1629 318 227 408 359
chair 0.1547 310 258 456 372
chair 0.1455 230 208 342 375
chair 0.1452 343 200 382 253
chair 0.1410 111 220 247 373
chair 0.1304 369 284 485 375
chair 0.1234 248 239 397 373
chair 0.0973 219 285 340 374
chair 0.0892 320 260 385 375
chair 0.0861 324 201 392 273
chair 0.0830 101 256 170 373
chair 0.0802 146 237 348 375
chair 0.0760 329 307 369 374
chair 0.0742 280 170 421 354
chair 0.0724 351 200 401 261
chair 0.0716 331 186 435 341
chair 0.0714 351 211 482 371
chair 0.0688 280 259 346 375
chair 0.0683 271 202 363 353
chair 0.0638 121 251 201 373
chair 0.0633 93 295 262 372
chair 0.0632 309 284 364 375
chair 0.0629 286 200 382 286
chair 0.0621 295 308 341 375
chair 0.0617 311 332 334 375
chair 0.0603 400 323 498 374
chair 0.0576 321 296 425 375
chair 0.0564 297 235 393 319
chair 0.0563 191 339 242 374
chair 0.0556 314 319 348 373
chair 0.0543 340 293 384 373
chair 0.0520 345 271 459 339
chair 0.0505 425 342 500 374
chair 0.0499 180 321 330 373
chair 0.0496 192 202 286 370
chair 0.0495 312 227 449 308
chair 0.0491 452 277 500 341
chair 0.0489 0 338 26 375
chair 0.0483 311 334 367 375
chair 0.0473 472 286 500 307
chair 0.0467 346 199 377 229
chair 0.0467 350 193 425 294
chair 0.0459 233 163 372 304
chair 0.0456 167 261 247 372
chair 0.0450 455 286 500 318
chair 0.0436 186 324 264 374
chair 0.0432 331 201 370 258
chair 0.0430 326 244 391 302
chair 0.0421 0 357 35 374
chair 0.0402 371 188 472 324
chair 0.0397 351 232 403 302
chair 0.0393 392 282 496 341
chair 0.0393 380 279 457 322
chair 0.0392 350 266 418 364
chair 0.0384 411 220 500 375
chair 0.0383 326 294 356 365
chair 0.0381 427 281 496 317
chair 0.0363 349 157 414 257
chair 0.0359 280 168 345 269
chair 0.0350 370 203 418 276
chair 0.0343 234 333 336 372
chair 0.0343 334 197 417 246
chair 0.0331 342 199 398 234
chair 0.0327 297 199 377 252
chair 0.0325 109 304 185 373
chair 0.0324 372 302 445 372
chair 0.0322 310 254 432 324
chair 0.0318 282 324 332 375
chair 0.0315 292 317 381 375
chair 0.0310 351 325 457 374
chair 0.0303 307 251 368 345
chair 0.0301 376 228 418 295
chair 0.0299 356 259 442 318
chair 0.0298 337 204 356 247
chair 0.0298 414 258 500 332
chair 0.0294 190 303 240 371
chair 0.0290 78 308 163 374
chair 0.0290 112 258 154 345
chair 0.0289 372 282 440 344
chair 0.0285 454 324 500 375
chair 0.0283 16 341 75 375
chair 0.0282 379 118 421 222
chair 0.0280 136 334 271 375
chair 0.0280 375 238 452 334
chair 0.0277 102 343 169 375
chair 0.0275 309 201 354 270
chair 0.0274 334 138 496 325
chair 0.0271 206 187 340 254
chair 0.0270 320 300 344 363
chair 0.0269 0 352 60 375
chair 0.0266 319 329 340 371
chair 0.0263 335 278 395 338
chair 0.0263 366 137 432 261
chair 0.0262 201 283 289 375
chair 0.0262 331 235 407 273
chair 0.0261 271 131 420 273
chair 0.0260 300 159 371 260
chair 0.0259 416 279 474 331
chair 0.0257 312 344 347 374
chair 0.0256 312 246 358 311
chair 0.0254 439 303 500 352
chair 0.0253 362 181 404 242
chair 0.0253 373 188 416 250
chair 0.0246 331 328 390 375
chair 0.0244 347 310 376 367
chair 0.0243 318 189 462 264
chair 0.0242 114 320 163 375
chair 0.0234 361 308 412 375
chair 0.0234 380 205 436 293
chair 0.0230 462 349 499 374
chair 0.0227 306 225 401 281
chair 0.0227 6 334 45 375
chair 0.0227 149 267 212 374
chair 0.0225 127 261 167 347
chair 0.0224 333 298 360 350
chair 0.0223 325 194 384 240
chair 0.0223 110 339 215 372
chair 0.0222 359 209 391 255
chair 0.0222 427 357 499 373
chair 0.0221 329 203 351 252
chair 0.0221 136 191 230 334
chair 0.0219 315 355 366 374
chair 0.0219 351 200 388 219
chair 0.0217 91 246 160 313
chair 0.0213 206 186 263 310
chair 0.0213 365 249 425 300
chair 0.0210 368 186 462 248
chair 0.0206 140 310 236 373
chair 0.0205 344 209 367 250
chair 0.0204 252 200 360 250
chair 0.0201 332 272 409 314
chair 0.0200 451 234 499 323
diningtable 0.0743 53 218 323 375
diningtable 0.0523 11 282 265 375
diningtable 0.0426 80 134 318 329
diningtable 0.0334 337 197 447 261
diningtable 0.0279 355 190 479 247
diningtable 0.0251 143 161 339 271
diningtable 0.0244 220 140 465 326
diningtable 0.0241 322 195 490 304
diningtable 0.0205 47 146 263 269
diningtable 0.0204 25 172 257 343
dog 0.3488 231 189 334 372
dog 0.3003 252 199 328 325
dog 0.2335 256 198 326 266
dog 0.0847 225 197 318 286
dog 0.0654 281 199 341 285
dog 0.0389 262 244 340 321
dog 0.0350 230 191 335 247
dog 0.0306 219 235 322 348
dog 0.0279 293 234 340 313
dog 0.0275 262 200 315 232
dog 0.0251 270 209 314 251
dog 0.0241 259 221 319 292
dog 0.0215 276 199 351 245
dog 0.0208 218 200 266 305
dog 0.0206 226 198 296 255
motorbike 0.0209 81 0 300 196
person 0.7465 130 135 249 375
person 0.6346 199 120 328 375
person 0.3338 213 115 336 268
person 0.2569 219 119 260 195
person 0.2342 226 184 343 351
person 0.2251 236 132 392 375
person 0.2213 429 288 499 375
person 0.2138 365 277 458 374
person 0.1684 222 119 325 209
person 0.1519 315 131 470 373
person 0.1304 115 85 319 372
person 0.1259 215 121 273 231
person 0.1181 242 157 330 257
person 0.1147 149 125 244 265
person 0.1083 8 12 407 375
person 0.1055 86 179 222 375
person 0.0945 162 143 311 318
person 0.0942 42 150 170 375
person 0.0843 251 238 339 372
person 0.0729 55 42 262 356
person 0.0720 156 126 259 196
person 0.0715 191 124 278 277
person 0.0642 270 125 333 213
person 0.0612 366 184 500 375
person 0.0597 104 241 194 375
person 0.0592 209 135 254 206
person 0.0592 177 116 293 203
person 0.0590 292 0 500 371
person 0.0580 144 100 335 239
person 0.0532 187 50 438 375
person 0.0531 247 120 303 190
person 0.0529 178 136 245 188
person 0.0527 216 184 281 298
person 0.0520 138 143 223 209
person 0.0487 465 287 500 307
person 0.0472 22 12 181 327
person 0.0462 0 340 30 375
person 0.0460 414 277 480 360
person 0.0440 217 112 293 182
person 0.0436 0 357 31 374
person 0.0433 270 193 345 284
person 0.0415 189 341 250 374
person 0.0412 58 23 148 171
person 0.0401 294 127 416 298
person 0.0401 112 63 241 306
person 0.0381 448 286 500 316
person 0.0357 134 147 209 268
person 0.0354 366 0 498 269
person 0.0350 394 54 500 366
person 0.0349 390 278 459 323
person 0.0338 362 298 410 372
person 0.0335 285 153 344 259
person 0.0334 185 122 271 179
person 0.0332 163 132 217 190
person 0.0330 194 143 265 192
person 0.0326 203 150 258 294
person 0.0324 193 358 245 374
person 0.0307 135 154 182 245
person 0.0303 391 290 449 366
person 0.0302 228 145 318 190
person 0.0291 231 117 313 158
person 0.0291 204 93 224 135
person 0.0284 306 197 339 276
person 0.0278 208 114 275 158
person 0.0273 177 140 243 241
person 0.0270 242 121 367 237
person 0.0268 217 116 250 167
person 0.0267 219 200 263 284
person 0.0266 323 119 406 250
person 0.0265 418 277 461 317
person 0.0263 347 116 446 295
person 0.0261 282 151 337 204
person 0.0260 435 278 474 315
person 0.0260 265 111 313 175
person 0.0260 190 169 272 340
person 0.0255 136 200 209 359
person 0.0254 375 129 473 268
person 0.0244 46 149 263 306
person 0.0240 182 111 200 140
person 0.0240 166 156 239 322
person 0.0239 407 147 495 300
person 0.0239 93 139 221 283
person 0.0239 107 162 190 344
person 0.0232 159 111 252 164
person 0.0230 131 184 164 256
person 0.0228 277 201 318 279
person 0.0225 207 165 296 268
person 0.0222 188 365 243 375
person 0.0221 354 358 407 374
person 0.0221 237 120 265 177
person 0.0216 422 166 466 223
person 0.0212 0 149 116 375
person 0.0210 211 132 235 179
person 0.0206 0 157 291 375
person 0.0205 195 85 264 190
person 0.0203 94 19 172 173
person 0.0203 184 110 228 149
person 0.0202 375 287 445 335
person 0.0201 380 106 435 223
person 0.0200 248 141 299 214
person 0.0200 203 113 226 146
pottedplant 0.6616 16 171 92 222
pottedplant 0.5051 31 223 85 278
pottedplant 0.4719 4 287 102 374
pottedplant 0.3839 21 186 92 257
pottedplant 0.3188 9 219 98 349
pottedplant 0.2665 67 175 96 217
pottedplant 0.2473 8 202 104 277
pottedplant 0.2441 23 238 44 279
pottedplant 0.2153 0 287 55 370
pottedplant 0.2127 39 234 73 279
pottedplant 0.1985 68 225 97 287
pottedplant 0.1918 17 170 57 219
pottedplant 0.1891 193 0 270 111
pottedplant 0.1743 28 233 62 278
pottedplant 0.1730 26 248 86 359
pottedplant 0.1489 0 232 142 373
pottedplant 0.1473 40 179 76 222
pottedplant 0.1443 16 173 42 211
pottedplant 0.1370 144 119 190 191
pottedplant 0.1353 55 218 91 274
pottedplant 0.1351 12 308 69 375
pottedplant 0.1278 51 174 94 224
pottedplant 0.1269 48 301 104 372
pottedplant 0.1249 12 328 99 372
pottedplant 0.1174 0 301 28 374
pottedplant 0.1173 0 162 118 229
pottedplant 0.1139 0 290 39 348
pottedplant 0.1139 44 243 113 373
pottedplant 0.1106 22 223 35 274
pottedplant 0.1102 33 233 74 316
pottedplant 0.1094 75 227 97 269
pottedplant 0.1088 130 181 157 225
pottedplant 0.1070 154 111 197 163
pottedplant 0.1028 0 275 82 346
pottedplant 0.0961 126 180 148 217
pottedplant 0.0959 37 271 77 301
pottedplant 0.0952 141 154 184 192
pottedplant 0.0948 174 0 278 166
pottedplant 0.0939 72 247 95 301
pottedplant 0.0874 302 156 331 197
pottedplant 0.0843 0 293 22 336
pottedplant 0.0824 38 235 95 292
pottedplant 0.0815 34 263 76 340
pottedplant 0.0803 33 286 151 375
pottedplant 0.0795 35 211 101 257
pottedplant 0.0794 42 300 95 342
pottedplant 0.0793 201 2 262 61
pottedplant 0.0781 130 179 156 203
pottedplant 0.0779 39 312 85 373
pottedplant 0.0773 122 183 140 221
pottedplant 0.0768 0 278 49 332
pottedplant 0.0765 70 251 138 375
pottedplant 0.0760 0 289 38 319
pottedplant 0.0758 19 183 48 223
pottedplant 0.0757 30 171 67 215
pottedplant 0.0756 70 247 102 324
pottedplant 0.0751 0 328 47 375
pottedplant 0.0743 65 224 87 265
pottedplant 0.0722 138 137 189 214
pottedplant 0.0712 30 247 50 280
pottedplant 0.0703 141 138 220 200
pottedplant 0.0701 19 237 47 309
pottedplant 0.0699 0 184 126 316
pottedplant 0.0687 0 177 71 260
pottedplant 0.0685 132 161 170 225
pottedplant 0.0676 24 226 120 287
pottedplant 0.0673 6 246 81 323
pottedplant 0.0673 91 96 140 230
pottedplant 0.0672 0 155 83 208
pottedplant 0.0655 79 261 96 304
pottedplant 0.0651 39 157 147 234
pottedplant 0.0650 29 291 78 332
pottedplant 0.0646 32 230 53 264
pottedplant 0.0645 64 279 106 354
pottedplant 0.0635 45 194 70 225
pottedplant 0.0635 76 170 119 220
pottedplant 0.0628 59 326 92 375
pottedplant 0.0618 124 174 151 205
pottedplant 0.0617 120 175 154 238
pottedplant 0.0616 146 78 206 187
pottedplant 0.0613 122 181 144 202
pottedplant 0.0611 51 228 77 269
pottedplant 0.0600 312 163 331 199
pottedplant 0.0599 71 183 94 235
pottedplant 0.0598 144 36 261 204
pottedplant 0.0598 13 224 56 278
pottedplant 0.0597 22 242 70 286
pottedplant 0.0593 65 236 89 278
pottedplant 0.0590 19 334 64 374
pottedplant 0.0589 33 225 71 260
pottedplant 0.0585 28 278 63 328
pottedplant 0.0583 0 313 24 347
pottedplant 0.0583 38 173 122 219
pottedplant 0.0580 95 173 137 237
pottedplant 0.0579 59 303 99 334
pottedplant 0.0578 39 255 73 282
pottedplant 0.0570 122 177 166 216
pottedplant 0.0570 43 171 95 200
pottedplant 0.0569 66 224 131 281
pottedplant 0.0568 76 173 99 206
pottedplant 0.0568 80 251 122 327
pottedplant 0.0560 66 321 107 375
pottedplant 0.0556 43 274 84 328
pottedplant 0.0556 21 191 64 225
pottedplant 0.0555 53 262 95 303
pottedplant 0.0553 28 178 196 373
pottedplant 0.0553 32 189 83 232
pottedplant 0.0551 138 171 152 195
pottedplant 0.0547 125 159 177 199
pottedplant 0.0542 72 217 90 256
pottedplant 0.0541 181 20 318 221
pottedplant 0.0537 16 267 50 321
pottedplant 0.0534 91 142 120 215
pottedplant 0.0533 133 163 157 200
pottedplant 0.0533 106 110 173 227
pottedplant 0.0532 127 189 150 234
pottedplant 0.0531 65 267 85 301
pottedplant 0.0525 23 230 45 261
pottedplant 0.0523 142 163 164 193
pottedplant 0.0522 306 160 336 223
pottedplant 0.0520 65 206 102 262
pottedplant 0.0519 75 295 122 371
pottedplant 0.0519 99 107 129 207
pottedplant 0.0518 41 228 62 257
pottedplant 0.0512 0 326 26 360
pottedplant 0.0510 27 291 60 347
pottedplant 0.0509 24 270 72 313
pottedplant 0.0506 53 174 79 210
pottedplant 0.0503 5 307 44 361
pottedplant 0.0502 132 176 147 196
pottedplant 0.0498 88 247 148 344
pottedplant 0.0488 87 157 148 253
pottedplant 0.0485 123 194 137 231
pottedplant 0.0483 52 168 139 272
pottedplant 0.0483 17 281 97 321
pottedplant 0.0481 65 307 99 361
pottedplant 0.0474 22 245 61 318
pottedplant 0.0472 66 253 87 289
pottedplant 0.0471 9 220 37 282
pottedplant 0.0468 159 29 227 154
pottedplant 0.0466 63 172 90 204
pottedplant 0.0465 209 43 301 179
pottedplant 0.0462 32 83 117 215
pottedplant 0.0459 183 23 246 124
pottedplant 0.0453 128 223 145 251
pottedplant 0.0451 154 114 183 151
pottedplant 0.0448 30 196 51 226
pottedplant 0.0447 122 151 153 204
pottedplant 0.0445 34 299 70 365
pottedplant 0.0441 75 214 119 270
pottedplant 0.0438 22 287 49 325
pottedplant 0.0437 15 171 32 202
pottedplant 0.0436 17 334 40 371
pottedplant 0.0433 75 244 100 277
pottedplant 0.0431 27 319 96 358
pottedplant 0.0431 61 190 92 218
pottedplant 0.0430 105 164 164 227
pottedplant 0.0430 21 215 92 243
pottedplant 0.0429 143 170 177 195
pottedplant 0.0428 74 242 139 308
pottedplant 0.0427 134 141 206 242
pottedplant 0.0420 136 168 182 208
pottedplant 0.0420 16 170 72 200
pottedplant 0.0419 84 332 112 375
pottedplant 0.0419 83 261 106 311
pottedplant 0.0418 76 258 100 289
pottedplant 0.0413 91 0 279 191
pottedplant 0.0413 94 198 140 255
pottedplant 0.0412 19 317 50 366
pottedplant 0.0409 22 215 33 256
pottedplant 0.0407 172 114 197 150
pottedplant 0.0407 294 139 339 234
pottedplant 0.0406 15 170 53 191
pottedplant 0.0404 66 291 96 328
pottedplant 0.0401 156 122 217 177
pottedplant 0.0401 132 100 282 172
pottedplant 0.0399 0 299 67 335
pottedplant 0.0399 30 296 56 328
pottedplant 0.0399 39 277 65 312
pottedplant 0.0397 45 244 78 289
pottedplant 0.0396 0 337 27 374
pottedplant 0.0396 40 333 75 374
pottedplant 0.0395 6 239 38 309
pottedplant 0.0393 51 296 86 333
pottedplant 0.0389 0 150 92 291
pottedplant 0.0385 70 201 93 250
pottedplant 0.0382 44 206 73 227
pottedplant 0.0382 68 198 88 224
pottedplant 0.0381 26 254 62 276
pottedplant 0.0380 139 179 161 217
pottedplant 0.0378 79 191 130 240
pottedplant 0.0377 11 295 40 326
pottedplant 0.0376 220 25 279 122
pottedplant 0.0375 44 218 87 251
pottedplant 0.0374 46 146 182 216
pottedplant 0.0372 65 220 88 246
pottedplant 0.0372 56 276 76 306
pottedplant 0.0372 74 268 92 309
pottedplant 0.0372 116 162 148 214
pottedplant 0.0371 85 179 104 213
pottedplant 0.0368 119 187 145 254
pottedplant 0.0367 18 37 147 223
pottedplant 0.0367 60 198 89 236
pottedplant 0.0367 81 177 145 216
pottedplant 0.0367 84 198 153 293
pottedplant 0.0366 32 229 57 247
pottedplant 0.0363 85 219 142 262
pottedplant 0.0361 142 119 251 187
pottedplant 0.0359 0 177 12 213
pottedplant 0.0358 76 310 100 340
pottedplant 0.0358 149 63 310 141
pottedplant 0.0357 63 272 88 313
pottedplant 0.0357 17 235 30 276
pottedplant 0.0357 17 204 72 250
pottedplant 0.0355 212 91 321 229
pottedplant 0.0353 35 342 105 375
pottedplant 0.0352 36 267 70 289
pottedplant 0.0352 72 300 93 324
pottedplant 0.0348 69 206 94 230
pottedplant 0.0346 72 173 93 196
pottedplant 0.0344 281 97 303 127
pottedplant 0.0342 82 156 112 213
pottedplant 0.0342 161 32 197 119
pottedplant 0.0341 79 219 96 255
pottedplant 0.0341 126 207 148 251
pottedplant 0.0341 31 263 87 294
pottedplant 0.0338 70 344 118 375
pottedplant 0.0337 46 177 106 251
pottedplant 0.0337 12 116 91 216
pottedplant 0.0336 69 211 86 231
pottedplant 0.0335 21 301 50 350
pottedplant 0.0334 192 16 239 89
pottedplant 0.0332 75 62 149 218
pottedplant 0.0332 125 151 180 256
pottedplant 0.0330 25 257 44 305
pottedplant 0.0329 61 182 127 225
pottedplant 0.0329 119 232 143 252
pottedplant 0.0328 43 299 74 326
pottedplant 0.0328 45 224 145 333
pottedplant 0.0327 160 95 200 151
pottedplant 0.0327 102 247 147 264
pottedplant 0.0323 37 211 81 237
pottedplant 0.0323 36 300 63 333
pottedplant 0.0322 125 176 136 195
pottedplant 0.0322 69 215 93 238
pottedplant 0.0322 57 299 95 320
pottedplant 0.0321 0 229 82 287
pottedplant 0.0321 25 278 45 316
pottedplant 0.0321 0 311 65 349
pottedplant 0.0321 16 284 39 315
pottedplant 0.0320 46 282 69 318
pottedplant 0.0320 53 225 80 253
pottedplant 0.0316 168 114 205 168
pottedplant 0.0315 24 260 49 288
pottedplant 0.0315 75 238 107 298
pottedplant 0.0315 63 345 97 374
pottedplant 0.0313 80 352 114 375
pottedplant 0.0313 86 265 113 337
pottedplant 0.0313 54 267 76 295
pottedplant 0.0312 40 231 97 263
pottedplant 0.0311 91 98 120 200
pottedplant 0.0311 181 113 201 145
pottedplant 0.0310 39 227 78 247
pottedplant 0.0308 86 191 104 221
pottedplant 0.0307 138 144 194 183
pottedplant 0.0307 12 308 40 343
pottedplant 0.0306 112 121 149 199
pottedplant 0.0305 0 113 183 234
pottedplant 0.0305 39 175 61 209
pottedplant 0.0304 156 23 295 119
pottedplant 0.0304 72 0 206 228
pottedplant 0.0304 54 337 140 373
pottedplant 0.0301 54 338 81 374
pottedplant 0.0301 23 197 44 229
pottedplant 0.0301 114 239 143 257
pottedplant 0.0301 20 141 218 271
pottedplant 0.0299 0 307 37 329
pottedplant 0.0298 54 215 91 240
pottedplant 0.0297 88 173 119 208
pottedplant 0.0297 244 50 278 105
pottedplant 0.0296 24 224 39 252
pottedplant 0.0296 44 242 97 273
pottedplant 0.0296 113 181 136 225
pottedplant 0.0296 33 248 69 274
pottedplant 0.0294 102 182 159 247
pottedplant 0.0294 2 348 80 375
pottedplant 0.0294 288 134 328 193
pottedplant 0.0293 88 169 106 204
pottedplant 0.0293 193 25 269 75
pottedplant 0.0292 49 217 72 232
pottedplant 0.0292 422 182 466 225
pottedplant 0.0292 267 93 303 121
pottedplant 0.0292 95 246 148 279
pottedplant 0.0291 0 174 50 230
pottedplant 0.0290 34 202 72 222
pottedplant 0.0290 18 180 49 254
pottedplant 0.0289 35 271 110 306
pottedplant 0.0289 138 161 159 188
pottedplant 0.0288 28 288 125 344
pottedplant 0.0288 0 303 228 375
sofa 0.2660 353 279 485 375
sofa 0.2653 211 188 340 373
sofa 0.1740 243 225 410 373
sofa 0.1711 189 121 391 375
sofa 0.1619 289 251 460 375
sofa 0.1477 429 293 500 375
sofa 0.1324 99 250 344 375
sofa 0.0964 72 150 358 366
sofa 0.0826 339 203 488 374
sofa 0.0680 145 203 454 375
sofa 0.0575 147 157 373 307
sofa 0.0438 173 279 407 375
sofa 0.0413 0 41 437 375
sofa 0.0413 202 177 377 277
sofa 0.0354 232 197 391 305
sofa 0.0317 189 137 349 243
sofa 0.0297 223 72 482 375
sofa 0.0287 400 326 500 375
sofa 0.0282 216 125 410 268
tvmonitor 0.0548 191 338 243 374
tvmonitor 0.0379 162 32 191 109
tvmonitor 0.0258 384 278 455 308
tvmonitor 0.0237 422 175 484 230
