car 0.9298 0 0 493 288
car 0.1210 0 6 146 236
car 0.1117 3 19 109 161
car 0.1033 348 0 485 216
car 0.0685 0 14 152 102
car 0.0604 358 6 487 108
car 0.0495 0 27 92 61
car 0.0452 1 2 197 150
car 0.0435 0 6 147 58
car 0.0399 398 61 485 210
car 0.0392 8 0 247 280
car 0.0390 28 26 134 58
car 0.0377 3 74 92 240
car 0.0353 1 9 93 46
car 0.0332 274 8 462 94
car 0.0329 379 33 494 161
car 0.0301 236 2 423 71
car 0.0295 246 0 480 141
car 0.0271 0 28 57 183
car 0.0249 215 5 397 113
car 0.0237 355 80 492 176
car 0.0228 146 2 360 64
car 0.0227 22 0 237 61
car 0.0226 0 24 121 79
car 0.0213 0 72 151 164
car 0.0211 28 0 143 31
car 0.0202 6 0 180 41
person 0.0807 247 54 317 81
person 0.0527 283 56 318 80
person 0.0369 464 118 482 158
person 0.0258 470 117 486 150
person 0.0240 459 117 485 189
person 0.0220 265 60 309 82
person 0.0216 0 0 22 33
person 0.0215 474 0 499 30
person 0.0214 293 63 327 82
person 0.0211 305 55 324 82
