bird 0.0206 47 256 66 325
boat 0.0304 0 0 375 500
boat 0.0206 310 49 325 97
bottle 0.0287 275 353 311 376
cow 0.7740 246 155 366 287
cow 0.7019 150 156 204 247
cow 0.4435 109 131 138 186
cow 0.3973 106 131 126 179
cow 0.3969 139 132 164 174
cow 0.3195 168 133 200 157
cow 0.2845 122 138 139 187
cow 0.2541 167 134 208 172
cow 0.2064 145 131 192 173
cow 0.1854 145 138 200 219
cow 0.1732 120 129 151 182
cow 0.1668 145 131 169 162
cow 0.1641 136 136 155 179
cow 0.1493 157 143 207 187
cow 0.1477 129 138 142 183
cow 0.1332 122 130 141 169
cow 0.1278 103 131 135 164
cow 0.1234 105 138 118 178
cow 0.1202 177 138 221 181
cow 0.1133 142 139 178 191
cow 0.1088 167 144 209 228
cow 0.1075 145 152 183 238
cow 0.0964 139 129 162 156
cow 0.0944 152 153 199 199
cow 0.0892 157 133 181 154
cow 0.0803 150 130 169 151
cow 0.0752 171 137 198 186
cow 0.0703 190 143 215 177
cow 0.0698 68 170 102 198
cow 0.0624 138 123 175 166
cow 0.0610 104 131 119 164
cow 0.0604 246 159 302 280
cow 0.0582 142 144 172 173
cow 0.0573 124 130 164 193
cow 0.0550 171 148 251 252
cow 0.0549 151 128 180 162
cow 0.0523 101 122 147 208
cow 0.0518 110 149 131 188
cow 0.0506 129 131 144 164
cow 0.0496 187 146 207 184
cow 0.0486 166 176 201 234
cow 0.0482 117 129 137 152
cow 0.0482 160 128 197 151
cow 0.0478 170 129 189 153
cow 0.0467 245 154 339 238
cow 0.0463 173 134 219 159
cow 0.0451 149 148 170 187
cow 0.0448 94 139 136 194
cow 0.0420 162 130 175 148
cow 0.0416 166 153 191 184
cow 0.0407 293 182 365 273
cow 0.0402 186 136 215 153
cow 0.0399 106 127 135 148
cow 0.0392 243 163 273 254
cow 0.0392 179 149 203 181
cow 0.0389 112 141 204 259
cow 0.0389 128 156 145 187
cow 0.0383 275 168 344 284
cow 0.0369 140 147 159 186
cow 0.0362 164 125 211 156
cow 0.0362 157 169 208 215
cow 0.0354 152 154 186 185
cow 0.0340 171 127 188 142
cow 0.0337 190 160 205 189
cow 0.0326 248 211 286 263
cow 0.0325 168 130 214 195
cow 0.0324 194 143 225 164
cow 0.0322 156 129 169 142
cow 0.0321 143 148 210 333
cow 0.0320 170 123 197 139
cow 0.0314 165 128 182 158
cow 0.0311 158 179 189 246
cow 0.0309 187 135 205 172
cow 0.0305 122 128 144 145
cow 0.0304 146 127 165 143
cow 0.0303 187 139 214 205
cow 0.0294 152 182 170 235
cow 0.0294 127 124 200 197
cow 0.0293 165 133 172 147
cow 0.0292 178 129 205 145
cow 0.0290 166 129 174 141
cow 0.0289 114 151 145 189
cow 0.0289 159 128 172 161
cow 0.0286 67 169 108 217
cow 0.0286 97 134 118 173
cow 0.0285 159 135 167 149
cow 0.0283 151 148 183 173
cow 0.0283 194 166 208 197
cow 0.0282 247 227 263 260
cow 0.0279 132 131 144 149
cow 0.0279 137 130 154 151
cow 0.0279 252 155 322 204
cow 0.0277 162 120 203 145
cow 0.0276 149 155 174 217
cow 0.0274 256 212 358 291
cow 0.0270 104 146 112 165
cow 0.0270 180 161 210 202
cow 0.0269 170 127 181 141
cow 0.0268 119 152 133 191
cow 0.0266 188 175 207 198
cow 0.0266 103 154 111 171
cow 0.0264 168 163 200 187
cow 0.0257 179 130 198 153
cow 0.0251 102 150 107 171
cow 0.0251 109 125 163 233
cow 0.0251 320 165 368 264
cow 0.0249 178 169 203 224
cow 0.0245 253 157 289 181
cow 0.0245 142 124 159 142
cow 0.0242 68 154 145 268
cow 0.0241 143 122 172 150
cow 0.0241 245 153 286 216
cow 0.0240 113 126 147 151
cow 0.0238 149 132 162 150
cow 0.0238 172 131 184 147
cow 0.0234 87 125 127 183
cow 0.0233 101 158 106 176
cow 0.0233 179 76 375 292
cow 0.0231 71 141 112 192
cow 0.0231 7 166 100 309
cow 0.0230 128 128 140 141
cow 0.0229 71 158 127 200
cow 0.0220 99 150 105 165
cow 0.0215 98 157 105 170
cow 0.0215 169 131 177 146
cow 0.0214 188 180 205 210
cow 0.0213 145 123 169 139
cow 0.0213 96 156 101 171
cow 0.0212 301 116 371 275
cow 0.0212 337 185 372 269
cow 0.0212 203 143 223 177
cow 0.0209 216 147 296 265
cow 0.0205 271 152 363 212
cow 0.0205 245 211 309 290
cow 0.0204 105 123 154 160
cow 0.0204 104 139 112 158
cow 0.0204 153 144 322 271
cow 0.0204 192 179 210 205
cow 0.0200 169 172 201 196
horse 0.0218 18 174 364 500
horse 0.0206 256 192 359 449
person 0.0296 0 0 375 454
person 0.0220 255 429 276 474
person 0.0213 310 49 325 92
person 0.0202 0 0 181 500
person 0.0201 0 456 16 500
pottedplant 0.0659 247 212 263 260
pottedplant 0.0482 247 192 273 261
pottedplant 0.0412 248 226 256 256
pottedplant 0.0343 68 178 136 342
pottedplant 0.0342 38 186 156 484
pottedplant 0.0330 44 180 116 333
pottedplant 0.0311 339 137 374 223
pottedplant 0.0290 15 199 140 365
pottedplant 0.0284 0 168 118 484
pottedplant 0.0271 247 157 278 251
pottedplant 0.0271 246 201 256 253
pottedplant 0.0255 50 236 117 409
pottedplant 0.0254 325 133 369 205
pottedplant 0.0248 306 136 374 236
pottedplant 0.0244 39 162 158 316
pottedplant 0.0240 94 203 154 376
pottedplant 0.0237 10 172 96 330
pottedplant 0.0233 76 147 132 283
pottedplant 0.0231 41 249 163 351
pottedplant 0.0228 323 159 367 239
pottedplant 0.0223 250 157 287 181
pottedplant 0.0219 246 119 368 448
pottedplant 0.0215 58 207 178 372
pottedplant 0.0214 143 196 205 370
pottedplant 0.0213 17 228 93 415
pottedplant 0.0209 60 273 143 455
pottedplant 0.0206 343 110 374 193
pottedplant 0.0204 337 164 373 254
pottedplant 0.0201 68 168 106 243
sheep 0.0465 68 169 103 199
sheep 0.0292 2 147 75 318
sheep 0.0227 128 134 137 148
train 0.0418 6 35 126 406
train 0.0341 137 77 375 274
train 0.0307 0 0 355 435
