bottle 0.0857 485 0 499 35
bottle 0.0622 488 0 500 56
bottle 0.0603 70 0 154 23
bottle 0.0448 482 49 499 80
bottle 0.0415 70 1 170 43
bottle 0.0406 73 1 135 15
bottle 0.0359 14 162 65 178
bottle 0.0344 476 1 496 32
bottle 0.0332 483 47 500 112
bottle 0.0318 460 45 496 91
bottle 0.0305 457 0 497 58
bottle 0.0297 475 44 500 88
bottle 0.0290 468 49 492 77
bottle 0.0257 486 28 500 83
bottle 0.0252 484 19 499 55
bottle 0.0240 471 0 499 47
bottle 0.0236 35 0 182 26
bottle 0.0229 71 1 112 21
bottle 0.0201 453 33 495 76
cat 0.0331 420 117 497 258
cat 0.0320 343 217 490 331
cat 0.0276 171 0 407 84
cat 0.0228 376 0 500 252
cat 0.0211 281 0 500 142
chair 0.1439 7 68 137 179
chair 0.1143 59 28 244 175
chair 0.0876 96 1 343 171
chair 0.0804 103 94 233 175
chair 0.0693 8 107 107 180
chair 0.0628 30 91 188 175
chair 0.0622 87 84 335 182
chair 0.0549 102 76 169 175
chair 0.0503 57 83 111 178
chair 0.0440 63 39 160 171
chair 0.0358 0 64 73 182
chair 0.0344 89 8 210 150
chair 0.0341 3 146 97 179
chair 0.0325 98 58 250 228
chair 0.0322 122 121 214 174
chair 0.0311 104 121 282 190
chair 0.0301 75 79 128 176
chair 0.0275 108 100 151 172
chair 0.0273 19 33 191 221
chair 0.0261 80 0 185 76
chair 0.0254 15 2 176 125
chair 0.0246 120 109 172 172
chair 0.0243 0 103 38 174
chair 0.0239 1 39 113 139
chair 0.0231 10 124 64 179
chair 0.0224 128 97 316 155
chair 0.0224 42 119 104 175
chair 0.0212 99 85 140 168
chair 0.0212 1 26 367 260
chair 0.0211 142 130 257 172
chair 0.0210 9 180 163 312
chair 0.0208 159 44 358 231
chair 0.0207 0 79 127 284
dog 0.7505 132 140 376 301
dog 0.6455 112 5 483 282
dog 0.4705 353 219 473 278
dog 0.2730 82 15 469 161
dog 0.2425 113 70 401 236
dog 0.2285 237 80 500 278
dog 0.1591 334 209 500 299
dog 0.1589 351 179 494 272
dog 0.1256 171 207 382 296
dog 0.1013 358 41 498 271
dog 0.0971 244 194 486 288
dog 0.0905 148 127 306 192
dog 0.0891 143 2 367 107
dog 0.0890 154 128 441 243
dog 0.0859 75 0 242 173
dog 0.0663 260 224 401 289
dog 0.0614 127 135 323 231
dog 0.0601 314 223 439 291
dog 0.0589 138 102 305 170
dog 0.0572 113 122 259 186
dog 0.0553 392 115 497 260
dog 0.0542 213 156 388 281
dog 0.0540 23 105 423 296
dog 0.0470 135 186 222 296
dog 0.0457 241 198 362 289
dog 0.0433 122 130 261 284
dog 0.0429 57 99 351 201
dog 0.0417 131 0 275 129
dog 0.0402 281 0 500 227
dog 0.0397 123 226 295 295
dog 0.0393 124 1 311 72
dog 0.0381 168 122 382 202
dog 0.0380 183 140 500 322
dog 0.0372 125 239 374 308
dog 0.0344 209 136 363 227
dog 0.0333 164 0 467 74
dog 0.0320 350 211 457 254
dog 0.0312 55 153 275 312
dog 0.0310 210 0 496 137
dog 0.0303 305 137 500 265
dog 0.0301 252 230 493 316
dog 0.0291 151 0 253 85
dog 0.0277 59 19 317 262
dog 0.0269 171 131 284 175
dog 0.0268 123 73 376 159
dog 0.0266 342 245 495 324
dog 0.0259 191 100 369 169
dog 0.0258 227 187 396 333
dog 0.0249 21 184 197 306
dog 0.0238 182 135 286 247
dog 0.0231 218 238 376 294
dog 0.0223 134 103 264 219
dog 0.0222 156 167 314 288
dog 0.0221 351 217 441 242
dog 0.0217 19 100 258 264
dog 0.0205 375 214 494 258
dog 0.0200 380 240 470 278
person 0.1203 90 0 260 176
person 0.0543 44 0 200 183
person 0.0466 72 0 184 59
person 0.0463 87 0 206 114
person 0.0457 70 0 172 28
person 0.0451 77 0 358 119
person 0.0371 106 102 137 168
person 0.0362 71 0 157 15
person 0.0353 97 0 260 72
person 0.0341 57 0 222 38
person 0.0257 20 0 149 152
person 0.0249 183 133 271 171
person 0.0249 0 0 464 176
person 0.0224 11 131 241 312
person 0.0202 139 2 225 88
person 0.0202 422 146 500 266
pottedplant 0.1111 60 137 102 179
pottedplant 0.0841 24 145 108 178
pottedplant 0.0765 45 85 112 178
pottedplant 0.0698 11 110 109 180
pottedplant 0.0551 60 157 100 178
pottedplant 0.0339 70 0 150 25
pottedplant 0.0276 71 89 127 178
pottedplant 0.0269 20 157 96 180
pottedplant 0.0267 68 0 168 51
pottedplant 0.0248 102 96 139 174
pottedplant 0.0238 55 117 108 175
pottedplant 0.0233 51 152 107 182
pottedplant 0.0213 29 124 149 179
sofa 0.0552 0 15 500 319
sofa 0.0434 28 25 342 177
sofa 0.0294 0 85 154 280
sofa 0.0276 0 88 209 188
sofa 0.0255 69 111 314 193
sofa 0.0242 0 170 500 334
tvmonitor 0.0382 456 44 496 77
tvmonitor 0.0348 482 0 500 33
tvmonitor 0.0326 402 0 496 68
tvmonitor 0.0276 478 69 500 142
tvmonitor 0.0265 452 0 497 67
tvmonitor 0.0211 470 0 499 38
tvmonitor 0.0201 474 32 500 79
