boat 0.0556 42 0 446 351
boat 0.0419 271 82 480 314
boat 0.0356 464 0 497 14
boat 0.0322 246 206 500 360
boat 0.0252 449 1 488 13
boat 0.0208 421 0 500 17
bottle 0.7695 267 7 436 347
bottle 0.7444 130 0 263 338
bottle 0.3737 210 2 378 348
bottle 0.1950 4 269 46 361
bottle 0.1565 62 134 281 354
bottle 0.1483 385 75 495 334
bottle 0.1454 348 0 420 151
bottle 0.1364 292 0 419 224
bottle 0.1017 224 0 290 147
bottle 0.1006 328 7 500 360
bottle 0.0956 256 166 452 358
bottle 0.0947 259 2 335 176
bottle 0.0894 108 5 247 202
bottle 0.0859 93 12 353 366
bottle 0.0851 56 0 231 320
bottle 0.0827 153 0 498 367
bottle 0.0769 418 83 494 220
bottle 0.0744 257 0 373 235
bottle 0.0679 265 2 314 102
bottle 0.0670 2 264 38 326
bottle 0.0669 245 0 298 91
bottle 0.0647 436 122 472 176
bottle 0.0643 106 0 166 154
bottle 0.0641 166 123 409 351
bottle 0.0609 226 1 294 60
bottle 0.0576 221 41 301 216
bottle 0.0548 334 29 430 281
bottle 0.0541 3 266 94 359
bottle 0.0530 102 16 201 270
bottle 0.0520 380 75 467 212
bottle 0.0514 0 2 104 278
bottle 0.0503 414 19 496 169
bottle 0.0488 420 100 477 178
bottle 0.0478 77 7 146 161
bottle 0.0475 217 0 273 102
bottle 0.0475 200 0 259 150
bottle 0.0468 0 248 24 322
bottle 0.0456 255 70 408 277
bottle 0.0448 371 4 419 87
bottle 0.0443 358 31 424 207
bottle 0.0437 248 4 284 70
bottle 0.0432 276 0 353 133
bottle 0.0430 207 3 244 81
bottle 0.0408 278 0 326 69
bottle 0.0407 325 0 416 96
bottle 0.0393 1 253 18 299
bottle 0.0393 370 10 458 168
bottle 0.0386 412 129 450 180
bottle 0.0386 1 1 22 37
bottle 0.0385 5 277 44 314
bottle 0.0382 168 4 279 249
bottle 0.0373 176 0 346 204
bottle 0.0363 264 0 313 54
bottle 0.0359 252 223 401 351
bottle 0.0347 415 85 492 156
bottle 0.0346 122 0 206 141
bottle 0.0344 407 165 490 318
bottle 0.0343 385 194 480 351
bottle 0.0343 17 120 462 376
bottle 0.0340 347 0 482 217
bottle 0.0331 10 219 127 345
bottle 0.0329 175 0 245 131
bottle 0.0325 16 278 47 335
bottle 0.0324 123 4 171 86
bottle 0.0319 224 114 297 272
bottle 0.0315 1 268 21 313
bottle 0.0305 256 84 335 263
bottle 0.0305 0 238 13 329
bottle 0.0295 126 223 268 345
bottle 0.0292 111 2 156 92
bottle 0.0290 216 5 271 194
bottle 0.0290 466 0 496 11
bottle 0.0286 107 106 180 281
bottle 0.0283 355 2 415 61
bottle 0.0283 329 4 370 82
bottle 0.0282 41 0 183 227
bottle 0.0279 429 126 457 176
bottle 0.0278 4 269 32 306
bottle 0.0278 345 0 393 75
bottle 0.0277 256 1 293 49
bottle 0.0275 193 9 233 95
bottle 0.0273 139 0 246 85
bottle 0.0273 318 4 356 86
bottle 0.0273 24 16 125 154
bottle 0.0270 298 4 342 85
bottle 0.0268 284 0 390 88
bottle 0.0266 217 0 269 52
bottle 0.0265 0 281 30 363
bottle 0.0264 280 82 500 266
bottle 0.0263 66 71 144 232
bottle 0.0263 142 1 286 139
bottle 0.0262 145 4 182 81
bottle 0.0259 23 279 46 315
bottle 0.0255 225 193 303 337
bottle 0.0252 16 276 74 349
bottle 0.0247 257 169 356 323
bottle 0.0243 94 0 195 97
bottle 0.0242 0 0 41 39
bottle 0.0241 56 124 138 262
bottle 0.0240 13 275 39 304
bottle 0.0238 406 115 474 266
bottle 0.0235 1 231 39 310
bottle 0.0235 209 26 249 120
bottle 0.0234 414 0 495 88
bottle 0.0232 429 34 500 265
bottle 0.0232 0 275 65 321
bottle 0.0232 253 274 450 353
bottle 0.0231 223 26 264 128
bottle 0.0231 375 0 459 99
bottle 0.0230 0 243 58 342
bottle 0.0230 0 114 138 324
bottle 0.0229 125 145 234 334
bottle 0.0227 410 115 463 194
bottle 0.0222 3 255 29 292
bottle 0.0221 87 0 144 36
bottle 0.0221 6 282 30 322
bottle 0.0220 108 165 187 321
bottle 0.0218 21 107 125 249
bottle 0.0215 386 0 427 64
bottle 0.0215 411 91 454 170
bottle 0.0214 177 4 217 82
bottle 0.0213 4 216 212 376
bottle 0.0211 439 0 500 13
bottle 0.0211 101 1 144 122
bottle 0.0210 342 222 429 358
bottle 0.0210 367 0 423 41
bottle 0.0208 345 143 425 308
bottle 0.0207 359 14 409 108
bottle 0.0206 289 0 332 46
bottle 0.0206 266 49 385 179
bottle 0.0205 451 113 498 234
bottle 0.0200 101 62 125 146
car 0.0900 2 3 104 34
car 0.0282 0 0 74 52
car 0.0245 465 1 500 14
car 0.0243 0 1 56 31
chair 0.0376 7 248 105 354
chair 0.0280 5 165 74 261
chair 0.0247 13 169 128 263
chair 0.0247 3 172 43 256
chair 0.0246 0 244 51 367
chair 0.0225 3 180 93 314
chair 0.0218 6 160 151 351
chair 0.0204 459 7 497 81
diningtable 0.1675 0 233 320 362
diningtable 0.0789 20 118 500 367
diningtable 0.0616 7 239 168 358
diningtable 0.0614 203 164 489 355
diningtable 0.0388 78 209 260 353
diningtable 0.0345 14 278 255 352
diningtable 0.0317 239 240 500 361
diningtable 0.0315 266 78 500 238
diningtable 0.0286 120 192 418 365
diningtable 0.0269 303 54 500 184
diningtable 0.0260 0 174 239 348
diningtable 0.0250 0 271 115 354
diningtable 0.0248 124 24 394 171
diningtable 0.0240 16 148 126 253
diningtable 0.0219 181 24 500 345
diningtable 0.0213 5 205 148 277
person 0.0750 419 89 494 190
person 0.0612 420 103 492 260
person 0.0556 397 81 500 346
person 0.0508 434 106 484 180
person 0.0455 29 1 85 31
person 0.0437 413 168 492 326
person 0.0416 62 1 89 30
person 0.0353 1 0 44 35
person 0.0349 447 93 497 175
person 0.0348 1 0 23 37
person 0.0320 55 5 81 33
person 0.0311 74 0 101 29
person 0.0281 464 0 498 11
person 0.0264 45 5 72 34
person 0.0239 7 33 138 269
person 0.0231 1 0 56 67
person 0.0229 480 0 497 13
person 0.0228 77 0 123 29
person 0.0225 3 11 42 88
person 0.0225 4 169 43 255
person 0.0210 465 0 483 12
person 0.0200 21 2 64 35
tvmonitor 0.0849 11 0 93 33
tvmonitor 0.0634 0 0 100 58
tvmonitor 0.0607 55 0 109 31
tvmonitor 0.0463 0 0 54 36
tvmonitor 0.0337 66 4 96 30
tvmonitor 0.0278 77 1 118 27
tvmonitor 0.0276 45 9 89 30
tvmonitor 0.0275 13 12 134 182
tvmonitor 0.0275 0 0 153 36
tvmonitor 0.0260 4 14 79 86
tvmonitor 0.0238 7 15 92 148
tvmonitor 0.0238 457 5 496 79
tvmonitor 0.0236 411 1 496 80
tvmonitor 0.0233 53 1 96 21
tvmonitor 0.0226 34 1 84 18
tvmonitor 0.0224 5 152 73 258
tvmonitor 0.0221 14 7 130 104
tvmonitor 0.0208 23 9 75 31
tvmonitor 0.0200 40 3 119 41
