bicycle 0.0280 37 49 111 97
boat 0.0244 66 20 312 160
bottle 0.0327 370 1 388 39
bottle 0.0317 11 152 42 198
bottle 0.0295 430 0 452 45
bottle 0.0247 376 3 395 37
bottle 0.0236 439 4 459 47
car 0.1804 298 36 423 267
car 0.1670 389 13 446 146
car 0.1357 118 6 418 372
car 0.1268 211 9 316 100
car 0.1257 316 41 418 114
car 0.1142 136 41 333 235
car 0.1121 361 27 434 154
car 0.0935 266 19 404 98
car 0.0924 317 45 414 186
car 0.0869 194 43 406 254
car 0.0863 297 14 460 184
car 0.0847 406 27 473 166
car 0.0844 162 22 316 138
car 0.0834 98 28 227 205
car 0.0808 248 2 323 59
car 0.0808 315 38 346 71
car 0.0777 392 35 459 104
car 0.0766 344 21 492 238
car 0.0761 304 4 423 84
car 0.0754 200 45 305 90
car 0.0741 184 6 282 91
car 0.0731 236 6 348 81
car 0.0716 399 55 438 146
car 0.0703 356 0 500 150
car 0.0658 176 37 293 105
car 0.0641 241 28 343 126
car 0.0597 304 30 387 93
car 0.0593 368 5 477 80
car 0.0588 409 38 450 134
car 0.0584 311 29 342 84
car 0.0581 5 1 103 63
car 0.0574 335 36 456 94
car 0.0549 299 80 398 203
car 0.0536 279 0 372 65
car 0.0526 6 207 79 371
car 0.0521 364 53 427 216
car 0.0517 178 12 410 116
car 0.0510 6 37 51 92
car 0.0508 224 44 289 76
car 0.0498 134 19 428 175
car 0.0492 197 52 263 79
car 0.0488 405 77 433 139
car 0.0479 245 34 297 60
car 0.0477 252 41 428 133
car 0.0467 414 50 451 96
car 0.0465 148 7 203 176
car 0.0454 25 1 79 38
car 0.0446 69 0 114 21
car 0.0442 363 42 442 85
car 0.0435 407 40 472 84
car 0.0423 409 66 439 123
car 0.0409 327 42 349 72
car 0.0406 11 7 71 54
car 0.0400 3 159 142 371
car 0.0398 146 49 268 166
car 0.0396 313 39 397 76
car 0.0393 175 56 267 96
car 0.0392 246 29 309 105
car 0.0387 391 25 500 88
car 0.0380 400 49 458 223
car 0.0379 220 37 380 179
car 0.0369 140 0 342 99
car 0.0367 407 98 427 139
car 0.0363 251 21 302 50
car 0.0361 374 102 419 212
car 0.0357 301 65 425 147
car 0.0344 290 34 354 104
car 0.0343 312 50 336 89
car 0.0337 150 20 249 110
car 0.0334 314 42 360 85
car 0.0326 271 26 363 79
car 0.0316 155 57 196 140
car 0.0311 306 52 350 95
car 0.0310 0 13 65 83
car 0.0309 65 82 99 98
car 0.0308 210 61 304 103
car 0.0299 378 60 425 147
car 0.0297 0 333 22 373
car 0.0297 186 0 307 60
car 0.0296 305 46 371 125
car 0.0295 102 0 251 87
car 0.0292 1 311 77 372
car 0.0286 320 26 351 66
car 0.0285 418 57 452 81
car 0.0285 310 65 338 92
car 0.0285 307 80 397 120
car 0.0283 40 1 100 41
car 0.0282 18 3 60 32
car 0.0281 321 42 367 68
car 0.0277 249 41 315 76
car 0.0277 15 19 65 46
car 0.0277 347 41 491 116
car 0.0276 166 46 223 99
car 0.0276 404 43 439 108
car 0.0275 161 27 218 130
car 0.0263 0 49 38 88
car 0.0261 371 49 431 115
car 0.0261 72 2 302 123
car 0.0259 44 0 157 70
car 0.0258 115 97 211 216
car 0.0254 302 35 336 96
car 0.0253 353 46 410 120
car 0.0250 339 59 423 104
car 0.0250 409 76 438 105
car 0.0249 301 67 383 108
car 0.0245 297 60 347 112
car 0.0245 414 49 467 113
car 0.0244 381 65 454 104
car 0.0241 257 50 337 94
car 0.0241 154 68 245 107
car 0.0241 227 54 261 77
car 0.0238 248 62 325 104
car 0.0236 365 88 430 171
car 0.0236 274 23 328 118
car 0.0229 299 82 373 143
car 0.0228 32 6 68 28
car 0.0228 376 140 414 202
car 0.0227 21 51 52 94
car 0.0225 298 79 350 126
car 0.0223 5 307 152 373
car 0.0222 18 27 64 56
car 0.0222 323 90 411 133
car 0.0221 87 56 260 260
car 0.0220 248 51 288 75
car 0.0217 65 0 314 315
car 0.0214 416 48 491 92
car 0.0212 412 63 442 91
car 0.0211 0 327 48 374
car 0.0210 342 41 410 81
car 0.0209 56 83 86 98
car 0.0208 27 26 138 98
car 0.0207 35 40 64 91
car 0.0203 355 39 425 71
car 0.0200 0 53 42 117
chair 0.0360 0 264 76 370
chair 0.0330 388 27 432 72
chair 0.0237 0 316 75 371
chair 0.0203 393 40 453 78
chair 0.0203 0 93 53 197
motorbike 0.8274 116 28 418 371
motorbike 0.3270 33 10 71 60
motorbike 0.3102 302 44 414 266
motorbike 0.2288 244 14 308 81
motorbike 0.2094 34 25 71 81
motorbike 0.1843 246 37 301 76
motorbike 0.1813 50 28 75 61
motorbike 0.1489 37 27 66 62
motorbike 0.1328 29 4 87 77
motorbike 0.1317 53 13 101 91
motorbike 0.1282 6 6 78 97
motorbike 0.1260 24 0 64 53
motorbike 0.1052 31 15 56 56
motorbike 0.1007 230 30 315 98
motorbike 0.0984 193 16 302 92
motorbike 0.0909 268 8 328 83
motorbike 0.0909 205 40 397 302
motorbike 0.0846 32 30 56 90
motorbike 0.0775 17 18 63 67
motorbike 0.0627 92 48 280 358
motorbike 0.0556 277 11 359 97
motorbike 0.0550 343 84 414 220
motorbike 0.0516 297 29 343 89
motorbike 0.0504 331 118 408 262
motorbike 0.0475 207 35 291 74
motorbike 0.0440 45 12 74 44
motorbike 0.0439 259 32 336 73
motorbike 0.0438 271 109 406 287
motorbike 0.0410 31 23 72 46
motorbike 0.0407 27 27 89 101
motorbike 0.0403 97 250 410 367
motorbike 0.0398 91 98 190 216
motorbike 0.0393 360 127 411 227
motorbike 0.0389 273 36 328 98
motorbike 0.0370 8 14 69 50
motorbike 0.0361 379 130 414 210
motorbike 0.0326 13 38 63 102
motorbike 0.0323 300 181 418 289
motorbike 0.0310 102 216 194 372
motorbike 0.0309 18 13 116 90
motorbike 0.0302 22 23 49 52
motorbike 0.0290 0 76 241 372
motorbike 0.0288 34 34 393 253
motorbike 0.0287 48 50 120 97
motorbike 0.0281 23 14 63 36
motorbike 0.0280 286 77 397 216
motorbike 0.0275 244 38 290 61
motorbike 0.0269 0 85 109 375
motorbike 0.0265 34 32 116 77
motorbike 0.0262 115 134 402 310
motorbike 0.0253 265 40 300 70
motorbike 0.0252 39 26 82 56
motorbike 0.0239 109 169 268 375
motorbike 0.0231 18 40 52 82
motorbike 0.0220 18 22 59 42
motorbike 0.0218 38 20 111 56
motorbike 0.0217 57 21 91 60
motorbike 0.0217 244 47 287 73
motorbike 0.0202 25 34 48 62
person 0.6599 98 1 171 202
person 0.6467 163 3 200 82
person 0.6034 66 0 101 100
person 0.5742 388 0 438 78
person 0.4785 86 0 148 157
person 0.4439 293 4 321 76
person 0.4393 411 6 500 375
person 0.4333 5 1 40 92
person 0.4328 250 1 297 66
person 0.4062 197 0 255 74
person 0.3558 0 8 50 214
person 0.3389 301 0 335 67
person 0.3267 58 0 90 77
person 0.3146 357 12 481 361
person 0.3018 94 0 167 96
person 0.3002 410 0 487 148
person 0.2787 70 0 95 60
person 0.2699 390 0 459 124
person 0.2699 96 61 150 193
person 0.2583 176 0 207 73
person 0.2517 183 0 202 32
person 0.2504 21 0 57 67
person 0.2475 150 0 203 132
person 0.2350 458 0 499 43
person 0.2336 313 0 349 63
person 0.2292 38 0 73 64
person 0.2240 20 0 72 121
person 0.2239 419 0 473 81
person 0.2096 126 1 194 175
person 0.2091 13 17 68 198
person 0.2047 158 0 195 53
person 0.1998 273 2 327 90
person 0.1942 386 0 433 42
person 0.1935 255 0 293 43
person 0.1902 172 0 238 96
person 0.1878 221 0 259 55
person 0.1834 420 41 463 78
person 0.1834 278 3 313 68
person 0.1825 298 1 318 47
person 0.1821 140 0 177 16
person 0.1813 29 0 58 44
person 0.1756 302 0 345 37
person 0.1736 252 16 476 375
person 0.1724 190 0 224 67
person 0.1719 434 0 486 63
person 0.1712 187 0 211 28
person 0.1678 181 0 213 44
person 0.1626 153 0 187 29
person 0.1610 228 0 308 94
person 0.1606 75 0 111 73
person 0.1573 259 10 312 83
person 0.1571 268 0 317 45
person 0.1553 290 0 328 52
person 0.1526 66 0 137 94
person 0.1469 196 0 219 27
person 0.1445 108 23 220 238
person 0.1405 164 0 201 33
person 0.1386 35 6 82 92
person 0.1371 329 0 365 62
person 0.1351 0 0 36 50
person 0.1346 14 0 37 32
person 0.1315 368 14 438 133
person 0.1306 240 0 274 53
person 0.1299 252 0 291 16
person 0.1290 391 22 437 108
person 0.1267 157 12 188 78
person 0.1267 285 0 320 32
person 0.1260 192 0 234 43
person 0.1258 386 9 473 242
person 0.1243 283 0 348 73
person 0.1224 168 1 199 19
person 0.1223 350 0 432 77
person 0.1199 185 3 285 102
person 0.1191 243 0 263 44
person 0.1181 299 26 426 243
person 0.1175 300 0 332 27
person 0.1162 188 4 199 25
person 0.1159 5 89 45 200
person 0.1153 143 0 178 40
person 0.1151 316 0 408 98
person 0.1148 265 0 303 16
person 0.1145 425 0 460 62
person 0.1135 287 0 319 17
person 0.1124 56 0 75 30
person 0.1122 46 0 73 40
person 0.1121 17 18 57 101
person 0.1105 399 0 451 60
person 0.1099 88 0 126 17
person 0.1095 148 0 172 25
person 0.1075 7 0 82 74
person 0.1038 74 0 108 20
person 0.1033 156 9 241 142
person 0.1017 302 0 361 93
person 0.0996 4 28 46 141
person 0.0978 284 6 305 35
person 0.0962 71 2 94 33
person 0.0956 35 0 144 239
person 0.0946 340 0 375 52
person 0.0945 452 0 480 47
person 0.0937 246 0 306 26
person 0.0929 183 6 204 56
person 0.0929 318 0 344 28
person 0.0923 24 0 49 34
person 0.0919 201 1 225 35
person 0.0914 49 0 109 163
person 0.0911 424 22 470 69
person 0.0897 282 2 309 25
person 0.0895 35 28 61 98
person 0.0891 250 4 275 39
person 0.0891 135 17 287 210
person 0.0888 417 24 468 118
person 0.0882 141 0 215 73
person 0.0875 119 74 170 202
person 0.0874 202 0 245 31
person 0.0867 404 23 451 89
person 0.0862 118 0 169 70
person 0.0851 158 6 181 42
person 0.0849 87 0 113 28
person 0.0847 202 2 216 23
person 0.0833 39 0 59 32
person 0.0833 192 1 207 24
person 0.0825 267 0 297 31
person 0.0821 122 0 168 30
person 0.0817 377 1 477 69
person 0.0811 87 0 122 42
person 0.0797 191 0 232 22
person 0.0794 279 27 308 74
person 0.0791 113 0 175 17
person 0.0785 314 22 339 72
person 0.0781 420 51 449 81
person 0.0779 255 9 332 135
person 0.0776 146 3 176 81
person 0.0776 63 21 176 261
person 0.0770 46 0 115 86
person 0.0767 0 0 30 29
person 0.0766 313 4 339 43
person 0.0760 137 0 195 20
person 0.0756 158 30 347 285
person 0.0755 0 9 97 258
person 0.0753 153 9 169 41
person 0.0740 168 0 222 27
person 0.0739 282 0 341 23
person 0.0735 291 24 312 75
person 0.0732 284 13 304 50
person 0.0728 287 19 316 96
person 0.0722 220 0 299 48
person 0.0718 320 7 342 51
person 0.0712 303 1 317 21
person 0.0710 459 13 484 54
person 0.0703 187 0 203 18
person 0.0702 433 1 500 104
person 0.0698 65 0 94 20
person 0.0694 85 0 156 20
person 0.0676 245 0 271 14
person 0.0668 88 4 119 75
person 0.0668 94 0 244 154
person 0.0664 263 28 301 72
person 0.0662 145 70 175 145
person 0.0657 236 0 258 33
person 0.0656 149 6 171 56
person 0.0655 209 0 255 19
person 0.0653 35 42 53 92
person 0.0649 0 21 28 108
person 0.0642 389 33 461 77
person 0.0640 233 1 263 16
person 0.0640 327 0 451 178
person 0.0639 164 0 185 18
person 0.0639 373 31 433 89
person 0.0639 443 14 471 59
person 0.0637 17 7 38 52
person 0.0637 459 0 500 22
person 0.0637 401 0 443 35
person 0.0636 211 16 272 78
person 0.0633 149 55 247 197
person 0.0630 49 33 101 98
person 0.0626 24 7 47 49
person 0.0618 99 0 163 49
person 0.0614 308 0 325 22
person 0.0614 298 29 316 79
person 0.0607 128 0 170 12
person 0.0603 294 1 309 17
person 0.0602 205 5 236 58
person 0.0595 205 0 221 21
person 0.0593 461 0 487 32
person 0.0590 135 57 186 199
person 0.0584 258 0 298 10
person 0.0583 456 20 476 53
person 0.0583 286 0 303 15
person 0.0582 109 0 218 104
person 0.0580 245 31 288 73
person 0.0580 172 0 276 59
person 0.0578 379 140 412 211
person 0.0572 324 19 349 68
person 0.0570 20 0 34 22
person 0.0569 247 10 284 57
person 0.0566 362 0 406 62
person 0.0566 282 0 387 133
person 0.0557 62 2 73 22
person 0.0553 178 2 192 20
person 0.0552 303 9 323 50
person 0.0551 169 23 217 88
person 0.0549 404 0 500 54
person 0.0548 248 0 261 13
person 0.0540 91 1 108 17
person 0.0537 51 13 76 57
person 0.0537 417 0 453 44
person 0.0534 301 0 321 15
person 0.0534 245 14 263 54
person 0.0533 302 22 327 76
person 0.0531 201 11 323 148
person 0.0530 436 38 462 70
person 0.0528 90 27 263 327
person 0.0525 392 133 445 274
person 0.0523 150 0 186 12
person 0.0522 224 14 379 241
person 0.0512 252 0 276 10
person 0.0512 79 0 133 28
person 0.0510 312 22 351 92
person 0.0504 64 42 92 98
person 0.0504 25 24 46 61
person 0.0502 383 135 491 375
person 0.0502 67 26 117 93
person 0.0501 327 4 347 45
person 0.0501 146 20 188 111
person 0.0490 296 15 342 108
person 0.0490 448 0 468 36
person 0.0489 13 0 29 21
person 0.0487 275 0 295 14
person 0.0483 24 37 50 95
person 0.0482 175 0 195 14
person 0.0479 424 30 481 86
person 0.0478 245 40 264 73
person 0.0475 392 1 431 22
person 0.0474 49 0 181 114
person 0.0473 110 111 153 200
person 0.0472 289 9 316 42
person 0.0471 152 39 210 101
person 0.0470 351 0 496 106
person 0.0469 13 27 43 88
person 0.0469 61 0 106 32
person 0.0469 261 41 290 74
person 0.0469 158 14 177 59
person 0.0468 276 0 329 13
person 0.0467 247 45 278 76
person 0.0466 194 37 261 87
person 0.0465 36 0 85 30
person 0.0460 332 23 445 87
person 0.0459 133 110 167 202
person 0.0458 0 51 21 94
person 0.0454 98 108 139 196
person 0.0448 445 20 481 71
person 0.0447 410 45 447 94
person 0.0447 193 7 220 37
person 0.0442 80 0 97 21
person 0.0441 281 0 312 9
person 0.0439 406 5 438 54
person 0.0435 155 0 213 15
person 0.0434 70 3 83 21
person 0.0433 237 0 343 53
person 0.0432 39 38 75 99
person 0.0431 385 3 410 37
person 0.0431 89 8 110 48
person 0.0424 269 13 297 48
person 0.0424 318 0 369 35
person 0.0422 405 2 428 29
person 0.0421 455 0 475 30
person 0.0416 191 0 220 12
person 0.0414 476 302 500 375
person 0.0413 172 6 197 45
person 0.0413 38 54 58 99
person 0.0410 213 0 274 32
person 0.0409 241 0 255 14
person 0.0406 10 0 61 33
person 0.0405 369 126 424 267
person 0.0405 354 0 380 44
person 0.0403 334 11 357 63
person 0.0401 235 12 257 55
person 0.0399 384 94 467 296
person 0.0399 225 0 296 19
person 0.0398 422 230 495 375
person 0.0396 9 138 43 198
person 0.0396 0 2 23 83
person 0.0395 66 66 84 98
person 0.0395 442 31 467 67
person 0.0394 56 2 67 23
person 0.0391 366 84 421 223
person 0.0385 328 15 373 83
person 0.0382 335 34 355 66
person 0.0381 312 0 339 18
person 0.0379 59 0 83 19
person 0.0377 233 0 284 11
person 0.0375 410 34 442 78
person 0.0374 428 0 464 36
person 0.0372 342 32 417 101
person 0.0371 17 22 39 66
person 0.0370 3 0 22 21
person 0.0370 297 0 329 9
person 0.0369 150 0 240 44
person 0.0368 275 29 298 63
person 0.0366 331 88 429 298
sofa 0.0213 134 6 224 76
train 0.0226 123 0 334 86
train 0.0217 99 283 423 374
tvmonitor 0.0240 2 314 73 371
tvmonitor 0.0211 0 315 38 372
