bicycle 0.4127 32 130 338 369
bicycle 0.3067 181 148 474 368
bicycle 0.2765 139 109 278 370
bicycle 0.2495 25 40 474 375
bicycle 0.2056 15 247 304 374
bicycle 0.1653 11 21 244 369
bicycle 0.0934 156 67 260 300
bicycle 0.0869 163 182 302 341
bicycle 0.0755 175 139 364 324
bicycle 0.0677 187 129 275 315
bicycle 0.0617 158 205 377 374
bicycle 0.0497 168 101 290 254
bicycle 0.0484 51 301 283 369
bicycle 0.0464 133 254 282 371
bicycle 0.0437 117 149 257 309
bicycle 0.0386 136 214 227 369
bicycle 0.0385 117 96 254 244
bicycle 0.0339 54 264 211 371
bicycle 0.0294 0 186 228 353
bicycle 0.0259 201 219 288 353
bicycle 0.0240 257 29 500 375
bicycle 0.0239 63 128 295 267
bicycle 0.0237 184 188 381 289
bottle 0.1247 186 359 229 375
bottle 0.1051 51 259 146 362
bottle 0.0920 102 355 169 374
bottle 0.0893 103 328 123 359
bottle 0.0850 26 300 137 373
bottle 0.0840 159 308 194 375
bottle 0.0781 104 337 160 375
bottle 0.0754 108 333 130 365
bottle 0.0749 142 297 178 358
bottle 0.0716 85 318 123 369
bottle 0.0695 107 310 194 373
bottle 0.0672 88 358 146 374
bottle 0.0663 105 316 138 370
bottle 0.0657 157 355 230 375
bottle 0.0637 135 358 182 374
bottle 0.0627 40 319 188 373
bottle 0.0626 104 348 140 374
bottle 0.0626 110 322 131 355
bottle 0.0616 94 329 131 375
bottle 0.0611 33 331 130 373
bottle 0.0599 149 339 171 373
bottle 0.0558 121 276 179 370
bottle 0.0553 124 347 174 374
bottle 0.0553 187 352 213 375
bottle 0.0549 95 319 118 356
bottle 0.0542 156 334 179 373
bottle 0.0525 111 300 159 368
bottle 0.0507 122 347 150 375
bottle 0.0495 123 326 179 373
bottle 0.0490 20 246 48 280
bottle 0.0477 69 345 146 375
bottle 0.0464 167 320 207 375
bottle 0.0463 62 327 125 360
bottle 0.0463 164 332 191 373
bottle 0.0463 141 341 165 372
bottle 0.0462 154 305 182 364
bottle 0.0457 150 300 171 339
bottle 0.0456 111 308 144 358
bottle 0.0438 131 341 155 372
bottle 0.0436 147 323 176 372
bottle 0.0435 116 318 139 353
bottle 0.0429 112 336 141 362
bottle 0.0423 66 326 159 369
bottle 0.0418 53 312 115 370
bottle 0.0416 89 257 171 370
bottle 0.0413 127 335 146 367
bottle 0.0411 150 349 184 374
bottle 0.0411 119 330 151 371
bottle 0.0407 130 296 167 353
bottle 0.0405 168 346 216 374
bottle 0.0401 142 300 165 338
bottle 0.0396 96 315 115 340
bottle 0.0393 155 357 196 375
bottle 0.0386 38 356 136 375
bottle 0.0384 35 153 55 180
bottle 0.0384 81 336 206 374
bottle 0.0376 188 338 226 375
bottle 0.0372 157 304 178 346
bottle 0.0366 58 263 123 333
bottle 0.0357 101 319 124 346
bottle 0.0353 58 157 77 184
bottle 0.0352 127 312 146 349
bottle 0.0344 143 338 198 375
bottle 0.0342 134 303 153 343
bottle 0.0341 165 315 186 361
bottle 0.0341 126 355 210 375
bottle 0.0338 223 116 256 201
bottle 0.0335 87 347 126 373
bottle 0.0330 178 336 201 373
bottle 0.0329 117 293 241 373
bottle 0.0327 113 345 158 368
bottle 0.0317 226 185 265 238
bottle 0.0316 215 117 266 240
bottle 0.0308 172 319 193 364
bottle 0.0298 90 313 135 356
bottle 0.0298 87 260 144 332
bottle 0.0296 83 330 118 358
bottle 0.0289 130 322 160 366
bottle 0.0286 31 357 84 375
bottle 0.0284 185 351 256 375
bottle 0.0280 97 279 142 358
bottle 0.0279 85 308 149 375
bottle 0.0276 55 295 119 350
bottle 0.0275 204 350 225 373
bottle 0.0275 149 315 173 356
bottle 0.0273 194 348 222 370
bottle 0.0273 72 279 127 358
bottle 0.0268 2 358 48 374
bottle 0.0264 82 316 117 333
bottle 0.0263 141 329 164 361
bottle 0.0254 79 358 119 375
bottle 0.0253 147 288 205 375
bottle 0.0252 133 319 153 352
bottle 0.0252 81 316 119 349
bottle 0.0252 183 328 214 372
bottle 0.0252 122 331 148 355
bottle 0.0251 112 268 157 347
bottle 0.0247 165 301 184 341
bottle 0.0245 51 158 69 180
bottle 0.0243 155 160 190 185
bottle 0.0238 128 328 224 369
bottle 0.0236 24 253 152 323
bottle 0.0236 115 338 155 358
bottle 0.0235 190 198 241 239
bottle 0.0228 242 190 265 226
bottle 0.0227 227 138 263 223
bottle 0.0227 95 343 135 365
bottle 0.0226 99 363 162 375
bottle 0.0225 60 304 141 338
bottle 0.0225 108 315 136 341
bottle 0.0224 97 333 129 354
bottle 0.0222 252 188 301 234
bottle 0.0220 205 191 266 225
bottle 0.0219 109 331 163 356
bottle 0.0219 178 357 205 375
bottle 0.0217 209 201 236 227
bottle 0.0214 145 344 240 373
bottle 0.0213 301 120 331 143
bottle 0.0207 154 321 181 351
bottle 0.0207 112 318 179 355
bottle 0.0206 59 257 146 298
bottle 0.0206 248 160 263 197
bottle 0.0206 24 351 104 375
bottle 0.0205 14 343 40 375
bottle 0.0204 196 338 217 368
bottle 0.0200 237 162 267 227
car 0.0799 434 273 475 298
car 0.0462 429 265 492 313
car 0.0413 454 251 498 319
car 0.0358 423 236 496 327
car 0.0281 212 102 291 205
car 0.0229 461 220 499 308
car 0.0217 443 275 480 314
car 0.0202 156 169 260 221
cat 0.0303 277 186 379 314
cat 0.0227 453 315 498 375
cat 0.0223 279 186 368 254
chair 0.0474 231 178 480 329
chair 0.0422 185 164 265 309
chair 0.0409 189 118 265 260
chair 0.0347 158 141 261 233
chair 0.0342 214 152 308 300
chair 0.0316 162 194 235 340
chair 0.0254 209 180 400 291
chair 0.0252 181 120 245 222
chair 0.0252 280 159 446 238
chair 0.0235 186 169 265 236
chair 0.0226 416 203 497 312
chair 0.0226 182 202 333 375
chair 0.0221 212 177 268 279
chair 0.0219 456 202 500 309
chair 0.0215 214 198 290 354
chair 0.0214 446 288 498 375
chair 0.0207 464 323 500 375
chair 0.0206 206 107 309 231
chair 0.0202 188 193 265 262
dog 0.4579 254 152 493 367
dog 0.1248 274 172 407 352
dog 0.0652 292 254 500 372
dog 0.0521 198 194 433 373
dog 0.0498 278 188 443 270
dog 0.0481 218 181 384 306
dog 0.0293 295 186 500 316
dog 0.0236 358 228 480 365
dog 0.0236 250 206 367 358
dog 0.0211 282 268 390 357
motorbike 0.0868 181 81 276 295
motorbike 0.0507 149 60 308 258
motorbike 0.0390 185 103 265 213
person 0.5470 259 34 476 362
person 0.2782 129 46 295 358
person 0.2046 202 65 384 359
person 0.1992 288 35 431 255
person 0.1319 276 172 498 359
person 0.1210 286 44 384 187
person 0.1027 197 97 261 233
person 0.0997 184 92 319 331
person 0.0825 180 62 277 263
person 0.0822 23 254 192 371
person 0.0757 218 100 257 210
person 0.0679 263 44 341 196
person 0.0673 49 130 240 374
person 0.0670 290 40 353 142
person 0.0670 280 136 402 330
person 0.0637 184 14 327 245
person 0.0590 237 181 385 341
person 0.0554 126 57 244 279
person 0.0554 188 185 332 361
person 0.0525 216 99 283 228
person 0.0494 242 27 383 239
person 0.0445 0 0 27 17
person 0.0441 295 41 369 90
person 0.0440 343 127 483 334
person 0.0428 152 160 191 204
person 0.0425 159 101 239 220
person 0.0400 158 171 231 320
person 0.0398 157 173 181 206
person 0.0392 217 61 305 202
person 0.0383 39 0 108 37
person 0.0381 74 188 201 368
person 0.0373 1 0 104 75
person 0.0357 0 0 42 23
person 0.0355 232 111 354 296
person 0.0354 146 163 208 293
person 0.0350 426 274 495 368
person 0.0349 364 29 500 295
person 0.0346 295 80 340 154
person 0.0340 288 39 329 115
person 0.0337 289 61 328 147
person 0.0337 82 253 166 359
person 0.0333 0 0 279 375
person 0.0332 397 192 500 316
person 0.0328 230 99 258 176
person 0.0326 167 152 255 289
person 0.0324 309 40 382 133
person 0.0322 115 250 178 366
person 0.0320 233 104 271 194
person 0.0311 85 123 191 326
person 0.0311 148 167 189 185
person 0.0310 146 167 187 243
person 0.0308 164 177 188 209
person 0.0306 299 99 330 143
person 0.0303 1 0 46 78
person 0.0302 254 180 353 297
person 0.0297 145 127 216 232
person 0.0285 459 270 500 328
person 0.0276 289 79 353 212
person 0.0274 0 237 18 274
person 0.0271 22 0 121 51
person 0.0263 289 97 328 168
person 0.0262 252 93 334 240
person 0.0260 330 48 439 198
person 0.0258 254 102 294 185
person 0.0258 298 107 319 142
person 0.0256 5 0 72 54
person 0.0254 75 185 90 222
person 0.0253 0 67 18 101
person 0.0252 143 153 190 189
person 0.0250 67 0 111 29
person 0.0244 149 174 171 206
person 0.0243 326 41 376 107
person 0.0236 144 157 160 187
person 0.0235 157 174 191 226
person 0.0235 436 273 480 324
person 0.0234 338 42 393 131
person 0.0233 35 0 55 33
person 0.0232 149 160 245 243
person 0.0229 361 59 405 133
person 0.0227 369 210 498 365
person 0.0226 294 100 309 141
person 0.0226 295 110 342 182
person 0.0224 437 313 493 375
person 0.0224 35 0 68 43
person 0.0223 0 73 10 106
person 0.0222 79 191 96 221
person 0.0221 10 0 54 16
person 0.0220 226 119 254 192
person 0.0216 172 151 217 210
person 0.0216 236 121 306 253
person 0.0215 265 101 308 178
person 0.0214 170 169 194 204
person 0.0213 144 167 161 201
person 0.0211 0 236 24 301
person 0.0211 4 242 48 285
person 0.0211 380 126 472 273
person 0.0208 299 49 421 154
person 0.0207 383 179 449 303
person 0.0205 237 103 255 142
person 0.0205 148 191 183 284
person 0.0205 0 0 18 33
person 0.0203 373 73 422 142
person 0.0200 0 0 32 51
pottedplant 0.2759 120 0 261 231
pottedplant 0.1660 58 0 278 359
pottedplant 0.1514 18 0 188 338
pottedplant 0.1385 89 2 206 175
pottedplant 0.1175 4 0 162 188
pottedplant 0.1157 146 0 252 145
pottedplant 0.1106 32 151 52 180
pottedplant 0.1011 2 123 155 370
pottedplant 0.0978 174 27 277 229
pottedplant 0.0953 106 0 246 93
pottedplant 0.0885 59 9 159 150
pottedplant 0.0863 5 314 131 374
pottedplant 0.0854 38 0 254 132
pottedplant 0.0852 15 254 157 373
pottedplant 0.0840 181 80 248 209
pottedplant 0.0821 179 0 262 113
pottedplant 0.0786 0 129 50 188
pottedplant 0.0764 5 146 87 302
pottedplant 0.0736 1 289 83 375
pottedplant 0.0704 53 24 169 266
pottedplant 0.0685 170 50 229 196
pottedplant 0.0671 4 3 100 144
pottedplant 0.0669 124 18 195 154
pottedplant 0.0660 0 134 73 249
pottedplant 0.0644 206 100 255 210
pottedplant 0.0630 35 0 200 73
pottedplant 0.0611 111 3 337 123
pottedplant 0.0610 148 64 260 194
pottedplant 0.0575 147 88 218 204
pottedplant 0.0563 4 189 98 355
pottedplant 0.0563 102 1 195 58
pottedplant 0.0553 6 240 273 371
pottedplant 0.0548 9 299 207 372
pottedplant 0.0537 0 135 25 198
pottedplant 0.0529 223 2 306 134
pottedplant 0.0526 135 59 198 196
pottedplant 0.0524 20 138 53 182
pottedplant 0.0520 0 322 38 374
pottedplant 0.0511 19 245 49 281
pottedplant 0.0508 20 0 134 111
pottedplant 0.0501 0 49 100 270
pottedplant 0.0494 6 190 64 287
pottedplant 0.0487 172 2 354 184
pottedplant 0.0480 26 2 500 359
pottedplant 0.0465 59 156 76 181
pottedplant 0.0464 2 149 42 233
pottedplant 0.0461 172 7 222 121
pottedplant 0.0460 198 1 257 68
pottedplant 0.0446 220 34 310 192
pottedplant 0.0446 96 16 173 140
pottedplant 0.0440 180 95 214 185
pottedplant 0.0438 28 0 110 52
pottedplant 0.0437 11 225 56 286
pottedplant 0.0430 142 114 187 187
pottedplant 0.0429 2 40 79 193
pottedplant 0.0428 0 149 18 194
pottedplant 0.0426 187 96 230 190
pottedplant 0.0418 100 0 156 40
pottedplant 0.0415 80 50 152 143
pottedplant 0.0412 3 336 94 374
pottedplant 0.0411 97 57 178 223
pottedplant 0.0409 145 2 290 80
pottedplant 0.0408 56 216 153 355
pottedplant 0.0406 223 92 258 186
pottedplant 0.0392 34 310 68 374
pottedplant 0.0391 106 59 158 153
pottedplant 0.0382 0 333 22 374
pottedplant 0.0382 219 6 263 90
pottedplant 0.0382 2 204 43 284
pottedplant 0.0380 38 96 247 305
pottedplant 0.0380 9 144 61 218
pottedplant 0.0377 0 246 57 375
pottedplant 0.0370 0 0 339 170
pottedplant 0.0367 0 102 53 169
pottedplant 0.0354 1 2 62 100
pottedplant 0.0351 149 11 205 119
pottedplant 0.0346 80 106 96 136
pottedplant 0.0346 141 78 184 163
pottedplant 0.0343 0 102 93 205
pottedplant 0.0343 10 321 55 374
pottedplant 0.0340 61 146 156 298
pottedplant 0.0332 67 0 239 47
pottedplant 0.0327 4 237 151 317
pottedplant 0.0327 178 79 205 156
pottedplant 0.0324 8 236 62 309
pottedplant 0.0324 113 11 186 102
pottedplant 0.0321 10 125 137 243
pottedplant 0.0320 123 64 175 169
pottedplant 0.0319 66 66 98 135
pottedplant 0.0318 0 132 39 166
pottedplant 0.0316 166 114 226 209
pottedplant 0.0310 153 126 199 194
pottedplant 0.0306 0 176 154 272
pottedplant 0.0304 186 9 234 90
pottedplant 0.0302 34 161 79 230
pottedplant 0.0302 167 0 199 61
pottedplant 0.0301 63 56 117 139
pottedplant 0.0301 86 90 190 301
pottedplant 0.0300 53 161 88 227
pottedplant 0.0300 120 0 176 37
pottedplant 0.0299 57 116 171 239
pottedplant 0.0298 124 115 236 225
pottedplant 0.0295 0 53 141 140
pottedplant 0.0293 144 0 189 45
pottedplant 0.0290 112 99 154 169
pottedplant 0.0288 79 81 156 202
pottedplant 0.0288 49 159 72 179
pottedplant 0.0287 131 289 260 372
pottedplant 0.0287 158 170 205 208
pottedplant 0.0287 205 13 253 101
pottedplant 0.0285 6 138 77 180
pottedplant 0.0284 28 145 65 180
pottedplant 0.0282 50 0 141 39
pottedplant 0.0281 131 3 219 67
pottedplant 0.0281 147 142 204 217
pottedplant 0.0278 139 40 187 130
pottedplant 0.0277 74 183 90 220
pottedplant 0.0277 71 68 136 161
pottedplant 0.0276 2 81 162 170
pottedplant 0.0276 76 84 101 136
pottedplant 0.0276 9 219 89 283
pottedplant 0.0275 0 90 66 148
pottedplant 0.0273 0 244 84 331
pottedplant 0.0270 129 111 170 183
pottedplant 0.0269 16 143 38 179
pottedplant 0.0268 14 337 40 374
pottedplant 0.0268 106 156 123 176
pottedplant 0.0267 182 9 375 105
pottedplant 0.0266 110 35 156 118
pottedplant 0.0265 0 173 245 331
pottedplant 0.0263 31 140 75 201
pottedplant 0.0261 145 150 191 187
pottedplant 0.0261 26 145 52 172
pottedplant 0.0260 148 150 248 232
pottedplant 0.0260 5 137 32 176
pottedplant 0.0259 81 0 159 96
pottedplant 0.0255 64 179 88 223
pottedplant 0.0254 0 64 203 231
pottedplant 0.0254 226 101 252 150
pottedplant 0.0252 38 326 99 370
pottedplant 0.0252 0 182 51 244
pottedplant 0.0250 5 173 70 232
pottedplant 0.0248 120 100 185 211
pottedplant 0.0247 221 34 262 112
pottedplant 0.0246 101 130 131 179
pottedplant 0.0245 154 237 237 371
pottedplant 0.0245 139 20 189 88
pottedplant 0.0243 97 56 250 149
pottedplant 0.0242 0 217 18 264
pottedplant 0.0242 0 128 35 268
pottedplant 0.0241 67 38 289 194
pottedplant 0.0240 115 28 181 76
pottedplant 0.0238 182 3 216 72
pottedplant 0.0237 54 143 81 186
pottedplant 0.0237 35 0 100 94
pottedplant 0.0234 96 83 144 154
pottedplant 0.0234 185 276 294 371
pottedplant 0.0234 197 45 254 161
pottedplant 0.0233 12 245 81 282
pottedplant 0.0232 159 85 197 170
pottedplant 0.0232 53 138 87 207
pottedplant 0.0232 9 275 63 356
pottedplant 0.0231 40 178 96 279
pottedplant 0.0231 1 159 75 202
pottedplant 0.0229 210 83 249 162
pottedplant 0.0228 63 147 80 180
pottedplant 0.0228 222 72 259 137
pottedplant 0.0227 9 149 60 187
pottedplant 0.0224 1 347 37 374
pottedplant 0.0223 27 119 73 180
pottedplant 0.0223 25 148 93 248
pottedplant 0.0221 76 98 92 134
pottedplant 0.0221 85 85 109 132
pottedplant 0.0221 77 0 129 54
pottedplant 0.0221 28 150 56 195
pottedplant 0.0219 122 2 150 36
pottedplant 0.0218 0 157 11 199
pottedplant 0.0217 187 55 228 151
pottedplant 0.0217 200 5 337 76
pottedplant 0.0216 95 112 143 178
pottedplant 0.0216 0 146 21 240
pottedplant 0.0215 108 17 160 84
pottedplant 0.0214 19 138 50 162
pottedplant 0.0214 143 0 194 16
pottedplant 0.0214 181 100 200 143
pottedplant 0.0212 38 149 56 176
pottedplant 0.0211 31 140 55 165
pottedplant 0.0210 225 0 261 55
pottedplant 0.0210 231 0 276 66
pottedplant 0.0209 182 63 213 140
pottedplant 0.0208 250 288 287 346
pottedplant 0.0207 0 159 53 327
pottedplant 0.0207 103 147 126 178
pottedplant 0.0205 151 176 185 242
pottedplant 0.0205 88 0 167 24
pottedplant 0.0205 40 150 76 180
pottedplant 0.0205 180 0 263 41
pottedplant 0.0203 185 0 235 15
pottedplant 0.0203 0 267 31 375
pottedplant 0.0202 168 176 226 211
pottedplant 0.0202 12 140 42 169
sofa 0.1353 153 152 500 370
sofa 0.0539 73 23 500 355
sofa 0.0235 280 54 500 235
tvmonitor 0.4628 271 10 494 238
tvmonitor 0.1706 359 27 496 196
tvmonitor 0.1486 275 12 496 123
tvmonitor 0.1319 270 8 472 70
tvmonitor 0.1057 270 20 399 109
tvmonitor 0.0896 202 24 500 341
tvmonitor 0.0731 286 33 398 75
tvmonitor 0.0682 296 29 402 164
tvmonitor 0.0637 404 66 497 211
tvmonitor 0.0627 279 20 412 61
tvmonitor 0.0550 314 41 461 160
tvmonitor 0.0514 256 1 486 40
tvmonitor 0.0503 220 97 283 210
tvmonitor 0.0498 256 3 364 86
tvmonitor 0.0464 412 149 495 210
tvmonitor 0.0458 159 11 462 159
tvmonitor 0.0457 291 38 377 97
tvmonitor 0.0409 419 181 483 210
tvmonitor 0.0409 285 25 362 131
tvmonitor 0.0403 180 0 500 95
tvmonitor 0.0382 285 35 444 93
tvmonitor 0.0377 281 31 338 78
tvmonitor 0.0364 311 100 500 223
tvmonitor 0.0360 281 4 365 56
tvmonitor 0.0355 243 101 298 197
tvmonitor 0.0323 340 6 497 47
tvmonitor 0.0322 313 25 493 77
tvmonitor 0.0294 283 13 386 40
tvmonitor 0.0293 241 0 365 178
tvmonitor 0.0288 349 34 473 126
tvmonitor 0.0282 160 169 263 260
tvmonitor 0.0276 392 97 498 171
tvmonitor 0.0270 295 5 434 54
tvmonitor 0.0265 415 178 495 226
tvmonitor 0.0265 371 0 500 80
tvmonitor 0.0261 372 58 478 167
tvmonitor 0.0257 443 172 500 207
tvmonitor 0.0253 287 17 338 58
tvmonitor 0.0253 325 37 433 68
tvmonitor 0.0243 461 146 499 207
tvmonitor 0.0237 312 155 500 252
tvmonitor 0.0236 420 22 498 164
tvmonitor 0.0232 383 162 500 231
tvmonitor 0.0228 303 34 364 81
tvmonitor 0.0227 36 354 114 375
tvmonitor 0.0224 412 4 497 55
tvmonitor 0.0222 264 1 321 67
tvmonitor 0.0222 258 109 293 184
tvmonitor 0.0219 315 44 404 82
tvmonitor 0.0218 340 42 421 110
tvmonitor 0.0200 360 53 436 124
