bottle 0.0399 2 226 45 251
bottle 0.0261 155 14 200 67
bottle 0.0259 0 223 18 253
bottle 0.0251 327 0 432 19
bottle 0.0229 0 218 8 260
bottle 0.0207 6 222 34 247
chair 0.0294 403 164 495 302
chair 0.0241 331 213 497 329
chair 0.0230 367 120 495 322
person 0.0984 157 11 226 130
person 0.0929 91 55 119 104
person 0.0836 192 104 222 146
person 0.0587 82 53 144 103
person 0.0575 152 9 208 84
person 0.0556 183 29 232 130
person 0.0530 146 32 194 118
person 0.0523 95 83 116 105
person 0.0444 174 40 216 119
person 0.0438 164 73 188 120
person 0.0437 147 70 173 109
person 0.0403 95 56 115 83
person 0.0397 92 74 129 104
person 0.0388 67 20 163 139
person 0.0374 116 36 212 119
person 0.0373 190 58 225 144
person 0.0368 130 51 170 108
person 0.0354 158 77 178 114
person 0.0350 150 67 183 119
person 0.0348 197 23 253 110
person 0.0345 87 76 109 105
person 0.0343 2 318 51 332
person 0.0335 194 119 217 147
person 0.0332 98 51 186 108
person 0.0331 161 53 199 126
person 0.0325 85 126 111 152
person 0.0322 76 52 132 135
person 0.0286 249 35 275 92
person 0.0285 127 50 146 78
person 0.0269 122 82 139 101
person 0.0267 103 88 136 103
person 0.0266 126 79 145 102
person 0.0266 187 27 259 156
person 0.0256 129 75 167 104
person 0.0251 114 84 131 103
person 0.0247 90 53 134 81
person 0.0246 219 33 266 95
person 0.0245 125 52 151 92
person 0.0242 193 45 223 111
person 0.0239 165 19 245 92
person 0.0238 160 21 199 70
person 0.0233 145 67 165 101
person 0.0232 349 154 496 333
person 0.0231 122 54 180 132
person 0.0230 124 69 151 101
person 0.0222 0 309 72 332
person 0.0222 161 96 178 122
person 0.0221 188 18 234 80
person 0.0221 128 52 157 71
person 0.0219 205 39 237 95
person 0.0214 199 49 215 81
person 0.0211 80 50 203 138
person 0.0207 116 88 146 103
person 0.0207 100 65 156 103
person 0.0206 84 49 113 86
person 0.0205 87 86 126 105
person 0.0205 200 51 242 120
pottedplant 0.0382 4 0 311 241
pottedplant 0.0217 304 113 360 215
tvmonitor 0.9073 36 3 325 222
tvmonitor 0.2167 320 131 358 203
tvmonitor 0.1489 321 106 353 164
tvmonitor 0.0998 13 58 87 224
tvmonitor 0.0929 64 12 228 180
tvmonitor 0.0928 74 2 224 55
tvmonitor 0.0789 150 0 316 185
tvmonitor 0.0744 189 4 324 119
tvmonitor 0.0717 307 102 355 206
tvmonitor 0.0701 141 1 249 64
tvmonitor 0.0687 4 127 101 220
tvmonitor 0.0644 45 104 328 213
tvmonitor 0.0603 154 0 230 112
tvmonitor 0.0580 216 77 313 206
tvmonitor 0.0554 5 174 92 226
tvmonitor 0.0552 15 0 161 223
tvmonitor 0.0543 91 0 254 37
tvmonitor 0.0538 10 6 81 158
tvmonitor 0.0533 64 2 278 111
tvmonitor 0.0511 253 89 330 205
tvmonitor 0.0497 318 153 354 194
tvmonitor 0.0469 146 5 212 53
tvmonitor 0.0452 246 9 329 137
tvmonitor 0.0440 34 182 319 237
tvmonitor 0.0440 163 7 278 92
tvmonitor 0.0437 47 162 308 220
tvmonitor 0.0431 320 152 382 208
tvmonitor 0.0427 133 2 223 29
tvmonitor 0.0413 10 0 65 67
tvmonitor 0.0410 154 4 278 46
tvmonitor 0.0409 3 195 82 230
tvmonitor 0.0402 78 1 187 31
tvmonitor 0.0402 77 48 175 113
tvmonitor 0.0398 348 0 429 19
tvmonitor 0.0387 66 41 163 169
tvmonitor 0.0384 318 111 393 207
tvmonitor 0.0382 223 0 337 208
tvmonitor 0.0367 45 0 207 84
tvmonitor 0.0360 0 0 61 246
tvmonitor 0.0359 411 146 461 172
tvmonitor 0.0354 124 3 216 80
tvmonitor 0.0354 16 1 152 119
tvmonitor 0.0330 33 16 119 140
tvmonitor 0.0329 284 97 341 204
tvmonitor 0.0327 286 130 369 210
tvmonitor 0.0307 131 0 323 75
tvmonitor 0.0305 9 179 173 225
tvmonitor 0.0303 301 157 352 204
tvmonitor 0.0291 155 19 203 67
tvmonitor 0.0288 165 0 247 33
tvmonitor 0.0287 74 7 168 93
tvmonitor 0.0285 293 114 325 190
tvmonitor 0.0282 247 19 302 99
tvmonitor 0.0282 72 168 175 216
tvmonitor 0.0279 71 2 149 47
tvmonitor 0.0271 0 194 331 288
tvmonitor 0.0259 27 0 137 75
tvmonitor 0.0257 138 0 194 39
tvmonitor 0.0255 124 0 219 18
tvmonitor 0.0252 40 38 127 201
tvmonitor 0.0252 261 32 293 89
tvmonitor 0.0245 212 18 297 85
tvmonitor 0.0242 154 1 210 23
tvmonitor 0.0238 407 145 461 204
tvmonitor 0.0237 325 108 352 139
tvmonitor 0.0237 321 104 446 215
tvmonitor 0.0233 243 57 341 172
tvmonitor 0.0233 191 20 239 54
tvmonitor 0.0230 290 43 360 211
tvmonitor 0.0228 80 18 191 63
tvmonitor 0.0225 2 205 82 252
tvmonitor 0.0225 47 49 191 206
tvmonitor 0.0224 110 0 183 47
tvmonitor 0.0220 190 1 304 60
tvmonitor 0.0218 159 18 252 53
tvmonitor 0.0217 302 108 348 172
tvmonitor 0.0217 1 176 35 231
tvmonitor 0.0216 69 177 239 222
tvmonitor 0.0214 413 146 438 171
tvmonitor 0.0214 0 6 254 333
tvmonitor 0.0214 405 159 479 218
tvmonitor 0.0213 206 6 295 41
tvmonitor 0.0206 299 145 329 200
tvmonitor 0.0205 2 0 60 120
tvmonitor 0.0204 11 153 68 220
tvmonitor 0.0203 201 0 254 38
tvmonitor 0.0203 121 3 168 39
tvmonitor 0.0203 315 0 454 23
tvmonitor 0.0202 402 160 487 277
tvmonitor 0.0202 142 153 310 206
tvmonitor 0.0201 78 34 158 62
tvmonitor 0.0201 78 37 157 88
