aeroplane 0.1104 11 25 349 236
aeroplane 0.0954 0 4 498 345
aeroplane 0.0371 16 0 319 129
aeroplane 0.0308 72 75 412 265
aeroplane 0.0295 116 31 494 182
aeroplane 0.0285 79 256 200 375
bicycle 0.1966 453 232 481 287
bicycle 0.0534 452 200 494 289
bicycle 0.0348 460 228 500 297
bicycle 0.0343 443 229 491 316
bicycle 0.0261 440 223 486 278
bicycle 0.0213 410 224 492 293
boat 0.0847 11 8 500 337
boat 0.0505 416 117 494 156
boat 0.0384 395 173 469 254
boat 0.0370 404 93 497 162
boat 0.0352 392 205 455 248
boat 0.0341 408 96 443 156
boat 0.0334 15 0 216 223
boat 0.0313 328 113 355 130
boat 0.0308 411 93 439 133
boat 0.0297 414 112 436 161
boat 0.0275 391 61 409 98
boat 0.0261 273 117 367 159
boat 0.0253 35 0 378 126
boat 0.0245 412 119 455 161
boat 0.0238 333 117 357 134
boat 0.0238 326 120 349 134
boat 0.0233 315 114 357 137
boat 0.0233 384 104 456 159
boat 0.0218 78 284 217 375
boat 0.0208 312 115 366 150
boat 0.0207 11 0 159 156
boat 0.0203 0 0 90 204
bottle 0.1457 395 181 450 251
bottle 0.0325 396 225 444 249
bus 0.0538 80 91 173 141
bus 0.0311 203 119 290 172
bus 0.0286 3 13 179 209
bus 0.0283 49 85 123 151
car 0.4855 50 108 121 145
car 0.2857 22 148 215 211
car 0.2192 79 110 120 141
car 0.2021 11 110 233 224
car 0.1861 19 104 148 202
car 0.1727 68 235 389 366
car 0.1666 49 105 172 154
car 0.1627 16 52 331 262
car 0.1545 34 90 200 169
car 0.1538 7 153 225 268
car 0.1462 80 247 226 368
car 0.1391 30 119 287 293
car 0.1333 18 105 112 157
car 0.1320 2 105 87 209
car 0.1166 67 103 148 142
car 0.1103 0 156 440 358
car 0.1102 6 151 97 209
car 0.1082 50 111 91 148
car 0.1075 45 106 123 177
car 0.1072 98 114 122 142
car 0.1030 453 131 498 184
car 0.1020 128 126 163 138
car 0.1013 440 126 500 160
car 0.0987 61 105 119 129
car 0.0961 463 154 499 205
car 0.0918 80 106 117 121
car 0.0899 5 159 156 226
car 0.0890 91 110 161 140
car 0.0883 110 124 150 139
car 0.0869 181 122 203 139
car 0.0862 84 161 223 205
car 0.0806 43 173 218 337
car 0.0775 62 106 102 141
car 0.0765 2 136 45 206
car 0.0759 145 128 164 139
car 0.0757 64 106 102 120
car 0.0716 2 116 19 167
car 0.0716 49 135 84 152
car 0.0710 454 355 500 375
car 0.0695 464 155 498 182
car 0.0686 45 129 217 193
car 0.0686 12 101 74 151
car 0.0676 186 124 211 138
car 0.0665 93 108 119 128
car 0.0658 64 119 114 141
car 0.0646 0 70 76 181
car 0.0645 152 126 169 139
car 0.0637 293 124 313 139
car 0.0632 55 112 104 161
car 0.0628 95 119 144 141
car 0.0622 3 100 38 172
car 0.0619 34 156 158 200
car 0.0617 8 119 72 175
car 0.0613 48 127 85 147
car 0.0610 2 172 88 229
car 0.0609 454 212 494 288
car 0.0604 48 139 72 159
car 0.0601 115 129 159 141
car 0.0595 165 125 197 138
car 0.0586 55 141 92 158
car 0.0585 85 248 187 327
car 0.0583 0 100 21 183
car 0.0580 155 121 166 138
car 0.0579 46 136 88 164
car 0.0571 455 148 498 234
car 0.0569 90 126 125 144
car 0.0560 157 126 186 138
car 0.0560 195 124 221 138
car 0.0556 452 239 485 288
car 0.0556 21 67 143 154
car 0.0555 35 76 286 196
car 0.0545 67 103 101 114
car 0.0541 258 110 285 171
car 0.0539 118 115 167 140
car 0.0534 297 126 322 138
car 0.0527 24 118 94 168
car 0.0522 50 132 68 155
car 0.0514 165 130 202 144
car 0.0505 51 99 113 118
car 0.0499 431 121 500 190
car 0.0490 206 123 227 140
car 0.0486 478 178 499 218
car 0.0482 31 191 327 313
car 0.0482 50 124 71 150
car 0.0481 25 173 119 210
car 0.0477 450 97 498 161
car 0.0476 61 127 100 145
car 0.0476 1 138 18 187
car 0.0475 3 140 83 186
car 0.0469 50 158 279 235
car 0.0469 38 126 105 207
car 0.0468 281 118 317 141
car 0.0466 46 128 99 154
car 0.0465 61 124 165 157
car 0.0463 419 342 500 374
car 0.0462 66 114 93 145
car 0.0458 439 141 460 159
car 0.0457 103 129 143 142
car 0.0457 0 65 122 240
car 0.0454 284 123 307 139
car 0.0452 52 108 80 139
car 0.0452 139 130 171 140
car 0.0452 166 117 202 140
car 0.0447 81 95 173 136
car 0.0447 1 124 32 187
car 0.0444 301 125 315 141
car 0.0440 291 126 315 146
car 0.0439 266 112 296 141
car 0.0437 0 104 12 202
car 0.0435 53 147 92 164
car 0.0430 27 96 93 139
car 0.0428 52 106 86 122
car 0.0422 153 130 192 142
car 0.0417 72 105 94 115
car 0.0417 97 156 196 190
car 0.0416 124 120 153 138
car 0.0416 418 106 500 167
car 0.0415 3 152 102 257
car 0.0413 46 152 89 170
car 0.0411 7 123 26 163
car 0.0411 83 238 250 314
car 0.0410 41 143 92 177
car 0.0409 438 139 480 157
car 0.0406 85 102 117 114
car 0.0405 48 117 77 144
car 0.0400 64 105 87 117
car 0.0397 109 117 128 142
car 0.0396 57 96 131 124
car 0.0394 48 136 61 156
car 0.0394 190 125 204 140
car 0.0392 185 121 227 140
car 0.0392 1 187 136 243
car 0.0388 275 126 323 166
car 0.0387 65 136 100 151
car 0.0386 272 122 299 140
car 0.0384 440 155 500 186
car 0.0382 138 124 153 139
car 0.0381 287 120 314 157
car 0.0380 91 109 125 152
car 0.0379 124 173 231 211
car 0.0378 67 142 99 156
car 0.0376 295 129 325 142
car 0.0375 184 130 213 143
car 0.0374 87 116 185 148
car 0.0372 0 162 60 215
car 0.0372 266 115 302 170
car 0.0370 274 126 367 163
car 0.0370 199 129 234 144
car 0.0369 456 307 500 375
car 0.0368 429 151 496 264
car 0.0367 89 135 165 161
car 0.0366 2 24 179 219
car 0.0364 178 125 193 140
car 0.0363 63 78 251 144
car 0.0362 238 129 286 171
car 0.0362 50 116 359 232
car 0.0361 308 127 325 139
car 0.0359 18 213 204 278
car 0.0358 19 187 115 220
car 0.0358 49 140 130 173
car 0.0358 438 148 475 161
car 0.0353 76 115 104 144
car 0.0352 265 119 284 148
car 0.0351 264 112 316 148
car 0.0347 44 131 115 164
car 0.0347 4 14 99 164
car 0.0344 162 136 203 151
car 0.0344 268 128 287 159
car 0.0343 452 259 478 288
car 0.0342 188 123 199 137
car 0.0338 463 128 498 155
car 0.0334 435 140 497 163
car 0.0334 132 168 205 199
car 0.0334 85 154 121 170
car 0.0332 98 126 221 223
car 0.0331 17 132 129 186
car 0.0331 9 209 30 236
car 0.0329 52 142 78 167
car 0.0329 145 123 197 141
car 0.0328 201 124 215 141
car 0.0326 97 105 118 118
car 0.0326 0 213 25 248
car 0.0321 149 116 161 136
car 0.0318 477 126 500 153
car 0.0318 163 119 172 137
car 0.0317 0 137 68 239
car 0.0316 124 177 188 204
car 0.0313 151 129 173 143
car 0.0311 295 120 308 135
car 0.0309 141 103 165 141
car 0.0309 129 155 225 187
car 0.0309 362 132 382 158
car 0.0308 15 127 79 159
car 0.0308 214 124 230 141
car 0.0307 86 99 134 137
car 0.0307 0 122 59 160
car 0.0306 381 150 475 255
car 0.0305 151 98 170 141
car 0.0305 0 53 44 168
car 0.0304 171 121 190 137
car 0.0303 164 166 208 179
car 0.0303 63 180 314 265
car 0.0303 155 109 211 142
car 0.0301 202 121 237 142
car 0.0299 40 152 95 193
car 0.0298 43 124 81 172
car 0.0298 0 190 58 239
car 0.0295 82 153 158 181
car 0.0294 0 81 33 153
car 0.0294 80 105 102 115
car 0.0294 124 156 480 302
car 0.0292 278 126 326 147
car 0.0290 1 115 33 157
car 0.0289 86 100 124 123
car 0.0289 410 298 500 375
car 0.0285 45 153 125 180
car 0.0284 313 125 340 137
car 0.0284 72 144 94 160
car 0.0283 20 235 195 359
car 0.0283 250 137 272 169
car 0.0282 93 139 223 181
car 0.0281 79 143 112 155
car 0.0281 87 92 283 165
car 0.0280 96 111 135 132
car 0.0279 194 131 352 308
car 0.0279 450 125 495 142
car 0.0279 91 105 111 116
car 0.0278 64 170 174 209
car 0.0277 273 128 304 143
car 0.0276 461 273 498 355
car 0.0276 318 124 352 136
car 0.0276 56 139 125 160
car 0.0275 214 117 379 188
car 0.0274 369 132 387 156
car 0.0274 41 126 64 161
car 0.0274 91 144 128 156
car 0.0273 75 136 112 150
car 0.0272 209 125 221 140
car 0.0272 0 84 33 222
car 0.0271 69 97 99 109
car 0.0270 325 117 358 133
car 0.0270 215 124 241 138
car 0.0269 139 122 169 135
car 0.0268 98 109 114 122
car 0.0268 139 186 182 206
car 0.0267 0 196 33 245
car 0.0267 33 108 72 163
car 0.0267 443 130 470 158
car 0.0266 407 119 491 246
car 0.0266 89 97 118 108
car 0.0266 139 145 324 206
car 0.0265 46 130 64 148
car 0.0265 58 104 75 121
car 0.0264 290 122 338 140
car 0.0264 434 145 455 162
car 0.0264 112 134 161 151
car 0.0263 121 93 488 239
car 0.0263 0 130 10 187
car 0.0262 14 137 86 168
car 0.0261 306 121 330 134
car 0.0260 65 149 98 163
car 0.0259 163 104 173 135
car 0.0258 74 107 89 119
car 0.0258 123 359 188 374
car 0.0258 281 132 310 158
car 0.0258 306 129 327 146
car 0.0256 33 136 64 152
car 0.0256 201 136 243 151
car 0.0255 191 194 487 345
car 0.0254 150 112 186 140
car 0.0252 471 150 500 261
car 0.0252 160 87 177 139
car 0.0251 173 126 221 145
car 0.0251 455 149 496 162
car 0.0250 63 154 100 169
car 0.0249 87 144 183 171
car 0.0248 6 131 47 165
car 0.0248 171 192 335 263
car 0.0247 101 132 127 152
car 0.0247 171 182 229 202
car 0.0246 0 109 23 144
car 0.0245 294 131 321 158
car 0.0245 78 212 261 274
car 0.0244 49 84 127 141
car 0.0244 261 132 280 170
car 0.0243 116 120 139 141
car 0.0242 63 145 85 168
car 0.0241 5 139 30 170
car 0.0241 352 88 498 161
car 0.0240 34 167 102 200
car 0.0239 275 113 337 139
car 0.0239 106 141 157 157
car 0.0238 204 136 285 172
car 0.0238 73 100 93 111
car 0.0238 144 164 212 181
car 0.0237 309 114 361 136
car 0.0237 75 102 181 193
car 0.0237 63 92 133 114
car 0.0235 1 204 85 244
car 0.0235 161 126 173 141
chair 0.3136 298 260 410 348
chair 0.2662 181 276 286 368
chair 0.2068 158 244 314 366
chair 0.1758 234 229 410 356
chair 0.1485 189 212 344 346
chair 0.1178 205 270 379 358
chair 0.1126 454 236 477 285
chair 0.0987 81 241 240 374
chair 0.0936 253 265 327 356
chair 0.0881 228 269 308 368
chair 0.0871 200 204 356 286
chair 0.0832 181 260 310 333
chair 0.0756 293 286 378 350
chair 0.0689 253 280 295 356
chair 0.0660 89 249 190 326
chair 0.0642 451 238 468 283
chair 0.0607 229 236 347 310
chair 0.0603 252 264 336 314
chair 0.0576 180 319 270 365
chair 0.0574 280 263 366 320
chair 0.0571 303 240 449 375
chair 0.0509 278 216 363 325
chair 0.0497 189 298 281 349
chair 0.0474 301 281 350 344
chair 0.0473 280 283 327 353
chair 0.0454 312 285 407 333
chair 0.0433 134 308 282 370
chair 0.0427 226 266 357 330
chair 0.0426 254 253 391 312
chair 0.0425 259 284 417 362
chair 0.0423 295 206 415 322
chair 0.0421 188 259 298 300
chair 0.0414 298 262 345 316
chair 0.0398 304 243 376 323
chair 0.0396 195 228 283 342
chair 0.0393 314 263 410 315
chair 0.0379 226 291 283 359
chair 0.0378 255 270 309 323
chair 0.0377 263 299 314 357
chair 0.0373 354 265 409 332
chair 0.0372 445 124 499 162
chair 0.0370 291 235 351 312
chair 0.0344 470 127 497 158
chair 0.0327 177 262 269 315
chair 0.0316 122 235 303 314
chair 0.0308 273 299 295 355
chair 0.0293 176 316 346 369
chair 0.0292 196 274 285 321
chair 0.0289 188 346 269 373
chair 0.0285 264 307 290 357
chair 0.0284 264 211 344 293
chair 0.0283 198 208 275 272
chair 0.0272 262 305 364 357
chair 0.0271 229 260 330 296
chair 0.0270 463 232 500 291
chair 0.0268 212 170 426 315
chair 0.0266 279 261 358 296
chair 0.0265 182 296 263 331
chair 0.0256 94 168 303 363
chair 0.0256 448 129 479 158
chair 0.0255 197 235 324 284
chair 0.0254 365 256 476 364
chair 0.0252 303 287 380 322
chair 0.0251 305 272 391 304
chair 0.0249 446 244 457 279
chair 0.0249 172 292 248 372
chair 0.0249 187 259 260 287
chair 0.0247 469 137 497 172
chair 0.0241 346 254 411 306
chair 0.0238 172 335 254 374
chair 0.0236 203 327 295 364
chair 0.0235 132 180 183 209
chair 0.0235 115 166 234 232
chair 0.0235 286 270 337 306
chair 0.0233 299 299 385 335
chair 0.0232 109 260 238 325
chair 0.0231 247 305 284 364
chair 0.0230 292 316 418 362
chair 0.0229 258 276 300 308
chair 0.0228 279 182 469 343
chair 0.0226 269 281 346 375
chair 0.0223 336 236 413 328
chair 0.0221 163 224 258 348
chair 0.0220 253 318 303 365
chair 0.0219 444 237 462 284
chair 0.0219 190 195 235 258
chair 0.0214 372 254 414 320
chair 0.0213 467 243 488 285
chair 0.0210 191 233 267 288
chair 0.0210 459 249 482 288
chair 0.0210 284 179 316 210
chair 0.0208 167 182 233 209
chair 0.0205 464 156 494 184
chair 0.0204 235 313 272 369
chair 0.0200 460 132 488 160
person 0.1750 266 111 282 143
person 0.1583 456 232 482 285
person 0.1405 84 246 201 370
person 0.0885 268 119 284 165
person 0.0868 56 171 274 357
person 0.0673 395 155 457 250
person 0.0654 262 109 285 159
person 0.0596 272 114 289 141
person 0.0586 468 128 500 186
person 0.0542 157 188 380 369
person 0.0512 254 169 436 367
person 0.0486 0 149 21 206
person 0.0483 480 126 499 162
person 0.0480 27 22 500 375
person 0.0480 1 104 20 155
person 0.0474 468 236 486 275
person 0.0472 0 120 12 210
person 0.0449 0 148 10 202
person 0.0441 108 114 127 141
person 0.0432 287 123 302 138
person 0.0420 451 231 478 261
person 0.0418 270 283 298 356
person 0.0415 266 113 294 149
person 0.0390 373 133 384 154
person 0.0379 0 94 14 180
person 0.0372 436 137 453 158
person 0.0364 450 164 499 286
person 0.0361 272 132 290 169
person 0.0359 264 111 300 168
person 0.0351 284 133 304 166
person 0.0347 260 117 271 141
person 0.0343 0 78 24 162
person 0.0340 117 118 138 140
person 0.0340 8 135 27 174
person 0.0339 311 128 323 141
person 0.0337 128 121 146 139
person 0.0336 285 124 304 151
person 0.0332 52 207 194 351
person 0.0330 163 86 176 121
person 0.0327 94 160 173 205
person 0.0323 412 151 487 272
person 0.0320 296 131 318 164
person 0.0312 5 107 28 148
person 0.0309 386 169 466 297
person 0.0307 395 226 412 253
person 0.0301 459 222 492 278
person 0.0301 20 131 203 343
person 0.0299 3 140 30 197
person 0.0298 106 170 151 208
person 0.0294 318 127 329 141
person 0.0293 81 192 200 301
person 0.0293 376 136 384 148
person 0.0292 100 108 122 132
person 0.0292 309 128 324 149
person 0.0291 0 153 38 217
person 0.0290 0 346 21 375
person 0.0284 380 123 474 253
person 0.0284 320 144 478 365
person 0.0273 186 358 230 374
person 0.0272 126 172 182 206
person 0.0269 366 134 381 155
person 0.0269 125 175 148 207
person 0.0268 192 353 239 370
person 0.0267 182 346 256 374
person 0.0262 138 117 154 137
person 0.0258 306 134 324 162
person 0.0257 100 104 132 141
person 0.0255 316 128 330 150
person 0.0253 394 226 427 251
person 0.0251 256 112 279 152
person 0.0250 1 90 19 135
person 0.0244 477 143 500 209
person 0.0236 110 105 147 141
person 0.0236 85 295 235 374
person 0.0235 277 115 306 142
person 0.0233 257 123 272 153
person 0.0232 446 189 485 279
person 0.0229 285 180 315 209
person 0.0228 443 233 463 280
person 0.0224 156 98 168 136
person 0.0224 416 119 433 161
person 0.0223 0 98 10 154
person 0.0222 205 353 254 369
person 0.0222 485 138 500 192
person 0.0219 429 128 454 160
person 0.0219 11 5 137 138
person 0.0216 371 137 380 149
person 0.0213 442 155 496 224
person 0.0212 185 349 213 373
person 0.0210 10 205 30 231
person 0.0208 4 170 28 205
person 0.0207 315 136 331 160
person 0.0206 74 131 91 153
person 0.0205 250 108 287 145
person 0.0204 254 129 272 163
person 0.0203 350 121 361 146
pottedplant 0.0957 451 230 479 286
pottedplant 0.0758 396 200 450 249
pottedplant 0.0702 451 235 467 279
pottedplant 0.0460 398 223 447 250
pottedplant 0.0254 447 231 469 256
pottedplant 0.0249 446 241 457 275
pottedplant 0.0200 439 224 470 281
sofa 0.1917 90 246 325 367
sofa 0.1026 52 213 423 375
sofa 0.0755 118 201 358 317
sofa 0.0389 290 249 479 359
sofa 0.0312 136 190 341 274
sofa 0.0253 210 196 456 327
train 0.0685 50 92 176 142
train 0.0403 27 42 306 166
train 0.0361 80 88 226 141
train 0.0320 264 113 353 164
train 0.0281 6 0 181 185
train 0.0281 86 93 158 123
train 0.0263 249 107 293 172
train 0.0256 58 90 138 117
train 0.0227 46 72 369 192
train 0.0224 64 107 230 160
train 0.0223 0 0 500 222
train 0.0217 294 112 363 138
train 0.0213 204 109 303 176
tvmonitor 0.0547 398 192 450 249
tvmonitor 0.0533 89 245 186 326
tvmonitor 0.0265 390 158 470 250
tvmonitor 0.0211 106 244 186 285
tvmonitor 0.0200 109 268 181 321
