bird 0.0347 13 15 335 425
bird 0.0221 77 236 88 261
boat 0.0293 0 0 307 306
car 0.0969 1 310 14 352
car 0.0343 0 282 17 355
car 0.0342 31 287 40 327
car 0.0289 4 301 19 347
car 0.0288 0 301 9 356
car 0.0229 329 225 335 286
car 0.0211 23 285 42 327
horse 0.0357 0 0 299 470
person 0.0486 0 0 287 500
person 0.0438 77 235 86 277
person 0.0411 33 278 43 327
person 0.0254 163 205 169 220
person 0.0249 167 205 173 220
person 0.0244 162 192 170 216
person 0.0237 166 196 173 216
person 0.0229 199 211 205 222
person 0.0227 32 280 40 319
person 0.0225 188 200 195 215
person 0.0223 326 232 333 292
person 0.0219 194 209 200 221
person 0.0217 194 204 199 217
person 0.0211 75 231 87 303
person 0.0207 95 286 107 340
person 0.0204 31 293 40 330
person 0.0201 78 241 86 259
person 0.0201 187 205 195 219
train 0.8102 127 211 236 333
train 0.0980 129 219 184 332
train 0.0972 189 217 236 330
train 0.0841 87 161 229 334
train 0.0798 110 201 288 356
train 0.0626 90 214 200 324
train 0.0566 132 259 215 334
train 0.0523 165 217 262 322
train 0.0480 150 210 212 238
train 0.0420 206 224 235 313
train 0.0393 138 215 200 245
train 0.0380 29 182 254 369
train 0.0342 134 201 233 280
train 0.0338 168 205 196 219
train 0.0331 47 193 164 336
train 0.0323 158 203 203 225
train 0.0322 255 126 321 397
train 0.0320 184 163 312 362
train 0.0306 112 175 258 488
train 0.0300 178 205 204 219
train 0.0300 175 202 198 215
train 0.0281 154 216 215 251
train 0.0258 125 220 183 256
train 0.0243 174 275 235 334
train 0.0241 159 214 194 232
train 0.0238 162 206 184 219
train 0.0229 306 212 333 310
train 0.0225 179 217 231 253
train 0.0225 169 202 190 215
train 0.0223 196 254 231 323
train 0.0219 168 198 209 218
train 0.0216 72 97 286 339
train 0.0216 175 205 190 217
train 0.0212 185 205 198 217
train 0.0211 153 222 183 238
train 0.0210 127 227 172 272
train 0.0205 166 228 222 339
train 0.0204 12 34 237 357
train 0.0203 276 164 331 431
train 0.0202 127 223 164 310
train 0.0201 185 228 230 277
