cat 0.5290 238 124 466 208
cat 0.2219 27 108 227 157
cat 0.1155 232 118 333 153
cat 0.1122 339 151 455 207
cat 0.0979 232 121 387 163
cat 0.0764 99 122 438 195
cat 0.0646 304 121 492 239
cat 0.0603 229 114 296 146
cat 0.0521 135 111 230 155
cat 0.0516 460 185 498 257
cat 0.0407 250 153 482 225
cat 0.0404 334 128 481 197
cat 0.0386 126 114 334 168
cat 0.0375 238 121 353 191
cat 0.0330 401 153 496 250
cat 0.0306 376 150 462 193
cat 0.0300 47 97 290 172
cat 0.0298 375 140 500 207
cat 0.0270 17 110 295 214
cat 0.0264 240 181 494 249
cat 0.0238 249 122 366 147
cat 0.0226 0 206 121 262
cat 0.0226 203 103 304 152
cat 0.0223 0 249 53 261
cat 0.0222 224 122 286 156
cat 0.0207 294 135 416 208
cat 0.0207 0 239 93 261
chair 0.0639 219 98 451 195
chair 0.0630 9 12 192 163
chair 0.0515 0 171 358 257
chair 0.0498 0 114 223 249
chair 0.0469 261 39 481 215
chair 0.0441 0 31 122 157
chair 0.0388 195 156 500 251
chair 0.0383 346 31 496 192
chair 0.0320 0 98 123 262
chair 0.0317 6 16 87 121
chair 0.0313 173 64 429 163
chair 0.0306 406 165 496 257
chair 0.0299 415 47 498 164
chair 0.0299 0 34 56 132
chair 0.0291 334 135 492 257
chair 0.0286 453 153 500 261
chair 0.0275 4 151 94 262
chair 0.0272 1 178 166 262
chair 0.0262 160 29 500 262
chair 0.0260 320 105 490 193
chair 0.0260 37 57 226 151
chair 0.0260 0 215 212 260
chair 0.0251 265 3 500 122
chair 0.0248 27 14 125 116
chair 0.0246 55 143 465 236
chair 0.0245 409 89 498 190
chair 0.0238 373 75 483 171
chair 0.0235 202 97 406 159
chair 0.0224 395 131 493 217
chair 0.0218 260 136 500 216
chair 0.0216 231 84 358 145
chair 0.0214 0 37 355 262
chair 0.0206 274 93 492 162
chair 0.0200 1 39 46 98
dog 0.4317 15 109 222 158
dog 0.1211 244 133 481 246
dog 0.0921 7 69 194 154
dog 0.0853 230 109 486 205
dog 0.0779 87 101 246 150
dog 0.0451 35 116 364 183
dog 0.0447 289 139 500 203
dog 0.0403 6 106 261 209
dog 0.0392 228 121 393 157
dog 0.0366 237 103 415 175
dog 0.0357 20 114 123 157
dog 0.0351 54 89 361 161
dog 0.0317 223 100 377 149
dog 0.0292 10 101 167 146
dog 0.0290 149 101 294 148
dog 0.0282 26 129 409 213
dog 0.0274 5 78 110 160
dog 0.0244 60 103 204 140
dog 0.0242 0 242 66 262
dog 0.0221 251 156 446 206
dog 0.0214 47 122 248 168
dog 0.0212 243 116 349 143
dog 0.0206 230 103 316 142
dog 0.0204 353 112 485 180
dog 0.0204 0 214 155 261
person 0.0318 167 29 433 200
person 0.0307 0 36 71 125
person 0.0295 220 130 427 255
person 0.0286 222 80 298 145
person 0.0283 458 182 499 258
person 0.0258 221 84 254 134
person 0.0251 98 46 166 122
person 0.0246 113 57 154 116
person 0.0243 48 36 124 116
person 0.0242 476 89 500 143
person 0.0240 189 69 262 139
person 0.0236 433 81 496 184
person 0.0236 157 67 233 146
person 0.0232 127 64 168 118
person 0.0228 231 89 280 133
person 0.0227 0 249 70 262
person 0.0214 124 48 198 132
person 0.0205 98 58 139 114
person 0.0202 62 59 108 109
pottedplant 0.0221 460 77 499 144
sofa 0.6421 1 21 500 237
sofa 0.3108 18 19 448 146
sofa 0.2290 86 102 487 249
sofa 0.2141 239 105 488 218
sofa 0.1260 164 49 494 192
sofa 0.1126 37 119 446 200
sofa 0.1115 5 62 209 158
sofa 0.0949 0 149 406 259
sofa 0.0727 0 54 289 228
sofa 0.0488 0 106 180 255
sofa 0.0444 8 21 145 147
sofa 0.0404 104 4 490 106
sofa 0.0311 0 106 246 193
sofa 0.0287 0 8 285 112
sofa 0.0280 79 27 350 193
sofa 0.0262 65 34 244 162
sofa 0.0247 167 93 446 174
sofa 0.0229 80 70 419 151
tvmonitor 0.0279 461 206 499 255
