bicycle 0.0385 29 0 370 343
boat 0.0373 19 22 500 336
bottle 0.0856 452 23 486 71
bottle 0.0695 83 53 109 104
bottle 0.0654 248 23 264 66
bottle 0.0445 246 16 268 82
bottle 0.0283 249 0 270 64
bottle 0.0278 448 26 470 64
bottle 0.0264 466 25 489 63
bottle 0.0255 74 66 91 103
bottle 0.0248 255 121 282 160
bottle 0.0234 248 129 287 167
bottle 0.0229 79 68 101 103
bottle 0.0224 461 23 483 57
bottle 0.0220 247 150 278 171
bottle 0.0208 0 233 21 270
bottle 0.0202 458 12 495 66
cat 0.2358 182 119 262 233
cat 0.1375 183 112 284 187
cat 0.1090 203 114 302 246
cat 0.0962 148 117 253 191
cat 0.0853 197 119 267 173
cat 0.0834 219 111 296 168
cat 0.0642 229 126 258 167
cat 0.0597 185 138 260 187
cat 0.0481 242 118 285 168
cat 0.0455 176 115 257 160
cat 0.0316 183 154 236 185
cat 0.0273 233 123 272 160
cat 0.0267 79 360 139 374
cat 0.0253 173 119 228 178
cat 0.0248 169 136 246 205
cat 0.0241 211 125 255 156
cat 0.0207 142 144 222 187
chair 0.7757 395 87 500 320
chair 0.6335 26 101 232 311
chair 0.6259 283 106 363 258
chair 0.3319 21 101 137 293
chair 0.2844 180 112 286 261
chair 0.2309 139 111 267 304
chair 0.2270 213 146 295 259
chair 0.2100 239 117 356 326
chair 0.1767 335 97 483 300
chair 0.1652 55 129 326 338
chair 0.1598 397 84 474 221
chair 0.1502 158 113 266 216
chair 0.1455 29 100 116 225
chair 0.1384 251 112 329 245
chair 0.1380 355 98 428 253
chair 0.1374 8 140 102 306
chair 0.1171 174 99 367 280
chair 0.1126 119 121 227 274
chair 0.1123 443 98 500 247
chair 0.1121 176 141 244 293
chair 0.1120 43 107 245 222
chair 0.1118 1 182 166 317
chair 0.1095 281 104 414 296
chair 0.1077 409 186 498 318
chair 0.1057 215 200 356 375
chair 0.0976 472 99 500 151
chair 0.0970 401 88 480 161
chair 0.0933 280 109 344 209
chair 0.0902 229 112 304 214
chair 0.0864 180 109 321 202
chair 0.0835 5 53 105 250
chair 0.0775 262 138 310 243
chair 0.0758 118 116 240 184
chair 0.0745 350 119 388 235
chair 0.0734 245 112 296 166
chair 0.0720 460 107 498 196
chair 0.0689 243 82 373 245
chair 0.0680 297 52 409 240
chair 0.0675 347 42 447 237
chair 0.0675 243 161 296 251
chair 0.0673 428 91 492 205
chair 0.0649 27 92 188 196
chair 0.0635 132 167 224 326
chair 0.0629 263 113 303 177
chair 0.0629 321 115 375 234
chair 0.0627 356 116 408 223
chair 0.0622 386 99 446 243
chair 0.0617 462 80 497 144
chair 0.0617 397 85 461 137
chair 0.0606 395 88 443 194
chair 0.0605 0 115 186 245
chair 0.0570 237 160 339 256
chair 0.0561 439 90 500 162
chair 0.0556 35 216 228 332
chair 0.0541 371 62 500 232
chair 0.0530 107 93 299 215
chair 0.0529 379 58 459 186
chair 0.0528 338 168 500 339
chair 0.0521 288 109 349 162
chair 0.0519 387 168 452 287
chair 0.0512 7 56 391 306
chair 0.0506 267 120 308 206
chair 0.0498 3 242 139 325
chair 0.0483 370 75 430 206
chair 0.0477 353 29 412 160
chair 0.0471 308 111 357 193
chair 0.0465 93 179 190 325
chair 0.0460 144 165 314 372
chair 0.0458 201 104 426 355
chair 0.0452 185 146 264 244
chair 0.0435 201 160 244 254
chair 0.0433 238 106 327 173
chair 0.0432 460 102 498 136
chair 0.0430 0 206 309 360
chair 0.0429 358 77 409 188
chair 0.0428 444 211 498 318
chair 0.0426 0 118 66 292
chair 0.0424 147 113 254 165
chair 0.0424 446 94 484 144
chair 0.0418 365 66 403 136
chair 0.0410 0 209 20 262
chair 0.0406 55 203 148 325
chair 0.0392 373 140 424 248
chair 0.0389 188 175 232 269
chair 0.0388 56 101 129 188
chair 0.0380 461 41 496 133
chair 0.0374 93 105 199 236
chair 0.0373 159 100 298 169
chair 0.0370 382 75 452 127
chair 0.0369 309 88 380 202
chair 0.0366 290 110 342 141
chair 0.0365 378 120 418 200
chair 0.0364 402 87 451 118
chair 0.0363 283 107 410 206
chair 0.0354 377 76 500 144
chair 0.0352 52 95 153 237
chair 0.0350 378 89 395 128
chair 0.0350 331 113 371 187
chair 0.0350 5 95 133 170
chair 0.0346 5 192 75 302
chair 0.0343 426 85 488 135
chair 0.0340 356 172 436 304
chair 0.0337 462 108 485 139
chair 0.0333 53 54 88 106
chair 0.0333 387 125 488 247
chair 0.0332 249 154 305 215
chair 0.0331 253 209 498 357
chair 0.0330 248 131 305 192
chair 0.0329 112 239 234 332
chair 0.0328 219 169 269 254
chair 0.0327 387 49 469 137
chair 0.0327 254 20 443 302
chair 0.0326 458 133 500 233
chair 0.0326 379 78 416 138
chair 0.0324 400 92 441 153
chair 0.0322 357 66 448 146
chair 0.0322 473 70 500 189
chair 0.0320 3 240 92 305
chair 0.0318 427 144 494 282
chair 0.0317 443 109 488 189
chair 0.0313 130 117 212 159
chair 0.0313 1 187 46 290
chair 0.0310 346 86 392 186
chair 0.0306 473 125 500 203
chair 0.0306 16 6 169 300
chair 0.0302 37 146 178 279
chair 0.0301 464 123 499 160
chair 0.0298 397 87 430 137
chair 0.0296 433 32 496 141
chair 0.0295 355 126 376 188
chair 0.0295 43 61 121 170
chair 0.0293 216 118 350 189
chair 0.0291 394 201 471 299
chair 0.0289 373 229 491 325
chair 0.0288 99 124 196 184
chair 0.0285 206 194 243 276
chair 0.0284 167 185 228 308
chair 0.0282 467 113 497 143
chair 0.0280 34 44 174 170
chair 0.0280 198 134 303 189
chair 0.0279 275 146 350 304
chair 0.0278 379 177 428 273
chair 0.0274 389 216 436 286
chair 0.0270 256 109 307 152
chair 0.0270 69 19 129 143
chair 0.0268 184 109 266 159
chair 0.0267 267 110 296 158
chair 0.0264 0 5 64 248
chair 0.0263 401 144 457 258
chair 0.0263 75 57 108 105
chair 0.0263 251 170 404 257
chair 0.0263 345 60 397 146
chair 0.0261 82 156 250 368
chair 0.0261 290 152 347 254
chair 0.0260 237 143 286 229
chair 0.0259 392 111 436 175
chair 0.0259 155 212 265 322
chair 0.0258 301 107 363 150
chair 0.0257 89 103 140 183
chair 0.0256 452 103 477 136
chair 0.0252 127 140 209 187
chair 0.0251 442 101 476 159
chair 0.0250 401 73 487 125
chair 0.0250 364 150 401 239
chair 0.0249 324 73 418 163
chair 0.0248 221 109 296 150
chair 0.0247 329 68 373 129
chair 0.0245 399 88 422 121
chair 0.0244 355 110 409 166
chair 0.0243 176 176 298 293
chair 0.0243 349 168 383 244
chair 0.0243 0 170 27 298
chair 0.0242 397 105 500 179
chair 0.0241 403 119 449 203
chair 0.0238 82 44 119 120
chair 0.0237 284 98 377 168
chair 0.0236 339 222 451 312
chair 0.0234 36 99 108 161
chair 0.0234 173 113 224 165
chair 0.0231 331 91 370 155
chair 0.0231 458 179 500 275
chair 0.0230 60 48 113 128
chair 0.0229 335 90 471 162
chair 0.0227 445 97 471 131
chair 0.0225 394 129 434 221
chair 0.0224 375 191 425 242
chair 0.0223 380 164 442 238
chair 0.0223 191 171 296 237
chair 0.0222 44 59 97 128
chair 0.0221 79 95 122 157
chair 0.0221 481 97 500 137
chair 0.0221 372 73 394 127
chair 0.0220 61 78 329 257
chair 0.0218 0 233 23 261
chair 0.0218 167 162 237 244
chair 0.0218 411 112 471 169
chair 0.0217 372 107 423 164
chair 0.0217 51 141 135 203
chair 0.0216 356 178 418 245
chair 0.0215 29 140 477 375
chair 0.0214 1 238 43 306
chair 0.0213 262 177 315 264
chair 0.0212 191 205 234 295
chair 0.0210 459 117 490 169
chair 0.0210 95 159 136 185
chair 0.0208 236 149 314 186
chair 0.0206 81 131 158 272
chair 0.0204 297 84 372 141
chair 0.0204 1 202 42 258
chair 0.0202 446 54 486 127
chair 0.0201 290 76 500 375
chair 0.0201 478 155 500 243
chair 0.0201 208 190 282 268
diningtable 0.1621 9 167 248 325
diningtable 0.1305 4 99 328 332
diningtable 0.1103 126 104 377 261
diningtable 0.0808 210 92 430 331
diningtable 0.0759 255 110 455 251
diningtable 0.0568 207 115 367 237
diningtable 0.0567 320 114 500 286
diningtable 0.0543 69 133 310 288
diningtable 0.0530 105 83 500 303
diningtable 0.0504 32 228 287 342
diningtable 0.0306 317 97 482 218
diningtable 0.0275 116 196 383 343
diningtable 0.0258 88 236 257 314
diningtable 0.0242 176 149 350 265
diningtable 0.0224 397 113 500 189
diningtable 0.0209 227 183 500 324
diningtable 0.0205 275 157 462 278
dog 0.7667 222 236 331 375
dog 0.1827 202 152 329 354
dog 0.0641 253 242 336 335
dog 0.0532 229 233 432 363
dog 0.0482 166 113 264 166
dog 0.0441 180 128 264 186
dog 0.0354 120 245 335 358
dog 0.0335 195 129 258 167
dog 0.0331 181 154 250 188
dog 0.0317 221 244 313 314
dog 0.0252 185 226 306 335
dog 0.0242 219 290 308 375
dog 0.0238 233 237 380 313
dog 0.0229 209 199 325 307
dog 0.0216 288 243 342 314
dog 0.0208 147 181 305 375
dog 0.0202 269 263 330 375
person 0.0772 248 112 292 165
person 0.0651 15 13 288 341
person 0.0337 214 113 262 168
person 0.0315 255 0 268 39
person 0.0298 237 120 268 163
person 0.0294 161 61 303 233
person 0.0254 246 0 269 70
person 0.0248 251 121 276 159
person 0.0217 268 112 297 163
person 0.0213 258 0 268 16
person 0.0202 168 256 219 317
pottedplant 0.3521 73 17 131 100
pottedplant 0.1695 0 0 78 107
pottedplant 0.1672 350 19 429 123
pottedplant 0.1443 39 9 117 105
pottedplant 0.1129 67 34 108 106
pottedplant 0.1126 49 51 86 107
pottedplant 0.1095 80 18 133 64
pottedplant 0.1087 30 12 128 160
pottedplant 0.1003 3 1 97 171
pottedplant 0.0988 360 33 405 125
pottedplant 0.0971 38 31 76 104
pottedplant 0.0879 410 26 448 69
pottedplant 0.0879 327 6 450 189
pottedplant 0.0825 57 4 144 123
pottedplant 0.0755 364 39 485 269
pottedplant 0.0745 17 34 140 236
pottedplant 0.0707 2 0 56 73
pottedplant 0.0698 74 24 113 69
pottedplant 0.0681 22 0 76 69
pottedplant 0.0640 322 0 416 115
pottedplant 0.0636 345 52 444 141
pottedplant 0.0633 339 41 472 112
pottedplant 0.0622 48 7 86 79
pottedplant 0.0621 86 28 123 79
pottedplant 0.0619 362 21 448 82
pottedplant 0.0598 374 67 398 128
pottedplant 0.0572 63 8 123 60
pottedplant 0.0553 54 59 77 102
pottedplant 0.0545 16 42 63 109
pottedplant 0.0545 413 27 500 338
pottedplant 0.0526 102 24 127 60
pottedplant 0.0523 82 30 111 94
pottedplant 0.0517 248 110 294 163
pottedplant 0.0517 2 38 41 114
pottedplant 0.0513 280 35 407 242
pottedplant 0.0492 18 5 125 68
pottedplant 0.0478 307 9 500 118
pottedplant 0.0473 28 19 83 86
pottedplant 0.0463 369 39 500 149
pottedplant 0.0463 401 26 457 96
pottedplant 0.0437 455 22 492 80
pottedplant 0.0428 0 1 74 44
pottedplant 0.0428 418 25 475 73
pottedplant 0.0426 0 133 16 167
pottedplant 0.0425 294 16 379 142
pottedplant 0.0423 52 21 80 65
pottedplant 0.0419 97 20 130 45
pottedplant 0.0418 34 76 52 105
pottedplant 0.0413 6 40 72 156
pottedplant 0.0411 356 29 412 82
pottedplant 0.0403 0 0 46 17
pottedplant 0.0397 33 52 61 108
pottedplant 0.0396 0 0 27 28
pottedplant 0.0380 322 12 500 332
pottedplant 0.0379 87 22 124 51
pottedplant 0.0377 38 40 104 122
pottedplant 0.0370 226 109 285 150
pottedplant 0.0367 423 34 451 66
pottedplant 0.0367 50 40 81 81
pottedplant 0.0365 9 9 202 333
pottedplant 0.0363 392 36 440 110
pottedplant 0.0363 66 11 153 75
pottedplant 0.0362 393 15 439 73
pottedplant 0.0356 439 28 494 134
pottedplant 0.0351 94 29 119 64
pottedplant 0.0349 50 55 119 102
pottedplant 0.0349 0 139 9 173
pottedplant 0.0349 42 63 57 103
pottedplant 0.0346 345 0 464 98
pottedplant 0.0344 363 60 427 126
pottedplant 0.0343 262 0 432 136
pottedplant 0.0339 292 41 429 109
pottedplant 0.0336 75 20 124 40
pottedplant 0.0332 228 111 267 128
pottedplant 0.0328 403 15 494 122
pottedplant 0.0305 0 0 38 48
pottedplant 0.0304 84 0 167 97
pottedplant 0.0304 51 70 70 104
pottedplant 0.0303 5 56 41 156
pottedplant 0.0302 104 33 124 70
pottedplant 0.0299 233 109 288 131
pottedplant 0.0296 15 0 174 111
pottedplant 0.0295 0 30 47 180
pottedplant 0.0294 411 27 445 50
pottedplant 0.0289 204 109 267 149
pottedplant 0.0288 339 57 400 120
pottedplant 0.0287 53 39 129 90
pottedplant 0.0286 65 29 83 59
pottedplant 0.0286 0 0 55 28
pottedplant 0.0281 212 0 469 325
pottedplant 0.0276 99 32 125 89
pottedplant 0.0272 328 62 375 122
pottedplant 0.0272 0 116 12 175
pottedplant 0.0272 66 0 205 176
pottedplant 0.0271 385 26 422 81
pottedplant 0.0270 39 79 60 103
pottedplant 0.0269 13 66 67 120
pottedplant 0.0268 57 38 77 63
pottedplant 0.0268 348 22 397 93
pottedplant 0.0268 78 53 113 103
pottedplant 0.0261 23 52 91 148
pottedplant 0.0261 0 0 23 15
pottedplant 0.0260 57 13 77 49
pottedplant 0.0257 0 0 36 102
pottedplant 0.0255 47 0 78 56
pottedplant 0.0252 277 63 393 161
pottedplant 0.0252 28 78 46 106
pottedplant 0.0252 361 40 393 90
pottedplant 0.0250 234 116 256 142
pottedplant 0.0250 388 22 496 78
pottedplant 0.0246 99 17 145 88
pottedplant 0.0246 195 111 260 130
pottedplant 0.0244 51 49 81 69
pottedplant 0.0243 0 3 22 45
pottedplant 0.0242 0 146 21 165
pottedplant 0.0241 72 25 94 61
pottedplant 0.0240 407 34 431 70
pottedplant 0.0240 60 71 82 104
pottedplant 0.0236 3 38 91 96
pottedplant 0.0235 265 113 292 155
pottedplant 0.0235 345 20 427 64
pottedplant 0.0235 69 57 95 103
pottedplant 0.0234 28 57 49 105
pottedplant 0.0232 251 116 276 154
pottedplant 0.0231 418 25 454 58
pottedplant 0.0231 50 25 99 70
pottedplant 0.0228 0 57 20 101
pottedplant 0.0226 383 69 447 116
pottedplant 0.0225 28 69 58 118
pottedplant 0.0225 49 29 71 59
pottedplant 0.0224 39 61 69 103
pottedplant 0.0223 262 110 293 133
pottedplant 0.0221 409 25 431 57
pottedplant 0.0218 74 19 102 49
pottedplant 0.0218 237 113 268 136
pottedplant 0.0217 405 2 451 74
pottedplant 0.0217 247 111 279 139
pottedplant 0.0217 34 69 85 116
pottedplant 0.0211 399 31 421 68
pottedplant 0.0211 13 0 67 16
pottedplant 0.0210 37 7 107 48
pottedplant 0.0207 235 123 256 155
pottedplant 0.0206 441 4 491 74
pottedplant 0.0205 236 115 268 159
pottedplant 0.0205 217 112 276 135
pottedplant 0.0204 2 78 52 140
pottedplant 0.0200 219 110 257 162
pottedplant 0.0200 83 0 141 50
sofa 0.1083 91 109 308 253
sofa 0.0562 158 102 370 232
sofa 0.0470 0 87 391 352
sofa 0.0366 185 159 346 346
sofa 0.0357 38 92 290 192
sofa 0.0300 173 105 300 160
sofa 0.0284 232 226 464 346
sofa 0.0259 137 98 317 179
tvmonitor 0.0860 50 50 82 103
tvmonitor 0.0327 58 57 101 104
tvmonitor 0.0238 58 74 84 103
