aeroplane 0.0464 0 325 73 347
aeroplane 0.0419 0 330 48 347
aeroplane 0.0218 0 336 70 348
bicycle 0.0280 0 271 86 348
bicycle 0.0220 0 317 83 347
bird 0.0664 331 173 360 190
bird 0.0592 0 144 40 184
bird 0.0400 331 0 371 7
bird 0.0377 172 102 215 155
bird 0.0369 186 111 214 152
bird 0.0340 312 0 392 8
bird 0.0305 0 131 67 185
bird 0.0302 0 144 24 176
bird 0.0293 14 332 75 346
bird 0.0288 31 0 500 258
bird 0.0282 0 155 21 188
bird 0.0247 154 111 206 154
bird 0.0241 115 25 143 46
bird 0.0226 336 180 368 191
bird 0.0225 109 57 377 175
bird 0.0205 0 168 37 185
boat 0.0477 314 171 363 190
boat 0.0300 0 329 34 348
boat 0.0264 301 160 362 189
boat 0.0225 302 175 342 188
boat 0.0217 299 143 374 192
bottle 0.0541 329 169 360 188
bottle 0.0453 314 157 361 187
bottle 0.0320 188 112 211 149
bottle 0.0253 308 166 346 187
bottle 0.0204 333 154 359 184
car 0.0289 0 331 42 347
chair 0.0505 310 159 363 189
chair 0.0492 300 145 374 188
chair 0.0235 328 165 368 190
chair 0.0210 185 111 220 153
diningtable 0.0273 297 141 381 190
dog 0.0825 0 0 458 197
dog 0.0757 4 21 500 348
dog 0.0294 224 56 500 348
dog 0.0227 39 176 500 348
person 0.8261 310 84 376 187
person 0.0945 246 77 374 183
person 0.0942 305 137 367 189
person 0.0670 327 86 409 190
person 0.0659 337 90 374 170
person 0.0455 321 82 378 138
person 0.0449 298 75 439 201
person 0.0444 326 172 359 190
person 0.0386 279 123 382 188
person 0.0368 9 0 471 300
person 0.0356 0 325 52 347
person 0.0321 0 275 51 348
person 0.0320 278 76 387 232
person 0.0317 0 120 37 178
person 0.0315 0 105 105 348
person 0.0315 0 322 25 348
person 0.0309 183 105 217 151
person 0.0306 313 116 360 181
person 0.0290 15 326 73 347
person 0.0276 347 107 377 176
person 0.0261 0 247 76 348
person 0.0259 375 85 468 193
person 0.0253 21 325 45 348
person 0.0247 332 84 413 142
person 0.0241 304 163 359 188
person 0.0241 162 57 380 185
person 0.0224 301 93 355 167
person 0.0223 0 92 27 173
person 0.0217 305 127 401 211
person 0.0207 297 172 308 189
person 0.0206 225 83 325 187
person 0.0202 197 113 225 152
person 0.0201 327 84 365 116
person 0.0201 0 293 30 348
sheep 0.1233 17 0 500 212
sheep 0.0290 231 0 488 179
sheep 0.0290 48 0 408 101
sheep 0.0272 175 0 500 83
sheep 0.0262 120 0 397 177
