bird 0.0237 446 0 500 45
bird 0.0208 2 91 91 206
boat 0.0717 480 224 499 268
boat 0.0674 148 220 491 381
boat 0.0538 51 115 499 386
boat 0.0535 3 71 90 129
boat 0.0387 388 188 481 215
boat 0.0359 0 0 109 63
boat 0.0334 477 195 500 266
boat 0.0330 3 308 136 386
boat 0.0314 384 185 496 231
boat 0.0290 480 193 498 232
boat 0.0252 272 137 500 328
boat 0.0240 30 269 250 373
boat 0.0237 416 193 498 223
boat 0.0232 358 67 495 309
boat 0.0222 25 105 78 128
boat 0.0213 403 109 482 224
boat 0.0209 468 192 497 227
boat 0.0209 11 348 130 383
boat 0.0204 0 36 113 127
boat 0.0201 76 310 265 383
bottle 0.2751 410 67 465 195
bottle 0.1819 332 0 366 62
bottle 0.1625 423 65 458 136
bottle 0.1472 0 0 70 128
bottle 0.1191 301 65 358 152
bottle 0.0975 405 42 490 210
bottle 0.0960 336 2 358 45
bottle 0.0948 413 52 475 150
bottle 0.0848 425 1 499 96
bottle 0.0836 314 67 396 198
bottle 0.0775 346 6 374 52
bottle 0.0774 332 6 408 70
bottle 0.0769 8 14 124 135
bottle 0.0759 340 87 395 182
bottle 0.0755 45 0 106 39
bottle 0.0629 343 66 430 201
bottle 0.0613 363 98 383 133
bottle 0.0603 334 1 372 32
bottle 0.0596 14 75 96 129
bottle 0.0588 357 66 402 166
bottle 0.0588 386 12 477 164
bottle 0.0586 300 42 372 187
bottle 0.0544 349 28 416 76
bottle 0.0544 460 33 499 114
bottle 0.0530 383 62 462 149
bottle 0.0524 312 0 357 52
bottle 0.0521 11 0 103 51
bottle 0.0514 418 85 461 156
bottle 0.0514 362 98 394 166
bottle 0.0513 25 192 240 354
bottle 0.0509 477 58 500 111
bottle 0.0504 432 63 484 126
bottle 0.0498 405 124 461 192
bottle 0.0497 302 14 417 181
bottle 0.0483 353 60 386 143
bottle 0.0482 413 58 468 113
bottle 0.0471 315 14 334 50
bottle 0.0465 320 0 383 78
bottle 0.0464 324 0 360 30
bottle 0.0464 350 37 413 151
bottle 0.0463 358 52 399 127
bottle 0.0456 355 101 377 131
bottle 0.0456 35 0 68 49
bottle 0.0450 330 107 405 206
bottle 0.0449 356 109 400 189
bottle 0.0448 12 45 64 125
bottle 0.0445 345 8 441 86
bottle 0.0440 354 15 372 56
bottle 0.0434 376 0 494 77
bottle 0.0430 301 81 332 143
bottle 0.0428 311 2 340 43
bottle 0.0427 418 44 494 116
bottle 0.0421 35 65 67 124
bottle 0.0421 348 101 394 143
bottle 0.0421 321 4 340 34
bottle 0.0416 6 44 101 190
bottle 0.0413 370 99 388 139
bottle 0.0407 317 10 344 57
bottle 0.0406 306 6 370 106
bottle 0.0398 391 30 412 68
bottle 0.0397 446 60 500 119
bottle 0.0395 321 11 338 47
bottle 0.0389 366 91 381 126
bottle 0.0389 397 111 439 189
bottle 0.0378 406 11 470 92
bottle 0.0365 451 74 476 105
bottle 0.0364 362 51 438 161
bottle 0.0364 314 0 465 53
bottle 0.0363 331 0 392 48
bottle 0.0362 24 204 125 343
bottle 0.0357 314 35 475 214
bottle 0.0356 412 33 453 98
bottle 0.0353 54 3 83 39
bottle 0.0349 361 65 382 128
bottle 0.0349 36 34 99 128
bottle 0.0348 327 64 371 140
bottle 0.0345 296 0 336 53
bottle 0.0344 479 222 500 277
bottle 0.0341 303 96 324 139
bottle 0.0341 461 74 482 104
bottle 0.0339 317 1 347 24
bottle 0.0337 384 26 417 79
bottle 0.0336 350 10 390 65
bottle 0.0336 331 12 355 55
bottle 0.0333 312 4 481 121
bottle 0.0333 391 113 475 207
bottle 0.0331 352 44 413 70
bottle 0.0326 312 86 353 175
bottle 0.0325 359 40 423 87
bottle 0.0320 369 55 419 123
bottle 0.0318 9 0 60 73
bottle 0.0315 305 6 327 54
bottle 0.0314 374 113 414 189
bottle 0.0313 307 24 385 144
bottle 0.0310 437 78 458 127
bottle 0.0309 49 207 174 340
bottle 0.0299 448 75 467 112
bottle 0.0297 364 59 493 263
bottle 0.0294 396 67 443 136
bottle 0.0294 436 22 500 193
bottle 0.0291 328 0 386 22
bottle 0.0291 471 71 494 104
bottle 0.0291 330 94 377 168
bottle 0.0290 342 18 402 106
bottle 0.0288 301 0 350 32
bottle 0.0287 26 15 58 94
bottle 0.0287 341 1 366 25
bottle 0.0287 346 107 365 131
bottle 0.0286 331 0 352 24
bottle 0.0285 440 68 457 113
bottle 0.0285 352 76 378 129
bottle 0.0281 26 259 197 337
bottle 0.0281 424 92 456 128
bottle 0.0279 372 75 416 151
bottle 0.0274 50 86 94 123
bottle 0.0272 427 64 453 112
bottle 0.0271 40 1 104 103
bottle 0.0271 363 41 463 123
bottle 0.0270 41 8 59 50
bottle 0.0270 368 79 379 118
bottle 0.0267 454 74 489 113
bottle 0.0266 304 65 353 115
bottle 0.0265 357 91 373 123
bottle 0.0264 41 1 142 49
bottle 0.0263 292 1 320 47
bottle 0.0261 408 131 436 185
bottle 0.0260 33 3 57 40
bottle 0.0260 53 18 157 142
bottle 0.0259 377 28 443 77
bottle 0.0258 339 100 355 130
bottle 0.0258 309 8 325 40
bottle 0.0254 341 113 373 134
bottle 0.0253 65 1 97 37
bottle 0.0251 329 125 364 184
bottle 0.0249 373 29 414 63
bottle 0.0249 348 106 388 129
bottle 0.0248 371 78 384 122
bottle 0.0246 26 107 74 127
bottle 0.0246 28 86 81 127
bottle 0.0245 314 26 335 58
bottle 0.0245 331 9 376 42
bottle 0.0240 469 49 498 101
bottle 0.0237 312 17 366 72
bottle 0.0234 364 3 423 65
bottle 0.0234 461 69 500 139
bottle 0.0233 333 1 432 35
bottle 0.0232 116 0 156 43
bottle 0.0232 326 83 353 139
bottle 0.0232 301 8 317 50
bottle 0.0232 284 0 375 61
bottle 0.0231 0 289 50 386
bottle 0.0229 354 7 380 37
bottle 0.0228 8 276 140 370
bottle 0.0228 406 49 487 84
bottle 0.0221 1 0 48 52
bottle 0.0220 48 85 67 124
bottle 0.0219 474 18 500 106
bottle 0.0219 309 90 361 140
bottle 0.0219 75 222 230 333
bottle 0.0217 323 22 360 60
bottle 0.0217 394 66 496 133
bottle 0.0216 356 18 381 48
bottle 0.0215 385 49 415 76
bottle 0.0213 355 23 401 55
bottle 0.0213 328 135 351 188
bottle 0.0213 297 60 404 131
bottle 0.0213 294 62 436 252
bottle 0.0212 381 56 446 103
bottle 0.0211 41 63 61 107
bottle 0.0210 386 26 406 57
bottle 0.0208 70 0 124 44
bottle 0.0207 481 40 500 93
bottle 0.0207 418 64 453 87
bottle 0.0205 408 99 447 178
bottle 0.0204 482 189 500 265
bottle 0.0203 358 80 371 115
bottle 0.0203 403 1 456 66
bottle 0.0203 445 70 471 96
bottle 0.0200 370 51 414 82
bottle 0.0200 318 33 399 69
bottle 0.0200 369 48 449 83
cat 0.7976 23 11 308 244
cat 0.1182 101 5 280 191
cat 0.0899 0 201 348 358
cat 0.0830 432 0 499 84
cat 0.0784 7 9 184 226
cat 0.0758 0 28 457 344
cat 0.0612 157 0 317 236
cat 0.0522 20 166 218 233
cat 0.0484 178 5 317 133
cat 0.0483 33 194 224 332
cat 0.0474 0 106 284 236
cat 0.0419 9 140 143 222
cat 0.0392 27 180 256 274
cat 0.0378 10 79 100 213
cat 0.0353 451 0 499 57
cat 0.0347 97 163 285 240
cat 0.0324 146 3 244 58
cat 0.0321 11 156 109 210
cat 0.0320 104 0 272 106
cat 0.0277 214 35 310 208
cat 0.0269 162 2 302 62
cat 0.0263 18 167 102 198
cat 0.0248 29 117 378 276
cat 0.0229 75 1 227 75
cat 0.0223 111 11 182 130
cat 0.0221 116 2 180 61
cat 0.0219 163 123 306 235
cat 0.0218 159 7 253 119
cat 0.0216 6 131 94 197
cat 0.0215 42 18 260 140
cat 0.0208 4 83 165 321
cat 0.0205 56 36 238 215
chair 0.1557 13 3 362 352
chair 0.0675 139 171 493 386
chair 0.0531 0 5 106 130
chair 0.0492 0 0 56 116
chair 0.0487 310 40 494 330
chair 0.0468 177 29 485 354
chair 0.0468 7 3 251 195
chair 0.0389 38 205 325 360
chair 0.0378 241 14 446 247
chair 0.0332 8 181 218 344
chair 0.0332 3 24 142 170
chair 0.0330 40 0 125 105
chair 0.0330 30 0 153 55
chair 0.0313 276 213 492 386
chair 0.0293 6 178 89 339
chair 0.0289 19 3 185 124
chair 0.0258 19 171 295 283
chair 0.0246 320 0 489 211
chair 0.0237 45 141 312 249
chair 0.0236 72 255 258 378
chair 0.0228 55 0 112 41
chair 0.0223 265 106 414 226
chair 0.0223 406 218 495 375
chair 0.0219 216 89 307 234
chair 0.0209 1 247 190 350
chair 0.0203 301 311 489 383
chair 0.0201 146 20 357 276
diningtable 0.1423 4 125 488 383
diningtable 0.1186 21 5 400 332
diningtable 0.0920 0 232 401 386
diningtable 0.0672 161 199 500 379
diningtable 0.0574 320 62 468 202
diningtable 0.0496 13 10 281 171
diningtable 0.0397 199 17 493 265
diningtable 0.0371 354 9 494 166
diningtable 0.0339 299 15 437 167
diningtable 0.0331 315 10 479 90
diningtable 0.0297 298 109 430 197
diningtable 0.0290 357 101 489 199
diningtable 0.0290 313 44 473 122
diningtable 0.0275 266 100 500 236
diningtable 0.0274 0 21 171 127
diningtable 0.0274 55 57 397 228
diningtable 0.0268 246 1 489 124
diningtable 0.0252 305 132 475 215
diningtable 0.0230 6 3 131 95
diningtable 0.0210 133 0 438 168
diningtable 0.0201 301 86 411 166
dog 0.0244 437 0 500 38
dog 0.0220 440 0 500 86
person 0.0652 413 0 495 114
person 0.0415 19 75 288 386
person 0.0370 53 0 97 41
person 0.0333 353 0 493 79
person 0.0298 441 0 499 44
person 0.0262 13 179 154 343
person 0.0221 41 0 76 39
person 0.0206 394 54 500 302
person 0.0201 395 0 498 48
pottedplant 0.0664 6 14 101 128
pottedplant 0.0624 10 7 173 216
pottedplant 0.0424 404 16 500 140
pottedplant 0.0409 322 105 401 198
pottedplant 0.0390 480 56 500 122
pottedplant 0.0369 296 1 368 62
pottedplant 0.0368 330 3 498 182
pottedplant 0.0345 0 3 223 128
pottedplant 0.0341 461 64 500 120
pottedplant 0.0327 5 1 99 42
pottedplant 0.0323 0 0 63 142
pottedplant 0.0312 459 0 500 120
pottedplant 0.0300 305 74 384 203
pottedplant 0.0295 287 0 324 52
pottedplant 0.0291 319 0 481 75
pottedplant 0.0283 476 71 500 104
pottedplant 0.0283 49 0 137 52
pottedplant 0.0278 8 0 144 79
pottedplant 0.0254 198 0 500 370
pottedplant 0.0239 101 2 169 61
pottedplant 0.0239 8 0 57 46
pottedplant 0.0239 330 122 364 180
pottedplant 0.0229 125 0 169 49
pottedplant 0.0227 290 0 346 35
pottedplant 0.0212 306 0 346 19
pottedplant 0.0210 462 38 500 159
pottedplant 0.0209 282 40 398 184
pottedplant 0.0207 429 57 500 101
pottedplant 0.0207 384 68 500 159
pottedplant 0.0202 259 65 431 225
tvmonitor 0.0718 0 0 95 90
tvmonitor 0.0686 48 0 107 39
tvmonitor 0.0579 12 0 117 54
tvmonitor 0.0476 132 199 489 386
tvmonitor 0.0441 1 0 52 106
tvmonitor 0.0332 41 0 147 63
tvmonitor 0.0318 0 0 41 60
tvmonitor 0.0301 1 283 83 386
tvmonitor 0.0281 295 50 381 138
tvmonitor 0.0268 304 66 352 105
tvmonitor 0.0256 3 0 85 41
tvmonitor 0.0241 334 0 494 50
tvmonitor 0.0218 462 48 500 101
tvmonitor 0.0212 0 298 46 383
