bicycle 0.0347 418 34 449 52
bicycle 0.0298 408 25 445 53
bicycle 0.0267 32 275 169 333
bicycle 0.0226 6 40 77 100
car 0.9070 112 32 366 232
car 0.0508 114 44 243 207
car 0.0402 213 66 363 228
car 0.0399 38 35 336 333
car 0.0389 265 42 374 204
car 0.0346 117 31 222 110
car 0.0321 31 219 416 332
car 0.0320 129 40 286 105
car 0.0286 102 51 199 179
car 0.0271 133 38 347 130
car 0.0238 0 7 500 241
car 0.0236 141 49 215 104
car 0.0233 128 120 371 227
car 0.0231 277 114 365 225
car 0.0228 102 166 309 229
car 0.0228 78 2 194 99
car 0.0226 160 26 313 85
car 0.0220 0 198 21 235
car 0.0215 0 188 34 242
car 0.0214 273 36 377 118
car 0.0209 4 69 83 207
car 0.0204 306 90 367 210
car 0.0201 39 45 277 226
chair 0.0745 328 18 366 58
chair 0.0400 371 23 402 56
chair 0.0383 325 28 355 57
chair 0.0374 340 31 371 57
chair 0.0291 351 35 377 57
chair 0.0281 331 35 362 58
chair 0.0208 331 147 365 202
diningtable 0.0307 317 4 414 58
diningtable 0.0302 326 17 382 56
diningtable 0.0290 355 24 414 59
diningtable 0.0254 397 11 453 50
person 0.7246 328 1 366 56
person 0.6849 367 0 400 55
person 0.6511 276 0 312 41
person 0.6032 235 0 274 36
person 0.5876 412 0 445 51
person 0.4477 99 25 122 70
person 0.4052 348 0 376 54
person 0.3411 160 0 190 53
person 0.3041 150 0 181 63
person 0.2674 399 4 421 50
person 0.2593 335 3 390 58
person 0.2502 392 1 440 54
person 0.2370 148 8 170 56
person 0.2366 426 0 449 46
person 0.1961 407 0 431 50
person 0.1840 387 0 416 54
person 0.1818 249 0 303 36
person 0.1807 275 6 313 69
person 0.1779 173 11 191 50
person 0.1613 341 0 370 42
person 0.1599 295 2 350 55
person 0.1558 187 0 228 45
person 0.1539 356 12 381 57
person 0.1457 396 13 414 52
person 0.1442 133 0 175 73
person 0.1425 95 21 131 88
person 0.1405 175 0 213 50
person 0.1317 203 0 235 42
person 0.1303 91 27 114 69
person 0.1279 179 3 198 47
person 0.1224 358 1 379 36
person 0.1173 202 0 266 43
person 0.1170 235 12 277 66
person 0.1128 324 0 351 45
person 0.1116 352 0 394 39
person 0.1099 364 0 430 58
person 0.1092 158 10 177 51
person 0.1065 153 0 195 79
person 0.1042 351 0 376 27
person 0.1036 213 0 246 40
person 0.1017 396 6 413 37
person 0.0979 244 1 285 28
person 0.0974 267 0 295 32
person 0.0915 370 0 400 28
person 0.0899 364 0 398 17
person 0.0894 110 19 147 77
person 0.0871 305 9 328 45
person 0.0862 280 25 323 80
person 0.0854 340 15 369 58
person 0.0853 80 12 123 76
person 0.0847 153 0 167 42
person 0.0839 379 2 404 40
person 0.0838 270 7 287 30
person 0.0823 228 0 257 34
person 0.0821 18 271 67 333
person 0.0819 410 0 438 32
person 0.0811 397 0 428 35
person 0.0794 289 8 318 45
person 0.0760 341 1 374 18
person 0.0729 221 2 280 51
person 0.0721 161 0 229 57
person 0.0703 106 27 127 63
person 0.0698 240 3 308 55
person 0.0696 231 7 248 38
person 0.0691 143 33 184 96
person 0.0686 243 2 266 30
person 0.0672 267 0 328 59
person 0.0656 295 4 317 35
person 0.0646 359 0 384 18
person 0.0636 97 5 135 65
person 0.0630 144 19 163 57
person 0.0627 94 25 120 48
person 0.0621 275 0 312 18
person 0.0619 106 0 171 85
person 0.0618 300 12 330 61
person 0.0613 299 14 317 42
person 0.0611 434 0 455 42
person 0.0609 332 0 360 35
person 0.0608 261 8 322 89
person 0.0604 214 8 231 41
person 0.0603 38 279 65 329
person 0.0595 237 1 274 19
person 0.0588 114 1 156 62
person 0.0584 307 0 368 81
person 0.0580 72 28 111 85
person 0.0580 324 0 361 18
person 0.0568 219 0 238 33
person 0.0567 357 2 370 18
person 0.0566 138 4 164 62
person 0.0565 191 65 209 96
person 0.0551 294 0 334 38
person 0.0547 352 3 364 18
person 0.0544 307 21 325 53
person 0.0543 328 18 352 58
person 0.0539 196 3 218 41
person 0.0539 281 1 322 27
person 0.0537 378 0 395 19
person 0.0537 231 22 283 85
person 0.0537 198 60 216 94
person 0.0526 130 31 169 95
person 0.0525 376 0 409 17
person 0.0522 280 9 305 50
person 0.0519 328 0 352 27
person 0.0519 352 28 377 57
person 0.0512 395 4 414 23
person 0.0512 309 10 342 61
person 0.0511 133 9 191 107
person 0.0504 366 1 378 16
person 0.0504 373 1 388 16
person 0.0501 88 22 127 62
person 0.0492 269 1 288 22
person 0.0488 162 28 190 54
person 0.0486 181 66 202 97
person 0.0483 226 10 267 39
person 0.0481 294 18 320 57
person 0.0474 172 0 195 37
person 0.0473 286 13 356 70
person 0.0469 417 21 448 50
person 0.0463 27 41 76 97
person 0.0460 90 27 111 52
person 0.0458 373 0 430 30
person 0.0457 402 1 421 26
person 0.0455 149 2 163 45
person 0.0451 207 7 224 43
person 0.0450 188 10 207 45
person 0.0444 255 0 303 20
person 0.0443 241 12 286 38
person 0.0443 328 0 382 31
person 0.0442 431 19 451 50
person 0.0435 420 0 446 24
person 0.0433 258 2 280 24
person 0.0429 307 5 326 28
person 0.0429 265 0 296 15
person 0.0427 441 0 482 54
person 0.0426 182 0 200 22
person 0.0426 303 0 357 34
person 0.0425 22 281 53 321
person 0.0423 146 22 173 77
person 0.0417 368 19 391 57
person 0.0410 237 22 316 72
person 0.0404 175 67 194 98
person 0.0403 253 0 285 16
person 0.0401 139 19 152 56
person 0.0396 46 39 88 95
person 0.0395 221 14 238 40
person 0.0393 316 10 330 33
person 0.0393 358 0 375 12
person 0.0389 270 33 313 90
person 0.0387 25 272 113 333
person 0.0383 381 18 404 57
person 0.0380 409 0 444 16
person 0.0379 151 25 169 62
person 0.0378 372 0 392 11
person 0.0371 242 47 280 89
person 0.0371 47 45 72 75
person 0.0370 131 17 160 77
person 0.0369 401 0 453 73
person 0.0364 119 25 138 58
person 0.0363 350 0 369 12
person 0.0360 151 20 185 56
person 0.0359 81 28 107 69
person 0.0356 428 0 442 21
person 0.0356 251 7 279 35
person 0.0355 418 0 434 23
person 0.0355 234 20 274 39
person 0.0353 225 54 248 86
person 0.0353 365 0 383 11
person 0.0351 311 0 336 34
person 0.0351 324 16 342 56
person 0.0350 156 0 204 35
person 0.0349 302 24 319 54
person 0.0349 344 0 403 20
person 0.0348 167 0 187 31
person 0.0348 247 2 262 21
person 0.0347 125 18 148 61
person 0.0347 260 19 310 58
person 0.0345 185 0 208 34
person 0.0345 384 0 418 21
person 0.0345 315 16 329 43
person 0.0344 249 30 295 84
person 0.0344 190 54 222 97
person 0.0339 277 0 294 18
person 0.0338 310 0 416 56
person 0.0337 71 0 151 97
person 0.0337 439 15 455 48
person 0.0337 315 23 332 55
person 0.0332 158 0 176 30
person 0.0331 268 25 338 107
person 0.0330 259 51 279 87
person 0.0330 230 0 247 23
person 0.0329 33 273 74 319
person 0.0327 386 0 401 15
person 0.0327 340 1 357 17
person 0.0327 147 0 175 38
person 0.0325 287 46 312 87
person 0.0325 456 0 496 58
person 0.0325 253 2 270 22
person 0.0324 22 3 123 97
person 0.0322 101 31 163 94
person 0.0322 49 24 127 91
person 0.0318 149 35 206 83
person 0.0316 172 0 247 81
person 0.0312 412 0 426 22
person 0.0311 0 275 24 333
person 0.0310 85 32 120 97
person 0.0309 174 55 212 100
person 0.0308 405 0 458 38
person 0.0307 399 0 429 13
person 0.0307 202 14 293 74
person 0.0307 214 30 309 88
person 0.0306 273 2 284 15
person 0.0305 213 26 235 42
person 0.0304 205 58 221 89
person 0.0302 80 307 130 333
person 0.0302 159 33 178 61
person 0.0301 214 58 232 90
person 0.0300 397 29 423 53
person 0.0299 281 27 369 128
person 0.0299 65 46 82 76
person 0.0299 171 31 214 86
person 0.0298 152 49 202 104
person 0.0297 312 14 376 56
person 0.0296 100 29 116 45
person 0.0294 283 0 303 21
person 0.0292 44 276 69 314
person 0.0291 178 0 236 25
person 0.0290 316 5 335 22
person 0.0290 292 58 308 89
person 0.0286 229 25 293 51
person 0.0284 435 0 449 20
person 0.0284 297 30 331 81
person 0.0283 300 2 318 22
person 0.0282 105 25 129 48
person 0.0282 212 0 235 22
person 0.0282 211 0 316 40
person 0.0281 168 71 186 101
person 0.0279 221 38 270 91
person 0.0277 4 229 71 333
person 0.0276 264 3 277 17
person 0.0274 0 302 23 333
person 0.0274 354 0 407 11
person 0.0271 398 0 410 14
person 0.0270 234 59 254 88
person 0.0268 101 22 125 42
person 0.0268 178 25 201 49
person 0.0268 50 23 92 78
person 0.0266 7 283 52 332
person 0.0264 241 0 360 86
person 0.0261 166 21 195 61
person 0.0261 264 49 288 89
person 0.0261 188 34 232 86
person 0.0260 338 0 362 12
person 0.0259 34 43 79 77
person 0.0255 292 0 309 19
person 0.0254 275 47 299 88
person 0.0254 185 0 197 13
person 0.0252 240 1 254 18
person 0.0252 328 0 341 16
person 0.0251 88 36 112 81
person 0.0251 253 15 304 39
person 0.0250 43 296 68 333
person 0.0249 163 63 191 100
person 0.0249 329 0 354 12
person 0.0249 180 0 191 15
person 0.0247 328 0 389 15
person 0.0246 42 301 139 333
person 0.0246 181 0 222 13
person 0.0246 204 51 246 94
person 0.0245 306 33 327 63
person 0.0243 406 0 417 16
person 0.0241 123 38 216 157
person 0.0241 389 19 429 55
person 0.0241 359 0 410 84
person 0.0239 136 38 228 101
person 0.0238 403 23 431 51
person 0.0237 373 0 406 9
person 0.0236 39 282 90 333
person 0.0236 279 15 316 37
person 0.0235 243 59 265 88
person 0.0233 300 0 335 21
person 0.0233 275 0 299 11
person 0.0232 348 0 377 8
person 0.0228 266 12 322 45
person 0.0227 130 21 145 51
person 0.0226 62 5 134 62
person 0.0225 286 54 303 89
person 0.0224 196 0 234 15
person 0.0223 166 22 221 68
person 0.0223 1 275 18 315
person 0.0222 442 0 464 41
person 0.0222 205 26 228 43
person 0.0221 228 22 253 41
person 0.0221 162 47 225 92
person 0.0221 259 0 316 11
person 0.0221 440 0 457 27
person 0.0220 83 25 101 55
person 0.0220 276 0 314 7
person 0.0220 141 54 187 112
person 0.0217 291 1 325 15
person 0.0216 194 21 220 44
pottedplant 0.0308 78 228 387 332
pottedplant 0.0282 28 277 178 332
pottedplant 0.0266 4 9 121 96
pottedplant 0.0256 54 302 150 333
pottedplant 0.0221 11 230 198 333
pottedplant 0.0211 281 212 495 333
sofa 0.0362 321 2 413 55
train 0.0548 101 113 378 232
