aeroplane 0.8599 49 81 129 121
aeroplane 0.8521 196 61 282 106
aeroplane 0.8339 86 218 164 251
aeroplane 0.8249 208 133 291 169
aeroplane 0.8207 334 47 424 84
aeroplane 0.8171 79 140 160 175
aeroplane 0.2066 200 63 290 157
aeroplane 0.1869 76 149 164 236
aeroplane 0.1801 54 80 143 154
aeroplane 0.1780 59 107 156 171
aeroplane 0.1577 241 135 290 161
aeroplane 0.1512 105 141 159 167
aeroplane 0.1448 211 54 366 98
aeroplane 0.1411 201 107 298 167
aeroplane 0.1406 82 191 172 252
aeroplane 0.1381 269 49 415 92
aeroplane 0.1093 368 51 423 78
aeroplane 0.1066 342 3 435 84
aeroplane 0.1054 92 134 264 177
aeroplane 0.1026 130 143 157 167
aeroplane 0.0974 56 81 115 106
aeroplane 0.0922 91 85 130 110
aeroplane 0.0890 88 217 130 248
aeroplane 0.0880 333 44 438 112
aeroplane 0.0838 212 133 256 166
aeroplane 0.0821 45 2 316 106
aeroplane 0.0768 82 139 121 171
aeroplane 0.0763 59 68 214 121
aeroplane 0.0732 337 51 387 79
aeroplane 0.0724 235 61 282 101
aeroplane 0.0696 72 133 184 183
aeroplane 0.0693 138 223 163 242
aeroplane 0.0656 195 127 343 178
aeroplane 0.0656 30 26 270 170
aeroplane 0.0640 263 136 289 156
aeroplane 0.0625 49 31 145 115
aeroplane 0.0620 126 223 165 247
aeroplane 0.0552 105 89 130 107
aeroplane 0.0548 199 64 239 105
aeroplane 0.0525 195 122 291 198
aeroplane 0.0493 216 130 275 151
aeroplane 0.0484 250 69 280 94
aeroplane 0.0483 76 129 143 166
aeroplane 0.0467 111 65 259 115
aeroplane 0.0465 92 214 149 234
aeroplane 0.0463 114 37 293 107
aeroplane 0.0452 211 60 271 83
aeroplane 0.0446 346 46 408 69
aeroplane 0.0435 70 137 197 216
aeroplane 0.0418 171 42 269 105
aeroplane 0.0396 118 140 158 156
aeroplane 0.0395 102 222 162 241
aeroplane 0.0378 52 83 85 101
aeroplane 0.0378 196 29 285 96
aeroplane 0.0376 85 232 130 249
aeroplane 0.0370 131 150 160 172
aeroplane 0.0357 56 71 226 159
aeroplane 0.0353 51 85 88 118
aeroplane 0.0350 112 219 159 234
aeroplane 0.0348 226 131 266 144
aeroplane 0.0346 304 26 425 93
aeroplane 0.0344 88 186 169 219
aeroplane 0.0342 138 144 160 159
aeroplane 0.0338 219 0 446 108
aeroplane 0.0338 114 0 394 79
aeroplane 0.0336 46 211 169 261
aeroplane 0.0335 391 54 423 76
aeroplane 0.0332 334 61 404 83
aeroplane 0.0330 226 127 257 137
aeroplane 0.0323 84 135 141 156
aeroplane 0.0321 337 36 404 75
aeroplane 0.0320 102 214 139 226
aeroplane 0.0319 34 58 126 119
aeroplane 0.0318 12 0 389 153
aeroplane 0.0317 108 210 139 220
aeroplane 0.0317 99 93 130 116
aeroplane 0.0314 201 105 283 134
aeroplane 0.0312 47 96 113 120
aeroplane 0.0310 89 207 152 224
aeroplane 0.0308 157 132 303 173
aeroplane 0.0307 177 54 314 114
aeroplane 0.0301 257 65 281 83
aeroplane 0.0299 68 76 137 111
aeroplane 0.0298 207 144 249 169
aeroplane 0.0297 133 222 160 236
aeroplane 0.0294 214 61 308 95
aeroplane 0.0291 82 141 115 159
aeroplane 0.0291 78 144 250 243
aeroplane 0.0290 105 146 180 175
aeroplane 0.0286 96 136 132 149
aeroplane 0.0284 215 124 277 141
aeroplane 0.0283 217 132 245 148
aeroplane 0.0280 98 232 164 255
aeroplane 0.0279 233 126 249 134
aeroplane 0.0278 262 146 292 167
aeroplane 0.0278 105 212 124 223
aeroplane 0.0277 137 230 166 251
aeroplane 0.0276 81 211 142 243
aeroplane 0.0273 72 82 120 98
aeroplane 0.0273 222 130 242 140
aeroplane 0.0273 241 126 256 134
aeroplane 0.0271 201 62 254 90
aeroplane 0.0271 230 129 249 140
aeroplane 0.0269 63 79 101 93
aeroplane 0.0267 202 66 229 88
aeroplane 0.0266 90 252 120 263
aeroplane 0.0265 112 212 132 222
aeroplane 0.0263 29 67 195 209
aeroplane 0.0260 88 207 176 287
aeroplane 0.0260 225 126 241 135
aeroplane 0.0260 107 209 124 218
aeroplane 0.0260 81 227 172 262
aeroplane 0.0260 229 123 255 132
aeroplane 0.0258 206 62 239 80
aeroplane 0.0258 122 214 140 222
aeroplane 0.0258 251 126 265 134
aeroplane 0.0258 212 148 282 171
aeroplane 0.0257 333 66 377 83
aeroplane 0.0256 93 137 140 171
aeroplane 0.0256 94 216 119 231
aeroplane 0.0255 238 123 263 131
aeroplane 0.0255 99 213 117 223
aeroplane 0.0254 110 207 138 216
aeroplane 0.0252 114 209 131 218
aeroplane 0.0251 90 208 195 245
aeroplane 0.0250 62 82 88 96
aeroplane 0.0250 142 216 156 224
aeroplane 0.0248 242 127 273 136
aeroplane 0.0247 238 129 257 139
aeroplane 0.0246 127 211 155 220
aeroplane 0.0245 235 48 425 128
aeroplane 0.0245 96 210 124 220
aeroplane 0.0244 111 128 297 211
aeroplane 0.0244 30 82 98 115
aeroplane 0.0243 124 210 140 218
aeroplane 0.0243 195 61 384 158
aeroplane 0.0243 39 13 209 125
aeroplane 0.0243 92 102 133 119
aeroplane 0.0241 259 126 273 134
aeroplane 0.0240 132 214 148 223
aeroplane 0.0239 268 136 288 149
aeroplane 0.0239 247 123 271 131
aeroplane 0.0239 139 142 156 152
aeroplane 0.0238 89 140 110 152
aeroplane 0.0236 57 144 132 176
aeroplane 0.0234 137 211 163 220
aeroplane 0.0232 243 132 283 144
aeroplane 0.0232 203 116 263 154
aeroplane 0.0232 214 61 256 77
aeroplane 0.0231 210 75 282 101
aeroplane 0.0230 340 51 375 71
aeroplane 0.0230 69 75 99 84
aeroplane 0.0230 216 121 257 139
aeroplane 0.0229 150 215 162 224
aeroplane 0.0229 100 208 117 218
aeroplane 0.0228 84 30 253 129
aeroplane 0.0228 174 136 262 166
aeroplane 0.0228 0 0 471 301
aeroplane 0.0227 123 215 157 225
aeroplane 0.0227 210 125 252 145
aeroplane 0.0225 91 104 245 169
aeroplane 0.0225 235 61 277 78
aeroplane 0.0224 133 210 148 219
aeroplane 0.0224 267 126 281 135
aeroplane 0.0223 114 210 159 228
aeroplane 0.0223 123 238 164 254
aeroplane 0.0221 105 85 133 99
aeroplane 0.0220 256 123 280 131
aeroplane 0.0220 106 129 130 137
aeroplane 0.0219 148 221 162 230
aeroplane 0.0219 247 130 266 139
aeroplane 0.0219 356 47 399 63
aeroplane 0.0219 91 213 122 240
aeroplane 0.0219 219 125 234 135
aeroplane 0.0217 378 66 424 83
aeroplane 0.0217 100 136 116 144
aeroplane 0.0215 96 132 124 141
aeroplane 0.0215 258 138 285 165
aeroplane 0.0214 105 26 422 185
aeroplane 0.0214 273 131 288 141
aeroplane 0.0213 109 132 124 140
aeroplane 0.0213 92 203 133 222
aeroplane 0.0212 211 135 241 153
aeroplane 0.0211 72 90 134 119
aeroplane 0.0211 78 154 120 173
aeroplane 0.0211 196 88 236 104
aeroplane 0.0211 218 129 235 140
aeroplane 0.0210 265 132 281 140
aeroplane 0.0210 214 128 248 156
aeroplane 0.0210 107 135 124 144
aeroplane 0.0209 86 208 127 229
aeroplane 0.0209 143 210 156 219
aeroplane 0.0207 77 147 87 155
aeroplane 0.0207 97 207 124 216
aeroplane 0.0207 82 143 105 157
aeroplane 0.0206 260 128 288 136
aeroplane 0.0205 271 140 291 160
aeroplane 0.0204 248 127 290 147
aeroplane 0.0204 98 135 158 153
aeroplane 0.0203 74 79 93 87
aeroplane 0.0203 116 216 142 228
aeroplane 0.0203 86 154 156 176
aeroplane 0.0202 224 119 285 135
aeroplane 0.0201 68 79 86 88
aeroplane 0.0201 118 132 131 140
aeroplane 0.0200 256 131 274 139
aeroplane 0.0200 69 148 79 156
boat 0.0344 0 0 500 333
person 0.0454 27 39 157 218
person 0.0422 0 32 224 333
person 0.0234 275 69 500 333
person 0.0205 0 0 197 126
person 0.0200 0 49 93 264
