bicycle 0.0307 100 64 176 161
bicycle 0.0273 103 62 176 115
car 0.8608 98 68 371 262
car 0.1109 114 68 349 169
car 0.0820 33 42 474 283
car 0.0801 102 67 242 220
car 0.0752 112 66 297 130
car 0.0598 213 42 410 266
car 0.0486 97 66 199 175
car 0.0449 199 79 376 150
car 0.0416 330 0 499 211
car 0.0375 0 191 23 222
car 0.0363 262 91 381 254
car 0.0360 264 57 387 141
car 0.0350 243 78 389 188
car 0.0346 130 166 377 260
car 0.0326 185 64 337 133
car 0.0321 103 62 187 95
car 0.0311 116 45 349 115
car 0.0311 129 38 440 190
car 0.0310 353 101 500 325
car 0.0304 227 0 500 299
car 0.0278 96 61 265 103
car 0.0264 276 154 371 263
car 0.0259 277 7 500 130
car 0.0257 105 65 185 122
car 0.0238 0 189 27 248
car 0.0236 202 205 377 263
car 0.0231 80 69 164 197
car 0.0224 96 112 281 249
car 0.0223 234 93 347 140
car 0.0223 230 39 362 114
car 0.0222 91 108 192 224
car 0.0216 0 175 42 232
car 0.0215 106 62 170 79
car 0.0214 416 162 500 312
car 0.0205 416 1 499 40
car 0.0202 175 13 355 84
car 0.0200 160 94 387 208
chair 0.0212 105 61 173 88
person 0.1688 193 97 221 130
person 0.1249 182 88 217 129
person 0.1074 227 103 278 134
person 0.0885 195 100 253 130
person 0.0704 213 93 307 139
person 0.0698 184 96 238 137
person 0.0684 185 92 275 139
person 0.0677 211 105 266 128
person 0.0649 185 82 338 136
person 0.0638 190 106 213 132
person 0.0609 179 86 204 122
person 0.0606 245 100 301 135
person 0.0500 247 105 275 133
person 0.0483 192 110 228 129
person 0.0475 166 80 233 131
person 0.0471 207 110 272 139
person 0.0466 181 102 208 127
person 0.0459 54 27 382 287
person 0.0417 233 105 261 130
person 0.0406 154 70 280 130
person 0.0384 263 100 321 138
person 0.0378 201 105 235 127
person 0.0369 109 74 219 200
person 0.0364 178 92 219 151
person 0.0359 260 104 293 137
person 0.0355 224 173 239 206
person 0.0335 272 109 297 137
person 0.0328 175 76 254 157
person 0.0323 222 103 257 123
person 0.0319 112 65 243 129
person 0.0314 103 64 189 155
person 0.0311 186 91 272 189
person 0.0307 206 94 278 124
person 0.0306 188 108 227 142
person 0.0300 224 117 268 135
person 0.0300 253 89 342 141
person 0.0299 195 114 248 137
person 0.0295 214 113 255 129
person 0.0293 230 92 290 130
person 0.0285 288 92 330 139
person 0.0281 258 102 279 132
person 0.0275 208 163 236 207
person 0.0274 189 88 264 120
person 0.0270 237 95 269 128
person 0.0269 275 119 307 137
person 0.0265 188 98 231 163
person 0.0262 165 81 231 181
person 0.0261 159 74 210 126
person 0.0256 214 122 267 141
person 0.0253 238 116 281 134
person 0.0249 209 108 232 133
person 0.0238 261 119 300 134
person 0.0230 172 95 206 131
person 0.0229 321 0 500 233
person 0.0223 218 105 245 128
person 0.0220 197 92 320 165
person 0.0219 408 0 499 123
person 0.0218 197 88 217 116
person 0.0217 179 90 230 116
person 0.0213 223 114 294 143
person 0.0206 217 99 259 115
person 0.0205 178 87 216 104
person 0.0204 236 99 258 122
person 0.0203 205 159 226 190
person 0.0203 209 96 232 123
person 0.0203 0 0 21 39
person 0.0203 296 94 320 120
person 0.0202 183 108 203 137
train 0.0293 0 65 397 279
