boat 0.0246 0 0 294 275
boat 0.0237 0 343 136 399
bus 0.1402 10 0 500 335
bus 0.0492 345 196 452 342
bus 0.0412 57 115 446 370
bus 0.0367 294 193 453 288
bus 0.0279 32 202 198 292
car 0.9300 60 271 400 374
car 0.3928 453 381 498 397
car 0.0974 51 260 221 377
car 0.0940 0 192 448 366
car 0.0866 9 271 150 386
car 0.0772 222 274 404 372
car 0.0590 453 365 500 399
car 0.0503 0 270 84 373
car 0.0483 453 378 480 398
car 0.0482 304 260 403 380
car 0.0474 0 319 55 367
car 0.0469 350 220 439 370
car 0.0465 65 277 168 383
car 0.0456 24 218 131 368
car 0.0451 475 376 499 399
car 0.0448 0 318 99 390
car 0.0440 419 381 500 399
car 0.0430 7 232 314 358
car 0.0386 61 221 173 354
car 0.0366 282 218 456 376
car 0.0364 333 288 399 374
car 0.0345 433 383 480 398
car 0.0338 439 386 496 399
car 0.0333 482 364 499 397
car 0.0331 362 304 399 366
car 0.0307 373 239 473 381
car 0.0298 0 323 40 351
car 0.0284 455 371 494 390
car 0.0277 335 289 485 378
car 0.0261 0 278 36 363
car 0.0260 403 360 500 398
car 0.0258 4 287 291 396
car 0.0257 62 333 143 372
car 0.0254 61 295 117 367
car 0.0239 365 304 394 327
car 0.0233 242 377 306 398
car 0.0232 307 277 454 361
car 0.0225 5 184 92 365
car 0.0209 7 51 402 399
car 0.0209 0 357 144 399
car 0.0202 216 271 395 328
car 0.0200 67 300 266 372
chair 0.0333 353 193 463 361
chair 0.0242 3 382 57 399
person 0.1541 2 313 43 381
person 0.0760 1 279 67 383
person 0.0747 7 327 40 365
person 0.0583 1 322 30 359
person 0.0475 20 333 44 370
person 0.0467 0 289 38 364
person 0.0374 0 333 32 395
person 0.0341 0 335 22 377
person 0.0308 4 0 162 347
person 0.0299 15 341 39 381
person 0.0297 148 386 160 399
person 0.0278 32 334 50 369
person 0.0270 146 383 165 396
person 0.0238 137 385 151 399
person 0.0224 0 241 45 372
person 0.0222 457 373 474 393
person 0.0214 14 321 53 372
person 0.0213 461 375 483 395
person 0.0204 414 339 437 370
pottedplant 0.1052 0 330 43 398
pottedplant 0.0993 181 359 246 399
pottedplant 0.0610 182 375 215 399
pottedplant 0.0589 148 384 173 399
pottedplant 0.0566 99 383 150 399
pottedplant 0.0474 173 384 195 399
pottedplant 0.0465 162 384 187 399
pottedplant 0.0462 129 384 159 398
pottedplant 0.0461 192 364 219 399
pottedplant 0.0438 0 365 55 399
pottedplant 0.0432 245 383 293 398
pottedplant 0.0429 0 382 47 399
pottedplant 0.0423 190 376 240 398
pottedplant 0.0382 145 382 163 399
pottedplant 0.0375 202 364 229 399
pottedplant 0.0375 204 371 251 399
pottedplant 0.0352 225 376 251 399
pottedplant 0.0351 160 384 175 399
pottedplant 0.0345 167 371 204 399
pottedplant 0.0337 0 324 84 399
pottedplant 0.0334 126 380 147 399
pottedplant 0.0332 371 208 451 358
pottedplant 0.0330 136 380 170 399
pottedplant 0.0319 162 389 198 399
pottedplant 0.0316 148 376 188 399
pottedplant 0.0305 4 354 34 397
pottedplant 0.0302 229 382 264 398
pottedplant 0.0297 140 388 188 399
pottedplant 0.0297 182 379 201 399
pottedplant 0.0296 155 366 219 399
pottedplant 0.0289 13 348 39 391
pottedplant 0.0271 6 342 33 384
pottedplant 0.0269 0 363 24 399
pottedplant 0.0250 106 379 179 399
pottedplant 0.0247 177 390 221 399
pottedplant 0.0240 0 357 39 381
pottedplant 0.0239 247 381 273 399
pottedplant 0.0238 85 376 155 399
pottedplant 0.0221 402 212 451 332
train 0.0472 17 0 445 381
train 0.0258 0 241 500 399
train 0.0242 0 372 155 399
train 0.0203 392 382 499 399
tvmonitor 0.0983 14 32 90 186
tvmonitor 0.0858 70 0 433 147
tvmonitor 0.0586 246 384 308 398
tvmonitor 0.0565 11 8 117 246
tvmonitor 0.0481 0 0 478 250
tvmonitor 0.0425 35 3 280 166
tvmonitor 0.0422 47 381 155 399
tvmonitor 0.0392 41 21 146 165
tvmonitor 0.0375 401 71 478 150
tvmonitor 0.0316 246 375 322 399
tvmonitor 0.0308 16 36 91 116
tvmonitor 0.0300 268 384 324 398
tvmonitor 0.0297 364 0 499 225
tvmonitor 0.0283 63 0 462 72
tvmonitor 0.0273 359 198 452 338
tvmonitor 0.0272 47 384 110 398
tvmonitor 0.0264 105 50 368 152
tvmonitor 0.0259 35 374 123 398
tvmonitor 0.0252 0 29 68 224
tvmonitor 0.0251 85 23 214 146
tvmonitor 0.0229 0 355 150 399
tvmonitor 0.0222 98 72 247 152
tvmonitor 0.0220 359 387 444 399
tvmonitor 0.0205 388 12 474 167
