car 0.9442 174 151 298 235
car 0.0771 175 174 217 231
car 0.0768 258 172 297 235
car 0.0543 171 159 245 227
car 0.0419 275 179 297 228
car 0.0397 226 161 297 238
car 0.0382 270 161 298 214
car 0.0380 243 157 296 210
car 0.0354 173 184 198 234
car 0.0349 199 155 288 187
car 0.0324 186 156 225 220
car 0.0322 212 153 248 168
car 0.0309 202 156 227 188
car 0.0299 166 182 274 237
car 0.0293 206 156 237 177
car 0.0274 231 158 352 236
car 0.0265 276 169 296 205
car 0.0263 227 153 269 166
car 0.0255 261 182 297 202
car 0.0253 213 162 289 198
car 0.0237 243 154 281 168
car 0.0225 276 162 294 189
car 0.0225 263 175 297 195
car 0.0223 204 151 271 170
car 0.0223 201 169 229 197
car 0.0220 192 155 242 199
car 0.0212 257 156 296 188
car 0.0211 188 175 226 194
car 0.0205 178 179 203 221
car 0.0202 252 180 294 217
dog 0.0476 306 199 335 239
dog 0.0271 0 0 481 375
horse 0.0468 0 0 500 375
person 0.1366 0 0 222 375
person 0.0981 0 0 486 266
person 0.0835 55 0 262 229
person 0.0484 294 186 335 239
person 0.0318 274 177 300 235
person 0.0266 283 177 299 220
person 0.0237 285 170 300 202
person 0.0229 276 164 295 196
person 0.0217 313 194 335 236
person 0.0215 283 176 320 236
person 0.0215 203 165 227 201
person 0.0206 267 175 292 210
person 0.0200 286 166 299 188
pottedplant 0.0393 108 108 147 162
