bicycle 0.0256 0 347 36 375
bicycle 0.0216 289 149 315 187
boat 0.0346 394 316 500 375
boat 0.0265 34 42 77 57
boat 0.0230 53 43 82 55
boat 0.0223 12 41 73 58
bus 0.5361 193 176 277 231
bus 0.0906 208 175 270 208
bus 0.0545 225 180 293 230
bus 0.0483 436 150 499 238
bus 0.0458 214 175 265 193
bus 0.0336 326 138 489 233
bus 0.0278 161 172 258 224
bus 0.0269 266 164 303 227
bus 0.0245 216 165 319 232
bus 0.0231 202 172 251 223
bus 0.0209 127 142 289 233
car 0.8228 4 189 73 257
car 0.8012 340 188 437 232
car 0.7010 450 185 499 234
car 0.5042 191 175 277 231
car 0.2933 430 359 488 373
car 0.2555 373 185 493 234
car 0.1583 211 175 360 232
car 0.1406 431 351 498 375
car 0.1341 452 201 476 235
car 0.1264 338 190 392 229
car 0.1221 190 191 214 227
car 0.1184 366 190 435 216
car 0.1148 30 197 73 252
car 0.1111 465 182 500 218
car 0.1097 262 192 295 229
car 0.1083 401 191 435 231
car 0.1024 12 191 70 228
car 0.1011 36 192 66 213
car 0.0979 46 198 68 224
car 0.0973 26 190 63 207
car 0.0944 0 199 28 263
car 0.0938 424 191 491 235
car 0.0909 445 206 494 236
car 0.0853 130 188 146 218
car 0.0844 46 190 69 208
car 0.0817 271 177 416 230
car 0.0813 466 181 497 203
car 0.0803 17 192 57 213
car 0.0792 3 224 78 264
car 0.0773 191 190 235 231
car 0.0754 458 355 500 375
car 0.0753 373 201 436 232
car 0.0738 0 188 49 233
car 0.0735 51 204 74 245
car 0.0734 449 196 482 223
car 0.0698 454 186 496 207
car 0.0684 194 184 218 216
car 0.0671 134 172 300 235
car 0.0657 0 194 21 239
car 0.0640 13 190 48 206
car 0.0640 333 150 456 227
car 0.0636 462 196 500 246
car 0.0626 437 353 474 375
car 0.0604 338 198 363 229
car 0.0590 40 189 83 232
car 0.0584 136 184 152 214
car 0.0581 409 201 475 233
car 0.0578 192 198 265 232
car 0.0576 48 188 80 204
car 0.0570 471 190 499 230
car 0.0569 413 361 467 373
car 0.0566 397 345 500 372
car 0.0564 461 221 500 238
car 0.0558 8 186 71 213
car 0.0553 0 0 500 375
car 0.0521 199 182 217 206
car 0.0502 7 193 41 213
car 0.0502 1 171 19 202
car 0.0494 399 214 437 233
car 0.0492 353 191 413 225
car 0.0492 233 190 290 232
car 0.0486 148 188 212 223
car 0.0480 8 198 81 311
car 0.0475 195 185 210 205
car 0.0471 410 191 436 216
car 0.0467 384 188 433 206
car 0.0465 469 206 500 236
car 0.0462 0 181 46 216
car 0.0461 4 183 37 199
car 0.0459 286 192 299 217
car 0.0457 49 191 77 214
car 0.0453 421 364 483 375
car 0.0452 3 224 22 265
car 0.0450 443 215 478 234
car 0.0449 51 188 69 202
car 0.0449 135 189 172 217
car 0.0446 436 183 500 262
car 0.0443 267 195 296 216
car 0.0442 459 193 491 229
car 0.0441 0 212 57 258
car 0.0438 43 189 64 202
car 0.0437 342 191 386 212
car 0.0436 0 173 101 249
car 0.0432 17 194 59 247
car 0.0430 206 178 225 203
car 0.0428 21 185 55 197
car 0.0417 0 190 26 216
car 0.0415 0 189 33 206
car 0.0411 211 176 260 192
car 0.0410 323 180 476 244
car 0.0409 31 194 77 221
car 0.0408 9 194 32 225
car 0.0407 4 193 33 242
car 0.0404 39 186 69 199
car 0.0400 4 182 66 202
car 0.0400 445 219 500 251
car 0.0396 320 207 496 372
car 0.0392 169 185 253 224
car 0.0392 448 222 487 238
car 0.0389 59 186 77 200
car 0.0387 461 183 486 212
car 0.0382 65 185 88 198
car 0.0379 79 173 237 234
car 0.0376 7 232 30 262
car 0.0374 334 187 421 215
car 0.0374 34 189 57 201
car 0.0366 383 216 428 232
car 0.0363 16 186 39 200
car 0.0362 117 187 147 215
car 0.0362 34 193 55 209
car 0.0361 0 166 39 205
car 0.0361 45 192 60 205
car 0.0360 474 178 500 198
car 0.0360 13 217 72 252
car 0.0359 21 238 65 257
car 0.0357 131 188 154 224
car 0.0357 57 186 74 208
car 0.0355 455 188 475 212
car 0.0349 335 203 424 238
car 0.0349 448 192 488 211
car 0.0348 191 177 224 206
car 0.0347 36 191 159 251
car 0.0347 336 191 364 215
car 0.0342 355 190 392 205
car 0.0339 208 178 234 192
car 0.0339 183 189 206 219
car 0.0338 39 183 74 206
car 0.0336 192 200 221 232
car 0.0336 180 179 222 219
car 0.0336 27 231 71 253
car 0.0335 434 198 471 231
car 0.0335 123 194 150 211
car 0.0334 204 180 219 193
car 0.0332 61 185 86 204
car 0.0330 392 201 499 242
car 0.0329 338 189 376 206
car 0.0325 131 193 160 213
car 0.0322 176 189 213 204
car 0.0321 338 197 377 241
car 0.0319 26 188 49 200
car 0.0319 255 202 288 232
car 0.0315 190 174 252 213
car 0.0314 439 155 496 234
car 0.0312 0 107 73 266
car 0.0312 7 175 29 198
car 0.0310 44 217 74 250
car 0.0305 75 184 91 199
car 0.0304 445 363 500 375
car 0.0304 124 187 140 212
car 0.0303 171 185 212 212
car 0.0302 461 229 500 245
car 0.0299 441 182 479 232
car 0.0296 198 179 218 190
car 0.0294 23 179 82 222
car 0.0294 333 180 373 232
car 0.0292 324 195 484 302
car 0.0291 2 243 78 279
car 0.0287 35 184 92 210
car 0.0280 192 183 218 196
car 0.0279 37 192 53 204
car 0.0279 1 154 18 186
car 0.0279 0 0 419 211
car 0.0279 198 181 212 193
car 0.0276 450 334 498 375
car 0.0275 368 189 412 205
car 0.0275 441 177 500 206
car 0.0273 10 237 49 258
car 0.0271 295 191 307 213
car 0.0270 129 183 149 204
car 0.0270 195 173 275 198
car 0.0269 340 207 382 229
car 0.0269 0 172 8 206
car 0.0269 369 218 411 233
car 0.0268 14 189 44 221
car 0.0268 0 196 12 229
car 0.0267 140 193 194 212
car 0.0266 187 179 209 189
car 0.0266 65 188 97 202
car 0.0264 0 156 24 200
car 0.0264 453 208 499 276
car 0.0264 46 183 88 201
car 0.0264 19 192 36 210
car 0.0264 182 184 212 195
car 0.0263 457 184 486 198
car 0.0261 3 215 30 248
car 0.0260 48 203 80 225
car 0.0260 122 190 196 221
car 0.0258 448 193 472 215
car 0.0257 120 189 150 206
car 0.0255 440 201 478 249
car 0.0255 51 193 91 210
car 0.0255 198 183 208 197
car 0.0255 463 178 493 192
car 0.0253 432 355 456 375
car 0.0252 277 189 300 225
car 0.0252 0 173 26 231
car 0.0251 68 184 81 201
car 0.0251 432 178 492 220
car 0.0249 442 348 487 368
car 0.0249 139 189 182 206
car 0.0245 277 195 302 212
car 0.0243 96 187 150 226
car 0.0242 25 193 45 210
car 0.0241 187 192 216 212
car 0.0239 348 211 413 234
car 0.0239 199 177 228 220
car 0.0236 5 168 32 193
car 0.0236 360 182 438 208
car 0.0235 137 195 196 235
car 0.0234 247 179 295 223
car 0.0234 439 349 466 369
car 0.0233 13 200 44 251
car 0.0232 439 233 500 267
car 0.0230 351 217 392 232
car 0.0229 17 243 57 262
car 0.0229 334 189 424 271
car 0.0229 83 183 98 199
car 0.0228 200 207 249 230
car 0.0227 187 149 332 235
car 0.0226 335 163 410 226
car 0.0225 0 232 42 266
car 0.0224 15 178 38 195
car 0.0224 18 197 105 271
car 0.0222 52 227 79 253
car 0.0220 320 224 401 364
car 0.0220 332 156 369 215
car 0.0220 64 202 83 230
car 0.0219 241 213 283 233
car 0.0219 0 175 10 226
car 0.0219 45 195 93 222
car 0.0218 100 194 136 209
car 0.0218 216 213 260 232
car 0.0217 338 214 374 232
car 0.0217 383 178 411 189
car 0.0216 424 217 468 233
car 0.0215 357 190 384 219
car 0.0215 143 184 158 205
car 0.0214 151 189 203 205
car 0.0213 345 184 378 219
car 0.0213 65 216 80 246
car 0.0213 364 190 398 213
car 0.0213 4 197 56 224
car 0.0212 28 191 43 204
car 0.0210 57 183 87 222
car 0.0209 187 181 203 192
car 0.0209 425 320 500 373
car 0.0209 478 182 500 210
car 0.0208 477 355 498 375
car 0.0207 446 228 489 244
car 0.0207 172 189 215 231
car 0.0206 123 180 163 216
car 0.0206 394 189 452 221
car 0.0205 61 188 136 222
car 0.0205 388 356 493 375
car 0.0204 401 178 428 189
car 0.0204 229 203 275 233
car 0.0202 411 189 474 222
car 0.0200 36 239 79 257
car 0.0200 10 218 42 261
car 0.0200 136 193 166 232
person 0.1187 102 216 121 244
person 0.0952 0 0 230 375
person 0.0707 0 0 500 326
person 0.0606 0 205 27 277
person 0.0605 339 240 354 288
person 0.0580 0 192 11 239
person 0.0571 9 222 28 261
person 0.0546 0 189 16 264
person 0.0491 408 361 456 374
person 0.0459 333 240 348 280
person 0.0453 327 238 338 278
person 0.0402 468 347 496 375
person 0.0400 461 348 486 375
person 0.0399 62 0 159 127
person 0.0374 404 342 471 374
person 0.0363 433 351 453 374
person 0.0359 6 205 31 248
person 0.0355 406 359 432 375
person 0.0344 8 197 31 232
person 0.0330 445 350 468 371
person 0.0320 130 191 144 227
person 0.0316 11 234 26 278
person 0.0309 410 354 427 374
person 0.0305 4 230 22 273
person 0.0304 454 347 473 371
person 0.0301 460 329 499 375
person 0.0298 414 347 437 373
person 0.0297 392 358 489 375
person 0.0292 98 207 130 245
person 0.0287 436 345 470 374
person 0.0285 204 181 226 212
person 0.0277 311 232 322 257
person 0.0273 399 355 421 375
person 0.0265 300 180 315 210
person 0.0261 100 211 136 263
person 0.0260 446 344 482 375
person 0.0255 248 196 273 232
person 0.0254 296 186 309 210
person 0.0253 406 327 444 375
person 0.0253 328 235 354 290
person 0.0253 343 242 359 285
person 0.0249 117 217 137 244
person 0.0249 101 218 116 239
person 0.0247 92 217 108 246
person 0.0246 318 237 330 268
person 0.0244 401 197 428 230
person 0.0238 177 136 191 168
person 0.0238 15 19 173 264
person 0.0237 0 181 10 218
person 0.0231 5 241 18 286
person 0.0228 106 211 120 231
person 0.0227 11 211 44 259
person 0.0224 15 196 39 230
person 0.0222 237 186 269 233
person 0.0221 435 319 495 375
person 0.0217 26 310 43 353
person 0.0216 398 364 443 375
person 0.0216 329 242 338 257
person 0.0211 134 193 152 227
person 0.0205 0 212 11 259
person 0.0204 110 214 128 239
person 0.0204 427 339 459 374
person 0.0201 127 198 140 227
person 0.0200 344 241 354 258
pottedplant 0.0877 151 217 166 253
pottedplant 0.0761 145 219 161 255
pottedplant 0.0599 145 212 172 259
pottedplant 0.0547 331 239 354 298
pottedplant 0.0520 156 218 174 252
pottedplant 0.0492 140 226 153 259
pottedplant 0.0470 334 240 348 285
pottedplant 0.0447 151 214 184 249
pottedplant 0.0440 321 238 346 295
pottedplant 0.0439 327 240 339 283
pottedplant 0.0434 166 218 186 251
pottedplant 0.0355 137 216 157 257
pottedplant 0.0328 318 240 333 281
pottedplant 0.0319 117 253 129 283
pottedplant 0.0299 139 217 165 272
pottedplant 0.0296 121 253 134 280
pottedplant 0.0293 312 235 338 290
pottedplant 0.0288 141 205 165 250
pottedplant 0.0272 341 246 356 298
pottedplant 0.0261 100 215 135 278
pottedplant 0.0250 77 279 90 316
pottedplant 0.0249 171 216 192 247
pottedplant 0.0247 291 149 313 177
pottedplant 0.0243 111 215 149 277
pottedplant 0.0241 311 235 324 274
pottedplant 0.0239 74 278 102 333
pottedplant 0.0236 133 230 145 257
pottedplant 0.0235 143 232 158 268
pottedplant 0.0228 117 245 138 283
pottedplant 0.0227 81 280 95 321
pottedplant 0.0221 334 237 367 316
pottedplant 0.0219 20 284 56 364
pottedplant 0.0214 134 238 145 264
pottedplant 0.0214 342 242 393 335
pottedplant 0.0209 111 235 131 280
pottedplant 0.0207 100 215 123 256
pottedplant 0.0201 128 253 142 284
pottedplant 0.0201 127 223 149 262
train 0.0307 206 180 278 223
train 0.0267 386 350 500 375
train 0.0252 210 174 287 205
train 0.0246 133 175 278 225
train 0.0229 304 181 500 350
train 0.0223 397 297 499 375
train 0.0208 293 126 500 232
tvmonitor 0.0200 0 3 91 52
