bird 0.0340 351 146 475 236
bottle 0.0252 463 167 500 200
cat 0.0205 188 254 228 288
chair 0.0275 68 15 132 139
chair 0.0234 0 0 303 340
chair 0.0223 34 19 348 134
chair 0.0211 14 12 147 142
dog 0.6636 21 8 487 365
dog 0.3923 97 250 307 334
dog 0.3801 345 2 496 241
dog 0.2787 26 179 454 364
dog 0.1901 122 243 399 353
dog 0.1885 54 191 298 331
dog 0.1600 172 263 322 350
dog 0.1101 5 101 329 341
dog 0.0938 347 105 486 234
dog 0.0825 191 76 500 363
dog 0.0667 393 0 498 139
dog 0.0620 200 260 297 330
dog 0.0612 49 255 232 326
dog 0.0602 63 0 492 195
dog 0.0595 69 100 472 274
dog 0.0593 4 126 167 252
dog 0.0571 156 256 272 326
dog 0.0567 10 172 209 339
dog 0.0560 36 126 303 258
dog 0.0539 211 223 451 371
dog 0.0523 53 159 239 295
dog 0.0496 221 0 480 266
dog 0.0488 184 286 302 339
dog 0.0468 240 3 496 129
dog 0.0461 459 1 499 67
dog 0.0455 50 264 335 361
dog 0.0450 258 133 415 364
dog 0.0447 301 127 485 373
dog 0.0416 386 4 500 68
dog 0.0383 113 224 241 329
dog 0.0378 27 158 197 234
dog 0.0376 56 219 194 319
dog 0.0369 51 176 179 270
dog 0.0366 0 80 232 277
dog 0.0351 267 96 474 282
dog 0.0333 166 283 401 370
dog 0.0333 385 55 494 221
dog 0.0330 251 242 342 357
dog 0.0320 198 257 282 296
dog 0.0300 21 178 142 309
dog 0.0298 332 0 486 106
dog 0.0296 74 185 255 255
dog 0.0286 241 269 330 340
dog 0.0282 5 150 109 289
dog 0.0264 141 252 220 327
dog 0.0262 294 124 441 229
dog 0.0254 379 85 499 317
dog 0.0242 15 237 152 337
dog 0.0238 128 291 312 360
dog 0.0237 160 166 355 350
dog 0.0236 289 254 490 374
dog 0.0234 288 50 470 199
dog 0.0230 82 149 239 233
dog 0.0226 57 184 153 245
dog 0.0217 183 308 310 349
dog 0.0217 271 238 386 370
dog 0.0214 166 255 255 296
dog 0.0213 187 252 237 291
dog 0.0206 17 21 301 224
dog 0.0202 1 101 102 222
dog 0.0202 263 298 455 372
person 0.0565 333 78 495 363
person 0.0417 33 109 294 250
person 0.0388 437 2 493 65
person 0.0378 461 0 499 46
person 0.0306 188 6 493 123
person 0.0294 1 76 168 248
person 0.0225 462 155 500 201
person 0.0212 462 0 499 21
person 0.0211 3 0 79 136
