aeroplane 0.0516 12 0 500 230
aeroplane 0.0398 99 116 468 227
aeroplane 0.0200 27 53 298 236
boat 0.0589 14 0 400 231
boat 0.0540 42 0 346 110
boat 0.0397 21 36 74 48
boat 0.0352 24 95 332 228
boat 0.0325 90 14 300 86
boat 0.0298 34 0 152 132
boat 0.0284 136 0 259 59
boat 0.0263 145 35 283 75
boat 0.0234 23 20 73 39
boat 0.0231 21 31 75 43
boat 0.0205 14 42 64 55
boat 0.0202 0 27 244 143
boat 0.0202 182 0 265 77
bottle 0.0496 218 0 253 48
bottle 0.0220 228 0 251 31
bus 0.0468 40 149 108 216
bus 0.0365 40 137 159 224
bus 0.0259 90 144 143 221
bus 0.0252 33 146 80 210
car 0.9174 148 182 279 229
car 0.7683 399 160 500 227
car 0.4835 461 177 500 245
car 0.4640 333 170 365 207
car 0.4613 166 175 345 224
car 0.2938 358 159 438 234
car 0.2841 468 147 500 177
car 0.2753 395 162 437 223
car 0.2621 384 160 433 197
car 0.2608 248 167 367 220
car 0.2125 350 162 422 206
car 0.2122 466 149 500 204
car 0.2039 373 161 465 212
car 0.1948 340 165 382 208
car 0.1791 316 167 364 215
car 0.1479 325 158 372 201
car 0.1472 399 160 436 177
car 0.1470 443 158 500 217
car 0.1287 466 160 498 186
car 0.1259 403 161 440 187
car 0.1251 306 170 421 230
car 0.1167 293 164 383 209
car 0.1140 399 175 459 226
car 0.1113 317 153 403 218
car 0.1042 464 213 498 244
car 0.1035 236 177 328 226
car 0.1026 389 160 423 174
car 0.1010 447 150 500 181
car 0.0982 402 154 435 168
car 0.0964 411 165 490 204
car 0.0953 455 153 487 167
car 0.0931 337 169 373 193
car 0.0887 392 151 430 172
car 0.0879 367 161 427 187
car 0.0844 291 168 345 222
car 0.0836 399 149 425 162
car 0.0827 378 158 431 179
car 0.0825 446 154 474 166
car 0.0818 399 162 464 195
car 0.0812 438 154 463 165
car 0.0801 394 170 427 201
car 0.0782 328 155 384 176
car 0.0778 260 185 339 220
car 0.0766 350 160 382 173
car 0.0761 200 153 432 221
car 0.0739 418 154 446 167
car 0.0735 428 181 500 247
car 0.0725 478 144 500 169
car 0.0716 414 156 437 170
car 0.0712 396 156 428 187
car 0.0705 432 151 486 170
car 0.0704 332 161 383 186
car 0.0702 394 154 422 166
car 0.0697 459 157 497 176
car 0.0695 388 125 500 217
car 0.0694 462 148 495 164
car 0.0689 411 159 446 176
car 0.0687 389 150 445 180
car 0.0681 473 171 499 217
car 0.0673 428 154 453 166
car 0.0670 331 158 406 195
car 0.0664 320 171 341 209
car 0.0660 236 171 273 197
car 0.0648 464 149 488 173
car 0.0638 403 157 418 170
car 0.0638 348 157 382 168
car 0.0636 362 160 394 175
car 0.0630 416 151 441 162
car 0.0629 351 163 384 180
car 0.0614 393 147 442 166
car 0.0605 398 150 415 163
car 0.0595 408 153 429 165
car 0.0591 406 189 487 230
car 0.0581 80 168 214 227
car 0.0580 456 163 497 195
car 0.0573 386 168 422 215
car 0.0573 151 186 220 227
car 0.0550 406 151 451 171
car 0.0548 233 170 264 187
car 0.0546 426 151 448 162
car 0.0543 233 168 331 208
car 0.0539 372 161 405 174
car 0.0536 365 162 407 182
car 0.0532 229 181 290 228
car 0.0532 419 153 437 164
car 0.0528 301 153 492 224
car 0.0514 335 153 397 170
car 0.0510 467 227 500 244
car 0.0509 457 150 483 161
car 0.0502 464 177 499 201
car 0.0500 237 172 282 214
car 0.0495 426 159 499 189
car 0.0488 330 164 369 180
car 0.0484 363 160 382 170
car 0.0481 349 166 380 194
car 0.0479 142 145 316 229
car 0.0478 436 152 450 164
car 0.0475 409 158 427 172
car 0.0469 326 170 358 197
car 0.0466 440 151 461 162
car 0.0465 224 171 250 183
car 0.0463 381 162 413 185
car 0.0462 364 148 436 175
car 0.0462 341 159 372 175
car 0.0458 367 156 395 167
car 0.0455 403 154 474 182
car 0.0453 466 143 499 161
car 0.0453 308 137 350 153
car 0.0447 36 162 69 221
car 0.0447 355 160 376 170
car 0.0445 464 199 496 233
car 0.0445 452 153 467 163
car 0.0441 397 156 411 169
car 0.0440 397 180 425 221
car 0.0432 389 146 421 167
car 0.0431 0 215 20 240
car 0.0429 448 151 471 162
car 0.0427 330 189 366 211
car 0.0422 324 155 367 171
car 0.0421 407 157 449 211
car 0.0414 235 179 264 200
car 0.0413 239 165 267 180
car 0.0413 423 159 457 174
car 0.0409 425 143 498 174
car 0.0409 386 161 409 176
car 0.0400 464 187 496 217
car 0.0400 329 165 389 232
car 0.0398 45 159 94 222
car 0.0394 418 164 444 194
car 0.0391 212 168 258 187
car 0.0381 471 192 500 225
car 0.0380 325 153 445 200
car 0.0379 394 159 413 179
car 0.0378 211 174 269 195
car 0.0377 220 144 341 218
car 0.0376 227 177 261 191
car 0.0376 216 172 241 183
car 0.0368 380 155 406 165
car 0.0366 459 152 476 164
car 0.0361 419 165 460 182
car 0.0355 42 155 174 227
car 0.0351 411 155 425 168
car 0.0348 422 156 443 180
car 0.0347 387 150 406 160
car 0.0346 1 176 32 215
car 0.0345 448 165 490 183
car 0.0345 378 172 422 194
car 0.0333 23 159 58 216
car 0.0332 459 128 496 176
car 0.0331 143 158 231 232
car 0.0328 379 150 418 173
car 0.0328 163 166 285 215
car 0.0326 363 170 486 248
car 0.0324 435 159 468 172
car 0.0323 314 148 374 178
car 0.0322 222 183 261 199
car 0.0322 329 179 354 212
car 0.0321 419 153 457 180
car 0.0319 362 167 414 196
car 0.0317 425 148 470 165
car 0.0315 370 159 390 169
car 0.0314 381 179 418 200
car 0.0313 365 163 378 174
car 0.0312 427 169 480 225
car 0.0310 368 146 418 164
car 0.0298 373 150 396 160
car 0.0293 358 163 375 178
car 0.0292 211 177 278 205
car 0.0291 408 172 440 203
car 0.0290 0 168 21 204
car 0.0282 191 169 238 188
car 0.0278 361 150 387 161
car 0.0276 482 140 498 161
car 0.0275 317 185 347 213
car 0.0274 455 160 481 176
car 0.0273 31 184 61 210
car 0.0272 183 176 216 191
car 0.0270 97 167 139 222
car 0.0269 7 165 42 220
car 0.0269 180 183 220 199
car 0.0267 243 167 400 249
car 0.0264 352 133 434 212
car 0.0263 150 191 191 225
car 0.0260 255 162 276 173
car 0.0259 247 163 268 174
car 0.0259 264 162 285 172
car 0.0259 401 184 435 228
car 0.0258 436 154 481 178
car 0.0256 186 181 276 213
car 0.0251 16 178 65 212
car 0.0251 449 137 500 167
car 0.0249 183 172 261 198
car 0.0248 435 172 493 201
car 0.0247 395 141 499 185
car 0.0247 345 150 412 179
car 0.0247 376 153 390 164
car 0.0244 245 162 302 217
car 0.0243 255 165 285 178
car 0.0243 294 154 354 202
car 0.0242 223 164 260 182
car 0.0241 365 154 382 165
car 0.0240 455 149 467 160
car 0.0238 16 188 50 212
car 0.0238 203 184 245 198
car 0.0237 335 199 367 216
car 0.0237 431 149 443 161
car 0.0237 235 167 299 194
car 0.0236 409 212 485 242
car 0.0235 439 150 450 161
car 0.0235 411 149 429 161
car 0.0235 342 176 381 199
car 0.0235 301 137 361 168
car 0.0234 0 239 22 271
car 0.0233 145 179 200 218
car 0.0232 391 184 430 206
car 0.0229 308 176 340 218
car 0.0226 413 147 438 173
car 0.0226 448 160 471 174
car 0.0225 237 162 282 183
car 0.0224 0 222 21 264
car 0.0223 425 131 497 164
car 0.0223 211 178 244 189
car 0.0223 444 206 500 244
car 0.0222 23 192 45 211
car 0.0220 176 174 233 195
car 0.0220 55 172 109 226
car 0.0220 422 149 437 161
car 0.0220 468 145 487 160
car 0.0219 42 160 102 194
car 0.0219 447 150 459 160
car 0.0218 245 171 288 188
car 0.0217 270 162 292 172
car 0.0217 474 140 491 159
car 0.0217 290 196 337 218
car 0.0216 325 146 394 167
car 0.0216 261 198 324 222
car 0.0215 34 153 118 210
car 0.0214 416 141 447 165
car 0.0213 328 141 363 153
car 0.0210 356 154 376 165
car 0.0209 440 141 472 164
car 0.0209 432 96 500 229
car 0.0207 196 181 262 202
car 0.0205 395 164 498 284
car 0.0205 308 138 366 201
car 0.0204 7 183 41 211
car 0.0204 160 183 232 211
car 0.0204 66 169 97 215
car 0.0203 10 192 35 214
car 0.0203 296 132 352 159
car 0.0202 397 146 421 157
car 0.0200 201 174 247 196
motorbike 0.0384 29 176 62 213
motorbike 0.0258 34 189 62 210
person 0.7147 357 162 406 274
person 0.2342 353 161 411 223
person 0.1937 357 161 389 217
person 0.1725 40 178 59 211
person 0.1671 35 182 52 212
person 0.1471 31 184 44 212
person 0.1241 193 165 205 187
person 0.1032 73 195 88 223
person 0.0982 187 165 199 187
person 0.0940 359 161 384 194
person 0.0889 374 163 421 216
person 0.0796 36 168 62 215
person 0.0789 238 163 254 184
person 0.0747 43 190 58 228
person 0.0744 235 167 247 184
person 0.0739 201 167 211 185
person 0.0721 1 170 18 216
person 0.0719 334 163 371 229
person 0.0716 347 168 382 223
person 0.0709 29 174 49 212
person 0.0697 359 194 392 273
person 0.0676 359 162 397 183
person 0.0655 23 185 36 214
person 0.0636 191 171 207 192
person 0.0628 45 183 63 217
person 0.0619 0 167 9 215
person 0.0602 70 185 92 222
person 0.0593 7 178 27 216
person 0.0588 235 167 259 188
person 0.0572 383 171 411 219
person 0.0570 189 169 198 184
person 0.0560 187 162 208 193
person 0.0557 36 164 54 206
person 0.0556 181 164 191 188
person 0.0551 362 162 408 196
person 0.0549 351 167 378 202
person 0.0547 437 154 447 166
person 0.0536 67 195 85 227
person 0.0500 381 160 417 198
person 0.0479 367 166 402 217
person 0.0478 334 159 395 253
person 0.0475 228 170 238 184
person 0.0475 249 164 260 179
person 0.0467 31 181 59 225
person 0.0467 355 190 373 223
person 0.0463 244 164 261 184
person 0.0458 397 152 411 166
person 0.0456 453 154 463 165
person 0.0456 294 140 308 168
person 0.0452 225 171 244 185
person 0.0447 430 155 441 167
person 0.0444 41 164 59 198
person 0.0442 211 171 218 185
person 0.0430 37 193 52 225
person 0.0427 49 195 63 229
person 0.0426 220 171 228 184
person 0.0421 14 178 38 215
person 0.0420 443 154 458 164
person 0.0411 258 164 268 177
person 0.0410 31 166 43 199
person 0.0402 233 175 249 193
person 0.0401 64 175 99 227
person 0.0398 392 153 401 167
person 0.0398 208 173 224 185
person 0.0393 218 173 235 185
person 0.0389 356 164 377 189
person 0.0388 242 164 257 177
person 0.0387 422 155 434 167
person 0.0378 445 156 455 166
person 0.0369 392 158 402 170
person 0.0368 100 213 112 233
person 0.0361 192 171 216 185
person 0.0360 404 151 416 164
person 0.0359 26 162 55 214
person 0.0359 296 149 307 170
person 0.0358 195 165 208 179
person 0.0353 221 170 234 181
person 0.0353 78 195 97 225
person 0.0352 104 209 120 233
person 0.0350 179 172 192 194
person 0.0347 61 194 74 224
person 0.0347 211 170 223 182
person 0.0343 384 162 407 189
person 0.0343 92 208 105 232
person 0.0337 212 0 252 46
person 0.0337 199 176 213 192
person 0.0335 181 160 202 189
person 0.0334 375 172 398 209
person 0.0334 362 171 395 238
person 0.0333 0 164 33 215
person 0.0331 0 174 24 240
person 0.0331 376 173 409 247
person 0.0330 195 161 214 191
person 0.0329 229 160 251 189
person 0.0325 175 159 197 196
person 0.0325 233 167 255 179
person 0.0325 21 175 35 205
person 0.0325 374 162 399 176
person 0.0319 341 178 366 222
person 0.0319 433 157 449 177
person 0.0318 254 164 269 183
person 0.0317 266 164 275 177
person 0.0312 237 166 251 177
person 0.0311 351 199 364 227
person 0.0307 189 166 202 179
person 0.0307 385 155 393 167
person 0.0302 395 176 438 238
person 0.0299 423 152 433 164
person 0.0295 382 158 399 168
person 0.0295 361 171 391 203
person 0.0293 388 161 404 178
person 0.0291 384 161 394 172
person 0.0291 348 189 364 220
person 0.0289 30 196 42 224
person 0.0286 239 160 266 189
person 0.0284 387 152 399 163
person 0.0282 198 168 205 179
person 0.0282 274 164 284 175
person 0.0280 58 189 71 212
person 0.0279 459 154 470 167
person 0.0279 372 162 386 173
person 0.0278 90 195 106 226
person 0.0277 182 177 203 202
person 0.0274 215 161 249 184
person 0.0273 2 184 30 226
person 0.0273 469 147 480 163
person 0.0273 299 145 312 168
person 0.0272 171 164 183 194
person 0.0271 346 154 432 259
person 0.0269 4 21 94 55
person 0.0269 1 164 17 196
person 0.0266 48 165 90 226
person 0.0262 346 114 427 225
person 0.0262 70 194 103 231
person 0.0262 53 182 76 222
person 0.0257 8 166 28 200
person 0.0256 39 156 72 211
person 0.0255 223 178 245 192
person 0.0255 69 193 84 213
person 0.0253 174 161 207 208
person 0.0252 185 0 247 41
person 0.0251 461 152 470 163
person 0.0250 248 167 271 191
person 0.0250 292 158 302 172
person 0.0247 413 152 424 164
person 0.0247 376 157 385 168
person 0.0247 39 181 68 233
person 0.0246 457 156 472 171
person 0.0244 203 166 214 178
person 0.0244 122 155 138 187
person 0.0243 438 160 461 175
person 0.0243 388 174 421 233
person 0.0243 62 191 91 234
person 0.0243 179 176 211 192
person 0.0237 303 153 313 170
person 0.0236 290 147 304 168
person 0.0235 455 146 462 160
person 0.0235 175 179 194 202
person 0.0235 166 1 192 31
person 0.0234 0 0 253 366
person 0.0234 186 171 223 196
person 0.0232 263 163 277 182
person 0.0232 2 179 49 216
person 0.0230 280 163 291 174
person 0.0228 355 199 370 235
person 0.0228 358 180 380 221
person 0.0226 196 167 230 190
person 0.0225 369 181 399 267
person 0.0225 419 150 445 177
person 0.0225 351 190 379 268
person 0.0225 229 156 261 180
person 0.0224 261 161 272 172
person 0.0223 185 182 213 201
person 0.0223 101 167 123 192
person 0.0222 190 168 197 179
person 0.0222 83 190 107 230
person 0.0219 37 164 49 184
person 0.0218 252 161 264 172
person 0.0217 391 145 416 171
person 0.0217 232 162 265 205
person 0.0216 206 179 226 191
person 0.0216 27 188 48 228
person 0.0216 56 179 71 207
person 0.0215 430 146 450 171
person 0.0214 57 192 80 231
person 0.0214 95 203 116 236
person 0.0213 439 147 446 162
person 0.0212 90 216 110 234
person 0.0212 268 162 281 172
person 0.0212 216 180 236 191
person 0.0211 197 167 215 181
person 0.0211 447 140 466 167
person 0.0210 101 201 127 235
person 0.0208 230 166 243 178
person 0.0208 166 158 188 200
person 0.0206 33 162 42 181
person 0.0204 471 144 479 158
person 0.0204 429 162 451 186
person 0.0203 171 183 196 212
person 0.0201 218 181 230 193
person 0.0200 20 193 40 216
person 0.0200 249 156 272 183
pottedplant 0.0393 1 187 19 225
pottedplant 0.0342 0 204 20 238
pottedplant 0.0242 0 172 16 244
pottedplant 0.0237 0 185 11 228
pottedplant 0.0214 43 207 62 230
pottedplant 0.0204 0 184 31 237
train 0.0448 22 50 467 232
train 0.0249 70 86 357 225
train 0.0216 64 0 333 82
train 0.0207 186 107 499 219
tvmonitor 0.0356 164 1 188 31
tvmonitor 0.0343 0 10 65 54
tvmonitor 0.0319 53 157 105 223
tvmonitor 0.0301 145 0 190 34
tvmonitor 0.0226 102 158 139 222
tvmonitor 0.0200 40 151 130 230
