aeroplane 0.0416 0 0 457 375
boat 0.0301 0 44 441 370
bottle 0.0792 181 61 199 99
bottle 0.0712 171 57 196 100
bottle 0.0435 444 0 470 73
bottle 0.0415 160 150 177 172
bottle 0.0409 189 71 204 100
bottle 0.0403 276 195 317 254
bottle 0.0393 111 130 129 171
bottle 0.0382 162 156 176 193
bottle 0.0339 167 162 181 200
bottle 0.0326 122 132 152 180
bottle 0.0319 86 167 111 215
bottle 0.0318 153 154 169 173
bottle 0.0301 361 255 383 289
bottle 0.0300 158 45 201 103
bottle 0.0297 167 150 181 175
bottle 0.0293 350 238 391 290
bottle 0.0290 384 354 415 375
bottle 0.0282 105 133 122 170
bottle 0.0278 105 165 121 206
bottle 0.0278 145 149 162 174
bottle 0.0277 152 159 169 191
bottle 0.0272 155 142 179 177
bottle 0.0272 282 212 330 250
bottle 0.0269 118 135 140 173
bottle 0.0258 97 170 113 211
bottle 0.0241 446 56 465 93
bottle 0.0241 178 57 201 84
bottle 0.0227 279 208 305 248
bottle 0.0222 352 255 375 288
bottle 0.0221 120 154 152 176
bottle 0.0221 363 246 412 288
bottle 0.0221 145 157 163 191
bottle 0.0218 110 151 130 180
bottle 0.0215 82 168 101 201
bottle 0.0211 366 261 390 291
bottle 0.0211 178 54 209 102
bottle 0.0209 450 0 499 58
bottle 0.0207 376 291 424 372
bottle 0.0205 375 255 400 288
bottle 0.0202 381 249 407 284
chair 0.7274 24 203 157 375
chair 0.5453 0 178 72 302
chair 0.5232 111 166 174 293
chair 0.4910 263 236 414 372
chair 0.4366 7 176 96 355
chair 0.3609 66 181 161 337
chair 0.2059 5 165 147 312
chair 0.2020 202 128 289 266
chair 0.1776 170 171 219 261
chair 0.1753 264 275 369 375
chair 0.1588 125 148 194 275
chair 0.1535 10 213 83 321
chair 0.1462 0 170 66 247
chair 0.1393 149 169 211 279
chair 0.1383 180 149 241 266
chair 0.1218 83 154 159 280
chair 0.1199 262 182 354 358
chair 0.1126 37 221 152 318
chair 0.1119 115 139 173 241
chair 0.1114 142 202 177 293
chair 0.1025 51 152 201 372
chair 0.0968 0 184 37 249
chair 0.0957 109 204 159 287
chair 0.0937 87 202 171 303
chair 0.0924 22 234 76 299
chair 0.0919 0 200 120 290
chair 0.0894 81 170 121 269
chair 0.0890 0 214 49 308
chair 0.0882 296 287 454 372
chair 0.0840 245 168 459 356
chair 0.0829 134 176 181 262
chair 0.0825 8 172 97 263
chair 0.0822 319 217 460 375
chair 0.0799 103 132 228 300
chair 0.0791 273 251 339 365
chair 0.0782 161 164 204 238
chair 0.0773 153 120 279 282
chair 0.0761 44 167 117 281
chair 0.0724 106 187 166 259
chair 0.0720 209 146 383 374
chair 0.0702 39 184 182 277
chair 0.0701 84 161 117 234
chair 0.0697 0 144 91 215
chair 0.0695 262 322 391 375
chair 0.0689 20 195 74 282
chair 0.0679 272 230 373 333
chair 0.0678 121 124 167 200
chair 0.0672 206 153 246 262
chair 0.0668 95 157 147 246
chair 0.0668 170 126 317 337
chair 0.0667 147 121 215 251
chair 0.0651 120 180 198 322
chair 0.0642 163 233 371 375
chair 0.0634 34 231 261 375
chair 0.0609 110 170 159 231
chair 0.0604 202 118 252 240
chair 0.0585 359 241 444 361
chair 0.0576 295 161 417 262
chair 0.0568 306 236 423 318
chair 0.0553 287 201 409 292
chair 0.0552 342 126 419 268
chair 0.0551 0 166 38 226
chair 0.0548 174 171 213 222
chair 0.0530 132 164 170 222
chair 0.0528 15 239 107 340
chair 0.0518 22 303 157 373
chair 0.0508 162 123 201 182
chair 0.0508 163 183 186 259
chair 0.0505 407 259 492 375
chair 0.0502 74 211 136 302
chair 0.0498 113 147 282 375
chair 0.0483 365 242 445 300
chair 0.0482 161 189 199 274
chair 0.0479 288 260 434 341
chair 0.0475 31 240 94 289
chair 0.0466 0 180 24 237
chair 0.0463 131 251 297 373
chair 0.0462 172 120 216 221
chair 0.0455 228 148 316 261
chair 0.0449 96 129 160 228
chair 0.0446 276 202 337 309
chair 0.0444 279 244 356 310
chair 0.0441 234 253 319 375
chair 0.0435 112 160 168 201
chair 0.0435 172 121 211 170
chair 0.0435 146 227 171 293
chair 0.0432 95 188 140 268
chair 0.0430 269 136 302 160
chair 0.0421 373 278 463 375
chair 0.0416 127 210 169 303
chair 0.0413 7 198 73 242
chair 0.0404 268 135 328 164
chair 0.0400 39 202 89 276
chair 0.0400 217 168 257 267
chair 0.0398 302 289 382 375
chair 0.0394 98 218 172 263
chair 0.0392 1 181 62 223
chair 0.0391 106 167 140 223
chair 0.0389 239 153 284 253
chair 0.0388 267 228 314 336
chair 0.0388 155 198 182 282
chair 0.0388 327 232 408 292
chair 0.0381 202 119 245 174
chair 0.0378 32 195 69 254
chair 0.0375 140 217 168 279
chair 0.0373 4 214 74 259
chair 0.0373 0 224 58 367
chair 0.0373 86 224 147 282
chair 0.0371 316 340 414 373
chair 0.0370 201 116 276 189
chair 0.0369 154 164 180 235
chair 0.0363 159 161 177 209
chair 0.0362 274 237 335 291
chair 0.0362 87 223 150 335
chair 0.0361 148 162 172 208
chair 0.0356 272 139 310 168
chair 0.0355 278 339 377 371
chair 0.0353 74 130 135 249
chair 0.0352 13 261 71 320
chair 0.0345 167 170 180 210
chair 0.0344 0 171 60 205
chair 0.0344 125 244 207 375
chair 0.0343 248 133 342 216
chair 0.0343 48 163 124 228
chair 0.0339 322 318 376 375
chair 0.0337 323 185 410 244
chair 0.0336 101 129 138 198
chair 0.0334 2 230 76 276
chair 0.0333 0 183 24 211
chair 0.0333 256 171 294 263
chair 0.0331 327 256 440 309
chair 0.0331 38 174 93 242
chair 0.0328 178 174 207 207
chair 0.0324 322 309 418 373
chair 0.0323 260 180 340 279
chair 0.0316 268 194 317 293
chair 0.0316 195 121 235 197
chair 0.0314 5 260 142 361
chair 0.0313 336 204 446 286
chair 0.0310 116 154 195 216
chair 0.0310 108 167 148 200
chair 0.0309 140 128 183 195
chair 0.0308 181 193 216 251
chair 0.0305 241 127 300 214
chair 0.0304 79 148 125 193
chair 0.0304 93 166 115 216
chair 0.0302 162 163 189 221
chair 0.0301 89 184 116 256
chair 0.0299 402 162 464 289
chair 0.0298 75 155 111 213
chair 0.0298 60 214 118 269
chair 0.0296 98 167 124 225
chair 0.0296 134 146 170 202
chair 0.0294 285 238 390 289
chair 0.0293 74 269 147 375
chair 0.0291 264 226 316 277
chair 0.0291 97 195 220 279
chair 0.0289 366 157 499 371
chair 0.0289 268 132 291 156
chair 0.0287 378 195 452 300
chair 0.0286 164 113 264 225
chair 0.0283 196 223 280 364
chair 0.0282 167 182 182 227
chair 0.0282 65 186 113 244
chair 0.0281 266 248 314 302
chair 0.0277 221 182 292 271
chair 0.0276 87 167 206 256
chair 0.0274 0 229 25 313
chair 0.0272 47 219 158 273
chair 0.0271 270 248 297 328
chair 0.0270 170 178 200 228
chair 0.0270 261 137 321 182
chair 0.0270 335 189 400 278
chair 0.0267 105 158 132 202
chair 0.0266 27 177 70 234
chair 0.0264 0 100 128 375
chair 0.0264 0 181 40 203
chair 0.0264 291 253 342 334
chair 0.0262 270 211 366 266
chair 0.0261 2 190 31 220
chair 0.0261 415 189 494 353
chair 0.0260 382 234 445 282
chair 0.0259 111 226 148 296
chair 0.0258 104 168 121 209
chair 0.0258 354 246 419 295
chair 0.0257 307 254 385 349
chair 0.0257 30 224 68 285
chair 0.0256 388 245 455 326
chair 0.0256 172 172 194 207
chair 0.0256 0 246 66 298
chair 0.0255 163 179 177 214
chair 0.0254 144 161 164 197
chair 0.0252 276 253 309 324
chair 0.0250 245 125 301 168
chair 0.0248 301 330 449 375
chair 0.0248 107 138 157 183
chair 0.0245 23 162 107 202
chair 0.0245 359 173 405 239
chair 0.0244 353 289 428 375
chair 0.0244 249 133 297 156
chair 0.0243 0 204 23 246
chair 0.0241 203 203 254 268
chair 0.0240 117 113 213 209
chair 0.0240 224 165 311 343
chair 0.0239 369 207 430 251
chair 0.0239 367 179 428 265
chair 0.0239 169 187 194 246
chair 0.0237 185 187 229 268
chair 0.0237 282 196 386 253
chair 0.0237 253 159 302 231
chair 0.0236 108 173 131 213
chair 0.0235 21 253 116 306
chair 0.0234 122 171 165 209
chair 0.0232 52 234 120 285
chair 0.0231 0 257 50 318
chair 0.0228 87 210 163 250
chair 0.0226 355 337 438 375
chair 0.0226 333 241 401 333
chair 0.0226 274 264 330 330
chair 0.0225 275 135 321 153
chair 0.0225 170 216 223 272
chair 0.0223 274 203 312 265
chair 0.0223 286 352 374 375
chair 0.0221 251 186 285 250
chair 0.0219 122 147 164 178
chair 0.0217 320 248 386 296
chair 0.0217 247 232 299 275
chair 0.0214 246 141 282 159
chair 0.0214 9 183 67 208
chair 0.0213 226 232 285 272
chair 0.0213 29 221 109 262
chair 0.0213 152 178 170 213
chair 0.0211 308 212 418 270
chair 0.0211 143 220 204 295
chair 0.0211 216 118 325 192
chair 0.0210 280 141 331 158
chair 0.0210 182 286 293 375
chair 0.0209 136 196 168 257
chair 0.0208 99 151 172 187
chair 0.0208 127 165 162 191
chair 0.0207 166 152 203 209
chair 0.0207 380 244 426 291
chair 0.0206 243 151 285 208
chair 0.0206 252 126 334 174
chair 0.0205 55 249 144 345
chair 0.0205 286 142 338 168
chair 0.0204 392 213 436 268
chair 0.0204 230 123 281 159
chair 0.0204 293 195 495 306
chair 0.0204 143 235 164 283
chair 0.0204 150 196 190 252
chair 0.0203 167 213 183 265
chair 0.0203 148 171 217 212
chair 0.0203 297 251 365 297
chair 0.0203 113 162 160 183
chair 0.0202 121 189 165 230
chair 0.0201 139 180 167 234
chair 0.0201 0 152 18 225
chair 0.0201 142 176 165 214
chair 0.0200 255 249 299 360
chair 0.0200 3 193 45 231
diningtable 0.0906 188 220 435 373
diningtable 0.0792 29 149 258 372
diningtable 0.0781 94 150 247 295
diningtable 0.0777 106 142 485 366
diningtable 0.0754 90 220 345 375
diningtable 0.0716 11 148 181 303
diningtable 0.0606 184 149 438 307
diningtable 0.0496 128 144 331 324
diningtable 0.0472 112 120 199 212
diningtable 0.0467 83 145 170 228
diningtable 0.0446 281 179 422 248
diningtable 0.0440 2 149 113 216
diningtable 0.0433 62 160 155 245
diningtable 0.0399 307 200 434 262
diningtable 0.0360 39 181 178 254
diningtable 0.0326 91 128 159 199
diningtable 0.0317 109 168 235 254
diningtable 0.0304 35 158 179 212
diningtable 0.0280 125 194 272 279
diningtable 0.0258 90 168 184 246
diningtable 0.0254 87 167 161 206
diningtable 0.0253 0 132 154 228
diningtable 0.0234 113 163 205 209
diningtable 0.0226 7 123 131 190
diningtable 0.0209 30 125 273 252
diningtable 0.0201 108 139 244 222
person 0.8086 268 154 424 369
person 0.4600 203 120 279 265
person 0.4207 0 138 72 257
person 0.3020 253 147 356 310
person 0.2648 16 136 149 367
person 0.2535 0 132 66 206
person 0.2213 264 143 404 261
person 0.2144 120 123 155 170
person 0.1860 446 32 467 92
person 0.1663 0 133 40 192
person 0.1644 259 153 331 260
person 0.1600 230 139 300 255
person 0.1482 205 132 347 337
person 0.1203 239 133 348 240
person 0.1145 117 125 169 193
person 0.1088 0 158 58 223
person 0.1025 444 4 477 91
person 0.1012 278 158 360 234
person 0.0920 0 133 27 171
person 0.0918 249 59 275 107
person 0.0820 150 133 442 375
person 0.0813 431 6 465 92
person 0.0801 140 144 301 363
person 0.0771 164 56 185 97
person 0.0771 269 174 313 253
person 0.0748 0 144 30 212
person 0.0724 266 151 390 216
person 0.0695 0 155 70 190
person 0.0658 3 127 53 176
person 0.0656 275 180 340 282
person 0.0654 324 191 463 368
person 0.0646 57 131 217 359
person 0.0638 0 130 96 309
person 0.0626 265 148 313 223
person 0.0621 70 0 492 375
person 0.0590 280 153 332 216
person 0.0587 232 62 259 108
person 0.0586 253 146 296 238
person 0.0583 260 71 278 107
person 0.0582 244 64 265 105
person 0.0574 25 128 73 187
person 0.0565 342 148 436 304
person 0.0562 449 0 497 96
person 0.0556 281 169 376 295
person 0.0536 101 124 141 181
person 0.0522 135 123 184 174
person 0.0520 321 142 382 228
person 0.0517 103 118 177 239
person 0.0498 88 30 136 97
person 0.0473 304 60 500 375
person 0.0471 229 61 248 103
person 0.0457 300 156 364 209
person 0.0453 0 149 23 191
person 0.0447 80 126 119 184
person 0.0442 268 76 282 106
person 0.0436 267 144 347 201
person 0.0434 129 130 163 172
person 0.0424 0 0 194 375
person 0.0416 174 57 193 90
person 0.0414 0 172 64 204
person 0.0412 200 69 322 260
person 0.0396 7 136 40 172
person 0.0394 111 126 129 168
person 0.0376 21 145 65 180
person 0.0367 102 35 126 65
person 0.0364 18 160 73 185
person 0.0360 414 8 456 91
person 0.0357 233 54 278 113
person 0.0354 252 61 270 90
person 0.0354 0 149 52 179
person 0.0347 1 134 39 158
person 0.0334 35 156 68 177
person 0.0329 276 191 308 244
person 0.0326 284 167 458 280
person 0.0325 213 202 500 375
person 0.0316 281 181 385 242
person 0.0316 273 141 310 199
person 0.0313 140 137 161 171
person 0.0310 249 131 296 196
person 0.0306 113 136 175 174
person 0.0301 25 136 48 170
person 0.0295 21 132 110 248
person 0.0294 0 100 56 233
person 0.0293 0 122 102 188
person 0.0287 22 153 59 193
person 0.0285 381 171 465 323
person 0.0279 154 154 173 170
person 0.0278 422 43 468 97
person 0.0278 0 136 15 175
person 0.0278 76 0 167 127
person 0.0277 147 135 175 171
person 0.0270 73 141 108 197
person 0.0270 0 136 24 154
person 0.0261 382 40 407 101
person 0.0259 97 35 116 66
person 0.0259 127 151 164 171
person 0.0257 14 159 52 202
person 0.0256 40 140 73 180
person 0.0255 200 77 212 99
person 0.0254 282 170 327 240
person 0.0253 247 62 264 87
person 0.0251 6 95 157 283
person 0.0251 443 56 463 91
person 0.0249 237 75 257 110
person 0.0241 278 138 328 187
person 0.0237 159 50 195 98
person 0.0237 415 109 457 128
person 0.0237 10 168 86 199
person 0.0234 103 31 134 82
person 0.0233 328 169 374 233
person 0.0232 12 157 57 176
person 0.0232 204 114 247 171
person 0.0224 50 152 70 177
person 0.0224 38 164 78 180
person 0.0224 106 29 134 61
person 0.0221 26 159 101 206
person 0.0218 316 185 387 277
person 0.0218 285 162 311 220
person 0.0217 115 143 143 172
person 0.0216 94 34 124 83
person 0.0215 80 123 153 222
person 0.0215 56 107 167 253
person 0.0214 224 64 242 105
person 0.0213 360 141 381 180
person 0.0213 447 10 466 66
person 0.0207 434 0 485 124
pottedplant 0.0868 161 56 186 100
pottedplant 0.0618 171 59 196 101
pottedplant 0.0528 160 54 202 120
pottedplant 0.0409 184 69 198 102
pottedplant 0.0335 178 68 193 102
pottedplant 0.0300 424 0 480 99
pottedplant 0.0291 192 77 206 102
pottedplant 0.0263 156 56 183 124
pottedplant 0.0252 159 69 176 112
pottedplant 0.0233 181 65 207 100
pottedplant 0.0200 156 61 172 98
sofa 0.2802 200 125 299 268
sofa 0.1943 227 130 377 275
sofa 0.1513 147 137 347 266
sofa 0.1054 233 151 442 329
sofa 0.0939 115 124 172 181
sofa 0.0893 112 128 268 281
sofa 0.0842 0 138 108 295
sofa 0.0697 171 122 269 253
sofa 0.0646 194 118 327 203
sofa 0.0576 211 122 393 216
sofa 0.0568 99 127 175 219
sofa 0.0555 200 198 476 375
sofa 0.0511 211 163 337 261
sofa 0.0489 91 133 200 267
sofa 0.0487 0 154 81 251
sofa 0.0411 119 122 195 208
sofa 0.0397 131 122 207 171
sofa 0.0383 12 130 189 282
sofa 0.0284 152 119 235 199
sofa 0.0282 0 130 120 217
sofa 0.0275 166 193 319 274
sofa 0.0268 121 111 299 215
sofa 0.0257 250 132 374 191
sofa 0.0248 40 79 436 373
sofa 0.0224 185 181 377 290
train 0.0787 0 0 469 336
train 0.0258 242 34 463 346
train 0.0202 260 0 437 240
tvmonitor 0.7193 356 129 412 211
tvmonitor 0.6913 422 154 466 248
tvmonitor 0.5635 24 126 73 166
tvmonitor 0.3549 8 129 72 182
tvmonitor 0.3221 307 136 415 223
tvmonitor 0.1726 334 124 376 198
tvmonitor 0.1665 408 310 485 375
tvmonitor 0.1494 115 124 160 173
tvmonitor 0.1478 402 141 478 232
tvmonitor 0.1466 369 134 450 223
tvmonitor 0.1287 73 146 102 167
tvmonitor 0.1234 336 145 437 239
tvmonitor 0.1201 281 158 425 245
tvmonitor 0.1141 176 121 206 172
tvmonitor 0.1074 72 134 95 163
tvmonitor 0.1073 431 150 500 252
tvmonitor 0.1022 122 122 150 163
tvmonitor 0.1006 417 131 463 213
tvmonitor 0.0897 410 317 452 375
tvmonitor 0.0846 127 124 185 172
tvmonitor 0.0839 33 126 130 177
tvmonitor 0.0838 80 123 128 172
tvmonitor 0.0824 0 136 88 202
tvmonitor 0.0814 269 141 386 216
tvmonitor 0.0784 367 138 407 190
tvmonitor 0.0703 325 124 436 203
tvmonitor 0.0696 69 140 111 171
tvmonitor 0.0687 24 129 49 159
tvmonitor 0.0683 73 126 91 154
tvmonitor 0.0657 281 139 454 287
tvmonitor 0.0656 153 122 203 170
tvmonitor 0.0654 398 275 465 371
tvmonitor 0.0645 110 123 136 168
tvmonitor 0.0644 332 126 409 178
tvmonitor 0.0639 356 163 416 226
tvmonitor 0.0609 103 123 125 167
tvmonitor 0.0580 288 132 397 189
tvmonitor 0.0573 95 125 119 166
tvmonitor 0.0551 43 128 98 168
tvmonitor 0.0539 408 108 458 197
tvmonitor 0.0538 87 121 166 182
tvmonitor 0.0536 87 143 107 168
tvmonitor 0.0525 439 0 490 96
tvmonitor 0.0523 442 294 497 375
tvmonitor 0.0520 43 134 71 168
tvmonitor 0.0515 409 189 459 252
tvmonitor 0.0513 30 148 72 171
tvmonitor 0.0506 151 129 182 168
tvmonitor 0.0502 314 131 367 188
tvmonitor 0.0481 441 338 500 375
tvmonitor 0.0479 3 127 18 144
tvmonitor 0.0452 424 166 461 213
tvmonitor 0.0448 159 55 204 127
tvmonitor 0.0445 83 128 111 165
tvmonitor 0.0444 0 74 49 183
tvmonitor 0.0438 369 152 494 246
tvmonitor 0.0436 140 123 179 157
tvmonitor 0.0435 398 126 423 183
tvmonitor 0.0433 0 126 68 154
tvmonitor 0.0428 118 123 155 144
tvmonitor 0.0428 73 123 103 168
tvmonitor 0.0423 92 135 106 158
tvmonitor 0.0423 277 154 358 195
tvmonitor 0.0422 381 139 406 176
tvmonitor 0.0422 20 104 82 175
tvmonitor 0.0419 31 140 94 174
tvmonitor 0.0416 381 126 417 184
tvmonitor 0.0413 180 124 203 151
tvmonitor 0.0407 73 146 108 189
tvmonitor 0.0400 160 146 177 168
tvmonitor 0.0394 166 118 214 160
tvmonitor 0.0386 402 135 419 175
tvmonitor 0.0385 0 44 164 143
tvmonitor 0.0382 334 127 358 190
tvmonitor 0.0374 388 146 462 272
tvmonitor 0.0370 403 151 433 235
tvmonitor 0.0367 175 133 196 171
tvmonitor 0.0364 21 154 76 179
tvmonitor 0.0363 370 118 442 186
tvmonitor 0.0361 96 138 113 168
tvmonitor 0.0360 2 133 52 163
tvmonitor 0.0358 156 72 207 157
tvmonitor 0.0357 119 123 142 153
tvmonitor 0.0353 132 123 163 163
tvmonitor 0.0350 68 146 91 165
tvmonitor 0.0349 0 132 25 149
tvmonitor 0.0349 426 155 460 191
tvmonitor 0.0347 310 159 399 203
tvmonitor 0.0347 350 124 389 191
tvmonitor 0.0343 284 138 348 185
tvmonitor 0.0335 74 135 103 153
tvmonitor 0.0334 396 303 442 373
tvmonitor 0.0334 292 118 469 227
tvmonitor 0.0333 0 121 25 146
tvmonitor 0.0327 10 133 39 158
tvmonitor 0.0324 30 125 71 144
tvmonitor 0.0321 343 139 397 217
tvmonitor 0.0320 164 121 204 148
tvmonitor 0.0320 39 125 75 155
tvmonitor 0.0312 393 143 414 173
tvmonitor 0.0310 356 178 436 243
tvmonitor 0.0310 344 185 427 223
tvmonitor 0.0309 7 39 94 151
tvmonitor 0.0308 462 0 500 64
tvmonitor 0.0305 68 138 83 162
tvmonitor 0.0304 65 152 99 169
tvmonitor 0.0301 80 152 111 176
tvmonitor 0.0300 158 124 188 149
tvmonitor 0.0299 367 158 414 203
tvmonitor 0.0299 350 194 416 239
tvmonitor 0.0299 161 135 186 173
tvmonitor 0.0296 167 145 181 170
tvmonitor 0.0296 129 113 219 172
tvmonitor 0.0296 2 121 18 138
tvmonitor 0.0293 20 136 66 157
tvmonitor 0.0292 58 127 89 159
tvmonitor 0.0291 58 146 99 173
tvmonitor 0.0289 415 204 488 247
tvmonitor 0.0289 328 33 455 228
tvmonitor 0.0287 0 11 62 51
tvmonitor 0.0286 117 89 180 172
tvmonitor 0.0285 413 108 457 129
tvmonitor 0.0284 411 338 471 375
tvmonitor 0.0280 79 142 113 160
tvmonitor 0.0279 90 129 108 151
tvmonitor 0.0279 321 144 404 193
tvmonitor 0.0274 311 170 487 269
tvmonitor 0.0273 407 124 442 182
tvmonitor 0.0272 67 127 82 153
tvmonitor 0.0272 92 149 116 171
tvmonitor 0.0270 383 145 430 219
tvmonitor 0.0270 415 148 496 326
tvmonitor 0.0268 36 55 123 164
tvmonitor 0.0267 411 164 440 238
tvmonitor 0.0266 333 128 349 176
tvmonitor 0.0265 8 127 29 141
tvmonitor 0.0265 326 118 373 168
tvmonitor 0.0265 374 137 399 172
tvmonitor 0.0263 100 121 148 158
tvmonitor 0.0258 270 128 371 173
tvmonitor 0.0258 0 120 8 143
tvmonitor 0.0254 440 312 477 374
tvmonitor 0.0253 343 132 377 178
tvmonitor 0.0253 0 127 35 169
tvmonitor 0.0253 54 146 76 172
tvmonitor 0.0251 367 139 393 178
tvmonitor 0.0247 20 150 100 187
tvmonitor 0.0246 344 91 415 202
tvmonitor 0.0245 67 150 83 172
tvmonitor 0.0244 377 333 454 374
tvmonitor 0.0243 50 140 79 166
tvmonitor 0.0239 440 48 500 257
tvmonitor 0.0239 390 207 439 251
tvmonitor 0.0237 424 311 461 374
tvmonitor 0.0237 109 123 133 148
tvmonitor 0.0236 152 146 181 172
tvmonitor 0.0236 419 259 495 375
tvmonitor 0.0235 438 159 461 204
tvmonitor 0.0235 405 85 494 243
tvmonitor 0.0230 83 58 154 173
tvmonitor 0.0230 357 301 479 372
tvmonitor 0.0230 21 128 61 149
tvmonitor 0.0229 79 126 96 152
tvmonitor 0.0227 360 136 381 175
tvmonitor 0.0226 84 136 114 152
tvmonitor 0.0225 23 124 48 143
tvmonitor 0.0222 1 118 110 168
tvmonitor 0.0222 74 97 142 181
tvmonitor 0.0221 423 148 478 204
tvmonitor 0.0220 114 120 170 154
tvmonitor 0.0219 421 207 459 247
tvmonitor 0.0218 154 107 213 145
tvmonitor 0.0217 409 145 446 218
tvmonitor 0.0216 446 356 500 374
tvmonitor 0.0212 409 98 456 152
tvmonitor 0.0212 0 130 44 150
tvmonitor 0.0211 48 125 70 150
tvmonitor 0.0211 400 0 475 96
tvmonitor 0.0207 74 118 120 158
tvmonitor 0.0206 367 165 392 202
tvmonitor 0.0205 27 119 61 132
tvmonitor 0.0205 357 127 427 172
tvmonitor 0.0205 4 119 140 214
tvmonitor 0.0205 401 125 431 202
tvmonitor 0.0205 62 150 117 178
tvmonitor 0.0203 379 79 458 207
tvmonitor 0.0203 418 151 455 181
tvmonitor 0.0203 167 150 199 171
tvmonitor 0.0201 147 124 175 147
