aeroplane 0.0210 419 178 500 250
bicycle 0.1831 192 210 221 245
bicycle 0.0773 174 204 219 245
bicycle 0.0592 185 219 229 247
bicycle 0.0501 467 217 500 266
bicycle 0.0382 161 193 234 246
bicycle 0.0278 197 208 235 250
bicycle 0.0259 199 223 241 247
bicycle 0.0207 167 205 200 247
bird 0.0384 21 128 44 174
bird 0.0228 341 147 392 180
boat 0.0518 219 147 269 246
boat 0.0490 57 12 300 243
boat 0.0473 49 194 85 216
boat 0.0440 429 201 500 257
boat 0.0431 156 66 368 227
boat 0.0401 149 84 264 237
boat 0.0346 180 175 257 247
boat 0.0334 25 132 81 212
boat 0.0300 0 0 474 277
boat 0.0290 39 183 90 217
boat 0.0285 440 147 473 200
boat 0.0268 444 82 499 202
boat 0.0252 204 190 266 249
boat 0.0249 221 156 269 193
boat 0.0242 195 194 244 242
boat 0.0239 436 158 500 252
boat 0.0223 199 42 483 255
boat 0.0212 435 136 462 195
boat 0.0210 446 137 499 198
boat 0.0205 198 117 264 234
boat 0.0205 134 46 404 146
boat 0.0204 167 74 321 149
boat 0.0203 36 155 90 218
bus 0.8145 228 69 422 255
bus 0.0941 133 27 427 274
bus 0.0800 344 112 419 250
bus 0.0632 0 0 455 333
bus 0.0614 439 164 459 198
bus 0.0614 161 68 340 247
bus 0.0589 345 95 421 188
bus 0.0538 429 73 491 223
bus 0.0530 173 95 272 244
bus 0.0523 284 74 436 210
bus 0.0508 219 142 269 240
bus 0.0501 407 157 424 211
bus 0.0452 373 125 422 229
bus 0.0405 400 139 424 215
bus 0.0402 280 90 419 159
bus 0.0401 229 97 311 227
bus 0.0360 431 157 456 204
bus 0.0341 425 164 443 198
bus 0.0324 312 85 406 192
bus 0.0323 363 106 422 166
bus 0.0295 391 111 429 208
bus 0.0295 415 159 432 202
bus 0.0295 411 149 437 208
bus 0.0292 298 136 413 232
bus 0.0289 246 97 365 246
bus 0.0284 420 154 448 206
bus 0.0277 183 72 381 166
bus 0.0275 226 115 279 210
bus 0.0274 331 60 475 253
bus 0.0259 434 152 453 190
bus 0.0257 222 126 263 197
bus 0.0255 234 148 308 252
bus 0.0246 375 89 434 176
bus 0.0242 388 101 426 165
bus 0.0237 218 63 334 202
bus 0.0212 214 158 416 259
bus 0.0211 340 119 403 204
car 0.2529 311 63 349 79
car 0.1942 442 182 462 198
car 0.1162 443 187 472 199
car 0.1049 450 183 480 197
car 0.0818 439 184 449 199
car 0.0774 463 179 483 198
car 0.0741 439 176 474 199
car 0.0700 430 202 497 256
car 0.0695 140 196 177 224
car 0.0646 475 225 500 268
car 0.0621 237 230 259 251
car 0.0616 442 181 454 194
car 0.0606 146 191 172 209
car 0.0576 431 179 460 199
car 0.0572 172 199 229 235
car 0.0566 432 182 440 197
car 0.0554 152 199 207 232
car 0.0526 412 165 424 208
car 0.0499 460 182 474 198
car 0.0452 151 193 180 207
car 0.0446 46 193 85 217
car 0.0431 431 204 466 232
car 0.0419 238 220 264 252
car 0.0418 440 190 462 205
car 0.0417 441 184 487 201
car 0.0417 460 187 489 200
car 0.0411 442 172 460 193
car 0.0404 435 181 446 194
car 0.0395 294 63 374 89
car 0.0391 423 175 431 200
car 0.0370 298 58 356 79
car 0.0368 347 114 418 176
car 0.0367 142 193 202 221
car 0.0366 214 252 241 266
car 0.0362 433 187 448 201
car 0.0361 187 195 246 247
car 0.0346 233 230 248 252
car 0.0342 467 183 492 201
car 0.0340 259 208 296 254
car 0.0340 430 185 441 203
car 0.0332 439 155 450 176
car 0.0322 468 236 498 260
car 0.0321 441 175 453 190
car 0.0316 423 176 451 200
car 0.0308 438 189 456 200
car 0.0307 397 124 422 206
car 0.0305 150 196 183 211
car 0.0301 432 187 468 208
car 0.0297 405 165 425 215
car 0.0293 425 180 438 199
car 0.0291 152 189 252 243
car 0.0286 481 175 498 202
car 0.0284 435 204 498 233
car 0.0283 440 154 457 173
car 0.0281 423 160 492 252
car 0.0280 438 144 458 183
car 0.0276 452 175 489 198
car 0.0276 427 204 462 219
car 0.0262 270 65 352 91
car 0.0262 376 119 422 170
car 0.0262 444 192 475 204
car 0.0257 412 148 422 183
car 0.0257 443 222 500 256
car 0.0256 401 137 420 191
car 0.0252 382 210 406 252
car 0.0248 434 176 445 190
car 0.0248 436 194 462 223
car 0.0245 435 192 455 206
car 0.0243 440 162 458 188
car 0.0241 138 189 187 213
car 0.0239 483 184 499 215
car 0.0239 388 208 402 239
car 0.0234 422 182 431 207
car 0.0232 421 174 470 202
car 0.0229 272 70 371 101
car 0.0227 407 144 423 201
car 0.0226 464 184 499 238
car 0.0224 340 130 409 167
car 0.0224 36 182 88 216
car 0.0223 158 149 253 237
car 0.0222 192 203 231 230
car 0.0214 472 179 500 206
car 0.0211 463 233 500 250
car 0.0211 457 157 497 199
car 0.0209 403 146 421 170
car 0.0209 258 214 283 250
car 0.0207 437 205 475 220
car 0.0206 454 193 485 203
car 0.0204 414 172 440 203
car 0.0202 438 200 462 215
car 0.0202 219 247 242 261
cat 0.0405 0 0 500 333
chair 0.1235 173 205 198 236
chair 0.1165 461 207 500 256
chair 0.0815 430 205 467 249
chair 0.0769 479 209 500 245
chair 0.0703 169 208 188 237
chair 0.0690 159 200 203 237
chair 0.0683 141 193 174 226
chair 0.0682 429 204 497 256
chair 0.0671 475 217 500 266
chair 0.0612 140 197 193 232
chair 0.0601 147 190 170 211
chair 0.0544 467 208 496 237
chair 0.0430 178 213 203 241
chair 0.0428 174 210 217 239
chair 0.0402 155 207 179 235
chair 0.0399 155 98 255 229
chair 0.0387 153 192 177 208
chair 0.0375 447 204 499 237
chair 0.0373 139 204 167 231
chair 0.0367 488 204 500 244
chair 0.0361 462 215 489 246
chair 0.0353 156 58 324 241
chair 0.0351 484 190 500 250
chair 0.0345 51 198 85 217
chair 0.0324 172 204 211 226
chair 0.0317 434 206 464 233
chair 0.0309 448 212 487 250
chair 0.0309 147 210 171 236
chair 0.0306 139 186 190 217
chair 0.0291 165 198 192 223
chair 0.0289 179 83 285 206
chair 0.0287 463 205 487 230
chair 0.0285 146 206 185 224
chair 0.0274 135 5 266 229
chair 0.0267 430 225 464 249
chair 0.0263 138 197 157 224
chair 0.0255 482 196 499 229
chair 0.0254 153 182 168 204
chair 0.0254 466 229 498 254
chair 0.0252 154 60 256 183
chair 0.0238 147 173 172 208
chair 0.0227 427 221 475 254
chair 0.0226 164 211 196 241
chair 0.0225 462 228 485 255
chair 0.0223 454 213 476 240
chair 0.0215 47 193 84 232
chair 0.0214 434 223 496 248
chair 0.0213 431 211 488 237
chair 0.0212 470 201 493 227
chair 0.0212 175 214 193 244
chair 0.0212 160 208 198 225
chair 0.0204 223 228 244 246
chair 0.0202 429 212 460 238
cow 0.0539 87 56 426 251
dog 0.0234 342 147 394 179
motorbike 0.0332 175 203 231 242
person 0.3745 180 193 211 240
person 0.3029 190 199 221 245
person 0.2817 186 192 207 225
person 0.1597 203 205 223 242
person 0.1533 172 200 203 237
person 0.1334 362 130 381 158
person 0.1291 404 125 418 160
person 0.1178 195 196 216 231
person 0.1175 369 128 385 158
person 0.1145 205 175 222 196
person 0.1132 380 122 409 162
person 0.0901 393 125 412 161
person 0.0866 464 175 482 198
person 0.0862 375 124 397 158
person 0.0828 195 184 228 235
person 0.0813 350 127 388 160
person 0.0801 177 192 209 211
person 0.0750 264 71 288 92
person 0.0742 362 122 396 162
person 0.0741 176 189 217 223
person 0.0729 310 129 338 167
person 0.0716 396 123 421 172
person 0.0709 174 192 199 224
person 0.0706 442 170 457 195
person 0.0702 156 192 217 238
person 0.0649 205 194 225 224
person 0.0612 461 180 474 197
person 0.0589 356 138 384 162
person 0.0579 400 117 421 154
person 0.0575 0 0 375 333
person 0.0572 169 184 206 231
person 0.0551 211 204 229 239
person 0.0550 203 178 226 221
person 0.0548 440 175 448 193
person 0.0529 20 129 48 193
person 0.0516 206 185 223 214
person 0.0513 344 125 373 161
person 0.0510 195 177 221 211
person 0.0502 382 112 418 178
person 0.0500 193 181 208 203
person 0.0499 186 188 212 208
person 0.0497 307 131 327 165
person 0.0487 202 182 218 204
person 0.0481 461 163 484 199
person 0.0478 447 174 462 196
person 0.0476 198 190 216 215
person 0.0462 177 199 234 236
person 0.0458 203 196 242 247
person 0.0443 439 165 449 189
person 0.0442 195 176 216 195
person 0.0438 440 155 456 185
person 0.0435 301 130 317 164
person 0.0421 21 129 38 166
person 0.0416 186 196 220 214
person 0.0415 405 140 418 173
person 0.0412 167 196 186 228
person 0.0409 345 121 393 175
person 0.0405 316 128 358 166
person 0.0405 145 191 189 235
person 0.0403 187 188 199 203
person 0.0396 261 71 284 102
person 0.0395 354 104 415 174
person 0.0388 187 173 221 197
person 0.0383 177 175 242 246
person 0.0380 339 132 356 164
person 0.0379 457 141 489 199
person 0.0376 271 71 293 83
person 0.0361 232 228 248 250
person 0.0359 407 121 424 150
person 0.0359 469 167 489 198
person 0.0354 332 116 377 166
person 0.0353 170 190 183 211
person 0.0346 441 165 466 199
person 0.0341 443 147 456 172
person 0.0334 272 73 285 83
person 0.0334 408 135 422 170
person 0.0329 331 132 349 166
person 0.0328 288 123 314 164
person 0.0324 313 131 345 188
person 0.0324 368 124 391 149
person 0.0323 345 136 366 164
person 0.0322 462 123 497 194
person 0.0320 20 0 185 261
person 0.0319 178 174 224 208
person 0.0319 320 108 400 163
person 0.0317 359 125 383 149
person 0.0316 213 173 227 193
person 0.0315 353 125 376 153
person 0.0315 153 190 208 215
person 0.0314 163 121 244 238
person 0.0313 27 146 44 191
person 0.0311 347 142 390 169
person 0.0310 405 208 417 241
person 0.0305 223 228 239 248
person 0.0302 167 194 190 214
person 0.0300 395 104 425 155
person 0.0299 221 183 260 248
person 0.0298 454 150 478 198
person 0.0296 370 130 405 165
person 0.0296 294 121 325 166
person 0.0296 431 168 440 189
person 0.0296 277 121 307 161
person 0.0296 205 181 226 202
person 0.0294 152 165 207 233
person 0.0292 186 185 204 199
person 0.0292 367 125 411 151
person 0.0289 177 192 190 207
person 0.0288 458 161 473 193
person 0.0285 203 164 256 246
person 0.0283 192 206 226 224
person 0.0280 318 102 403 209
person 0.0279 186 180 198 198
person 0.0279 171 183 196 213
person 0.0277 336 121 361 161
person 0.0273 275 123 295 158
person 0.0270 145 167 185 222
person 0.0269 212 220 232 247
person 0.0268 221 215 236 240
person 0.0268 6 133 37 195
person 0.0267 232 201 263 252
person 0.0267 199 170 228 201
person 0.0267 143 111 215 236
person 0.0267 386 138 404 170
person 0.0266 281 71 292 82
person 0.0266 395 140 413 172
person 0.0265 451 127 481 190
person 0.0265 449 147 462 178
person 0.0264 209 189 231 230
person 0.0262 475 132 500 201
person 0.0261 481 168 498 200
person 0.0259 439 153 450 171
person 0.0258 171 181 182 200
person 0.0257 320 124 341 160
person 0.0253 456 145 472 182
person 0.0251 320 136 341 171
person 0.0246 177 187 188 201
person 0.0243 326 120 353 162
person 0.0242 361 133 393 154
person 0.0242 308 102 366 179
person 0.0241 214 207 238 245
person 0.0240 382 125 421 149
person 0.0238 16 146 39 195
person 0.0238 439 139 459 177
person 0.0237 483 147 499 192
person 0.0237 175 190 203 201
person 0.0235 300 124 316 149
person 0.0233 374 138 399 163
person 0.0232 11 155 28 193
person 0.0228 401 121 427 192
person 0.0227 444 147 466 193
person 0.0226 293 123 310 149
person 0.0223 422 163 431 192
person 0.0221 469 124 493 174
person 0.0221 446 134 466 178
person 0.0221 302 124 334 159
person 0.0220 175 156 215 213
person 0.0219 482 132 498 175
person 0.0219 417 124 432 152
person 0.0219 408 207 423 239
person 0.0219 179 171 205 204
person 0.0217 283 122 303 150
person 0.0216 346 134 380 154
person 0.0214 197 201 229 221
person 0.0212 472 151 491 190
person 0.0211 32 152 49 190
person 0.0211 431 156 440 176
person 0.0209 166 166 200 218
person 0.0209 367 141 389 168
person 0.0206 314 123 335 153
person 0.0206 175 178 188 198
person 0.0205 187 179 206 195
person 0.0204 108 0 242 232
person 0.0204 164 177 187 209
person 0.0204 256 69 296 97
person 0.0202 254 72 273 99
person 0.0201 461 145 480 184
person 0.0201 248 147 261 175
person 0.0201 229 223 253 252
pottedplant 0.0789 475 241 499 269
pottedplant 0.0433 469 225 500 268
pottedplant 0.0408 62 0 358 269
pottedplant 0.0248 64 23 226 256
pottedplant 0.0237 204 177 217 192
pottedplant 0.0230 193 167 224 201
sofa 0.0542 170 203 221 237
sofa 0.0250 0 0 441 320
train 0.0643 434 102 494 201
train 0.0605 78 66 449 272
train 0.0506 435 172 483 199
train 0.0438 340 107 424 193
train 0.0411 242 63 467 189
train 0.0401 292 101 422 164
train 0.0382 440 158 473 202
train 0.0381 455 124 496 199
train 0.0377 22 129 56 198
train 0.0328 160 54 409 152
train 0.0277 429 130 495 249
train 0.0261 435 144 463 200
train 0.0256 445 59 500 242
train 0.0245 18 126 71 215
train 0.0232 428 124 476 202
train 0.0230 452 161 492 198
train 0.0227 159 96 355 254
train 0.0221 11 129 43 196
train 0.0219 403 104 461 209
train 0.0216 333 123 417 170
train 0.0212 266 139 417 203
tvmonitor 0.0572 290 82 414 166
tvmonitor 0.0444 68 0 383 284
tvmonitor 0.0365 334 100 414 161
tvmonitor 0.0349 307 106 411 191
tvmonitor 0.0336 260 91 386 182
tvmonitor 0.0266 0 7 74 48
tvmonitor 0.0259 54 3 257 218
tvmonitor 0.0221 262 96 345 218
tvmonitor 0.0213 276 104 396 154
