bird 0.1193 15 48 111 123
bird 0.0947 208 30 256 95
bird 0.0901 12 47 154 152
bird 0.0817 85 54 252 115
bird 0.0568 166 30 259 103
bird 0.0566 7 21 142 109
bird 0.0555 24 21 261 118
bird 0.0529 53 59 229 139
bird 0.0508 186 14 281 97
bird 0.0483 145 52 312 109
bird 0.0451 55 49 108 115
bird 0.0448 148 276 317 350
bird 0.0410 30 50 171 113
bird 0.0409 212 39 291 95
bird 0.0402 205 23 391 92
bird 0.0401 128 59 227 109
bird 0.0390 15 56 70 118
bird 0.0378 106 23 289 104
bird 0.0369 209 0 261 83
bird 0.0368 0 40 133 258
bird 0.0362 299 0 388 10
bird 0.0362 201 50 404 108
bird 0.0360 72 26 215 105
bird 0.0349 366 3 498 60
bird 0.0347 13 90 99 126
bird 0.0328 425 33 489 59
bird 0.0317 92 44 190 133
bird 0.0310 5 40 89 102
bird 0.0309 391 36 465 60
bird 0.0300 224 41 257 90
bird 0.0291 397 32 496 69
bird 0.0290 190 19 500 103
bird 0.0276 77 53 124 118
bird 0.0273 127 45 245 93
bird 0.0271 83 54 160 116
bird 0.0269 153 64 255 103
bird 0.0269 30 46 111 88
bird 0.0267 324 0 376 8
bird 0.0267 49 51 135 136
bird 0.0265 55 45 333 128
bird 0.0260 428 36 464 58
bird 0.0259 333 16 499 88
bird 0.0259 212 0 306 94
bird 0.0258 110 300 313 360
bird 0.0253 0 311 132 368
bird 0.0248 30 197 122 348
bird 0.0239 224 44 353 86
bird 0.0238 8 262 139 358
bird 0.0235 104 57 200 97
bird 0.0231 38 267 305 355
bird 0.0229 425 39 499 82
bird 0.0228 59 55 139 97
bird 0.0227 132 294 439 362
bird 0.0226 208 0 479 76
bird 0.0222 209 37 252 70
bird 0.0221 36 69 122 117
bird 0.0212 230 0 276 70
bird 0.0204 96 54 116 91
bird 0.0203 251 0 297 63
cow 0.1621 312 306 498 354
cow 0.1571 266 272 488 349
cow 0.1015 362 318 492 358
cow 0.0669 204 0 259 100
cow 0.0627 424 317 483 352
cow 0.0622 279 190 497 352
cow 0.0550 333 67 498 346
cow 0.0462 357 298 492 343
cow 0.0441 100 51 500 356
cow 0.0416 362 323 451 349
cow 0.0399 342 314 465 346
cow 0.0378 376 245 500 339
cow 0.0377 410 181 499 337
cow 0.0352 259 315 499 370
cow 0.0330 406 310 500 368
cow 0.0330 433 321 490 370
cow 0.0308 140 288 500 367
cow 0.0286 425 300 493 344
cow 0.0270 415 90 500 308
cow 0.0246 449 304 497 359
cow 0.0230 0 87 106 363
cow 0.0227 282 321 446 357
cow 0.0218 342 333 469 363
cow 0.0217 208 265 421 356
cow 0.0217 459 273 499 344
cow 0.0216 141 341 216 370
cow 0.0200 256 292 433 362
horse 0.7554 56 42 496 362
horse 0.0863 27 57 194 348
horse 0.0736 28 102 136 324
horse 0.0624 73 56 250 304
horse 0.0606 63 130 153 302
horse 0.0590 8 45 150 253
horse 0.0522 53 138 294 354
horse 0.0490 341 43 497 343
horse 0.0490 78 55 253 151
horse 0.0480 147 252 500 350
horse 0.0442 82 270 327 352
horse 0.0426 25 53 186 185
horse 0.0329 29 38 349 282
horse 0.0307 10 114 99 304
horse 0.0306 64 68 156 226
horse 0.0298 87 109 182 282
horse 0.0279 18 79 136 200
horse 0.0248 42 218 438 366
horse 0.0236 222 78 494 326
horse 0.0227 416 64 500 288
horse 0.0224 168 257 298 344
horse 0.0201 263 31 500 243
person 0.0609 59 76 260 341
person 0.0540 269 63 492 343
person 0.0251 86 54 192 186
person 0.0239 94 55 143 117
person 0.0218 144 66 220 102
person 0.0204 148 356 202 369
sheep 0.0512 426 35 498 63
sheep 0.0512 215 42 257 94
sheep 0.0370 383 2 500 62
sheep 0.0333 430 318 489 362
sheep 0.0299 448 2 497 61
sheep 0.0284 403 23 497 58
sheep 0.0268 326 0 376 11
sheep 0.0267 478 333 500 370
sheep 0.0265 156 293 495 361
sheep 0.0261 306 0 393 15
sheep 0.0251 436 44 500 73
sheep 0.0248 0 335 97 369
sheep 0.0227 460 329 500 370
sheep 0.0221 127 0 233 103
sheep 0.0212 185 0 258 88
sheep 0.0201 458 47 500 64
sheep 0.0200 262 0 438 35
train 0.0298 51 56 320 150
train 0.0287 43 0 500 117
train 0.0244 7 14 500 260
train 0.0224 197 41 495 150
train 0.0221 2 1 67 54
train 0.0201 0 349 107 370
