bird 0.0575 223 172 272 208
bird 0.0201 225 174 268 194
boat 0.0527 0 12 500 258
boat 0.0348 331 173 500 211
boat 0.0252 347 166 494 197
boat 0.0224 3 190 287 322
bottle 0.0606 326 119 378 186
bottle 0.0440 335 119 390 160
bottle 0.0423 319 114 362 174
bottle 0.0346 333 138 399 189
bottle 0.0323 409 5 431 52
bottle 0.0312 341 136 395 158
bottle 0.0277 399 8 425 49
bottle 0.0263 328 120 368 158
bottle 0.0256 327 129 352 161
bottle 0.0254 402 15 420 44
bottle 0.0249 345 133 405 172
bottle 0.0249 415 8 434 45
bottle 0.0244 396 19 412 48
bottle 0.0242 322 156 343 189
bottle 0.0237 334 138 377 156
bottle 0.0231 339 166 434 193
bottle 0.0230 284 81 316 163
bottle 0.0220 325 144 351 188
bottle 0.0213 342 132 368 159
bottle 0.0212 382 0 424 48
bottle 0.0211 374 125 398 155
bottle 0.0204 344 126 379 154
bottle 0.0202 393 4 417 45
car 0.1008 364 9 436 112
car 0.0838 317 0 482 214
car 0.0680 338 20 426 147
car 0.0548 314 3 494 102
car 0.0529 368 45 457 123
car 0.0480 390 50 444 103
car 0.0472 108 15 192 55
car 0.0403 341 53 425 114
car 0.0358 377 62 428 108
car 0.0356 336 82 459 141
car 0.0353 336 28 453 100
car 0.0331 328 167 500 219
car 0.0327 332 101 431 146
car 0.0306 353 70 482 127
car 0.0266 409 164 498 194
car 0.0257 353 66 409 109
car 0.0255 364 80 442 114
car 0.0223 423 62 496 101
car 0.0219 337 94 421 129
car 0.0208 338 90 403 118
car 0.0203 398 62 464 97
chair 0.2420 307 4 447 187
chair 0.2407 9 0 111 163
chair 0.1769 279 9 370 184
chair 0.1502 264 22 335 181
chair 0.1356 11 0 98 93
chair 0.1300 427 77 498 188
chair 0.1267 90 1 190 48
chair 0.1195 327 93 500 192
chair 0.1149 113 0 213 151
chair 0.1088 380 6 440 107
chair 0.1075 10 0 95 46
chair 0.1044 309 62 421 175
chair 0.1027 326 0 443 111
chair 0.0992 318 56 486 236
chair 0.0875 410 40 440 100
chair 0.0825 6 48 79 159
chair 0.0820 0 6 53 164
chair 0.0802 405 12 446 97
chair 0.0791 372 28 470 177
chair 0.0790 262 146 298 202
chair 0.0779 35 0 182 164
chair 0.0754 326 123 451 191
chair 0.0754 19 0 139 57
chair 0.0746 199 0 330 178
chair 0.0728 89 0 140 32
chair 0.0717 59 0 171 35
chair 0.0714 26 53 107 154
chair 0.0693 416 57 437 90
chair 0.0689 98 0 183 27
chair 0.0675 138 3 283 178
chair 0.0669 287 0 350 122
chair 0.0668 97 0 203 86
chair 0.0665 403 0 473 93
chair 0.0662 381 122 500 190
chair 0.0656 0 0 43 89
chair 0.0653 66 0 154 95
chair 0.0651 330 23 411 148
chair 0.0648 135 0 189 45
chair 0.0644 273 99 416 199
chair 0.0632 369 1 500 134
chair 0.0616 359 36 438 157
chair 0.0615 443 63 500 153
chair 0.0615 290 0 345 37
chair 0.0603 412 20 482 136
chair 0.0596 414 60 445 111
chair 0.0595 402 58 437 107
chair 0.0586 414 0 493 61
chair 0.0549 206 1 293 46
chair 0.0548 416 69 435 106
chair 0.0546 6 0 90 23
chair 0.0533 83 0 119 35
chair 0.0525 57 74 112 151
chair 0.0515 223 169 273 207
chair 0.0513 219 0 301 131
chair 0.0510 34 1 118 32
chair 0.0506 414 0 482 25
chair 0.0493 183 49 431 204
chair 0.0492 158 0 199 48
chair 0.0490 375 37 429 122
chair 0.0484 315 112 489 301
chair 0.0473 417 63 485 124
chair 0.0470 421 64 441 95
chair 0.0464 200 0 285 92
chair 0.0461 335 76 399 153
chair 0.0455 335 64 492 138
chair 0.0449 354 19 420 109
chair 0.0444 133 1 238 62
chair 0.0438 350 146 482 190
chair 0.0433 391 35 431 94
chair 0.0431 283 0 362 56
chair 0.0431 295 59 372 167
chair 0.0431 0 1 54 52
chair 0.0430 424 64 456 115
chair 0.0429 428 127 494 185
chair 0.0424 112 12 185 56
chair 0.0424 285 37 342 158
chair 0.0419 0 2 150 105
chair 0.0419 398 61 460 116
chair 0.0413 238 2 461 131
chair 0.0404 383 35 466 113
chair 0.0404 309 0 405 84
chair 0.0403 390 108 441 145
chair 0.0400 394 13 432 74
chair 0.0396 259 3 500 276
chair 0.0394 65 0 249 193
chair 0.0389 14 7 60 78
chair 0.0389 433 66 450 96
chair 0.0389 419 12 467 77
chair 0.0386 173 0 212 57
chair 0.0385 61 0 111 40
chair 0.0379 31 7 82 80
chair 0.0377 235 35 312 179
chair 0.0370 278 131 481 203
chair 0.0370 323 121 383 191
chair 0.0369 240 0 344 57
chair 0.0367 333 26 489 99
chair 0.0363 323 6 375 106
chair 0.0358 448 67 498 116
chair 0.0355 397 64 424 104
chair 0.0355 63 42 135 152
chair 0.0346 333 159 500 199
chair 0.0344 211 70 346 195
chair 0.0343 3 61 41 159
chair 0.0339 384 49 422 104
chair 0.0338 309 1 350 53
chair 0.0334 27 20 88 133
chair 0.0333 155 1 222 89
chair 0.0326 259 0 328 111
chair 0.0326 100 0 276 42
chair 0.0325 76 86 122 148
chair 0.0324 402 152 493 186
chair 0.0324 288 55 434 133
chair 0.0323 327 38 380 128
chair 0.0322 15 79 57 158
chair 0.0320 410 77 429 105
chair 0.0320 177 1 258 52
chair 0.0319 355 2 436 67
chair 0.0319 50 2 115 84
chair 0.0319 239 153 280 203
chair 0.0311 409 65 431 96
chair 0.0307 193 12 273 137
chair 0.0306 407 1 463 52
chair 0.0305 393 87 500 234
chair 0.0305 332 53 407 116
chair 0.0303 285 9 328 83
chair 0.0303 390 113 434 166
chair 0.0301 0 0 29 64
chair 0.0297 32 81 74 153
chair 0.0297 350 114 461 170
chair 0.0294 404 126 450 187
chair 0.0294 78 1 138 65
chair 0.0293 421 29 460 98
chair 0.0293 406 24 435 80
chair 0.0292 423 74 441 107
chair 0.0291 364 59 402 115
chair 0.0288 436 64 463 102
chair 0.0287 229 0 289 33
chair 0.0287 173 4 196 37
chair 0.0286 25 0 80 16
chair 0.0282 104 0 150 43
chair 0.0282 264 1 322 44
chair 0.0278 30 5 82 33
chair 0.0278 417 60 468 104
chair 0.0278 346 137 419 189
chair 0.0269 399 86 440 107
chair 0.0267 89 0 162 19
chair 0.0267 434 55 500 278
chair 0.0266 347 200 493 327
chair 0.0265 75 0 107 30
chair 0.0264 191 0 226 55
chair 0.0260 85 14 164 52
chair 0.0259 419 46 442 87
chair 0.0258 342 0 491 58
chair 0.0258 308 23 359 124
chair 0.0257 89 0 111 23
chair 0.0256 414 102 449 154
chair 0.0255 380 121 437 191
chair 0.0254 328 86 377 143
chair 0.0253 284 31 325 117
chair 0.0253 375 20 417 80
chair 0.0252 41 0 188 69
chair 0.0251 159 1 230 34
chair 0.0250 303 5 331 36
chair 0.0249 365 32 407 101
chair 0.0245 188 89 395 282
chair 0.0245 393 19 418 61
chair 0.0245 147 14 206 61
chair 0.0245 388 165 493 193
chair 0.0245 478 70 500 123
chair 0.0244 283 71 324 167
chair 0.0244 154 1 193 29
chair 0.0244 51 0 97 28
chair 0.0244 104 0 290 101
chair 0.0243 422 101 475 175
chair 0.0242 388 1 424 56
chair 0.0241 50 90 95 154
chair 0.0238 162 0 301 61
chair 0.0238 376 0 500 38
chair 0.0235 317 4 358 83
chair 0.0234 256 0 292 41
chair 0.0234 422 28 496 102
chair 0.0233 423 63 454 88
chair 0.0231 25 106 56 160
chair 0.0230 335 93 394 129
chair 0.0230 349 81 404 116
chair 0.0229 180 0 218 38
chair 0.0229 89 0 129 16
chair 0.0228 305 1 400 44
chair 0.0225 398 57 419 93
chair 0.0224 323 139 353 189
chair 0.0224 233 2 298 85
chair 0.0223 77 0 441 235
chair 0.0223 464 15 500 159
chair 0.0222 290 107 363 206
chair 0.0221 263 85 402 158
chair 0.0221 421 162 500 184
chair 0.0219 274 45 317 157
chair 0.0218 377 145 500 218
chair 0.0217 205 0 255 41
chair 0.0217 105 3 133 31
chair 0.0214 240 105 380 176
chair 0.0214 397 18 431 48
chair 0.0214 117 1 154 22
chair 0.0212 209 6 408 97
chair 0.0211 297 14 339 98
chair 0.0210 340 32 387 103
chair 0.0209 178 3 202 44
chair 0.0208 44 24 89 92
chair 0.0206 1 0 38 32
chair 0.0205 133 0 185 21
chair 0.0205 205 213 476 327
chair 0.0205 408 48 431 85
chair 0.0204 0 96 127 160
chair 0.0204 4 61 213 204
chair 0.0203 269 4 309 62
chair 0.0203 227 87 294 203
chair 0.0203 319 151 391 188
chair 0.0203 463 72 499 106
chair 0.0202 65 81 99 142
chair 0.0200 284 9 335 47
diningtable 0.1954 0 142 500 331
diningtable 0.0806 156 82 500 284
diningtable 0.0583 195 167 500 297
diningtable 0.0566 5 141 363 268
diningtable 0.0561 0 7 500 254
diningtable 0.0561 237 112 491 203
diningtable 0.0392 178 163 347 216
diningtable 0.0379 193 142 423 209
diningtable 0.0377 234 41 472 182
diningtable 0.0370 168 156 500 227
diningtable 0.0326 310 168 494 217
diningtable 0.0290 100 167 270 220
diningtable 0.0273 147 153 300 209
diningtable 0.0270 39 136 261 327
diningtable 0.0254 18 154 281 231
diningtable 0.0244 99 159 328 331
diningtable 0.0241 96 86 427 189
diningtable 0.0241 310 148 500 331
diningtable 0.0237 285 133 468 218
diningtable 0.0233 231 179 500 251
diningtable 0.0216 80 75 374 312
dog 0.7143 125 17 208 157
dog 0.2662 430 65 498 189
dog 0.0962 438 71 492 149
dog 0.0620 121 23 190 112
dog 0.0572 124 87 203 160
dog 0.0489 426 86 455 119
dog 0.0486 430 107 493 171
dog 0.0433 457 85 500 152
dog 0.0367 117 103 235 187
dog 0.0350 390 95 500 170
dog 0.0324 422 79 476 135
dog 0.0320 443 62 500 124
dog 0.0317 54 12 160 160
dog 0.0315 478 87 500 156
dog 0.0307 120 25 180 69
dog 0.0300 172 15 286 167
dog 0.0249 117 27 157 83
dog 0.0242 419 99 477 150
dog 0.0213 131 20 211 84
dog 0.0213 480 73 500 113
dog 0.0212 435 83 458 109
dog 0.0204 437 113 500 148
person 0.2960 318 2 473 188
person 0.2943 428 64 498 188
person 0.2732 334 74 439 188
person 0.2160 378 37 500 193
person 0.1884 329 110 406 180
person 0.1254 391 78 469 188
person 0.1240 471 0 500 68
person 0.1108 376 107 441 186
person 0.1067 336 123 477 189
person 0.1063 272 0 399 201
person 0.1051 334 111 391 156
person 0.1044 422 0 497 133
person 0.1009 379 58 448 171
person 0.0922 427 83 456 132
person 0.0918 256 26 344 197
person 0.0833 444 1 500 94
person 0.0823 404 67 453 151
person 0.0811 412 15 439 81
person 0.0787 425 63 480 147
person 0.0782 418 0 494 63
person 0.0772 417 85 435 111
person 0.0759 417 67 450 120
person 0.0693 431 67 462 126
person 0.0662 317 0 394 110
person 0.0643 312 106 382 192
person 0.0638 466 0 499 31
person 0.0638 407 3 455 84
person 0.0619 255 83 457 204
person 0.0590 377 74 398 107
person 0.0572 441 29 500 158
person 0.0559 433 82 452 115
person 0.0555 342 88 409 164
person 0.0551 446 68 487 129
person 0.0541 290 87 361 199
person 0.0536 374 71 403 130
person 0.0526 329 114 369 163
person 0.0526 302 0 355 34
person 0.0519 340 106 447 159
person 0.0515 393 7 434 83
person 0.0505 440 66 474 117
person 0.0503 392 91 440 154
person 0.0496 411 83 445 125
person 0.0485 460 68 499 132
person 0.0478 355 105 398 151
person 0.0473 394 64 438 128
person 0.0469 280 119 420 190
person 0.0468 423 86 444 116
person 0.0466 401 84 420 107
person 0.0431 406 88 431 109
person 0.0430 371 101 403 143
person 0.0429 418 89 451 144
person 0.0429 307 0 360 60
person 0.0421 368 113 403 160
person 0.0414 387 125 429 184
person 0.0414 403 102 449 174
person 0.0410 406 0 434 60
person 0.0408 396 77 441 109
person 0.0405 416 16 434 55
person 0.0405 353 122 414 187
person 0.0401 336 108 399 137
person 0.0398 450 0 500 44
person 0.0387 318 0 377 28
person 0.0383 320 0 362 13
person 0.0380 397 71 424 106
person 0.0363 361 102 499 167
person 0.0360 367 129 424 173
person 0.0351 376 64 409 107
person 0.0349 207 0 360 179
person 0.0345 419 0 490 26
person 0.0340 175 7 288 154
person 0.0338 418 93 436 122
person 0.0333 320 1 409 57
person 0.0330 311 0 388 16
person 0.0325 473 64 500 118
person 0.0324 322 3 373 70
person 0.0323 337 112 360 145
person 0.0322 376 86 397 116
person 0.0319 340 115 383 134
person 0.0316 376 112 410 139
person 0.0315 393 77 412 104
person 0.0312 447 63 497 106
person 0.0310 383 115 424 167
person 0.0309 382 70 420 113
person 0.0308 376 98 398 126
person 0.0298 448 65 468 95
person 0.0291 379 110 431 143
person 0.0288 398 86 426 117
person 0.0286 381 106 403 132
person 0.0280 362 93 409 131
person 0.0277 423 90 471 163
person 0.0270 350 113 415 140
person 0.0268 123 23 176 76
person 0.0263 415 5 446 59
person 0.0261 371 11 401 74
person 0.0259 412 90 442 108
person 0.0257 418 88 451 106
person 0.0257 379 84 430 120
person 0.0256 420 20 440 59
person 0.0252 379 0 424 66
person 0.0248 379 76 421 140
person 0.0247 437 71 458 108
person 0.0246 369 113 392 140
person 0.0246 404 87 454 114
person 0.0243 354 104 443 139
person 0.0238 358 114 383 140
person 0.0237 348 116 376 147
person 0.0236 318 0 349 24
person 0.0233 471 66 495 96
person 0.0233 412 0 461 42
person 0.0233 422 96 447 133
person 0.0232 320 124 393 168
person 0.0231 315 0 357 7
person 0.0228 355 0 472 120
person 0.0228 461 21 500 108
person 0.0225 394 86 415 111
person 0.0222 402 91 434 127
person 0.0219 444 0 498 18
person 0.0217 365 3 393 59
person 0.0214 375 119 398 149
person 0.0212 437 92 458 132
person 0.0211 367 63 398 110
person 0.0210 298 0 356 17
person 0.0209 391 112 412 135
person 0.0207 386 115 417 147
person 0.0206 338 0 423 82
person 0.0205 446 74 467 110
person 0.0204 461 107 500 173
person 0.0203 441 83 470 127
person 0.0201 348 129 418 157
person 0.0201 412 102 441 142
person 0.0200 379 122 411 163
person 0.0200 359 117 400 136
pottedplant 0.2029 174 162 234 206
pottedplant 0.1228 265 146 299 200
pottedplant 0.0920 322 132 355 188
pottedplant 0.0909 224 153 293 207
pottedplant 0.0809 240 127 302 205
pottedplant 0.0766 189 163 235 191
pottedplant 0.0715 271 87 335 202
pottedplant 0.0679 289 166 328 212
pottedplant 0.0670 267 152 331 207
pottedplant 0.0593 201 162 279 210
pottedplant 0.0584 189 149 345 206
pottedplant 0.0577 313 109 379 194
pottedplant 0.0511 284 118 351 207
pottedplant 0.0482 267 147 300 176
pottedplant 0.0481 236 99 371 202
pottedplant 0.0461 296 144 341 198
pottedplant 0.0461 327 116 366 170
pottedplant 0.0449 282 126 321 196
pottedplant 0.0423 210 18 339 205
pottedplant 0.0419 177 156 269 198
pottedplant 0.0410 217 116 329 200
pottedplant 0.0391 326 137 350 170
pottedplant 0.0366 160 165 260 216
pottedplant 0.0356 228 164 334 209
pottedplant 0.0341 286 68 341 174
pottedplant 0.0339 290 151 327 193
pottedplant 0.0320 221 164 270 203
pottedplant 0.0319 194 168 257 198
pottedplant 0.0318 289 188 328 212
pottedplant 0.0312 145 143 235 208
pottedplant 0.0310 254 145 374 199
pottedplant 0.0309 318 119 352 167
pottedplant 0.0309 247 151 318 195
pottedplant 0.0291 168 181 238 211
pottedplant 0.0286 298 112 340 186
pottedplant 0.0285 269 113 305 196
pottedplant 0.0280 293 124 406 190
pottedplant 0.0273 313 129 344 190
pottedplant 0.0270 322 148 344 188
pottedplant 0.0266 328 130 374 185
pottedplant 0.0254 276 150 301 188
pottedplant 0.0254 219 129 277 203
pottedplant 0.0253 164 119 387 217
pottedplant 0.0251 320 131 380 159
pottedplant 0.0245 187 161 214 188
pottedplant 0.0241 194 162 235 179
pottedplant 0.0235 204 160 266 190
pottedplant 0.0227 293 158 321 185
pottedplant 0.0219 283 184 347 214
pottedplant 0.0216 272 171 355 210
pottedplant 0.0202 307 156 360 198
sofa 0.1773 280 8 478 188
sofa 0.1616 312 71 500 191
sofa 0.1109 111 0 219 155
sofa 0.0948 40 6 202 162
sofa 0.0770 96 3 196 68
sofa 0.0690 128 12 333 171
sofa 0.0615 176 52 500 214
sofa 0.0611 12 0 500 256
sofa 0.0585 185 0 421 174
sofa 0.0544 313 0 500 120
sofa 0.0508 308 127 498 203
sofa 0.0368 159 4 296 124
sofa 0.0357 397 84 500 151
sofa 0.0285 401 62 500 122
sofa 0.0243 74 0 261 75
sofa 0.0224 402 104 500 179
tvmonitor 0.0525 334 91 496 300
tvmonitor 0.0376 295 173 498 328
tvmonitor 0.0365 328 129 500 218
tvmonitor 0.0361 384 38 423 98
tvmonitor 0.0265 335 182 500 240
tvmonitor 0.0254 250 209 421 325
tvmonitor 0.0238 373 44 404 105
tvmonitor 0.0233 375 68 414 105
tvmonitor 0.0220 358 207 494 321
tvmonitor 0.0215 363 158 499 213
tvmonitor 0.0215 354 54 413 102
tvmonitor 0.0209 390 152 494 197
tvmonitor 0.0208 407 63 434 88
tvmonitor 0.0208 409 170 500 321
tvmonitor 0.0203 393 57 431 92
tvmonitor 0.0202 187 196 283 324
