bicycle 0.1568 0 244 39 291
bicycle 0.0937 1 232 71 282
bicycle 0.0864 23 237 71 268
bicycle 0.0704 82 283 117 311
bicycle 0.0664 74 197 129 312
bicycle 0.0568 83 246 119 311
bicycle 0.0538 1 238 52 273
bicycle 0.0462 0 196 84 270
bicycle 0.0442 29 195 153 307
bicycle 0.0393 0 198 31 294
bicycle 0.0365 5 160 74 246
bicycle 0.0360 79 295 124 312
bicycle 0.0350 81 259 151 311
bicycle 0.0333 124 223 223 311
bicycle 0.0329 31 244 186 307
bicycle 0.0312 33 221 102 303
bicycle 0.0283 71 281 141 310
bicycle 0.0274 83 277 102 310
bicycle 0.0257 20 234 82 298
bicycle 0.0244 285 245 479 314
bicycle 0.0242 2 240 124 300
bicycle 0.0236 0 244 62 302
bicycle 0.0234 83 223 168 311
bicycle 0.0232 0 166 116 293
bicycle 0.0227 134 246 282 309
bicycle 0.0215 59 233 122 309
bicycle 0.0212 22 242 62 285
boat 0.0421 72 118 207 312
boat 0.0420 0 0 500 306
boat 0.0386 112 203 149 260
boat 0.0332 142 121 271 310
bottle 0.0558 418 229 434 263
bottle 0.0555 424 230 440 263
bottle 0.0415 412 230 426 261
bottle 0.0358 415 224 446 265
bottle 0.0332 431 231 447 261
bottle 0.0311 2 156 34 242
bottle 0.0291 405 235 418 261
bottle 0.0276 382 289 405 316
bottle 0.0264 422 219 459 263
bottle 0.0262 411 221 426 244
bottle 0.0257 266 254 309 303
bottle 0.0256 74 117 105 181
bottle 0.0252 265 262 288 300
bottle 0.0248 374 242 410 263
bottle 0.0245 115 151 144 219
bottle 0.0232 393 241 413 264
bottle 0.0230 425 223 441 245
bottle 0.0228 417 224 433 245
bottle 0.0213 406 225 419 249
bottle 0.0208 401 242 421 263
bottle 0.0208 123 42 152 105
bus 0.0526 4 27 91 160
bus 0.0402 0 0 357 254
bus 0.0384 12 6 141 235
bus 0.0310 16 45 133 147
bus 0.0259 0 15 190 135
bus 0.0210 0 16 73 255
car 0.2088 33 231 79 265
car 0.1300 53 233 78 263
car 0.0738 41 229 79 243
car 0.0711 4 238 72 273
car 0.0679 202 191 227 255
car 0.0677 350 143 378 175
car 0.0667 30 245 71 266
car 0.0661 192 188 234 309
car 0.0657 325 141 378 184
car 0.0646 203 163 229 240
car 0.0643 318 145 385 207
car 0.0643 45 233 82 252
car 0.0561 206 198 223 236
car 0.0525 19 217 85 264
car 0.0499 3 245 41 264
car 0.0477 28 228 78 248
car 0.0476 205 162 227 206
car 0.0471 28 237 68 259
car 0.0469 275 139 366 218
car 0.0462 314 168 425 238
car 0.0461 46 247 82 266
car 0.0437 28 202 81 248
car 0.0429 192 223 228 290
car 0.0428 279 172 326 216
car 0.0415 29 233 64 251
car 0.0404 327 190 370 255
car 0.0394 314 159 344 178
car 0.0380 37 229 65 247
car 0.0371 282 137 351 187
car 0.0370 374 268 497 322
car 0.0369 0 231 45 268
car 0.0369 0 245 42 285
car 0.0349 211 178 232 233
car 0.0346 18 244 59 262
car 0.0338 42 224 77 238
car 0.0335 4 237 58 260
car 0.0334 316 157 361 180
car 0.0312 4 240 41 257
car 0.0305 273 164 313 205
car 0.0297 40 253 78 268
car 0.0297 62 244 83 267
car 0.0294 36 219 78 244
car 0.0292 55 226 77 240
car 0.0287 61 182 149 287
car 0.0282 294 167 383 220
car 0.0281 17 224 103 287
car 0.0279 293 138 401 184
car 0.0273 202 181 289 308
car 0.0273 301 169 372 199
car 0.0269 478 0 499 24
car 0.0266 7 89 150 147
car 0.0266 56 251 81 269
car 0.0264 60 230 82 247
car 0.0261 339 144 408 177
car 0.0261 319 146 360 173
car 0.0258 200 182 221 235
car 0.0252 266 262 347 300
car 0.0251 278 174 306 196
car 0.0249 51 217 112 278
car 0.0247 269 156 302 193
car 0.0247 281 171 347 199
car 0.0241 285 212 332 263
car 0.0237 339 160 379 176
car 0.0234 207 177 224 226
car 0.0231 208 167 231 193
car 0.0230 203 167 223 191
car 0.0223 345 156 416 188
car 0.0222 331 137 420 207
car 0.0222 53 228 98 268
car 0.0215 309 166 336 180
car 0.0206 191 188 220 258
car 0.0206 317 169 472 267
car 0.0206 285 172 319 189
car 0.0205 289 176 330 194
car 0.0203 314 170 350 187
car 0.0200 210 201 229 238
chair 0.1564 363 246 482 322
chair 0.0817 413 230 478 317
chair 0.0799 374 280 480 320
chair 0.0565 438 251 483 318
chair 0.0540 352 218 427 318
chair 0.0534 387 289 453 319
chair 0.0530 421 268 474 323
chair 0.0476 345 197 472 317
chair 0.0457 135 270 158 297
chair 0.0441 358 253 401 315
chair 0.0376 345 224 393 311
chair 0.0372 440 277 477 321
chair 0.0365 402 259 462 319
chair 0.0336 403 294 471 321
chair 0.0322 423 225 474 282
chair 0.0321 365 277 389 317
chair 0.0318 372 258 424 317
chair 0.0290 382 292 406 316
chair 0.0289 444 289 469 320
chair 0.0289 435 235 486 294
chair 0.0276 455 274 494 324
chair 0.0275 395 185 426 219
chair 0.0275 130 259 161 298
chair 0.0267 379 214 451 302
chair 0.0243 451 242 499 304
chair 0.0242 397 300 446 319
chair 0.0241 372 282 397 317
chair 0.0226 264 259 306 307
chair 0.0219 353 241 408 293
chair 0.0213 383 280 425 319
chair 0.0213 349 263 457 312
chair 0.0211 382 261 478 300
chair 0.0209 371 233 416 299
chair 0.0207 385 274 452 312
chair 0.0206 0 161 58 246
chair 0.0204 390 241 493 295
chair 0.0201 427 257 474 304
cow 0.2341 0 245 39 291
diningtable 0.0592 337 247 482 313
diningtable 0.0381 393 225 474 295
diningtable 0.0286 371 217 461 274
diningtable 0.0250 398 225 473 260
diningtable 0.0249 334 186 456 252
diningtable 0.0220 353 211 452 257
diningtable 0.0212 375 204 450 241
dog 0.1740 0 246 38 291
motorbike 0.4622 285 156 372 301
motorbike 0.4033 252 146 344 306
motorbike 0.3984 220 142 304 308
motorbike 0.2214 270 207 357 301
motorbike 0.1992 309 155 394 271
motorbike 0.1970 203 158 275 313
motorbike 0.1790 259 128 410 308
motorbike 0.1770 280 168 338 284
motorbike 0.1539 31 233 79 266
motorbike 0.1455 336 113 464 304
motorbike 0.1071 148 140 279 314
motorbike 0.0957 303 191 407 306
motorbike 0.0923 281 162 326 234
motorbike 0.0920 282 168 362 244
motorbike 0.0772 129 193 220 312
motorbike 0.0765 352 210 479 316
motorbike 0.0753 59 200 154 309
motorbike 0.0669 349 142 379 179
motorbike 0.0648 337 176 440 294
motorbike 0.0618 192 195 235 313
motorbike 0.0592 73 133 216 313
motorbike 0.0574 270 143 345 234
motorbike 0.0570 324 181 378 249
motorbike 0.0548 125 110 364 311
motorbike 0.0544 256 193 474 312
motorbike 0.0542 308 153 376 229
motorbike 0.0539 209 194 388 308
motorbike 0.0534 207 222 315 309
motorbike 0.0502 325 141 380 203
motorbike 0.0501 1 145 78 251
motorbike 0.0463 295 168 413 238
motorbike 0.0438 385 92 500 309
motorbike 0.0429 281 244 352 300
motorbike 0.0405 314 138 430 248
motorbike 0.0381 278 190 332 253
motorbike 0.0356 287 229 439 302
motorbike 0.0351 24 135 168 307
motorbike 0.0330 286 167 346 219
motorbike 0.0324 317 187 359 268
motorbike 0.0313 286 181 327 217
motorbike 0.0311 288 217 347 279
motorbike 0.0310 13 210 84 280
motorbike 0.0304 220 245 372 308
motorbike 0.0286 28 182 81 241
motorbike 0.0279 264 144 400 218
motorbike 0.0258 73 164 154 274
motorbike 0.0253 330 211 381 267
motorbike 0.0252 203 81 443 333
motorbike 0.0237 38 153 136 279
motorbike 0.0230 0 119 120 292
motorbike 0.0212 11 149 68 213
motorbike 0.0211 263 182 383 261
motorbike 0.0211 266 255 327 301
motorbike 0.0209 221 159 377 245
person 0.6370 71 97 143 287
person 0.6255 138 107 206 310
person 0.6034 427 164 459 226
person 0.5757 395 167 427 223
person 0.5223 211 118 237 194
person 0.5025 373 165 417 242
person 0.4356 225 133 298 304
person 0.3863 114 96 148 167
person 0.3836 100 105 180 316
person 0.3741 271 135 299 193
person 0.3542 332 162 398 256
person 0.3476 19 107 49 184
person 0.3383 11 113 68 242
person 0.3270 416 167 450 232
person 0.3071 354 164 415 272
person 0.3000 157 121 228 315
person 0.2971 93 97 145 208
person 0.2706 10 107 45 215
person 0.2661 220 121 276 253
person 0.2482 54 100 117 270
person 0.2437 313 160 381 282
person 0.2373 3 110 19 149
person 0.2340 232 122 266 170
person 0.2307 0 109 22 176
person 0.2276 390 165 420 205
person 0.2151 149 107 204 217
person 0.2075 223 124 259 196
person 0.1943 269 131 306 218
person 0.1931 74 97 128 197
person 0.1916 0 106 35 254
person 0.1906 200 115 229 176
person 0.1805 235 121 259 153
person 0.1755 24 108 46 144
person 0.1751 259 141 331 296
person 0.1731 212 117 232 162
person 0.1724 403 175 437 226
person 0.1678 363 175 404 238
person 0.1674 27 110 71 209
person 0.1637 317 147 337 179
person 0.1609 254 128 296 226
person 0.1608 207 118 251 236
person 0.1585 336 163 437 306
person 0.1528 378 166 439 259
person 0.1526 470 279 489 316
person 0.1521 235 125 277 198
person 0.1489 420 162 467 268
person 0.1422 3 108 34 166
person 0.1396 77 94 121 156
person 0.1352 384 168 411 213
person 0.1347 449 216 469 260
person 0.1345 119 100 175 217
person 0.1311 374 180 466 309
person 0.1277 145 178 198 314
person 0.1237 211 190 284 314
person 0.1220 418 180 485 310
person 0.1208 325 151 375 232
person 0.1206 6 101 88 293
person 0.1186 13 109 47 154
person 0.1167 430 166 453 202
person 0.1166 191 116 237 231
person 0.1136 27 144 76 250
person 0.1126 85 185 149 310
person 0.1119 258 127 291 185
person 0.1110 276 142 328 236
person 0.1100 347 151 380 201
person 0.1098 35 234 65 264
person 0.1066 0 130 22 210
person 0.1065 35 136 68 202
person 0.1057 136 152 159 210
person 0.1044 352 143 378 179
person 0.1037 2 109 22 130
person 0.1003 109 93 131 118
person 0.0986 269 132 296 167
person 0.0979 332 124 426 258
person 0.0975 279 137 320 204
person 0.0972 0 242 42 287
person 0.0970 32 225 76 266
person 0.0964 167 110 217 198
person 0.0916 83 95 113 129
person 0.0895 388 168 407 195
person 0.0892 438 207 480 298
person 0.0880 347 168 379 216
person 0.0871 54 99 88 162
person 0.0869 436 170 469 244
person 0.0863 25 110 52 162
person 0.0857 332 177 373 245
person 0.0838 205 138 230 198
person 0.0837 1 123 36 195
person 0.0833 15 94 61 170
person 0.0829 459 218 494 299
person 0.0821 359 162 411 216
person 0.0813 322 165 375 206
person 0.0807 123 104 157 174
person 0.0806 59 137 72 171
person 0.0795 428 212 467 280
person 0.0789 45 130 72 190
person 0.0788 164 121 295 317
person 0.0781 0 132 56 282
person 0.0776 36 113 91 241
person 0.0773 107 93 141 145
person 0.0768 187 193 238 312
person 0.0761 396 163 460 229
person 0.0757 18 109 42 134
person 0.0751 2 108 31 137
person 0.0748 67 92 110 140
person 0.0748 105 96 125 124
person 0.0743 405 169 428 208
person 0.0732 79 204 122 314
person 0.0730 315 158 335 192
person 0.0724 29 108 66 167
person 0.0721 429 189 453 226
person 0.0719 395 165 423 189
person 0.0717 215 128 238 167
person 0.0717 229 124 252 156
person 0.0714 95 95 130 151
person 0.0700 314 147 342 196
person 0.0699 242 256 280 313
person 0.0687 351 166 376 195
person 0.0683 2 139 19 184
person 0.0683 281 173 323 226
person 0.0680 42 145 71 225
person 0.0676 53 141 67 178
person 0.0675 21 12 150 298
person 0.0670 13 247 39 275
person 0.0668 337 144 389 220
person 0.0658 32 241 57 267
person 0.0654 381 114 452 239
person 0.0653 208 160 225 193
person 0.0647 47 107 87 198
person 0.0644 98 147 154 278
person 0.0643 40 133 64 182
person 0.0638 27 198 79 264
person 0.0632 1 142 34 222
person 0.0628 363 193 405 269
person 0.0628 308 161 339 216
person 0.0626 113 59 154 158
person 0.0625 457 279 493 318
person 0.0624 56 239 78 267
person 0.0621 203 134 261 279
person 0.0617 369 174 406 207
person 0.0615 67 101 111 173
person 0.0609 290 178 334 237
person 0.0592 225 129 252 172
person 0.0588 351 162 402 198
person 0.0587 423 170 447 209
person 0.0582 328 140 376 189
person 0.0581 238 208 291 308
person 0.0580 475 279 496 312
person 0.0575 466 244 495 315
person 0.0572 46 239 71 266
person 0.0569 203 159 229 239
person 0.0567 80 92 151 160
person 0.0567 451 179 500 302
person 0.0565 447 218 477 279
person 0.0564 354 160 435 232
person 0.0561 12 236 58 276
person 0.0560 261 133 284 173
person 0.0558 211 117 234 140
person 0.0550 316 169 351 222
person 0.0548 440 200 468 259
person 0.0546 317 144 362 203
person 0.0544 363 172 395 215
person 0.0541 356 155 380 188
person 0.0541 457 169 494 240
person 0.0535 52 136 76 204
person 0.0534 319 169 340 198
person 0.0534 411 168 439 209
person 0.0528 371 193 400 247
person 0.0528 425 167 449 189
person 0.0524 414 78 486 241
person 0.0523 249 127 272 157
person 0.0518 77 87 240 329
person 0.0517 338 184 396 313
person 0.0513 376 175 401 195
person 0.0512 200 120 217 170
person 0.0511 356 39 480 271
person 0.0511 45 141 61 174
person 0.0505 323 148 345 177
person 0.0504 424 182 459 249
person 0.0502 187 113 214 178
person 0.0496 131 121 159 199
person 0.0495 30 109 51 133
person 0.0494 242 128 275 174
person 0.0489 352 175 375 208
person 0.0488 272 163 312 239
person 0.0488 17 134 54 204
person 0.0486 19 70 83 179
person 0.0485 26 111 43 127
person 0.0483 55 73 123 156
person 0.0481 365 169 420 197
person 0.0481 357 181 391 250
person 0.0478 287 118 370 256
person 0.0478 25 242 47 265
person 0.0478 0 203 54 289
person 0.0477 220 247 287 314
person 0.0476 27 130 55 184
person 0.0475 320 221 350 291
person 0.0472 62 164 119 290
person 0.0471 317 161 341 183
person 0.0471 208 122 225 166
person 0.0471 364 174 392 196
person 0.0470 423 197 448 228
person 0.0468 208 145 240 228
person 0.0466 21 77 59 143
person 0.0465 127 153 153 214
person 0.0465 0 82 57 190
person 0.0465 240 133 364 327
person 0.0462 284 141 311 183
person 0.0462 39 111 60 144
person 0.0462 416 173 433 199
person 0.0460 409 202 464 290
person 0.0460 6 116 25 154
person 0.0458 415 195 454 259
person 0.0454 399 162 452 202
person 0.0452 287 140 344 216
person 0.0449 343 204 494 319
person 0.0447 149 109 190 178
person 0.0443 353 172 387 191
person 0.0442 368 209 392 250
person 0.0440 47 123 70 168
person 0.0440 288 189 328 265
person 0.0439 279 173 305 221
person 0.0439 353 139 374 168
person 0.0438 36 97 117 170
person 0.0437 61 129 72 156
person 0.0437 22 120 45 170
person 0.0437 93 92 136 123
person 0.0434 6 242 45 268
person 0.0434 113 121 155 234
person 0.0434 314 172 336 204
person 0.0433 193 120 224 197
person 0.0431 245 125 291 162
person 0.0429 288 139 426 321
person 0.0429 113 189 179 308
person 0.0428 54 48 150 213
person 0.0428 299 137 337 186
person 0.0428 3 174 37 259
person 0.0426 393 188 432 256
person 0.0425 138 149 155 188
person 0.0422 4 144 28 196
person 0.0421 222 118 259 161
person 0.0421 27 103 77 147
person 0.0408 68 211 110 302
person 0.0408 89 96 118 117
person 0.0405 330 205 371 294
person 0.0405 124 124 180 270
person 0.0404 374 222 394 248
person 0.0404 388 167 415 182
person 0.0399 313 151 330 178
person 0.0399 300 176 333 218
person 0.0397 138 109 163 172
person 0.0397 259 130 278 158
person 0.0395 326 170 350 199
person 0.0395 83 253 114 311
person 0.0394 402 158 485 248
person 0.0393 18 181 64 254
person 0.0393 455 222 481 262
person 0.0392 332 168 380 192
person 0.0390 413 180 434 215
person 0.0389 157 232 194 314
person 0.0386 316 175 364 256
person 0.0385 104 102 124 138
person 0.0385 53 85 92 140
person 0.0383 387 181 416 233
person 0.0382 0 111 13 134
person 0.0382 0 153 29 300
person 0.0379 444 222 461 258
person 0.0378 370 199 425 255
person 0.0377 41 160 87 255
person 0.0376 56 121 74 162
person 0.0376 0 215 27 283
person 0.0374 202 116 241 158
person 0.0373 304 185 339 249
person 0.0372 321 181 343 208
person 0.0371 364 201 423 298
person 0.0371 226 227 318 310
person 0.0370 321 161 355 198
person 0.0368 171 182 221 309
person 0.0368 400 167 419 184
person 0.0367 336 150 357 176
person 0.0366 178 108 207 175
person 0.0363 91 234 120 311
person 0.0362 287 178 313 214
person 0.0361 22 232 53 264
person 0.0361 357 178 382 226
person 0.0358 329 172 367 219
person 0.0357 461 234 484 277
person 0.0356 346 198 386 274
person 0.0355 283 186 299 222
person 0.0354 448 266 484 318
person 0.0352 402 167 432 183
person 0.0351 382 164 415 189
person 0.0350 407 166 444 194
person 0.0350 369 218 403 262
person 0.0349 464 285 484 319
person 0.0348 5 105 17 122
person 0.0348 381 195 444 285
person 0.0347 140 143 171 206
person 0.0347 99 94 128 112
person 0.0345 167 138 219 255
pottedplant 0.2947 392 29 498 143
pottedplant 0.1347 372 22 494 232
pottedplant 0.0954 390 37 438 97
pottedplant 0.0832 389 34 463 115
pottedplant 0.0711 423 47 494 131
pottedplant 0.0644 445 29 500 119
pottedplant 0.0635 397 37 424 70
pottedplant 0.0567 356 53 430 186
pottedplant 0.0519 462 55 499 130
pottedplant 0.0505 327 44 469 257
pottedplant 0.0476 330 12 500 119
pottedplant 0.0467 390 62 498 120
pottedplant 0.0442 359 44 465 138
pottedplant 0.0429 388 36 469 76
pottedplant 0.0417 477 29 500 103
pottedplant 0.0397 387 49 438 133
pottedplant 0.0382 397 32 500 87
pottedplant 0.0379 380 91 500 284
pottedplant 0.0369 407 46 478 104
pottedplant 0.0357 457 22 498 83
pottedplant 0.0332 401 36 436 63
pottedplant 0.0309 390 63 444 103
pottedplant 0.0308 361 271 391 318
pottedplant 0.0282 442 76 488 133
pottedplant 0.0282 412 40 434 66
pottedplant 0.0277 434 30 500 67
pottedplant 0.0268 481 33 500 75
pottedplant 0.0267 407 40 450 93
pottedplant 0.0264 448 26 486 74
pottedplant 0.0260 305 49 421 223
pottedplant 0.0260 430 37 500 203
pottedplant 0.0250 479 62 500 139
pottedplant 0.0237 469 30 498 70
pottedplant 0.0230 283 21 490 319
pottedplant 0.0226 376 66 428 110
pottedplant 0.0220 389 58 434 90
pottedplant 0.0220 414 81 498 117
pottedplant 0.0217 442 34 479 96
pottedplant 0.0215 468 83 498 142
pottedplant 0.0213 488 67 500 147
pottedplant 0.0209 399 79 446 134
pottedplant 0.0205 379 3 500 77
pottedplant 0.0203 368 71 427 150
pottedplant 0.0203 422 62 473 123
sheep 0.2102 0 245 39 290
sheep 0.0827 0 263 32 290
sheep 0.0217 3 272 41 290
sofa 0.0337 336 224 490 316
sofa 0.0313 341 176 455 242
train 0.0541 92 15 442 314
train 0.0438 12 0 168 276
train 0.0423 61 80 308 305
train 0.0397 0 0 500 146
train 0.0279 13 0 386 76
train 0.0255 289 151 481 259
train 0.0233 242 0 474 301
train 0.0228 169 118 309 295
train 0.0213 32 0 256 204
train 0.0211 10 0 144 160
tvmonitor 0.0545 195 222 229 293
tvmonitor 0.0314 412 223 452 262
tvmonitor 0.0271 415 226 437 248
tvmonitor 0.0253 409 220 430 256
tvmonitor 0.0250 9 56 72 151
tvmonitor 0.0235 422 226 445 249
tvmonitor 0.0227 19 64 61 132
tvmonitor 0.0227 408 220 444 245
tvmonitor 0.0222 408 213 459 251
tvmonitor 0.0220 410 224 430 242
tvmonitor 0.0218 404 196 435 257
