cat 0.0317 73 1 238 116
chair 0.1006 7 35 216 371
chair 0.0983 2 12 243 149
chair 0.0931 140 160 493 366
chair 0.0776 16 135 324 366
chair 0.0578 1 10 80 162
chair 0.0550 0 12 110 257
chair 0.0522 0 77 126 375
chair 0.0488 295 126 490 375
chair 0.0433 0 8 144 128
chair 0.0417 235 31 490 197
chair 0.0409 163 87 396 344
chair 0.0408 63 3 228 117
chair 0.0379 0 72 156 223
chair 0.0368 18 74 270 256
chair 0.0364 405 141 459 194
chair 0.0304 80 256 468 367
chair 0.0301 350 78 495 206
chair 0.0292 180 40 496 297
chair 0.0283 398 106 470 197
chair 0.0269 0 0 388 369
chair 0.0259 4 172 88 375
chair 0.0256 92 45 346 282
chair 0.0250 0 0 62 115
chair 0.0245 7 61 194 141
chair 0.0240 411 88 499 217
chair 0.0239 0 193 180 375
chair 0.0221 27 0 126 99
chair 0.0219 12 119 186 264
chair 0.0216 385 138 492 198
chair 0.0209 9 249 304 371
chair 0.0209 307 0 500 150
chair 0.0208 2 99 93 276
chair 0.0206 414 181 500 352
chair 0.0201 384 115 500 372
dog 0.7558 198 47 361 165
dog 0.3402 45 28 365 165
dog 0.2654 56 38 285 123
dog 0.0658 226 67 422 177
dog 0.0645 151 22 398 238
dog 0.0624 106 60 308 137
dog 0.0540 74 16 218 116
dog 0.0449 52 52 245 166
dog 0.0435 70 59 241 112
dog 0.0400 32 70 337 213
dog 0.0395 131 94 312 158
dog 0.0351 153 82 362 186
dog 0.0333 279 57 405 156
dog 0.0258 248 45 364 130
dog 0.0255 127 25 253 137
dog 0.0213 68 0 448 128
dog 0.0204 188 21 429 146
dog 0.0204 0 0 313 113
person 0.0730 63 0 226 130
person 0.0635 210 2 358 179
person 0.0517 185 50 371 269
person 0.0404 217 43 479 179
person 0.0391 412 61 498 203
person 0.0365 0 9 76 155
person 0.0360 340 69 494 198
person 0.0279 148 0 324 160
person 0.0264 457 115 498 197
pottedplant 0.0331 3 0 73 109
pottedplant 0.0324 0 0 27 22
pottedplant 0.0227 3 6 69 57
sofa 0.5202 4 56 484 375
sofa 0.2330 29 26 389 191
sofa 0.0948 55 147 404 365
sofa 0.0912 121 38 411 320
sofa 0.0906 161 26 459 207
sofa 0.0829 12 47 318 272
sofa 0.0706 8 9 248 161
sofa 0.0591 1 17 177 244
sofa 0.0389 116 65 370 225
sofa 0.0292 100 125 418 243
sofa 0.0231 199 33 373 273
sofa 0.0223 177 108 357 235
sofa 0.0204 217 12 476 135
tvmonitor 0.0503 407 141 457 194
tvmonitor 0.0271 409 136 492 198
