bottle 0.0365 156 247 170 317
bottle 0.0338 30 5 223 167
bottle 0.0295 40 4 188 94
bottle 0.0239 37 8 109 203
bottle 0.0235 75 10 235 113
bottle 0.0207 102 5 257 78
bottle 0.0203 232 0 330 325
chair 0.0548 43 258 333 493
chair 0.0242 53 344 273 492
chair 0.0225 0 155 261 485
chair 0.0213 61 406 225 492
person 0.9222 36 0 329 491
person 0.0951 42 0 190 452
person 0.0407 6 185 98 496
person 0.0354 14 0 127 491
person 0.0345 60 115 161 496
person 0.0282 113 349 328 490
person 0.0277 235 0 330 388
person 0.0270 37 3 158 169
person 0.0265 58 0 333 250
person 0.0256 243 134 333 500
person 0.0233 34 249 108 500
person 0.0207 34 9 117 283
