aeroplane 0.0228 281 148 421 346
bird 0.0333 316 313 357 345
bird 0.0332 316 282 359 342
bus 0.0435 0 0 500 375
car 0.4445 50 147 141 202
car 0.2180 62 142 238 325
car 0.1909 3 292 88 326
car 0.1726 55 145 222 222
car 0.1333 156 132 318 237
car 0.1255 27 97 451 332
car 0.1023 406 130 493 271
car 0.0957 57 147 134 179
car 0.0945 310 105 396 140
car 0.0932 104 163 235 229
car 0.0893 301 92 407 131
car 0.0882 36 131 183 199
car 0.0873 420 232 489 269
car 0.0858 24 144 100 199
car 0.0825 86 148 284 251
car 0.0819 207 125 377 290
car 0.0798 321 114 468 296
car 0.0797 130 140 265 228
car 0.0790 411 245 451 275
car 0.0738 225 206 306 244
car 0.0675 54 124 291 209
car 0.0675 0 0 469 251
car 0.0663 70 162 156 209
car 0.0625 203 163 304 244
car 0.0622 49 150 92 201
car 0.0598 435 166 495 270
car 0.0588 68 148 111 164
car 0.0553 319 90 410 111
car 0.0530 396 236 463 272
car 0.0524 427 237 452 273
car 0.0523 9 146 72 196
car 0.0523 1 148 19 193
car 0.0519 148 166 239 204
car 0.0516 233 45 270 100
car 0.0504 441 214 498 267
car 0.0497 64 0 330 125
car 0.0494 72 153 145 188
car 0.0482 73 152 209 194
car 0.0480 57 148 96 165
car 0.0476 418 226 455 274
car 0.0470 297 96 399 176
car 0.0452 63 142 177 184
car 0.0441 36 110 346 258
car 0.0441 41 146 109 173
car 0.0434 186 121 348 207
car 0.0432 399 196 497 272
car 0.0421 19 302 77 323
car 0.0419 0 282 130 327
car 0.0413 2 282 55 332
car 0.0408 0 148 36 200
car 0.0381 235 99 487 331
car 0.0378 379 244 454 278
car 0.0376 61 138 141 164
car 0.0374 90 148 133 163
car 0.0374 134 165 227 190
car 0.0370 244 123 355 235
car 0.0365 0 295 136 343
car 0.0362 0 293 22 331
car 0.0361 49 151 89 170
car 0.0354 0 129 19 176
car 0.0351 402 209 458 276
car 0.0346 45 166 115 205
car 0.0342 216 40 271 126
car 0.0338 60 150 105 188
car 0.0335 479 232 498 266
car 0.0334 214 191 279 242
car 0.0331 68 143 102 156
car 0.0329 0 259 85 332
car 0.0328 0 169 19 207
car 0.0322 436 228 466 271
car 0.0318 98 162 196 203
car 0.0317 122 153 246 195
car 0.0315 457 232 497 266
car 0.0314 463 196 500 266
car 0.0309 0 123 9 165
car 0.0304 336 90 395 104
car 0.0301 301 111 380 159
car 0.0298 175 165 257 242
car 0.0292 81 143 117 156
car 0.0285 73 169 134 199
car 0.0285 5 155 29 194
car 0.0281 1 303 65 328
car 0.0281 97 157 147 200
car 0.0277 259 152 314 244
car 0.0276 102 134 278 190
car 0.0273 0 149 10 209
car 0.0269 81 149 143 174
car 0.0268 120 109 480 255
car 0.0267 299 113 444 189
car 0.0267 356 164 489 269
car 0.0266 270 184 310 244
car 0.0266 37 140 163 254
car 0.0266 0 130 50 173
car 0.0264 73 147 96 159
car 0.0258 232 184 306 237
car 0.0258 0 273 20 321
car 0.0258 0 293 42 345
car 0.0257 51 140 115 161
car 0.0257 0 152 26 223
car 0.0256 191 147 288 216
car 0.0252 457 148 499 263
car 0.0249 219 73 381 130
car 0.0248 0 308 42 329
car 0.0248 190 163 246 211
car 0.0244 0 285 85 360
car 0.0244 96 143 134 156
car 0.0243 331 113 408 152
car 0.0242 441 232 489 256
car 0.0242 1 257 44 322
car 0.0242 373 228 489 277
car 0.0237 127 204 373 336
car 0.0237 0 17 264 375
car 0.0236 440 222 476 262
car 0.0234 349 97 406 147
car 0.0233 46 31 302 211
car 0.0232 78 139 110 149
car 0.0231 63 179 143 215
car 0.0228 56 160 123 193
car 0.0226 69 148 95 176
car 0.0224 0 290 58 315
car 0.0223 4 130 132 216
car 0.0223 163 146 257 203
car 0.0222 232 99 381 158
car 0.0220 127 166 165 183
car 0.0220 50 147 83 183
car 0.0215 105 152 147 183
car 0.0214 56 135 125 155
car 0.0214 101 167 144 188
car 0.0211 279 201 302 239
car 0.0210 151 177 294 250
car 0.0210 41 58 165 205
car 0.0210 103 163 167 191
car 0.0208 119 168 156 189
car 0.0207 383 222 452 268
car 0.0206 91 138 127 149
car 0.0205 53 143 86 157
car 0.0205 261 84 441 160
car 0.0205 46 24 155 141
car 0.0203 22 294 74 310
car 0.0203 96 144 194 173
car 0.0203 160 2 500 375
car 0.0203 108 150 135 166
car 0.0201 65 147 88 160
car 0.0201 276 76 394 145
car 0.0201 203 195 251 247
car 0.0200 438 224 460 257
car 0.0200 329 104 399 125
car 0.0200 0 180 27 200
horse 0.5390 66 158 227 328
horse 0.0272 76 181 225 260
motorbike 0.1869 57 149 234 318
person 0.5927 308 111 366 320
person 0.1508 205 169 236 239
person 0.1261 314 182 362 344
person 0.1222 323 112 373 224
person 0.1185 255 122 373 332
person 0.1083 291 105 416 335
person 0.1066 63 148 138 304
person 0.1049 328 111 367 162
person 0.0936 314 114 351 177
person 0.0834 325 117 449 298
person 0.0799 73 136 279 329
person 0.0773 118 167 154 224
person 0.0766 148 166 236 256
person 0.0763 300 114 354 226
person 0.0717 49 151 92 202
person 0.0707 158 134 365 334
person 0.0660 0 6 500 338
person 0.0648 177 165 237 233
person 0.0642 317 261 359 341
person 0.0629 123 184 207 324
person 0.0624 40 163 117 314
person 0.0622 65 151 214 269
person 0.0611 323 110 361 144
person 0.0606 269 120 343 273
person 0.0603 336 117 371 190
person 0.0527 291 193 382 337
person 0.0516 222 147 307 266
person 0.0515 305 99 395 199
person 0.0512 68 228 106 309
person 0.0502 116 163 230 226
person 0.0500 317 112 348 153
person 0.0486 45 138 130 249
person 0.0484 108 159 146 215
person 0.0475 72 200 126 312
person 0.0474 164 158 294 315
person 0.0470 127 253 163 327
person 0.0468 80 157 165 218
person 0.0463 89 164 174 314
person 0.0451 316 120 336 154
person 0.0450 336 111 367 139
person 0.0446 0 0 229 368
person 0.0419 284 129 329 237
person 0.0397 173 182 227 254
person 0.0389 187 148 259 240
person 0.0388 92 150 141 204
person 0.0387 119 173 142 216
person 0.0368 132 177 155 220
person 0.0368 62 152 117 202
person 0.0366 328 115 354 153
person 0.0362 106 166 154 259
person 0.0354 80 161 148 271
person 0.0348 309 127 346 195
person 0.0347 138 214 190 327
person 0.0346 284 163 316 238
person 0.0344 245 130 322 246
person 0.0337 298 115 362 155
person 0.0334 275 107 386 247
person 0.0328 225 200 305 324
person 0.0327 210 171 233 212
person 0.0322 325 110 390 176
person 0.0321 155 174 230 318
person 0.0316 115 144 249 279
person 0.0310 339 159 418 317
person 0.0307 122 226 175 328
person 0.0306 125 174 159 241
person 0.0306 81 221 146 320
person 0.0304 480 224 498 265
person 0.0293 276 183 309 244
person 0.0293 314 52 481 320
person 0.0292 129 170 205 263
person 0.0291 310 123 343 160
person 0.0291 332 108 384 145
person 0.0286 77 242 121 316
person 0.0283 335 103 421 235
person 0.0282 12 176 95 317
person 0.0278 134 171 189 233
person 0.0278 216 174 239 218
person 0.0274 330 111 353 136
person 0.0274 477 193 500 267
person 0.0273 281 191 301 227
person 0.0271 153 170 215 234
person 0.0268 112 160 175 210
person 0.0262 315 296 356 344
person 0.0260 336 123 360 164
person 0.0259 213 174 260 240
person 0.0258 75 160 128 230
person 0.0254 8 158 170 330
person 0.0254 0 157 9 208
person 0.0251 308 124 327 151
person 0.0251 71 242 96 302
person 0.0249 51 152 98 277
person 0.0249 0 148 13 221
person 0.0247 115 164 142 196
person 0.0242 159 218 202 311
person 0.0240 121 173 169 285
person 0.0239 345 122 382 207
person 0.0239 326 118 390 268
person 0.0236 317 211 349 311
person 0.0236 80 170 149 206
person 0.0234 291 180 321 246
person 0.0231 269 181 344 335
person 0.0231 160 190 208 262
person 0.0231 211 77 436 348
person 0.0229 194 172 231 221
person 0.0227 110 171 136 207
person 0.0225 0 174 8 224
person 0.0225 56 238 91 308
person 0.0224 472 233 495 265
person 0.0223 138 256 174 328
person 0.0223 0 171 24 254
person 0.0222 170 207 221 293
person 0.0221 120 167 151 192
person 0.0220 60 158 109 233
person 0.0218 302 187 317 230
person 0.0215 188 203 345 327
person 0.0215 300 117 336 146
person 0.0215 0 169 11 261
person 0.0212 69 0 174 120
person 0.0212 301 167 352 310
person 0.0210 302 124 318 150
person 0.0208 307 124 332 172
person 0.0207 48 160 74 200
person 0.0206 280 170 305 224
person 0.0206 292 105 374 177
person 0.0205 65 176 107 283
person 0.0205 342 114 374 158
person 0.0205 96 167 131 206
person 0.0204 51 153 80 188
person 0.0204 84 244 109 303
person 0.0204 0 185 18 234
sofa 0.0288 286 130 415 340
train 0.1493 56 129 316 329
train 0.0702 34 148 244 292
train 0.0619 28 88 473 340
train 0.0422 94 169 234 236
tvmonitor 0.0350 0 8 69 53
