aeroplane 0.8476 16 125 495 301
aeroplane 0.1441 11 172 341 304
aeroplane 0.1040 262 123 489 279
aeroplane 0.1014 401 205 500 279
aeroplane 0.0746 0 1 481 361
aeroplane 0.0729 312 124 484 194
aeroplane 0.0701 358 166 499 276
aeroplane 0.0672 313 204 492 282
aeroplane 0.0624 425 144 500 272
aeroplane 0.0584 168 168 494 293
aeroplane 0.0492 411 122 500 218
aeroplane 0.0449 459 161 499 191
aeroplane 0.0419 74 66 483 233
aeroplane 0.0408 70 140 266 203
aeroplane 0.0395 7 222 262 308
aeroplane 0.0376 190 133 471 227
aeroplane 0.0375 439 217 500 266
aeroplane 0.0373 9 177 176 293
aeroplane 0.0372 422 200 500 239
aeroplane 0.0353 181 0 483 274
aeroplane 0.0353 3 232 170 299
aeroplane 0.0352 19 244 420 346
aeroplane 0.0322 96 4 480 147
aeroplane 0.0321 89 270 117 286
aeroplane 0.0317 358 127 490 229
aeroplane 0.0308 0 0 39 40
aeroplane 0.0297 342 92 493 177
aeroplane 0.0293 8 249 249 336
aeroplane 0.0285 36 138 411 233
aeroplane 0.0282 385 208 478 251
aeroplane 0.0280 0 0 73 71
aeroplane 0.0271 149 164 266 207
aeroplane 0.0266 386 124 469 178
aeroplane 0.0263 430 126 494 184
aeroplane 0.0257 445 134 499 227
aeroplane 0.0253 92 242 285 299
aeroplane 0.0236 434 181 496 232
aeroplane 0.0236 3 228 75 273
aeroplane 0.0232 92 193 417 288
aeroplane 0.0229 263 52 500 234
aeroplane 0.0226 0 257 37 278
aeroplane 0.0223 36 138 201 258
aeroplane 0.0222 459 160 500 221
aeroplane 0.0220 420 124 456 179
aeroplane 0.0217 454 206 495 223
aeroplane 0.0212 82 276 254 354
aeroplane 0.0210 378 205 463 235
aeroplane 0.0209 6 200 122 286
aeroplane 0.0206 127 130 340 188
aeroplane 0.0205 363 220 500 300
aeroplane 0.0205 229 217 416 280
aeroplane 0.0203 428 161 500 202
bicycle 0.0620 210 282 358 346
bicycle 0.0388 206 259 250 299
bicycle 0.0382 133 253 373 340
bicycle 0.0351 351 235 394 278
bicycle 0.0323 275 261 377 337
bicycle 0.0307 67 196 430 327
bicycle 0.0273 189 239 376 300
bicycle 0.0245 305 289 342 343
bicycle 0.0222 235 219 468 310
bicycle 0.0214 194 254 272 297
bicycle 0.0213 275 282 434 344
boat 0.1068 397 0 496 69
boat 0.0824 155 167 260 201
boat 0.0619 401 0 498 34
boat 0.0612 446 0 499 39
boat 0.0605 1 0 116 72
boat 0.0602 408 28 483 70
boat 0.0513 281 2 414 63
boat 0.0512 282 0 367 27
boat 0.0496 192 295 224 361
boat 0.0449 422 0 498 21
boat 0.0429 45 15 125 69
boat 0.0429 249 0 412 37
boat 0.0427 97 304 151 321
boat 0.0417 351 2 456 70
boat 0.0371 447 7 499 64
boat 0.0366 388 19 441 68
boat 0.0365 4 6 65 69
boat 0.0354 356 4 414 59
boat 0.0352 171 148 258 196
boat 0.0349 427 215 497 323
boat 0.0343 393 1 476 23
boat 0.0341 92 269 115 286
boat 0.0313 184 267 238 368
boat 0.0312 422 14 500 43
boat 0.0311 21 33 95 69
boat 0.0308 337 124 464 173
boat 0.0307 48 3 176 68
boat 0.0304 404 4 456 65
boat 0.0302 371 8 464 49
boat 0.0296 459 0 499 18
boat 0.0292 429 263 491 317
boat 0.0283 143 7 260 69
boat 0.0282 205 5 309 70
boat 0.0276 1 0 136 38
boat 0.0276 300 20 364 67
boat 0.0271 314 0 500 46
boat 0.0271 123 3 180 67
boat 0.0262 195 135 253 182
boat 0.0262 246 2 357 68
boat 0.0262 476 0 499 38
boat 0.0262 463 5 497 47
boat 0.0257 310 1 411 30
boat 0.0255 357 0 407 36
boat 0.0254 395 2 439 26
boat 0.0254 250 4 301 56
boat 0.0254 292 0 356 14
boat 0.0252 424 5 466 18
boat 0.0251 55 4 130 30
boat 0.0249 453 16 497 38
boat 0.0243 425 32 463 67
boat 0.0243 275 7 377 46
boat 0.0240 206 137 248 168
boat 0.0232 369 0 434 31
boat 0.0231 257 155 283 170
boat 0.0230 255 19 313 67
boat 0.0227 181 11 263 57
boat 0.0225 278 20 332 67
boat 0.0224 397 0 437 48
boat 0.0224 27 12 73 72
boat 0.0223 301 0 386 17
boat 0.0221 404 5 449 18
boat 0.0220 422 122 455 177
boat 0.0220 154 131 286 194
boat 0.0218 405 14 493 106
boat 0.0217 396 1 426 19
boat 0.0216 361 23 427 66
boat 0.0213 1 0 31 51
boat 0.0213 253 160 283 175
boat 0.0210 406 9 460 33
boat 0.0206 252 0 295 34
boat 0.0205 97 291 157 323
boat 0.0201 10 6 197 96
boat 0.0200 392 122 485 176
bottle 0.0416 188 287 232 370
bottle 0.0416 430 232 494 322
bottle 0.0402 433 269 489 327
bottle 0.0390 384 138 403 168
bottle 0.0277 100 19 124 71
bottle 0.0267 192 164 258 199
bottle 0.0223 112 24 127 70
bottle 0.0223 220 166 256 195
bottle 0.0218 442 284 480 330
bottle 0.0216 433 273 484 304
bottle 0.0215 421 0 500 21
bottle 0.0202 80 30 98 67
bus 0.0726 181 18 258 68
bus 0.0510 352 9 416 68
bus 0.0500 376 11 459 69
bus 0.0451 203 30 272 67
bus 0.0423 291 12 375 67
bus 0.0372 220 16 293 68
bus 0.0351 252 4 295 60
bus 0.0293 251 12 321 67
bus 0.0232 205 8 269 60
bus 0.0219 293 17 340 70
car 0.1034 425 212 499 281
car 0.0924 410 22 458 69
car 0.0762 412 26 434 66
car 0.0741 312 127 460 179
car 0.0632 342 42 364 69
car 0.0582 49 135 182 206
car 0.0519 413 29 492 71
car 0.0508 413 23 453 40
car 0.0502 365 33 413 70
car 0.0458 409 20 447 52
car 0.0439 281 0 366 26
car 0.0437 350 238 395 278
car 0.0421 381 32 448 69
car 0.0415 196 26 254 67
car 0.0409 458 4 497 65
car 0.0398 151 166 262 206
car 0.0387 406 18 463 37
car 0.0386 350 41 370 70
car 0.0386 0 0 36 65
car 0.0364 224 34 287 67
car 0.0356 387 0 500 29
car 0.0350 411 17 487 46
car 0.0349 406 16 431 59
car 0.0348 253 3 292 68
car 0.0337 248 39 292 69
car 0.0335 423 22 458 35
car 0.0332 359 215 499 276
car 0.0329 454 0 496 38
car 0.0328 446 215 500 262
car 0.0322 400 0 495 96
car 0.0321 400 10 460 48
car 0.0320 301 32 362 68
car 0.0317 318 35 382 69
car 0.0314 394 14 432 71
car 0.0314 366 4 418 66
car 0.0307 250 32 314 68
car 0.0301 418 27 444 64
car 0.0299 372 0 480 66
car 0.0299 335 31 360 70
car 0.0292 315 20 352 33
car 0.0283 344 29 398 70
car 0.0281 402 32 421 68
car 0.0281 336 44 495 162
car 0.0278 101 305 156 321
car 0.0278 442 195 500 249
car 0.0276 426 237 494 299
car 0.0274 0 29 22 68
car 0.0266 358 3 410 40
car 0.0266 389 1 451 37
car 0.0265 296 102 464 168
car 0.0264 410 19 427 42
car 0.0263 332 48 361 68
car 0.0260 466 48 497 72
car 0.0258 251 0 295 35
car 0.0256 430 24 465 39
car 0.0256 396 9 472 31
car 0.0256 424 224 476 266
car 0.0254 410 32 453 56
car 0.0253 299 15 355 32
car 0.0249 312 13 490 86
car 0.0249 0 257 25 285
car 0.0248 252 0 425 62
car 0.0248 179 28 226 70
car 0.0247 69 134 268 193
car 0.0242 448 233 500 283
car 0.0238 36 132 139 228
car 0.0236 193 123 429 180
car 0.0233 477 162 499 192
car 0.0233 407 20 438 34
car 0.0233 400 13 437 40
car 0.0232 311 48 489 115
car 0.0232 18 137 166 264
car 0.0230 388 30 415 70
car 0.0230 411 42 438 70
car 0.0230 418 26 458 46
car 0.0229 215 37 262 67
car 0.0222 212 54 251 69
car 0.0219 395 2 422 26
car 0.0218 241 48 283 69
car 0.0217 417 14 456 27
car 0.0214 426 35 465 69
car 0.0212 367 48 407 69
car 0.0210 257 25 344 69
car 0.0208 1 1 22 47
car 0.0207 303 16 341 27
car 0.0205 3 268 159 375
car 0.0204 374 17 489 126
chair 0.0418 340 41 366 70
chair 0.0356 66 30 94 70
chair 0.0328 431 216 500 308
chair 0.0289 288 165 326 188
chair 0.0280 79 23 122 71
chair 0.0268 329 36 356 71
chair 0.0265 299 31 319 69
chair 0.0262 291 32 313 68
chair 0.0255 455 228 500 286
chair 0.0251 43 26 84 72
chair 0.0232 350 44 371 70
chair 0.0230 359 39 377 70
chair 0.0225 284 276 362 366
chair 0.0213 330 309 349 339
chair 0.0209 435 32 458 67
chair 0.0206 188 263 249 368
chair 0.0202 314 290 354 342
chair 0.0202 59 32 78 68
dog 0.0211 0 311 116 375
person 0.3633 102 166 122 201
person 0.1529 96 159 128 201
person 0.1006 108 168 128 200
person 0.0884 92 167 109 201
person 0.0876 96 40 118 70
person 0.0863 61 159 96 202
person 0.0844 471 47 490 72
person 0.0709 85 165 121 198
person 0.0633 76 147 126 200
person 0.0617 77 164 98 199
person 0.0592 115 166 135 200
person 0.0573 304 21 325 70
person 0.0570 204 255 246 298
person 0.0521 467 48 483 71
person 0.0513 198 249 217 294
person 0.0494 201 251 228 296
person 0.0467 91 28 122 70
person 0.0465 248 41 264 69
person 0.0454 67 163 115 202
person 0.0438 89 40 110 70
person 0.0430 427 213 500 311
person 0.0429 332 40 351 70
person 0.0416 324 37 339 71
person 0.0410 311 25 334 70
person 0.0404 478 44 496 72
person 0.0396 367 146 388 169
person 0.0388 106 156 140 201
person 0.0365 452 215 500 270
person 0.0353 320 27 342 71
person 0.0339 145 167 256 200
person 0.0334 339 143 384 167
person 0.0333 351 231 393 277
person 0.0331 110 36 128 70
person 0.0327 298 10 333 70
person 0.0321 96 168 116 203
person 0.0319 61 161 78 198
person 0.0319 0 0 25 35
person 0.0314 324 22 356 70
person 0.0313 236 39 254 69
person 0.0310 155 172 195 201
person 0.0308 309 20 346 31
person 0.0293 303 21 319 57
person 0.0292 366 138 405 169
person 0.0290 459 0 499 36
person 0.0289 72 151 102 193
person 0.0289 377 144 400 168
person 0.0288 338 33 358 68
person 0.0287 307 21 328 33
person 0.0279 80 33 98 69
person 0.0276 141 158 193 201
person 0.0271 291 25 318 69
person 0.0270 425 220 467 269
person 0.0270 129 145 173 203
person 0.0264 359 152 397 168
person 0.0261 461 45 473 70
person 0.0259 90 163 106 186
person 0.0255 126 167 145 200
person 0.0255 309 19 323 30
person 0.0249 442 179 500 265
person 0.0242 429 23 454 36
person 0.0241 282 221 368 329
person 0.0241 415 21 433 41
person 0.0240 403 29 421 66
person 0.0239 307 17 331 28
person 0.0238 53 135 160 249
person 0.0235 345 39 364 68
person 0.0234 248 52 278 68
person 0.0230 6 321 66 375
person 0.0228 461 39 489 72
person 0.0227 275 43 293 68
person 0.0226 305 21 318 38
person 0.0221 304 18 317 30
person 0.0219 432 213 484 265
person 0.0219 430 24 454 56
person 0.0219 2 314 109 375
person 0.0218 302 13 328 48
person 0.0218 103 20 128 71
person 0.0214 117 150 153 201
person 0.0209 285 34 302 66
person 0.0208 314 21 331 53
person 0.0207 331 141 359 170
person 0.0206 467 0 495 21
person 0.0206 0 0 46 66
person 0.0205 432 229 462 262
person 0.0204 438 22 460 36
person 0.0204 29 343 55 375
person 0.0201 206 32 223 66
person 0.0200 436 28 458 64
pottedplant 0.3283 297 276 350 336
pottedplant 0.1472 256 41 279 68
pottedplant 0.1219 307 286 339 338
pottedplant 0.1142 304 277 345 310
pottedplant 0.0792 290 164 326 185
pottedplant 0.0686 258 279 355 340
pottedplant 0.0660 287 250 360 333
pottedplant 0.0651 315 280 342 323
pottedplant 0.0536 441 312 480 329
pottedplant 0.0528 292 281 328 326
pottedplant 0.0507 306 284 332 322
pottedplant 0.0506 295 272 363 312
pottedplant 0.0472 317 288 353 336
pottedplant 0.0408 284 268 341 319
pottedplant 0.0397 246 40 289 69
pottedplant 0.0397 85 38 119 70
pottedplant 0.0392 250 43 271 67
pottedplant 0.0385 324 280 351 312
pottedplant 0.0383 293 281 318 310
pottedplant 0.0382 292 278 334 304
pottedplant 0.0344 291 259 327 307
pottedplant 0.0329 304 297 334 329
pottedplant 0.0324 316 278 345 300
pottedplant 0.0317 80 38 98 70
pottedplant 0.0290 297 294 319 333
pottedplant 0.0290 310 284 360 315
pottedplant 0.0285 329 302 351 338
pottedplant 0.0283 67 30 116 70
pottedplant 0.0276 270 282 314 339
pottedplant 0.0267 313 301 345 334
pottedplant 0.0262 334 287 359 318
pottedplant 0.0249 288 288 315 337
pottedplant 0.0241 436 291 484 329
pottedplant 0.0228 239 30 277 72
pottedplant 0.0226 299 279 394 339
pottedplant 0.0225 464 0 500 17
pottedplant 0.0223 292 300 332 337
pottedplant 0.0207 333 38 364 71
pottedplant 0.0205 303 297 372 337
pottedplant 0.0204 10 316 111 375
train 0.0407 364 0 500 36
train 0.0386 252 0 413 28
train 0.0232 0 0 150 33
tvmonitor 0.2517 60 140 151 201
tvmonitor 0.2287 312 128 407 174
tvmonitor 0.0857 212 21 252 67
tvmonitor 0.0845 254 39 280 68
tvmonitor 0.0839 317 141 393 168
tvmonitor 0.0629 339 42 361 69
tvmonitor 0.0565 106 139 159 200
tvmonitor 0.0564 92 148 136 203
tvmonitor 0.0550 56 140 138 165
tvmonitor 0.0538 182 22 216 69
tvmonitor 0.0523 127 9 175 69
tvmonitor 0.0462 236 32 281 69
tvmonitor 0.0453 253 23 288 70
tvmonitor 0.0443 233 33 254 67
tvmonitor 0.0443 187 17 247 66
tvmonitor 0.0441 290 164 324 187
tvmonitor 0.0432 127 134 172 193
tvmonitor 0.0403 353 132 405 169
tvmonitor 0.0385 280 0 370 18
tvmonitor 0.0381 295 22 324 70
tvmonitor 0.0374 462 13 499 71
tvmonitor 0.0367 58 16 128 69
tvmonitor 0.0367 50 131 157 174
tvmonitor 0.0366 63 13 126 31
tvmonitor 0.0365 187 20 212 52
tvmonitor 0.0354 55 143 96 202
tvmonitor 0.0349 326 36 364 70
tvmonitor 0.0340 89 18 124 70
tvmonitor 0.0339 223 19 249 52
tvmonitor 0.0337 314 134 358 174
tvmonitor 0.0325 211 29 236 64
tvmonitor 0.0321 63 148 229 202
tvmonitor 0.0319 248 38 269 64
tvmonitor 0.0318 420 25 462 71
tvmonitor 0.0315 464 41 499 73
tvmonitor 0.0309 183 12 236 46
tvmonitor 0.0302 199 13 253 50
tvmonitor 0.0298 44 134 121 193
tvmonitor 0.0290 303 24 342 70
tvmonitor 0.0289 211 15 249 40
tvmonitor 0.0288 256 34 307 68
tvmonitor 0.0284 180 10 252 33
tvmonitor 0.0282 195 163 258 199
tvmonitor 0.0279 75 141 130 156
tvmonitor 0.0276 288 1 369 32
tvmonitor 0.0272 199 23 227 66
tvmonitor 0.0271 333 149 387 169
tvmonitor 0.0271 325 143 368 167
tvmonitor 0.0270 261 33 287 66
tvmonitor 0.0269 93 129 177 206
tvmonitor 0.0267 130 29 165 70
tvmonitor 0.0266 320 133 389 159
tvmonitor 0.0265 302 149 394 181
tvmonitor 0.0264 189 16 230 29
tvmonitor 0.0264 234 130 419 183
tvmonitor 0.0263 189 17 221 36
tvmonitor 0.0258 64 166 132 205
tvmonitor 0.0256 202 17 245 32
tvmonitor 0.0254 118 3 202 72
tvmonitor 0.0254 65 0 137 31
tvmonitor 0.0251 82 17 124 32
tvmonitor 0.0248 470 44 493 68
tvmonitor 0.0247 147 140 170 190
tvmonitor 0.0242 255 31 282 56
tvmonitor 0.0241 68 11 129 45
tvmonitor 0.0238 430 27 455 63
tvmonitor 0.0232 252 0 294 35
tvmonitor 0.0229 74 146 131 161
tvmonitor 0.0227 206 27 222 63
tvmonitor 0.0226 77 144 130 177
tvmonitor 0.0223 67 15 101 30
tvmonitor 0.0220 160 0 265 67
tvmonitor 0.0220 221 17 245 30
tvmonitor 0.0220 217 32 255 57
tvmonitor 0.0217 340 35 381 70
tvmonitor 0.0215 225 35 269 64
tvmonitor 0.0208 271 26 322 69
tvmonitor 0.0207 228 10 321 69
tvmonitor 0.0203 136 145 186 195
tvmonitor 0.0201 348 40 371 68
