aeroplane 0.1088 0 0 456 375
aeroplane 0.0512 14 0 500 104
aeroplane 0.0489 27 0 273 332
aeroplane 0.0358 339 237 384 274
aeroplane 0.0299 338 246 426 278
aeroplane 0.0240 316 227 391 276
aeroplane 0.0232 179 41 290 71
aeroplane 0.0215 331 250 405 303
aeroplane 0.0211 62 0 498 227
aeroplane 0.0209 331 232 440 293
aeroplane 0.0208 124 8 359 88
boat 0.0324 0 0 469 375
boat 0.0273 132 119 271 312
boat 0.0208 347 237 442 273
boat 0.0206 145 155 267 263
car 0.8547 122 261 400 375
car 0.7618 4 247 91 331
car 0.6884 132 234 262 304
car 0.5884 132 239 304 349
car 0.5630 1 259 38 357
car 0.4555 87 255 121 301
car 0.3794 75 251 107 305
car 0.3716 101 259 124 299
car 0.3561 110 258 133 297
car 0.3193 115 260 145 296
car 0.2573 127 265 146 297
car 0.2340 89 261 106 306
car 0.2323 158 234 265 274
car 0.2289 150 257 271 312
car 0.2101 3 248 36 310
car 0.1890 82 254 111 290
car 0.1885 100 251 144 294
car 0.1863 136 266 151 298
car 0.1759 4 248 35 274
car 0.1682 115 302 143 337
car 0.1679 95 262 115 305
car 0.1644 142 264 226 311
car 0.1633 70 250 101 287
car 0.1566 121 273 179 375
car 0.1522 120 266 257 365
car 0.1520 92 256 120 284
car 0.1464 120 273 142 298
car 0.1447 64 250 98 322
car 0.1438 114 270 129 301
car 0.1407 82 260 99 307
car 0.1385 170 249 269 293
car 0.1360 45 248 109 309
car 0.1339 12 247 94 295
car 0.1314 77 252 134 290
car 0.1282 140 251 233 296
car 0.1269 397 289 500 375
car 0.1258 0 290 28 359
car 0.1256 249 266 412 371
car 0.1250 117 292 155 371
car 0.1200 109 258 153 307
car 0.1147 97 257 132 277
car 0.1082 109 252 135 274
car 0.1075 10 286 39 349
car 0.1063 336 272 495 373
car 0.1041 29 287 89 331
car 0.1036 3 249 27 287
car 0.1007 77 248 102 266
car 0.1000 0 264 28 325
car 0.0998 132 254 153 296
car 0.0963 79 253 114 271
car 0.0955 326 334 395 375
car 0.0949 120 286 148 341
car 0.0944 104 253 161 355
car 0.0917 105 256 123 279
car 0.0917 56 244 178 309
car 0.0884 50 260 92 328
car 0.0883 105 260 141 285
car 0.0882 93 251 142 324
car 0.0876 138 232 167 256
car 0.0870 136 248 231 342
car 0.0851 59 248 88 295
car 0.0850 114 267 145 334
car 0.0844 125 252 170 301
car 0.0843 8 241 35 263
car 0.0833 0 315 20 360
car 0.0822 115 252 145 269
car 0.0817 331 296 395 375
car 0.0804 127 280 154 297
car 0.0802 72 256 94 302
car 0.0795 128 263 155 315
car 0.0789 108 233 219 315
car 0.0784 105 279 131 300
car 0.0782 65 250 84 278
car 0.0778 0 266 65 341
car 0.0761 98 256 116 279
car 0.0756 139 216 361 295
car 0.0755 92 253 124 270
car 0.0754 3 269 34 300
car 0.0754 8 270 39 322
car 0.0749 111 257 146 277
car 0.0736 84 248 112 262
car 0.0730 125 255 149 286
car 0.0723 84 151 441 375
car 0.0716 118 307 148 355
car 0.0707 394 338 496 373
car 0.0700 172 260 356 315
car 0.0696 114 250 134 265
car 0.0693 25 293 45 332
car 0.0684 89 250 140 274
car 0.0683 86 252 108 280
car 0.0676 120 256 189 315
car 0.0670 138 192 267 286
car 0.0667 2 236 42 271
car 0.0666 16 265 38 304
car 0.0664 105 272 122 304
car 0.0659 93 278 124 301
car 0.0657 120 292 141 328
car 0.0651 26 262 87 356
car 0.0644 130 264 170 333
car 0.0640 102 271 131 295
car 0.0632 47 244 98 285
car 0.0630 17 306 37 352
car 0.0626 119 325 180 375
car 0.0622 61 248 89 263
car 0.0622 121 251 140 265
car 0.0620 129 286 160 348
car 0.0620 407 279 429 299
car 0.0620 136 271 165 310
car 0.0615 137 231 169 281
car 0.0611 70 246 130 321
car 0.0602 66 245 100 270
car 0.0591 26 246 119 375
car 0.0586 139 283 155 307
car 0.0585 82 247 100 259
car 0.0565 20 242 49 256
car 0.0563 132 243 141 261
car 0.0562 30 297 52 331
car 0.0562 30 303 79 332
car 0.0562 109 251 125 264
car 0.0560 17 237 39 256
car 0.0554 22 270 70 328
car 0.0553 75 251 92 268
car 0.0551 18 286 39 330
car 0.0549 45 248 77 264
car 0.0547 132 250 143 269
car 0.0546 210 232 266 267
car 0.0546 156 247 245 282
car 0.0540 54 250 82 273
car 0.0540 14 248 48 264
car 0.0540 12 281 41 311
car 0.0535 0 335 23 360
car 0.0534 141 246 180 302
car 0.0534 107 248 133 260
car 0.0533 0 262 27 294
car 0.0532 115 253 130 270
car 0.0531 128 251 148 275
car 0.0531 132 284 149 304
car 0.0530 0 237 73 375
car 0.0529 119 253 139 280
car 0.0525 6 246 59 290
car 0.0520 40 308 87 329
car 0.0517 120 304 321 373
car 0.0514 140 269 183 320
car 0.0514 131 235 141 256
car 0.0512 97 248 122 260
car 0.0511 68 251 83 268
car 0.0509 135 234 158 262
car 0.0506 115 283 134 303
car 0.0500 231 314 395 375
car 0.0496 83 250 97 263
car 0.0495 357 292 380 322
car 0.0494 11 280 55 331
car 0.0493 80 244 104 256
car 0.0492 126 246 140 257
car 0.0491 25 238 49 250
car 0.0488 135 229 177 262
car 0.0487 346 279 382 324
car 0.0487 101 251 117 264
car 0.0485 12 246 79 275
car 0.0484 90 245 111 254
car 0.0481 8 240 149 321
car 0.0478 146 232 171 249
car 0.0476 39 244 67 255
car 0.0473 9 239 54 261
car 0.0473 22 288 48 317
car 0.0470 127 249 136 261
car 0.0469 108 255 120 269
car 0.0467 37 244 53 256
car 0.0467 124 253 137 269
car 0.0464 73 270 92 318
car 0.0464 77 248 93 258
car 0.0463 114 284 146 318
car 0.0458 94 291 148 373
car 0.0455 9 253 40 287
car 0.0453 101 287 146 331
car 0.0452 118 246 133 257
car 0.0446 127 241 137 256
car 0.0441 133 242 148 258
car 0.0440 6 246 19 265
car 0.0439 28 240 45 253
car 0.0436 177 232 259 260
car 0.0435 137 250 152 279
car 0.0433 70 288 91 329
car 0.0431 73 244 119 265
car 0.0431 137 242 155 268
car 0.0430 105 274 140 305
car 0.0426 0 308 48 364
car 0.0426 142 231 194 269
car 0.0423 61 306 89 330
car 0.0420 133 235 148 253
car 0.0414 7 275 44 296
car 0.0414 24 289 65 339
car 0.0412 120 287 149 302
car 0.0412 341 356 392 374
car 0.0410 343 245 383 273
car 0.0410 103 256 113 269
car 0.0408 103 308 143 347
car 0.0408 32 253 85 312
car 0.0408 89 279 104 312
car 0.0407 66 243 113 279
car 0.0407 135 282 161 298
car 0.0407 2 323 34 357
car 0.0406 12 253 51 317
car 0.0404 192 241 263 282
car 0.0403 109 243 156 290
car 0.0402 119 244 140 254
car 0.0402 144 276 176 302
car 0.0402 405 278 432 315
car 0.0401 230 235 268 263
car 0.0399 68 247 85 258
car 0.0398 56 244 83 255
car 0.0395 30 248 59 262
car 0.0395 29 242 43 260
car 0.0394 136 263 168 296
car 0.0390 91 248 106 258
car 0.0390 111 276 135 320
car 0.0389 134 240 157 288
car 0.0389 2 290 39 312
car 0.0389 65 244 89 255
car 0.0385 142 241 201 290
car 0.0385 131 290 148 313
car 0.0384 5 233 43 256
car 0.0383 39 241 52 252
car 0.0383 0 0 500 375
car 0.0382 139 285 161 316
car 0.0382 30 311 57 336
car 0.0381 150 232 179 254
car 0.0377 88 285 114 304
car 0.0373 101 247 205 375
car 0.0373 126 345 202 375
car 0.0372 122 269 160 296
car 0.0371 175 262 223 283
car 0.0371 118 250 128 261
car 0.0371 1 346 35 360
car 0.0371 127 295 147 322
car 0.0368 97 233 158 307
car 0.0367 40 245 89 266
car 0.0365 131 288 157 301
car 0.0365 59 251 77 267
car 0.0362 21 241 77 259
car 0.0361 219 221 228 234
car 0.0361 219 219 233 232
car 0.0360 59 248 78 258
car 0.0359 90 244 143 265
car 0.0359 78 252 89 263
car 0.0358 111 237 145 262
car 0.0356 113 247 125 256
car 0.0356 0 277 26 308
car 0.0352 303 259 346 274
car 0.0352 90 253 105 269
car 0.0352 0 147 79 339
car 0.0350 34 238 56 249
car 0.0348 342 261 388 317
car 0.0347 350 339 437 374
car 0.0346 434 329 500 375
car 0.0346 236 224 246 237
car 0.0345 42 246 61 257
car 0.0344 136 267 195 300
car 0.0343 103 245 121 253
car 0.0339 129 249 154 262
car 0.0339 62 309 154 375
car 0.0338 29 304 85 353
car 0.0338 215 235 260 254
car 0.0338 113 244 133 253
car 0.0336 110 306 142 325
car 0.0335 331 332 478 375
car 0.0335 241 228 253 243
car 0.0333 136 291 156 321
car 0.0333 455 291 499 373
car 0.0332 405 289 489 328
car 0.0332 208 232 469 375
car 0.0332 70 251 81 262
car 0.0332 25 309 42 348
car 0.0331 364 304 393 321
car 0.0327 129 357 182 374
car 0.0326 105 248 116 257
car 0.0324 141 231 226 258
car 0.0324 111 251 118 261
car 0.0322 142 237 172 267
car 0.0320 476 340 499 375
car 0.0320 120 241 154 270
car 0.0318 344 250 367 276
car 0.0318 156 231 178 247
car 0.0318 239 219 253 239
car 0.0315 101 271 125 314
car 0.0312 92 304 155 336
car 0.0312 334 257 370 273
car 0.0312 119 294 148 309
car 0.0311 83 278 98 319
car 0.0310 287 259 332 273
car 0.0310 226 221 240 233
car 0.0308 136 231 159 249
car 0.0308 185 254 254 278
car 0.0305 147 264 210 291
car 0.0305 50 247 71 258
car 0.0303 236 231 247 242
car 0.0302 238 237 412 303
car 0.0302 325 258 358 274
car 0.0299 235 228 250 239
car 0.0299 412 280 436 295
motorbike 0.0220 10 89 400 375
motorbike 0.0206 4 0 206 302
person 0.0987 0 0 211 375
person 0.0982 138 278 151 312
person 0.0857 120 264 149 338
person 0.0798 136 280 155 333
person 0.0772 135 276 168 341
person 0.0686 133 279 144 307
person 0.0618 131 252 145 282
person 0.0555 163 256 225 313
person 0.0545 409 279 427 298
person 0.0544 123 284 138 319
person 0.0534 0 0 500 359
person 0.0511 131 290 145 327
person 0.0481 140 283 159 320
person 0.0480 140 272 182 324
person 0.0412 124 315 164 374
person 0.0407 406 279 431 308
person 0.0392 364 343 391 375
person 0.0384 148 267 207 319
person 0.0381 0 0 101 349
person 0.0378 194 254 258 312
person 0.0372 129 112 419 375
person 0.0369 407 282 419 297
person 0.0366 394 317 411 349
person 0.0352 38 245 49 255
person 0.0352 176 237 247 301
person 0.0350 130 290 169 366
person 0.0346 399 281 407 297
person 0.0342 402 280 436 340
person 0.0330 392 280 402 296
person 0.0311 380 298 396 320
person 0.0310 74 37 252 341
person 0.0308 396 278 408 302
person 0.0305 128 341 157 375
person 0.0304 180 268 238 318
person 0.0302 417 279 431 298
person 0.0290 390 277 403 304
person 0.0285 105 252 112 262
person 0.0285 390 325 405 350
person 0.0284 387 297 403 320
person 0.0277 277 287 293 315
person 0.0274 358 323 395 374
person 0.0274 136 347 165 375
person 0.0272 401 281 414 294
person 0.0271 342 347 386 374
person 0.0269 149 282 172 317
person 0.0264 116 286 130 313
person 0.0260 157 281 180 317
person 0.0257 387 280 404 315
person 0.0250 475 288 500 375
person 0.0246 400 315 418 349
person 0.0246 392 287 409 319
person 0.0245 107 283 119 309
person 0.0243 90 287 103 319
person 0.0241 54 349 75 374
person 0.0237 125 328 148 372
person 0.0234 430 278 440 295
person 0.0233 96 280 111 310
person 0.0232 82 294 95 327
person 0.0231 141 263 212 352
person 0.0230 353 234 373 268
person 0.0229 116 296 134 324
person 0.0223 85 275 105 323
person 0.0222 35 248 53 272
person 0.0220 169 261 242 297
person 0.0218 95 268 135 332
person 0.0215 43 248 56 259
person 0.0214 383 289 406 323
person 0.0214 87 264 120 328
person 0.0213 45 246 55 255
person 0.0213 93 301 102 324
person 0.0211 385 314 409 351
person 0.0211 368 241 388 270
person 0.0209 194 287 235 316
person 0.0203 21 268 46 305
person 0.0202 394 301 409 325
train 0.0270 0 265 424 375
