aeroplane 0.0456 0 371 75 400
aeroplane 0.0264 0 381 52 400
aeroplane 0.0254 0 355 42 400
aeroplane 0.0244 0 358 107 400
aeroplane 0.0233 0 359 22 400
bird 0.8234 80 51 281 361
bird 0.1769 173 332 412 396
bird 0.1638 70 123 403 382
bird 0.1358 94 107 217 353
bird 0.0863 93 301 425 395
bird 0.0794 0 0 311 400
bird 0.0777 135 48 282 244
bird 0.0649 185 166 437 376
bird 0.0633 26 41 289 211
bird 0.0481 11 183 291 364
bird 0.0466 39 369 108 400
bird 0.0452 86 213 201 352
bird 0.0391 211 358 398 396
bird 0.0364 18 361 127 398
bird 0.0348 66 246 367 376
bird 0.0341 289 95 500 400
bird 0.0340 37 329 343 391
bird 0.0318 292 341 400 398
bird 0.0313 81 131 152 303
bird 0.0312 0 345 154 398
bird 0.0302 83 266 252 354
bird 0.0295 46 372 83 399
bird 0.0282 235 70 425 347
bird 0.0278 315 370 397 399
bird 0.0270 121 53 285 150
bird 0.0245 157 54 344 346
bird 0.0240 15 369 84 400
bird 0.0238 263 375 353 398
bird 0.0235 91 21 486 285
bird 0.0229 7 298 199 374
bird 0.0211 66 301 288 369
bird 0.0210 260 387 362 400
bird 0.0210 338 352 394 400
bird 0.0201 258 313 391 400
boat 0.0350 275 223 318 238
boat 0.0248 0 379 61 400
boat 0.0240 0 378 31 400
boat 0.0232 0 355 27 400
boat 0.0228 0 357 69 400
bottle 0.0513 185 51 289 89
bottle 0.0333 152 49 287 106
person 0.0253 144 262 173 353
