bicycle 0.1732 318 315 374 478
bicycle 0.0673 274 335 373 489
bird 0.0389 38 308 338 467
bottle 0.0484 180 95 238 267
bottle 0.0464 338 353 373 384
bottle 0.0323 325 359 375 405
bottle 0.0312 337 359 363 392
bottle 0.0298 184 156 226 262
bottle 0.0273 344 342 374 374
bottle 0.0273 341 370 372 461
bottle 0.0272 333 376 364 399
bottle 0.0266 323 374 371 429
bottle 0.0259 341 368 356 403
bottle 0.0253 167 142 188 249
bottle 0.0247 325 381 357 406
bottle 0.0242 181 218 218 261
bottle 0.0231 342 366 367 400
bottle 0.0228 339 381 372 408
bottle 0.0225 161 116 199 264
bottle 0.0220 143 117 189 266
bottle 0.0218 178 148 210 254
car 0.0653 337 345 375 395
car 0.0381 353 344 375 383
car 0.0254 317 336 375 414
chair 0.4871 0 137 22 251
chair 0.1707 317 345 374 491
chair 0.1153 38 260 97 373
chair 0.0892 337 340 375 448
chair 0.0883 41 225 116 358
chair 0.0872 25 213 338 486
chair 0.0867 0 173 18 240
chair 0.0744 2 130 39 249
chair 0.0677 0 137 18 193
chair 0.0642 336 346 375 394
chair 0.0602 1 123 28 219
chair 0.0598 0 239 65 341
chair 0.0577 53 219 121 301
chair 0.0575 0 155 28 320
chair 0.0568 0 198 25 242
chair 0.0512 34 181 156 389
chair 0.0511 352 355 375 459
chair 0.0466 319 349 374 411
chair 0.0450 2 246 61 299
chair 0.0444 0 141 50 292
chair 0.0441 18 131 56 250
chair 0.0429 272 359 372 483
chair 0.0420 95 315 357 473
chair 0.0414 38 241 191 459
chair 0.0391 44 292 91 357
chair 0.0380 150 234 324 467
chair 0.0372 15 129 37 229
chair 0.0368 46 175 122 327
chair 0.0363 339 378 374 496
chair 0.0354 0 203 69 300
chair 0.0350 316 376 372 448
chair 0.0349 240 292 373 488
chair 0.0344 34 234 75 335
chair 0.0342 32 127 137 286
chair 0.0340 9 237 111 323
chair 0.0339 37 292 64 370
chair 0.0337 39 92 197 317
chair 0.0333 327 302 375 419
chair 0.0333 319 410 370 492
chair 0.0323 347 355 374 414
chair 0.0322 61 223 123 269
chair 0.0314 10 203 26 242
chair 0.0310 0 136 19 164
chair 0.0309 23 241 60 316
chair 0.0309 19 160 107 350
chair 0.0300 26 224 83 297
chair 0.0295 343 356 366 395
chair 0.0294 19 220 65 275
chair 0.0285 177 364 367 478
chair 0.0282 2 152 72 341
chair 0.0279 29 185 57 259
chair 0.0278 30 121 53 224
chair 0.0277 234 260 311 453
chair 0.0276 4 166 28 240
chair 0.0276 51 251 123 324
chair 0.0273 45 201 134 268
chair 0.0270 31 134 66 254
chair 0.0257 36 363 261 475
chair 0.0254 315 448 373 499
chair 0.0253 45 264 113 422
chair 0.0252 2 194 46 253
chair 0.0252 0 56 27 234
chair 0.0246 19 141 101 262
chair 0.0245 355 412 375 499
chair 0.0244 13 148 26 207
chair 0.0235 19 195 32 237
chair 0.0234 37 317 94 372
chair 0.0234 13 207 109 295
chair 0.0232 21 144 43 240
chair 0.0231 24 131 39 220
chair 0.0228 40 215 94 319
chair 0.0225 359 352 375 399
chair 0.0222 359 365 375 421
chair 0.0221 333 376 374 410
chair 0.0221 36 210 67 283
chair 0.0220 0 221 35 303
chair 0.0218 8 187 66 262
chair 0.0215 18 174 36 237
chair 0.0214 231 398 371 492
chair 0.0214 201 145 306 436
chair 0.0210 1 132 18 151
chair 0.0207 0 128 29 176
chair 0.0204 30 220 89 267
chair 0.0202 298 201 375 462
chair 0.0202 20 128 36 199
chair 0.0202 345 371 375 400
chair 0.0200 60 110 153 251
chair 0.0200 345 185 375 294
diningtable 0.0588 68 293 332 483
diningtable 0.0387 33 181 375 500
diningtable 0.0286 44 178 257 407
person 0.8544 52 71 314 468
person 0.1787 317 345 375 486
person 0.1731 103 76 260 293
person 0.0690 142 78 288 388
person 0.0682 330 291 375 445
person 0.0638 120 80 198 262
person 0.0550 63 74 218 356
person 0.0503 127 80 254 208
person 0.0500 332 348 375 390
person 0.0472 150 160 328 483
person 0.0465 180 86 237 268
person 0.0414 340 354 375 431
person 0.0393 359 339 375 380
person 0.0391 126 76 232 147
person 0.0371 173 84 300 272
person 0.0337 91 94 173 262
person 0.0335 348 372 374 478
person 0.0312 227 110 365 464
person 0.0302 349 331 375 390
person 0.0299 147 78 215 131
person 0.0285 7 0 44 86
person 0.0283 325 365 372 417
person 0.0276 0 0 21 98
person 0.0268 196 86 316 416
person 0.0267 0 0 17 45
person 0.0252 131 119 179 266
person 0.0250 180 78 229 143
person 0.0249 338 359 362 407
person 0.0243 56 114 209 264
person 0.0234 133 90 215 382
person 0.0230 62 132 144 282
person 0.0218 323 94 347 174
person 0.0210 188 121 268 305
person 0.0209 162 88 199 246
person 0.0209 145 100 190 257
person 0.0209 162 75 200 149
person 0.0209 132 138 229 269
person 0.0207 132 80 186 146
pottedplant 0.1789 37 254 105 369
pottedplant 0.1702 0 267 53 357
pottedplant 0.1398 0 280 32 352
pottedplant 0.1081 16 246 88 355
pottedplant 0.0833 323 272 375 427
pottedplant 0.0824 0 285 16 348
pottedplant 0.0761 330 316 375 481
pottedplant 0.0729 36 273 77 366
pottedplant 0.0704 39 195 125 366
pottedplant 0.0701 57 272 98 325
pottedplant 0.0698 341 262 375 388
pottedplant 0.0589 299 225 375 483
pottedplant 0.0542 361 246 375 295
pottedplant 0.0522 17 218 116 420
pottedplant 0.0515 9 213 62 348
pottedplant 0.0490 51 279 92 347
pottedplant 0.0469 14 256 63 328
pottedplant 0.0455 344 247 375 301
pottedplant 0.0450 33 258 76 330
pottedplant 0.0431 356 246 375 325
pottedplant 0.0424 0 197 32 352
pottedplant 0.0417 47 183 152 455
pottedplant 0.0398 22 230 118 333
pottedplant 0.0397 68 279 91 313
pottedplant 0.0379 334 324 375 397
pottedplant 0.0377 334 245 375 342
pottedplant 0.0363 2 280 22 332
pottedplant 0.0361 239 197 360 475
pottedplant 0.0360 2 302 24 351
pottedplant 0.0357 214 164 319 468
pottedplant 0.0353 49 264 91 311
pottedplant 0.0353 41 297 99 363
pottedplant 0.0353 23 286 58 369
pottedplant 0.0338 345 473 375 500
pottedplant 0.0336 34 263 67 303
pottedplant 0.0335 0 299 40 370
pottedplant 0.0334 255 249 322 439
pottedplant 0.0332 8 266 72 409
pottedplant 0.0312 325 53 363 179
pottedplant 0.0303 296 256 375 369
pottedplant 0.0297 319 259 375 310
pottedplant 0.0295 358 461 375 500
pottedplant 0.0294 12 271 38 336
pottedplant 0.0294 63 272 83 311
pottedplant 0.0292 47 271 118 458
pottedplant 0.0289 333 457 375 500
pottedplant 0.0289 0 268 44 319
pottedplant 0.0287 323 387 370 500
pottedplant 0.0281 344 62 371 178
pottedplant 0.0276 308 288 340 311
pottedplant 0.0276 52 239 105 313
pottedplant 0.0270 275 260 369 425
pottedplant 0.0269 351 352 375 494
pottedplant 0.0268 266 276 301 323
pottedplant 0.0259 233 212 307 416
pottedplant 0.0258 353 253 375 285
pottedplant 0.0255 9 293 29 344
pottedplant 0.0255 326 281 372 364
pottedplant 0.0253 58 270 76 310
pottedplant 0.0250 318 171 375 399
pottedplant 0.0248 321 85 351 176
pottedplant 0.0247 340 253 355 296
pottedplant 0.0243 12 305 68 362
pottedplant 0.0240 36 251 98 300
pottedplant 0.0240 0 277 19 311
pottedplant 0.0240 0 260 52 299
pottedplant 0.0239 306 284 357 316
pottedplant 0.0235 276 291 299 323
pottedplant 0.0235 318 276 375 328
pottedplant 0.0234 350 203 375 372
pottedplant 0.0234 0 319 20 354
pottedplant 0.0233 345 334 374 375
pottedplant 0.0225 265 270 307 390
pottedplant 0.0223 71 273 104 312
pottedplant 0.0222 23 249 64 295
pottedplant 0.0220 354 292 375 389
pottedplant 0.0213 344 253 361 292
pottedplant 0.0208 360 323 375 365
pottedplant 0.0206 291 265 360 312
pottedplant 0.0206 267 281 325 328
pottedplant 0.0204 0 166 52 382
pottedplant 0.0203 354 432 375 500
pottedplant 0.0202 245 249 303 324
pottedplant 0.0201 337 248 362 303
tvmonitor 0.0613 56 219 123 269
tvmonitor 0.0329 0 0 28 72
tvmonitor 0.0294 257 2 309 80
tvmonitor 0.0241 322 0 369 155
tvmonitor 0.0226 85 222 124 258
