bird 0.0285 310 232 339 293
bottle 0.1403 249 136 273 183
bottle 0.1193 240 124 267 183
bottle 0.0956 247 135 263 180
bottle 0.0881 111 152 154 184
bottle 0.0839 236 114 283 199
bottle 0.0741 225 86 295 203
bottle 0.0728 239 130 254 180
bottle 0.0639 309 231 338 292
bottle 0.0595 243 131 296 189
bottle 0.0570 232 122 256 189
bottle 0.0554 243 144 268 200
bottle 0.0515 244 166 264 202
bottle 0.0444 239 168 254 202
bottle 0.0439 225 131 273 188
bottle 0.0430 110 146 155 206
bottle 0.0423 233 136 249 181
bottle 0.0407 215 111 279 221
bottle 0.0395 185 84 273 212
bottle 0.0393 249 124 284 178
bottle 0.0391 228 248 293 372
bottle 0.0365 224 292 259 373
bottle 0.0364 228 126 316 212
bottle 0.0337 236 147 257 200
bottle 0.0323 230 300 257 351
bottle 0.0311 233 289 278 373
bottle 0.0309 239 137 277 219
bottle 0.0307 229 166 250 203
bottle 0.0297 249 104 314 194
bottle 0.0294 221 139 253 208
bottle 0.0292 133 299 346 369
bottle 0.0291 255 136 279 170
bottle 0.0286 239 256 279 345
bottle 0.0286 263 142 285 177
bottle 0.0283 206 121 251 198
bottle 0.0279 105 137 165 185
bottle 0.0272 130 263 280 371
bottle 0.0270 248 287 293 373
bottle 0.0263 239 160 279 203
bottle 0.0255 229 301 248 339
bottle 0.0251 219 281 327 372
bottle 0.0245 216 160 268 216
bottle 0.0244 252 246 355 375
bottle 0.0244 235 153 311 198
bottle 0.0234 204 152 248 224
bottle 0.0228 250 143 281 198
bottle 0.0223 109 129 174 230
bottle 0.0222 227 115 291 269
bottle 0.0210 189 119 260 254
bottle 0.0210 235 157 257 184
bottle 0.0210 252 127 270 166
bottle 0.0207 224 318 293 372
bottle 0.0207 210 146 285 190
chair 0.0574 101 180 410 375
chair 0.0560 395 227 498 369
chair 0.0407 297 127 486 375
chair 0.0380 305 246 491 373
chair 0.0351 280 244 368 375
chair 0.0349 127 254 364 370
chair 0.0308 307 229 396 371
chair 0.0287 347 234 445 367
chair 0.0284 127 219 197 375
chair 0.0273 198 237 422 374
chair 0.0231 121 301 322 369
chair 0.0229 293 305 485 371
diningtable 0.0311 141 214 443 373
diningtable 0.0280 67 132 407 375
diningtable 0.0238 122 276 397 373
person 0.9171 125 85 362 371
person 0.1251 121 101 246 365
person 0.0970 116 83 322 260
person 0.0672 107 88 255 223
person 0.0643 131 187 211 370
person 0.0541 122 109 223 258
person 0.0485 250 128 386 371
person 0.0466 131 215 346 374
person 0.0451 3 28 314 375
person 0.0422 178 85 500 375
person 0.0412 108 130 188 279
person 0.0411 30 113 188 375
person 0.0395 196 103 334 348
person 0.0385 278 228 366 373
person 0.0369 196 85 358 216
person 0.0353 158 87 303 196
person 0.0326 205 213 415 373
person 0.0308 109 145 159 228
person 0.0296 81 74 216 279
person 0.0291 0 347 22 375
person 0.0289 243 97 346 247
person 0.0269 107 139 155 184
person 0.0260 306 230 338 298
person 0.0233 118 150 176 252
person 0.0222 0 90 261 283
person 0.0222 60 112 169 297
person 0.0220 185 94 280 237
person 0.0213 109 234 190 373
person 0.0209 9 238 220 375
pottedplant 0.0406 376 221 499 373
pottedplant 0.0317 397 232 497 324
