car 0.0216 9 261 114 287
car 0.0213 142 56 210 82
car 0.0205 14 261 59 285
dog 0.0265 367 0 479 86
dog 0.0238 315 0 408 70
person 0.1202 0 119 7 145
person 0.0773 44 139 60 172
person 0.0502 234 207 256 237
person 0.0502 193 202 220 242
person 0.0396 221 206 242 237
person 0.0356 257 198 279 231
person 0.0344 0 118 16 142
person 0.0343 74 198 91 233
person 0.0337 193 103 206 143
person 0.0329 99 127 112 153
person 0.0324 0 124 6 161
person 0.0304 66 199 84 233
person 0.0303 81 201 98 233
person 0.0301 120 104 139 134
person 0.0301 98 111 113 145
person 0.0291 220 202 256 240
person 0.0286 37 141 60 191
person 0.0280 126 104 146 133
person 0.0278 137 105 151 133
person 0.0278 106 105 120 141
person 0.0277 177 197 194 237
person 0.0275 243 202 264 235
person 0.0274 39 148 53 183
person 0.0273 0 93 7 146
person 0.0272 209 202 238 241
person 0.0271 183 169 200 206
person 0.0259 113 105 130 140
person 0.0258 87 203 104 232
person 0.0257 58 196 73 229
person 0.0256 18 261 55 285
person 0.0246 138 146 151 175
person 0.0244 36 159 52 194
person 0.0243 115 96 149 165
person 0.0233 147 112 158 137
person 0.0226 105 118 119 149
person 0.0225 92 112 107 145
person 0.0224 122 98 138 123
person 0.0222 49 195 65 230
person 0.0219 66 211 83 243
person 0.0219 99 135 113 171
person 0.0217 129 99 167 163
person 0.0214 182 188 198 228
person 0.0212 59 205 73 240
person 0.0210 94 126 107 152
person 0.0210 185 186 217 242
person 0.0209 102 130 118 158
person 0.0208 82 213 98 246
person 0.0207 36 190 62 240
person 0.0206 47 138 65 161
person 0.0203 153 115 166 136
person 0.0201 131 142 146 177
person 0.0200 108 94 120 123
pottedplant 0.0350 264 250 338 331
pottedplant 0.0303 303 258 367 334
pottedplant 0.0301 6 297 104 334
pottedplant 0.0291 1 276 132 334
pottedplant 0.0257 301 273 341 334
pottedplant 0.0245 284 269 326 333
pottedplant 0.0244 0 284 47 334
pottedplant 0.0237 250 252 305 331
pottedplant 0.0235 315 282 358 334
pottedplant 0.0228 332 270 368 334
pottedplant 0.0201 278 248 326 314
train 0.9153 32 50 444 269
train 0.0904 39 56 139 228
train 0.0776 53 49 366 154
train 0.0496 52 52 228 244
train 0.0433 85 146 428 247
train 0.0392 44 48 185 168
train 0.0383 35 119 103 247
train 0.0353 16 42 119 283
train 0.0351 20 82 85 226
train 0.0329 51 71 126 183
train 0.0321 12 127 454 334
train 0.0309 33 184 63 241
train 0.0302 15 148 93 278
train 0.0298 0 245 451 334
train 0.0293 43 89 105 203
train 0.0286 23 121 152 263
train 0.0259 11 183 157 290
train 0.0244 242 54 427 243
train 0.0237 30 10 132 173
train 0.0224 32 140 77 241
train 0.0211 71 54 281 130
