aeroplane 0.0217 257 270 298 283
bird 0.0277 340 180 500 230
boat 0.6145 36 0 403 326
boat 0.2320 36 3 273 238
boat 0.2062 284 187 499 323
boat 0.1973 168 117 500 323
boat 0.1641 337 184 499 256
boat 0.1453 197 281 383 327
boat 0.1300 208 187 433 326
boat 0.1212 336 218 500 264
boat 0.1007 347 212 500 305
boat 0.0957 338 227 402 252
boat 0.0935 439 230 500 257
boat 0.0907 204 249 488 329
boat 0.0891 227 217 300 245
boat 0.0877 69 15 252 156
boat 0.0846 15 29 202 330
boat 0.0846 35 155 404 316
boat 0.0796 276 290 379 326
boat 0.0790 185 0 480 290
boat 0.0770 375 233 499 268
boat 0.0737 62 16 439 175
boat 0.0690 456 223 499 251
boat 0.0686 98 39 297 329
boat 0.0683 244 177 484 263
boat 0.0682 450 236 498 253
boat 0.0655 200 129 336 326
boat 0.0649 26 102 355 272
boat 0.0647 345 238 500 282
boat 0.0645 154 54 294 251
boat 0.0640 339 256 497 329
boat 0.0630 409 202 499 258
boat 0.0617 290 172 353 269
boat 0.0609 323 225 431 261
boat 0.0603 238 241 388 324
boat 0.0578 32 272 239 326
boat 0.0576 420 238 480 255
boat 0.0573 291 252 377 328
boat 0.0571 49 51 237 198
boat 0.0557 455 202 497 257
boat 0.0540 478 226 499 253
boat 0.0533 348 237 451 265
boat 0.0532 302 229 461 271
boat 0.0531 210 192 311 321
boat 0.0524 265 172 387 314
boat 0.0517 357 228 477 256
boat 0.0504 30 4 206 117
boat 0.0498 358 225 423 254
boat 0.0494 287 201 405 273
boat 0.0481 294 172 338 238
boat 0.0475 434 239 500 267
boat 0.0472 141 74 500 226
boat 0.0470 140 30 263 187
boat 0.0470 274 268 422 330
boat 0.0468 115 232 396 328
boat 0.0466 251 116 412 299
boat 0.0462 213 214 301 264
boat 0.0462 393 236 416 252
boat 0.0461 308 132 500 276
boat 0.0453 342 228 387 243
boat 0.0449 22 199 258 328
boat 0.0449 408 236 499 330
boat 0.0448 396 246 497 277
boat 0.0441 223 175 297 256
boat 0.0440 375 228 414 251
boat 0.0420 337 231 382 249
boat 0.0416 253 311 350 330
boat 0.0416 443 242 494 256
boat 0.0411 481 218 499 246
boat 0.0411 300 209 459 259
boat 0.0411 82 101 260 166
boat 0.0408 333 209 407 256
boat 0.0406 279 163 394 246
boat 0.0405 209 93 310 255
boat 0.0405 330 230 390 262
boat 0.0403 407 230 487 254
boat 0.0401 288 300 363 329
boat 0.0396 209 300 352 327
boat 0.0391 11 168 83 329
boat 0.0389 1 236 64 330
boat 0.0389 0 31 106 330
boat 0.0388 452 213 483 252
boat 0.0387 378 236 426 253
boat 0.0386 376 217 489 249
boat 0.0385 231 75 365 285
boat 0.0382 396 238 473 261
boat 0.0382 352 249 451 276
boat 0.0380 364 182 498 227
boat 0.0380 286 229 392 304
boat 0.0378 51 51 220 132
boat 0.0375 361 229 393 249
boat 0.0374 387 232 408 249
boat 0.0370 198 256 322 327
boat 0.0368 48 71 168 233
boat 0.0364 182 109 282 233
boat 0.0362 238 172 362 264
boat 0.0360 23 2 173 198
boat 0.0354 238 315 320 329
boat 0.0350 151 141 252 162
boat 0.0349 335 217 380 256
boat 0.0346 131 0 196 124
boat 0.0340 381 248 500 296
boat 0.0340 450 230 486 250
boat 0.0340 464 233 500 260
boat 0.0340 84 293 237 328
boat 0.0336 453 226 498 271
boat 0.0335 296 236 387 267
boat 0.0330 426 241 465 258
boat 0.0326 154 105 258 182
boat 0.0324 206 207 295 240
boat 0.0323 321 275 374 326
boat 0.0323 391 236 447 253
boat 0.0323 121 129 265 189
boat 0.0323 26 12 129 125
boat 0.0320 414 239 451 251
boat 0.0319 79 4 306 108
boat 0.0314 43 91 122 221
boat 0.0313 348 218 449 247
boat 0.0313 219 205 340 254
boat 0.0309 187 197 303 249
boat 0.0309 440 239 472 254
boat 0.0308 354 228 398 268
boat 0.0305 32 175 111 325
boat 0.0304 411 221 500 278
boat 0.0302 472 196 500 253
boat 0.0301 448 247 499 262
boat 0.0299 50 117 285 224
boat 0.0299 198 289 292 323
boat 0.0298 102 274 323 325
boat 0.0296 352 236 401 251
boat 0.0295 253 271 298 287
boat 0.0295 404 239 433 251
boat 0.0295 216 215 342 288
boat 0.0291 342 199 480 240
boat 0.0289 9 265 154 330
boat 0.0288 361 253 428 271
boat 0.0286 204 288 255 319
boat 0.0284 454 211 474 245
boat 0.0283 384 226 419 263
boat 0.0281 402 238 417 251
boat 0.0280 301 222 373 262
boat 0.0280 135 80 284 148
boat 0.0279 437 215 500 248
boat 0.0277 132 47 221 131
boat 0.0276 361 240 429 258
boat 0.0276 233 172 282 231
boat 0.0274 341 228 367 252
boat 0.0274 312 295 397 329
boat 0.0274 329 234 415 278
boat 0.0273 335 221 395 241
boat 0.0273 379 228 393 250
boat 0.0271 324 194 386 263
boat 0.0270 367 232 407 247
boat 0.0269 241 182 325 243
boat 0.0269 220 195 300 233
boat 0.0269 371 228 403 240
boat 0.0269 375 234 401 252
boat 0.0267 470 219 496 246
boat 0.0266 456 218 490 243
boat 0.0264 414 242 453 256
boat 0.0264 115 147 275 213
boat 0.0263 290 314 344 329
boat 0.0260 424 234 464 248
boat 0.0257 25 82 138 318
boat 0.0257 142 155 414 253
boat 0.0256 149 0 183 63
boat 0.0256 247 203 300 249
boat 0.0255 193 296 258 330
boat 0.0255 231 216 386 268
boat 0.0254 199 257 255 326
boat 0.0253 229 222 286 238
boat 0.0253 237 226 298 243
boat 0.0253 315 179 437 247
boat 0.0252 386 242 423 254
boat 0.0252 257 111 336 238
boat 0.0252 396 235 424 248
boat 0.0249 202 157 285 246
boat 0.0248 295 247 382 280
boat 0.0247 56 33 163 150
boat 0.0247 56 3 226 73
boat 0.0246 246 284 334 326
boat 0.0245 220 308 311 329
boat 0.0243 323 285 434 327
boat 0.0243 178 162 312 278
boat 0.0241 59 300 181 328
boat 0.0240 393 230 413 245
boat 0.0239 342 241 387 255
boat 0.0238 311 239 433 310
boat 0.0238 157 125 240 154
boat 0.0237 422 226 464 261
boat 0.0237 183 89 287 181
boat 0.0236 145 298 244 328
boat 0.0233 333 248 419 271
boat 0.0232 208 289 251 305
boat 0.0231 181 176 314 233
boat 0.0231 302 293 367 318
boat 0.0230 345 223 385 237
boat 0.0230 391 276 500 328
boat 0.0229 31 82 178 150
boat 0.0228 175 116 258 153
boat 0.0227 339 237 371 257
boat 0.0226 318 217 385 279
boat 0.0226 297 199 339 266
boat 0.0225 446 233 474 249
boat 0.0225 300 110 433 254
boat 0.0225 394 232 465 249
boat 0.0223 197 225 302 299
boat 0.0222 111 196 304 320
boat 0.0222 205 278 252 309
boat 0.0222 364 247 436 265
boat 0.0222 336 231 357 255
boat 0.0221 210 291 266 311
boat 0.0219 211 283 245 301
boat 0.0219 236 154 276 214
boat 0.0218 45 145 172 327
boat 0.0218 322 245 387 265
boat 0.0215 310 252 379 268
boat 0.0215 340 192 423 268
boat 0.0215 164 124 268 167
boat 0.0214 409 237 427 249
boat 0.0213 5 274 94 330
boat 0.0213 404 242 438 255
boat 0.0213 472 242 500 264
boat 0.0212 121 42 316 144
boat 0.0211 250 231 300 247
boat 0.0210 120 285 209 327
boat 0.0209 481 202 500 238
boat 0.0208 194 216 284 247
boat 0.0208 238 167 349 221
boat 0.0207 368 244 412 255
boat 0.0206 213 277 242 295
boat 0.0206 290 120 369 242
boat 0.0206 367 225 398 234
boat 0.0205 205 0 467 161
boat 0.0204 315 148 489 221
boat 0.0204 289 187 328 258
boat 0.0204 486 224 500 262
boat 0.0204 192 269 237 323
boat 0.0204 201 243 261 280
boat 0.0203 302 254 370 298
boat 0.0203 245 269 300 297
boat 0.0202 388 225 427 249
boat 0.0202 275 189 345 306
boat 0.0201 354 234 449 327
boat 0.0201 217 264 354 311
boat 0.0200 323 254 405 330
bottle 0.0301 405 257 498 329
bottle 0.0297 198 315 249 330
bottle 0.0286 148 0 182 55
bottle 0.0239 204 314 291 330
bottle 0.0236 196 293 250 330
bottle 0.0221 355 263 443 326
bottle 0.0214 296 189 335 253
bottle 0.0207 260 83 334 221
car 0.0553 297 291 373 325
car 0.0430 399 245 499 330
car 0.0382 322 296 380 330
car 0.0323 422 241 500 266
car 0.0297 460 315 500 329
car 0.0257 289 306 374 330
car 0.0239 0 298 53 330
car 0.0229 0 314 48 330
car 0.0226 416 243 470 262
car 0.0223 476 310 500 330
car 0.0219 414 291 497 329
car 0.0219 453 235 498 285
car 0.0218 1 294 21 330
chair 0.0292 337 0 496 171
chair 0.0263 253 0 496 106
chair 0.0258 115 0 334 137
chair 0.0207 218 2 390 100
chair 0.0203 236 0 425 62
person 0.2583 176 103 210 143
person 0.1211 167 102 227 148
person 0.1151 146 61 173 128
person 0.0834 149 63 169 102
person 0.0773 185 108 220 146
person 0.0664 134 47 194 147
person 0.0653 178 102 205 124
person 0.0643 155 87 209 147
person 0.0577 136 62 166 134
person 0.0483 291 30 497 291
person 0.0461 156 56 227 145
person 0.0452 170 77 245 147
person 0.0440 157 66 199 135
person 0.0438 172 71 216 136
person 0.0437 401 244 500 330
person 0.0426 461 280 499 329
person 0.0423 154 102 245 164
person 0.0407 146 76 184 144
person 0.0399 170 99 201 133
person 0.0383 177 103 226 131
person 0.0375 130 89 223 159
person 0.0374 435 269 493 330
person 0.0373 145 69 164 110
person 0.0371 154 68 174 106
person 0.0360 147 58 164 88
person 0.0358 182 119 212 144
person 0.0355 120 5 187 131
person 0.0326 143 16 213 136
person 0.0319 143 48 170 105
person 0.0314 202 115 224 145
person 0.0309 209 316 262 330
person 0.0309 478 294 500 329
person 0.0308 422 273 460 329
person 0.0306 195 97 247 146
person 0.0304 424 243 459 262
person 0.0301 194 103 218 137
person 0.0300 144 68 167 92
person 0.0288 197 117 217 146
person 0.0281 228 316 280 330
person 0.0271 342 0 495 196
person 0.0268 167 109 189 140
person 0.0268 455 250 500 326
person 0.0267 176 31 279 156
person 0.0258 33 29 129 148
person 0.0257 431 247 453 271
person 0.0251 154 57 173 89
person 0.0249 140 68 152 95
person 0.0248 182 91 211 127
person 0.0245 151 74 169 122
person 0.0241 173 117 198 145
person 0.0238 154 74 178 128
person 0.0237 319 305 344 330
person 0.0236 408 281 442 329
person 0.0235 166 76 182 111
person 0.0228 143 103 215 138
person 0.0223 469 291 495 326
person 0.0222 422 239 448 260
person 0.0221 328 303 351 330
person 0.0219 159 118 217 148
person 0.0218 443 297 500 330
person 0.0218 161 87 188 131
person 0.0218 203 308 251 330
person 0.0218 143 22 180 113
person 0.0217 165 126 207 143
person 0.0217 463 306 500 329
person 0.0213 438 245 471 262
person 0.0212 445 241 466 260
person 0.0212 186 126 226 144
person 0.0209 167 68 182 97
person 0.0208 426 256 458 306
person 0.0207 137 62 158 102
person 0.0206 188 102 220 124
person 0.0205 128 88 176 140
person 0.0204 182 112 254 155
person 0.0200 380 228 394 246
person 0.0200 220 312 253 328
train 0.0408 200 301 384 330
train 0.0330 254 270 297 283
train 0.0240 247 269 302 291
train 0.0212 194 312 346 330
tvmonitor 0.0202 306 301 379 330
tvmonitor 0.0202 369 0 490 85
