aeroplane 0.0611 212 141 371 373
aeroplane 0.0552 40 18 355 449
aeroplane 0.0221 135 98 375 410
bicycle 0.0552 22 348 264 498
bicycle 0.0375 357 356 374 399
bicycle 0.0237 131 339 336 493
bird 0.0766 0 385 23 426
bird 0.0467 0 365 200 466
bird 0.0428 1 353 156 435
bird 0.0338 0 379 74 424
bird 0.0303 355 247 375 336
bird 0.0278 0 383 40 432
bird 0.0262 0 398 32 496
bird 0.0256 38 384 140 438
bird 0.0241 0 396 71 497
bird 0.0222 154 339 360 498
bird 0.0211 39 424 146 496
boat 0.3523 350 0 375 42
boat 0.1449 70 2 131 33
boat 0.1162 0 25 375 445
boat 0.0993 102 5 127 29
boat 0.0945 72 6 108 30
boat 0.0920 101 0 165 26
boat 0.0857 85 6 121 29
boat 0.0772 52 1 164 37
boat 0.0766 343 203 374 246
boat 0.0755 64 1 97 33
boat 0.0742 26 101 264 475
boat 0.0715 125 1 163 20
boat 0.0620 0 352 208 449
boat 0.0613 2 57 246 271
boat 0.0595 0 1 73 85
boat 0.0568 79 15 112 34
boat 0.0546 52 7 170 60
boat 0.0546 108 2 142 22
boat 0.0532 106 13 126 33
boat 0.0522 0 0 361 222
boat 0.0509 133 7 163 24
boat 0.0476 159 5 221 29
boat 0.0441 342 159 374 249
boat 0.0441 91 11 131 35
boat 0.0416 155 0 231 18
boat 0.0415 57 5 128 51
boat 0.0413 331 0 374 51
boat 0.0413 140 0 159 22
boat 0.0400 63 0 80 36
boat 0.0391 98 4 154 38
boat 0.0387 169 0 201 17
boat 0.0384 6 80 182 379
boat 0.0381 85 396 137 440
boat 0.0377 59 0 84 52
boat 0.0375 144 10 162 27
boat 0.0346 345 0 369 20
boat 0.0343 324 197 375 257
boat 0.0340 115 8 150 24
boat 0.0339 6 1 162 76
boat 0.0333 348 203 375 284
boat 0.0330 343 1 365 36
boat 0.0316 89 13 165 50
boat 0.0311 167 0 200 46
boat 0.0306 80 43 375 303
boat 0.0304 87 3 105 33
boat 0.0303 0 21 215 154
boat 0.0302 0 42 69 90
boat 0.0301 146 4 162 23
boat 0.0293 46 0 77 76
boat 0.0288 196 48 373 406
boat 0.0286 54 3 99 61
boat 0.0286 78 0 111 42
boat 0.0279 166 6 205 22
boat 0.0279 75 1 93 30
boat 0.0277 319 141 375 257
boat 0.0277 181 1 214 16
boat 0.0276 93 0 125 42
boat 0.0275 106 1 129 48
boat 0.0271 82 2 100 29
boat 0.0270 188 0 204 17
boat 0.0270 110 5 122 25
boat 0.0256 133 0 164 41
boat 0.0254 93 2 108 28
boat 0.0251 109 19 135 31
boat 0.0251 323 0 375 85
boat 0.0249 161 4 191 31
boat 0.0249 67 7 88 38
boat 0.0242 16 368 143 438
boat 0.0239 159 0 182 46
boat 0.0236 356 160 375 234
boat 0.0235 27 27 185 118
boat 0.0234 109 0 125 19
boat 0.0233 165 2 188 19
boat 0.0231 158 12 166 32
boat 0.0231 136 7 152 26
boat 0.0231 253 145 370 259
boat 0.0229 28 0 114 60
boat 0.0229 0 316 280 500
boat 0.0229 144 1 285 329
boat 0.0228 168 6 186 27
boat 0.0227 60 24 165 75
boat 0.0225 0 21 117 117
boat 0.0221 142 20 160 35
boat 0.0221 117 10 169 36
boat 0.0220 195 0 210 17
boat 0.0219 127 0 147 23
boat 0.0217 146 0 170 43
boat 0.0212 4 0 90 179
boat 0.0210 356 209 375 255
boat 0.0209 153 5 168 21
boat 0.0208 163 10 171 32
boat 0.0208 0 0 254 103
boat 0.0206 178 6 217 20
boat 0.0204 344 0 357 31
boat 0.0204 175 4 190 26
boat 0.0202 340 227 375 261
boat 0.0201 184 9 210 23
boat 0.0201 350 0 375 116
boat 0.0200 337 0 360 19
boat 0.0200 121 0 195 23
boat 0.0200 165 8 180 30
bottle 0.1382 134 346 187 414
bottle 0.0702 140 380 188 412
bottle 0.0656 84 396 136 440
bottle 0.0559 141 255 190 414
bottle 0.0375 157 251 184 332
bottle 0.0364 151 226 188 371
bottle 0.0286 41 380 140 441
bottle 0.0264 180 133 256 190
bottle 0.0250 147 302 190 382
bottle 0.0249 135 374 169 413
bottle 0.0243 228 377 246 440
bottle 0.0232 79 399 140 480
bottle 0.0225 154 272 180 359
bottle 0.0223 156 354 187 409
bottle 0.0210 56 342 185 446
bottle 0.0204 158 277 176 327
bottle 0.0203 101 454 115 500
car 0.0524 349 0 375 47
chair 0.5996 251 236 371 383
chair 0.2197 302 230 373 358
chair 0.1195 335 219 375 348
chair 0.1024 208 169 359 384
chair 0.1011 239 226 321 379
chair 0.1000 342 200 375 288
chair 0.0851 350 225 375 405
chair 0.0753 321 235 372 316
chair 0.0651 272 243 349 351
chair 0.0619 343 174 373 253
chair 0.0610 269 228 375 311
chair 0.0520 349 243 375 329
chair 0.0474 262 269 334 376
chair 0.0436 321 157 375 394
chair 0.0420 329 257 366 381
chair 0.0390 318 248 360 353
chair 0.0370 330 197 372 259
chair 0.0365 203 268 375 466
chair 0.0355 249 261 312 355
chair 0.0343 120 353 266 495
chair 0.0342 298 237 350 300
chair 0.0330 318 211 375 277
chair 0.0323 324 238 374 282
chair 0.0306 355 265 375 368
chair 0.0298 264 132 375 368
chair 0.0298 348 241 375 285
chair 0.0297 287 279 375 373
chair 0.0294 326 238 347 267
chair 0.0293 327 233 359 298
chair 0.0290 343 260 373 357
chair 0.0281 253 243 340 308
chair 0.0278 305 245 343 336
chair 0.0278 9 108 141 447
chair 0.0276 247 261 280 352
chair 0.0275 319 239 347 317
chair 0.0264 353 355 373 399
chair 0.0257 257 174 334 345
chair 0.0253 356 249 375 307
chair 0.0245 345 209 370 247
chair 0.0230 309 141 375 302
chair 0.0228 242 249 291 384
chair 0.0226 5 214 198 466
chair 0.0223 327 237 355 257
chair 0.0223 230 223 359 334
chair 0.0219 279 195 375 288
chair 0.0216 273 240 325 298
chair 0.0216 161 302 261 481
chair 0.0214 353 211 375 275
chair 0.0209 235 275 311 417
chair 0.0202 331 230 375 261
diningtable 0.1769 0 333 304 493
diningtable 0.1120 204 198 372 392
diningtable 0.1028 0 144 325 478
diningtable 0.0888 150 227 341 458
diningtable 0.0825 77 258 268 491
diningtable 0.0663 123 310 354 491
diningtable 0.0640 0 364 226 471
diningtable 0.0325 0 266 222 456
diningtable 0.0282 57 379 259 500
diningtable 0.0272 319 205 375 283
diningtable 0.0264 114 128 315 372
diningtable 0.0258 10 400 204 489
dog 0.0474 360 295 374 371
person 0.8816 148 124 263 496
person 0.1941 165 156 317 440
person 0.1821 357 293 375 403
person 0.1525 254 177 366 400
person 0.1320 135 342 188 416
person 0.1026 82 300 250 497
person 0.1007 45 91 277 482
person 0.0714 347 255 375 399
person 0.0647 358 346 375 399
person 0.0615 158 282 240 495
person 0.0452 180 130 278 384
person 0.0417 136 56 350 463
person 0.0401 141 330 220 498
person 0.0392 22 355 217 482
person 0.0391 132 76 291 354
person 0.0382 359 258 375 374
person 0.0381 139 127 247 318
person 0.0368 128 314 188 471
person 0.0347 165 132 260 229
person 0.0342 342 324 375 402
person 0.0333 121 169 199 423
person 0.0314 130 237 183 421
person 0.0297 150 297 312 498
person 0.0278 206 128 275 302
person 0.0271 116 359 247 483
person 0.0270 105 109 240 415
person 0.0254 140 288 199 426
person 0.0247 94 360 186 432
person 0.0247 0 15 14 56
person 0.0246 153 156 205 349
person 0.0246 331 274 366 392
person 0.0243 223 136 318 353
person 0.0242 349 0 362 30
person 0.0239 0 15 6 60
person 0.0237 76 344 217 440
person 0.0231 235 152 266 258
person 0.0229 171 135 247 190
person 0.0223 219 133 263 250
person 0.0218 162 137 228 290
person 0.0216 7 181 153 484
person 0.0214 139 375 191 413
person 0.0200 166 124 340 308
pottedplant 0.0290 335 408 375 500
pottedplant 0.0265 248 226 375 491
tvmonitor 0.0368 347 204 375 245
