aeroplane 0.9149 128 121 397 192
aeroplane 0.1529 46 98 405 211
aeroplane 0.1070 251 125 393 190
aeroplane 0.0672 287 125 460 188
aeroplane 0.0514 127 145 322 194
aeroplane 0.0500 26 121 191 192
aeroplane 0.0439 354 120 491 200
aeroplane 0.0373 315 125 395 176
aeroplane 0.0359 74 124 247 189
aeroplane 0.0358 132 140 241 189
aeroplane 0.0315 205 124 489 223
aeroplane 0.0309 109 62 361 192
aeroplane 0.0285 128 155 220 184
aeroplane 0.0277 339 126 389 159
aeroplane 0.0254 361 126 386 155
aeroplane 0.0246 63 35 499 203
aeroplane 0.0226 41 132 301 206
aeroplane 0.0225 122 294 170 305
aeroplane 0.0216 214 150 381 188
aeroplane 0.0205 275 156 392 187
boat 0.0625 384 246 414 258
boat 0.0352 307 248 364 259
boat 0.0303 372 269 393 314
boat 0.0284 305 247 392 261
boat 0.0264 54 35 381 205
boat 0.0259 366 126 388 155
boat 0.0243 373 268 385 303
boat 0.0212 368 242 418 257
boat 0.0206 305 237 409 259
bus 0.0391 384 243 415 258
car 0.0728 384 246 414 258
car 0.0385 0 0 494 188
cat 0.0342 0 0 463 335
person 0.0440 0 0 335 335
person 0.0369 0 0 196 277
person 0.0204 0 11 491 206
pottedplant 0.0709 386 245 413 257
pottedplant 0.0245 380 239 415 258
sofa 0.0314 47 0 397 228
tvmonitor 0.0317 386 244 415 258
