bottle 0.0230 46 200 128 342
bus 0.0550 449 152 500 184
bus 0.0481 0 0 451 375
bus 0.0299 458 163 473 180
bus 0.0278 467 162 480 178
bus 0.0263 452 155 479 184
bus 0.0244 464 158 487 175
bus 0.0239 458 159 478 175
car 0.4430 325 163 357 183
car 0.2859 7 202 68 240
car 0.2291 332 168 378 186
car 0.2288 426 166 452 181
car 0.2280 383 166 405 183
car 0.2050 352 172 382 185
car 0.2005 305 162 345 184
car 0.1977 365 171 394 187
car 0.1970 391 165 427 182
car 0.1651 409 166 440 180
car 0.1639 430 171 459 184
car 0.1493 270 165 301 177
car 0.1465 375 170 401 186
car 0.1408 436 167 458 181
car 0.1288 459 167 476 182
car 0.1252 356 169 389 189
car 0.1231 453 167 468 181
car 0.1157 377 166 413 188
car 0.1126 296 161 329 183
car 0.1124 0 199 49 250
car 0.1118 446 172 472 184
car 0.1115 417 167 454 188
car 0.1109 465 167 483 182
car 0.1057 360 165 404 184
car 0.1043 30 202 67 229
car 0.1035 384 172 395 183
car 0.1014 276 161 305 174
car 0.0987 435 163 481 183
car 0.0978 474 164 494 182
car 0.0966 428 163 455 175
car 0.0952 458 172 481 184
car 0.0941 0 210 21 253
car 0.0900 338 171 385 190
car 0.0899 426 171 454 195
car 0.0898 455 159 489 184
car 0.0892 271 162 314 180
car 0.0879 385 168 399 179
car 0.0863 0 181 71 249
car 0.0835 334 174 367 189
car 0.0807 481 160 497 182
car 0.0797 428 168 444 179
car 0.0777 284 161 319 175
car 0.0771 343 167 391 201
car 0.0765 323 163 374 194
car 0.0764 398 167 434 189
car 0.0760 424 165 475 190
car 0.0755 359 172 398 197
car 0.0745 262 160 306 177
car 0.0731 411 161 468 185
car 0.0703 414 164 443 174
car 0.0695 21 203 52 237
car 0.0680 381 163 437 186
car 0.0675 465 155 498 183
car 0.0672 391 166 414 178
car 0.0637 468 171 496 184
car 0.0634 394 164 428 175
car 0.0628 445 168 456 180
car 0.0609 366 164 407 196
car 0.0601 398 164 455 191
car 0.0594 418 167 438 176
car 0.0590 424 159 473 178
car 0.0573 384 163 409 175
car 0.0571 448 169 487 186
car 0.0563 408 166 431 177
car 0.0562 393 168 408 180
car 0.0553 396 161 454 177
car 0.0515 343 166 363 187
car 0.0508 312 162 332 182
car 0.0501 283 163 301 181
car 0.0459 0 186 26 251
car 0.0454 378 169 392 179
car 0.0454 276 164 297 185
car 0.0453 331 164 350 179
car 0.0447 323 169 349 191
car 0.0446 457 161 482 177
car 0.0430 376 163 398 173
car 0.0423 330 159 352 174
car 0.0422 390 167 401 178
car 0.0420 14 210 42 241
car 0.0413 279 165 295 176
car 0.0411 369 158 420 185
car 0.0407 487 158 500 184
car 0.0405 399 167 424 177
car 0.0385 0 222 12 260
car 0.0383 439 176 471 190
car 0.0382 2 210 34 241
car 0.0382 15 198 109 242
car 0.0378 419 169 432 180
car 0.0374 317 158 384 183
car 0.0372 337 162 366 175
car 0.0364 368 168 384 179
car 0.0363 266 169 299 183
car 0.0361 0 236 23 259
car 0.0360 415 168 464 200
car 0.0357 448 160 470 187
car 0.0353 435 167 449 177
car 0.0338 390 161 405 171
car 0.0336 0 0 421 375
car 0.0333 435 161 452 173
car 0.0332 367 162 390 173
car 0.0328 304 159 328 173
car 0.0322 279 168 308 184
car 0.0319 327 163 341 177
car 0.0316 18 201 61 219
car 0.0309 297 160 346 198
car 0.0308 263 166 288 179
car 0.0307 1 159 48 242
car 0.0306 279 161 332 190
car 0.0306 431 167 441 176
car 0.0297 473 157 495 175
car 0.0293 456 173 477 191
car 0.0289 273 157 302 170
car 0.0288 301 156 332 168
car 0.0287 316 158 353 191
car 0.0283 386 162 399 171
car 0.0283 327 155 356 168
car 0.0282 0 222 32 257
car 0.0278 401 156 429 164
car 0.0277 454 165 464 179
car 0.0275 417 156 456 177
car 0.0268 242 176 271 195
car 0.0265 310 156 340 166
car 0.0260 393 155 419 164
car 0.0259 356 162 381 173
car 0.0258 9 203 58 226
car 0.0257 376 159 399 184
car 0.0254 461 155 493 170
car 0.0253 306 152 363 184
car 0.0252 15 200 39 233
car 0.0251 312 173 344 191
car 0.0248 386 155 410 164
car 0.0248 340 164 354 178
car 0.0248 413 162 430 170
car 0.0244 426 157 453 167
car 0.0243 347 158 402 180
car 0.0239 396 161 413 170
car 0.0237 397 167 406 176
car 0.0237 271 161 293 172
car 0.0236 42 202 68 220
car 0.0233 286 165 299 175
car 0.0229 417 157 445 166
car 0.0227 257 171 290 184
car 0.0227 349 166 360 181
car 0.0226 256 169 274 181
car 0.0225 444 162 458 173
car 0.0220 315 160 335 171
car 0.0220 422 162 438 171
car 0.0219 376 152 444 171
car 0.0219 449 153 482 191
car 0.0217 293 162 309 179
car 0.0217 376 155 411 179
car 0.0214 263 163 286 173
car 0.0214 247 172 275 187
car 0.0210 463 174 484 190
car 0.0210 360 167 375 178
car 0.0206 410 172 444 195
car 0.0204 422 168 431 176
car 0.0204 288 157 319 167
car 0.0203 294 153 352 172
car 0.0203 9 158 105 246
car 0.0201 402 152 465 173
car 0.0201 483 149 497 176
car 0.0201 23 217 62 239
car 0.0200 480 169 500 183
car 0.0200 455 160 469 174
horse 0.8743 41 176 266 357
horse 0.6463 334 191 401 294
horse 0.1733 277 175 375 319
horse 0.1622 192 181 275 321
horse 0.1161 208 173 340 335
horse 0.1117 356 191 433 297
horse 0.1081 125 172 299 339
horse 0.0866 309 169 412 317
horse 0.0803 140 178 271 284
horse 0.0687 339 206 372 290
horse 0.0570 346 192 394 249
horse 0.0520 49 208 178 361
horse 0.0516 182 177 268 241
horse 0.0392 157 203 260 355
horse 0.0358 358 231 412 300
horse 0.0346 78 272 256 351
horse 0.0323 23 248 222 352
horse 0.0300 49 187 243 274
horse 0.0270 195 264 285 351
horse 0.0233 378 212 423 287
horse 0.0231 349 198 407 232
horse 0.0203 114 198 229 353
horse 0.0202 238 182 441 318
person 0.7124 111 130 167 267
person 0.6582 279 162 336 337
person 0.5198 395 167 436 299
person 0.4277 214 206 265 350
person 0.4105 410 175 451 305
person 0.3698 328 184 396 305
person 0.3481 362 172 395 228
person 0.3395 377 196 421 301
person 0.2732 353 183 416 305
person 0.2590 346 176 393 247
person 0.2484 366 172 392 207
person 0.2474 376 167 397 199
person 0.2360 424 190 458 301
person 0.2236 86 143 193 329
person 0.2094 361 172 384 195
person 0.1894 366 171 391 189
person 0.1890 398 164 436 239
person 0.1792 409 166 441 266
person 0.1728 381 167 397 186
person 0.1511 383 165 404 188
person 0.1507 367 181 403 244
person 0.1458 384 167 427 265
person 0.1458 289 164 341 256
person 0.1390 0 0 234 361
person 0.1213 230 172 322 341
person 0.1177 390 167 413 194
person 0.1170 347 185 379 236
person 0.1166 115 174 153 269
person 0.1111 346 170 390 212
person 0.1078 364 173 381 186
person 0.1063 156 179 186 240
person 0.1041 427 172 458 259
person 0.1036 375 173 388 186
person 0.0951 298 161 333 189
person 0.0951 403 209 431 297
person 0.0909 391 165 434 208
person 0.0906 467 169 479 184
person 0.0888 0 0 487 327
person 0.0876 393 166 427 188
person 0.0876 295 160 334 225
person 0.0862 285 216 326 340
person 0.0851 428 174 454 205
person 0.0826 382 170 403 203
person 0.0823 365 213 406 303
person 0.0822 378 236 410 308
person 0.0815 475 164 491 182
person 0.0814 385 203 406 242
person 0.0790 193 176 270 329
person 0.0788 382 199 409 273
person 0.0783 369 168 409 209
person 0.0763 332 170 376 225
person 0.0751 420 229 448 303
person 0.0724 285 172 360 297
person 0.0712 405 165 431 193
person 0.0709 131 165 182 260
person 0.0705 368 191 390 231
person 0.0688 241 175 266 207
person 0.0688 213 175 268 242
person 0.0685 354 173 378 203
person 0.0668 394 230 425 305
person 0.0662 423 167 448 197
person 0.0654 414 167 436 201
person 0.0645 394 178 412 209
person 0.0633 368 173 402 195
person 0.0630 352 180 376 216
person 0.0613 378 169 425 224
person 0.0609 103 152 239 277
person 0.0601 163 178 187 211
person 0.0587 430 179 455 231
person 0.0586 355 169 378 187
person 0.0573 117 132 162 196
person 0.0571 373 183 398 225
person 0.0569 376 196 400 233
person 0.0568 425 178 446 210
person 0.0561 248 162 336 277
person 0.0556 360 183 386 225
person 0.0538 339 174 420 261
person 0.0524 421 170 450 219
person 0.0523 60 179 167 326
person 0.0522 349 203 389 295
person 0.0510 311 164 354 224
person 0.0497 313 166 334 196
person 0.0480 105 193 137 251
person 0.0480 224 233 263 327
person 0.0478 237 174 267 234
person 0.0474 356 194 398 261
person 0.0466 343 196 371 250
person 0.0461 411 169 428 180
person 0.0460 332 183 380 267
person 0.0457 320 167 399 237
person 0.0456 378 175 387 184
person 0.0445 154 169 258 268
person 0.0441 292 163 311 189
person 0.0429 432 181 472 297
person 0.0417 386 218 414 295
person 0.0416 308 174 337 230
person 0.0416 123 195 148 257
person 0.0415 297 166 377 251
person 0.0415 356 183 392 204
person 0.0412 357 172 373 185
person 0.0412 86 174 157 283
person 0.0410 345 183 368 216
person 0.0404 390 174 414 223
person 0.0399 340 209 372 294
person 0.0397 314 199 337 237
person 0.0396 39 199 123 341
person 0.0393 383 186 415 244
person 0.0393 295 196 337 298
person 0.0391 378 172 410 192
person 0.0386 284 165 300 187
person 0.0386 374 158 458 299
person 0.0381 245 175 264 194
person 0.0375 166 178 233 233
person 0.0373 328 162 368 210
person 0.0371 414 236 436 299
person 0.0367 384 162 423 197
person 0.0363 263 164 331 231
person 0.0360 340 183 395 220
person 0.0357 178 275 203 331
person 0.0357 345 176 366 204
person 0.0349 457 171 473 192
person 0.0347 404 163 446 215
person 0.0338 64 145 165 246
person 0.0334 433 171 458 197
person 0.0334 424 192 448 253
person 0.0328 449 171 465 193
person 0.0324 361 160 396 198
person 0.0322 118 132 158 165
person 0.0316 44 277 72 350
person 0.0311 381 183 405 219
person 0.0309 345 170 364 193
person 0.0307 350 178 387 198
person 0.0307 138 177 167 252
person 0.0304 303 190 338 256
person 0.0304 291 161 320 199
person 0.0303 398 170 424 206
person 0.0302 279 169 296 193
person 0.0295 359 202 383 239
person 0.0291 288 166 325 185
person 0.0290 275 164 341 200
person 0.0289 337 174 364 218
person 0.0288 367 204 389 242
person 0.0286 407 161 474 287
person 0.0286 448 176 465 202
person 0.0285 149 185 173 241
person 0.0285 405 244 430 303
person 0.0284 127 186 161 278
person 0.0284 323 176 340 201
person 0.0283 365 163 439 241
person 0.0282 248 173 288 239
person 0.0278 466 172 480 192
person 0.0278 42 201 127 255
person 0.0278 185 181 247 244
person 0.0274 489 161 500 187
person 0.0270 422 181 500 303
person 0.0268 286 171 300 203
person 0.0266 323 205 340 241
person 0.0265 426 189 445 223
person 0.0263 426 161 463 205
person 0.0262 304 165 329 204
person 0.0262 224 178 276 276
person 0.0259 220 265 257 348
person 0.0259 434 196 458 272
person 0.0257 306 163 424 304
person 0.0256 403 169 420 179
person 0.0256 160 273 199 349
person 0.0256 321 194 339 225
person 0.0255 318 168 345 204
person 0.0255 402 247 420 296
person 0.0254 171 239 264 350
person 0.0253 168 254 216 349
person 0.0252 381 199 409 225
person 0.0251 375 207 403 281
person 0.0251 397 186 427 248
person 0.0251 339 173 358 200
person 0.0251 251 228 268 252
person 0.0249 6 198 30 237
person 0.0248 150 166 186 220
person 0.0247 9 149 30 187
person 0.0245 414 168 425 176
person 0.0244 160 175 202 225
person 0.0244 457 177 472 200
person 0.0242 120 133 141 163
person 0.0240 344 189 384 213
person 0.0240 359 187 399 213
person 0.0239 365 208 391 280
person 0.0237 424 249 444 299
person 0.0236 184 177 269 222
person 0.0236 167 190 215 257
person 0.0236 127 216 147 261
person 0.0236 437 175 475 244
person 0.0234 308 190 371 291
person 0.0231 37 164 118 273
person 0.0230 340 254 357 290
person 0.0229 389 208 410 254
person 0.0227 286 259 318 335
person 0.0227 375 179 407 200
person 0.0226 379 206 399 248
person 0.0226 251 173 269 192
person 0.0225 394 177 430 200
person 0.0224 438 198 456 244
person 0.0223 45 259 94 353
person 0.0223 150 278 182 349
person 0.0219 354 237 386 296
person 0.0217 464 180 496 264
person 0.0217 241 166 310 225
person 0.0217 243 192 265 242
person 0.0216 251 176 262 188
person 0.0214 326 166 356 201
person 0.0213 145 292 173 354
person 0.0212 336 190 372 224
person 0.0211 110 205 130 249
person 0.0210 133 135 166 183
person 0.0209 144 223 215 351
person 0.0209 381 267 407 308
person 0.0208 119 207 139 251
person 0.0208 359 197 400 220
person 0.0206 81 197 125 258
person 0.0206 318 179 341 224
person 0.0204 290 168 309 203
person 0.0203 283 191 332 270
person 0.0203 398 203 425 277
person 0.0203 280 176 295 200
person 0.0203 158 181 247 335
person 0.0200 311 179 355 257
train 0.0244 45 144 419 352
train 0.0225 10 172 248 288
