boat 0.0321 77 382 424 480
boat 0.0233 172 456 265 480
bottle 0.0685 364 446 424 480
bottle 0.0526 49 166 121 340
bottle 0.0473 39 89 135 350
bottle 0.0455 338 428 424 480
bottle 0.0430 0 442 31 480
bottle 0.0379 284 289 424 473
bottle 0.0372 0 319 38 480
bottle 0.0320 352 332 424 478
bottle 0.0309 0 457 43 479
bottle 0.0297 0 396 30 479
bottle 0.0296 386 378 423 476
bottle 0.0278 294 191 356 327
bottle 0.0278 308 391 424 478
bottle 0.0262 22 221 147 339
bottle 0.0261 384 455 424 480
bottle 0.0256 378 420 424 478
bottle 0.0253 68 223 122 341
bottle 0.0250 94 246 123 336
bottle 0.0250 311 461 361 479
bottle 0.0236 0 430 63 480
bottle 0.0230 0 334 119 477
bottle 0.0227 348 243 424 450
bottle 0.0218 390 333 424 455
bottle 0.0215 360 404 422 470
bottle 0.0210 406 427 423 477
bottle 0.0210 0 454 21 479
bottle 0.0206 1 424 18 480
chair 0.0535 0 297 41 480
chair 0.0360 255 392 422 475
chair 0.0272 0 344 77 480
chair 0.0272 86 302 424 474
chair 0.0257 322 49 420 335
chair 0.0239 134 395 360 474
chair 0.0201 0 386 148 478
person 0.8927 2 20 417 478
person 0.1181 271 38 401 337
person 0.1053 221 30 415 462
person 0.0991 0 143 92 479
person 0.0896 296 187 370 323
person 0.0855 284 144 416 432
person 0.0786 18 248 424 467
person 0.0778 7 74 119 384
person 0.0759 1 28 174 470
person 0.0734 362 446 424 479
person 0.0682 0 284 42 480
person 0.0583 244 243 423 479
person 0.0574 314 430 424 478
person 0.0532 4 275 72 480
person 0.0514 357 459 412 478
person 0.0467 307 135 402 322
person 0.0444 140 327 424 475
person 0.0435 26 155 109 347
person 0.0427 302 191 345 288
person 0.0425 0 259 163 480
person 0.0403 0 214 60 403
person 0.0364 258 190 396 349
person 0.0349 279 396 424 477
person 0.0343 168 26 332 112
person 0.0329 338 159 419 330
person 0.0328 369 416 424 478
person 0.0318 338 322 424 480
person 0.0309 40 14 414 230
person 0.0284 327 209 424 467
person 0.0280 371 451 407 478
person 0.0276 27 116 179 349
person 0.0275 0 323 299 474
person 0.0266 326 455 420 480
person 0.0263 13 207 107 404
person 0.0261 306 444 382 479
person 0.0261 309 193 338 253
person 0.0228 224 25 379 116
person 0.0222 88 25 270 113
person 0.0218 1 295 29 396
person 0.0215 324 463 376 478
person 0.0208 315 1 424 325
