aeroplane 0.0480 0 0 383 375
bicycle 0.0204 185 80 216 135
boat 0.0785 0 0 420 375
boat 0.0416 114 48 219 136
boat 0.0357 0 184 500 375
boat 0.0305 116 68 205 107
boat 0.0298 174 37 500 375
boat 0.0280 112 38 212 94
boat 0.0242 50 83 65 105
bottle 0.2382 299 152 313 199
bottle 0.1164 294 128 317 200
bottle 0.0622 455 101 474 127
bottle 0.0601 456 105 473 149
bottle 0.0481 298 169 311 202
bottle 0.0454 462 114 479 152
bottle 0.0389 229 183 259 212
bottle 0.0381 456 104 489 158
bottle 0.0368 306 174 317 198
bottle 0.0365 473 162 488 198
bottle 0.0362 452 115 465 151
bottle 0.0349 462 104 479 139
bottle 0.0346 277 130 308 202
bottle 0.0340 292 167 299 195
bottle 0.0314 458 104 471 119
bottle 0.0287 443 124 454 155
bottle 0.0262 467 153 492 227
bottle 0.0248 463 105 476 120
bottle 0.0239 220 183 244 208
bottle 0.0236 290 149 305 197
bottle 0.0225 309 183 319 201
bottle 0.0217 467 163 483 195
bottle 0.0207 211 200 235 239
chair 0.7510 108 192 203 351
chair 0.7126 287 191 368 337
chair 0.6130 220 190 304 361
chair 0.4916 127 190 270 368
chair 0.4009 256 197 314 334
chair 0.3975 324 184 372 302
chair 0.3965 277 194 335 316
chair 0.3078 147 191 212 330
chair 0.2574 103 195 167 312
chair 0.2558 271 196 310 283
chair 0.2264 168 198 249 338
chair 0.2151 328 184 371 248
chair 0.2101 61 210 220 372
chair 0.2087 161 187 219 284
chair 0.1951 226 196 283 316
chair 0.1785 304 184 368 264
chair 0.1665 2 258 162 374
chair 0.1545 243 195 308 271
chair 0.1534 220 193 262 275
chair 0.1502 283 192 322 261
chair 0.1370 82 192 158 345
chair 0.1312 295 192 340 282
chair 0.1269 244 201 345 351
chair 0.1214 152 184 210 237
chair 0.1171 138 190 196 290
chair 0.1152 155 180 215 208
chair 0.1134 384 195 422 293
chair 0.1051 194 188 262 305
chair 0.1035 205 226 284 374
chair 0.0987 330 182 368 213
chair 0.0840 101 195 144 274
chair 0.0790 316 185 352 237
chair 0.0774 150 176 237 253
chair 0.0763 182 194 233 267
chair 0.0754 329 185 352 219
chair 0.0753 342 185 377 273
chair 0.0734 259 170 378 375
chair 0.0722 268 196 314 242
chair 0.0702 322 188 342 220
chair 0.0674 103 195 159 232
chair 0.0660 231 191 276 261
chair 0.0636 311 192 339 232
chair 0.0631 105 191 181 261
chair 0.0630 346 194 412 328
chair 0.0623 393 192 428 265
chair 0.0619 86 120 211 331
chair 0.0616 367 192 407 295
chair 0.0609 156 189 196 256
chair 0.0602 276 161 333 272
chair 0.0576 416 192 434 224
chair 0.0573 153 231 229 371
chair 0.0571 324 188 361 227
chair 0.0565 168 206 338 375
chair 0.0543 417 217 436 251
chair 0.0534 172 215 213 317
chair 0.0531 216 186 269 238
chair 0.0528 326 184 340 204
chair 0.0521 328 183 353 203
chair 0.0519 16 187 141 354
chair 0.0515 316 193 337 220
chair 0.0509 300 196 334 255
chair 0.0508 411 194 440 250
chair 0.0502 223 173 290 269
chair 0.0502 344 183 374 229
chair 0.0497 212 204 251 291
chair 0.0495 459 178 496 250
chair 0.0495 418 177 434 217
chair 0.0489 222 167 263 223
chair 0.0489 227 183 261 212
chair 0.0488 295 199 319 237
chair 0.0480 260 196 295 251
chair 0.0477 201 221 254 345
chair 0.0470 289 185 347 236
chair 0.0467 155 187 197 223
chair 0.0466 229 140 258 180
chair 0.0463 146 191 179 246
chair 0.0455 263 143 319 262
chair 0.0453 317 182 350 211
chair 0.0444 313 196 351 261
chair 0.0437 153 183 189 208
chair 0.0436 89 256 253 365
chair 0.0430 68 278 146 375
chair 0.0429 405 206 447 271
chair 0.0424 254 199 287 269
chair 0.0423 0 309 143 374
chair 0.0422 169 182 254 209
chair 0.0417 232 190 261 244
chair 0.0416 124 194 177 235
chair 0.0415 282 212 409 361
chair 0.0412 320 191 335 210
chair 0.0412 223 146 260 206
chair 0.0408 304 197 330 234
chair 0.0406 171 185 238 234
chair 0.0404 218 183 252 206
chair 0.0403 177 188 216 247
chair 0.0401 104 196 139 221
chair 0.0397 192 186 218 205
chair 0.0396 140 188 188 229
chair 0.0391 461 209 498 238
chair 0.0390 180 183 222 208
chair 0.0388 418 166 433 203
chair 0.0383 310 204 360 316
chair 0.0383 84 205 128 312
chair 0.0383 149 196 173 226
chair 0.0382 118 229 177 355
chair 0.0379 184 213 232 302
chair 0.0379 353 183 373 214
chair 0.0374 422 202 465 254
chair 0.0370 272 229 310 330
chair 0.0370 343 208 384 317
chair 0.0367 411 197 430 232
chair 0.0367 377 181 461 299
chair 0.0366 85 185 212 272
chair 0.0363 256 197 283 241
chair 0.0361 251 199 273 235
chair 0.0360 263 199 289 233
chair 0.0360 445 215 467 252
chair 0.0356 288 141 355 260
chair 0.0356 322 189 333 203
chair 0.0355 460 203 496 269
chair 0.0351 333 198 363 266
chair 0.0347 332 233 372 321
chair 0.0346 289 150 321 233
chair 0.0343 122 195 163 222
chair 0.0340 312 202 335 243
chair 0.0336 410 207 431 254
chair 0.0334 219 221 265 316
chair 0.0333 195 184 235 209
chair 0.0329 205 189 229 205
chair 0.0329 136 195 171 259
chair 0.0329 202 180 260 254
chair 0.0328 434 216 462 252
chair 0.0328 168 196 211 231
chair 0.0327 412 174 439 228
chair 0.0327 302 177 314 209
chair 0.0324 242 198 265 236
chair 0.0323 279 230 325 350
chair 0.0322 320 205 342 240
chair 0.0322 213 188 238 206
chair 0.0317 240 268 402 357
chair 0.0316 202 176 257 213
chair 0.0314 235 191 311 231
chair 0.0312 441 187 486 249
chair 0.0310 277 199 312 227
chair 0.0310 137 175 205 221
chair 0.0309 424 194 439 223
chair 0.0309 140 197 166 221
chair 0.0307 217 191 248 211
chair 0.0307 2 227 105 362
chair 0.0306 422 213 443 250
chair 0.0305 84 308 141 373
chair 0.0305 108 178 228 232
chair 0.0304 284 193 329 231
chair 0.0301 182 241 242 369
chair 0.0301 475 166 500 243
chair 0.0301 134 238 196 367
chair 0.0298 296 223 344 323
chair 0.0297 34 197 187 316
chair 0.0296 414 175 425 206
chair 0.0296 0 277 75 375
chair 0.0295 99 215 138 312
chair 0.0294 449 132 499 256
chair 0.0294 192 193 221 212
chair 0.0293 157 199 189 227
chair 0.0293 382 172 413 262
chair 0.0292 432 212 451 249
chair 0.0290 249 200 275 257
chair 0.0290 97 244 161 375
chair 0.0289 187 199 213 234
chair 0.0288 92 208 243 318
chair 0.0285 112 229 153 321
chair 0.0285 210 194 237 212
chair 0.0285 267 199 300 226
chair 0.0285 435 195 448 221
chair 0.0282 291 168 380 243
chair 0.0281 335 204 359 245
chair 0.0279 413 189 428 220
chair 0.0276 102 196 125 229
chair 0.0275 226 213 281 275
chair 0.0275 299 192 317 220
chair 0.0274 349 248 381 317
chair 0.0274 248 158 303 243
chair 0.0273 206 195 240 263
chair 0.0273 425 173 439 207
chair 0.0273 404 168 454 256
chair 0.0271 307 146 388 309
chair 0.0271 297 164 316 216
chair 0.0269 415 220 429 255
chair 0.0269 152 189 175 208
chair 0.0268 301 178 333 231
chair 0.0267 262 254 316 365
chair 0.0264 290 206 311 252
chair 0.0264 272 157 313 236
chair 0.0262 355 192 373 232
chair 0.0261 475 207 499 257
chair 0.0261 230 194 261 219
chair 0.0260 435 179 449 213
chair 0.0260 220 198 258 230
chair 0.0258 216 194 246 240
chair 0.0258 211 198 235 232
chair 0.0258 400 200 418 246
chair 0.0258 420 168 442 214
chair 0.0256 450 202 465 243
chair 0.0256 186 186 213 215
chair 0.0256 359 186 382 273
chair 0.0255 361 185 377 220
chair 0.0255 172 192 232 213
chair 0.0254 323 230 434 342
chair 0.0254 203 188 243 214
chair 0.0252 367 186 389 279
chair 0.0251 343 200 366 243
chair 0.0250 368 176 400 249
chair 0.0250 413 197 447 229
chair 0.0247 348 187 406 262
chair 0.0247 133 198 158 228
chair 0.0245 479 203 499 238
chair 0.0245 313 178 335 209
chair 0.0244 411 167 429 213
chair 0.0244 228 159 281 238
chair 0.0244 92 195 124 270
chair 0.0243 328 198 353 236
chair 0.0243 310 186 372 217
chair 0.0243 389 160 443 274
chair 0.0242 243 249 299 375
chair 0.0242 425 209 491 248
chair 0.0241 297 193 337 220
chair 0.0241 203 184 232 199
chair 0.0241 407 177 415 204
chair 0.0240 305 197 330 216
chair 0.0239 298 250 337 349
chair 0.0239 203 199 228 233
chair 0.0238 430 193 453 240
chair 0.0238 312 195 343 213
chair 0.0236 420 165 474 252
chair 0.0236 41 292 211 375
chair 0.0235 487 204 500 279
chair 0.0235 176 204 207 266
chair 0.0234 389 220 436 289
chair 0.0234 166 184 199 214
chair 0.0234 276 136 309 213
chair 0.0230 227 201 251 241
chair 0.0228 301 184 464 375
chair 0.0228 450 204 479 246
chair 0.0227 179 203 204 239
chair 0.0226 206 159 257 201
chair 0.0225 394 208 418 282
chair 0.0223 115 196 156 213
chair 0.0222 219 195 241 222
chair 0.0222 332 184 346 200
chair 0.0222 453 202 472 238
chair 0.0221 132 197 158 214
chair 0.0221 394 202 413 249
chair 0.0221 321 175 340 204
chair 0.0221 114 200 157 278
chair 0.0220 469 200 494 235
chair 0.0220 378 216 468 352
chair 0.0219 0 340 74 375
chair 0.0219 236 270 275 375
chair 0.0219 486 175 500 246
chair 0.0218 179 190 206 223
chair 0.0218 203 238 251 299
chair 0.0218 262 194 320 222
chair 0.0217 0 273 84 311
chair 0.0214 54 209 123 319
chair 0.0213 192 198 223 221
chair 0.0211 164 203 200 242
chair 0.0210 294 132 337 225
chair 0.0210 286 276 322 357
chair 0.0210 307 150 361 233
chair 0.0209 234 150 255 189
chair 0.0209 245 224 304 290
chair 0.0209 192 281 268 373
chair 0.0209 173 179 206 204
chair 0.0208 161 180 206 196
chair 0.0206 192 198 222 249
chair 0.0205 342 183 376 202
chair 0.0204 327 182 341 195
chair 0.0203 319 190 344 203
chair 0.0202 414 137 489 279
chair 0.0202 364 197 377 244
chair 0.0202 415 185 446 220
chair 0.0201 145 194 178 212
chair 0.0200 337 150 432 308
chair 0.0200 462 202 484 233
chair 0.0200 82 252 123 312
cow 0.0234 121 70 191 106
diningtable 0.6343 126 195 309 363
diningtable 0.4633 209 193 353 355
diningtable 0.2505 32 226 251 371
diningtable 0.1923 130 184 331 289
diningtable 0.1915 70 190 415 375
diningtable 0.1779 204 198 285 312
diningtable 0.1712 179 191 269 282
diningtable 0.1688 156 188 233 281
diningtable 0.1414 265 193 379 346
diningtable 0.1314 195 185 336 262
diningtable 0.1274 267 194 341 289
diningtable 0.1261 0 242 173 375
diningtable 0.1228 88 181 262 329
diningtable 0.0750 167 179 413 308
diningtable 0.0712 110 194 221 265
diningtable 0.0697 158 179 282 239
diningtable 0.0588 58 109 311 350
diningtable 0.0567 224 197 372 293
diningtable 0.0514 211 190 272 261
diningtable 0.0488 312 186 423 312
diningtable 0.0454 172 213 310 292
diningtable 0.0453 166 197 257 253
diningtable 0.0446 125 209 262 281
diningtable 0.0437 215 168 314 317
diningtable 0.0436 253 189 368 245
diningtable 0.0434 232 194 317 246
diningtable 0.0369 122 176 236 234
diningtable 0.0369 249 162 351 313
diningtable 0.0355 279 185 397 273
diningtable 0.0348 179 257 342 363
diningtable 0.0346 189 188 264 226
diningtable 0.0343 396 199 459 262
diningtable 0.0331 161 174 251 215
diningtable 0.0328 288 197 450 363
diningtable 0.0326 207 186 304 232
diningtable 0.0325 21 193 214 330
diningtable 0.0310 372 176 471 279
diningtable 0.0309 213 180 263 205
diningtable 0.0304 224 157 319 242
diningtable 0.0294 241 136 306 201
diningtable 0.0290 264 130 319 256
diningtable 0.0290 140 190 224 245
diningtable 0.0286 273 129 311 209
diningtable 0.0283 194 171 334 222
diningtable 0.0282 280 214 395 302
diningtable 0.0281 207 201 269 237
diningtable 0.0279 165 197 230 228
diningtable 0.0278 412 209 479 249
diningtable 0.0270 218 167 290 223
diningtable 0.0268 200 198 247 248
diningtable 0.0267 222 144 286 207
diningtable 0.0265 31 200 159 299
diningtable 0.0265 200 239 479 367
diningtable 0.0259 196 219 296 272
diningtable 0.0258 253 149 352 242
diningtable 0.0253 297 175 313 200
diningtable 0.0252 294 162 316 199
diningtable 0.0252 99 31 403 374
diningtable 0.0239 183 198 230 247
diningtable 0.0239 182 200 248 230
diningtable 0.0234 273 175 475 300
diningtable 0.0226 286 169 360 230
diningtable 0.0221 299 174 328 203
diningtable 0.0219 291 167 338 207
diningtable 0.0217 376 197 433 291
diningtable 0.0216 189 166 391 240
diningtable 0.0216 148 216 245 267
diningtable 0.0211 310 183 324 199
diningtable 0.0210 102 219 236 302
diningtable 0.0210 293 126 334 210
diningtable 0.0210 307 176 321 196
diningtable 0.0210 189 173 284 211
diningtable 0.0207 412 175 485 248
diningtable 0.0207 64 185 185 271
diningtable 0.0204 225 198 285 227
diningtable 0.0200 424 201 493 242
horse 0.0282 114 62 220 145
person 0.1049 0 0 176 375
person 0.0775 480 109 500 189
person 0.0717 482 111 498 159
person 0.0696 447 225 465 252
person 0.0606 0 0 384 367
person 0.0509 74 94 240 354
person 0.0488 472 110 495 157
person 0.0483 463 106 495 191
person 0.0457 431 223 463 252
person 0.0413 488 110 500 208
person 0.0413 454 111 477 155
person 0.0367 299 121 315 152
person 0.0362 190 82 210 117
person 0.0357 462 118 480 153
person 0.0336 418 164 433 201
person 0.0336 452 120 464 154
person 0.0332 452 101 499 250
person 0.0300 455 112 490 170
person 0.0292 472 106 491 138
person 0.0287 323 185 331 198
person 0.0282 51 85 65 104
person 0.0273 443 129 455 158
person 0.0272 63 0 258 281
person 0.0272 184 80 202 114
person 0.0271 434 130 449 162
person 0.0269 488 106 500 149
person 0.0267 407 172 415 202
person 0.0267 414 170 425 201
person 0.0261 134 72 155 98
person 0.0259 435 165 449 196
person 0.0259 259 168 398 372
person 0.0257 174 80 191 112
person 0.0254 425 168 439 202
person 0.0253 321 179 330 194
person 0.0250 483 140 497 191
person 0.0246 119 61 136 94
person 0.0245 418 88 493 267
person 0.0235 247 0 500 375
person 0.0227 442 104 490 197
person 0.0222 167 81 186 113
person 0.0220 478 107 500 135
person 0.0218 150 78 170 109
person 0.0207 471 143 492 195
person 0.0201 180 78 218 143
person 0.0201 326 178 337 194
person 0.0200 410 158 429 204
pottedplant 0.0994 227 181 259 205
pottedplant 0.0894 294 123 316 197
pottedplant 0.0819 298 123 313 169
pottedplant 0.0814 417 97 432 126
pottedplant 0.0713 412 100 443 160
pottedplant 0.0615 414 96 435 145
pottedplant 0.0612 418 100 443 123
pottedplant 0.0603 422 220 444 252
pottedplant 0.0586 414 99 426 128
pottedplant 0.0580 430 221 451 252
pottedplant 0.0536 455 102 475 123
pottedplant 0.0536 226 149 261 210
pottedplant 0.0519 427 109 451 156
pottedplant 0.0508 416 110 432 153
pottedplant 0.0484 413 103 425 149
pottedplant 0.0478 119 68 138 103
pottedplant 0.0461 454 100 476 146
pottedplant 0.0460 437 225 463 251
pottedplant 0.0459 119 70 154 107
pottedplant 0.0459 425 119 443 156
pottedplant 0.0450 296 129 311 183
pottedplant 0.0420 432 105 450 138
pottedplant 0.0417 428 103 450 123
pottedplant 0.0400 390 205 418 288
pottedplant 0.0391 434 124 449 159
pottedplant 0.0382 421 212 457 252
pottedplant 0.0367 418 222 435 254
pottedplant 0.0366 114 58 219 144
pottedplant 0.0348 413 122 426 160
pottedplant 0.0319 456 105 470 119
pottedplant 0.0318 278 126 310 200
pottedplant 0.0310 422 104 461 167
pottedplant 0.0308 416 128 437 156
pottedplant 0.0303 127 71 186 108
pottedplant 0.0297 412 96 449 134
pottedplant 0.0291 420 110 447 142
pottedplant 0.0289 412 217 442 259
pottedplant 0.0288 117 16 223 181
pottedplant 0.0282 442 118 454 152
pottedplant 0.0270 452 103 468 137
pottedplant 0.0269 437 111 456 156
pottedplant 0.0268 118 69 177 133
pottedplant 0.0268 134 71 163 107
pottedplant 0.0260 410 103 452 190
pottedplant 0.0254 165 79 186 111
pottedplant 0.0254 156 77 179 108
pottedplant 0.0242 150 75 170 107
pottedplant 0.0242 235 169 255 196
pottedplant 0.0241 222 165 259 199
pottedplant 0.0240 221 180 243 205
pottedplant 0.0235 442 106 458 122
pottedplant 0.0232 459 106 483 132
pottedplant 0.0228 454 105 492 152
pottedplant 0.0220 415 104 437 120
pottedplant 0.0219 466 156 492 230
pottedplant 0.0219 297 121 317 146
pottedplant 0.0216 297 152 317 187
pottedplant 0.0215 435 102 493 235
pottedplant 0.0215 423 133 446 160
pottedplant 0.0215 413 160 438 214
pottedplant 0.0210 390 267 433 287
pottedplant 0.0210 417 109 451 126
pottedplant 0.0206 147 75 197 111
sofa 0.5117 0 274 142 375
sofa 0.0434 3 213 203 366
sofa 0.0325 0 276 113 326
sofa 0.0261 0 297 92 373
train 0.0681 0 0 404 322
train 0.0493 63 0 260 360
train 0.0315 113 30 221 139
train 0.0271 115 59 200 119
tvmonitor 0.1178 365 54 400 122
