bicycle 0.0312 61 326 292 489
bicycle 0.0297 33 207 333 500
bottle 0.2355 153 239 184 321
bottle 0.2120 151 199 197 326
bottle 0.1649 68 171 132 312
bottle 0.1486 89 205 128 311
bottle 0.1189 100 233 128 306
bottle 0.0993 153 247 173 306
bottle 0.0812 66 119 158 426
bottle 0.0691 178 197 201 250
bottle 0.0625 110 244 127 298
bottle 0.0584 0 418 15 500
bottle 0.0574 79 175 128 220
bottle 0.0572 321 33 339 96
bottle 0.0556 66 97 204 329
bottle 0.0497 88 183 164 306
bottle 0.0478 328 451 341 500
bottle 0.0461 65 47 143 326
bottle 0.0454 70 173 133 243
bottle 0.0450 154 189 196 264
bottle 0.0448 146 217 170 309
bottle 0.0438 67 210 130 417
bottle 0.0434 171 191 201 297
bottle 0.0402 136 102 258 472
bottle 0.0394 168 246 197 322
bottle 0.0389 152 248 166 292
bottle 0.0383 153 267 196 325
bottle 0.0383 285 0 309 70
bottle 0.0377 99 213 120 292
bottle 0.0375 90 171 127 274
bottle 0.0351 175 193 193 242
bottle 0.0342 115 260 129 303
bottle 0.0335 325 6 342 102
bottle 0.0333 84 153 232 470
bottle 0.0333 165 222 191 315
bottle 0.0332 171 188 187 237
bottle 0.0331 100 234 157 310
bottle 0.0322 116 240 130 291
bottle 0.0312 100 205 163 392
bottle 0.0304 139 248 204 328
bottle 0.0300 153 258 165 315
bottle 0.0299 92 211 119 236
bottle 0.0296 76 190 124 232
bottle 0.0292 72 247 127 312
bottle 0.0291 163 259 180 309
bottle 0.0290 319 38 331 94
bottle 0.0285 171 205 186 254
bottle 0.0283 335 302 342 346
bottle 0.0281 155 120 240 360
bottle 0.0275 102 185 135 295
bottle 0.0275 93 206 124 263
bottle 0.0274 149 209 187 284
bottle 0.0273 76 166 155 226
bottle 0.0272 67 103 132 263
bottle 0.0270 149 248 157 298
bottle 0.0270 134 170 186 319
bottle 0.0269 70 203 113 302
bottle 0.0266 0 407 24 478
bottle 0.0265 76 267 143 449
bottle 0.0263 110 218 133 296
bottle 0.0261 113 229 127 281
bottle 0.0258 136 209 185 389
bottle 0.0257 115 214 149 308
bottle 0.0256 329 35 342 98
bottle 0.0256 269 0 304 71
bottle 0.0255 325 415 342 500
bottle 0.0255 318 473 341 500
bottle 0.0250 73 198 128 255
bottle 0.0247 110 274 129 305
bottle 0.0246 108 226 122 282
bottle 0.0246 331 305 340 337
bottle 0.0242 157 263 175 321
bottle 0.0240 101 213 117 250
bottle 0.0237 0 409 48 488
bottle 0.0233 152 223 235 323
bottle 0.0230 111 247 191 317
bottle 0.0228 123 243 163 309
bottle 0.0227 0 394 15 467
bottle 0.0225 118 184 197 424
bottle 0.0223 179 275 197 320
bottle 0.0221 153 245 171 274
bottle 0.0221 72 160 113 232
bottle 0.0220 156 233 178 298
bottle 0.0216 146 175 208 281
bottle 0.0212 143 188 173 278
bottle 0.0209 104 345 126 434
bottle 0.0209 57 117 112 299
bottle 0.0206 77 169 179 259
bottle 0.0206 0 429 21 471
bottle 0.0203 95 255 138 310
bottle 0.0201 148 235 197 297
bottle 0.0201 171 266 185 312
bottle 0.0201 108 213 121 252
bottle 0.0200 174 209 195 253
car 0.2165 248 330 341 500
car 0.0206 89 20 250 144
chair 0.1535 249 342 342 500
chair 0.0958 221 164 340 492
chair 0.0811 41 261 265 496
chair 0.0609 268 405 338 500
chair 0.0473 266 449 337 497
chair 0.0460 99 347 339 497
chair 0.0334 246 356 304 493
chair 0.0329 205 351 316 494
chair 0.0311 0 409 123 496
chair 0.0293 313 401 341 500
chair 0.0290 170 193 272 500
chair 0.0287 116 159 251 499
chair 0.0272 299 403 334 500
chair 0.0249 43 381 277 500
chair 0.0242 293 460 342 500
chair 0.0225 0 449 63 499
chair 0.0221 236 308 324 447
chair 0.0210 186 339 260 500
chair 0.0202 327 356 342 500
diningtable 0.0266 54 282 264 481
diningtable 0.0224 34 389 277 500
diningtable 0.0224 71 156 253 345
person 0.9309 56 14 259 492
person 0.0719 157 63 259 442
person 0.0566 57 162 140 457
person 0.0539 0 419 16 500
person 0.0484 107 20 247 354
person 0.0459 0 396 27 496
person 0.0451 68 28 175 331
person 0.0448 0 397 71 498
person 0.0415 203 21 342 500
person 0.0364 9 299 147 490
person 0.0361 67 265 132 441
person 0.0335 71 150 191 474
person 0.0334 110 19 245 130
person 0.0333 0 189 239 485
person 0.0307 156 142 257 333
person 0.0305 46 339 272 493
person 0.0299 0 12 236 329
person 0.0274 2 378 119 483
person 0.0270 64 310 172 474
person 0.0261 0 361 16 477
person 0.0259 1 316 26 434
person 0.0257 90 305 131 445
person 0.0254 0 367 13 425
person 0.0250 0 333 33 500
person 0.0240 193 160 255 375
person 0.0237 0 367 6 429
person 0.0216 0 269 18 500
person 0.0214 0 387 14 455
person 0.0213 0 332 9 444
person 0.0208 67 49 132 254
person 0.0204 5 177 113 478
person 0.0202 53 349 141 480
train 0.0204 69 26 258 221
tvmonitor 0.2571 253 333 342 500
tvmonitor 0.1077 317 1 341 90
tvmonitor 0.0918 250 1 308 78
tvmonitor 0.0692 292 0 339 90
tvmonitor 0.0625 287 345 338 490
tvmonitor 0.0548 324 4 341 54
tvmonitor 0.0501 267 339 339 439
tvmonitor 0.0449 96 240 129 306
tvmonitor 0.0447 310 0 342 54
tvmonitor 0.0365 290 0 318 79
tvmonitor 0.0357 246 0 320 152
tvmonitor 0.0346 68 218 129 315
tvmonitor 0.0340 301 332 342 400
tvmonitor 0.0332 268 2 330 76
tvmonitor 0.0323 314 81 340 185
tvmonitor 0.0311 321 36 340 95
tvmonitor 0.0308 317 2 342 33
tvmonitor 0.0306 284 319 340 390
tvmonitor 0.0306 314 0 340 174
tvmonitor 0.0288 321 14 337 71
tvmonitor 0.0264 312 453 342 500
tvmonitor 0.0261 215 1 339 456
tvmonitor 0.0257 203 0 312 88
tvmonitor 0.0251 299 30 338 185
tvmonitor 0.0250 312 375 341 499
tvmonitor 0.0237 288 459 339 500
tvmonitor 0.0235 244 6 325 269
tvmonitor 0.0231 282 0 310 68
tvmonitor 0.0230 251 49 313 187
tvmonitor 0.0220 305 307 342 369
tvmonitor 0.0217 302 84 332 183
tvmonitor 0.0210 299 379 333 496
tvmonitor 0.0204 261 404 342 495
