bird 0.0575 0 166 78 270
bird 0.0410 1 193 126 278
bird 0.0265 3 198 72 251
bird 0.0226 35 198 102 274
bird 0.0216 0 181 234 283
bottle 0.0977 300 0 324 42
bottle 0.0950 246 0 277 57
bottle 0.0918 208 0 249 47
bottle 0.0790 262 0 297 60
bottle 0.0759 310 0 334 43
bottle 0.0724 315 0 346 48
bottle 0.0721 274 0 301 46
bottle 0.0686 231 0 258 51
bottle 0.0654 5 106 70 205
bottle 0.0652 214 0 262 74
bottle 0.0621 323 3 340 43
bottle 0.0550 226 0 288 102
bottle 0.0532 228 0 248 40
bottle 0.0459 292 0 312 35
bottle 0.0454 260 1 278 42
bottle 0.0438 236 1 253 41
bottle 0.0437 268 1 289 38
bottle 0.0435 317 0 370 32
bottle 0.0434 337 0 375 17
bottle 0.0414 2 196 106 281
bottle 0.0389 244 1 264 43
bottle 0.0380 72 247 103 280
bottle 0.0377 253 3 271 46
bottle 0.0348 204 0 232 40
bottle 0.0339 268 10 284 50
bottle 0.0333 310 0 359 78
bottle 0.0323 31 126 68 177
bottle 0.0294 51 0 78 31
bottle 0.0290 194 0 243 70
bottle 0.0289 326 0 371 57
bottle 0.0282 266 0 294 17
bottle 0.0282 342 0 377 43
bottle 0.0272 318 0 344 27
bottle 0.0271 323 0 363 18
bottle 0.0260 293 31 318 75
bottle 0.0257 263 15 278 57
bottle 0.0251 353 3 373 26
bottle 0.0248 324 16 341 55
bottle 0.0245 299 0 348 31
bottle 0.0245 298 0 329 69
bottle 0.0243 1 138 36 198
bottle 0.0242 173 0 207 19
bottle 0.0237 251 0 287 34
bottle 0.0235 260 0 280 23
bottle 0.0234 4 241 110 284
bottle 0.0233 208 0 250 17
bottle 0.0232 333 5 358 53
bottle 0.0232 2 143 18 184
bottle 0.0229 56 230 107 281
bottle 0.0228 358 16 371 55
bottle 0.0227 13 132 63 184
bottle 0.0223 347 8 367 56
bottle 0.0217 336 3 359 30
bottle 0.0216 204 0 226 25
bottle 0.0210 0 208 37 259
bottle 0.0209 217 0 245 28
bottle 0.0208 351 11 364 41
bottle 0.0205 339 8 355 41
bottle 0.0201 252 0 274 27
bus 0.0533 21 12 374 264
bus 0.0377 151 0 403 231
bus 0.0328 228 0 449 182
car 0.0885 0 0 220 120
car 0.0672 1 0 80 92
car 0.0528 0 0 385 238
car 0.0434 0 0 175 71
car 0.0422 0 38 99 150
car 0.0409 0 63 172 128
car 0.0342 200 0 362 156
car 0.0338 28 11 389 120
car 0.0310 2 85 75 172
car 0.0291 210 81 369 148
car 0.0245 1 72 74 131
car 0.0229 36 17 260 187
car 0.0220 115 0 301 142
car 0.0219 1 46 75 108
car 0.0212 0 22 143 101
cat 0.3742 81 88 350 256
cat 0.0732 190 122 360 252
cat 0.0383 264 135 346 243
cat 0.0383 155 84 320 151
cat 0.0305 150 70 363 206
cat 0.0209 111 94 296 166
chair 0.1119 1 85 73 210
chair 0.0602 1 0 81 54
chair 0.0596 0 94 105 258
chair 0.0581 0 0 66 108
chair 0.0564 0 123 64 264
chair 0.0473 0 17 233 154
chair 0.0380 1 0 42 52
chair 0.0356 0 17 115 165
chair 0.0354 10 115 67 186
chair 0.0321 0 0 68 26
chair 0.0283 0 168 76 243
chair 0.0264 0 137 176 264
chair 0.0252 1 21 43 106
chair 0.0251 2 35 72 149
chair 0.0245 0 94 184 213
chair 0.0228 0 184 127 261
chair 0.0225 2 129 48 208
chair 0.0222 0 35 500 333
chair 0.0219 27 55 191 131
chair 0.0209 0 93 121 172
dog 0.5118 59 90 352 259
dog 0.1639 20 78 205 271
dog 0.0920 17 82 288 199
dog 0.0618 10 148 286 266
dog 0.0591 60 86 237 151
dog 0.0521 171 55 360 240
dog 0.0473 43 94 197 178
dog 0.0434 117 85 290 150
dog 0.0371 53 188 209 254
dog 0.0355 5 101 140 205
dog 0.0350 0 16 398 333
dog 0.0339 40 154 179 246
dog 0.0334 188 170 352 252
dog 0.0320 29 120 270 228
dog 0.0294 158 77 356 156
dog 0.0249 33 48 425 217
dog 0.0228 274 138 350 246
dog 0.0220 82 102 197 216
dog 0.0217 41 63 279 132
dog 0.0213 100 93 204 147
dog 0.0209 114 189 290 254
person 0.1617 0 54 92 278
person 0.1362 2 81 172 272
person 0.1144 269 0 302 59
person 0.0817 291 0 319 60
person 0.0808 0 9 161 212
person 0.0779 258 0 291 64
person 0.0775 298 0 322 40
person 0.0773 0 74 75 194
person 0.0755 0 121 72 261
person 0.0707 2 0 78 51
person 0.0681 279 0 303 37
person 0.0637 0 0 83 142
person 0.0591 260 0 313 101
person 0.0566 286 25 299 62
person 0.0563 302 0 333 59
person 0.0550 286 0 318 31
person 0.0517 278 24 293 61
person 0.0511 0 27 257 256
person 0.0510 0 82 244 193
person 0.0495 276 0 298 22
person 0.0493 33 0 79 32
person 0.0484 4 162 98 283
person 0.0479 12 82 122 200
person 0.0466 284 0 323 94
person 0.0434 222 0 304 112
person 0.0413 268 12 289 61
person 0.0386 0 0 71 27
person 0.0382 266 0 294 39
person 0.0380 1 85 174 156
person 0.0361 1 0 39 52
person 0.0359 235 0 282 95
person 0.0337 280 16 304 68
person 0.0332 243 0 276 55
person 0.0331 297 0 340 95
person 0.0330 292 32 307 67
person 0.0330 271 30 288 63
person 0.0328 0 172 175 265
person 0.0327 271 19 297 70
person 0.0326 46 0 90 42
person 0.0312 289 26 317 86
person 0.0311 0 13 489 274
person 0.0299 264 0 298 15
person 0.0294 0 1 21 41
person 0.0268 0 205 37 258
person 0.0266 53 0 78 25
person 0.0257 287 0 365 123
person 0.0251 0 200 124 271
person 0.0243 0 53 57 159
person 0.0237 271 0 312 20
person 0.0228 171 0 246 96
person 0.0225 0 184 62 267
person 0.0224 297 40 318 79
person 0.0222 205 0 273 97
person 0.0219 303 0 317 29
person 0.0216 295 0 309 23
person 0.0215 270 0 287 15
person 0.0213 235 0 312 64
person 0.0209 0 0 26 25
person 0.0209 308 40 323 73
person 0.0208 263 25 277 59
person 0.0207 317 1 354 78
sofa 0.0774 0 41 401 278
sofa 0.0364 0 40 277 142
train 0.0704 0 0 500 150
train 0.0400 84 47 493 244
train 0.0247 196 0 439 129
train 0.0245 184 76 376 152
train 0.0224 204 56 413 135
tvmonitor 0.0654 0 6 238 98
tvmonitor 0.0582 208 0 271 100
tvmonitor 0.0549 219 0 306 115
tvmonitor 0.0491 211 0 383 133
tvmonitor 0.0401 246 0 337 122
tvmonitor 0.0381 291 0 350 114
tvmonitor 0.0373 3 0 75 52
tvmonitor 0.0347 205 68 373 131
tvmonitor 0.0332 267 0 339 69
tvmonitor 0.0323 25 58 251 132
tvmonitor 0.0316 298 0 371 66
tvmonitor 0.0290 315 0 378 119
tvmonitor 0.0271 225 0 292 74
tvmonitor 0.0267 27 0 171 39
tvmonitor 0.0267 52 45 253 100
tvmonitor 0.0265 263 0 432 149
tvmonitor 0.0255 7 24 334 126
tvmonitor 0.0252 186 0 251 97
tvmonitor 0.0242 117 0 278 101
tvmonitor 0.0220 131 49 394 145
tvmonitor 0.0201 223 81 358 154
tvmonitor 0.0200 122 0 175 31
