bottle 0.0211 0 2 136 55
cat 0.8026 0 0 428 375
cat 0.0824 0 0 158 253
cat 0.0663 265 65 406 365
cat 0.0607 140 16 388 333
cat 0.0596 0 3 158 129
cat 0.0567 182 101 275 216
cat 0.0493 0 195 413 375
cat 0.0418 0 0 412 194
cat 0.0373 313 29 472 367
cat 0.0338 6 49 139 375
cat 0.0337 4 26 93 183
cat 0.0321 43 12 290 320
cat 0.0321 154 15 309 260
cat 0.0274 1 2 304 112
cat 0.0265 11 1 195 74
cat 0.0250 7 67 81 233
cat 0.0249 23 68 175 224
cat 0.0238 201 218 418 373
cat 0.0236 87 5 340 88
cat 0.0227 1 0 109 92
cat 0.0222 234 14 423 276
cat 0.0205 223 102 384 260
cat 0.0203 107 92 245 235
cat 0.0202 41 287 422 375
cat 0.0200 309 208 403 370
cat 0.0200 195 84 310 280
person 0.0297 0 0 78 22
person 0.0234 1 1 90 51
person 0.0228 133 7 337 81
tvmonitor 0.0242 111 6 363 87
