car 0.0257 0 17 44 190
cat 0.7156 154 34 368 321
cat 0.1570 211 37 366 196
cat 0.0778 133 117 305 329
cat 0.0612 203 37 331 137
cat 0.0507 140 140 221 271
cat 0.0494 212 35 302 98
cat 0.0447 136 153 215 223
cat 0.0434 192 37 319 251
cat 0.0312 60 22 323 250
cat 0.0290 27 56 409 350
cat 0.0256 136 69 254 268
cat 0.0229 245 62 374 290
cat 0.0208 187 146 376 319
cat 0.0206 135 93 218 231
chair 0.0535 34 9 421 339
chair 0.0487 447 102 500 278
chair 0.0269 463 82 500 363
chair 0.0257 474 108 500 180
chair 0.0226 200 10 351 159
chair 0.0223 3 1 42 72
chair 0.0221 39 267 356 365
chair 0.0221 203 0 492 341
chair 0.0221 425 84 500 352
chair 0.0207 0 0 47 139
chair 0.0200 441 111 487 178
dog 0.0472 133 132 340 323
dog 0.0318 135 152 219 236
dog 0.0212 200 253 377 319
dog 0.0207 146 143 242 306
dog 0.0207 145 209 378 319
sofa 0.0832 28 27 426 339
tvmonitor 0.0842 471 249 500 337
tvmonitor 0.0334 449 150 500 338
tvmonitor 0.0303 460 215 497 340
tvmonitor 0.0302 450 111 500 259
tvmonitor 0.0284 0 0 44 189
tvmonitor 0.0262 473 254 500 299
tvmonitor 0.0247 0 0 22 102
tvmonitor 0.0246 0 28 33 112
