bicycle 0.0804 0 334 43 374
bicycle 0.0430 0 352 27 375
bicycle 0.0338 82 348 171 374
bicycle 0.0332 0 315 84 375
bicycle 0.0312 18 340 171 374
bicycle 0.0230 0 353 58 374
bicycle 0.0214 64 328 194 375
boat 0.0276 183 199 244 327
boat 0.0272 19 38 71 50
boat 0.0260 36 37 74 47
bottle 0.0346 186 208 245 243
bottle 0.0238 289 154 362 301
bottle 0.0211 254 169 346 325
bus 0.0424 181 197 247 329
bus 0.0212 0 0 500 375
car 0.0446 0 0 500 375
car 0.0419 1 340 83 373
car 0.0380 175 189 247 342
car 0.0326 217 298 402 374
car 0.0313 172 106 467 373
car 0.0302 35 343 147 372
car 0.0295 0 297 23 325
car 0.0273 5 310 71 374
car 0.0269 197 205 376 370
car 0.0242 5 305 30 322
car 0.0236 190 293 247 326
car 0.0232 181 194 243 241
car 0.0211 0 321 121 373
car 0.0209 37 307 69 320
car 0.0206 1 354 52 373
car 0.0204 91 189 395 347
car 0.0203 40 346 247 375
car 0.0202 20 0 275 348
chair 0.0624 73 342 201 372
chair 0.0366 223 308 348 375
chair 0.0334 223 336 382 373
chair 0.0297 78 351 165 375
chair 0.0292 223 311 270 374
chair 0.0261 229 295 288 371
chair 0.0241 240 294 391 367
chair 0.0227 218 340 310 373
chair 0.0205 84 333 145 375
person 0.5223 243 286 263 330
person 0.3740 0 305 18 375
person 0.3731 201 290 216 328
person 0.1482 0 319 32 375
person 0.1415 249 288 266 325
person 0.1083 195 289 211 327
person 0.1040 226 288 261 329
person 0.1017 221 289 240 326
person 0.1002 210 291 230 327
person 0.0836 231 288 245 326
person 0.0794 1 299 18 342
person 0.0668 0 12 500 364
person 0.0639 259 290 276 324
person 0.0619 135 287 153 322
person 0.0612 0 344 26 374
person 0.0592 192 289 222 329
person 0.0531 209 289 247 329
person 0.0503 192 260 226 328
person 0.0501 215 126 379 374
person 0.0456 236 289 273 351
person 0.0432 225 298 266 364
person 0.0421 264 288 275 312
person 0.0404 5 316 62 375
person 0.0398 0 305 12 348
person 0.0373 143 287 157 320
person 0.0358 6 333 42 375
person 0.0348 6 306 25 345
person 0.0345 0 285 21 354
person 0.0345 1 288 19 326
person 0.0345 7 317 26 364
person 0.0342 186 275 216 328
person 0.0336 203 298 224 328
person 0.0334 189 202 254 329
person 0.0333 218 265 263 333
person 0.0325 68 78 241 371
person 0.0323 186 290 202 328
person 0.0320 130 287 148 316
person 0.0320 242 254 269 328
person 0.0307 127 285 156 331
person 0.0297 7 300 26 330
person 0.0294 150 97 298 370
person 0.0291 245 301 271 329
person 0.0287 0 264 12 375
person 0.0286 0 292 43 375
person 0.0283 249 284 277 329
person 0.0273 256 288 267 310
person 0.0272 10 318 41 364
person 0.0270 250 283 261 306
person 0.0268 3 279 34 351
person 0.0262 17 323 38 355
person 0.0251 84 349 132 374
person 0.0247 238 299 258 334
person 0.0243 139 289 152 310
person 0.0238 203 238 246 328
person 0.0233 122 289 139 328
person 0.0232 238 286 260 314
person 0.0226 20 316 36 338
person 0.0225 78 86 399 370
person 0.0220 266 288 283 317
person 0.0219 223 304 244 329
person 0.0217 9 295 27 318
person 0.0216 178 244 212 328
person 0.0216 202 289 223 314
person 0.0213 0 302 17 321
person 0.0213 221 193 296 341
person 0.0211 235 284 271 324
person 0.0208 151 286 167 322
person 0.0207 231 304 251 329
person 0.0207 232 307 266 329
person 0.0206 10 0 184 356
person 0.0204 192 191 241 240
person 0.0202 244 284 265 307
pottedplant 0.0664 215 261 490 370
pottedplant 0.0457 267 174 487 374
pottedplant 0.0315 311 173 391 326
pottedplant 0.0300 256 185 378 367
pottedplant 0.0296 286 290 399 369
pottedplant 0.0292 313 215 356 288
pottedplant 0.0288 320 290 382 354
pottedplant 0.0287 307 178 362 277
pottedplant 0.0282 336 180 432 328
pottedplant 0.0270 287 167 363 326
pottedplant 0.0241 388 97 500 375
pottedplant 0.0240 341 275 355 300
pottedplant 0.0236 319 298 358 351
pottedplant 0.0229 346 276 362 300
pottedplant 0.0225 302 231 392 365
pottedplant 0.0224 329 273 349 300
pottedplant 0.0216 379 177 469 339
pottedplant 0.0215 328 157 490 315
pottedplant 0.0203 380 291 420 367
sofa 0.0837 218 305 385 372
sofa 0.0229 227 293 306 375
train 0.0769 172 189 246 330
train 0.0319 174 161 290 345
train 0.0313 87 0 500 375
train 0.0311 113 194 253 337
train 0.0288 195 150 353 357
train 0.0265 182 195 244 271
train 0.0256 10 0 328 375
train 0.0201 34 220 261 352
tvmonitor 0.0909 224 298 400 368
tvmonitor 0.0638 205 112 493 375
tvmonitor 0.0597 222 233 431 370
tvmonitor 0.0458 182 196 247 330
tvmonitor 0.0379 0 9 65 54
tvmonitor 0.0282 236 183 365 363
