aeroplane 0.0220 0 0 470 271
bottle 0.3754 371 209 403 255
bottle 0.1088 167 329 194 373
bottle 0.1062 8 69 59 92
bottle 0.0890 367 211 400 296
bottle 0.0677 4 68 62 141
bottle 0.0646 353 212 398 251
bottle 0.0627 151 334 201 375
bottle 0.0570 391 197 430 264
bottle 0.0538 133 358 190 374
bottle 0.0537 357 214 379 249
bottle 0.0486 4 61 69 98
bottle 0.0474 159 330 185 368
bottle 0.0460 6 93 60 164
bottle 0.0448 366 213 401 238
bottle 0.0443 123 348 196 375
bottle 0.0434 361 95 386 171
bottle 0.0373 386 205 415 252
bottle 0.0373 0 71 59 110
bottle 0.0372 153 358 209 374
bottle 0.0341 8 78 58 98
bottle 0.0337 362 133 383 170
bottle 0.0330 175 334 199 366
bottle 0.0327 360 206 407 340
bottle 0.0326 101 196 129 228
bottle 0.0322 364 10 392 93
bottle 0.0311 372 214 414 274
bottle 0.0307 2 72 43 96
bottle 0.0305 43 106 60 146
bottle 0.0303 54 188 154 251
bottle 0.0299 92 354 186 375
bottle 0.0297 155 343 183 375
bottle 0.0295 105 334 231 374
bottle 0.0293 50 107 65 145
bottle 0.0291 350 222 375 253
bottle 0.0291 156 244 204 286
bottle 0.0279 391 218 411 253
bottle 0.0277 393 201 414 239
bottle 0.0270 368 223 392 260
bottle 0.0270 108 187 157 246
bottle 0.0267 158 345 221 375
bottle 0.0263 424 233 494 281
bottle 0.0259 15 65 43 88
bottle 0.0259 123 356 168 375
bottle 0.0258 160 330 194 354
bottle 0.0252 375 235 398 300
bottle 0.0251 147 351 172 375
bottle 0.0250 463 116 499 180
bottle 0.0249 6 67 29 92
bottle 0.0248 24 61 72 115
bottle 0.0246 97 196 144 235
bottle 0.0239 459 284 500 373
bottle 0.0239 375 221 397 275
bottle 0.0234 0 235 23 313
bottle 0.0231 401 307 497 375
bottle 0.0230 144 311 190 372
bottle 0.0229 35 106 53 147
bottle 0.0228 36 93 64 148
bottle 0.0227 458 216 500 281
bottle 0.0224 377 227 410 312
bottle 0.0223 1 142 62 199
bottle 0.0222 209 353 289 375
bottle 0.0219 374 206 401 230
bottle 0.0218 163 248 259 308
bottle 0.0216 69 245 158 282
bottle 0.0215 386 217 438 274
bottle 0.0212 315 358 367 374
bottle 0.0210 407 214 453 279
bottle 0.0207 65 203 157 274
bottle 0.0203 233 358 277 374
bottle 0.0200 419 301 471 372
car 0.0652 0 154 24 196
cat 0.0287 0 254 21 313
chair 0.3789 127 70 182 186
chair 0.3520 402 0 500 311
chair 0.2628 422 36 500 172
chair 0.2118 371 5 487 201
chair 0.1624 134 110 171 183
chair 0.1568 345 6 447 175
chair 0.1469 419 95 499 220
chair 0.1399 367 49 430 189
chair 0.1310 113 72 164 177
chair 0.1254 450 0 500 159
chair 0.1218 407 164 500 280
chair 0.1175 187 163 372 256
chair 0.1067 364 194 398 254
chair 0.1065 418 79 481 179
chair 0.1065 0 197 203 359
chair 0.1054 0 336 85 373
chair 0.1028 462 91 500 156
chair 0.1011 395 196 431 248
chair 0.0958 0 181 172 297
chair 0.0940 380 134 443 253
chair 0.0909 397 44 473 169
chair 0.0908 404 231 497 374
chair 0.0905 143 70 200 174
chair 0.0864 450 73 500 173
chair 0.0830 313 15 412 172
chair 0.0795 1 250 99 373
chair 0.0793 378 85 438 213
chair 0.0779 0 323 130 374
chair 0.0770 398 141 473 263
chair 0.0718 376 196 418 252
chair 0.0698 0 85 55 178
chair 0.0693 354 158 411 254
chair 0.0678 133 77 171 160
chair 0.0662 0 153 26 202
chair 0.0654 378 96 420 186
chair 0.0653 414 121 488 192
chair 0.0649 358 4 410 154
chair 0.0645 119 56 221 182
chair 0.0638 148 118 183 178
chair 0.0637 106 86 168 229
chair 0.0635 461 0 499 103
chair 0.0632 401 97 473 208
chair 0.0620 387 123 430 193
chair 0.0619 328 19 466 270
chair 0.0606 401 187 461 269
chair 0.0606 3 196 99 322
chair 0.0595 431 111 500 178
chair 0.0580 358 160 386 228
chair 0.0580 264 21 437 193
chair 0.0578 298 146 371 250
chair 0.0578 171 200 281 261
chair 0.0572 126 133 178 191
chair 0.0571 390 158 436 235
chair 0.0558 211 250 436 371
chair 0.0557 154 96 194 182
chair 0.0550 406 4 499 131
chair 0.0548 385 52 470 242
chair 0.0538 350 184 392 252
chair 0.0537 468 44 500 111
chair 0.0512 0 302 75 374
chair 0.0510 329 146 468 263
chair 0.0508 386 193 437 270
chair 0.0506 337 249 459 375
chair 0.0505 379 190 487 291
chair 0.0504 23 246 177 342
chair 0.0501 131 96 160 167
chair 0.0498 349 77 428 249
chair 0.0497 358 184 441 254
chair 0.0497 364 155 396 245
chair 0.0496 0 103 52 239
chair 0.0480 347 211 384 252
chair 0.0477 0 351 70 374
chair 0.0475 178 312 406 374
chair 0.0469 362 206 499 343
chair 0.0460 331 175 371 252
chair 0.0457 2 130 41 203
chair 0.0454 160 75 219 180
chair 0.0451 19 227 189 301
chair 0.0443 0 105 27 192
chair 0.0441 402 133 460 225
chair 0.0432 379 138 418 219
chair 0.0425 385 81 432 168
chair 0.0424 363 37 462 148
chair 0.0423 425 96 492 158
chair 0.0422 406 220 497 278
chair 0.0418 413 54 487 138
chair 0.0416 0 146 54 302
chair 0.0410 310 251 410 375
chair 0.0407 281 8 500 150
chair 0.0405 123 81 154 160
chair 0.0403 410 127 451 190
chair 0.0402 0 153 99 255
chair 0.0402 113 108 191 198
chair 0.0401 26 339 145 373
chair 0.0401 310 176 409 259
chair 0.0398 136 120 202 186
chair 0.0397 472 111 500 160
chair 0.0397 133 129 157 172
chair 0.0392 112 126 164 183
chair 0.0387 0 246 22 316
chair 0.0384 422 131 465 194
chair 0.0381 1 101 40 163
chair 0.0370 2 153 42 234
chair 0.0365 448 111 488 161
chair 0.0365 347 138 386 244
chair 0.0363 152 81 182 169
chair 0.0363 404 180 448 242
chair 0.0360 439 38 489 125
chair 0.0359 0 67 63 145
chair 0.0352 343 40 393 159
chair 0.0350 342 199 455 285
chair 0.0343 65 183 159 285
chair 0.0337 96 139 165 257
chair 0.0335 0 72 59 111
chair 0.0334 411 84 454 160
chair 0.0334 162 125 188 176
chair 0.0333 430 7 498 93
chair 0.0326 0 118 32 274
chair 0.0326 0 203 43 314
chair 0.0323 138 137 162 181
chair 0.0322 261 115 460 263
chair 0.0321 335 225 466 326
chair 0.0319 166 211 296 310
chair 0.0315 362 117 406 225
chair 0.0315 145 243 312 351
chair 0.0313 1 257 86 313
chair 0.0312 364 26 392 109
chair 0.0310 0 176 25 329
chair 0.0308 433 116 478 166
chair 0.0306 473 97 500 140
chair 0.0306 360 106 386 171
chair 0.0305 352 10 394 126
chair 0.0304 0 342 41 371
chair 0.0304 0 146 37 185
chair 0.0303 2 243 139 306
chair 0.0300 160 136 179 176
chair 0.0296 370 51 419 140
chair 0.0295 319 9 471 109
chair 0.0294 243 254 356 375
chair 0.0294 473 0 500 60
chair 0.0292 406 28 461 136
chair 0.0289 0 159 26 251
chair 0.0289 476 46 499 92
chair 0.0289 366 134 396 210
chair 0.0289 384 194 471 246
chair 0.0286 59 260 221 366
chair 0.0283 309 59 406 256
chair 0.0281 0 202 57 370
chair 0.0280 50 332 212 375
chair 0.0278 146 81 173 141
chair 0.0277 0 274 81 349
chair 0.0277 417 202 497 321
chair 0.0276 0 145 66 217
chair 0.0274 383 191 434 232
chair 0.0269 444 116 500 251
chair 0.0268 465 124 497 154
chair 0.0266 143 99 175 167
chair 0.0265 373 168 428 225
chair 0.0264 42 273 163 375
chair 0.0263 358 78 495 152
chair 0.0263 363 63 404 163
chair 0.0262 0 221 80 301
chair 0.0261 279 0 380 153
chair 0.0260 361 169 380 217
chair 0.0258 127 115 151 169
chair 0.0258 151 149 209 190
chair 0.0256 180 164 276 290
chair 0.0256 48 227 229 332
chair 0.0256 172 102 211 180
chair 0.0255 318 37 379 147
chair 0.0255 375 13 441 122
chair 0.0255 308 201 369 250
chair 0.0254 0 353 34 375
chair 0.0253 110 175 157 240
chair 0.0253 376 288 500 373
chair 0.0252 349 0 496 84
chair 0.0252 450 193 499 279
chair 0.0252 322 207 405 252
chair 0.0251 0 172 57 249
chair 0.0250 0 282 42 369
chair 0.0249 71 249 140 274
chair 0.0247 19 177 160 241
chair 0.0247 164 84 249 199
chair 0.0247 367 98 399 180
chair 0.0245 260 180 381 249
chair 0.0245 27 352 127 375
chair 0.0244 146 138 171 177
chair 0.0243 0 245 41 341
chair 0.0243 0 154 29 179
chair 0.0242 119 298 279 375
chair 0.0239 456 123 500 206
chair 0.0238 389 59 435 134
chair 0.0237 123 123 221 212
chair 0.0237 422 28 468 108
chair 0.0236 240 185 406 288
chair 0.0235 350 209 405 243
chair 0.0234 394 199 415 234
chair 0.0233 361 129 390 190
chair 0.0233 141 61 181 142
chair 0.0233 1 126 22 170
chair 0.0232 155 135 231 188
chair 0.0231 372 189 399 236
chair 0.0231 412 147 500 203
chair 0.0231 2 263 126 326
chair 0.0228 398 170 456 220
chair 0.0226 453 274 500 373
chair 0.0225 465 75 498 135
chair 0.0224 459 123 486 156
chair 0.0224 114 138 161 221
chair 0.0221 128 132 147 168
chair 0.0221 371 167 396 219
chair 0.0220 222 233 374 322
chair 0.0220 349 77 382 164
chair 0.0218 311 334 412 374
chair 0.0218 0 319 34 373
chair 0.0218 467 29 498 86
chair 0.0218 113 82 143 166
chair 0.0217 338 57 399 215
chair 0.0217 465 110 497 142
chair 0.0216 439 82 474 161
chair 0.0216 100 187 160 265
chair 0.0215 439 0 491 57
chair 0.0214 321 216 405 341
chair 0.0213 136 153 195 200
chair 0.0212 133 93 154 138
chair 0.0212 399 1 497 62
chair 0.0208 176 335 348 375
chair 0.0208 107 68 158 136
chair 0.0208 40 201 230 292
chair 0.0207 453 0 500 42
chair 0.0207 420 150 467 228
chair 0.0207 368 22 415 110
chair 0.0207 360 184 414 236
chair 0.0205 159 76 190 151
chair 0.0205 419 111 452 170
chair 0.0204 125 162 165 243
chair 0.0203 388 182 443 222
chair 0.0202 324 158 484 356
chair 0.0202 0 222 21 375
chair 0.0201 356 120 423 191
chair 0.0200 141 0 459 269
chair 0.0200 371 176 495 243
chair 0.0200 478 12 500 101
diningtable 0.7262 0 251 494 370
diningtable 0.2871 28 195 422 353
diningtable 0.1692 238 246 500 367
diningtable 0.1661 0 214 238 363
diningtable 0.1298 15 290 355 374
diningtable 0.1226 62 63 373 319
diningtable 0.0902 291 19 479 270
diningtable 0.0875 185 42 419 327
diningtable 0.0870 0 0 498 295
diningtable 0.0833 89 245 324 365
diningtable 0.0797 86 317 320 373
diningtable 0.0790 28 144 379 278
diningtable 0.0741 0 302 216 373
diningtable 0.0736 191 195 500 340
diningtable 0.0705 116 126 496 309
diningtable 0.0688 0 249 171 334
diningtable 0.0645 367 198 423 255
diningtable 0.0616 355 193 498 375
diningtable 0.0611 171 176 373 269
diningtable 0.0610 139 238 404 324
diningtable 0.0588 161 292 457 375
diningtable 0.0557 12 227 210 316
diningtable 0.0517 351 207 398 252
diningtable 0.0495 43 250 258 337
diningtable 0.0488 296 298 492 374
diningtable 0.0486 371 198 455 274
diningtable 0.0485 321 19 500 159
diningtable 0.0432 361 215 491 280
diningtable 0.0432 182 143 420 255
diningtable 0.0420 142 238 329 298
diningtable 0.0412 333 177 411 253
diningtable 0.0379 373 9 500 293
diningtable 0.0365 1 44 289 218
diningtable 0.0353 0 122 288 353
diningtable 0.0349 218 12 410 229
diningtable 0.0347 345 190 457 249
diningtable 0.0336 344 252 500 347
diningtable 0.0336 353 144 500 278
diningtable 0.0335 318 233 489 308
diningtable 0.0315 60 26 382 173
diningtable 0.0312 325 209 424 261
diningtable 0.0312 258 108 500 365
diningtable 0.0309 168 191 356 375
diningtable 0.0307 236 238 428 307
diningtable 0.0300 0 330 169 375
diningtable 0.0298 0 72 127 151
diningtable 0.0297 121 196 302 335
diningtable 0.0295 77 237 276 304
diningtable 0.0283 240 173 489 272
diningtable 0.0255 206 204 443 280
diningtable 0.0244 359 210 411 278
diningtable 0.0234 378 307 500 374
diningtable 0.0231 237 182 410 359
diningtable 0.0230 0 85 74 154
diningtable 0.0208 0 71 79 127
diningtable 0.0206 28 341 266 375
diningtable 0.0203 392 236 495 282
diningtable 0.0203 385 134 495 198
person 0.8892 10 63 156 297
person 0.8682 206 25 366 255
person 0.7075 172 159 280 263
person 0.4470 411 40 500 290
person 0.3577 182 140 332 256
person 0.3552 95 35 353 274
person 0.1767 5 62 266 330
person 0.1711 11 142 164 366
person 0.1670 352 4 485 279
person 0.1654 185 129 360 338
person 0.1397 405 146 500 330
person 0.1274 104 63 178 187
person 0.1160 175 159 274 216
person 0.1014 75 62 184 236
person 0.1007 134 78 283 254
person 0.0967 34 144 248 288
person 0.0963 156 169 300 333
person 0.0923 81 64 150 173
person 0.0917 190 35 321 208
person 0.0913 283 20 417 245
person 0.0906 257 26 375 197
person 0.0838 32 60 139 150
person 0.0756 186 159 243 200
person 0.0712 258 85 368 260
person 0.0703 124 51 259 176
person 0.0647 8 63 107 209
person 0.0573 6 164 105 307
person 0.0570 403 196 500 280
person 0.0552 1 72 65 170
person 0.0548 0 51 172 187
person 0.0537 0 241 23 316
person 0.0533 146 31 368 169
person 0.0504 94 62 138 151
person 0.0495 48 58 130 119
person 0.0478 1 142 77 272
person 0.0476 0 196 117 375
person 0.0467 334 137 499 361
person 0.0410 33 33 211 267
person 0.0399 10 61 90 94
person 0.0386 133 336 228 373
person 0.0370 36 182 158 265
person 0.0368 203 126 277 230
person 0.0365 439 150 500 280
person 0.0363 233 33 340 123
person 0.0346 0 66 65 103
person 0.0345 0 156 34 221
person 0.0345 174 162 230 226
person 0.0340 288 23 374 144
person 0.0330 198 161 229 196
person 0.0330 0 58 83 131
person 0.0329 98 92 140 176
person 0.0326 146 153 249 236
person 0.0319 222 0 452 281
person 0.0316 171 177 236 262
person 0.0311 198 29 286 151
person 0.0306 211 150 270 198
person 0.0305 26 78 71 151
person 0.0303 26 65 118 102
person 0.0289 382 290 496 375
person 0.0285 165 181 355 278
person 0.0282 104 333 283 375
person 0.0282 150 89 244 223
person 0.0272 221 157 438 360
person 0.0269 213 163 255 193
person 0.0267 171 154 229 193
person 0.0265 103 176 282 290
person 0.0264 10 55 146 106
person 0.0263 4 170 146 243
person 0.0263 297 322 431 374
person 0.0255 74 322 222 374
person 0.0249 1 109 64 219
person 0.0247 42 74 99 161
person 0.0247 51 64 93 135
person 0.0247 0 0 436 341
person 0.0241 61 71 114 147
person 0.0239 305 48 370 188
person 0.0236 206 160 237 189
person 0.0232 366 258 437 374
person 0.0230 110 59 152 140
person 0.0228 5 86 133 168
person 0.0225 169 42 320 125
person 0.0218 255 32 321 88
person 0.0216 0 0 26 62
person 0.0216 66 49 207 162
person 0.0215 40 74 140 207
person 0.0212 203 167 269 246
person 0.0212 225 154 279 217
person 0.0211 242 36 300 134
person 0.0209 66 101 153 246
person 0.0207 1 122 103 236
person 0.0207 391 284 442 375
person 0.0206 282 34 328 111
person 0.0204 0 236 412 375
pottedplant 0.1000 193 350 274 375
pottedplant 0.0667 143 337 282 374
pottedplant 0.0456 219 357 272 374
pottedplant 0.0406 171 357 259 375
pottedplant 0.0362 159 344 244 375
pottedplant 0.0266 191 342 309 372
pottedplant 0.0257 216 351 248 375
pottedplant 0.0235 167 321 313 375
pottedplant 0.0229 239 354 268 375
pottedplant 0.0221 174 351 224 375
pottedplant 0.0217 228 350 260 375
sofa 0.0495 3 34 365 284
sofa 0.0272 139 52 369 236
tvmonitor 0.0486 1 82 63 159
tvmonitor 0.0461 0 155 26 189
tvmonitor 0.0320 6 58 153 141
tvmonitor 0.0278 0 103 44 160
