aeroplane 0.0261 22 0 334 368
bicycle 0.8034 22 44 361 350
bicycle 0.4118 312 58 493 350
bicycle 0.3133 201 0 481 365
bicycle 0.1272 0 133 37 197
bicycle 0.1210 26 49 188 268
bicycle 0.1193 154 105 367 370
bicycle 0.1173 96 97 171 199
bicycle 0.1140 425 146 499 273
bicycle 0.0979 186 12 365 298
bicycle 0.0911 56 71 271 248
bicycle 0.0888 460 178 499 240
bicycle 0.0886 101 50 165 172
bicycle 0.0809 375 118 500 370
bicycle 0.0801 13 43 141 204
bicycle 0.0769 7 205 96 340
bicycle 0.0749 99 85 202 167
bicycle 0.0725 49 243 355 348
bicycle 0.0723 253 141 382 354
bicycle 0.0706 58 57 217 194
bicycle 0.0681 424 193 498 329
bicycle 0.0653 324 210 500 371
bicycle 0.0622 0 10 106 107
bicycle 0.0574 10 109 153 338
bicycle 0.0541 449 183 500 294
bicycle 0.0535 5 59 107 111
bicycle 0.0524 0 123 57 211
bicycle 0.0509 297 124 426 327
bicycle 0.0488 10 133 87 264
bicycle 0.0483 62 66 143 181
bicycle 0.0479 274 160 366 306
bicycle 0.0476 386 235 500 352
bicycle 0.0472 19 40 137 110
bicycle 0.0457 176 277 358 350
bicycle 0.0437 12 28 179 149
bicycle 0.0434 124 105 259 164
bicycle 0.0429 7 90 88 209
bicycle 0.0427 109 101 155 175
bicycle 0.0416 0 162 319 338
bicycle 0.0409 8 271 157 342
bicycle 0.0405 226 133 366 271
bicycle 0.0384 43 52 151 141
bicycle 0.0379 30 103 126 232
bicycle 0.0373 477 199 499 237
bicycle 0.0370 119 110 171 181
bicycle 0.0369 0 63 84 157
bicycle 0.0363 345 272 494 362
bicycle 0.0361 70 105 147 212
bicycle 0.0352 96 111 140 182
bicycle 0.0351 0 3 39 63
bicycle 0.0342 65 107 190 172
bicycle 0.0339 436 189 494 260
bicycle 0.0332 2 173 80 300
bicycle 0.0331 266 171 364 243
bicycle 0.0327 84 88 158 164
bicycle 0.0326 242 185 465 371
bicycle 0.0321 141 105 219 152
bicycle 0.0315 111 48 151 123
bicycle 0.0307 110 0 435 263
bicycle 0.0307 457 224 499 325
bicycle 0.0307 446 199 500 237
bicycle 0.0303 468 196 500 263
bicycle 0.0282 25 155 127 296
bicycle 0.0280 0 65 45 103
bicycle 0.0278 32 73 105 103
bicycle 0.0267 280 257 470 365
bicycle 0.0265 116 104 182 156
bicycle 0.0262 2 146 34 181
bicycle 0.0261 37 65 123 122
bicycle 0.0259 81 45 151 106
bicycle 0.0257 307 175 391 328
bicycle 0.0257 0 3 54 106
bicycle 0.0255 262 266 385 357
bicycle 0.0255 398 203 500 273
bicycle 0.0250 1 164 75 234
bicycle 0.0248 108 49 208 151
bicycle 0.0243 265 147 499 314
bicycle 0.0239 0 106 46 270
bicycle 0.0237 0 96 61 176
bicycle 0.0235 0 142 56 344
bicycle 0.0233 24 68 110 168
bicycle 0.0231 1 148 43 233
bicycle 0.0225 8 47 64 106
bicycle 0.0223 105 174 377 326
bicycle 0.0217 289 180 358 230
bicycle 0.0210 20 68 82 101
bicycle 0.0208 0 72 36 127
bicycle 0.0205 82 115 127 180
bicycle 0.0203 0 154 53 201
bicycle 0.0200 112 115 140 164
bird 0.0410 77 275 274 343
boat 0.0380 0 0 102 71
boat 0.0300 0 9 225 125
boat 0.0288 142 12 345 169
boat 0.0228 126 0 232 59
boat 0.0224 28 27 295 154
boat 0.0222 49 21 228 96
boat 0.0221 12 0 262 73
boat 0.0205 160 15 327 97
boat 0.0204 165 4 231 51
bottle 0.1396 159 210 188 233
bottle 0.1180 155 212 193 263
bottle 0.1099 170 210 194 238
bottle 0.1088 169 134 257 246
bottle 0.0963 160 207 201 241
bottle 0.0942 182 202 213 264
bottle 0.0920 178 200 206 240
bottle 0.0892 434 338 500 375
bottle 0.0883 157 194 193 236
bottle 0.0811 158 235 192 268
bottle 0.0734 172 225 193 263
bottle 0.0712 186 209 209 249
bottle 0.0706 388 266 472 367
bottle 0.0704 417 312 500 375
bottle 0.0643 148 184 186 233
bottle 0.0633 183 202 230 246
bottle 0.0628 375 311 400 360
bottle 0.0609 116 234 187 323
bottle 0.0595 145 206 188 239
bottle 0.0579 118 261 167 298
bottle 0.0573 133 201 193 283
bottle 0.0561 170 163 226 256
bottle 0.0560 152 189 205 270
bottle 0.0559 208 115 268 220
bottle 0.0557 455 357 500 374
bottle 0.0553 173 197 195 228
bottle 0.0552 170 191 215 233
bottle 0.0540 189 216 218 269
bottle 0.0532 138 227 190 269
bottle 0.0521 164 199 187 227
bottle 0.0521 133 197 192 229
bottle 0.0504 135 215 212 328
bottle 0.0501 164 216 189 254
bottle 0.0476 143 156 220 278
bottle 0.0474 189 194 241 235
bottle 0.0462 170 224 213 270
bottle 0.0456 132 173 191 258
bottle 0.0456 157 195 181 226
bottle 0.0437 220 142 259 214
bottle 0.0421 194 213 214 249
bottle 0.0417 369 290 405 357
bottle 0.0417 150 210 177 236
bottle 0.0412 117 259 222 330
bottle 0.0408 198 198 238 261
bottle 0.0405 121 248 176 288
bottle 0.0400 463 324 500 375
bottle 0.0389 205 181 245 232
bottle 0.0386 181 196 214 224
bottle 0.0383 193 236 216 272
bottle 0.0380 161 229 201 301
bottle 0.0380 175 167 243 297
bottle 0.0377 211 202 235 234
bottle 0.0376 171 201 219 296
bottle 0.0372 163 206 201 226
bottle 0.0372 180 219 203 263
bottle 0.0366 195 198 216 232
bottle 0.0363 174 211 217 237
bottle 0.0351 159 187 227 326
bottle 0.0347 419 1 474 58
bottle 0.0345 171 220 197 248
bottle 0.0343 468 348 500 374
bottle 0.0339 436 103 461 149
bottle 0.0338 144 206 184 225
bottle 0.0333 211 156 253 226
bottle 0.0329 191 117 268 152
bottle 0.0328 202 203 227 235
bottle 0.0325 115 153 188 280
bottle 0.0324 171 147 230 213
bottle 0.0314 148 200 176 229
bottle 0.0304 120 258 154 284
bottle 0.0303 201 213 228 247
bottle 0.0301 204 194 226 225
bottle 0.0301 430 358 478 374
bottle 0.0300 199 221 228 272
bottle 0.0298 389 323 480 367
bottle 0.0291 173 183 236 225
bottle 0.0289 126 240 170 271
bottle 0.0289 148 236 189 291
bottle 0.0286 180 236 201 270
bottle 0.0283 206 238 223 272
bottle 0.0279 211 211 234 247
bottle 0.0278 144 240 180 267
bottle 0.0275 120 182 180 226
bottle 0.0273 171 191 197 216
bottle 0.0268 419 295 470 369
bottle 0.0265 441 349 487 374
bottle 0.0261 171 141 247 168
bottle 0.0257 223 116 269 178
bottle 0.0255 372 278 426 363
bottle 0.0254 155 150 217 233
bottle 0.0253 228 198 247 230
bottle 0.0252 164 241 189 277
bottle 0.0251 478 330 500 372
bottle 0.0251 228 105 267 130
bottle 0.0249 153 173 182 221
bottle 0.0246 384 307 404 345
bottle 0.0245 186 128 267 165
bottle 0.0245 154 276 235 336
bottle 0.0245 185 209 226 230
bottle 0.0243 436 345 466 375
bottle 0.0242 172 191 224 215
bottle 0.0242 159 160 176 194
bottle 0.0241 196 202 237 225
bottle 0.0241 185 218 227 240
bottle 0.0239 381 308 412 357
bottle 0.0239 154 262 206 325
bottle 0.0238 149 192 243 240
bottle 0.0238 384 305 454 361
bottle 0.0237 212 196 244 224
bottle 0.0236 167 246 215 319
bottle 0.0234 169 163 183 194
bottle 0.0232 114 241 205 290
bottle 0.0231 174 178 192 204
bottle 0.0230 142 206 164 233
bottle 0.0227 183 185 259 257
bottle 0.0226 125 162 251 234
bottle 0.0222 194 214 234 236
bottle 0.0222 134 242 156 270
bottle 0.0222 129 271 281 335
bottle 0.0220 168 177 184 203
bottle 0.0220 125 259 172 278
bottle 0.0219 173 138 268 200
bottle 0.0219 133 260 163 289
bottle 0.0218 206 108 268 137
bottle 0.0217 158 173 178 203
bottle 0.0217 139 186 208 221
bottle 0.0217 162 241 216 274
bottle 0.0214 132 250 156 278
bottle 0.0213 418 3 448 55
bottle 0.0211 439 285 490 365
bottle 0.0211 132 216 219 267
bottle 0.0210 147 221 195 250
bottle 0.0210 218 204 240 239
bottle 0.0209 213 236 230 272
bottle 0.0208 201 149 245 211
bottle 0.0208 148 292 303 344
bottle 0.0208 176 216 234 255
bottle 0.0208 402 272 455 343
bottle 0.0207 124 190 209 238
bottle 0.0207 123 252 147 279
bottle 0.0206 213 139 266 186
bottle 0.0206 443 329 500 359
bottle 0.0202 124 244 144 271
bottle 0.0202 336 304 405 362
bottle 0.0200 150 218 174 255
car 0.2055 0 126 37 169
car 0.1137 426 136 497 239
car 0.0897 361 107 437 233
car 0.0860 416 104 480 229
car 0.0801 385 103 463 230
car 0.0769 450 149 499 227
car 0.0693 0 0 45 51
car 0.0688 429 149 494 203
car 0.0687 0 128 35 151
car 0.0647 377 145 486 239
car 0.0585 255 13 343 157
car 0.0584 416 1 500 66
car 0.0542 0 116 42 205
car 0.0517 0 95 41 166
car 0.0507 416 101 473 169
car 0.0489 439 151 500 183
car 0.0467 0 1 77 60
car 0.0464 432 185 496 243
car 0.0453 0 3 98 101
car 0.0450 251 5 377 210
car 0.0449 0 109 28 155
car 0.0447 444 112 499 212
car 0.0446 0 66 20 102
car 0.0443 269 66 462 261
car 0.0437 0 0 23 39
car 0.0435 8 67 104 105
car 0.0429 467 177 499 216
car 0.0428 383 122 500 193
car 0.0425 393 205 498 311
car 0.0420 6 38 143 122
car 0.0419 423 159 475 225
car 0.0412 360 109 410 205
car 0.0408 178 11 353 186
car 0.0404 373 106 452 186
car 0.0399 422 0 467 16
car 0.0398 223 80 364 227
car 0.0378 246 61 358 183
car 0.0375 0 139 33 191
car 0.0375 223 103 267 130
car 0.0374 420 0 488 30
car 0.0368 466 153 499 198
car 0.0366 250 112 387 252
car 0.0343 3 141 39 165
car 0.0340 63 5 388 143
car 0.0339 384 193 500 265
car 0.0326 416 138 500 187
car 0.0325 362 144 444 284
car 0.0317 430 111 489 178
car 0.0309 459 130 499 188
car 0.0303 0 70 24 121
car 0.0303 176 4 487 152
car 0.0300 0 0 29 22
car 0.0300 186 113 330 201
car 0.0295 410 0 468 49
car 0.0293 1 118 40 139
car 0.0290 409 170 500 230
car 0.0288 0 136 30 160
car 0.0288 250 3 356 81
car 0.0287 193 13 349 100
car 0.0282 399 104 465 148
car 0.0281 369 106 424 164
car 0.0278 0 84 70 156
car 0.0277 425 106 459 156
car 0.0277 261 16 326 101
car 0.0273 432 151 471 183
car 0.0272 1 74 87 116
car 0.0271 339 0 486 247
car 0.0269 430 211 496 267
car 0.0262 386 103 442 161
car 0.0260 0 117 62 157
car 0.0259 0 68 38 101
car 0.0257 348 113 395 216
car 0.0256 477 153 500 186
car 0.0254 0 111 48 144
car 0.0254 0 5 39 30
car 0.0253 450 184 500 222
car 0.0250 460 160 500 182
car 0.0249 0 63 59 110
car 0.0245 0 14 42 100
car 0.0245 225 4 416 111
car 0.0243 354 105 500 218
car 0.0243 474 167 500 202
car 0.0239 261 7 347 44
car 0.0237 313 0 481 69
car 0.0237 367 156 470 213
car 0.0233 282 50 428 200
car 0.0233 1 103 21 139
car 0.0227 353 154 421 224
car 0.0225 398 154 476 191
car 0.0218 462 198 500 219
car 0.0218 307 119 410 230
car 0.0217 141 88 322 181
car 0.0217 270 1 395 58
car 0.0216 0 43 24 104
car 0.0213 324 99 470 174
car 0.0212 0 48 85 91
car 0.0210 1 153 38 174
car 0.0210 383 0 457 38
car 0.0209 0 28 81 73
car 0.0208 0 9 29 64
car 0.0207 0 123 23 141
car 0.0203 360 0 493 48
car 0.0203 255 95 394 171
car 0.0201 183 64 346 146
cat 0.0622 117 262 171 324
chair 0.0822 195 114 349 355
chair 0.0766 50 100 307 327
chair 0.0652 168 110 268 212
chair 0.0558 191 110 335 248
chair 0.0544 104 82 289 246
chair 0.0528 145 105 268 165
chair 0.0511 106 107 181 221
chair 0.0507 170 102 270 305
chair 0.0481 135 70 277 193
chair 0.0424 253 134 352 274
chair 0.0423 5 190 102 345
chair 0.0420 157 109 207 149
chair 0.0370 160 46 252 170
chair 0.0344 163 108 234 156
chair 0.0339 91 46 187 176
chair 0.0329 137 49 214 151
chair 0.0326 108 34 234 188
chair 0.0313 214 149 333 297
chair 0.0311 142 108 230 205
chair 0.0308 113 102 240 308
chair 0.0304 121 117 171 190
chair 0.0301 126 25 279 151
chair 0.0290 44 95 164 290
chair 0.0287 125 150 175 191
chair 0.0275 261 18 327 112
chair 0.0270 50 31 152 147
chair 0.0260 167 40 223 132
chair 0.0257 0 38 102 313
chair 0.0256 166 120 216 161
chair 0.0255 167 124 200 149
chair 0.0251 0 212 60 341
chair 0.0249 60 39 324 169
chair 0.0246 172 141 239 169
chair 0.0242 88 64 254 149
chair 0.0242 0 68 56 172
chair 0.0241 195 80 328 182
chair 0.0240 84 104 160 239
chair 0.0240 57 47 221 127
chair 0.0236 134 110 191 175
chair 0.0234 24 73 100 103
chair 0.0227 113 48 172 138
chair 0.0226 161 133 252 187
chair 0.0226 244 184 365 317
chair 0.0224 91 130 363 275
chair 0.0221 0 66 42 129
chair 0.0220 95 120 134 183
chair 0.0215 157 12 248 124
chair 0.0215 18 18 163 109
chair 0.0214 123 128 197 200
chair 0.0212 145 145 173 189
chair 0.0207 222 26 328 169
chair 0.0201 189 150 298 270
dog 0.0395 102 276 295 346
motorbike 0.3603 349 82 491 354
motorbike 0.1883 0 129 37 180
motorbike 0.1244 426 149 499 257
motorbike 0.1242 373 0 490 286
motorbike 0.1144 406 115 494 286
motorbike 0.1044 276 12 500 345
motorbike 0.0879 456 160 500 239
motorbike 0.0762 404 168 495 345
motorbike 0.0743 364 106 477 251
motorbike 0.0517 349 36 452 260
motorbike 0.0511 416 0 492 59
motorbike 0.0492 305 102 425 304
motorbike 0.0467 379 0 495 144
motorbike 0.0421 287 184 500 351
motorbike 0.0418 477 191 499 234
motorbike 0.0403 440 31 500 268
motorbike 0.0334 393 70 500 201
motorbike 0.0318 344 97 443 220
motorbike 0.0311 388 0 486 85
motorbike 0.0258 352 125 449 305
motorbike 0.0218 304 32 500 218
motorbike 0.0212 467 193 497 223
person 0.1571 389 0 500 287
person 0.1427 422 0 494 149
person 0.1258 471 106 490 150
person 0.1119 418 0 495 68
person 0.1060 161 107 315 349
person 0.1040 171 107 270 220
person 0.1017 119 260 165 321
person 0.0952 411 79 496 247
person 0.0951 0 133 35 198
person 0.0890 223 54 364 304
person 0.0877 448 0 500 110
person 0.0846 426 101 462 168
person 0.0763 465 169 500 235
person 0.0761 460 0 500 64
person 0.0758 475 106 497 157
person 0.0716 176 106 269 166
person 0.0713 386 168 496 363
person 0.0699 432 154 492 230
person 0.0695 423 158 467 229
person 0.0660 440 0 496 33
person 0.0654 164 72 296 263
person 0.0651 463 97 497 177
person 0.0627 250 5 377 245
person 0.0625 414 257 498 372
person 0.0611 326 0 470 266
person 0.0562 391 0 472 182
person 0.0558 421 120 476 225
person 0.0542 475 173 498 218
person 0.0539 117 262 200 328
person 0.0531 463 56 498 158
person 0.0508 467 117 485 152
person 0.0501 258 28 346 195
person 0.0497 429 99 487 189
person 0.0496 362 116 393 180
person 0.0474 419 0 466 53
person 0.0474 255 106 349 251
person 0.0467 377 51 468 235
person 0.0465 405 101 459 201
person 0.0462 438 0 500 255
person 0.0459 415 154 491 292
person 0.0455 442 0 490 18
person 0.0452 404 133 462 231
person 0.0444 443 76 500 207
person 0.0444 205 104 270 148
person 0.0439 182 47 269 172
person 0.0425 352 95 437 248
person 0.0423 464 188 482 219
person 0.0423 449 186 467 221
person 0.0421 176 26 355 211
person 0.0419 459 0 488 29
person 0.0418 310 85 421 280
person 0.0411 454 19 500 175
person 0.0407 460 181 491 225
person 0.0406 387 151 471 278
person 0.0402 383 264 466 367
person 0.0396 426 0 476 16
person 0.0396 393 107 429 172
person 0.0392 437 101 461 146
person 0.0391 476 159 499 203
person 0.0391 379 106 443 216
person 0.0388 7 136 36 169
person 0.0388 446 183 487 235
person 0.0386 371 109 419 188
person 0.0379 452 191 474 225
person 0.0377 411 99 454 158
person 0.0370 476 0 500 38
person 0.0370 0 156 24 200
person 0.0366 449 174 476 219
person 0.0363 363 118 381 158
person 0.0354 455 186 472 214
person 0.0354 414 55 478 165
person 0.0349 112 45 146 109
person 0.0345 159 106 246 145
person 0.0331 430 241 494 338
person 0.0329 458 234 499 328
person 0.0325 474 114 500 187
person 0.0324 449 100 485 153
person 0.0318 362 120 406 210
person 0.0315 464 177 482 208
person 0.0312 405 1 476 108
person 0.0308 443 160 470 210
person 0.0306 438 0 473 43
person 0.0299 413 167 448 227
person 0.0298 212 111 276 233
person 0.0296 118 44 138 79
person 0.0295 470 156 496 189
person 0.0295 366 118 389 149
person 0.0292 380 149 421 216
person 0.0289 375 119 396 157
person 0.0289 449 123 500 281
person 0.0287 346 298 495 370
person 0.0284 458 160 492 208
person 0.0283 312 151 393 301
person 0.0281 420 0 484 25
person 0.0278 129 281 156 320
person 0.0278 440 100 460 123
person 0.0277 458 106 473 147
person 0.0277 436 201 494 276
person 0.0276 352 0 440 140
person 0.0275 460 88 491 153
person 0.0275 470 197 500 273
person 0.0274 451 2 484 48
person 0.0272 448 156 480 197
person 0.0271 455 120 493 185
person 0.0271 463 196 485 230
person 0.0268 473 254 500 328
person 0.0268 424 0 454 30
person 0.0268 391 129 427 192
person 0.0266 445 155 468 187
person 0.0263 431 150 471 200
person 0.0263 325 90 402 228
person 0.0262 410 173 426 214
person 0.0259 292 9 413 201
person 0.0257 467 4 495 43
person 0.0254 472 38 500 199
person 0.0253 218 103 267 133
person 0.0252 326 250 500 375
person 0.0250 433 180 465 229
person 0.0248 468 195 496 232
person 0.0246 406 166 434 228
person 0.0246 463 0 500 21
person 0.0246 444 101 465 135
person 0.0245 311 0 399 130
person 0.0245 407 137 427 173
person 0.0242 459 156 486 186
person 0.0241 422 184 472 259
person 0.0240 454 169 473 200
person 0.0239 229 104 273 164
person 0.0239 419 2 447 42
person 0.0238 426 60 463 149
person 0.0238 417 189 434 227
person 0.0237 70 260 168 335
person 0.0237 373 283 408 314
person 0.0236 435 156 461 188
person 0.0236 374 216 466 331
person 0.0236 453 279 500 367
person 0.0235 474 229 500 305
person 0.0234 365 148 428 255
person 0.0232 466 13 499 94
person 0.0231 14 146 36 186
person 0.0231 377 135 395 173
person 0.0231 351 119 389 208
person 0.0230 158 81 245 168
person 0.0227 478 232 499 271
person 0.0227 225 16 331 151
person 0.0226 378 122 406 172
person 0.0225 393 161 427 227
person 0.0225 467 103 491 132
person 0.0225 118 260 160 294
person 0.0224 428 100 458 127
person 0.0223 435 0 462 19
person 0.0220 264 11 344 123
person 0.0218 428 156 457 210
person 0.0216 438 165 459 205
person 0.0215 471 121 491 162
person 0.0215 420 0 452 18
person 0.0214 318 180 358 231
person 0.0212 422 186 442 226
person 0.0212 159 81 204 143
person 0.0211 434 4 473 71
person 0.0211 367 132 388 175
person 0.0211 363 132 380 177
person 0.0211 479 120 499 166
person 0.0210 371 269 428 356
person 0.0207 363 281 405 352
person 0.0207 451 152 475 183
person 0.0206 479 212 500 256
person 0.0206 476 76 500 144
person 0.0206 421 205 488 307
person 0.0205 486 103 500 153
person 0.0205 241 108 267 136
person 0.0205 412 109 437 154
person 0.0204 366 98 405 161
person 0.0203 409 164 425 198
person 0.0201 408 110 444 172
person 0.0201 405 110 428 147
person 0.0200 438 25 484 116
person 0.0200 443 102 458 116
pottedplant 0.0600 4 189 317 342
pottedplant 0.0583 154 110 327 352
pottedplant 0.0554 18 125 209 343
pottedplant 0.0532 7 251 141 340
pottedplant 0.0460 19 254 288 339
pottedplant 0.0408 12 164 136 335
pottedplant 0.0375 109 111 182 231
pottedplant 0.0335 216 159 350 351
pottedplant 0.0302 138 144 176 197
pottedplant 0.0283 171 33 235 55
pottedplant 0.0277 0 197 61 349
pottedplant 0.0273 139 40 218 148
pottedplant 0.0271 186 0 229 46
pottedplant 0.0268 44 215 156 337
pottedplant 0.0263 116 246 337 350
pottedplant 0.0259 101 257 236 342
pottedplant 0.0257 115 148 214 233
pottedplant 0.0257 117 259 158 289
pottedplant 0.0250 281 181 470 375
pottedplant 0.0244 200 132 271 273
pottedplant 0.0242 236 238 366 349
pottedplant 0.0236 167 50 199 113
pottedplant 0.0234 159 156 176 190
pottedplant 0.0233 75 255 171 330
pottedplant 0.0231 151 156 171 188
pottedplant 0.0225 129 155 173 187
pottedplant 0.0223 307 297 486 368
pottedplant 0.0220 397 10 465 170
pottedplant 0.0219 121 157 175 225
pottedplant 0.0217 409 185 500 375
pottedplant 0.0216 404 251 491 325
pottedplant 0.0214 148 125 237 233
pottedplant 0.0213 140 169 268 350
pottedplant 0.0212 160 31 235 134
pottedplant 0.0209 83 188 190 289
pottedplant 0.0206 197 7 220 39
pottedplant 0.0205 193 196 284 341
train 0.0479 312 0 471 238
train 0.0414 251 0 381 192
train 0.0349 60 0 372 366
train 0.0337 210 0 485 361
train 0.0323 242 0 469 134
train 0.0255 355 0 500 375
train 0.0205 0 0 152 37
tvmonitor 0.0362 425 103 465 154
tvmonitor 0.0336 172 150 231 202
tvmonitor 0.0217 172 143 236 180
