bird 0.8122 130 105 284 204
bird 0.3056 20 0 177 103
bird 0.2728 106 33 281 196
bird 0.2059 118 105 294 292
bird 0.1963 45 0 243 129
bird 0.1921 12 0 72 114
bird 0.1902 16 86 84 197
bird 0.1883 61 0 157 83
bird 0.1851 252 0 323 47
bird 0.1723 74 198 333 331
bird 0.1609 21 0 134 70
bird 0.1408 14 0 146 185
bird 0.1396 11 66 68 114
bird 0.1371 140 278 210 333
bird 0.1335 10 55 76 164
bird 0.1298 147 106 275 154
bird 0.1235 31 7 74 83
bird 0.1096 139 274 280 333
bird 0.1045 57 138 83 194
bird 0.1040 12 0 81 21
bird 0.0923 21 0 87 51
bird 0.0887 126 0 344 139
bird 0.0863 465 309 500 333
bird 0.0861 158 197 221 233
bird 0.0827 117 78 343 217
bird 0.0789 124 234 286 326
bird 0.0785 238 0 348 115
bird 0.0782 26 34 69 111
bird 0.0780 41 115 83 196
bird 0.0775 129 155 285 225
bird 0.0763 94 0 178 150
bird 0.0761 134 118 261 176
bird 0.0722 94 11 406 207
bird 0.0686 51 12 119 86
bird 0.0677 0 0 66 63
bird 0.0659 6 24 95 143
bird 0.0658 155 182 260 224
bird 0.0645 38 5 93 72
bird 0.0636 86 14 147 99
bird 0.0622 9 0 108 33
bird 0.0606 19 105 81 159
bird 0.0579 45 214 223 330
bird 0.0571 88 38 120 82
bird 0.0568 195 0 312 60
bird 0.0567 105 46 158 146
bird 0.0564 160 174 262 206
bird 0.0550 139 140 272 194
bird 0.0549 14 75 67 100
bird 0.0548 188 0 283 110
bird 0.0546 75 29 133 79
bird 0.0543 122 185 290 243
bird 0.0539 69 270 228 331
bird 0.0530 7 0 274 218
bird 0.0518 127 89 212 174
bird 0.0507 37 30 62 86
bird 0.0507 34 0 162 42
bird 0.0503 199 117 276 201
bird 0.0497 39 80 250 194
bird 0.0497 190 106 282 138
bird 0.0487 80 0 301 94
bird 0.0487 90 0 182 58
bird 0.0475 29 23 104 95
bird 0.0458 272 0 349 53
bird 0.0450 462 117 499 206
bird 0.0448 103 9 154 78
bird 0.0444 16 81 80 132
bird 0.0444 232 0 288 51
bird 0.0439 0 0 46 27
bird 0.0432 32 0 85 15
bird 0.0430 141 186 234 238
bird 0.0422 0 0 38 53
bird 0.0421 129 248 228 333
bird 0.0413 57 0 109 59
bird 0.0413 208 175 272 214
bird 0.0407 58 158 77 194
bird 0.0406 32 17 56 75
bird 0.0403 99 170 278 270
bird 0.0402 71 70 482 292
bird 0.0400 5 43 55 113
bird 0.0399 26 1 60 66
bird 0.0398 143 0 341 73
bird 0.0397 107 30 151 97
bird 0.0397 164 219 379 328
bird 0.0397 103 0 213 97
bird 0.0388 468 288 500 333
bird 0.0382 142 297 194 333
bird 0.0381 71 20 142 133
bird 0.0381 20 33 133 122
bird 0.0376 172 0 249 89
bird 0.0373 94 41 140 107
bird 0.0369 215 0 368 193
bird 0.0369 0 0 83 208
bird 0.0365 16 50 97 116
bird 0.0363 270 0 319 33
bird 0.0357 6 10 49 94
bird 0.0356 174 102 248 141
bird 0.0352 25 219 137 332
bird 0.0352 15 112 146 192
bird 0.0350 302 0 346 30
bird 0.0347 79 47 153 83
bird 0.0345 124 204 327 279
bird 0.0341 36 77 63 106
bird 0.0339 46 37 125 77
bird 0.0331 4 77 59 127
bird 0.0331 195 181 254 219
bird 0.0329 53 46 176 165
bird 0.0328 222 0 263 54
bird 0.0327 120 54 200 157
bird 0.0322 35 75 64 92
bird 0.0321 65 34 108 88
bird 0.0317 44 142 406 333
bird 0.0309 178 278 256 332
bird 0.0307 35 0 225 65
bird 0.0306 144 168 247 196
bird 0.0302 236 6 343 63
bird 0.0302 28 0 60 18
bird 0.0301 103 199 252 298
bird 0.0299 150 105 209 155
bird 0.0298 74 0 134 64
bird 0.0293 141 11 260 123
bird 0.0291 300 1 361 46
bird 0.0291 177 192 245 226
bird 0.0288 476 115 500 185
bird 0.0287 157 201 269 240
bird 0.0284 177 112 219 141
bird 0.0283 424 276 498 333
bird 0.0282 33 58 64 100
bird 0.0281 33 46 106 82
bird 0.0279 252 0 392 42
bird 0.0278 137 174 234 217
bird 0.0278 278 10 362 145
bird 0.0277 116 117 439 246
bird 0.0275 126 70 166 146
bird 0.0275 437 314 500 333
bird 0.0271 43 77 67 96
bird 0.0271 57 12 148 55
bird 0.0270 177 200 205 230
bird 0.0268 2 95 88 145
bird 0.0267 162 196 218 218
bird 0.0265 62 237 162 333
bird 0.0261 148 281 187 327
bird 0.0260 130 0 188 65
bird 0.0260 128 122 209 192
bird 0.0255 3 78 150 157
bird 0.0254 6 81 44 151
bird 0.0253 94 53 115 84
bird 0.0252 133 115 196 167
bird 0.0245 421 186 500 333
bird 0.0243 21 36 93 74
bird 0.0243 257 0 316 20
bird 0.0241 127 98 173 158
bird 0.0239 64 0 154 14
bird 0.0239 468 137 498 190
bird 0.0238 7 166 166 327
bird 0.0238 29 5 71 38
bird 0.0238 6 50 78 87
bird 0.0234 160 0 205 80
bird 0.0234 225 0 276 35
bird 0.0234 198 245 316 333
bird 0.0233 14 129 76 190
bird 0.0233 206 28 334 136
bird 0.0233 57 175 78 194
bird 0.0229 46 99 195 177
bird 0.0228 246 38 427 242
bird 0.0227 30 0 137 18
bird 0.0225 169 116 228 152
bird 0.0224 137 50 265 152
bird 0.0224 39 101 111 197
bird 0.0222 38 0 91 30
bird 0.0220 29 8 75 24
bird 0.0219 244 208 354 323
bird 0.0219 41 40 86 106
bird 0.0218 181 206 217 231
bird 0.0218 49 74 64 93
bird 0.0218 240 0 433 133
bird 0.0217 64 135 82 177
bird 0.0216 13 145 163 202
bird 0.0215 193 167 280 201
bird 0.0214 114 30 175 80
bird 0.0214 173 0 220 65
bird 0.0213 156 100 233 167
bird 0.0213 438 112 499 231
bird 0.0212 42 132 234 210
bird 0.0211 165 186 238 213
bird 0.0211 24 116 296 242
bird 0.0210 40 20 71 70
bird 0.0209 0 1 29 35
bird 0.0208 77 290 194 333
bird 0.0207 30 155 83 196
bird 0.0206 43 59 61 88
bird 0.0206 113 13 171 114
bird 0.0205 456 259 499 333
bird 0.0205 82 45 122 116
bird 0.0204 46 14 97 53
bird 0.0203 210 146 278 196
bird 0.0202 79 17 196 82
bird 0.0201 185 305 254 332
bird 0.0201 110 97 191 204
bird 0.0200 0 17 86 90
cat 0.0892 42 206 366 333
person 0.0894 28 0 184 191
person 0.0828 0 15 385 333
person 0.0429 0 0 102 133
person 0.0352 0 171 437 333
person 0.0343 92 0 437 236
person 0.0264 0 0 197 95
person 0.0234 0 0 127 72
person 0.0204 361 0 485 251
sofa 0.0209 0 79 457 313
