bicycle 0.1226 286 54 323 108
bicycle 0.0745 291 68 313 108
bicycle 0.0404 10 222 262 375
bicycle 0.0348 237 196 470 375
bicycle 0.0254 284 84 321 107
bicycle 0.0244 260 67 333 108
bird 0.0252 378 88 480 155
boat 0.0233 0 32 500 358
bottle 0.0606 387 91 428 144
bottle 0.0579 381 90 464 155
bottle 0.0321 386 92 405 134
bottle 0.0305 272 333 327 375
bottle 0.0264 236 290 281 373
bottle 0.0262 253 318 320 372
bottle 0.0259 235 333 305 375
bottle 0.0255 265 357 323 374
bottle 0.0253 345 298 391 375
bottle 0.0237 295 338 320 373
bottle 0.0231 381 80 444 132
bottle 0.0230 299 275 316 309
bottle 0.0213 387 92 416 121
bottle 0.0208 269 330 301 375
bottle 0.0206 281 337 304 373
chair 0.0492 358 189 470 375
chair 0.0490 230 234 408 374
chair 0.0395 375 243 443 375
chair 0.0333 44 215 231 375
chair 0.0294 38 293 234 371
chair 0.0273 112 250 241 372
chair 0.0245 352 262 424 375
chair 0.0229 356 284 471 374
chair 0.0226 359 311 440 375
chair 0.0225 1 338 83 375
chair 0.0224 240 300 402 372
chair 0.0222 13 213 89 369
chair 0.0215 276 260 472 372
chair 0.0210 118 297 282 371
chair 0.0208 336 250 399 371
diningtable 0.0666 62 98 473 371
diningtable 0.0633 4 203 309 375
diningtable 0.0355 179 175 500 375
diningtable 0.0234 13 278 269 375
motorbike 0.0255 271 64 344 108
person 0.8730 39 66 232 367
person 0.8676 253 68 459 370
person 0.7786 242 181 394 375
person 0.7261 286 29 323 107
person 0.4118 72 55 380 375
person 0.4038 116 59 227 319
person 0.3052 0 54 23 92
person 0.1393 323 137 453 374
person 0.1333 20 69 144 304
person 0.1093 292 106 418 350
person 0.1035 122 61 219 201
person 0.0994 134 129 243 375
person 0.0990 0 9 23 99
person 0.0879 280 64 459 206
person 0.0846 294 32 327 85
person 0.0826 160 179 355 375
person 0.0808 125 55 171 124
person 0.0797 289 56 316 108
person 0.0724 237 207 327 370
person 0.0666 284 63 378 191
person 0.0655 0 72 29 93
person 0.0637 286 39 350 157
person 0.0610 0 199 264 375
person 0.0610 288 52 338 109
person 0.0579 127 56 164 76
person 0.0571 293 62 426 157
person 0.0563 125 60 204 134
person 0.0532 119 59 155 134
person 0.0528 347 77 479 308
person 0.0503 249 117 359 321
person 0.0483 243 56 399 293
person 0.0479 351 75 479 178
person 0.0461 313 61 392 117
person 0.0459 257 75 363 247
person 0.0455 0 38 38 91
person 0.0454 127 54 172 91
person 0.0451 24 143 151 375
person 0.0447 146 54 170 73
person 0.0447 296 191 372 322
person 0.0441 127 56 149 87
person 0.0440 164 241 233 374
person 0.0432 20 68 139 187
person 0.0431 13 75 102 233
person 0.0428 192 78 347 351
person 0.0428 133 58 295 254
person 0.0427 273 29 335 131
person 0.0420 336 197 371 286
person 0.0410 286 54 325 137
person 0.0382 233 254 298 372
person 0.0372 101 72 197 242
person 0.0371 317 189 358 273
person 0.0370 181 217 270 373
person 0.0357 0 0 44 98
person 0.0353 292 30 323 61
person 0.0352 32 68 183 151
person 0.0331 289 33 315 74
person 0.0325 130 54 191 106
person 0.0322 124 65 181 166
person 0.0318 377 183 470 375
person 0.0311 310 37 333 85
person 0.0307 155 54 379 215
person 0.0307 314 191 388 375
person 0.0307 103 64 240 150
person 0.0305 303 30 328 65
person 0.0304 306 72 410 234
person 0.0300 380 87 448 153
person 0.0299 136 55 187 78
person 0.0296 388 96 477 255
person 0.0295 235 267 369 375
person 0.0293 313 61 333 98
person 0.0281 116 56 161 103
person 0.0280 30 76 74 167
person 0.0277 242 309 402 371
person 0.0274 315 67 387 165
person 0.0273 342 191 386 299
person 0.0273 263 210 500 367
person 0.0269 44 71 123 108
person 0.0264 75 69 123 129
person 0.0261 208 75 335 243
person 0.0260 44 73 101 166
person 0.0259 72 167 215 375
person 0.0257 293 56 374 104
person 0.0251 118 123 192 272
person 0.0250 0 55 21 130
person 0.0248 171 62 214 131
person 0.0246 307 56 467 129
person 0.0246 127 57 151 115
person 0.0245 248 72 387 146
person 0.0245 96 64 142 132
person 0.0245 19 89 63 158
person 0.0240 0 63 51 93
person 0.0239 58 73 113 144
person 0.0233 293 83 344 178
person 0.0233 153 56 167 70
person 0.0232 329 195 447 322
person 0.0231 256 208 307 320
person 0.0230 61 55 238 214
person 0.0228 304 65 326 107
person 0.0224 191 50 349 160
person 0.0223 313 73 335 107
person 0.0223 124 111 226 242
person 0.0220 227 68 320 189
person 0.0219 302 181 345 257
person 0.0219 161 143 500 375
person 0.0219 346 190 376 263
person 0.0218 210 270 280 375
person 0.0217 66 71 131 167
person 0.0216 273 247 407 372
person 0.0216 131 57 145 72
person 0.0215 142 158 233 302
person 0.0213 253 275 315 375
person 0.0212 297 30 332 49
person 0.0209 332 224 376 306
person 0.0209 375 52 474 145
person 0.0208 208 53 337 117
person 0.0207 286 31 321 49
person 0.0206 174 64 274 199
person 0.0204 344 68 391 145
person 0.0204 332 179 370 254
person 0.0204 377 72 424 137
person 0.0204 250 180 469 295
person 0.0201 0 62 32 105
sofa 0.0827 158 102 500 375
sofa 0.0696 0 96 388 375
