bicycle 0.1361 18 197 201 490
bicycle 0.1009 5 354 195 490
bicycle 0.0463 77 428 191 487
bicycle 0.0364 0 465 33 500
bicycle 0.0326 93 452 165 490
bird 0.0615 38 404 188 486
bird 0.0608 89 432 183 484
bird 0.0399 90 366 189 483
bird 0.0327 96 33 345 499
bird 0.0253 119 420 184 476
bird 0.0220 116 445 187 477
boat 0.1078 0 112 281 481
boat 0.0360 0 451 74 496
boat 0.0302 0 402 208 500
boat 0.0251 0 473 67 500
bottle 0.0403 97 206 147 413
bottle 0.0393 32 437 66 478
bottle 0.0254 98 217 117 338
bottle 0.0245 105 218 133 344
bottle 0.0242 32 403 66 489
bottle 0.0239 33 444 73 497
bottle 0.0214 44 443 65 487
bottle 0.0210 132 222 156 334
car 0.0303 0 476 27 499
chair 0.0754 154 206 335 478
chair 0.0596 296 430 363 499
chair 0.0429 242 178 353 500
chair 0.0403 273 263 362 499
chair 0.0370 0 476 36 499
chair 0.0363 261 287 328 486
chair 0.0357 0 409 169 489
chair 0.0296 0 465 49 500
chair 0.0291 298 357 367 500
chair 0.0288 307 234 371 480
chair 0.0286 54 120 332 488
chair 0.0277 4 0 49 58
chair 0.0270 0 465 18 500
chair 0.0268 315 448 372 498
chair 0.0267 345 461 374 500
chair 0.0255 0 430 88 496
chair 0.0255 263 410 369 498
chair 0.0251 4 365 199 500
chair 0.0246 91 263 192 479
chair 0.0227 163 333 367 493
chair 0.0210 340 426 372 500
chair 0.0207 0 374 119 475
chair 0.0206 330 434 362 500
chair 0.0204 345 451 362 499
diningtable 0.1522 0 168 240 487
diningtable 0.0575 69 213 324 481
diningtable 0.0296 0 368 235 500
diningtable 0.0214 0 238 159 473
diningtable 0.0211 39 90 374 500
person 0.8862 39 33 200 480
person 0.4240 27 124 135 468
person 0.2430 90 126 189 475
person 0.1811 57 23 206 291
person 0.1713 65 25 202 154
person 0.1170 27 107 47 175
person 0.1015 23 201 98 455
person 0.0817 4 209 181 495
person 0.0691 0 99 308 487
person 0.0609 46 124 66 181
person 0.0588 87 416 186 485
person 0.0580 36 109 68 185
person 0.0557 98 232 169 482
person 0.0494 0 106 89 478
person 0.0482 53 66 153 401
person 0.0475 45 105 81 187
person 0.0473 10 86 49 182
person 0.0453 44 131 117 386
person 0.0429 27 106 46 140
person 0.0424 65 80 175 170
person 0.0412 114 99 191 360
person 0.0412 26 250 73 477
person 0.0393 22 101 58 186
person 0.0385 8 326 143 486
person 0.0358 96 188 147 433
person 0.0354 98 27 202 83
person 0.0348 72 56 170 134
person 0.0342 43 124 59 173
person 0.0337 81 37 188 102
person 0.0326 48 102 119 282
person 0.0324 11 188 67 416
person 0.0319 33 123 50 175
person 0.0315 45 41 148 174
person 0.0309 29 77 76 180
person 0.0306 37 372 170 486
person 0.0306 3 16 54 181
person 0.0304 95 441 164 478
person 0.0303 23 436 200 492
person 0.0292 31 442 70 496
person 0.0290 129 15 204 64
person 0.0284 193 93 219 189
person 0.0279 84 105 162 158
person 0.0275 4 100 36 185
person 0.0274 46 89 100 178
person 0.0270 45 118 106 198
person 0.0269 102 33 195 232
person 0.0268 15 23 116 182
person 0.0259 26 0 170 203
person 0.0259 31 119 96 347
person 0.0257 136 93 207 310
person 0.0255 199 100 230 186
person 0.0251 71 67 137 156
person 0.0243 15 438 83 489
person 0.0243 69 201 133 432
person 0.0242 117 439 187 474
person 0.0229 94 365 179 477
person 0.0227 53 85 82 164
person 0.0226 2 300 85 465
person 0.0221 57 210 111 413
person 0.0221 72 275 144 481
person 0.0221 5 0 48 64
person 0.0219 70 77 109 159
person 0.0214 117 103 171 167
person 0.0213 44 138 85 204
person 0.0213 97 446 137 482
person 0.0212 30 219 72 385
person 0.0212 63 97 134 186
person 0.0212 48 462 65 499
person 0.0210 99 17 374 465
person 0.0208 14 458 73 499
person 0.0207 210 135 227 179
person 0.0206 17 410 140 489
person 0.0206 180 79 211 184
person 0.0205 352 233 374 308
person 0.0203 87 99 179 213
person 0.0203 97 113 150 177
pottedplant 0.0405 94 446 159 482
pottedplant 0.0265 265 193 365 499
pottedplant 0.0210 81 445 187 490
pottedplant 0.0207 345 234 374 306
pottedplant 0.0205 307 218 372 457
sofa 0.1090 0 91 248 483
sofa 0.0203 3 0 49 73
