aeroplane 0.0839 58 57 374 369
aeroplane 0.0746 0 2 500 338
bicycle 0.4684 44 158 120 300
bicycle 0.4570 9 213 90 353
bicycle 0.3289 29 187 109 335
bicycle 0.2559 0 152 62 357
bicycle 0.2170 29 257 95 339
bicycle 0.2052 93 211 240 372
bicycle 0.1980 4 179 137 361
bicycle 0.1942 85 297 254 372
bicycle 0.1766 0 263 86 372
bicycle 0.1650 34 167 195 371
bicycle 0.1053 137 252 264 371
bicycle 0.1046 62 149 150 339
bicycle 0.1040 50 274 91 336
bicycle 0.0735 44 234 118 310
bicycle 0.0693 57 200 110 296
bicycle 0.0675 56 164 127 246
bicycle 0.0626 0 254 175 370
bicycle 0.0600 77 178 122 276
bicycle 0.0592 0 246 111 332
bicycle 0.0587 126 319 266 375
bicycle 0.0573 0 293 83 336
bicycle 0.0520 1 307 69 367
bicycle 0.0516 30 179 82 296
bicycle 0.0477 165 287 283 374
bicycle 0.0423 149 246 377 372
bicycle 0.0410 26 293 79 361
bicycle 0.0405 8 223 128 302
bicycle 0.0399 48 302 88 338
bicycle 0.0392 471 344 500 375
bicycle 0.0375 10 267 72 342
bicycle 0.0368 45 182 95 278
bicycle 0.0367 130 296 215 375
bicycle 0.0365 0 225 75 319
bicycle 0.0360 101 330 225 373
bicycle 0.0358 50 261 111 321
bicycle 0.0350 35 170 113 217
bicycle 0.0329 88 191 120 258
bicycle 0.0309 138 338 208 374
bicycle 0.0302 24 171 93 252
bicycle 0.0297 33 262 85 312
bicycle 0.0296 33 252 109 296
bicycle 0.0289 8 165 205 280
bicycle 0.0284 41 219 102 285
bicycle 0.0279 63 200 164 300
bicycle 0.0272 0 159 85 278
bicycle 0.0270 157 321 226 374
bicycle 0.0270 1 329 87 375
bicycle 0.0264 64 231 125 290
bicycle 0.0263 82 173 185 290
bicycle 0.0253 0 177 135 260
bicycle 0.0253 20 307 105 370
bicycle 0.0243 69 192 118 245
bicycle 0.0240 42 263 126 349
bicycle 0.0227 43 304 100 351
bicycle 0.0219 249 291 406 369
bicycle 0.0213 94 182 135 271
bicycle 0.0211 12 312 93 350
bicycle 0.0211 419 321 498 375
bicycle 0.0207 54 290 105 341
bicycle 0.0204 14 154 126 227
bicycle 0.0203 93 209 115 249
bicycle 0.0200 0 273 302 375
boat 0.0735 0 9 498 332
bottle 0.0699 0 0 39 69
bottle 0.0677 157 204 189 271
bottle 0.0348 162 210 187 249
bottle 0.0331 0 0 40 25
bottle 0.0267 184 187 212 270
bottle 0.0261 154 180 186 250
bottle 0.0260 164 228 186 271
bottle 0.0257 181 228 202 281
bottle 0.0232 164 200 186 234
bottle 0.0230 4 5 30 45
bottle 0.0228 172 231 194 277
bottle 0.0212 374 0 500 50
bottle 0.0204 159 164 191 235
bottle 0.0203 10 2 39 38
bottle 0.0201 172 212 190 244
bus 0.1547 17 0 500 292
bus 0.1143 0 18 405 194
bus 0.0835 28 8 285 328
bus 0.0747 7 0 216 198
bus 0.0535 270 0 494 308
bus 0.0516 3 0 299 116
bus 0.0502 0 39 271 152
bus 0.0308 0 17 121 318
bus 0.0216 178 0 392 203
car 0.5047 360 137 490 270
car 0.3782 355 0 498 272
car 0.2971 408 147 496 251
car 0.1913 325 79 472 301
car 0.1913 349 116 435 270
car 0.1859 88 152 132 193
car 0.1601 39 112 124 219
car 0.1339 58 137 132 204
car 0.1273 275 99 427 287
car 0.1120 366 148 424 261
car 0.1057 88 152 128 172
car 0.0990 79 136 129 175
car 0.0868 221 129 301 166
car 0.0794 87 146 127 165
car 0.0791 349 140 400 257
car 0.0791 270 120 346 243
car 0.0754 114 36 500 312
car 0.0738 62 110 163 204
car 0.0733 261 129 317 236
car 0.0710 354 190 482 284
car 0.0696 352 146 387 230
car 0.0673 41 97 142 172
car 0.0638 0 109 197 242
car 0.0637 271 152 303 233
car 0.0635 268 171 294 231
car 0.0634 173 92 306 170
car 0.0613 83 154 119 181
car 0.0575 73 126 122 163
car 0.0563 56 156 126 188
car 0.0560 425 199 491 251
car 0.0550 83 138 125 159
car 0.0545 210 104 292 166
car 0.0511 351 145 415 217
car 0.0493 448 164 499 251
car 0.0492 0 100 140 202
car 0.0491 0 108 26 127
car 0.0463 388 148 500 203
car 0.0462 251 135 297 229
car 0.0448 31 156 126 208
car 0.0440 41 96 335 244
car 0.0433 79 154 142 226
car 0.0427 100 94 245 173
car 0.0416 29 125 122 184
car 0.0415 43 121 359 354
car 0.0409 242 94 500 351
car 0.0396 227 102 355 166
car 0.0392 92 162 121 200
car 0.0389 85 148 110 176
car 0.0381 403 151 490 186
car 0.0374 86 161 110 195
car 0.0374 363 157 401 235
car 0.0367 478 346 500 375
car 0.0363 266 181 284 229
car 0.0350 421 140 499 179
car 0.0350 478 125 498 163
car 0.0340 42 147 109 183
car 0.0336 131 94 449 244
car 0.0335 460 113 498 176
car 0.0334 95 155 133 178
car 0.0331 231 116 341 203
car 0.0323 375 151 422 195
car 0.0322 81 138 176 198
car 0.0321 0 90 20 121
car 0.0320 0 329 75 374
car 0.0317 101 141 123 162
car 0.0316 240 126 316 183
car 0.0314 358 213 393 236
car 0.0313 356 187 397 235
car 0.0309 75 136 107 163
car 0.0307 356 146 396 197
car 0.0304 343 125 497 211
car 0.0300 480 204 500 246
car 0.0299 68 164 131 200
car 0.0295 299 159 500 314
car 0.0286 1 100 34 119
car 0.0283 0 80 235 192
car 0.0279 105 148 132 167
car 0.0278 0 102 42 130
car 0.0278 312 136 396 237
car 0.0275 273 68 500 219
car 0.0274 219 120 297 211
car 0.0274 2 90 106 139
car 0.0272 435 122 494 170
car 0.0269 241 134 294 156
car 0.0268 372 147 445 212
car 0.0268 284 144 378 259
car 0.0261 0 357 46 375
car 0.0259 24 81 187 140
car 0.0255 51 133 115 165
car 0.0255 408 109 500 191
car 0.0254 0 313 23 337
car 0.0253 361 201 392 230
car 0.0252 471 191 500 252
car 0.0250 458 133 500 222
car 0.0249 375 182 491 246
car 0.0249 120 79 373 178
car 0.0248 83 166 122 188
car 0.0241 397 204 500 270
car 0.0239 156 93 255 154
car 0.0239 271 89 410 169
car 0.0239 386 143 475 180
car 0.0236 69 149 118 173
car 0.0235 0 47 156 170
car 0.0233 246 120 293 164
car 0.0230 359 132 430 198
car 0.0228 124 76 286 152
car 0.0228 88 178 126 202
car 0.0227 434 337 500 374
car 0.0226 271 157 335 229
car 0.0226 267 128 309 190
car 0.0224 346 97 497 176
car 0.0221 0 12 195 115
car 0.0221 382 159 426 217
car 0.0219 74 161 112 182
car 0.0216 81 174 119 196
car 0.0214 456 318 499 375
car 0.0207 0 44 87 134
car 0.0205 246 131 292 148
car 0.0204 2 82 80 117
car 0.0203 367 149 404 184
car 0.0202 0 70 24 124
car 0.0201 0 91 28 137
chair 0.0266 0 0 75 119
chair 0.0262 84 188 186 297
chair 0.0256 4 333 85 374
diningtable 0.0203 217 245 429 375
motorbike 0.2808 23 138 122 344
motorbike 0.1957 52 153 126 286
motorbike 0.1900 31 111 176 321
motorbike 0.1525 40 130 126 237
motorbike 0.1354 66 164 250 372
motorbike 0.0961 268 186 287 231
motorbike 0.0621 62 148 154 242
motorbike 0.0589 72 162 130 223
motorbike 0.0526 0 147 173 250
motorbike 0.0483 0 165 117 288
motorbike 0.0447 0 121 342 367
motorbike 0.0311 263 163 291 235
motorbike 0.0254 0 129 138 203
motorbike 0.0244 0 150 91 223
motorbike 0.0231 88 226 385 371
motorbike 0.0201 0 199 66 333
person 0.7465 272 103 378 372
person 0.7096 84 122 225 370
person 0.6190 41 98 112 269
person 0.5745 144 118 254 368
person 0.4860 359 156 436 293
person 0.4346 52 116 162 355
person 0.4169 19 125 104 344
person 0.4006 169 96 233 293
person 0.3548 97 112 179 310
person 0.3293 0 127 56 356
person 0.3116 178 168 268 373
person 0.2739 38 96 99 198
person 0.2159 284 62 449 320
person 0.2129 129 96 220 322
person 0.2031 293 97 398 295
person 0.2025 62 102 144 262
person 0.2004 225 140 352 375
person 0.1932 2 0 72 111
person 0.1810 96 200 197 375
person 0.1689 1 102 129 292
person 0.1642 103 108 184 221
person 0.1564 356 0 499 262
person 0.1555 179 74 383 375
person 0.1462 278 88 372 225
person 0.1452 47 98 89 148
person 0.1448 284 224 381 369
person 0.1366 169 188 233 360
person 0.1345 9 74 103 237
person 0.1290 10 65 202 360
person 0.1250 264 95 350 273
person 0.1246 25 47 115 189
person 0.1215 182 98 234 217
person 0.1207 7 130 68 278
person 0.1181 185 114 255 306
person 0.1124 60 121 130 205
person 0.1121 156 102 218 239
person 0.1120 0 122 44 269
person 0.1112 29 94 183 252
person 0.1062 47 30 325 365
person 0.1022 185 92 231 162
person 0.0996 87 143 133 203
person 0.0996 3 0 52 77
person 0.0968 112 105 182 169
person 0.0965 158 88 246 187
person 0.0927 36 101 67 164
person 0.0925 3 119 41 207
person 0.0914 164 90 199 154
person 0.0911 346 85 429 262
person 0.0881 347 182 430 346
person 0.0846 8 16 84 180
person 0.0844 204 98 239 168
person 0.0804 81 157 126 234
person 0.0804 15 107 60 211
person 0.0801 2 112 37 171
person 0.0795 55 100 164 182
person 0.0790 347 141 401 269
person 0.0790 249 89 358 184
person 0.0782 343 127 474 322
person 0.0782 82 136 181 247
person 0.0776 0 261 67 375
person 0.0768 269 163 296 231
person 0.0767 380 151 429 256
person 0.0750 360 148 392 227
person 0.0745 0 112 33 131
person 0.0744 268 182 286 231
person 0.0729 36 137 111 220
person 0.0712 155 272 259 373
person 0.0706 34 0 69 71
person 0.0703 128 213 294 374
person 0.0703 284 92 361 158
person 0.0694 99 92 234 235
person 0.0693 53 108 95 182
person 0.0685 141 213 218 374
person 0.0679 87 117 138 183
person 0.0663 21 100 57 169
person 0.0653 284 171 452 363
person 0.0647 135 103 189 150
person 0.0641 384 155 423 218
person 0.0636 33 142 87 249
person 0.0627 181 237 242 374
person 0.0624 0 111 24 146
person 0.0619 46 100 111 165
person 0.0614 14 95 84 153
person 0.0612 49 97 84 125
person 0.0608 181 103 218 155
person 0.0599 0 0 33 64
person 0.0580 199 185 317 375
person 0.0570 7 0 123 141
person 0.0569 46 101 73 135
person 0.0565 177 98 203 149
person 0.0564 154 100 217 163
person 0.0561 0 94 124 175
person 0.0558 53 104 82 140
person 0.0556 7 186 64 321
person 0.0554 155 143 211 294
person 0.0546 312 83 397 224
person 0.0545 169 86 290 221
person 0.0530 174 169 224 300
person 0.0526 479 343 500 375
person 0.0526 325 134 381 258
person 0.0523 226 91 309 212
person 0.0520 212 93 319 279
person 0.0516 211 110 232 153
person 0.0510 122 177 195 324
person 0.0505 190 107 206 147
person 0.0503 276 254 346 368
person 0.0499 0 0 39 33
person 0.0498 0 294 48 374
person 0.0494 38 102 61 140
person 0.0491 165 102 189 147
person 0.0490 118 22 481 375
person 0.0487 2 251 45 339
person 0.0487 29 209 59 285
person 0.0485 18 150 58 242
person 0.0477 396 163 466 259
person 0.0476 171 88 223 146
person 0.0475 153 105 180 147
person 0.0473 39 107 79 180
person 0.0469 33 95 104 137
person 0.0455 3 101 51 146
person 0.0454 73 136 108 193
person 0.0451 102 105 175 144
person 0.0450 8 116 32 153
person 0.0449 355 144 372 180
person 0.0441 352 145 380 208
person 0.0436 0 46 61 239
person 0.0432 162 214 195 289
person 0.0430 201 95 231 142
person 0.0424 115 109 144 170
person 0.0423 362 185 392 235
person 0.0419 0 126 30 230
person 0.0411 316 159 396 329
person 0.0409 130 135 190 249
person 0.0408 327 92 369 156
person 0.0407 96 160 129 207
person 0.0406 356 205 374 235
person 0.0405 68 97 125 159
person 0.0405 138 111 184 201
person 0.0401 84 108 147 161
person 0.0397 361 211 391 237
person 0.0396 346 108 391 218
person 0.0395 183 192 213 275
person 0.0394 193 194 246 336
person 0.0393 70 118 113 172
person 0.0390 310 91 360 140
person 0.0389 77 140 101 172
person 0.0389 69 110 92 142
person 0.0385 21 0 111 78
person 0.0385 71 101 191 155
person 0.0384 61 109 94 154
person 0.0384 1 327 70 375
person 0.0379 320 94 375 200
person 0.0379 159 118 179 152
person 0.0378 185 92 210 142
person 0.0377 337 145 372 229
person 0.0376 47 0 88 72
person 0.0373 59 156 115 239
person 0.0373 18 116 47 184
person 0.0373 348 164 387 249
person 0.0372 157 110 200 203
person 0.0372 123 130 175 214
person 0.0369 78 148 103 183
person 0.0367 147 290 209 374
person 0.0365 119 105 166 125
person 0.0365 12 113 37 141
person 0.0363 188 189 232 287
person 0.0363 215 96 263 161
person 0.0362 363 148 405 203
person 0.0360 0 108 20 181
person 0.0357 166 118 184 151
person 0.0356 360 200 383 232
person 0.0353 361 199 465 301
person 0.0350 140 105 177 137
person 0.0349 36 99 75 118
person 0.0348 23 96 72 135
person 0.0348 192 111 229 175
person 0.0348 108 117 164 195
person 0.0343 18 117 37 155
person 0.0341 360 216 399 288
person 0.0340 10 0 66 43
person 0.0339 40 158 73 234
person 0.0338 0 305 20 337
person 0.0334 85 161 117 204
person 0.0334 157 220 204 335
person 0.0332 160 183 196 269
person 0.0326 35 188 62 263
person 0.0326 266 184 279 221
person 0.0323 0 110 17 133
person 0.0323 216 106 238 148
person 0.0323 66 120 96 167
person 0.0322 368 149 389 191
person 0.0322 247 84 407 244
person 0.0321 276 148 343 316
person 0.0318 47 141 104 187
person 0.0317 293 98 312 134
person 0.0315 1 0 81 25
person 0.0314 177 220 205 291
person 0.0311 357 99 407 209
person 0.0311 406 180 450 252
person 0.0310 61 104 94 133
person 0.0308 367 118 423 219
person 0.0308 304 121 365 244
person 0.0307 322 262 392 371
person 0.0306 345 196 408 295
person 0.0305 38 255 80 320
person 0.0305 22 139 46 206
person 0.0305 197 158 244 280
person 0.0305 117 108 140 142
person 0.0305 0 4 22 49
person 0.0302 194 101 219 140
person 0.0302 122 88 279 277
person 0.0301 112 98 230 152
person 0.0299 75 130 101 161
person 0.0297 40 215 61 276
person 0.0295 72 154 112 211
person 0.0295 97 149 161 205
person 0.0295 43 155 59 193
person 0.0295 87 177 121 251
person 0.0293 38 152 64 215
person 0.0293 354 200 389 244
person 0.0289 281 288 322 367
person 0.0289 34 227 68 298
person 0.0289 0 107 21 123
person 0.0289 359 145 380 181
person 0.0288 27 143 43 182
person 0.0288 423 176 477 251
person 0.0287 16 344 66 374
person 0.0286 472 128 494 160
person 0.0285 382 152 417 194
person 0.0284 275 150 324 251
person 0.0284 388 0 498 164
person 0.0283 396 196 452 284
person 0.0282 416 165 437 196
person 0.0281 31 122 81 205
person 0.0281 310 99 360 181
person 0.0281 374 158 414 235
person 0.0279 91 169 122 219
person 0.0277 81 126 179 188
person 0.0277 116 106 160 138
person 0.0276 159 148 199 231
person 0.0276 352 178 375 233
person 0.0275 464 114 499 163
person 0.0275 176 308 262 374
person 0.0274 354 5 444 177
person 0.0273 283 90 341 135
person 0.0273 327 180 376 298
person 0.0272 409 162 427 198
person 0.0271 353 135 386 189
person 0.0270 380 0 496 46
person 0.0269 355 191 371 229
person 0.0268 35 118 63 192
person 0.0268 396 154 421 193
person 0.0268 346 144 367 197
person 0.0264 375 150 393 186
person 0.0264 338 94 360 145
person 0.0263 399 159 431 227
person 0.0263 41 149 75 203
person 0.0261 9 126 31 171
person 0.0260 8 34 65 132
person 0.0260 190 215 221 299
person 0.0260 30 146 55 216
person 0.0259 100 160 168 275
person 0.0259 370 157 396 209
person 0.0258 264 105 309 165
person 0.0258 174 112 193 150
person 0.0257 21 138 38 181
person 0.0257 406 215 440 292
person 0.0255 0 103 49 126
person 0.0254 0 307 28 374
person 0.0252 200 289 249 375
person 0.0252 148 225 188 301
person 0.0251 170 313 216 375
person 0.0251 14 95 85 123
person 0.0251 202 144 230 244
person 0.0250 53 96 132 131
person 0.0249 120 129 138 165
person 0.0248 73 108 105 147
person 0.0247 175 108 211 180
person 0.0247 0 82 127 135
person 0.0244 274 148 306 228
person 0.0243 98 68 190 176
person 0.0243 173 268 217 369
person 0.0241 0 125 95 200
person 0.0241 199 110 242 238
person 0.0241 305 91 345 125
person 0.0241 270 167 287 216
person 0.0239 347 224 390 296
person 0.0239 33 100 56 131
person 0.0239 204 117 228 161
person 0.0238 264 110 277 133
person 0.0238 0 314 21 357
person 0.0238 46 338 68 372
person 0.0238 87 176 111 212
person 0.0237 144 107 178 172
person 0.0234 312 91 351 112
person 0.0233 384 165 404 199
person 0.0232 4 103 29 123
person 0.0232 349 97 387 177
person 0.0231 24 118 42 157
person 0.0231 53 135 97 173
pottedplant 0.0340 337 40 372 81
sofa 0.0209 264 218 470 364
train 0.1280 63 22 500 338
train 0.0609 343 0 500 286
train 0.0608 0 35 321 146
train 0.0397 79 35 466 161
train 0.0365 199 43 500 202
train 0.0348 0 35 318 359
train 0.0290 0 2 232 126
train 0.0205 45 75 297 179
tvmonitor 0.0739 0 0 193 138
tvmonitor 0.0466 170 81 199 149
tvmonitor 0.0274 6 4 69 78
tvmonitor 0.0267 0 5 139 99
tvmonitor 0.0239 57 0 157 71
