aeroplane 0.0380 1 58 67 131
aeroplane 0.0244 316 28 352 46
aeroplane 0.0237 2 30 89 119
aeroplane 0.0203 2 53 64 92
boat 0.8078 15 0 448 361
boat 0.3367 2 204 112 375
boat 0.2758 0 303 105 372
boat 0.1981 38 189 253 361
boat 0.1941 318 265 494 332
boat 0.1905 208 13 467 340
boat 0.1884 82 307 244 357
boat 0.1850 41 10 283 333
boat 0.1741 233 244 360 333
boat 0.1712 0 105 129 353
boat 0.1535 469 244 497 312
boat 0.1399 233 257 463 336
boat 0.1378 230 124 361 330
boat 0.1367 241 289 282 336
boat 0.1350 242 271 356 319
boat 0.1340 10 20 146 291
boat 0.1300 232 196 324 323
boat 0.1296 252 1 411 278
boat 0.1225 58 269 253 357
boat 0.1174 5 298 215 372
boat 0.1174 96 112 268 348
boat 0.1166 59 7 207 267
boat 0.1104 28 65 193 334
boat 0.1035 261 291 342 345
boat 0.0996 161 61 304 310
boat 0.0949 190 188 500 347
boat 0.0936 0 338 110 375
boat 0.0935 236 284 317 337
boat 0.0888 16 241 205 366
boat 0.0851 231 184 305 277
boat 0.0823 478 275 497 315
boat 0.0806 275 277 351 311
boat 0.0792 347 297 490 334
boat 0.0790 91 234 364 351
boat 0.0789 52 127 114 229
boat 0.0787 2 327 78 363
boat 0.0776 434 271 493 309
boat 0.0772 205 0 415 154
boat 0.0759 451 242 494 321
boat 0.0756 115 150 335 316
boat 0.0741 0 125 77 250
boat 0.0733 0 323 45 368
boat 0.0731 2 24 94 250
boat 0.0727 305 1 403 52
boat 0.0717 222 80 315 286
boat 0.0695 410 246 495 325
boat 0.0694 47 121 372 367
boat 0.0688 112 77 230 292
boat 0.0687 30 325 99 359
boat 0.0686 254 278 406 339
boat 0.0667 192 10 348 286
boat 0.0662 64 160 107 225
boat 0.0659 472 273 492 308
boat 0.0649 28 212 104 326
boat 0.0647 297 1 413 195
boat 0.0638 465 242 485 297
boat 0.0634 1 181 82 314
boat 0.0634 282 313 335 350
boat 0.0633 36 94 176 244
boat 0.0612 46 6 394 182
boat 0.0596 257 293 280 333
boat 0.0593 165 314 244 353
boat 0.0582 21 138 273 290
boat 0.0581 31 74 118 229
boat 0.0578 440 280 472 304
boat 0.0575 40 174 108 232
boat 0.0568 251 286 324 315
boat 0.0568 4 171 104 260
boat 0.0560 53 227 490 374
boat 0.0559 51 230 116 355
boat 0.0551 192 2 408 69
boat 0.0548 48 131 164 321
boat 0.0545 0 2 68 130
boat 0.0536 146 7 395 104
boat 0.0536 271 0 380 63
boat 0.0529 10 355 111 375
boat 0.0529 100 92 172 225
boat 0.0529 302 0 357 42
boat 0.0525 70 68 151 224
boat 0.0521 11 154 99 228
boat 0.0513 425 284 478 308
boat 0.0510 35 21 180 198
boat 0.0509 313 0 407 108
boat 0.0505 287 335 333 350
boat 0.0505 259 297 308 340
boat 0.0504 51 186 112 305
boat 0.0497 442 263 473 301
boat 0.0493 347 102 494 343
boat 0.0491 308 277 358 313
boat 0.0489 6 249 97 345
boat 0.0485 33 312 150 374
boat 0.0482 67 107 324 258
boat 0.0482 367 282 484 318
boat 0.0481 265 238 340 318
boat 0.0477 52 313 109 361
boat 0.0475 227 288 500 360
boat 0.0473 168 256 248 359
boat 0.0472 454 280 497 310
boat 0.0472 274 303 322 347
boat 0.0469 231 311 246 336
boat 0.0469 226 279 261 341
boat 0.0469 0 50 69 181
boat 0.0467 102 313 189 356
boat 0.0463 360 293 440 323
boat 0.0460 0 0 36 36
boat 0.0459 449 285 477 307
boat 0.0458 120 324 234 357
boat 0.0454 60 210 144 347
boat 0.0454 58 323 100 354
boat 0.0454 0 141 52 291
boat 0.0452 231 259 288 336
boat 0.0452 249 304 370 352
boat 0.0447 479 252 500 325
boat 0.0446 311 2 449 303
boat 0.0446 78 145 115 222
boat 0.0442 296 328 332 347
boat 0.0441 453 245 478 297
boat 0.0436 248 288 276 316
boat 0.0435 333 0 405 36
boat 0.0435 441 248 483 307
boat 0.0433 259 267 325 310
boat 0.0431 268 296 464 344
boat 0.0429 430 292 469 309
boat 0.0427 0 315 76 349
boat 0.0427 0 203 191 318
boat 0.0424 260 192 364 323
boat 0.0421 251 200 311 257
boat 0.0418 477 247 498 294
boat 0.0415 151 283 314 351
boat 0.0414 16 78 266 233
boat 0.0413 65 310 133 363
boat 0.0413 244 305 302 346
boat 0.0411 319 6 352 44
boat 0.0411 0 326 24 366
boat 0.0409 242 177 309 244
boat 0.0405 253 282 296 332
boat 0.0404 209 213 323 284
boat 0.0403 0 359 47 375
boat 0.0401 465 285 487 307
boat 0.0400 9 212 96 283
boat 0.0398 244 307 278 335
boat 0.0398 278 256 412 323
boat 0.0398 2 162 40 247
boat 0.0398 236 273 271 334
boat 0.0395 26 182 86 230
boat 0.0393 248 293 303 320
boat 0.0391 58 205 242 297
boat 0.0391 360 302 439 333
boat 0.0390 225 250 337 304
boat 0.0390 230 65 376 232
boat 0.0390 329 0 359 40
boat 0.0389 438 284 460 309
boat 0.0388 54 296 107 342
boat 0.0388 190 133 293 317
boat 0.0387 50 284 161 361
boat 0.0386 59 233 109 309
boat 0.0386 244 289 266 329
boat 0.0383 164 103 244 262
boat 0.0383 435 260 500 298
boat 0.0381 449 276 476 297
boat 0.0378 91 48 238 219
boat 0.0377 440 274 460 301
boat 0.0377 89 196 245 263
boat 0.0371 204 293 246 353
boat 0.0367 27 11 122 171
boat 0.0367 228 299 248 339
boat 0.0367 236 105 303 239
boat 0.0367 413 280 497 317
boat 0.0366 256 215 334 293
boat 0.0365 47 331 103 373
boat 0.0365 13 329 54 361
boat 0.0363 467 256 482 292
boat 0.0363 380 270 485 307
boat 0.0362 468 283 480 305
boat 0.0361 273 301 298 341
boat 0.0359 50 186 95 225
boat 0.0359 405 291 469 310
boat 0.0357 252 291 286 310
boat 0.0356 446 270 467 295
boat 0.0355 332 256 361 311
boat 0.0351 469 261 494 293
boat 0.0351 197 103 279 259
boat 0.0349 352 262 456 322
boat 0.0348 35 194 108 265
boat 0.0348 142 39 263 255
boat 0.0347 237 307 251 335
boat 0.0345 11 294 98 331
boat 0.0344 485 274 500 328
boat 0.0343 6 49 67 110
boat 0.0343 7 178 66 234
boat 0.0342 230 222 313 270
boat 0.0338 294 282 353 325
boat 0.0337 447 280 500 333
boat 0.0336 79 324 166 359
boat 0.0333 229 2 362 48
boat 0.0333 70 178 121 227
boat 0.0333 314 283 347 309
boat 0.0332 468 274 480 298
boat 0.0332 27 191 204 266
boat 0.0332 6 133 144 219
boat 0.0332 0 90 86 203
boat 0.0331 221 194 285 327
boat 0.0330 222 316 242 342
boat 0.0330 318 45 402 231
boat 0.0330 22 302 111 347
boat 0.0329 470 275 498 331
boat 0.0329 50 169 143 240
boat 0.0329 349 256 361 298
boat 0.0328 281 252 365 309
boat 0.0325 416 294 457 309
boat 0.0325 285 261 330 313
boat 0.0322 267 312 447 355
boat 0.0322 370 217 484 333
boat 0.0321 302 312 339 343
boat 0.0320 66 8 313 110
boat 0.0317 407 292 497 331
boat 0.0317 274 272 319 326
boat 0.0316 159 201 316 334
boat 0.0315 245 178 289 223
boat 0.0313 133 303 222 351
boat 0.0312 315 23 353 43
boat 0.0312 322 16 407 43
boat 0.0312 20 190 119 237
boat 0.0311 218 292 275 347
boat 0.0310 80 59 178 166
boat 0.0308 0 89 65 344
boat 0.0307 374 282 499 350
boat 0.0306 3 212 81 252
boat 0.0305 64 148 124 253
boat 0.0305 2 9 237 158
boat 0.0304 457 282 492 298
boat 0.0304 0 346 57 374
boat 0.0304 192 241 293 342
boat 0.0303 61 294 102 323
boat 0.0303 12 13 61 95
boat 0.0302 272 13 404 132
boat 0.0301 234 203 408 361
boat 0.0301 236 286 252 332
boat 0.0299 343 258 357 297
boat 0.0298 305 288 344 343
boat 0.0298 375 291 446 311
boat 0.0297 464 277 485 295
boat 0.0297 455 263 474 294
boat 0.0297 283 307 367 340
boat 0.0295 100 290 239 343
boat 0.0295 2 0 71 66
boat 0.0292 266 301 286 337
boat 0.0292 0 217 64 293
boat 0.0290 1 200 42 282
boat 0.0290 335 6 426 150
boat 0.0290 294 313 326 341
boat 0.0290 0 180 153 286
boat 0.0289 59 135 216 220
boat 0.0289 292 270 363 303
boat 0.0288 279 295 354 332
boat 0.0288 264 294 304 311
boat 0.0287 233 279 247 331
boat 0.0287 21 340 95 367
boat 0.0287 54 336 95 357
boat 0.0286 233 154 341 269
boat 0.0285 46 328 90 347
boat 0.0285 38 320 97 346
boat 0.0285 322 275 379 313
boat 0.0285 83 303 112 356
boat 0.0285 432 273 478 297
boat 0.0284 0 299 27 370
boat 0.0284 93 200 182 237
boat 0.0281 83 240 247 306
boat 0.0281 348 257 376 313
boat 0.0280 262 294 289 320
boat 0.0279 437 282 449 305
boat 0.0278 0 133 41 221
boat 0.0278 56 167 232 245
boat 0.0278 473 285 493 318
boat 0.0277 423 289 447 307
boat 0.0277 286 277 336 339
boat 0.0277 168 313 203 359
boat 0.0277 188 176 280 260
boat 0.0274 268 295 332 316
boat 0.0274 47 323 237 375
boat 0.0273 273 298 312 313
boat 0.0273 79 212 213 345
boat 0.0272 77 175 104 215
boat 0.0272 69 316 107 349
boat 0.0272 88 314 108 350
boat 0.0271 229 259 250 340
boat 0.0270 94 120 183 271
boat 0.0270 184 29 340 177
boat 0.0269 0 281 140 350
boat 0.0269 460 246 475 288
boat 0.0269 6 239 106 306
boat 0.0269 279 311 305 339
boat 0.0268 68 295 394 373
boat 0.0267 97 0 166 114
boat 0.0266 362 288 379 310
boat 0.0265 60 198 145 233
boat 0.0265 455 277 492 291
boat 0.0264 223 247 262 328
boat 0.0264 229 318 247 342
boat 0.0264 113 4 317 66
bottle 0.0433 101 104 171 234
bottle 0.0431 71 171 108 222
bottle 0.0379 52 191 78 224
bottle 0.0271 281 314 300 346
bottle 0.0255 313 320 333 345
bottle 0.0239 231 116 290 227
bottle 0.0235 291 315 311 347
bottle 0.0227 96 178 113 215
bottle 0.0214 156 115 205 221
bottle 0.0206 244 93 300 202
bottle 0.0205 113 131 154 220
car 0.0526 239 183 291 223
car 0.0406 230 186 306 244
car 0.0372 244 193 300 232
car 0.0367 243 181 279 203
car 0.0304 0 131 18 172
car 0.0287 0 0 25 36
car 0.0254 480 344 499 375
car 0.0251 248 188 286 211
car 0.0248 1 112 19 156
car 0.0241 228 171 311 224
car 0.0229 0 0 37 74
car 0.0229 227 212 285 247
car 0.0221 0 140 25 228
car 0.0208 260 201 301 227
person 0.3024 240 181 273 240
person 0.1722 238 179 283 269
person 0.1368 251 186 283 237
person 0.0899 243 182 267 220
person 0.0737 262 197 289 239
person 0.0660 233 193 266 255
person 0.0627 257 201 294 255
person 0.0613 239 151 299 252
person 0.0610 242 201 264 244
person 0.0545 250 180 272 210
person 0.0531 255 181 280 217
person 0.0514 24 333 43 365
person 0.0513 244 204 275 237
person 0.0486 29 334 52 363
person 0.0482 47 328 67 357
person 0.0463 264 186 287 221
person 0.0453 239 192 260 234
person 0.0439 40 333 63 361
person 0.0434 30 329 73 358
person 0.0409 270 202 294 230
person 0.0408 223 186 287 313
person 0.0406 259 207 280 244
person 0.0406 64 229 99 293
person 0.0400 80 226 98 265
person 0.0395 233 202 290 241
person 0.0386 13 332 56 365
person 0.0380 240 176 293 230
person 0.0379 218 138 280 252
person 0.0377 0 137 18 174
person 0.0373 0 331 24 372
person 0.0369 228 191 248 244
person 0.0369 267 208 288 246
person 0.0362 231 218 246 250
person 0.0361 113 0 155 46
person 0.0353 266 207 309 263
person 0.0352 236 211 257 248
person 0.0342 16 335 39 369
person 0.0339 225 197 255 259
person 0.0339 228 172 265 235
person 0.0335 73 233 95 272
person 0.0328 239 183 258 215
person 0.0327 53 329 79 357
person 0.0312 232 200 244 238
person 0.0309 211 181 249 251
person 0.0304 82 222 98 248
person 0.0295 257 178 306 243
person 0.0295 251 199 296 228
person 0.0292 273 210 295 248
person 0.0287 31 329 58 350
person 0.0285 0 345 36 373
person 0.0283 352 0 483 288
person 0.0281 199 173 266 289
person 0.0276 240 212 282 251
person 0.0273 54 217 97 274
person 0.0273 49 194 71 226
person 0.0273 249 208 290 276
person 0.0271 249 212 288 235
person 0.0269 222 206 276 265
person 0.0267 61 189 106 267
person 0.0258 35 200 53 229
person 0.0258 43 200 58 229
person 0.0258 233 227 253 258
person 0.0257 61 328 89 357
person 0.0257 85 223 104 253
person 0.0254 19 322 46 361
person 0.0247 221 195 244 250
person 0.0245 124 2 148 39
person 0.0244 64 238 86 271
person 0.0239 48 325 71 344
person 0.0236 4 139 26 171
person 0.0234 207 203 249 275
person 0.0233 50 230 86 292
person 0.0233 333 0 359 35
person 0.0232 43 339 74 365
person 0.0228 250 196 287 217
person 0.0227 79 215 101 255
person 0.0227 104 187 121 214
person 0.0226 481 341 499 375
person 0.0224 283 325 300 349
person 0.0223 46 330 62 347
person 0.0222 230 219 263 253
person 0.0222 56 326 76 348
person 0.0221 0 140 21 199
person 0.0219 107 0 138 40
person 0.0219 467 244 481 275
person 0.0218 24 335 77 368
person 0.0217 56 238 75 274
person 0.0217 133 3 154 40
person 0.0217 205 177 223 206
person 0.0214 238 179 278 203
person 0.0213 291 325 310 350
person 0.0212 225 223 243 253
person 0.0208 134 205 157 234
person 0.0207 279 206 301 236
person 0.0207 70 247 95 285
person 0.0206 226 206 241 243
person 0.0205 24 65 62 121
person 0.0205 98 0 142 58
person 0.0204 266 177 286 208
person 0.0204 230 319 246 349
person 0.0204 36 329 51 346
person 0.0204 269 222 314 280
person 0.0204 319 23 345 47
person 0.0204 30 193 56 233
person 0.0204 274 196 292 218
person 0.0203 233 218 276 240
person 0.0202 61 250 87 286
person 0.0201 53 338 79 368
person 0.0201 79 177 119 244
person 0.0200 97 185 113 217
