aeroplane 0.7802 3 313 318 488
aeroplane 0.6303 173 321 375 500
aeroplane 0.2827 152 292 205 325
aeroplane 0.1698 2 347 162 496
aeroplane 0.1689 243 361 374 498
aeroplane 0.1609 0 368 95 492
aeroplane 0.1536 0 376 46 427
aeroplane 0.1469 1 157 352 486
aeroplane 0.1333 141 292 222 341
aeroplane 0.1156 0 371 67 451
aeroplane 0.1051 166 293 204 313
aeroplane 0.1042 267 417 375 498
aeroplane 0.1000 0 305 26 340
aeroplane 0.0997 0 440 16 486
aeroplane 0.0924 254 340 374 430
aeroplane 0.0918 0 377 18 424
aeroplane 0.0898 215 303 235 331
aeroplane 0.0821 0 370 29 414
aeroplane 0.0789 0 361 62 419
aeroplane 0.0707 134 296 244 366
aeroplane 0.0706 0 450 52 492
aeroplane 0.0684 156 291 191 315
aeroplane 0.0681 122 307 269 394
aeroplane 0.0674 224 302 237 334
aeroplane 0.0672 2 300 23 327
aeroplane 0.0669 0 412 142 493
aeroplane 0.0665 165 292 234 328
aeroplane 0.0641 0 457 24 485
aeroplane 0.0624 47 307 267 434
aeroplane 0.0600 46 376 73 418
aeroplane 0.0599 327 456 375 500
aeroplane 0.0599 226 325 352 468
aeroplane 0.0590 0 394 31 423
aeroplane 0.0583 163 298 194 327
aeroplane 0.0582 0 431 31 486
aeroplane 0.0575 201 300 235 332
aeroplane 0.0574 3 310 46 338
aeroplane 0.0574 4 307 32 330
aeroplane 0.0569 206 454 272 490
aeroplane 0.0560 0 348 31 403
aeroplane 0.0559 152 285 201 311
aeroplane 0.0556 0 312 33 364
aeroplane 0.0552 157 304 210 335
aeroplane 0.0550 1 398 49 432
aeroplane 0.0543 0 390 37 450
aeroplane 0.0541 341 376 371 396
aeroplane 0.0534 2 365 25 397
aeroplane 0.0532 175 297 205 319
aeroplane 0.0523 138 302 195 344
aeroplane 0.0517 151 272 214 328
aeroplane 0.0508 1 386 39 415
aeroplane 0.0505 134 248 230 345
aeroplane 0.0489 0 349 95 428
aeroplane 0.0479 154 464 222 499
aeroplane 0.0470 10 381 74 422
aeroplane 0.0460 345 362 374 395
aeroplane 0.0458 0 403 29 431
aeroplane 0.0457 0 315 59 392
aeroplane 0.0453 4 319 33 341
aeroplane 0.0453 0 406 68 493
aeroplane 0.0451 142 317 337 429
aeroplane 0.0450 0 293 38 346
aeroplane 0.0449 3 375 35 401
aeroplane 0.0436 0 331 32 383
aeroplane 0.0435 302 357 375 433
aeroplane 0.0432 167 312 204 332
aeroplane 0.0431 16 314 49 334
aeroplane 0.0426 170 300 245 340
aeroplane 0.0419 12 308 42 328
aeroplane 0.0412 308 437 375 498
aeroplane 0.0411 0 408 19 484
aeroplane 0.0409 354 365 371 394
aeroplane 0.0407 3 323 26 353
aeroplane 0.0403 143 433 285 494
aeroplane 0.0401 292 406 345 433
aeroplane 0.0401 8 301 32 319
aeroplane 0.0400 158 286 192 304
aeroplane 0.0396 3 349 26 379
aeroplane 0.0396 0 435 61 481
aeroplane 0.0393 71 288 257 379
aeroplane 0.0392 1 359 28 384
aeroplane 0.0387 137 199 222 321
aeroplane 0.0386 43 362 81 412
aeroplane 0.0379 147 296 185 332
aeroplane 0.0377 0 285 18 336
aeroplane 0.0377 156 313 190 334
aeroplane 0.0376 185 294 203 313
aeroplane 0.0373 236 457 304 495
aeroplane 0.0369 5 295 22 318
aeroplane 0.0365 339 424 375 480
aeroplane 0.0364 0 395 18 450
aeroplane 0.0363 106 293 271 500
aeroplane 0.0361 135 309 181 359
aeroplane 0.0354 7 308 55 353
aeroplane 0.0351 84 472 118 492
aeroplane 0.0351 223 306 243 328
aeroplane 0.0351 329 369 375 400
aeroplane 0.0349 305 380 375 497
aeroplane 0.0348 0 463 37 494
aeroplane 0.0347 129 388 354 500
aeroplane 0.0346 3 335 28 361
aeroplane 0.0345 1 318 16 357
aeroplane 0.0343 231 329 347 406
aeroplane 0.0343 17 302 40 317
aeroplane 0.0343 119 353 152 410
aeroplane 0.0340 277 390 347 431
aeroplane 0.0340 229 438 298 488
aeroplane 0.0336 290 341 374 401
aeroplane 0.0336 173 290 196 324
aeroplane 0.0335 0 409 27 454
aeroplane 0.0332 139 311 158 341
aeroplane 0.0331 1 355 17 395
aeroplane 0.0330 154 295 178 321
aeroplane 0.0327 161 240 262 347
aeroplane 0.0324 21 304 36 321
aeroplane 0.0323 0 402 42 478
aeroplane 0.0323 335 378 360 395
aeroplane 0.0321 45 400 188 491
aeroplane 0.0321 12 305 58 332
aeroplane 0.0321 159 289 179 307
aeroplane 0.0320 0 407 58 453
aeroplane 0.0320 269 340 342 390
aeroplane 0.0319 1 309 127 419
aeroplane 0.0318 254 467 323 498
aeroplane 0.0317 3 297 48 324
aeroplane 0.0316 305 415 341 435
aeroplane 0.0315 151 314 225 346
aeroplane 0.0311 342 473 375 499
aeroplane 0.0308 119 474 147 492
aeroplane 0.0308 4 345 74 395
aeroplane 0.0307 361 352 374 393
aeroplane 0.0306 5 338 23 373
aeroplane 0.0304 46 368 76 390
aeroplane 0.0300 204 231 233 313
aeroplane 0.0298 46 356 89 384
aeroplane 0.0297 0 333 47 433
aeroplane 0.0293 270 371 369 443
aeroplane 0.0292 26 301 52 316
aeroplane 0.0292 8 370 49 407
aeroplane 0.0291 106 473 137 491
aeroplane 0.0288 1 336 15 376
aeroplane 0.0287 233 459 281 488
aeroplane 0.0286 127 466 187 498
aeroplane 0.0286 130 313 162 366
aeroplane 0.0285 3 356 47 387
aeroplane 0.0285 217 317 283 356
aeroplane 0.0284 48 361 77 380
aeroplane 0.0283 140 313 172 335
aeroplane 0.0282 60 354 91 372
aeroplane 0.0281 220 302 240 321
aeroplane 0.0281 4 414 37 437
aeroplane 0.0281 211 304 272 342
aeroplane 0.0280 232 275 361 424
aeroplane 0.0279 178 304 208 326
aeroplane 0.0277 180 315 211 333
aeroplane 0.0277 0 476 34 499
aeroplane 0.0276 51 349 95 376
aeroplane 0.0275 327 378 352 395
aeroplane 0.0273 184 308 236 336
aeroplane 0.0273 191 276 237 330
aeroplane 0.0273 175 286 204 302
aeroplane 0.0269 315 404 375 455
aeroplane 0.0268 10 305 27 333
aeroplane 0.0268 50 452 118 493
aeroplane 0.0268 305 376 349 429
aeroplane 0.0267 200 299 228 319
aeroplane 0.0267 132 325 217 370
aeroplane 0.0267 5 325 74 372
aeroplane 0.0263 0 270 30 338
aeroplane 0.0263 180 289 201 306
aeroplane 0.0263 9 341 30 369
aeroplane 0.0262 127 473 162 492
aeroplane 0.0261 345 437 375 463
aeroplane 0.0261 10 369 41 391
aeroplane 0.0260 85 469 140 494
aeroplane 0.0259 313 377 341 395
aeroplane 0.0258 300 397 370 434
aeroplane 0.0257 0 307 76 457
aeroplane 0.0257 210 299 245 338
aeroplane 0.0256 208 286 230 331
aeroplane 0.0256 186 239 241 326
aeroplane 0.0256 118 480 148 497
aeroplane 0.0255 14 298 28 315
aeroplane 0.0254 114 171 192 295
aeroplane 0.0253 196 315 229 332
aeroplane 0.0253 306 406 334 432
aeroplane 0.0253 222 307 251 340
aeroplane 0.0252 219 322 274 345
aeroplane 0.0252 281 356 334 396
aeroplane 0.0252 275 345 315 396
aeroplane 0.0252 73 456 136 493
aeroplane 0.0250 154 469 189 498
aeroplane 0.0250 181 470 220 497
aeroplane 0.0248 14 368 76 407
aeroplane 0.0246 47 367 64 401
aeroplane 0.0243 190 299 214 317
aeroplane 0.0243 105 279 214 368
aeroplane 0.0243 220 461 266 484
aeroplane 0.0243 33 376 90 422
aeroplane 0.0243 334 374 375 428
aeroplane 0.0242 108 470 157 496
aeroplane 0.0242 25 307 49 330
aeroplane 0.0242 318 374 361 398
aeroplane 0.0241 346 446 375 495
aeroplane 0.0240 140 312 153 330
aeroplane 0.0240 8 319 39 357
aeroplane 0.0238 217 325 315 381
aeroplane 0.0238 10 315 28 347
aeroplane 0.0237 203 431 328 495
aeroplane 0.0237 229 308 253 326
aeroplane 0.0236 30 303 47 320
aeroplane 0.0235 255 284 371 377
aeroplane 0.0235 49 355 77 373
aeroplane 0.0234 0 467 57 500
aeroplane 0.0233 24 300 35 314
aeroplane 0.0232 183 465 265 497
aeroplane 0.0232 355 348 371 387
aeroplane 0.0232 204 311 299 422
aeroplane 0.0231 112 359 145 400
aeroplane 0.0228 89 170 165 294
aeroplane 0.0227 145 308 174 326
aeroplane 0.0226 136 317 154 360
aeroplane 0.0226 312 409 346 430
aeroplane 0.0226 347 371 363 395
aeroplane 0.0226 335 340 374 398
aeroplane 0.0225 12 361 39 380
aeroplane 0.0225 82 405 268 496
aeroplane 0.0223 340 391 375 442
aeroplane 0.0223 202 306 224 329
aeroplane 0.0222 114 315 170 355
aeroplane 0.0222 119 477 137 494
aeroplane 0.0222 154 308 290 368
aeroplane 0.0221 59 360 90 379
aeroplane 0.0221 13 355 39 372
aeroplane 0.0221 14 377 48 398
aeroplane 0.0221 221 314 242 343
aeroplane 0.0221 73 351 93 376
aeroplane 0.0220 209 294 234 312
aeroplane 0.0219 27 295 45 308
aeroplane 0.0219 2 289 124 376
aeroplane 0.0219 201 229 286 349
aeroplane 0.0219 0 299 78 349
aeroplane 0.0219 309 363 370 397
aeroplane 0.0218 173 311 248 355
aeroplane 0.0218 29 300 41 313
aeroplane 0.0217 208 272 247 329
aeroplane 0.0217 344 413 375 453
aeroplane 0.0217 294 369 323 390
aeroplane 0.0216 230 305 242 323
aeroplane 0.0216 2 279 14 319
aeroplane 0.0214 36 372 70 403
aeroplane 0.0214 6 285 22 310
aeroplane 0.0213 153 191 274 332
aeroplane 0.0213 153 273 204 303
aeroplane 0.0212 159 328 243 372
aeroplane 0.0212 6 308 97 364
aeroplane 0.0211 47 347 164 421
aeroplane 0.0211 259 336 327 416
aeroplane 0.0211 176 290 221 314
aeroplane 0.0210 143 312 155 335
aeroplane 0.0209 35 289 187 364
aeroplane 0.0209 10 379 109 444
aeroplane 0.0209 296 365 341 394
aeroplane 0.0208 191 292 203 305
aeroplane 0.0206 341 414 373 434
aeroplane 0.0206 12 294 32 310
aeroplane 0.0206 4 332 44 363
aeroplane 0.0206 18 311 33 339
aeroplane 0.0205 0 460 16 500
aeroplane 0.0204 199 280 292 383
aeroplane 0.0204 307 370 335 391
aeroplane 0.0203 20 318 43 343
aeroplane 0.0203 0 446 98 496
aeroplane 0.0203 304 377 330 394
aeroplane 0.0202 172 323 211 340
aeroplane 0.0202 17 327 35 353
aeroplane 0.0201 129 287 194 326
aeroplane 0.0201 36 308 184 413
aeroplane 0.0201 0 288 30 319
aeroplane 0.0201 35 300 46 312
aeroplane 0.0201 313 428 375 467
aeroplane 0.0201 21 295 39 309
aeroplane 0.0200 0 375 16 400
boat 0.0430 128 306 247 378
boat 0.0337 212 234 227 305
boat 0.0305 140 327 226 370
boat 0.0290 357 363 375 394
boat 0.0267 158 289 200 341
boat 0.0253 212 232 240 314
boat 0.0250 206 230 231 330
boat 0.0237 0 474 52 499
boat 0.0232 218 236 229 291
boat 0.0223 151 323 229 354
boat 0.0221 366 346 375 396
car 0.0402 155 475 190 499
car 0.0364 131 470 191 500
car 0.0363 253 472 326 500
car 0.0312 266 478 312 498
car 0.0301 154 469 223 500
car 0.0289 121 480 155 496
car 0.0287 230 324 273 341
car 0.0281 134 477 178 497
car 0.0281 282 480 325 498
car 0.0268 0 371 14 427
car 0.0233 246 467 302 496
car 0.0210 118 482 174 500
car 0.0202 351 468 375 500
chair 0.0209 0 413 36 493
person 0.0584 0 29 347 482
person 0.0492 343 456 375 500
person 0.0450 0 439 12 489
person 0.0435 139 360 150 412
person 0.0306 136 343 153 407
person 0.0267 126 360 148 414
person 0.0258 357 449 375 493
person 0.0242 0 375 12 423
person 0.0231 48 380 71 436
person 0.0230 138 336 158 393
person 0.0221 287 352 305 391
person 0.0210 0 393 21 485
person 0.0210 278 344 310 407
person 0.0202 139 326 157 366
train 0.0274 0 16 375 500
