bicycle 0.0234 44 231 371 322
bird 0.0421 4 243 147 314
bird 0.0238 11 232 357 317
bottle 0.0215 239 13 270 52
cow 0.0485 0 29 41 155
cow 0.0216 0 43 40 107
diningtable 0.0500 151 84 318 172
horse 0.8795 2 68 383 324
horse 0.1942 79 31 353 231
horse 0.1125 28 34 324 157
horse 0.0979 133 73 343 183
horse 0.0720 278 81 385 188
horse 0.0682 12 78 221 301
horse 0.0656 0 44 28 118
horse 0.0565 227 72 384 300
horse 0.0528 5 26 75 166
horse 0.0521 6 167 106 313
horse 0.0515 0 24 41 137
horse 0.0318 281 99 425 326
horse 0.0310 3 109 88 240
horse 0.0308 5 13 129 180
horse 0.0250 312 88 392 235
motorbike 0.0225 264 81 396 170
person 0.8620 154 11 296 173
person 0.3378 116 24 331 253
person 0.1788 163 46 356 192
person 0.1309 54 16 310 142
person 0.1040 3 6 40 88
person 0.0949 151 52 228 166
person 0.0944 1 0 36 49
person 0.0927 6 0 350 205
person 0.0866 2 32 36 112
person 0.0832 215 14 297 129
person 0.0732 183 61 273 196
person 0.0693 0 15 26 89
person 0.0659 211 63 307 185
person 0.0644 194 0 232 23
person 0.0614 0 1 28 136
person 0.0573 222 71 383 180
person 0.0502 2 3 65 101
person 0.0502 233 11 281 68
person 0.0489 7 0 55 62
person 0.0487 203 8 278 56
person 0.0485 1 28 21 71
person 0.0481 171 0 234 16
person 0.0444 1 41 22 85
person 0.0430 196 0 254 18
person 0.0427 182 11 293 78
person 0.0425 261 76 392 310
person 0.0421 142 79 217 196
person 0.0419 197 7 349 143
person 0.0419 175 5 251 53
person 0.0405 0 48 26 119
person 0.0376 243 39 343 163
person 0.0375 243 27 299 99
person 0.0357 179 60 369 286
person 0.0357 456 0 499 40
person 0.0354 3 46 81 203
person 0.0347 462 11 498 83
person 0.0337 262 0 399 163
person 0.0334 185 0 231 9
person 0.0334 246 6 296 56
person 0.0326 5 0 33 27
person 0.0322 477 45 500 96
person 0.0315 248 51 299 119
person 0.0312 165 16 269 61
person 0.0311 0 6 131 212
person 0.0308 1 8 22 48
person 0.0308 1 26 230 172
person 0.0304 0 32 46 175
person 0.0294 342 102 389 182
person 0.0285 250 79 298 143
person 0.0285 226 57 293 150
person 0.0284 103 81 276 196
person 0.0283 236 0 278 44
person 0.0282 42 205 125 316
person 0.0280 187 0 235 37
person 0.0277 1 75 21 115
person 0.0276 466 0 497 25
person 0.0275 354 151 382 186
person 0.0274 115 7 288 108
person 0.0269 198 0 227 13
person 0.0269 218 0 287 18
person 0.0269 321 81 385 179
person 0.0266 168 22 222 74
person 0.0266 248 4 336 108
person 0.0263 221 0 265 42
person 0.0259 265 2 313 52
person 0.0259 6 20 29 59
person 0.0257 218 72 270 160
person 0.0255 116 0 410 162
person 0.0254 460 0 499 14
person 0.0254 479 34 500 75
person 0.0252 1 71 136 301
person 0.0248 224 4 314 65
person 0.0246 162 15 239 134
person 0.0241 151 39 258 235
person 0.0235 212 0 245 26
person 0.0234 282 21 375 133
person 0.0233 275 65 392 157
person 0.0232 315 76 365 144
person 0.0225 261 14 309 78
person 0.0225 436 0 500 18
person 0.0223 440 0 492 56
person 0.0223 202 81 216 106
person 0.0219 266 0 320 23
person 0.0215 18 4 123 102
person 0.0212 193 78 209 107
person 0.0207 439 17 492 81
person 0.0206 485 52 500 106
person 0.0204 472 49 495 83
person 0.0203 11 111 122 239
person 0.0201 252 0 290 14
pottedplant 0.0227 16 12 118 125
pottedplant 0.0227 302 103 469 333
train 0.0357 312 77 386 185
train 0.0356 343 112 387 184
