bottle 0.1896 221 355 250 375
bottle 0.1622 67 355 126 375
bottle 0.1611 53 345 90 375
bottle 0.0875 0 358 44 374
bottle 0.0824 49 341 122 375
bottle 0.0662 215 353 271 375
bottle 0.0627 82 352 112 375
bottle 0.0537 357 326 483 372
bottle 0.0527 18 345 88 375
bottle 0.0522 193 353 253 375
bottle 0.0486 0 339 48 375
bottle 0.0483 49 341 74 374
bottle 0.0455 242 356 292 374
bottle 0.0450 0 348 22 375
bottle 0.0444 189 181 226 246
bottle 0.0413 51 316 96 375
bottle 0.0410 368 354 466 375
bottle 0.0404 57 274 116 374
bottle 0.0400 40 344 63 375
bottle 0.0396 11 346 39 375
bottle 0.0383 4 354 75 375
bottle 0.0383 85 358 143 375
bottle 0.0349 186 169 239 278
bottle 0.0339 56 321 137 375
bottle 0.0336 58 360 106 375
bottle 0.0332 165 317 185 355
bottle 0.0332 46 339 192 374
bottle 0.0328 193 196 232 265
bottle 0.0325 249 310 300 375
bottle 0.0317 370 357 423 375
bottle 0.0315 76 348 108 370
bottle 0.0307 72 350 154 375
bottle 0.0289 178 341 274 373
bottle 0.0288 162 315 192 371
bottle 0.0286 194 206 217 241
bottle 0.0285 23 348 61 374
bottle 0.0273 94 353 125 375
bottle 0.0267 243 352 266 375
bottle 0.0265 373 328 434 367
bottle 0.0265 211 354 238 375
bottle 0.0258 6 349 144 375
bottle 0.0253 44 328 81 375
bottle 0.0233 36 355 112 375
bottle 0.0232 409 358 470 375
bottle 0.0223 223 333 291 375
bottle 0.0216 16 330 62 375
bottle 0.0212 202 207 223 243
bottle 0.0211 60 285 212 373
bottle 0.0209 150 319 211 372
bottle 0.0207 208 318 278 372
bottle 0.0205 247 348 277 375
bottle 0.0205 81 348 124 367
bottle 0.0205 371 294 500 374
car 0.0326 0 287 38 369
chair 0.2957 252 108 483 375
chair 0.1573 142 139 400 368
chair 0.1250 4 180 317 375
chair 0.1017 0 236 72 372
chair 0.0841 198 157 329 373
chair 0.0714 376 157 500 375
chair 0.0610 240 241 500 372
chair 0.0551 14 230 160 373
chair 0.0536 0 182 101 375
chair 0.0520 244 208 346 369
chair 0.0518 56 261 281 372
chair 0.0507 1 286 43 375
chair 0.0505 144 247 315 372
chair 0.0491 428 184 500 312
chair 0.0481 183 145 285 324
chair 0.0460 1 305 77 374
chair 0.0455 284 308 495 370
chair 0.0392 29 306 226 371
chair 0.0389 279 170 390 365
chair 0.0370 243 149 347 311
chair 0.0369 347 264 496 371
chair 0.0369 34 241 108 374
chair 0.0368 1 338 83 373
chair 0.0364 231 194 315 323
chair 0.0353 177 302 345 371
chair 0.0351 200 138 327 271
chair 0.0349 274 189 339 319
chair 0.0333 16 294 143 375
chair 0.0317 236 246 310 375
chair 0.0312 265 269 402 370
chair 0.0309 274 140 339 271
chair 0.0293 429 68 500 341
chair 0.0290 420 213 499 372
chair 0.0282 0 332 137 375
chair 0.0271 245 297 304 375
chair 0.0269 155 204 256 371
chair 0.0264 120 295 277 375
chair 0.0259 253 128 322 263
chair 0.0242 283 188 500 318
chair 0.0238 49 333 223 375
chair 0.0236 148 293 461 375
chair 0.0223 189 279 285 375
chair 0.0222 303 82 480 270
chair 0.0215 182 100 367 292
chair 0.0212 395 232 500 327
chair 0.0211 179 128 297 236
chair 0.0211 4 322 51 374
chair 0.0206 479 171 500 237
chair 0.0205 455 88 500 270
chair 0.0200 111 245 231 375
dog 0.0306 455 194 499 300
person 0.8714 287 4 499 372
person 0.7846 26 83 275 371
person 0.5768 63 39 468 372
person 0.2174 164 123 370 375
person 0.1757 9 87 161 371
person 0.0947 97 111 241 357
person 0.0898 56 186 181 373
person 0.0889 149 133 264 352
person 0.0876 18 185 134 372
person 0.0860 63 210 302 373
person 0.0800 381 146 500 370
person 0.0705 54 224 117 370
person 0.0617 448 166 500 310
person 0.0595 290 8 377 144
person 0.0549 1 140 97 374
person 0.0537 265 98 402 357
person 0.0529 221 353 287 375
person 0.0480 411 113 500 304
person 0.0458 290 1 492 173
person 0.0447 28 80 193 246
person 0.0421 177 100 298 302
person 0.0419 182 163 240 287
person 0.0397 81 73 287 254
person 0.0373 395 21 500 277
person 0.0369 286 147 376 308
person 0.0366 62 235 109 315
person 0.0354 53 317 223 371
person 0.0344 189 1 383 314
person 0.0339 360 75 492 324
person 0.0339 247 346 295 375
person 0.0337 60 264 220 371
person 0.0331 60 204 130 319
person 0.0327 308 0 393 107
person 0.0326 255 312 297 374
person 0.0325 159 105 251 264
person 0.0322 37 79 235 181
person 0.0319 298 8 416 222
person 0.0315 30 132 124 323
person 0.0313 166 303 285 375
person 0.0302 293 63 374 233
person 0.0294 466 174 500 254
person 0.0292 130 146 224 326
person 0.0285 20 78 136 182
person 0.0281 320 9 497 107
person 0.0279 140 82 262 177
person 0.0278 239 284 307 375
person 0.0275 202 266 282 371
person 0.0266 9 89 95 266
person 0.0265 187 164 232 239
person 0.0264 315 2 406 56
person 0.0261 447 38 469 89
person 0.0259 263 67 287 133
person 0.0250 253 9 351 143
person 0.0250 119 80 222 234
person 0.0249 165 87 310 213
person 0.0247 410 7 500 151
person 0.0241 286 3 441 78
person 0.0240 311 0 359 60
person 0.0237 246 0 427 140
person 0.0235 193 340 284 374
person 0.0223 309 17 362 120
person 0.0218 69 147 326 330
person 0.0213 76 0 342 296
person 0.0210 0 48 310 196
person 0.0209 115 208 228 368
person 0.0207 218 11 311 148
person 0.0207 482 176 499 219
person 0.0203 56 141 77 177
pottedplant 0.0391 3 0 91 139
pottedplant 0.0332 268 69 284 106
pottedplant 0.0290 13 1 160 128
pottedplant 0.0224 2 56 112 162
pottedplant 0.0217 264 65 287 134
pottedplant 0.0214 5 2 72 66
sofa 0.2907 0 103 386 370
sofa 0.1692 189 95 500 375
