bird 0.0230 5 161 142 240
bird 0.0218 9 67 149 255
cat 0.7774 25 36 488 252
cat 0.0793 75 122 469 249
cat 0.0698 54 65 283 248
cat 0.0493 346 31 497 217
cat 0.0462 14 53 152 243
cat 0.0372 179 0 476 216
cat 0.0333 87 42 439 145
cat 0.0323 36 60 129 173
cat 0.0304 59 59 166 138
cat 0.0296 243 68 495 232
cat 0.0273 106 53 300 106
cat 0.0257 14 68 94 192
cat 0.0239 145 31 322 82
cat 0.0239 408 42 498 178
cat 0.0224 70 57 228 109
cat 0.0222 28 95 128 225
cat 0.0211 277 1 500 152
cat 0.0200 0 133 254 256
chair 0.0641 199 3 400 52
chair 0.0492 142 4 362 74
chair 0.0409 128 0 204 88
chair 0.0358 152 0 251 75
chair 0.0352 373 0 404 45
chair 0.0304 280 0 409 46
chair 0.0289 1 187 292 275
chair 0.0283 203 0 321 64
chair 0.0254 232 1 339 48
chair 0.0252 125 32 294 83
chair 0.0251 189 5 477 78
chair 0.0248 101 0 298 89
chair 0.0233 100 0 174 92
chair 0.0228 78 61 160 90
chair 0.0221 33 181 447 261
chair 0.0210 286 12 478 64
chair 0.0206 92 4 227 76
chair 0.0202 70 0 156 83
dog 0.0273 313 189 487 239
dog 0.0235 189 160 500 240
dog 0.0200 334 88 500 240
