cow 0.0202 1 0 21 39
dog 0.0391 0 0 23 54
horse 0.8868 81 58 355 221
horse 0.6606 52 96 186 227
horse 0.2048 42 40 376 310
horse 0.1123 91 66 228 223
horse 0.0644 140 116 355 225
horse 0.0592 72 135 221 228
horse 0.0588 46 116 124 228
horse 0.0520 117 100 206 233
horse 0.0514 70 108 167 198
horse 0.0498 206 49 353 207
horse 0.0461 46 150 96 228
horse 0.0459 73 83 188 178
horse 0.0350 31 11 184 221
horse 0.0339 118 142 284 224
horse 0.0321 142 35 458 232
horse 0.0306 267 53 360 181
horse 0.0300 277 29 484 254
horse 0.0296 28 67 165 298
horse 0.0286 0 0 321 188
horse 0.0279 46 155 177 231
horse 0.0271 144 65 262 213
horse 0.0257 22 94 497 400
horse 0.0256 37 70 138 203
horse 0.0250 332 50 495 355
horse 0.0237 55 92 120 186
horse 0.0225 66 86 149 157
horse 0.0221 115 93 195 169
horse 0.0208 75 129 154 232
horse 0.0202 47 112 97 190
person 0.0523 1 2 20 52
person 0.0520 0 0 346 304
person 0.0451 121 98 175 173
person 0.0351 112 103 179 214
person 0.0279 72 165 91 219
person 0.0270 124 131 171 224
person 0.0262 135 114 189 195
person 0.0242 147 101 204 176
person 0.0241 92 112 144 188
person 0.0237 75 96 125 167
person 0.0236 1 1 36 59
person 0.0218 64 163 94 229
person 0.0215 74 160 91 197
person 0.0214 57 121 112 207
person 0.0208 120 61 207 198
person 0.0205 62 64 452 403
