aeroplane 0.0672 112 104 228 181
aeroplane 0.0484 111 113 152 168
aeroplane 0.0335 110 138 151 183
aeroplane 0.0315 123 140 220 190
aeroplane 0.0293 117 111 176 158
aeroplane 0.0265 151 142 200 179
aeroplane 0.0250 147 109 188 161
aeroplane 0.0239 116 130 177 170
aeroplane 0.0239 159 137 213 171
aeroplane 0.0238 118 149 163 188
aeroplane 0.0233 159 142 191 164
aeroplane 0.0232 92 135 143 173
bicycle 0.0293 76 30 104 98
bicycle 0.0203 54 36 102 94
boat 0.6015 72 167 234 351
boat 0.5459 177 178 373 356
boat 0.5181 10 21 375 365
boat 0.4513 48 205 348 354
boat 0.4056 0 192 119 350
boat 0.3488 0 131 149 310
boat 0.3119 98 227 268 353
boat 0.3086 186 28 373 321
boat 0.2893 3 28 117 194
boat 0.2873 188 8 350 205
boat 0.2844 28 167 151 241
boat 0.2748 92 157 258 283
boat 0.2512 0 66 158 246
boat 0.2470 42 158 208 270
boat 0.2453 26 339 319 459
boat 0.2429 57 11 353 223
boat 0.2288 0 126 282 341
boat 0.2253 24 225 202 350
boat 0.2249 13 26 242 180
boat 0.2239 0 127 125 221
boat 0.1980 80 260 229 347
boat 0.1927 202 151 375 291
boat 0.1923 1 70 84 188
boat 0.1819 295 103 372 197
boat 0.1695 72 97 292 258
boat 0.1680 3 154 84 207
boat 0.1656 23 157 127 209
boat 0.1645 151 24 311 175
boat 0.1607 0 142 99 264
boat 0.1588 317 39 375 187
boat 0.1580 144 62 345 247
boat 0.1564 165 186 274 269
boat 0.1560 207 97 372 233
boat 0.1506 188 256 368 362
boat 0.1492 50 145 375 422
boat 0.1454 142 187 299 339
boat 0.1445 25 368 246 483
boat 0.1438 207 8 291 144
boat 0.1424 24 48 168 162
boat 0.1423 246 43 372 207
boat 0.1419 42 283 279 410
boat 0.1417 154 42 228 155
boat 0.1390 328 123 374 197
boat 0.1386 108 62 249 298
boat 0.1357 198 83 330 191
boat 0.1348 46 172 133 222
boat 0.1348 294 115 343 185
boat 0.1292 183 177 318 278
boat 0.1278 8 151 60 189
boat 0.1257 91 66 265 194
boat 0.1240 318 28 373 117
boat 0.1236 32 129 214 228
boat 0.1225 75 172 175 254
boat 0.1214 257 125 375 357
boat 0.1211 295 55 354 188
boat 0.1200 40 191 133 248
boat 0.1189 329 160 375 201
boat 0.1184 11 137 110 192
boat 0.1121 259 117 375 215
boat 0.1115 1 15 58 174
boat 0.1109 110 135 240 220
boat 0.1106 116 72 226 161
boat 0.1104 0 216 98 310
boat 0.1093 60 355 253 441
boat 0.1081 149 352 366 435
boat 0.1073 41 31 111 162
boat 0.1054 184 123 298 223
boat 0.1040 7 304 198 478
boat 0.1018 127 12 314 324
boat 0.1015 57 94 202 179
boat 0.1014 0 0 206 285
boat 0.0989 295 145 374 207
boat 0.0986 197 40 297 243
boat 0.0979 16 88 119 174
boat 0.0961 188 302 370 391
boat 0.0958 177 75 233 156
boat 0.0955 129 168 241 260
boat 0.0953 216 110 297 199
boat 0.0950 328 112 375 158
boat 0.0950 0 96 61 214
boat 0.0940 6 179 115 235
boat 0.0930 27 165 98 202
boat 0.0929 180 37 256 154
boat 0.0929 281 13 375 170
boat 0.0927 8 123 69 175
boat 0.0918 279 159 375 234
boat 0.0895 72 160 143 201
boat 0.0884 184 96 289 176
boat 0.0881 117 23 243 144
boat 0.0870 0 158 49 221
boat 0.0868 1 71 36 169
boat 0.0866 51 142 117 183
boat 0.0861 61 24 200 141
boat 0.0858 195 70 222 152
boat 0.0852 113 94 182 166
boat 0.0849 146 86 242 171
boat 0.0847 1 235 165 440
boat 0.0846 89 140 183 308
boat 0.0843 60 199 165 328
boat 0.0842 120 291 252 360
boat 0.0838 1 303 120 394
boat 0.0834 4 380 375 500
boat 0.0834 172 217 244 266
boat 0.0828 0 49 104 143
boat 0.0812 349 238 375 290
boat 0.0807 52 153 167 221
boat 0.0806 293 62 374 256
boat 0.0805 278 175 375 294
boat 0.0798 82 313 227 381
boat 0.0792 2 256 97 336
boat 0.0790 261 93 347 189
boat 0.0790 11 264 126 363
boat 0.0789 99 243 240 318
boat 0.0774 154 30 253 226
boat 0.0772 83 172 153 222
boat 0.0771 0 285 375 480
boat 0.0770 51 166 121 200
boat 0.0769 42 125 107 171
boat 0.0767 25 113 102 182
boat 0.0766 217 91 311 298
boat 0.0766 194 148 290 258
boat 0.0762 9 172 59 205
boat 0.0761 119 167 184 261
boat 0.0757 8 200 107 254
boat 0.0754 20 352 161 448
boat 0.0748 341 3 373 97
boat 0.0743 98 51 179 163
boat 0.0736 158 42 209 122
boat 0.0735 343 110 375 183
boat 0.0734 319 123 375 247
boat 0.0734 155 264 293 349
boat 0.0731 317 169 375 219
boat 0.0731 107 165 164 240
boat 0.0729 211 5 267 101
boat 0.0728 22 160 68 204
boat 0.0725 0 180 60 233
boat 0.0721 11 147 53 176
boat 0.0715 313 112 352 189
boat 0.0710 96 205 206 337
boat 0.0700 8 114 42 172
boat 0.0698 311 306 375 339
boat 0.0695 237 122 334 201
boat 0.0694 196 78 260 154
boat 0.0692 249 297 375 372
boat 0.0691 48 2 144 177
boat 0.0687 67 150 100 172
boat 0.0685 160 69 225 130
boat 0.0681 0 133 48 198
boat 0.0680 115 216 248 297
boat 0.0679 216 108 288 159
boat 0.0679 4 0 51 100
boat 0.0677 295 87 375 157
boat 0.0676 8 25 114 116
boat 0.0675 351 0 375 62
boat 0.0669 0 163 65 291
boat 0.0669 329 164 362 189
boat 0.0658 245 244 375 335
boat 0.0653 334 69 374 164
boat 0.0651 146 340 178 354
boat 0.0650 319 97 375 146
boat 0.0640 157 160 271 244
boat 0.0638 119 0 152 108
boat 0.0637 236 122 289 187
boat 0.0636 36 211 121 264
boat 0.0636 126 28 190 161
boat 0.0633 191 98 236 164
boat 0.0631 212 112 274 144
boat 0.0627 0 203 60 254
boat 0.0617 26 156 58 179
boat 0.0613 153 91 220 145
boat 0.0604 17 188 91 231
boat 0.0602 197 309 322 359
boat 0.0598 254 111 315 189
boat 0.0598 107 188 206 281
boat 0.0598 121 374 334 461
boat 0.0587 118 0 169 151
boat 0.0582 213 3 357 111
boat 0.0580 61 139 149 190
boat 0.0579 96 96 158 167
boat 0.0576 0 200 264 413
boat 0.0576 174 235 236 274
boat 0.0567 29 402 175 488
boat 0.0566 0 61 87 334
boat 0.0565 198 67 217 128
boat 0.0564 330 141 367 185
boat 0.0562 10 100 30 164
boat 0.0559 0 172 27 243
boat 0.0559 23 152 82 188
boat 0.0554 160 268 228 301
boat 0.0553 340 147 374 191
boat 0.0552 332 245 375 299
boat 0.0548 62 136 106 175
boat 0.0547 121 170 154 228
boat 0.0547 107 39 213 221
boat 0.0546 311 317 375 359
boat 0.0546 178 25 226 136
boat 0.0546 51 136 128 246
boat 0.0545 206 123 282 176
boat 0.0545 55 76 137 176
boat 0.0544 284 174 365 216
boat 0.0543 178 202 277 320
boat 0.0543 159 107 256 190
boat 0.0541 274 135 333 189
boat 0.0539 141 207 236 270
boat 0.0538 35 120 78 172
boat 0.0537 298 214 375 328
boat 0.0536 224 182 318 347
boat 0.0531 82 170 132 197
boat 0.0530 201 343 236 366
boat 0.0521 1 70 46 125
boat 0.0520 278 156 346 199
boat 0.0520 0 71 25 142
boat 0.0518 49 116 86 165
boat 0.0517 200 100 256 141
boat 0.0516 9 155 39 179
boat 0.0515 198 320 254 363
boat 0.0515 5 90 23 164
boat 0.0514 326 192 375 232
boat 0.0513 187 88 241 202
boat 0.0512 217 87 255 137
boat 0.0511 146 163 237 224
boat 0.0508 162 144 267 212
boat 0.0508 298 3 375 102
boat 0.0508 74 0 289 155
boat 0.0507 188 133 275 195
boat 0.0507 8 79 60 160
boat 0.0506 151 54 195 164
boat 0.0505 334 165 373 241
boat 0.0502 15 214 84 260
boat 0.0500 19 161 57 186
boat 0.0500 29 231 99 279
boat 0.0498 73 39 113 158
boat 0.0498 0 217 29 245
boat 0.0497 16 110 85 162
boat 0.0497 55 151 106 195
boat 0.0496 189 89 235 135
boat 0.0495 142 9 202 133
boat 0.0495 330 98 375 128
boat 0.0494 133 325 203 354
boat 0.0494 107 121 166 168
boat 0.0493 299 52 375 135
boat 0.0493 271 107 335 162
boat 0.0492 225 95 297 143
boat 0.0492 112 101 152 150
boat 0.0489 21 135 56 174
boat 0.0489 33 139 94 178
boat 0.0488 342 103 374 142
boat 0.0487 44 182 99 237
boat 0.0487 220 118 256 140
boat 0.0486 182 95 279 281
boat 0.0486 11 147 33 174
boat 0.0483 14 140 37 169
boat 0.0483 67 176 125 203
boat 0.0481 46 176 103 202
boat 0.0480 63 97 111 163
boat 0.0478 325 160 375 294
boat 0.0475 337 228 375 277
boat 0.0475 111 146 192 232
boat 0.0475 0 212 51 343
boat 0.0474 61 32 110 107
boat 0.0474 68 119 152 176
boat 0.0468 0 225 65 283
boat 0.0468 142 249 231 300
boat 0.0467 0 234 71 388
boat 0.0466 140 336 196 356
boat 0.0465 116 180 149 245
boat 0.0464 304 34 343 147
boat 0.0464 86 6 160 113
boat 0.0464 91 173 124 193
boat 0.0463 33 226 103 343
boat 0.0463 151 58 168 119
boat 0.0462 131 107 205 157
boat 0.0461 103 307 218 354
boat 0.0461 203 214 274 266
boat 0.0459 332 130 375 170
boat 0.0458 316 42 353 123
boat 0.0458 317 8 374 73
boat 0.0458 340 170 374 196
boat 0.0457 314 287 375 331
boat 0.0456 154 315 229 357
boat 0.0455 170 153 237 201
boat 0.0452 0 151 26 219
boat 0.0451 136 22 176 131
boat 0.0450 345 30 374 73
boat 0.0448 13 120 28 166
boat 0.0447 0 218 34 277
boat 0.0444 147 334 181 350
boat 0.0444 62 222 134 260
boat 0.0444 92 144 150 183
boat 0.0443 0 229 34 321
boat 0.0443 214 67 304 137
boat 0.0442 291 100 353 148
boat 0.0442 64 206 153 267
boat 0.0442 92 157 172 209
boat 0.0440 1 392 33 495
boat 0.0438 77 369 144 400
boat 0.0438 88 193 155 251
boat 0.0438 217 291 363 349
boat 0.0438 41 104 114 223
boat 0.0437 214 40 260 165
bottle 0.0800 240 186 267 269
bottle 0.0749 128 185 158 259
bottle 0.0732 137 178 170 257
bottle 0.0657 245 221 262 268
bottle 0.0642 180 241 198 269
bottle 0.0632 119 169 177 278
bottle 0.0632 128 205 149 256
bottle 0.0566 124 171 150 246
bottle 0.0521 49 213 86 244
bottle 0.0513 241 230 258 269
bottle 0.0462 159 187 173 247
bottle 0.0459 144 177 168 235
bottle 0.0445 127 175 174 223
bottle 0.0441 230 222 264 270
bottle 0.0438 251 222 267 269
bottle 0.0424 233 233 254 270
bottle 0.0416 144 205 165 261
bottle 0.0391 127 184 147 230
bottle 0.0388 178 240 216 268
bottle 0.0387 0 74 16 145
bottle 0.0383 122 169 151 211
bottle 0.0377 141 210 157 256
bottle 0.0365 132 192 150 241
bottle 0.0363 238 238 267 267
bottle 0.0348 152 194 171 259
bottle 0.0339 141 178 160 220
bottle 0.0335 132 176 150 223
bottle 0.0332 162 212 172 256
bottle 0.0327 229 179 277 305
bottle 0.0325 261 230 272 266
bottle 0.0319 0 73 11 202
bottle 0.0316 130 224 153 258
bottle 0.0312 121 215 157 262
bottle 0.0307 48 213 67 247
bottle 0.0304 229 240 247 271
bottle 0.0298 179 248 194 282
bottle 0.0297 148 224 162 261
bottle 0.0295 151 183 173 223
bottle 0.0294 173 243 192 267
bottle 0.0286 172 230 199 267
bottle 0.0284 56 211 117 244
bottle 0.0280 122 221 146 255
bottle 0.0276 168 254 178 278
bottle 0.0276 141 191 159 238
bottle 0.0272 172 244 202 274
bottle 0.0271 173 248 187 276
bottle 0.0270 129 192 169 231
bottle 0.0269 266 257 279 311
bottle 0.0267 256 203 274 268
bottle 0.0267 229 22 254 125
bottle 0.0263 131 211 172 266
bottle 0.0262 0 117 8 223
bottle 0.0261 155 219 167 258
bottle 0.0260 84 207 149 345
bottle 0.0258 232 247 264 271
bottle 0.0251 138 227 160 258
bottle 0.0246 167 244 206 292
bottle 0.0244 82 63 110 152
bottle 0.0241 166 262 180 293
bottle 0.0232 124 196 143 246
bottle 0.0231 113 347 229 412
bottle 0.0229 162 253 173 280
bottle 0.0229 134 183 167 214
bottle 0.0226 168 236 178 263
bottle 0.0224 173 257 185 284
bottle 0.0222 162 244 172 271
bottle 0.0218 159 260 175 293
bottle 0.0215 134 201 164 224
bottle 0.0212 125 204 160 243
bottle 0.0209 154 237 167 271
bottle 0.0206 0 114 5 201
bottle 0.0205 226 4 256 83
bottle 0.0204 113 187 146 261
bottle 0.0201 149 180 178 243
car 0.0531 269 182 308 213
car 0.0505 204 130 295 208
car 0.0450 198 344 234 367
car 0.0424 241 132 287 179
car 0.0373 290 161 320 190
car 0.0369 233 147 303 206
car 0.0330 110 145 148 175
car 0.0327 118 150 144 172
car 0.0325 276 174 306 197
car 0.0318 155 157 212 194
car 0.0317 270 162 308 208
car 0.0316 115 121 147 164
car 0.0310 235 169 308 221
car 0.0303 213 164 288 225
car 0.0300 113 135 158 168
car 0.0292 117 142 145 164
car 0.0270 283 169 318 196
car 0.0270 276 159 310 191
car 0.0263 264 146 304 188
car 0.0262 117 153 151 184
car 0.0260 299 161 336 189
car 0.0244 275 178 323 207
car 0.0244 120 129 143 174
car 0.0235 181 150 215 183
car 0.0232 254 182 296 215
car 0.0223 120 116 152 182
chair 0.0266 268 449 314 500
motorbike 0.0507 224 125 292 219
motorbike 0.0336 200 154 295 240
motorbike 0.0252 275 160 312 205
person 0.1182 241 176 269 262
person 0.1031 242 138 281 194
person 0.0901 241 160 272 228
person 0.0894 294 154 308 189
person 0.0796 263 140 281 182
person 0.0752 158 175 174 227
person 0.0725 225 139 280 261
person 0.0724 297 163 314 188
person 0.0686 278 145 291 187
person 0.0632 134 173 174 230
person 0.0624 270 143 285 183
person 0.0623 284 149 296 188
person 0.0620 213 126 288 223
person 0.0596 68 215 89 242
person 0.0568 291 152 303 187
person 0.0567 243 147 269 204
person 0.0561 246 182 263 231
person 0.0561 246 142 276 178
person 0.0556 304 166 321 187
person 0.0544 50 214 81 242
person 0.0542 291 166 310 193
person 0.0535 250 153 279 210
person 0.0521 237 176 265 220
person 0.0511 288 150 306 196
person 0.0507 246 195 263 261
person 0.0507 0 249 16 294
person 0.0501 267 260 277 305
person 0.0500 280 143 298 193
person 0.0486 182 235 198 268
person 0.0485 185 122 243 197
person 0.0484 258 139 293 191
person 0.0483 245 146 263 187
person 0.0482 188 140 213 168
person 0.0465 231 196 274 270
person 0.0465 224 150 284 202
person 0.0446 310 165 328 187
person 0.0439 123 167 163 219
person 0.0439 271 123 296 193
person 0.0436 121 162 144 191
person 0.0435 151 174 173 212
person 0.0433 145 170 168 221
person 0.0432 240 158 262 212
person 0.0428 0 77 15 133
person 0.0425 235 141 266 180
person 0.0421 212 136 251 193
person 0.0421 293 148 319 188
person 0.0410 351 245 373 294
person 0.0408 233 168 290 214
person 0.0403 191 100 224 171
person 0.0402 313 155 325 185
person 0.0402 188 141 237 184
person 0.0402 249 177 270 222
person 0.0401 122 168 148 199
person 0.0391 257 179 275 220
person 0.0388 186 146 214 187
person 0.0388 25 138 38 170
person 0.0382 258 150 278 194
person 0.0380 191 119 215 168
person 0.0379 244 161 278 188
person 0.0377 329 166 345 199
person 0.0372 156 169 178 201
person 0.0370 361 155 373 197
person 0.0369 118 154 137 180
person 0.0369 271 149 307 200
person 0.0368 141 164 181 214
person 0.0365 295 140 309 182
person 0.0365 193 139 263 207
person 0.0363 122 150 141 174
person 0.0360 329 166 338 192
person 0.0359 250 188 268 239
person 0.0355 195 130 210 164
person 0.0353 243 169 277 199
person 0.0352 181 141 203 166
person 0.0351 263 157 280 203
person 0.0350 244 118 295 206
person 0.0344 217 139 233 175
person 0.0343 117 169 139 195
person 0.0338 72 220 102 240
person 0.0335 55 132 69 168
person 0.0335 48 207 97 244
person 0.0334 241 140 257 176
person 0.0334 353 239 371 268
person 0.0333 183 132 221 177
person 0.0333 297 158 327 190
person 0.0332 43 136 56 172
person 0.0330 126 176 176 282
person 0.0329 328 156 338 185
person 0.0328 1 244 23 285
person 0.0328 307 139 330 188
person 0.0326 240 203 259 260
person 0.0325 317 167 334 188
person 0.0324 228 241 251 270
person 0.0320 30 141 44 171
person 0.0316 361 169 374 213
person 0.0316 146 171 166 201
person 0.0316 264 262 273 304
person 0.0313 276 163 294 202
person 0.0313 255 116 288 183
person 0.0313 25 117 38 160
person 0.0313 240 188 260 239
person 0.0312 298 134 315 180
person 0.0309 177 149 232 201
person 0.0308 253 183 275 243
person 0.0307 122 157 148 180
person 0.0305 265 170 310 217
person 0.0305 228 145 260 217
person 0.0304 102 173 126 195
person 0.0302 37 141 52 172
person 0.0301 187 243 214 267
person 0.0300 278 176 307 206
person 0.0300 134 169 176 201
person 0.0299 347 241 369 283
person 0.0298 236 182 252 217
person 0.0295 64 153 88 179
person 0.0295 191 134 267 265
person 0.0294 141 173 159 214
person 0.0293 104 230 124 250
person 0.0291 236 173 298 249
person 0.0290 268 155 289 188
person 0.0290 154 162 199 205
person 0.0289 185 166 208 195
person 0.0288 329 151 346 188
person 0.0288 67 145 82 175
person 0.0288 268 257 276 278
person 0.0285 177 141 208 177
person 0.0284 304 142 321 183
person 0.0284 122 158 175 197
person 0.0283 180 229 213 267
person 0.0282 326 171 338 207
person 0.0282 258 155 299 208
person 0.0282 346 255 366 295
person 0.0281 234 144 252 181
person 0.0281 131 170 151 214
person 0.0279 76 34 104 104
person 0.0279 7 151 23 186
person 0.0278 111 167 132 187
person 0.0278 328 135 345 175
person 0.0277 60 150 79 172
person 0.0277 168 139 222 191
person 0.0276 319 157 332 185
person 0.0276 353 164 372 199
person 0.0276 48 211 67 244
person 0.0275 154 169 172 191
person 0.0274 281 118 307 193
person 0.0273 151 168 182 252
person 0.0272 236 171 265 197
person 0.0270 184 155 201 192
person 0.0270 173 140 195 165
person 0.0270 110 155 132 178
person 0.0269 198 345 219 369
person 0.0269 271 129 285 170
person 0.0269 41 156 57 186
person 0.0268 233 168 256 216
person 0.0268 68 214 81 237
person 0.0268 258 131 276 169
person 0.0267 259 189 274 234
person 0.0267 15 148 35 182
person 0.0266 0 249 8 298
person 0.0266 133 152 206 213
person 0.0266 219 113 260 189
person 0.0264 227 246 240 272
person 0.0264 49 125 63 166
person 0.0264 23 148 40 182
person 0.0263 329 236 374 315
person 0.0263 247 127 282 172
person 0.0261 88 176 115 202
person 0.0260 282 164 306 187
person 0.0260 55 148 72 172
person 0.0260 82 40 108 130
person 0.0260 256 146 286 176
person 0.0259 123 142 138 169
person 0.0258 231 141 246 174
person 0.0258 291 121 315 191
person 0.0258 194 252 223 268
person 0.0257 44 123 56 161
person 0.0255 248 131 273 163
person 0.0254 122 136 186 251
person 0.0253 304 171 335 191
person 0.0253 174 155 208 192
person 0.0252 200 337 216 365
person 0.0252 326 142 339 181
person 0.0252 38 136 59 183
person 0.0252 190 141 205 164
person 0.0251 171 118 185 155
person 0.0250 119 156 147 213
person 0.0250 264 254 272 275
person 0.0250 206 150 245 205
person 0.0249 222 183 271 225
person 0.0249 99 142 134 176
person 0.0248 191 138 232 167
person 0.0248 341 254 357 288
person 0.0248 224 131 250 181
person 0.0247 117 133 147 192
person 0.0245 58 157 79 179
person 0.0245 94 169 112 188
person 0.0245 223 147 248 201
person 0.0245 356 236 370 257
person 0.0244 155 166 194 189
person 0.0244 261 176 283 208
person 0.0243 72 149 95 179
person 0.0243 220 142 239 187
person 0.0242 86 159 106 178
person 0.0241 82 217 96 242
person 0.0241 185 140 197 163
person 0.0240 257 160 287 186
person 0.0239 78 172 105 195
person 0.0238 120 226 132 255
person 0.0237 279 180 316 215
person 0.0237 81 222 111 239
person 0.0237 250 185 280 214
person 0.0236 50 229 64 259
person 0.0236 188 117 239 165
person 0.0235 354 179 372 216
person 0.0235 105 236 133 255
person 0.0235 210 345 241 365
person 0.0234 50 148 61 176
person 0.0234 314 46 335 106
person 0.0234 29 150 48 184
person 0.0233 68 210 109 241
person 0.0233 92 230 120 247
person 0.0232 276 124 292 170
person 0.0232 267 248 276 269
person 0.0232 261 254 276 309
person 0.0231 89 47 103 97
person 0.0231 325 166 346 185
person 0.0231 251 176 296 209
person 0.0230 107 177 133 202
person 0.0230 52 129 72 180
person 0.0230 52 157 71 180
person 0.0229 308 158 338 191
person 0.0229 95 235 124 254
person 0.0229 367 148 375 203
person 0.0229 290 168 333 195
person 0.0228 30 122 44 159
person 0.0227 204 115 236 190
person 0.0226 118 144 134 171
person 0.0225 84 151 105 173
person 0.0225 314 441 325 497
person 0.0224 229 175 245 209
person 0.0224 123 177 144 221
person 0.0224 224 252 247 271
person 0.0223 1 258 21 307
person 0.0223 206 140 235 163
person 0.0221 336 367 348 386
person 0.0221 112 145 129 175
person 0.0221 214 171 265 212
person 0.0221 217 135 236 160
person 0.0220 128 152 144 177
person 0.0219 236 195 252 233
person 0.0219 164 146 203 187
person 0.0219 270 162 287 201
person 0.0218 170 134 187 168
person 0.0217 95 161 112 180
person 0.0217 37 125 52 160
person 0.0217 102 226 120 244
person 0.0216 164 171 202 194
person 0.0215 177 135 191 161
person 0.0215 329 173 343 214
person 0.0215 63 223 95 245
person 0.0214 100 160 121 179
person 0.0214 185 136 212 157
person 0.0214 60 212 75 238
person 0.0214 158 209 174 269
person 0.0214 144 168 171 186
person 0.0213 282 159 318 203
person 0.0213 113 231 126 253
person 0.0213 81 153 99 180
person 0.0212 256 264 266 310
person 0.0212 134 168 163 186
person 0.0212 60 202 85 242
person 0.0211 64 211 84 233
person 0.0211 119 223 151 260
person 0.0211 113 173 128 197
person 0.0210 51 124 62 150
person 0.0210 186 228 203 263
person 0.0210 267 184 298 214
person 0.0210 106 175 122 205
person 0.0210 206 190 251 268
person 0.0209 82 40 98 92
person 0.0209 48 157 62 187
person 0.0208 117 233 136 258
person 0.0208 254 243 267 273
person 0.0208 270 116 286 156
person 0.0207 100 149 122 173
person 0.0206 81 80 111 160
person 0.0206 281 169 334 212
person 0.0206 73 227 104 245
person 0.0206 270 260 282 292
person 0.0206 292 177 309 215
person 0.0205 177 124 190 154
person 0.0205 34 157 55 195
person 0.0205 235 212 253 257
person 0.0204 236 169 251 203
person 0.0204 164 184 201 266
person 0.0204 267 126 280 155
person 0.0202 188 143 243 242
person 0.0202 166 142 191 172
person 0.0202 151 169 163 194
person 0.0202 191 134 222 159
person 0.0202 232 178 259 204
pottedplant 0.0290 236 445 273 500
