bird 0.0568 292 340 338 352
bird 0.0349 264 339 347 354
bird 0.0304 309 340 357 352
bird 0.0269 313 339 337 354
bird 0.0257 154 253 171 285
bird 0.0218 295 343 371 354
bird 0.0204 148 253 499 346
boat 0.0318 0 0 430 237
boat 0.0218 54 0 117 54
bottle 0.0265 74 296 93 332
car 0.0471 472 1 500 39
car 0.0341 472 20 500 40
car 0.0326 245 0 293 35
car 0.0304 480 0 500 27
car 0.0250 457 0 500 18
car 0.0230 227 0 286 46
car 0.0229 3 180 57 236
cow 0.0897 150 150 211 236
cow 0.0629 155 176 200 235
horse 0.8441 148 108 442 277
horse 0.0853 150 118 279 261
horse 0.0640 271 126 432 279
horse 0.0619 76 149 472 354
horse 0.0583 153 124 230 238
horse 0.0547 188 106 442 206
horse 0.0412 138 169 352 274
horse 0.0261 180 101 348 256
horse 0.0257 331 172 394 278
horse 0.0256 307 178 429 275
horse 0.0253 32 55 416 288
horse 0.0245 145 187 260 274
horse 0.0232 172 215 407 285
horse 0.0225 239 197 417 272
horse 0.0220 146 104 267 199
person 0.1092 337 5 357 46
person 0.0548 9 15 474 313
person 0.0421 263 0 293 34
person 0.0316 343 193 391 277
person 0.0298 154 251 171 285
person 0.0288 345 2 361 39
person 0.0247 386 22 408 42
person 0.0245 162 177 201 236
person 0.0234 364 202 393 274
person 0.0223 0 0 223 341
person 0.0221 310 144 422 278
person 0.0217 239 0 286 39
person 0.0206 170 121 297 256
train 0.0380 48 110 446 292
train 0.0311 4 182 69 239
train 0.0244 31 162 500 354
train 0.0233 247 342 345 354
tvmonitor 0.0244 0 19 70 55
