bottle 0.0632 0 337 25 374
bottle 0.0319 1 348 47 374
bottle 0.0209 1 291 47 359
bottle 0.0200 13 291 55 314
bottle 0.0200 1 316 33 373
chair 0.4739 151 87 434 375
chair 0.3664 1 162 100 375
chair 0.2374 415 136 500 287
chair 0.2321 0 266 107 371
chair 0.2135 0 225 170 375
chair 0.1804 172 80 338 192
chair 0.1781 52 266 210 374
chair 0.1766 4 91 154 366
chair 0.1445 29 160 208 370
chair 0.1427 41 98 350 370
chair 0.1426 365 99 499 299
chair 0.1318 0 169 95 267
chair 0.1107 0 302 78 375
chair 0.1033 66 82 234 352
chair 0.0951 151 84 350 283
chair 0.0869 141 223 434 369
chair 0.0863 196 83 322 157
chair 0.0841 303 84 465 353
chair 0.0804 97 201 222 375
chair 0.0765 446 141 500 242
chair 0.0722 142 100 298 368
chair 0.0720 178 78 426 232
chair 0.0667 0 305 169 374
chair 0.0599 0 338 49 375
chair 0.0594 212 85 416 173
chair 0.0559 391 102 500 218
chair 0.0555 337 146 448 341
chair 0.0553 0 218 67 373
chair 0.0542 409 156 498 234
chair 0.0532 347 19 491 236
chair 0.0531 275 78 446 192
chair 0.0530 338 93 455 267
chair 0.0526 79 307 197 375
chair 0.0520 421 142 497 198
chair 0.0499 456 139 499 202
chair 0.0489 342 216 432 363
chair 0.0489 156 72 283 157
chair 0.0478 56 199 154 362
chair 0.0468 0 282 50 363
chair 0.0466 345 108 492 187
chair 0.0448 153 184 267 374
chair 0.0441 214 0 500 364
chair 0.0439 444 154 497 191
chair 0.0427 130 110 228 339
chair 0.0420 1 335 95 373
chair 0.0414 140 99 292 236
chair 0.0403 210 118 329 206
chair 0.0402 201 119 317 166
chair 0.0397 0 307 40 375
chair 0.0396 0 327 28 375
chair 0.0391 0 351 72 375
chair 0.0389 0 289 78 338
chair 0.0383 181 43 341 145
chair 0.0376 39 295 90 370
chair 0.0375 248 65 387 156
chair 0.0371 0 185 59 294
chair 0.0370 137 118 217 252
chair 0.0369 61 290 155 375
chair 0.0369 326 44 467 182
chair 0.0365 360 178 487 366
chair 0.0361 251 88 327 151
chair 0.0360 85 258 348 372
chair 0.0360 65 155 146 317
chair 0.0357 0 171 91 221
chair 0.0356 1 177 46 251
chair 0.0354 454 174 500 274
chair 0.0352 43 171 94 239
chair 0.0351 306 62 426 164
chair 0.0335 24 138 170 285
chair 0.0334 133 80 247 184
chair 0.0332 0 225 84 308
chair 0.0331 98 302 287 370
chair 0.0316 0 72 99 282
chair 0.0315 357 75 436 180
chair 0.0305 181 79 263 144
chair 0.0305 304 90 500 219
chair 0.0303 99 106 198 324
chair 0.0296 49 302 116 375
chair 0.0294 227 121 418 276
chair 0.0292 278 228 471 375
chair 0.0290 0 184 153 312
chair 0.0284 204 37 371 201
chair 0.0283 1 201 39 275
chair 0.0282 0 0 222 375
chair 0.0277 152 125 249 269
chair 0.0277 0 201 84 250
chair 0.0274 471 147 500 215
chair 0.0272 323 89 421 209
chair 0.0271 477 139 500 193
chair 0.0271 84 278 177 357
chair 0.0267 328 131 476 216
chair 0.0264 203 138 317 188
chair 0.0260 26 294 62 364
chair 0.0260 302 265 429 365
chair 0.0259 133 258 221 374
chair 0.0258 429 181 494 247
chair 0.0253 143 291 412 371
chair 0.0253 359 194 499 283
chair 0.0249 175 113 291 200
chair 0.0248 267 89 376 211
chair 0.0239 427 200 500 288
chair 0.0238 81 63 345 162
chair 0.0237 1 237 39 320
chair 0.0236 44 247 95 355
chair 0.0234 202 133 285 163
chair 0.0233 315 131 425 275
chair 0.0231 139 33 305 202
chair 0.0229 250 25 339 140
chair 0.0227 0 206 34 364
chair 0.0226 224 7 437 163
chair 0.0226 220 82 321 118
chair 0.0225 76 303 126 370
chair 0.0223 243 129 331 164
chair 0.0218 270 81 329 126
chair 0.0217 228 88 288 153
chair 0.0212 225 107 322 154
chair 0.0212 185 103 271 174
chair 0.0212 0 85 252 256
chair 0.0209 411 25 496 196
chair 0.0208 160 276 251 375
chair 0.0204 102 141 193 252
chair 0.0203 260 304 446 371
chair 0.0202 221 106 296 183
chair 0.0202 394 150 484 190
chair 0.0201 114 43 249 238
chair 0.0201 25 169 123 249
chair 0.0200 72 336 182 373
chair 0.0200 77 328 265 375
diningtable 0.0338 0 120 384 375
person 0.0326 0 0 22 38
person 0.0294 0 270 40 329
person 0.0254 80 0 99 30
person 0.0254 0 288 41 359
person 0.0217 381 37 401 73
pottedplant 0.0272 0 0 33 44
sofa 0.6649 146 86 440 370
sofa 0.0599 111 193 400 375
sofa 0.0504 156 94 405 256
sofa 0.0432 43 9 500 375
sofa 0.0398 17 73 388 317
sofa 0.0348 129 69 344 165
sofa 0.0287 173 55 467 206
tvmonitor 0.0357 335 0 485 204
tvmonitor 0.0298 36 295 69 368
tvmonitor 0.0220 343 16 440 166
tvmonitor 0.0208 13 302 68 359
