bicycle 0.0518 168 255 346 494
bicycle 0.0506 0 460 33 500
bicycle 0.0354 198 355 342 489
bicycle 0.0300 0 425 57 496
bicycle 0.0273 0 454 17 500
bicycle 0.0221 0 420 25 500
bird 0.0302 184 355 276 485
bird 0.0245 160 221 191 261
bird 0.0204 0 454 69 496
bird 0.0201 231 40 339 131
bird 0.0200 246 389 338 496
car 0.0385 0 466 19 500
car 0.0219 0 454 48 500
chair 0.0308 143 188 346 489
chair 0.0205 230 398 343 491
diningtable 0.0576 130 264 346 500
dog 0.7215 2 223 205 486
dog 0.0817 1 219 130 410
dog 0.0756 20 68 303 479
dog 0.0725 10 336 192 481
dog 0.0683 0 222 98 307
dog 0.0592 14 218 170 344
dog 0.0542 0 378 100 484
dog 0.0539 57 225 203 395
dog 0.0531 93 299 208 479
dog 0.0473 3 225 72 429
dog 0.0326 153 347 279 492
dog 0.0316 38 284 290 496
dog 0.0308 2 289 108 481
dog 0.0302 124 346 227 492
dog 0.0227 80 221 205 323
dog 0.0223 4 221 74 270
dog 0.0221 78 389 204 493
horse 0.0410 9 213 301 500
person 0.9093 169 50 346 487
person 0.2853 73 121 318 494
person 0.2308 233 131 341 493
person 0.0992 176 157 283 484
person 0.0592 263 240 332 495
person 0.0485 0 79 185 500
person 0.0412 282 171 345 459
person 0.0402 176 168 240 385
person 0.0402 248 344 338 492
person 0.0384 163 467 187 500
person 0.0362 216 306 270 476
person 0.0345 171 57 259 404
person 0.0345 173 88 242 270
person 0.0339 175 52 334 294
person 0.0332 157 309 299 495
person 0.0299 277 91 346 308
person 0.0287 142 139 232 431
person 0.0284 156 206 219 380
person 0.0274 92 191 213 447
person 0.0247 200 353 289 487
person 0.0245 203 59 332 167
person 0.0239 0 436 56 491
person 0.0223 0 422 34 500
person 0.0222 293 351 342 495
person 0.0220 0 462 23 500
person 0.0212 163 136 221 336
person 0.0209 332 340 346 383
person 0.0205 68 228 110 287
person 0.0205 189 259 263 475
person 0.0205 239 292 305 494
person 0.0204 244 54 340 333
person 0.0203 300 194 344 389
person 0.0200 306 312 333 418
pottedplant 0.0315 1 0 72 96
pottedplant 0.0217 2 0 31 72
tvmonitor 0.0356 0 0 66 228
