bottle 0.0482 245 429 323 500
bottle 0.0277 411 142 460 328
bottle 0.0225 253 438 292 500
bottle 0.0217 167 430 327 499
bottle 0.0206 253 363 329 500
car 0.0303 439 275 460 319
car 0.0221 412 266 460 329
cat 0.0575 413 75 460 313
cat 0.0386 91 56 184 191
cat 0.0320 250 72 330 232
cat 0.0244 423 103 459 212
chair 0.0953 294 87 451 483
chair 0.0412 156 43 450 500
chair 0.0402 279 295 460 500
chair 0.0381 364 205 459 486
chair 0.0370 410 107 460 330
chair 0.0314 291 408 460 496
chair 0.0235 401 98 460 500
chair 0.0222 165 453 262 498
chair 0.0211 343 343 460 487
dog 0.8275 65 50 334 491
dog 0.2559 0 146 139 471
dog 0.1882 9 39 213 472
dog 0.0997 1 272 133 444
dog 0.0773 92 330 330 495
dog 0.0714 294 33 454 453
dog 0.0584 0 260 313 500
dog 0.0527 97 61 322 247
dog 0.0503 90 62 179 249
dog 0.0486 129 26 430 417
dog 0.0462 393 30 459 301
dog 0.0427 94 62 241 369
dog 0.0406 0 355 145 477
dog 0.0404 103 403 303 492
dog 0.0366 88 60 218 172
dog 0.0364 186 68 338 395
dog 0.0330 0 71 95 416
dog 0.0326 220 76 396 478
dog 0.0317 226 76 331 216
dog 0.0312 177 180 339 499
dog 0.0310 171 68 332 173
dog 0.0308 418 108 459 245
dog 0.0297 0 220 112 395
dog 0.0232 99 26 336 148
dog 0.0223 9 404 178 494
dog 0.0219 0 44 230 255
dog 0.0209 80 33 228 134
person 0.0607 259 24 455 478
person 0.0434 377 4 460 381
person 0.0430 211 0 289 26
person 0.0394 416 14 460 425
person 0.0292 154 0 226 24
person 0.0276 96 0 178 21
person 0.0237 16 36 161 341
person 0.0225 265 197 427 498
person 0.0219 0 0 236 476
person 0.0208 260 1 300 20
pottedplant 0.1624 0 59 132 476
pottedplant 0.1138 0 25 103 344
pottedplant 0.1081 2 7 92 214
pottedplant 0.0993 314 215 419 343
pottedplant 0.0915 313 156 447 473
pottedplant 0.0908 0 173 104 305
pottedplant 0.0765 0 0 105 97
pottedplant 0.0735 0 91 100 251
pottedplant 0.0631 294 94 433 385
pottedplant 0.0584 342 200 431 388
pottedplant 0.0532 4 154 93 241
pottedplant 0.0507 1 5 70 143
pottedplant 0.0497 388 135 458 366
pottedplant 0.0478 367 66 460 451
pottedplant 0.0470 5 1 103 49
pottedplant 0.0467 0 53 56 230
pottedplant 0.0467 358 222 420 330
pottedplant 0.0466 2 9 134 142
pottedplant 0.0448 305 205 421 287
pottedplant 0.0446 311 0 456 279
pottedplant 0.0417 55 0 106 44
pottedplant 0.0415 0 111 77 215
pottedplant 0.0412 0 4 37 112
pottedplant 0.0408 0 59 40 169
pottedplant 0.0397 384 0 459 210
pottedplant 0.0384 294 2 454 72
pottedplant 0.0378 0 125 43 224
pottedplant 0.0365 313 417 460 496
pottedplant 0.0363 7 196 95 253
pottedplant 0.0351 339 229 420 284
pottedplant 0.0350 7 0 61 84
pottedplant 0.0345 0 0 71 37
pottedplant 0.0344 22 3 162 73
pottedplant 0.0342 40 4 107 64
pottedplant 0.0326 0 161 59 334
pottedplant 0.0325 265 7 452 160
pottedplant 0.0325 0 213 38 315
pottedplant 0.0315 0 252 20 311
pottedplant 0.0315 320 201 383 318
pottedplant 0.0307 385 0 455 77
pottedplant 0.0307 0 222 83 318
pottedplant 0.0304 0 161 42 254
pottedplant 0.0303 30 207 99 273
pottedplant 0.0299 334 168 417 300
pottedplant 0.0295 11 52 78 176
pottedplant 0.0291 0 105 49 189
pottedplant 0.0282 10 153 117 408
pottedplant 0.0280 0 165 65 221
pottedplant 0.0278 355 6 447 61
pottedplant 0.0277 78 2 192 85
pottedplant 0.0274 344 0 448 134
pottedplant 0.0274 91 0 176 22
pottedplant 0.0271 21 5 77 95
pottedplant 0.0270 28 125 113 265
pottedplant 0.0270 33 0 152 45
pottedplant 0.0267 372 186 451 331
pottedplant 0.0263 7 4 156 246
pottedplant 0.0260 281 185 395 409
pottedplant 0.0256 17 0 107 30
pottedplant 0.0254 8 181 57 269
pottedplant 0.0252 324 237 385 358
pottedplant 0.0252 412 98 460 453
pottedplant 0.0252 0 0 204 106
pottedplant 0.0250 10 76 140 206
pottedplant 0.0247 310 216 398 269
pottedplant 0.0245 37 169 90 255
pottedplant 0.0244 0 221 22 300
pottedplant 0.0241 3 75 63 156
pottedplant 0.0240 50 43 161 186
pottedplant 0.0239 0 21 32 216
pottedplant 0.0236 370 254 418 347
pottedplant 0.0235 28 13 93 147
pottedplant 0.0235 30 110 93 223
pottedplant 0.0233 348 103 437 315
pottedplant 0.0232 2 1 53 23
pottedplant 0.0232 0 154 50 205
pottedplant 0.0231 25 182 78 267
pottedplant 0.0230 70 0 109 22
pottedplant 0.0230 0 62 22 165
pottedplant 0.0228 0 90 17 156
pottedplant 0.0225 422 0 458 90
pottedplant 0.0223 320 171 376 281
pottedplant 0.0222 349 245 412 371
pottedplant 0.0221 24 138 75 223
pottedplant 0.0220 343 228 396 322
pottedplant 0.0218 384 231 429 318
pottedplant 0.0218 318 201 408 256
pottedplant 0.0218 78 32 184 152
pottedplant 0.0218 71 0 136 41
pottedplant 0.0215 403 172 460 322
pottedplant 0.0215 0 213 81 269
pottedplant 0.0214 64 7 157 60
pottedplant 0.0212 0 156 29 352
pottedplant 0.0211 53 0 131 100
pottedplant 0.0211 322 362 354 414
pottedplant 0.0210 27 34 71 138
pottedplant 0.0209 312 226 366 342
pottedplant 0.0208 279 5 403 100
pottedplant 0.0208 311 10 419 58
pottedplant 0.0207 1 39 17 98
pottedplant 0.0207 7 135 89 197
pottedplant 0.0206 316 212 362 299
pottedplant 0.0206 360 237 411 279
pottedplant 0.0205 364 180 422 283
pottedplant 0.0204 313 22 416 196
pottedplant 0.0200 333 252 448 346
pottedplant 0.0200 292 148 379 337
sofa 0.1389 2 27 372 491
sofa 0.0551 191 22 453 500
sofa 0.0244 297 0 460 313
tvmonitor 0.0721 438 272 459 317
tvmonitor 0.0477 425 262 459 318
tvmonitor 0.0430 180 465 254 500
tvmonitor 0.0351 409 123 460 327
tvmonitor 0.0265 417 200 458 322
