bird 0.0227 34 96 60 130
boat 0.0588 9 0 425 275
boat 0.0220 47 28 300 193
bottle 0.0853 35 97 60 130
bottle 0.0559 0 265 18 298
bottle 0.0414 382 214 395 252
bottle 0.0345 0 256 29 298
bottle 0.0313 129 243 165 298
bottle 0.0243 0 276 34 298
bottle 0.0228 150 242 175 298
bottle 0.0227 113 99 138 117
bottle 0.0221 123 99 146 121
bottle 0.0214 374 207 396 255
bottle 0.0210 129 220 166 274
bottle 0.0204 105 98 136 111
bottle 0.0203 34 95 54 119
car 0.0565 191 26 220 37
chair 0.6655 46 106 162 264
chair 0.1449 42 95 146 193
chair 0.1441 114 216 170 297
chair 0.1339 10 175 177 294
chair 0.1227 62 184 171 270
chair 0.1169 87 113 156 229
chair 0.1021 33 118 121 250
chair 0.1013 0 78 150 295
chair 0.0902 95 160 177 292
chair 0.0808 0 248 117 297
chair 0.0790 25 212 156 286
chair 0.0722 2 131 96 275
chair 0.0719 97 107 151 176
chair 0.0651 9 197 123 271
chair 0.0650 25 118 236 294
chair 0.0621 122 194 383 292
chair 0.0576 160 96 236 138
chair 0.0564 127 190 202 295
chair 0.0563 83 214 166 271
chair 0.0560 61 224 172 297
chair 0.0532 21 113 140 166
chair 0.0523 1 206 94 293
chair 0.0487 111 176 166 267
chair 0.0466 93 163 262 293
chair 0.0447 30 62 113 207
chair 0.0444 89 84 220 274
chair 0.0444 6 109 70 234
chair 0.0419 256 59 302 84
chair 0.0417 92 104 137 157
chair 0.0405 380 214 396 256
chair 0.0397 414 58 425 98
chair 0.0393 117 106 156 163
chair 0.0390 0 266 81 297
chair 0.0388 48 205 165 254
chair 0.0374 0 254 21 298
chair 0.0372 57 112 178 172
chair 0.0370 0 113 144 212
chair 0.0370 316 143 401 294
chair 0.0366 113 218 164 261
chair 0.0358 71 102 191 207
chair 0.0345 124 251 162 298
chair 0.0324 0 266 35 298
chair 0.0314 100 102 150 141
chair 0.0309 0 253 51 297
chair 0.0308 364 210 399 298
chair 0.0306 84 268 163 296
chair 0.0300 255 184 400 292
chair 0.0298 98 237 197 298
chair 0.0297 56 252 149 297
chair 0.0296 112 95 231 183
chair 0.0293 54 165 132 255
chair 0.0291 106 149 155 244
chair 0.0289 51 42 218 190
chair 0.0288 138 212 244 294
chair 0.0283 18 265 166 298
chair 0.0282 132 134 206 265
chair 0.0281 0 241 88 282
chair 0.0278 66 121 139 177
chair 0.0270 56 122 108 206
chair 0.0268 77 86 152 156
chair 0.0267 1 206 75 259
chair 0.0267 171 104 221 135
chair 0.0265 284 60 303 83
chair 0.0259 136 100 203 214
chair 0.0254 159 244 363 293
chair 0.0242 0 89 47 259
chair 0.0241 386 245 422 298
chair 0.0240 381 271 425 298
chair 0.0240 414 88 425 141
chair 0.0238 122 174 159 232
chair 0.0237 140 228 179 298
chair 0.0237 121 194 160 253
chair 0.0236 127 198 170 272
chair 0.0235 77 275 139 298
chair 0.0235 0 213 45 296
chair 0.0234 106 124 148 192
chair 0.0233 411 84 425 116
chair 0.0232 77 119 125 164
chair 0.0225 382 284 424 297
chair 0.0225 376 223 409 297
chair 0.0224 347 181 413 296
chair 0.0224 87 218 150 255
chair 0.0223 368 202 395 262
chair 0.0222 114 265 182 297
chair 0.0217 134 98 224 149
chair 0.0216 128 105 167 146
chair 0.0215 95 103 388 298
chair 0.0214 120 98 146 133
chair 0.0213 156 122 243 278
chair 0.0212 111 231 317 297
chair 0.0212 120 108 172 228
chair 0.0211 4 100 84 181
chair 0.0209 4 223 98 265
chair 0.0208 47 207 107 253
chair 0.0207 93 247 138 298
chair 0.0204 100 120 133 174
chair 0.0203 93 94 193 163
chair 0.0203 109 253 150 298
chair 0.0202 405 94 425 139
diningtable 0.1357 46 114 350 289
diningtable 0.1336 30 74 179 272
diningtable 0.0641 135 161 384 289
diningtable 0.0488 8 172 261 291
diningtable 0.0453 36 41 279 256
diningtable 0.0300 60 28 274 128
diningtable 0.0225 50 108 250 222
diningtable 0.0215 98 74 369 183
diningtable 0.0210 0 0 398 298
diningtable 0.0206 75 69 274 162
diningtable 0.0201 0 259 105 298
person 0.7705 34 34 147 251
person 0.1021 36 30 139 147
person 0.0776 44 58 160 183
person 0.0632 30 14 222 270
person 0.0591 38 34 108 85
person 0.0561 52 24 223 168
person 0.0422 119 98 141 113
person 0.0386 0 0 380 287
person 0.0375 378 212 398 268
person 0.0370 40 75 113 173
person 0.0362 80 55 142 162
person 0.0357 93 97 135 147
person 0.0324 11 34 123 98
person 0.0311 43 34 168 104
person 0.0309 367 210 395 290
person 0.0308 36 37 86 109
person 0.0308 33 35 70 85
person 0.0305 414 53 425 97
person 0.0303 382 217 395 255
person 0.0295 93 70 135 120
person 0.0291 120 98 148 121
person 0.0286 34 91 61 139
person 0.0254 8 59 98 235
person 0.0245 100 34 177 137
person 0.0242 376 217 405 297
person 0.0241 41 36 60 77
person 0.0241 83 45 140 112
person 0.0226 96 92 140 128
person 0.0224 108 95 140 114
person 0.0210 33 67 62 124
person 0.0209 0 27 124 190
person 0.0201 102 58 144 111
pottedplant 0.6817 227 77 327 138
pottedplant 0.5981 327 5 399 137
pottedplant 0.3379 336 55 390 138
pottedplant 0.1966 177 98 230 138
pottedplant 0.1851 226 37 346 148
pottedplant 0.1683 317 86 350 136
pottedplant 0.1522 172 52 298 140
pottedplant 0.1392 333 75 350 107
pottedplant 0.1356 150 30 249 135
pottedplant 0.1326 311 65 401 147
pottedplant 0.1318 348 3 415 103
pottedplant 0.1300 305 13 408 244
pottedplant 0.1288 188 89 311 143
pottedplant 0.1276 122 125 382 291
pottedplant 0.1182 269 48 386 141
pottedplant 0.1134 328 73 352 125
pottedplant 0.1106 223 82 280 141
pottedplant 0.1067 248 37 267 61
pottedplant 0.0988 247 37 273 81
pottedplant 0.0950 206 89 259 139
pottedplant 0.0940 268 82 340 134
pottedplant 0.0903 348 0 425 179
pottedplant 0.0895 158 78 246 145
pottedplant 0.0887 345 86 386 140
pottedplant 0.0860 300 75 353 142
pottedplant 0.0853 216 77 372 173
pottedplant 0.0850 318 91 337 123
pottedplant 0.0848 242 20 422 127
pottedplant 0.0843 250 52 299 84
pottedplant 0.0804 319 67 365 136
pottedplant 0.0773 220 32 290 123
pottedplant 0.0767 239 10 334 119
pottedplant 0.0743 247 65 312 128
pottedplant 0.0728 243 58 307 102
pottedplant 0.0715 391 36 422 99
pottedplant 0.0709 191 59 396 276
pottedplant 0.0706 335 6 394 78
pottedplant 0.0682 201 97 236 139
pottedplant 0.0675 221 99 241 139
pottedplant 0.0654 289 103 401 293
pottedplant 0.0637 222 107 299 141
pottedplant 0.0637 392 82 423 138
pottedplant 0.0624 391 2 422 77
pottedplant 0.0604 327 33 390 103
pottedplant 0.0596 292 93 338 137
pottedplant 0.0577 169 20 399 180
pottedplant 0.0560 357 74 391 130
pottedplant 0.0557 331 73 368 108
pottedplant 0.0552 255 5 350 86
pottedplant 0.0551 340 80 417 143
pottedplant 0.0548 335 93 352 126
pottedplant 0.0546 328 100 352 137
pottedplant 0.0537 223 84 250 138
pottedplant 0.0534 226 81 263 128
pottedplant 0.0531 275 77 318 127
pottedplant 0.0530 370 1 413 79
pottedplant 0.0520 341 1 357 25
pottedplant 0.0500 413 60 424 93
pottedplant 0.0491 125 26 372 121
pottedplant 0.0479 331 85 353 112
pottedplant 0.0476 246 35 294 78
pottedplant 0.0472 340 72 391 109
pottedplant 0.0467 326 44 425 122
pottedplant 0.0460 330 53 353 102
pottedplant 0.0460 368 30 425 142
pottedplant 0.0445 254 22 306 86
pottedplant 0.0444 257 110 332 140
pottedplant 0.0441 76 7 400 290
pottedplant 0.0433 321 98 348 122
pottedplant 0.0426 194 105 224 139
pottedplant 0.0425 308 69 344 121
pottedplant 0.0417 365 70 393 114
pottedplant 0.0415 344 2 385 57
pottedplant 0.0409 326 86 397 230
pottedplant 0.0407 172 60 322 241
pottedplant 0.0405 310 92 377 138
pottedplant 0.0404 294 83 324 127
pottedplant 0.0402 331 81 347 100
pottedplant 0.0395 340 0 367 35
pottedplant 0.0394 180 13 325 98
pottedplant 0.0383 389 103 423 152
pottedplant 0.0383 305 0 373 99
pottedplant 0.0373 404 0 425 107
pottedplant 0.0372 266 71 323 110
pottedplant 0.0370 363 99 415 140
pottedplant 0.0370 331 73 356 98
pottedplant 0.0367 322 88 348 113
pottedplant 0.0366 338 102 355 134
pottedplant 0.0363 265 62 320 95
pottedplant 0.0362 411 83 425 109
pottedplant 0.0360 339 77 376 131
pottedplant 0.0359 289 70 331 116
pottedplant 0.0359 201 39 260 135
pottedplant 0.0351 132 20 259 78
pottedplant 0.0350 252 39 274 62
pottedplant 0.0347 361 1 395 56
pottedplant 0.0346 280 99 321 144
pottedplant 0.0345 240 35 265 73
pottedplant 0.0343 246 37 285 63
pottedplant 0.0341 223 40 337 93
pottedplant 0.0341 213 103 233 137
pottedplant 0.0339 230 100 255 140
pottedplant 0.0335 181 96 213 131
pottedplant 0.0335 330 51 352 67
pottedplant 0.0332 139 42 251 209
pottedplant 0.0331 350 63 414 196
pottedplant 0.0330 318 0 425 61
pottedplant 0.0329 371 80 391 104
pottedplant 0.0327 333 82 358 134
pottedplant 0.0320 225 73 297 105
pottedplant 0.0320 375 38 411 98
pottedplant 0.0320 244 38 260 64
pottedplant 0.0320 402 51 425 126
pottedplant 0.0319 388 60 425 109
pottedplant 0.0314 229 33 262 84
pottedplant 0.0313 333 74 344 97
pottedplant 0.0309 357 15 395 88
pottedplant 0.0306 342 100 370 137
pottedplant 0.0301 281 65 366 129
pottedplant 0.0301 191 105 213 134
pottedplant 0.0299 339 74 425 263
pottedplant 0.0299 357 47 416 106
pottedplant 0.0296 333 3 377 44
pottedplant 0.0294 414 0 425 73
pottedplant 0.0289 176 108 212 137
pottedplant 0.0289 287 81 317 116
pottedplant 0.0289 117 77 324 154
pottedplant 0.0289 413 86 425 128
pottedplant 0.0287 303 91 326 135
pottedplant 0.0287 223 46 269 114
pottedplant 0.0287 348 110 385 139
pottedplant 0.0286 334 91 425 174
pottedplant 0.0286 142 38 165 59
pottedplant 0.0285 233 122 317 144
pottedplant 0.0283 217 65 254 116
pottedplant 0.0276 302 107 354 139
pottedplant 0.0276 236 8 315 78
pottedplant 0.0275 225 88 247 122
pottedplant 0.0274 265 12 302 72
pottedplant 0.0274 306 90 324 119
pottedplant 0.0271 139 89 259 170
pottedplant 0.0267 339 0 370 15
pottedplant 0.0266 318 90 338 107
pottedplant 0.0266 343 2 375 21
pottedplant 0.0266 261 60 293 83
pottedplant 0.0264 300 85 335 118
pottedplant 0.0262 230 83 253 115
pottedplant 0.0261 285 66 390 192
pottedplant 0.0261 221 0 287 76
pottedplant 0.0260 324 20 366 98
pottedplant 0.0257 277 52 314 90
pottedplant 0.0256 295 105 322 139
pottedplant 0.0256 87 39 264 148
pottedplant 0.0256 358 72 390 99
pottedplant 0.0255 319 98 339 136
pottedplant 0.0254 239 17 280 75
pottedplant 0.0254 239 36 263 56
pottedplant 0.0251 258 81 313 115
pottedplant 0.0250 226 101 340 146
pottedplant 0.0245 281 116 323 139
pottedplant 0.0243 231 82 287 116
pottedplant 0.0241 378 21 425 94
pottedplant 0.0241 285 54 331 87
pottedplant 0.0240 188 96 227 124
pottedplant 0.0239 233 115 269 140
pottedplant 0.0237 362 49 391 100
pottedplant 0.0236 263 98 373 143
pottedplant 0.0233 345 110 362 138
pottedplant 0.0232 362 9 378 34
pottedplant 0.0231 342 77 364 104
pottedplant 0.0229 376 9 399 62
pottedplant 0.0228 329 49 365 86
pottedplant 0.0227 204 98 226 129
pottedplant 0.0227 324 12 359 69
pottedplant 0.0227 191 84 243 129
pottedplant 0.0225 206 33 283 90
pottedplant 0.0225 403 58 422 96
pottedplant 0.0223 231 94 252 126
pottedplant 0.0221 179 100 200 130
pottedplant 0.0217 326 1 359 47
pottedplant 0.0217 355 4 380 32
pottedplant 0.0217 406 1 425 60
pottedplant 0.0216 287 3 336 77
pottedplant 0.0216 237 107 402 158
pottedplant 0.0216 283 6 314 71
pottedplant 0.0215 412 28 423 65
pottedplant 0.0214 369 87 391 119
pottedplant 0.0214 276 61 338 105
pottedplant 0.0213 375 59 425 230
pottedplant 0.0209 330 13 379 63
pottedplant 0.0206 411 48 424 85
pottedplant 0.0205 252 154 425 274
pottedplant 0.0205 221 30 266 62
pottedplant 0.0205 350 4 372 27
pottedplant 0.0205 202 78 283 122
pottedplant 0.0205 383 106 420 136
pottedplant 0.0204 398 88 424 110
pottedplant 0.0201 233 35 275 58
sofa 0.0217 2 51 165 166
tvmonitor 0.1229 152 159 396 296
tvmonitor 0.0888 157 35 246 132
tvmonitor 0.0640 145 32 254 86
tvmonitor 0.0591 257 127 401 294
tvmonitor 0.0486 311 61 407 291
tvmonitor 0.0469 179 93 382 257
tvmonitor 0.0412 265 60 302 83
tvmonitor 0.0378 322 130 400 269
tvmonitor 0.0352 100 28 252 110
tvmonitor 0.0343 188 32 258 107
tvmonitor 0.0305 200 152 399 244
tvmonitor 0.0292 177 58 233 138
tvmonitor 0.0275 211 33 254 85
tvmonitor 0.0244 143 28 239 64
tvmonitor 0.0228 174 34 258 69
tvmonitor 0.0216 297 154 388 285
tvmonitor 0.0207 412 62 425 90
tvmonitor 0.0207 161 155 318 267
