cow 0.7455 0 112 313 301
cow 0.6066 292 210 381 247
cow 0.1920 337 210 379 242
cow 0.1036 294 220 354 247
cow 0.0614 285 164 383 241
cow 0.0614 31 119 318 222
cow 0.0607 8 122 153 299
cow 0.0461 24 118 454 351
cow 0.0425 295 220 328 243
cow 0.0407 313 208 367 239
cow 0.0400 3 176 236 297
cow 0.0384 157 111 324 290
cow 0.0377 52 163 124 300
cow 0.0373 0 182 111 298
cow 0.0327 81 165 303 297
cow 0.0326 243 211 382 273
cow 0.0325 200 119 320 205
cow 0.0299 294 121 363 237
cow 0.0293 224 141 479 286
cow 0.0291 347 208 378 230
cow 0.0281 257 120 388 240
cow 0.0267 335 224 379 246
cow 0.0266 308 215 350 240
cow 0.0252 354 215 380 247
cow 0.0230 337 215 364 247
cow 0.0219 0 0 337 375
cow 0.0213 224 170 379 268
person 0.0327 11 21 322 315
person 0.0214 97 235 127 300
pottedplant 0.0249 243 117 286 135
pottedplant 0.0243 288 214 380 290
pottedplant 0.0211 299 169 317 178
pottedplant 0.0209 275 271 373 301
pottedplant 0.0205 283 245 376 298
