bicycle 0.1844 0 223 70 302
bicycle 0.0341 0 190 34 246
bicycle 0.0249 0 187 15 250
boat 0.0961 277 151 377 212
boat 0.0808 186 160 313 255
boat 0.0404 220 156 366 220
boat 0.0322 293 169 359 208
boat 0.0310 292 161 367 195
boat 0.0300 184 177 292 228
boat 0.0299 240 169 308 261
boat 0.0282 251 197 277 263
boat 0.0269 305 191 345 209
boat 0.0268 281 184 366 216
boat 0.0265 249 147 333 238
boat 0.0249 220 146 305 237
boat 0.0234 276 160 334 217
boat 0.0225 285 151 362 186
boat 0.0222 227 186 315 219
boat 0.0221 264 163 307 222
boat 0.0213 276 153 306 205
boat 0.0212 265 203 309 223
boat 0.0209 254 220 272 262
bottle 0.0247 251 204 277 262
bottle 0.0213 255 224 272 261
car 0.1422 1 214 70 273
car 0.0958 0 212 56 253
car 0.0723 24 217 67 259
car 0.0656 0 193 20 242
car 0.0507 0 196 44 244
car 0.0416 13 214 65 241
car 0.0408 28 218 58 247
car 0.0406 0 193 89 261
car 0.0356 0 215 25 244
car 0.0295 0 228 49 256
car 0.0284 38 217 62 240
car 0.0283 334 193 375 210
car 0.0277 36 219 79 245
car 0.0273 318 192 362 209
car 0.0268 0 191 11 239
car 0.0258 309 181 378 210
car 0.0254 353 183 373 210
car 0.0247 46 219 75 234
car 0.0247 380 240 422 255
car 0.0245 2 206 31 236
car 0.0228 7 211 49 231
car 0.0211 28 213 62 229
car 0.0201 0 190 21 220
chair 0.0834 55 254 110 296
chair 0.0719 22 242 103 300
chair 0.0643 48 231 95 294
chair 0.0483 72 263 114 295
chair 0.0434 0 236 53 281
chair 0.0401 38 113 62 139
chair 0.0399 47 253 85 300
chair 0.0397 18 251 72 295
chair 0.0360 38 259 75 305
chair 0.0344 92 264 115 294
chair 0.0343 63 241 96 288
chair 0.0341 40 233 75 296
chair 0.0285 52 262 77 296
chair 0.0278 0 234 43 264
chair 0.0273 0 230 30 289
chair 0.0268 47 270 70 298
chair 0.0268 0 220 99 293
chair 0.0263 1 306 49 375
chair 0.0259 1 106 36 169
chair 0.0249 98 263 133 292
chair 0.0246 19 235 73 282
chair 0.0235 22 237 63 267
chair 0.0233 82 249 113 292
chair 0.0232 34 110 75 141
chair 0.0229 66 257 134 308
chair 0.0225 98 257 114 286
chair 0.0225 3 100 56 142
chair 0.0224 70 258 96 294
chair 0.0210 10 106 39 147
chair 0.0209 48 238 117 311
chair 0.0207 60 260 84 294
chair 0.0204 104 261 123 289
chair 0.0203 27 271 68 303
motorbike 0.0597 191 154 316 249
motorbike 0.0532 272 153 378 232
motorbike 0.0305 216 129 371 235
motorbike 0.0200 245 147 343 247
person 0.7561 385 176 419 255
person 0.1859 420 188 434 220
person 0.0965 416 189 428 220
person 0.0944 22 217 61 261
person 0.0827 411 186 431 231
person 0.0803 59 220 74 255
person 0.0761 424 194 439 224
person 0.0716 43 220 71 261
person 0.0716 390 178 411 230
person 0.0711 400 185 431 249
person 0.0695 33 223 68 277
person 0.0636 39 218 60 253
person 0.0625 0 211 51 260
person 0.0619 0 200 21 243
person 0.0566 386 177 406 211
person 0.0501 417 194 434 232
person 0.0501 6 212 80 281
person 0.0499 0 229 64 264
person 0.0497 48 221 80 273
person 0.0464 36 229 65 262
person 0.0448 4 214 27 247
person 0.0390 399 181 438 223
person 0.0378 401 182 418 229
person 0.0378 56 227 93 287
person 0.0355 0 93 38 156
person 0.0346 0 220 30 278
person 0.0338 382 183 394 209
person 0.0336 391 176 412 202
person 0.0334 31 216 55 245
person 0.0330 372 176 410 250
person 0.0329 0 222 23 259
person 0.0326 35 217 93 266
person 0.0318 13 216 42 247
person 0.0300 47 233 68 267
person 0.0296 322 187 341 209
person 0.0289 415 190 425 209
person 0.0289 390 181 402 193
person 0.0289 0 0 271 366
person 0.0285 379 172 413 219
person 0.0283 381 221 421 256
person 0.0282 373 135 386 175
person 0.0279 53 221 68 243
person 0.0273 417 185 442 224
person 0.0270 0 239 41 262
person 0.0266 398 208 420 257
person 0.0266 407 218 425 256
person 0.0255 373 175 386 207
person 0.0255 2 105 19 143
person 0.0252 364 182 379 210
person 0.0247 55 214 86 262
person 0.0245 53 228 77 260
person 0.0244 409 203 427 248
person 0.0244 408 179 429 217
person 0.0241 394 176 420 219
person 0.0234 58 219 77 239
person 0.0233 2 228 34 256
person 0.0233 65 219 79 243
person 0.0231 0 185 14 248
person 0.0231 62 223 81 251
person 0.0230 63 220 74 236
person 0.0230 11 239 59 261
person 0.0230 382 180 398 201
person 0.0229 0 189 10 231
person 0.0229 378 177 398 216
person 0.0227 44 218 58 236
person 0.0225 354 177 373 209
person 0.0224 389 178 452 258
person 0.0221 83 45 97 67
person 0.0220 395 179 410 193
person 0.0212 5 204 45 243
person 0.0210 0 105 26 179
person 0.0210 24 200 74 257
person 0.0207 72 225 89 252
person 0.0206 4 192 26 228
pottedplant 0.6959 111 259 234 362
pottedplant 0.3350 0 88 39 121
pottedplant 0.3319 0 238 66 306
pottedplant 0.1740 108 302 138 324
pottedplant 0.1642 1 207 84 298
pottedplant 0.1522 156 258 202 299
pottedplant 0.1519 107 263 164 336
pottedplant 0.1498 0 247 89 348
pottedplant 0.1436 45 132 113 200
pottedplant 0.1344 163 282 232 363
pottedplant 0.1286 7 114 107 245
pottedplant 0.1254 108 292 160 325
pottedplant 0.1247 2 149 91 283
pottedplant 0.1209 148 256 211 342
pottedplant 0.1172 112 259 219 318
pottedplant 0.1170 124 300 220 367
pottedplant 0.1079 166 263 208 292
pottedplant 0.0959 111 263 161 305
pottedplant 0.0956 160 256 185 291
pottedplant 0.0940 353 0 494 257
pottedplant 0.0909 305 0 399 215
pottedplant 0.0874 8 267 231 364
pottedplant 0.0864 287 84 375 218
pottedplant 0.0859 107 300 149 345
pottedplant 0.0836 105 297 172 362
pottedplant 0.0775 183 268 209 289
pottedplant 0.0746 423 5 500 206
pottedplant 0.0738 0 282 113 375
pottedplant 0.0731 82 164 234 359
pottedplant 0.0698 0 83 24 112
pottedplant 0.0697 194 289 235 344
pottedplant 0.0669 25 88 45 119
pottedplant 0.0663 0 88 50 139
pottedplant 0.0660 105 284 211 342
pottedplant 0.0660 124 265 159 289
pottedplant 0.0655 233 0 365 234
pottedplant 0.0646 208 292 237 313
pottedplant 0.0645 0 230 67 276
pottedplant 0.0631 0 86 14 119
pottedplant 0.0628 456 198 497 259
pottedplant 0.0623 5 96 32 128
pottedplant 0.0619 342 13 422 191
pottedplant 0.0616 114 272 146 320
pottedplant 0.0612 0 241 38 300
pottedplant 0.0601 109 257 189 298
pottedplant 0.0586 415 108 491 253
pottedplant 0.0585 184 283 234 322
pottedplant 0.0583 23 221 75 287
pottedplant 0.0567 0 230 164 351
pottedplant 0.0563 20 92 117 200
pottedplant 0.0560 0 83 38 103
pottedplant 0.0554 110 295 133 320
pottedplant 0.0551 355 65 420 231
pottedplant 0.0548 138 261 223 300
pottedplant 0.0538 0 267 62 303
pottedplant 0.0536 19 129 165 204
pottedplant 0.0534 121 300 182 342
pottedplant 0.0532 178 267 214 313
pottedplant 0.0521 116 291 141 321
pottedplant 0.0520 114 264 145 288
pottedplant 0.0517 99 262 149 316
pottedplant 0.0514 0 261 59 370
pottedplant 0.0513 439 191 485 253
pottedplant 0.0508 18 256 71 300
pottedplant 0.0507 442 214 474 237
pottedplant 0.0507 382 64 460 243
pottedplant 0.0499 153 261 188 316
pottedplant 0.0493 429 64 488 175
pottedplant 0.0492 37 124 88 191
pottedplant 0.0484 164 261 238 324
pottedplant 0.0468 262 149 385 214
pottedplant 0.0467 12 30 166 303
pottedplant 0.0462 0 87 77 155
pottedplant 0.0460 188 297 227 360
pottedplant 0.0458 1 100 23 130
pottedplant 0.0457 31 90 50 122
pottedplant 0.0444 9 253 135 322
pottedplant 0.0443 138 289 195 360
pottedplant 0.0442 3 116 88 181
pottedplant 0.0441 1 106 49 156
pottedplant 0.0439 463 169 482 208
pottedplant 0.0439 221 295 238 313
pottedplant 0.0438 128 271 166 328
pottedplant 0.0434 66 134 220 205
pottedplant 0.0431 445 204 478 244
pottedplant 0.0430 461 152 496 235
pottedplant 0.0427 111 261 172 287
pottedplant 0.0424 145 319 232 365
pottedplant 0.0424 180 274 210 299
pottedplant 0.0423 26 130 97 219
pottedplant 0.0422 37 107 77 167
pottedplant 0.0422 0 259 42 318
pottedplant 0.0421 127 258 170 303
pottedplant 0.0420 305 1 376 58
pottedplant 0.0418 161 257 199 278
pottedplant 0.0408 16 90 47 130
pottedplant 0.0406 0 258 25 298
pottedplant 0.0405 401 172 496 253
pottedplant 0.0404 112 305 140 335
pottedplant 0.0402 3 281 70 324
pottedplant 0.0401 5 52 138 221
pottedplant 0.0398 154 273 228 307
pottedplant 0.0396 137 262 162 283
pottedplant 0.0391 458 155 486 213
pottedplant 0.0391 257 2 337 180
pottedplant 0.0387 137 259 194 289
pottedplant 0.0386 298 155 396 237
pottedplant 0.0385 28 89 58 138
pottedplant 0.0384 74 141 112 203
pottedplant 0.0382 314 0 399 99
pottedplant 0.0380 0 74 69 130
pottedplant 0.0379 19 128 105 171
pottedplant 0.0377 208 295 236 331
pottedplant 0.0377 59 249 182 341
pottedplant 0.0371 164 2 328 250
pottedplant 0.0369 175 292 227 335
pottedplant 0.0366 4 114 205 273
pottedplant 0.0363 40 52 284 350
pottedplant 0.0360 0 288 41 324
pottedplant 0.0358 108 298 124 318
pottedplant 0.0358 137 266 162 299
pottedplant 0.0358 0 193 112 264
pottedplant 0.0357 157 271 194 305
pottedplant 0.0356 112 324 195 364
pottedplant 0.0354 119 279 139 315
pottedplant 0.0353 437 124 487 228
pottedplant 0.0352 106 300 129 332
pottedplant 0.0352 431 197 445 220
pottedplant 0.0350 220 296 239 329
pottedplant 0.0349 367 141 422 250
pottedplant 0.0348 15 85 37 110
pottedplant 0.0345 134 263 156 278
pottedplant 0.0345 43 115 130 225
pottedplant 0.0344 99 275 153 355
pottedplant 0.0344 376 154 461 250
pottedplant 0.0340 131 302 171 332
pottedplant 0.0340 0 176 128 309
pottedplant 0.0339 197 288 235 308
pottedplant 0.0339 108 266 135 308
pottedplant 0.0339 371 35 478 161
pottedplant 0.0337 286 0 474 168
pottedplant 0.0337 56 284 187 375
pottedplant 0.0335 448 118 482 172
pottedplant 0.0332 424 83 470 162
pottedplant 0.0332 35 104 53 135
pottedplant 0.0330 6 95 47 117
pottedplant 0.0329 0 103 64 229
pottedplant 0.0328 22 98 76 142
pottedplant 0.0327 151 259 177 282
pottedplant 0.0327 200 300 229 337
pottedplant 0.0326 263 0 347 53
pottedplant 0.0326 299 0 370 145
pottedplant 0.0325 224 297 236 309
pottedplant 0.0324 444 218 471 250
pottedplant 0.0323 195 145 323 240
pottedplant 0.0321 112 261 132 287
pottedplant 0.0320 104 287 127 322
pottedplant 0.0320 463 201 481 235
pottedplant 0.0320 0 242 25 280
pottedplant 0.0319 455 201 476 231
pottedplant 0.0316 37 108 61 138
pottedplant 0.0314 421 119 440 152
pottedplant 0.0313 129 303 165 363
pottedplant 0.0312 136 315 189 372
pottedplant 0.0312 0 97 10 126
pottedplant 0.0311 426 199 469 254
pottedplant 0.0309 441 206 460 233
pottedplant 0.0308 15 105 37 140
pottedplant 0.0308 36 83 72 135
pottedplant 0.0306 37 119 74 140
pottedplant 0.0306 468 221 494 255
pottedplant 0.0305 465 128 482 166
pottedplant 0.0303 131 129 278 353
pottedplant 0.0303 446 201 469 231
pottedplant 0.0302 384 55 436 158
pottedplant 0.0300 111 289 186 320
pottedplant 0.0298 312 0 443 67
pottedplant 0.0298 113 284 131 312
pottedplant 0.0298 454 62 499 156
pottedplant 0.0295 458 215 486 256
pottedplant 0.0295 457 166 475 205
pottedplant 0.0287 0 293 22 325
pottedplant 0.0287 0 77 89 339
pottedplant 0.0286 478 217 500 257
pottedplant 0.0286 124 263 150 278
pottedplant 0.0284 0 278 44 308
pottedplant 0.0283 106 305 121 323
pottedplant 0.0282 469 171 489 208
pottedplant 0.0280 113 271 318 370
pottedplant 0.0279 120 303 149 329
pottedplant 0.0278 119 298 210 327
pottedplant 0.0278 231 1 312 170
pottedplant 0.0278 70 124 120 187
pottedplant 0.0276 434 115 467 171
pottedplant 0.0276 350 95 386 176
pottedplant 0.0276 449 0 500 149
pottedplant 0.0276 465 187 480 211
pottedplant 0.0275 14 117 93 154
pottedplant 0.0275 176 260 204 279
pottedplant 0.0274 141 295 164 325
pottedplant 0.0274 410 71 447 150
pottedplant 0.0273 141 289 176 338
pottedplant 0.0271 57 115 107 182
pottedplant 0.0270 229 0 317 54
pottedplant 0.0268 444 65 500 252
pottedplant 0.0268 134 284 157 322
pottedplant 0.0266 308 0 405 40
pottedplant 0.0265 117 261 136 281
pottedplant 0.0264 460 185 475 208
pottedplant 0.0264 144 261 163 277
pottedplant 0.0264 424 107 477 209
pottedplant 0.0263 117 306 164 324
pottedplant 0.0263 459 116 495 209
pottedplant 0.0263 462 0 500 99
pottedplant 0.0262 37 271 64 300
pottedplant 0.0261 266 0 288 43
pottedplant 0.0261 255 0 500 316
pottedplant 0.0260 110 283 164 313
pottedplant 0.0257 218 293 232 305
pottedplant 0.0257 0 98 30 168
pottedplant 0.0257 0 257 49 289
pottedplant 0.0257 376 81 421 159
pottedplant 0.0255 106 293 140 312
pottedplant 0.0255 313 11 363 79
pottedplant 0.0254 163 277 204 299
pottedplant 0.0254 97 284 147 323
pottedplant 0.0254 0 78 26 98
pottedplant 0.0253 14 244 54 291
pottedplant 0.0253 174 316 222 375
pottedplant 0.0252 25 102 44 135
pottedplant 0.0252 422 0 499 82
pottedplant 0.0251 217 0 296 88
pottedplant 0.0251 8 284 65 305
pottedplant 0.0251 78 257 119 308
pottedplant 0.0249 437 215 490 247
pottedplant 0.0248 58 283 113 369
pottedplant 0.0248 452 139 482 206
pottedplant 0.0248 66 138 109 173
pottedplant 0.0246 424 178 465 240
pottedplant 0.0245 426 144 467 215
pottedplant 0.0244 3 299 70 360
pottedplant 0.0244 480 168 499 210
pottedplant 0.0244 475 184 500 258
pottedplant 0.0241 412 101 447 167
pottedplant 0.0241 113 271 131 301
pottedplant 0.0239 111 306 130 320
pottedplant 0.0239 132 279 197 321
pottedplant 0.0238 148 285 234 316
pottedplant 0.0237 153 267 173 298
pottedplant 0.0237 0 276 29 301
pottedplant 0.0237 391 59 500 138
pottedplant 0.0237 68 139 144 199
pottedplant 0.0236 0 65 36 131
pottedplant 0.0234 176 285 226 308
pottedplant 0.0234 123 268 150 305
pottedplant 0.0233 104 305 115 326
pottedplant 0.0233 154 298 211 339
pottedplant 0.0233 461 196 474 212
pottedplant 0.0232 104 253 137 293
pottedplant 0.0232 1 117 38 193
pottedplant 0.0232 424 189 447 221
pottedplant 0.0232 431 251 497 375
pottedplant 0.0231 221 92 306 237
pottedplant 0.0231 363 87 397 164
pottedplant 0.0230 250 0 332 86
pottedplant 0.0229 0 108 35 126
pottedplant 0.0229 464 194 480 222
pottedplant 0.0228 432 191 447 214
pottedplant 0.0228 441 125 457 164
pottedplant 0.0227 423 60 470 129
pottedplant 0.0227 44 93 94 173
pottedplant 0.0226 401 60 472 179
pottedplant 0.0226 349 124 386 198
pottedplant 0.0226 56 110 77 139
pottedplant 0.0226 172 258 236 299
pottedplant 0.0225 11 130 61 201
pottedplant 0.0224 457 125 478 165
pottedplant 0.0223 64 260 109 312
pottedplant 0.0223 465 225 482 257
pottedplant 0.0223 104 163 122 194
pottedplant 0.0222 440 216 463 245
pottedplant 0.0221 186 278 211 309
pottedplant 0.0221 197 274 243 330
pottedplant 0.0221 374 131 386 169
pottedplant 0.0221 216 53 347 320
pottedplant 0.0220 270 166 377 248
pottedplant 0.0219 433 207 446 230
pottedplant 0.0218 132 140 298 219
pottedplant 0.0218 113 252 129 275
pottedplant 0.0217 79 256 164 299
pottedplant 0.0217 425 188 439 212
pottedplant 0.0217 135 307 158 343
pottedplant 0.0217 141 279 163 313
pottedplant 0.0217 393 47 434 118
pottedplant 0.0217 165 257 185 276
pottedplant 0.0217 69 302 139 367
pottedplant 0.0217 282 0 358 82
pottedplant 0.0216 413 122 446 190
pottedplant 0.0216 0 240 54 267
pottedplant 0.0216 96 164 116 198
