bicycle 0.1345 58 210 356 333
bicycle 0.1296 0 271 317 329
bicycle 0.0803 153 269 346 331
bicycle 0.0382 393 56 433 102
bicycle 0.0359 396 81 424 103
bird 0.0637 28 312 107 333
bird 0.0427 56 316 113 332
bird 0.0394 165 236 188 269
bird 0.0317 59 308 91 333
bird 0.0300 45 299 93 333
bird 0.0271 150 235 190 272
bird 0.0266 162 235 190 253
bird 0.0234 37 322 110 333
bird 0.0222 93 221 129 234
bird 0.0201 139 236 190 257
boat 0.0604 69 91 163 108
boat 0.0384 93 91 155 103
boat 0.0365 381 5 479 103
boat 0.0349 64 79 160 105
boat 0.0339 459 1 499 22
boat 0.0278 15 0 332 323
boat 0.0248 120 92 161 102
boat 0.0248 1 56 20 94
boat 0.0236 14 31 170 110
boat 0.0214 1 0 23 27
boat 0.0206 3 85 169 140
boat 0.0202 0 0 308 179
boat 0.0201 403 36 500 99
bottle 0.1145 267 221 336 329
bottle 0.0779 2 315 52 332
bottle 0.0734 34 289 77 324
bottle 0.0649 207 135 309 208
bottle 0.0617 266 263 314 331
bottle 0.0599 13 287 70 313
bottle 0.0576 24 317 80 332
bottle 0.0554 300 273 334 324
bottle 0.0525 251 282 333 332
bottle 0.0472 30 289 72 307
bottle 0.0465 34 308 72 332
bottle 0.0437 14 299 80 329
bottle 0.0435 36 303 96 330
bottle 0.0419 0 306 36 330
bottle 0.0412 49 297 80 330
bottle 0.0384 219 262 338 331
bottle 0.0341 203 299 324 330
bottle 0.0339 311 289 334 323
bottle 0.0332 2 293 66 323
bottle 0.0322 22 308 48 333
bottle 0.0312 240 319 299 332
bottle 0.0311 261 137 310 209
bottle 0.0309 112 318 171 332
bottle 0.0298 230 134 292 196
bottle 0.0293 270 275 301 327
bottle 0.0292 217 319 276 332
bottle 0.0292 39 288 64 316
bottle 0.0285 31 288 55 314
bottle 0.0277 275 237 307 323
bottle 0.0273 236 269 282 331
bottle 0.0272 189 315 289 333
bottle 0.0271 220 135 301 170
bottle 0.0271 40 295 68 330
bottle 0.0270 11 299 41 330
bottle 0.0262 0 319 37 333
bottle 0.0254 285 265 340 333
bottle 0.0253 208 286 286 330
bottle 0.0251 287 292 335 326
bottle 0.0251 7 289 49 309
bottle 0.0248 218 170 303 210
bottle 0.0245 178 318 235 332
bottle 0.0237 300 237 340 322
bottle 0.0236 296 291 324 322
bottle 0.0228 163 314 252 333
bottle 0.0224 282 284 317 325
bottle 0.0222 100 315 195 333
bottle 0.0219 307 279 329 316
bottle 0.0217 151 288 233 330
bottle 0.0217 66 91 164 108
bottle 0.0217 47 289 80 313
bottle 0.0216 258 255 296 329
bottle 0.0213 279 154 309 208
bottle 0.0211 60 306 99 330
bottle 0.0209 288 290 309 322
car 0.0291 460 9 500 24
car 0.0280 482 46 498 72
car 0.0258 475 0 499 23
car 0.0244 483 52 499 87
car 0.0234 479 8 499 37
car 0.0234 450 1 497 51
car 0.0230 376 32 484 102
car 0.0223 481 63 499 97
car 0.0221 456 1 500 31
car 0.0206 386 3 489 58
chair 0.0811 92 240 344 330
chair 0.0432 202 227 336 329
chair 0.0403 53 267 247 332
chair 0.0368 63 295 304 333
chair 0.0368 154 285 336 331
chair 0.0332 233 262 350 333
chair 0.0315 130 301 250 330
chair 0.0293 170 301 289 330
chair 0.0230 271 235 372 326
diningtable 0.0540 47 266 356 333
diningtable 0.0210 136 222 387 332
dog 0.0647 39 311 117 333
person 0.8216 77 130 339 329
person 0.8147 387 8 435 103
person 0.3809 2 286 87 332
person 0.2954 0 287 165 331
person 0.1981 0 278 277 333
person 0.1754 4 234 326 329
person 0.1390 0 301 59 332
person 0.1371 222 142 344 329
person 0.1341 18 304 100 332
person 0.1151 41 308 124 332
person 0.1135 393 7 430 65
person 0.1095 147 152 294 332
person 0.1084 3 246 106 333
person 0.1080 17 149 254 333
person 0.1044 0 307 36 332
person 0.1018 0 39 389 314
person 0.0913 397 51 425 103
person 0.0873 35 299 152 330
person 0.0861 159 131 325 258
person 0.0824 48 247 225 327
person 0.0781 27 288 73 324
person 0.0776 0 283 54 323
person 0.0772 102 182 246 332
person 0.0742 73 308 154 332
person 0.0712 0 220 180 333
person 0.0663 381 34 403 59
person 0.0623 251 210 340 332
person 0.0622 52 288 224 330
person 0.0619 183 135 339 212
person 0.0589 38 288 94 327
person 0.0580 99 317 148 332
person 0.0533 385 51 442 106
person 0.0488 51 286 112 333
person 0.0470 89 215 200 325
person 0.0468 116 112 485 318
person 0.0466 92 286 317 330
person 0.0457 42 295 77 333
person 0.0451 399 76 422 103
person 0.0448 380 16 416 61
person 0.0418 100 300 171 332
person 0.0417 77 288 156 329
person 0.0411 236 138 309 209
person 0.0401 17 287 49 310
person 0.0391 32 268 129 333
person 0.0385 64 316 124 332
person 0.0374 402 6 422 33
person 0.0373 99 139 276 272
person 0.0370 5 284 75 311
person 0.0356 384 1 470 78
person 0.0353 27 300 63 333
person 0.0353 24 287 63 302
person 0.0348 150 130 279 213
person 0.0346 97 296 137 333
person 0.0346 99 309 129 333
person 0.0344 259 154 320 326
person 0.0340 118 242 271 330
person 0.0337 0 142 128 332
person 0.0320 278 195 362 325
person 0.0318 383 24 405 53
person 0.0317 0 321 47 333
person 0.0316 403 9 427 49
person 0.0309 57 305 99 333
person 0.0309 380 32 412 85
person 0.0308 113 309 142 333
person 0.0304 234 319 293 332
person 0.0301 9 43 182 301
person 0.0298 218 309 307 332
person 0.0295 0 300 25 329
person 0.0288 86 275 189 328
person 0.0284 208 134 298 196
person 0.0277 405 9 426 26
person 0.0275 97 314 184 333
person 0.0274 0 316 70 333
person 0.0273 380 24 432 75
person 0.0272 422 1 471 54
person 0.0267 117 307 220 332
person 0.0259 12 289 43 320
person 0.0254 389 32 412 56
person 0.0254 326 117 481 333
person 0.0253 0 267 38 318
person 0.0252 265 151 310 213
person 0.0252 31 124 326 230
person 0.0249 369 4 420 81
person 0.0243 405 0 445 52
person 0.0243 269 118 425 323
person 0.0236 419 32 436 63
person 0.0232 0 268 91 318
person 0.0223 389 7 424 38
person 0.0223 291 222 346 320
person 0.0223 415 20 436 55
person 0.0220 0 183 455 333
person 0.0219 75 135 209 286
person 0.0219 27 285 80 305
person 0.0219 46 298 108 323
person 0.0218 182 162 299 212
person 0.0217 251 307 335 332
person 0.0214 381 29 397 53
person 0.0214 4 286 36 314
person 0.0213 401 23 432 90
person 0.0209 387 7 459 46
person 0.0209 239 128 383 268
person 0.0208 333 6 412 103
person 0.0207 26 285 59 313
person 0.0205 400 2 433 39
person 0.0201 77 274 126 328
person 0.0201 395 7 419 27
