bicycle 0.1328 25 281 57 309
bicycle 0.0359 23 280 55 332
bicycle 0.0320 9 285 63 314
bicycle 0.0243 26 285 84 315
bicycle 0.0240 40 283 65 305
bicycle 0.0236 20 285 45 310
bicycle 0.0221 22 271 67 306
boat 0.0222 233 0 353 16
bus 0.0490 47 223 95 283
bus 0.0297 58 233 91 274
bus 0.0248 33 231 76 293
car 0.9455 308 287 484 346
car 0.0693 462 248 495 264
car 0.0587 309 292 388 349
car 0.0491 404 289 444 303
car 0.0471 373 288 483 336
car 0.0402 367 289 405 303
car 0.0374 31 244 50 289
car 0.0371 272 285 407 340
car 0.0365 383 289 427 302
car 0.0341 420 288 460 303
car 0.0340 58 245 76 274
car 0.0338 24 265 58 312
car 0.0323 304 308 490 373
car 0.0314 56 242 92 273
car 0.0307 374 287 445 304
car 0.0291 455 245 500 276
car 0.0289 468 240 491 262
car 0.0287 352 287 420 306
car 0.0281 26 258 46 284
car 0.0275 25 277 59 298
car 0.0272 357 290 393 303
car 0.0260 4 287 26 305
car 0.0257 400 287 480 315
car 0.0254 6 282 18 302
car 0.0244 418 292 478 339
car 0.0236 310 298 355 346
car 0.0234 73 242 91 273
car 0.0228 0 291 27 310
car 0.0228 432 258 495 293
car 0.0226 60 263 74 283
car 0.0226 21 282 87 317
car 0.0224 60 254 87 275
car 0.0220 22 235 54 297
car 0.0216 453 328 498 375
car 0.0216 456 231 500 265
car 0.0215 478 244 498 265
car 0.0211 51 249 67 275
car 0.0211 19 283 39 298
car 0.0209 409 286 444 297
car 0.0209 397 311 490 349
car 0.0209 459 294 484 322
car 0.0208 31 243 71 300
car 0.0206 455 358 500 375
car 0.0204 11 283 30 297
car 0.0202 481 301 499 326
car 0.0201 391 282 456 301
car 0.0200 14 288 41 304
chair 0.0219 424 0 497 91
chair 0.0200 183 0 500 87
diningtable 0.0288 243 44 455 314
diningtable 0.0208 236 189 500 336
motorbike 0.0297 20 279 63 307
person 0.1279 26 278 47 306
person 0.0730 0 0 336 375
person 0.0697 37 280 59 306
person 0.0662 27 263 43 295
person 0.0643 24 279 37 304
person 0.0595 30 250 45 285
person 0.0583 25 266 58 308
person 0.0509 35 245 49 283
person 0.0438 217 0 477 308
person 0.0384 29 247 51 295
person 0.0379 26 274 35 292
person 0.0337 26 267 36 286
person 0.0322 20 269 39 304
person 0.0319 33 264 49 296
person 0.0298 26 279 40 295
person 0.0297 16 283 27 303
person 0.0293 47 0 244 298
person 0.0281 13 0 166 323
person 0.0269 70 0 172 106
person 0.0264 283 28 299 73
person 0.0264 49 279 65 303
person 0.0256 40 246 55 279
person 0.0255 208 11 356 302
person 0.0250 366 291 393 304
person 0.0233 16 275 26 293
person 0.0225 15 258 45 311
person 0.0222 280 26 302 95
person 0.0217 387 34 403 70
person 0.0211 45 272 57 296
person 0.0208 464 230 481 258
person 0.0204 21 250 42 289
person 0.0201 356 291 389 308
pottedplant 0.0614 95 297 128 333
pottedplant 0.0547 0 189 20 276
pottedplant 0.0373 103 0 249 322
pottedplant 0.0326 122 310 135 333
pottedplant 0.0317 22 281 59 330
pottedplant 0.0313 25 283 49 319
pottedplant 0.0285 110 308 131 335
pottedplant 0.0264 2 197 32 284
pottedplant 0.0241 320 156 388 280
pottedplant 0.0231 331 158 374 228
pottedplant 0.0230 32 285 59 319
pottedplant 0.0228 30 154 113 295
pottedplant 0.0227 1 228 19 279
pottedplant 0.0227 170 136 245 290
pottedplant 0.0217 97 313 133 333
pottedplant 0.0215 0 218 22 256
pottedplant 0.0213 454 262 499 289
pottedplant 0.0209 76 289 127 332
pottedplant 0.0207 127 317 147 334
pottedplant 0.0203 0 166 13 260
pottedplant 0.0202 136 116 155 158
sofa 0.0445 0 0 473 375
sofa 0.0280 286 155 500 341
sofa 0.0206 215 0 479 335
tvmonitor 0.0289 0 7 83 52
tvmonitor 0.0250 346 0 499 253
tvmonitor 0.0245 124 0 266 329
tvmonitor 0.0205 216 0 373 291
