bird 0.0362 12 186 103 340
bird 0.0338 294 268 386 433
bird 0.0282 206 354 379 439
bird 0.0274 359 417 409 446
bird 0.0253 25 245 119 430
bird 0.0219 2 244 77 330
bird 0.0213 330 287 411 438
bird 0.0204 278 334 401 447
boat 0.0357 453 125 483 177
boat 0.0258 3 160 60 228
boat 0.0206 454 148 483 182
boat 0.0201 0 127 77 229
bottle 0.0270 456 175 483 247
bottle 0.0236 10 136 133 263
bottle 0.0231 9 217 116 320
bottle 0.0230 9 179 79 229
bottle 0.0200 21 165 161 304
car 0.1161 98 49 149 78
car 0.0761 453 228 483 257
car 0.0539 434 198 483 259
car 0.0535 446 227 483 282
car 0.0476 101 43 130 75
car 0.0460 403 178 481 256
car 0.0443 407 224 483 270
car 0.0391 393 200 483 295
car 0.0383 431 209 481 306
car 0.0333 2 178 61 230
car 0.0329 433 232 482 262
car 0.0328 461 233 483 289
car 0.0300 94 38 144 70
car 0.0297 98 45 183 82
car 0.0280 334 180 483 333
car 0.0226 452 114 483 171
car 0.0215 0 145 28 228
car 0.0211 384 223 482 336
chair 0.0234 453 134 483 225
horse 0.8953 20 167 389 440
horse 0.2048 145 150 361 400
horse 0.1537 235 176 387 429
horse 0.1239 290 189 385 381
horse 0.0839 22 202 126 370
horse 0.0692 25 178 289 350
horse 0.0490 25 191 172 424
horse 0.0418 180 169 346 305
horse 0.0407 292 182 441 444
horse 0.0400 290 267 395 418
horse 0.0390 107 279 400 442
horse 0.0377 243 175 392 298
horse 0.0343 18 197 172 316
horse 0.0310 13 231 99 415
horse 0.0300 135 213 326 313
horse 0.0270 212 329 380 431
horse 0.0255 0 52 459 379
horse 0.0232 318 214 387 349
horse 0.0200 79 330 344 436
person 0.7059 191 133 295 310
person 0.3291 180 125 339 395
person 0.1704 152 43 177 73
person 0.1208 155 43 195 75
person 0.1130 109 142 313 316
person 0.1063 173 46 196 78
person 0.0976 7 186 31 229
person 0.0904 449 223 482 256
person 0.0860 1 184 20 229
person 0.0808 448 189 483 258
person 0.0792 194 130 302 227
person 0.0751 16 184 45 229
person 0.0723 228 164 338 339
person 0.0627 329 215 384 353
person 0.0577 232 148 293 299
person 0.0539 199 156 259 307
person 0.0524 255 175 387 312
person 0.0517 421 226 483 259
person 0.0487 330 258 381 408
person 0.0479 138 38 181 78
person 0.0460 0 163 42 228
person 0.0453 251 153 302 254
person 0.0435 169 46 188 71
person 0.0422 12 201 40 232
person 0.0401 127 47 151 70
person 0.0400 113 46 181 81
person 0.0393 158 149 272 383
person 0.0388 3 209 36 233
person 0.0380 109 47 146 71
person 0.0375 447 139 483 250
person 0.0374 139 45 161 70
person 0.0368 29 193 49 231
person 0.0365 1 201 28 228
person 0.0363 248 137 303 213
person 0.0359 447 100 483 187
person 0.0357 250 50 268 86
person 0.0345 192 32 339 300
person 0.0336 150 44 166 69
person 0.0329 328 182 382 260
person 0.0328 328 208 405 405
person 0.0327 429 168 483 282
person 0.0324 215 136 302 192
person 0.0323 25 0 374 420
person 0.0321 10 188 65 231
person 0.0316 451 205 481 243
person 0.0312 18 148 268 333
person 0.0308 435 224 473 252
person 0.0303 444 216 477 248
person 0.0302 48 198 65 230
person 0.0300 167 36 200 81
person 0.0295 42 200 59 230
person 0.0293 135 47 148 67
person 0.0285 40 168 301 427
person 0.0281 49 354 76 411
person 0.0281 345 251 382 335
person 0.0275 141 44 153 67
person 0.0266 319 307 342 331
person 0.0264 136 45 154 80
person 0.0263 319 245 372 337
person 0.0258 309 185 380 323
person 0.0258 68 118 295 265
person 0.0256 131 52 169 74
person 0.0254 253 166 388 449
person 0.0251 304 175 439 435
person 0.0250 458 113 483 169
person 0.0249 140 29 288 287
person 0.0248 186 145 397 292
person 0.0247 353 238 382 277
person 0.0245 217 160 276 326
person 0.0245 421 200 483 247
person 0.0245 78 186 235 392
person 0.0243 105 50 139 82
person 0.0242 297 288 380 414
person 0.0239 103 42 126 70
person 0.0238 268 171 298 203
person 0.0236 124 45 141 68
person 0.0232 46 350 91 422
person 0.0230 446 47 483 160
person 0.0226 329 286 385 361
person 0.0223 0 181 28 244
person 0.0222 31 265 100 421
person 0.0221 319 308 367 331
person 0.0218 240 134 282 155
person 0.0217 21 201 55 228
person 0.0217 459 184 482 238
person 0.0214 112 43 134 69
person 0.0213 100 86 410 353
person 0.0211 133 36 167 70
person 0.0210 35 191 63 233
person 0.0210 123 42 153 83
person 0.0209 274 179 313 204
person 0.0207 211 198 250 335
person 0.0206 343 195 388 295
person 0.0206 265 142 298 196
person 0.0205 115 209 211 366
person 0.0205 178 168 244 330
person 0.0200 269 173 313 263
person 0.0200 263 136 290 175
pottedplant 0.0231 12 248 109 406
pottedplant 0.0218 13 144 177 247
train 0.0477 329 177 480 342
train 0.0310 377 190 483 270
train 0.0242 373 222 483 307
train 0.0228 310 182 386 328
train 0.0220 191 156 395 323
train 0.0216 339 159 480 252
train 0.0200 302 177 461 275
