bicycle 0.0241 173 311 363 491
bottle 0.0666 123 287 162 328
bottle 0.0569 144 125 175 165
bottle 0.0520 147 271 162 318
bottle 0.0441 139 282 159 325
bottle 0.0437 124 288 144 328
bottle 0.0432 140 262 165 330
bottle 0.0400 148 262 160 300
bottle 0.0368 146 248 163 307
bottle 0.0362 133 284 153 325
bottle 0.0361 126 219 163 324
bottle 0.0352 143 273 157 304
bottle 0.0342 152 275 164 326
bottle 0.0320 135 267 163 307
bottle 0.0292 143 122 156 167
bottle 0.0279 128 279 165 313
bottle 0.0275 49 181 82 212
bottle 0.0271 126 85 238 195
bottle 0.0263 123 293 137 331
bottle 0.0260 54 239 87 290
bottle 0.0260 138 274 163 296
bottle 0.0259 146 290 162 331
bottle 0.0251 0 478 41 499
bottle 0.0244 119 221 167 390
bottle 0.0244 69 156 87 202
bottle 0.0241 135 266 148 297
bottle 0.0221 150 270 165 304
bottle 0.0216 139 234 160 302
bottle 0.0215 131 250 154 304
bottle 0.0214 139 105 177 174
bottle 0.0214 121 263 166 336
bottle 0.0207 157 77 223 125
bottle 0.0203 130 288 162 369
car 0.1821 287 248 369 428
car 0.0716 281 321 371 414
car 0.0509 306 341 370 481
car 0.0374 310 417 371 479
car 0.0334 256 367 371 472
car 0.0316 282 339 359 393
car 0.0249 331 386 370 477
car 0.0228 293 357 371 432
chair 0.1687 285 248 370 432
chair 0.0985 0 292 88 500
chair 0.0849 0 295 69 416
chair 0.0822 51 258 168 500
chair 0.0627 45 267 113 494
chair 0.0563 0 415 94 498
chair 0.0543 4 241 71 358
chair 0.0533 142 277 290 494
chair 0.0531 288 255 362 359
chair 0.0518 259 314 371 473
chair 0.0495 295 123 371 467
chair 0.0486 42 211 286 483
chair 0.0483 12 241 62 296
chair 0.0449 312 421 369 486
chair 0.0431 0 298 65 357
chair 0.0427 0 233 94 413
chair 0.0414 42 401 175 496
chair 0.0397 308 449 370 494
chair 0.0367 192 190 355 477
chair 0.0360 320 227 371 358
chair 0.0329 79 316 215 498
chair 0.0319 148 403 282 494
chair 0.0317 13 270 66 338
chair 0.0317 294 369 371 482
chair 0.0298 160 348 366 493
chair 0.0295 12 348 148 500
chair 0.0292 260 264 339 445
chair 0.0287 326 442 367 476
chair 0.0282 27 304 73 366
chair 0.0273 26 380 240 500
chair 0.0271 0 447 69 498
chair 0.0270 139 352 232 495
chair 0.0258 264 445 371 500
chair 0.0253 0 299 38 393
chair 0.0251 301 468 371 500
chair 0.0228 43 288 83 356
chair 0.0225 280 318 365 416
chair 0.0219 25 349 91 499
chair 0.0219 16 265 61 298
chair 0.0218 0 213 95 307
chair 0.0217 1 361 60 500
chair 0.0215 328 352 371 477
chair 0.0214 243 405 371 489
chair 0.0212 285 274 342 389
chair 0.0204 253 345 333 489
diningtable 0.0777 80 269 326 500
diningtable 0.0489 139 182 362 478
person 0.9149 134 77 296 492
person 0.8210 52 150 169 500
person 0.3325 94 103 229 498
person 0.1720 48 169 98 294
person 0.1494 0 94 268 491
person 0.1490 1 208 108 500
person 0.1460 48 163 97 236
person 0.1293 8 235 67 300
person 0.0927 52 154 121 324
person 0.0886 50 155 141 238
person 0.0879 49 177 89 220
person 0.0796 204 90 303 471
person 0.0781 20 188 90 295
person 0.0776 50 204 99 360
person 0.0766 92 243 180 500
person 0.0755 141 197 214 500
person 0.0741 45 222 88 292
person 0.0715 7 144 142 391
person 0.0686 75 154 140 207
person 0.0667 13 144 108 306
person 0.0575 53 155 116 211
person 0.0573 65 271 237 497
person 0.0566 153 235 257 500
person 0.0549 9 230 83 337
person 0.0512 29 146 92 246
person 0.0502 1 169 64 296
person 0.0488 283 133 371 422
person 0.0483 350 225 371 316
person 0.0480 25 235 58 292
person 0.0475 231 106 352 474
person 0.0423 67 249 147 500
person 0.0421 0 172 84 392
person 0.0410 62 160 90 218
person 0.0397 314 233 371 389
person 0.0391 120 270 167 480
person 0.0389 337 234 370 326
person 0.0370 128 127 210 334
person 0.0364 31 146 154 276
person 0.0357 160 344 221 496
person 0.0352 110 142 190 280
person 0.0349 100 150 161 328
person 0.0344 77 152 118 230
person 0.0341 99 144 188 438
person 0.0338 50 205 118 443
person 0.0335 135 83 262 198
person 0.0326 59 210 160 322
person 0.0320 133 88 211 257
person 0.0314 60 173 82 213
person 0.0306 50 192 92 260
person 0.0301 29 232 80 278
person 0.0299 232 201 292 448
person 0.0297 12 237 55 274
person 0.0283 35 202 73 287
person 0.0276 0 438 29 500
person 0.0267 50 243 83 348
person 0.0262 123 264 165 387
person 0.0257 54 232 102 309
person 0.0257 41 309 70 368
person 0.0252 45 104 201 299
person 0.0251 105 151 152 210
person 0.0250 37 162 79 233
person 0.0250 127 164 184 373
person 0.0248 209 254 278 500
person 0.0245 119 218 157 324
person 0.0244 118 271 160 331
person 0.0242 73 156 100 225
person 0.0240 0 455 49 500
person 0.0236 233 116 299 376
person 0.0235 0 451 17 500
person 0.0235 355 262 370 319
person 0.0233 118 74 272 299
person 0.0232 58 0 371 500
person 0.0231 2 225 38 298
person 0.0231 288 243 371 329
person 0.0226 21 247 75 314
person 0.0226 95 146 142 196
person 0.0226 24 237 54 260
person 0.0225 338 259 371 369
person 0.0223 17 240 48 296
person 0.0222 349 254 366 303
person 0.0221 50 234 77 289
person 0.0221 326 247 368 306
person 0.0220 207 350 267 496
person 0.0216 124 146 167 210
person 0.0216 134 128 176 192
person 0.0215 50 212 104 272
person 0.0215 167 88 305 211
person 0.0214 17 147 70 269
person 0.0211 357 352 370 410
person 0.0211 51 226 90 267
person 0.0207 6 139 51 267
person 0.0202 51 278 95 356
pottedplant 0.1605 0 123 47 161
pottedplant 0.1175 1 122 55 196
pottedplant 0.0966 0 122 25 155
pottedplant 0.0779 349 222 371 253
pottedplant 0.0699 19 131 51 168
pottedplant 0.0647 0 106 58 167
pottedplant 0.0603 0 115 82 243
pottedplant 0.0588 337 223 371 271
pottedplant 0.0577 350 220 371 297
pottedplant 0.0442 0 95 29 159
pottedplant 0.0399 22 132 51 201
pottedplant 0.0378 336 229 370 314
pottedplant 0.0374 14 124 40 168
pottedplant 0.0370 16 137 98 224
pottedplant 0.0360 26 137 49 175
pottedplant 0.0346 0 33 63 204
pottedplant 0.0341 352 215 370 244
pottedplant 0.0339 0 126 13 159
pottedplant 0.0337 16 126 51 153
pottedplant 0.0326 6 120 41 147
pottedplant 0.0306 4 129 31 160
pottedplant 0.0289 0 79 115 223
pottedplant 0.0279 335 225 370 248
pottedplant 0.0273 0 123 26 188
pottedplant 0.0271 15 137 78 188
pottedplant 0.0266 2 59 52 165
pottedplant 0.0265 31 150 81 214
pottedplant 0.0251 5 95 78 180
pottedplant 0.0244 0 115 16 172
pottedplant 0.0243 0 74 46 234
pottedplant 0.0242 0 96 12 161
pottedplant 0.0242 11 133 46 225
pottedplant 0.0237 32 110 67 187
pottedplant 0.0234 21 102 52 166
pottedplant 0.0234 341 205 371 248
pottedplant 0.0233 56 146 93 215
pottedplant 0.0227 326 237 371 282
pottedplant 0.0225 330 233 369 257
pottedplant 0.0202 27 125 46 160
pottedplant 0.0201 0 113 153 255
sofa 0.3899 0 294 85 500
sofa 0.2313 2 138 301 496
sofa 0.2038 14 233 149 500
sofa 0.1599 286 248 370 426
sofa 0.0898 0 290 66 428
sofa 0.0447 0 384 109 499
sofa 0.0400 0 347 178 500
sofa 0.0391 0 216 101 450
sofa 0.0248 0 278 93 383
sofa 0.0234 0 194 159 384
train 0.0229 8 0 241 491
tvmonitor 0.1277 284 250 371 424
tvmonitor 0.0596 288 245 371 341
tvmonitor 0.0517 327 429 370 476
tvmonitor 0.0403 322 228 371 264
tvmonitor 0.0372 317 113 368 259
tvmonitor 0.0366 318 226 370 303
tvmonitor 0.0353 311 359 370 484
tvmonitor 0.0344 329 195 371 260
tvmonitor 0.0289 321 239 370 280
tvmonitor 0.0287 343 184 370 248
tvmonitor 0.0286 142 119 175 166
tvmonitor 0.0286 292 321 369 414
tvmonitor 0.0283 285 335 344 377
tvmonitor 0.0270 318 402 369 472
tvmonitor 0.0266 333 148 370 247
tvmonitor 0.0262 324 244 363 264
tvmonitor 0.0261 335 217 370 245
tvmonitor 0.0232 327 235 367 257
tvmonitor 0.0215 354 425 371 476
tvmonitor 0.0212 291 171 371 320
tvmonitor 0.0211 334 446 366 475
tvmonitor 0.0211 282 288 363 377
