aeroplane 0.0282 92 129 116 142
bicycle 0.1143 1 259 255 393
bicycle 0.0587 292 269 341 313
bicycle 0.0535 40 336 206 396
bicycle 0.0469 110 309 205 396
bicycle 0.0431 282 268 326 326
bicycle 0.0424 147 321 255 400
bicycle 0.0353 0 227 72 364
bicycle 0.0322 172 309 210 378
bicycle 0.0269 63 363 211 399
bicycle 0.0246 128 363 259 400
bicycle 0.0221 121 342 231 394
bird 0.0247 98 128 115 143
boat 0.3423 0 79 500 377
boat 0.2676 40 103 433 245
boat 0.2409 31 156 436 301
boat 0.2359 17 208 445 367
boat 0.2352 367 212 499 278
boat 0.1863 177 120 274 150
boat 0.1680 1 221 217 392
boat 0.1467 184 72 261 94
boat 0.1354 467 200 497 269
boat 0.1296 76 31 484 273
boat 0.1242 137 153 436 255
boat 0.1213 474 50 500 83
boat 0.1105 0 182 219 324
boat 0.1105 88 254 480 393
boat 0.1104 10 45 371 215
boat 0.1093 368 234 469 277
boat 0.1083 14 221 197 301
boat 0.1055 20 212 167 272
boat 0.0994 180 62 281 97
boat 0.0981 0 111 283 369
boat 0.0974 475 228 498 269
boat 0.0971 186 190 337 247
boat 0.0969 18 240 201 338
boat 0.0958 177 98 284 152
boat 0.0939 418 190 496 279
boat 0.0935 367 124 490 288
boat 0.0925 415 234 499 276
boat 0.0914 374 166 464 276
boat 0.0905 25 179 194 252
boat 0.0904 322 223 485 301
boat 0.0904 370 231 457 326
boat 0.0891 6 162 276 271
boat 0.0885 446 216 498 273
boat 0.0866 160 188 498 297
boat 0.0859 1 71 140 289
boat 0.0776 193 231 490 353
boat 0.0749 34 194 132 260
boat 0.0735 0 321 208 395
boat 0.0716 188 121 490 276
boat 0.0672 74 246 191 294
boat 0.0670 44 232 179 280
boat 0.0661 124 122 373 224
boat 0.0653 370 249 452 282
boat 0.0630 152 84 321 143
boat 0.0614 171 120 320 161
boat 0.0610 283 249 449 327
boat 0.0608 44 148 315 239
boat 0.0600 230 210 338 248
boat 0.0600 155 52 316 121
boat 0.0597 44 199 223 270
boat 0.0590 0 189 125 287
boat 0.0587 8 90 251 250
boat 0.0578 135 99 366 179
boat 0.0572 270 203 474 274
boat 0.0538 176 79 269 137
boat 0.0532 371 202 441 283
boat 0.0528 1 73 74 234
boat 0.0527 50 201 142 302
boat 0.0527 115 250 180 281
boat 0.0527 359 188 487 320
boat 0.0523 13 140 141 249
boat 0.0519 39 223 145 263
boat 0.0519 365 133 392 162
boat 0.0518 51 250 179 384
boat 0.0515 181 49 258 91
boat 0.0500 52 240 168 315
boat 0.0500 69 28 354 142
boat 0.0500 0 2 78 61
boat 0.0499 149 20 311 93
boat 0.0496 2 198 90 333
boat 0.0496 338 22 486 286
boat 0.0491 98 74 323 294
boat 0.0488 92 173 324 393
boat 0.0487 470 204 492 253
boat 0.0486 76 260 164 303
boat 0.0476 0 282 380 400
boat 0.0475 296 192 323 231
boat 0.0471 108 55 400 165
boat 0.0470 1 0 200 337
boat 0.0469 2 280 19 337
boat 0.0468 11 219 137 364
boat 0.0460 153 206 398 342
boat 0.0455 36 223 109 254
boat 0.0453 65 184 131 241
boat 0.0446 114 108 302 157
boat 0.0443 61 250 149 287
boat 0.0443 266 194 333 244
boat 0.0423 192 70 236 90
boat 0.0418 364 263 436 309
boat 0.0411 256 229 345 259
boat 0.0410 50 240 286 354
boat 0.0407 0 2 63 27
boat 0.0401 3 6 133 197
boat 0.0398 190 79 247 95
boat 0.0396 469 27 499 86
boat 0.0393 190 148 357 241
boat 0.0390 207 71 263 87
boat 0.0389 234 229 453 302
boat 0.0388 287 78 460 294
boat 0.0387 22 206 100 256
boat 0.0386 0 166 99 252
boat 0.0386 398 214 455 278
boat 0.0383 1 213 76 281
boat 0.0378 318 205 482 384
boat 0.0377 473 219 500 254
boat 0.0371 0 253 22 344
boat 0.0370 216 216 351 265
boat 0.0370 257 197 304 237
boat 0.0368 79 150 217 237
boat 0.0366 251 177 470 255
boat 0.0365 467 240 499 265
boat 0.0364 77 254 132 296
boat 0.0364 237 166 336 256
boat 0.0362 0 50 71 92
boat 0.0359 78 244 146 274
boat 0.0356 74 257 198 323
boat 0.0355 246 228 349 300
boat 0.0352 199 35 273 85
boat 0.0351 101 251 161 292
boat 0.0349 66 180 155 278
boat 0.0349 454 239 500 276
boat 0.0345 212 65 279 89
boat 0.0345 183 183 379 276
boat 0.0343 350 117 436 276
boat 0.0341 83 212 182 306
boat 0.0336 1 9 153 98
boat 0.0335 1 25 66 82
boat 0.0334 217 76 271 92
boat 0.0333 0 57 72 126
boat 0.0333 38 68 307 157
boat 0.0333 263 235 347 274
boat 0.0331 14 238 136 292
boat 0.0331 365 116 398 177
boat 0.0328 74 193 157 235
boat 0.0326 65 210 160 248
boat 0.0325 1 178 18 227
boat 0.0324 123 253 149 277
boat 0.0323 461 191 490 259
boat 0.0322 79 264 123 307
boat 0.0320 233 190 332 231
boat 0.0320 43 185 99 251
boat 0.0318 186 73 219 93
boat 0.0317 0 53 101 181
boat 0.0317 287 275 342 315
boat 0.0315 80 224 181 264
boat 0.0310 140 252 172 278
boat 0.0310 114 253 183 304
boat 0.0309 2 6 245 175
boat 0.0309 440 151 490 272
boat 0.0307 370 224 389 259
boat 0.0303 45 124 231 303
boat 0.0302 14 182 117 238
boat 0.0300 7 144 67 241
boat 0.0300 43 170 163 235
boat 0.0298 299 159 431 264
boat 0.0296 46 218 135 248
boat 0.0294 108 0 321 222
boat 0.0294 175 73 367 257
boat 0.0291 131 248 193 291
boat 0.0291 452 226 499 257
boat 0.0288 202 60 257 89
boat 0.0288 5 199 86 242
boat 0.0287 178 117 234 145
boat 0.0287 0 0 53 45
boat 0.0286 266 177 299 233
boat 0.0284 373 151 423 270
boat 0.0284 84 196 182 255
boat 0.0284 120 262 143 281
boat 0.0283 32 11 298 104
boat 0.0283 372 123 396 161
boat 0.0281 239 140 436 341
boat 0.0280 9 229 99 274
boat 0.0279 101 249 143 279
boat 0.0278 82 230 256 298
boat 0.0278 86 271 176 314
boat 0.0277 42 102 309 188
boat 0.0277 115 264 157 294
boat 0.0277 87 258 126 273
boat 0.0276 118 249 141 272
boat 0.0275 96 270 158 300
boat 0.0272 88 264 124 281
boat 0.0271 88 267 121 293
boat 0.0269 32 126 211 217
boat 0.0267 198 64 246 82
boat 0.0266 103 265 125 283
boat 0.0266 123 68 148 90
boat 0.0265 112 257 135 275
boat 0.0265 116 253 144 290
boat 0.0264 219 113 409 241
boat 0.0264 71 72 92 92
boat 0.0263 467 199 484 245
boat 0.0263 125 251 168 270
boat 0.0263 342 245 447 294
boat 0.0263 9 356 212 400
boat 0.0262 67 158 137 225
boat 0.0259 93 260 153 284
boat 0.0258 97 239 211 282
boat 0.0256 282 208 342 253
boat 0.0256 378 225 459 263
boat 0.0255 289 236 342 256
boat 0.0254 177 130 276 164
boat 0.0253 294 187 336 249
boat 0.0252 237 68 272 88
boat 0.0250 12 254 145 324
boat 0.0250 25 77 199 153
boat 0.0248 412 71 496 280
boat 0.0248 300 280 334 309
boat 0.0247 214 0 500 346
boat 0.0247 268 200 318 229
boat 0.0246 112 265 134 282
boat 0.0245 281 183 328 229
boat 0.0245 188 123 254 145
boat 0.0245 0 29 185 135
boat 0.0244 376 118 412 192
boat 0.0243 136 6 417 121
boat 0.0243 103 259 128 276
boat 0.0241 111 276 151 295
boat 0.0239 214 63 264 80
boat 0.0239 47 224 99 245
boat 0.0239 185 29 238 87
boat 0.0238 29 252 120 286
boat 0.0237 0 1 44 16
boat 0.0237 124 270 150 290
boat 0.0234 291 234 344 290
boat 0.0234 452 202 480 254
boat 0.0233 288 205 327 240
boat 0.0233 0 277 34 334
boat 0.0233 72 254 128 276
boat 0.0232 130 259 160 282
boat 0.0232 101 264 144 293
boat 0.0231 272 239 397 309
boat 0.0231 90 224 138 286
boat 0.0230 0 10 45 30
boat 0.0230 174 27 437 206
boat 0.0230 117 241 157 286
boat 0.0229 54 125 121 239
boat 0.0228 77 207 128 272
boat 0.0228 94 251 137 269
boat 0.0228 0 81 187 198
boat 0.0227 98 257 127 292
boat 0.0225 327 136 402 280
boat 0.0225 83 261 113 285
boat 0.0224 58 232 138 272
boat 0.0223 421 227 460 280
boat 0.0223 80 258 104 303
boat 0.0222 251 16 412 268
boat 0.0221 271 199 296 233
boat 0.0221 84 256 110 275
boat 0.0220 133 226 366 308
boat 0.0220 103 35 260 123
boat 0.0219 355 210 427 315
boat 0.0219 98 204 169 280
boat 0.0218 75 141 125 206
boat 0.0217 102 69 255 145
boat 0.0217 362 221 415 271
boat 0.0217 0 156 16 240
boat 0.0217 303 184 326 225
boat 0.0216 230 63 276 82
boat 0.0216 471 214 500 325
boat 0.0216 42 203 116 240
boat 0.0215 125 232 174 286
boat 0.0215 363 121 401 222
boat 0.0215 161 71 269 109
boat 0.0215 1 163 30 227
boat 0.0214 106 270 141 287
boat 0.0212 33 103 105 244
boat 0.0212 99 125 113 149
boat 0.0211 0 182 43 232
boat 0.0210 0 6 37 62
boat 0.0209 293 203 313 235
boat 0.0209 133 251 154 280
boat 0.0209 416 224 493 261
boat 0.0208 56 260 130 319
boat 0.0208 147 115 249 147
boat 0.0206 481 36 498 71
boat 0.0206 33 45 164 238
boat 0.0206 292 220 341 271
boat 0.0205 177 121 209 146
boat 0.0204 9 79 65 163
boat 0.0204 274 224 337 247
boat 0.0204 34 211 112 286
boat 0.0203 279 173 350 266
boat 0.0203 193 48 315 90
boat 0.0203 290 282 329 325
boat 0.0202 79 211 144 239
boat 0.0201 9 248 90 289
boat 0.0200 25 127 77 234
bottle 0.0673 473 237 499 275
bottle 0.0349 275 175 292 204
bottle 0.0299 298 189 321 226
bottle 0.0228 271 174 296 221
bottle 0.0209 301 180 318 206
bus 0.1546 164 180 330 241
bus 0.1141 104 146 366 240
bus 0.0410 229 195 313 243
bus 0.0286 209 187 295 238
car 0.2260 174 187 321 242
car 0.1544 176 197 270 239
car 0.1187 231 219 258 245
car 0.1172 97 166 346 244
car 0.0896 214 208 260 245
car 0.0839 212 211 307 245
car 0.0753 166 209 188 234
car 0.0721 119 178 272 234
car 0.0593 0 320 204 395
car 0.0568 227 202 273 244
car 0.0526 102 175 187 231
car 0.0436 161 190 189 232
car 0.0408 231 217 283 248
car 0.0384 235 202 299 240
car 0.0361 182 190 260 222
car 0.0357 117 198 199 233
car 0.0347 2 173 18 225
car 0.0341 129 199 310 254
car 0.0341 147 177 185 231
car 0.0324 114 377 210 400
car 0.0322 166 210 252 243
car 0.0321 194 220 258 244
car 0.0314 164 199 231 234
car 0.0311 89 365 202 397
car 0.0298 0 61 21 98
car 0.0288 168 154 321 233
car 0.0284 226 226 331 254
car 0.0282 159 206 185 228
car 0.0266 147 210 192 232
car 0.0248 161 380 221 400
car 0.0244 209 184 262 243
car 0.0243 198 178 239 192
car 0.0243 209 195 295 231
car 0.0235 165 212 207 234
car 0.0220 101 208 190 244
car 0.0215 165 200 266 264
car 0.0208 186 175 256 203
car 0.0208 0 48 20 87
car 0.0206 226 213 264 238
car 0.0203 184 208 350 260
car 0.0202 0 60 53 97
car 0.0201 4 359 204 397
car 0.0200 170 222 254 256
chair 0.0676 78 180 129 232
chair 0.0554 47 174 143 249
chair 0.0549 91 175 184 232
chair 0.0401 97 190 129 233
chair 0.0379 0 340 196 396
chair 0.0374 107 198 183 230
chair 0.0357 0 262 170 394
chair 0.0346 120 171 157 229
chair 0.0346 165 250 224 291
chair 0.0332 75 201 139 236
chair 0.0328 74 155 162 243
chair 0.0313 106 177 146 233
chair 0.0288 0 197 47 293
chair 0.0287 46 176 95 244
chair 0.0279 302 276 331 308
chair 0.0279 77 190 106 236
chair 0.0273 96 209 145 233
chair 0.0269 146 366 242 399
chair 0.0264 2 168 37 246
chair 0.0263 57 195 123 241
chair 0.0259 173 257 222 276
chair 0.0258 101 180 125 214
chair 0.0257 282 274 327 331
chair 0.0255 170 230 250 280
chair 0.0253 174 313 216 378
chair 0.0247 84 192 154 230
chair 0.0242 35 176 77 241
chair 0.0234 81 188 196 260
chair 0.0234 318 236 342 268
chair 0.0234 60 151 120 236
chair 0.0230 0 172 21 248
chair 0.0230 3 290 107 400
chair 0.0227 296 280 323 316
chair 0.0223 63 177 103 235
chair 0.0223 138 247 216 296
chair 0.0222 189 213 262 246
chair 0.0220 133 179 184 231
chair 0.0218 0 111 51 267
chair 0.0213 79 181 119 210
chair 0.0212 173 249 196 281
chair 0.0209 94 206 120 236
chair 0.0207 13 176 61 241
chair 0.0206 107 174 134 220
chair 0.0205 134 340 260 400
chair 0.0203 163 213 346 314
chair 0.0203 0 362 99 398
chair 0.0202 53 183 82 231
person 0.1572 408 267 431 288
person 0.1545 402 267 439 327
person 0.1248 408 265 435 307
person 0.1193 413 271 427 285
person 0.1192 397 268 427 285
person 0.1156 393 267 414 286
person 0.1019 380 266 406 286
person 0.1002 380 266 439 309
person 0.0941 373 264 399 288
person 0.0925 403 270 423 283
person 0.0871 397 270 409 285
person 0.0870 381 266 426 288
person 0.0840 371 269 418 321
person 0.0745 413 268 435 283
person 0.0743 368 261 422 298
person 0.0703 370 263 401 308
person 0.0640 127 171 145 205
person 0.0604 400 266 422 297
person 0.0597 419 269 440 304
person 0.0583 387 265 417 305
person 0.0580 405 274 419 285
person 0.0546 474 241 499 278
person 0.0520 368 258 394 292
person 0.0483 376 259 444 289
person 0.0459 138 319 184 391
person 0.0457 2 237 88 382
person 0.0457 391 274 429 322
person 0.0454 232 220 258 246
person 0.0447 412 263 438 292
person 0.0428 2 256 37 344
person 0.0415 386 269 401 283
person 0.0415 103 332 193 395
person 0.0396 12 271 144 396
person 0.0390 383 264 404 279
person 0.0369 0 283 38 376
person 0.0369 372 258 412 285
person 0.0361 121 171 152 226
person 0.0351 425 268 442 285
person 0.0349 0 321 40 400
person 0.0349 411 266 429 278
person 0.0319 377 251 395 275
person 0.0310 0 213 49 375
person 0.0300 355 263 390 328
person 0.0299 405 268 423 278
person 0.0291 100 127 114 145
person 0.0289 0 361 24 400
person 0.0288 103 266 122 293
person 0.0286 0 322 129 400
person 0.0284 372 242 398 282
person 0.0280 132 174 143 188
person 0.0276 54 177 90 240
person 0.0275 398 262 444 283
person 0.0274 126 273 148 298
person 0.0273 124 174 138 195
person 0.0273 256 177 268 201
person 0.0272 390 256 432 298
person 0.0271 369 273 392 315
person 0.0267 272 175 289 203
person 0.0266 153 329 202 397
person 0.0264 122 270 139 291
person 0.0263 376 235 395 265
person 0.0261 0 282 22 346
person 0.0260 124 170 160 202
person 0.0260 320 261 352 324
person 0.0256 379 273 407 311
person 0.0252 415 265 445 281
person 0.0251 122 261 138 283
person 0.0249 0 266 67 364
person 0.0249 305 269 345 327
person 0.0248 398 245 440 293
person 0.0248 254 143 285 153
person 0.0247 379 260 409 275
person 0.0246 275 176 294 214
person 0.0245 131 171 155 189
person 0.0241 384 246 478 335
person 0.0238 426 256 493 400
person 0.0237 111 269 127 292
person 0.0236 460 237 496 312
person 0.0235 322 274 342 311
person 0.0233 418 257 447 289
person 0.0230 121 173 142 212
person 0.0230 114 265 128 284
person 0.0229 343 384 379 400
person 0.0227 363 253 429 285
person 0.0222 82 261 99 299
person 0.0222 114 170 129 203
person 0.0221 85 254 98 273
person 0.0219 0 241 22 322
person 0.0218 93 266 118 295
person 0.0218 369 234 380 259
person 0.0217 363 241 414 316
person 0.0215 248 190 297 248
person 0.0214 232 215 266 257
person 0.0213 84 267 121 311
person 0.0212 390 260 422 274
person 0.0212 2 161 18 217
person 0.0212 372 238 388 263
person 0.0211 272 196 296 228
person 0.0210 0 140 21 230
person 0.0209 261 178 275 202
person 0.0208 60 174 85 225
person 0.0207 476 247 500 300
person 0.0205 384 257 400 276
person 0.0204 166 213 186 243
person 0.0203 135 268 152 293
person 0.0202 0 267 19 400
person 0.0201 48 161 81 228
person 0.0200 121 172 146 185
person 0.0200 427 261 443 279
pottedplant 0.3443 200 330 355 399
pottedplant 0.3125 426 331 497 399
pottedplant 0.2286 318 312 381 390
pottedplant 0.2228 184 276 361 394
pottedplant 0.2165 368 275 431 329
pottedplant 0.1987 352 326 498 400
pottedplant 0.1706 457 336 500 398
pottedplant 0.1623 363 281 432 388
pottedplant 0.1540 215 322 474 400
pottedplant 0.1494 258 320 376 397
pottedplant 0.1441 270 368 339 399
pottedplant 0.1431 325 310 423 398
pottedplant 0.1381 175 248 448 385
pottedplant 0.1298 321 281 477 391
pottedplant 0.1259 16 268 313 393
pottedplant 0.1231 228 360 340 397
pottedplant 0.1148 382 342 421 400
pottedplant 0.1120 369 295 422 338
pottedplant 0.1120 55 315 377 400
pottedplant 0.1055 378 309 458 400
pottedplant 0.1046 308 284 406 374
pottedplant 0.1024 476 356 500 400
pottedplant 0.0986 324 268 431 343
pottedplant 0.0961 202 294 289 394
pottedplant 0.0942 289 379 353 400
pottedplant 0.0921 438 364 500 399
pottedplant 0.0859 0 216 47 327
pottedplant 0.0850 381 357 491 397
pottedplant 0.0846 275 305 445 382
pottedplant 0.0840 342 301 372 329
pottedplant 0.0839 394 295 424 334
pottedplant 0.0838 183 249 356 334
pottedplant 0.0837 56 276 208 388
pottedplant 0.0832 331 302 378 366
pottedplant 0.0800 122 260 202 390
pottedplant 0.0791 162 262 226 381
pottedplant 0.0790 235 301 333 395
pottedplant 0.0784 314 346 380 398
pottedplant 0.0769 398 255 490 375
pottedplant 0.0754 469 381 500 400
pottedplant 0.0750 390 366 430 400
pottedplant 0.0739 0 220 496 400
pottedplant 0.0716 261 352 361 400
pottedplant 0.0716 0 313 249 399
pottedplant 0.0709 401 378 432 400
pottedplant 0.0708 183 265 265 381
pottedplant 0.0704 447 329 493 385
pottedplant 0.0704 249 264 392 365
pottedplant 0.0703 195 264 316 365
pottedplant 0.0673 70 236 369 371
pottedplant 0.0671 313 382 363 400
pottedplant 0.0664 337 244 456 331
pottedplant 0.0664 397 274 436 333
pottedplant 0.0662 270 256 344 326
pottedplant 0.0656 362 313 408 393
pottedplant 0.0656 201 359 298 398
pottedplant 0.0638 276 235 453 348
pottedplant 0.0627 352 305 385 366
pottedplant 0.0625 321 255 346 300
pottedplant 0.0616 366 305 412 347
pottedplant 0.0605 146 315 284 400
pottedplant 0.0599 215 323 267 394
pottedplant 0.0598 287 253 388 333
pottedplant 0.0596 172 259 219 331
pottedplant 0.0595 280 378 325 400
pottedplant 0.0588 298 257 347 304
pottedplant 0.0586 374 309 414 371
pottedplant 0.0581 343 279 410 331
pottedplant 0.0577 383 284 433 355
pottedplant 0.0566 363 359 442 399
pottedplant 0.0555 299 376 331 400
pottedplant 0.0554 344 303 389 341
pottedplant 0.0552 321 269 381 353
pottedplant 0.0539 381 309 422 333
pottedplant 0.0537 0 221 44 279
pottedplant 0.0533 89 308 196 396
pottedplant 0.0533 299 324 349 391
pottedplant 0.0532 317 328 376 370
pottedplant 0.0529 364 310 394 370
pottedplant 0.0519 338 303 359 332
pottedplant 0.0517 303 264 359 346
pottedplant 0.0517 310 365 369 400
pottedplant 0.0517 139 305 185 387
pottedplant 0.0515 284 271 368 386
pottedplant 0.0512 223 368 272 400
pottedplant 0.0512 318 305 370 350
pottedplant 0.0511 150 288 208 389
pottedplant 0.0509 371 272 409 320
pottedplant 0.0508 429 348 477 400
pottedplant 0.0507 172 299 220 381
pottedplant 0.0503 182 269 233 347
pottedplant 0.0496 228 255 328 326
pottedplant 0.0495 199 277 280 351
pottedplant 0.0491 267 259 315 301
pottedplant 0.0491 449 351 487 400
pottedplant 0.0491 241 331 306 400
pottedplant 0.0487 403 370 487 399
pottedplant 0.0484 235 253 269 302
pottedplant 0.0478 275 263 310 320
pottedplant 0.0474 176 321 253 391
pottedplant 0.0471 267 328 327 395
pottedplant 0.0471 206 312 254 382
pottedplant 0.0471 352 305 382 329
pottedplant 0.0466 129 252 223 344
pottedplant 0.0466 159 265 207 352
pottedplant 0.0466 398 308 421 338
pottedplant 0.0462 174 258 224 295
pottedplant 0.0461 477 339 500 384
pottedplant 0.0456 168 253 258 342
pottedplant 0.0456 101 283 172 384
pottedplant 0.0454 382 328 410 379
pottedplant 0.0454 321 334 364 384
pottedplant 0.0447 322 247 344 285
pottedplant 0.0440 325 308 402 354
pottedplant 0.0437 0 214 82 306
pottedplant 0.0436 226 381 278 398
pottedplant 0.0436 404 323 453 393
pottedplant 0.0435 368 310 389 347
pottedplant 0.0432 361 306 398 338
pottedplant 0.0429 214 241 350 307
pottedplant 0.0428 289 263 310 296
pottedplant 0.0425 0 225 28 312
pottedplant 0.0425 458 334 487 373
pottedplant 0.0424 400 359 456 400
pottedplant 0.0424 294 293 390 344
pottedplant 0.0421 278 360 318 400
pottedplant 0.0416 316 343 461 400
pottedplant 0.0415 454 372 494 399
pottedplant 0.0413 247 257 297 298
pottedplant 0.0410 359 260 444 318
pottedplant 0.0409 390 304 424 357
pottedplant 0.0409 265 268 318 335
pottedplant 0.0405 361 308 382 345
pottedplant 0.0404 201 306 314 358
pottedplant 0.0403 251 259 271 295
pottedplant 0.0401 328 306 354 332
pottedplant 0.0401 426 342 494 375
pottedplant 0.0400 383 349 406 396
pottedplant 0.0395 382 291 420 325
pottedplant 0.0395 440 381 497 398
pottedplant 0.0394 181 269 215 313
pottedplant 0.0394 275 262 296 296
pottedplant 0.0392 282 265 305 301
pottedplant 0.0390 375 300 413 329
pottedplant 0.0390 371 376 435 400
pottedplant 0.0390 243 258 264 294
pottedplant 0.0385 242 260 278 315
pottedplant 0.0384 231 377 329 400
pottedplant 0.0382 299 363 344 400
pottedplant 0.0379 242 371 389 400
pottedplant 0.0377 368 309 409 333
pottedplant 0.0374 103 268 190 346
pottedplant 0.0373 375 230 492 327
pottedplant 0.0373 274 282 338 338
pottedplant 0.0370 160 253 229 308
pottedplant 0.0370 199 252 286 313
pottedplant 0.0370 268 261 288 294
pottedplant 0.0369 287 241 348 289
pottedplant 0.0368 400 353 421 398
pottedplant 0.0365 328 258 371 328
pottedplant 0.0365 292 265 327 308
pottedplant 0.0365 233 349 280 400
pottedplant 0.0363 407 357 427 398
pottedplant 0.0361 296 285 373 326
pottedplant 0.0361 345 284 380 331
pottedplant 0.0361 340 323 380 361
pottedplant 0.0358 406 382 462 399
pottedplant 0.0357 318 378 346 400
pottedplant 0.0354 259 261 300 315
pottedplant 0.0354 333 290 369 332
pottedplant 0.0352 209 288 333 341
pottedplant 0.0351 373 287 401 325
pottedplant 0.0350 201 261 252 327
pottedplant 0.0349 179 301 240 363
pottedplant 0.0346 178 281 214 347
pottedplant 0.0346 143 265 187 350
pottedplant 0.0345 374 314 395 350
pottedplant 0.0343 327 253 410 321
pottedplant 0.0343 371 288 418 315
pottedplant 0.0343 170 365 257 399
pottedplant 0.0343 280 263 307 286
pottedplant 0.0343 282 258 319 289
pottedplant 0.0338 258 260 279 294
pottedplant 0.0335 278 307 376 358
pottedplant 0.0334 2 251 116 375
pottedplant 0.0333 389 336 412 372
pottedplant 0.0332 315 261 338 297
pottedplant 0.0331 189 264 220 303
pottedplant 0.0330 211 323 298 371
pottedplant 0.0329 465 341 496 373
pottedplant 0.0326 431 346 463 388
pottedplant 0.0326 177 265 220 287
pottedplant 0.0325 381 312 405 342
pottedplant 0.0325 277 350 337 392
pottedplant 0.0324 140 250 178 297
pottedplant 0.0323 379 269 452 368
pottedplant 0.0321 114 288 156 341
pottedplant 0.0319 209 303 266 358
pottedplant 0.0318 258 346 299 400
pottedplant 0.0316 0 231 20 282
pottedplant 0.0314 84 273 154 368
pottedplant 0.0311 244 371 293 399
pottedplant 0.0311 233 308 350 354
pottedplant 0.0311 211 258 265 296
pottedplant 0.0311 294 365 323 398
pottedplant 0.0307 442 335 477 381
pottedplant 0.0306 386 348 414 382
pottedplant 0.0304 237 255 258 289
pottedplant 0.0302 361 319 381 361
pottedplant 0.0300 336 322 419 368
pottedplant 0.0295 453 348 500 380
pottedplant 0.0294 262 246 325 288
pottedplant 0.0293 318 306 346 347
pottedplant 0.0292 279 333 373 380
pottedplant 0.0292 303 271 330 304
pottedplant 0.0292 368 304 389 332
pottedplant 0.0291 373 321 401 378
pottedplant 0.0290 0 209 30 371
pottedplant 0.0289 251 382 306 399
pottedplant 0.0287 309 261 347 282
pottedplant 0.0287 122 301 180 367
pottedplant 0.0287 284 296 359 335
pottedplant 0.0287 318 317 349 362
pottedplant 0.0285 192 260 244 296
pottedplant 0.0285 123 249 301 330
pottedplant 0.0285 403 288 430 331
pottedplant 0.0284 253 269 297 336
pottedplant 0.0281 245 321 335 364
pottedplant 0.0280 191 376 276 400
pottedplant 0.0280 428 348 457 370
pottedplant 0.0279 212 311 297 345
pottedplant 0.0278 110 349 347 400
pottedplant 0.0278 311 275 337 308
pottedplant 0.0277 293 261 309 282
pottedplant 0.0277 79 265 119 315
pottedplant 0.0276 263 284 322 373
pottedplant 0.0276 294 261 321 284
pottedplant 0.0276 394 326 420 379
pottedplant 0.0276 1 244 65 314
pottedplant 0.0274 352 295 442 347
pottedplant 0.0274 203 290 255 335
pottedplant 0.0273 422 360 464 397
pottedplant 0.0272 190 323 262 366
pottedplant 0.0272 353 313 376 354
pottedplant 0.0272 218 183 500 400
pottedplant 0.0272 301 266 333 293
pottedplant 0.0270 370 367 409 400
pottedplant 0.0270 168 294 203 363
pottedplant 0.0270 384 319 404 360
pottedplant 0.0268 232 267 279 339
pottedplant 0.0266 221 378 260 400
pottedplant 0.0265 99 281 156 324
pottedplant 0.0265 323 356 360 396
pottedplant 0.0265 336 382 370 400
pottedplant 0.0264 351 294 374 325
pottedplant 0.0263 270 256 287 282
pottedplant 0.0262 301 292 346 360
pottedplant 0.0261 332 299 348 326
pottedplant 0.0261 119 251 204 309
pottedplant 0.0260 318 154 483 378
pottedplant 0.0259 243 244 279 294
pottedplant 0.0259 177 269 204 300
pottedplant 0.0258 263 248 290 287
pottedplant 0.0258 433 247 500 392
pottedplant 0.0257 204 345 259 400
pottedplant 0.0257 288 251 333 282
pottedplant 0.0257 184 270 265 314
pottedplant 0.0256 307 260 326 288
pottedplant 0.0256 271 253 314 282
pottedplant 0.0255 148 257 185 319
pottedplant 0.0255 277 258 293 281
pottedplant 0.0253 2 224 37 255
pottedplant 0.0250 295 364 437 400
pottedplant 0.0249 179 252 263 289
pottedplant 0.0248 314 253 341 279
pottedplant 0.0248 134 289 175 345
pottedplant 0.0247 426 320 473 388
pottedplant 0.0247 161 288 192 353
pottedplant 0.0247 316 265 350 288
pottedplant 0.0245 353 295 411 323
pottedplant 0.0242 336 313 379 335
pottedplant 0.0242 198 264 229 289
pottedplant 0.0242 463 332 494 363
pottedplant 0.0242 311 285 348 340
pottedplant 0.0241 321 281 359 334
pottedplant 0.0241 253 265 284 309
pottedplant 0.0241 377 357 398 399
pottedplant 0.0241 273 303 336 350
pottedplant 0.0240 285 262 301 281
pottedplant 0.0240 392 318 413 360
pottedplant 0.0240 121 308 241 384
pottedplant 0.0238 243 289 305 380
pottedplant 0.0238 141 223 260 380
pottedplant 0.0238 369 283 391 320
pottedplant 0.0237 0 228 25 261
pottedplant 0.0237 344 329 377 381
pottedplant 0.0236 152 253 178 286
pottedplant 0.0236 445 361 470 397
pottedplant 0.0236 454 345 477 384
pottedplant 0.0236 175 282 246 327
train 0.0228 2 0 500 238
train 0.0203 33 371 216 400
tvmonitor 0.0308 185 117 262 148
tvmonitor 0.0207 177 120 223 146
tvmonitor 0.0200 208 179 249 192
