bicycle 0.2543 182 152 492 365
bicycle 0.2417 333 22 494 270
bicycle 0.2099 312 100 489 345
bicycle 0.1490 229 82 296 196
bicycle 0.1251 217 5 486 222
bicycle 0.1246 347 133 500 250
bicycle 0.1079 199 0 316 190
bicycle 0.0993 16 185 448 375
bicycle 0.0914 264 51 468 302
bicycle 0.0846 245 143 495 283
bicycle 0.0554 79 40 500 353
bicycle 0.0447 270 82 500 221
bicycle 0.0302 212 103 330 222
bicycle 0.0237 231 131 360 196
bicycle 0.0228 359 169 500 231
bottle 0.1037 286 227 316 272
bottle 0.0772 269 346 314 375
bottle 0.0721 182 314 345 373
bottle 0.0637 356 226 394 276
bottle 0.0636 297 224 317 258
bottle 0.0612 189 338 316 373
bottle 0.0579 312 158 393 282
bottle 0.0572 251 305 337 374
bottle 0.0533 380 212 415 273
bottle 0.0522 238 340 333 375
bottle 0.0456 297 306 340 369
bottle 0.0444 305 225 324 262
bottle 0.0436 385 212 408 248
bottle 0.0427 367 229 390 266
bottle 0.0420 280 243 311 273
bottle 0.0415 255 356 310 375
bottle 0.0410 259 178 314 278
bottle 0.0401 371 205 407 262
bottle 0.0393 286 348 323 375
bottle 0.0384 279 324 320 374
bottle 0.0380 349 242 391 284
bottle 0.0378 352 189 409 278
bottle 0.0371 378 210 396 247
bottle 0.0347 292 221 329 270
bottle 0.0345 355 175 386 241
bottle 0.0344 295 263 364 294
bottle 0.0341 370 213 390 249
bottle 0.0340 374 236 395 273
bottle 0.0328 292 219 312 252
bottle 0.0323 264 348 293 375
bottle 0.0322 224 278 330 372
bottle 0.0320 295 339 318 373
bottle 0.0320 280 336 305 369
bottle 0.0312 269 292 325 357
bottle 0.0309 327 223 354 271
bottle 0.0304 351 239 379 271
bottle 0.0300 219 352 314 375
bottle 0.0300 281 339 349 374
bottle 0.0296 283 189 322 271
bottle 0.0296 298 322 321 356
bottle 0.0296 237 358 294 374
bottle 0.0293 259 331 309 375
bottle 0.0289 323 219 340 266
bottle 0.0289 343 261 388 293
bottle 0.0288 324 141 344 179
bottle 0.0286 372 232 419 280
bottle 0.0285 274 241 325 293
bottle 0.0279 285 339 315 364
bottle 0.0279 293 227 323 247
bottle 0.0278 275 240 297 273
bottle 0.0268 316 223 333 262
bottle 0.0267 376 248 396 282
bottle 0.0264 366 199 392 243
bottle 0.0263 337 229 372 271
bottle 0.0261 297 325 346 354
bottle 0.0260 327 213 340 241
bottle 0.0257 282 290 353 326
bottle 0.0254 294 335 324 361
bottle 0.0246 282 229 311 259
bottle 0.0240 339 180 377 244
bottle 0.0239 290 354 344 374
bottle 0.0239 362 202 381 237
bottle 0.0235 274 321 337 358
bottle 0.0232 307 334 341 360
bottle 0.0229 279 332 306 355
bottle 0.0228 1 340 48 375
bottle 0.0226 310 228 339 272
bottle 0.0225 342 274 386 304
bottle 0.0225 290 329 332 366
bottle 0.0222 328 216 346 249
bottle 0.0219 284 261 353 309
bottle 0.0217 363 220 397 259
bottle 0.0216 383 225 407 268
bottle 0.0215 408 101 442 156
bottle 0.0215 288 246 335 273
bottle 0.0215 330 200 362 272
bottle 0.0214 273 324 302 366
bottle 0.0212 259 343 283 371
bottle 0.0212 321 140 344 161
bottle 0.0208 289 332 313 357
bottle 0.0208 286 169 348 270
bottle 0.0208 360 251 394 279
bottle 0.0208 297 343 335 369
bottle 0.0206 340 203 399 264
bottle 0.0206 292 243 318 278
bottle 0.0206 237 316 288 375
bottle 0.0203 380 243 407 279
bottle 0.0203 325 178 355 248
bottle 0.0202 324 203 342 245
bottle 0.0202 0 128 22 185
bottle 0.0200 303 242 325 273
bottle 0.0200 313 223 399 268
car 0.1308 341 0 482 186
car 0.1207 285 9 326 77
car 0.0846 283 0 363 79
car 0.0792 19 2 197 56
car 0.0689 248 0 335 82
car 0.0618 161 12 456 159
car 0.0598 367 1 499 62
car 0.0580 201 92 294 202
car 0.0559 197 0 243 20
car 0.0548 316 2 386 72
car 0.0544 345 0 462 102
car 0.0516 197 0 312 73
car 0.0515 25 12 282 124
car 0.0455 200 0 390 105
car 0.0391 349 2 409 78
car 0.0388 2 56 35 80
car 0.0363 24 36 278 188
car 0.0358 322 8 354 36
car 0.0358 229 0 298 31
car 0.0345 304 0 431 77
car 0.0323 0 41 42 78
car 0.0319 251 0 494 119
car 0.0309 194 0 276 36
car 0.0290 293 2 372 49
car 0.0290 0 20 49 62
car 0.0265 288 44 329 78
car 0.0262 234 0 300 17
car 0.0256 217 1 255 17
car 0.0241 317 1 388 36
car 0.0240 1 133 20 179
car 0.0240 103 0 487 234
car 0.0228 217 0 357 57
car 0.0207 246 0 329 33
car 0.0205 283 40 353 82
chair 0.3360 351 4 499 182
chair 0.2017 379 56 500 219
chair 0.1881 410 112 499 229
chair 0.1836 193 0 245 98
chair 0.1754 226 75 293 198
chair 0.1739 44 0 143 35
chair 0.1650 283 0 465 190
chair 0.1609 0 75 55 179
chair 0.1407 0 205 317 375
chair 0.1335 287 103 500 258
chair 0.1221 392 98 498 183
chair 0.1183 184 2 277 107
chair 0.1161 413 3 497 134
chair 0.1158 310 6 398 156
chair 0.1140 213 2 295 170
chair 0.1099 303 80 500 183
chair 0.1074 257 63 405 186
chair 0.1068 57 1 98 36
chair 0.1038 188 0 241 41
chair 0.1031 219 0 379 186
chair 0.0981 167 1 241 69
chair 0.0910 439 147 499 230
chair 0.0904 105 0 182 27
chair 0.0899 295 80 406 157
chair 0.0887 172 0 237 26
chair 0.0885 369 116 500 314
chair 0.0879 97 6 249 73
chair 0.0877 351 150 500 236
chair 0.0851 71 1 136 25
chair 0.0836 472 96 500 145
chair 0.0830 421 97 493 151
chair 0.0824 346 42 444 185
chair 0.0816 50 4 202 50
chair 0.0789 156 188 475 366
chair 0.0788 285 3 341 80
chair 0.0779 5 146 193 369
chair 0.0778 225 0 312 101
chair 0.0773 393 143 500 202
chair 0.0771 277 98 453 204
chair 0.0750 0 19 50 157
chair 0.0750 351 0 448 122
chair 0.0749 236 83 345 188
chair 0.0737 436 106 500 197
chair 0.0732 266 147 461 281
chair 0.0731 186 0 218 24
chair 0.0728 182 0 339 144
chair 0.0723 245 240 500 370
chair 0.0718 7 207 89 372
chair 0.0715 5 252 206 373
chair 0.0703 259 0 327 92
chair 0.0690 230 55 289 142
chair 0.0676 249 2 335 163
chair 0.0673 440 347 500 375
chair 0.0653 16 297 281 372
chair 0.0645 329 60 488 149
chair 0.0642 281 0 389 112
chair 0.0641 122 276 350 369
chair 0.0631 254 77 308 176
chair 0.0620 95 0 220 36
chair 0.0620 299 109 401 181
chair 0.0619 343 1 394 89
chair 0.0614 451 100 499 164
chair 0.0610 253 124 412 233
chair 0.0599 166 0 205 25
chair 0.0592 7 1 263 86
chair 0.0591 403 67 495 156
chair 0.0582 0 297 28 375
chair 0.0563 266 302 492 371
chair 0.0563 0 294 105 375
chair 0.0559 455 127 500 171
chair 0.0556 364 90 477 157
chair 0.0545 447 7 500 118
chair 0.0545 1 238 53 375
chair 0.0542 0 104 53 154
chair 0.0539 231 73 282 110
chair 0.0538 311 112 419 154
chair 0.0538 114 2 289 134
chair 0.0532 473 111 500 168
chair 0.0524 91 0 151 29
chair 0.0522 380 112 474 216
chair 0.0520 211 10 256 96
chair 0.0512 204 0 247 57
chair 0.0508 439 151 499 191
chair 0.0507 245 181 311 294
chair 0.0507 240 29 300 126
chair 0.0502 6 52 83 179
chair 0.0502 4 99 108 371
chair 0.0490 365 3 500 84
chair 0.0487 308 134 391 188
chair 0.0481 139 0 215 23
chair 0.0481 235 25 282 100
chair 0.0480 133 0 255 52
chair 0.0478 102 2 138 25
chair 0.0477 126 0 178 20
chair 0.0474 152 0 318 92
chair 0.0463 308 2 358 76
chair 0.0461 370 21 457 156
chair 0.0455 327 94 443 164
chair 0.0451 196 2 233 30
chair 0.0447 277 11 318 82
chair 0.0446 459 64 498 143
chair 0.0441 282 346 359 375
chair 0.0435 222 81 374 285
chair 0.0424 172 206 314 370
chair 0.0424 238 125 350 214
chair 0.0422 0 64 53 133
chair 0.0422 343 115 450 235
chair 0.0421 115 7 209 46
chair 0.0419 15 2 150 57
chair 0.0418 212 2 372 86
chair 0.0417 0 330 45 375
chair 0.0414 361 317 500 373
chair 0.0414 112 131 299 349
chair 0.0412 285 35 377 160
chair 0.0410 246 13 295 89
chair 0.0407 422 137 500 183
chair 0.0406 69 11 135 37
chair 0.0402 407 124 493 166
chair 0.0401 383 113 441 195
chair 0.0400 415 3 498 57
chair 0.0399 134 0 186 40
chair 0.0399 397 340 500 373
chair 0.0397 1 98 65 223
chair 0.0395 474 129 500 189
chair 0.0389 238 72 301 120
chair 0.0387 343 261 495 366
chair 0.0384 399 206 499 364
chair 0.0383 189 0 282 56
chair 0.0382 275 81 320 168
chair 0.0379 240 99 299 171
chair 0.0379 460 102 491 142
chair 0.0378 0 113 44 181
chair 0.0376 455 314 500 375
chair 0.0373 466 117 499 142
chair 0.0368 298 145 399 275
chair 0.0367 327 119 436 191
chair 0.0364 87 9 137 28
chair 0.0364 155 0 210 59
chair 0.0361 475 54 500 157
chair 0.0360 473 125 500 150
chair 0.0356 298 208 500 329
chair 0.0353 310 124 395 161
chair 0.0352 234 0 288 70
chair 0.0349 213 36 270 132
chair 0.0349 226 110 308 270
chair 0.0349 201 0 239 21
chair 0.0345 0 46 53 106
chair 0.0345 282 1 322 56
chair 0.0342 62 0 107 19
chair 0.0340 394 104 463 153
chair 0.0339 2 321 75 374
chair 0.0339 469 0 500 147
chair 0.0339 202 149 344 305
chair 0.0338 325 7 353 38
chair 0.0335 313 188 456 290
chair 0.0330 245 169 375 278
chair 0.0330 244 112 292 200
chair 0.0328 95 0 168 46
chair 0.0326 440 112 500 146
chair 0.0324 1 314 188 372
chair 0.0321 418 296 500 375
chair 0.0318 254 207 320 275
chair 0.0317 238 21 439 148
chair 0.0315 265 319 403 375
chair 0.0314 333 149 389 188
chair 0.0313 457 355 500 374
chair 0.0311 253 60 356 156
chair 0.0310 0 331 24 374
chair 0.0308 325 97 401 149
chair 0.0307 436 74 487 144
chair 0.0307 475 132 500 163
chair 0.0306 211 220 328 332
chair 0.0306 289 80 355 163
chair 0.0304 222 86 272 177
chair 0.0302 338 52 398 146
chair 0.0300 0 95 72 133
chair 0.0298 339 141 479 199
chair 0.0297 65 332 268 375
chair 0.0294 147 256 266 375
chair 0.0293 462 126 500 223
chair 0.0290 401 168 496 216
chair 0.0289 372 106 435 155
chair 0.0288 316 6 352 54
chair 0.0283 0 121 25 187
chair 0.0282 71 12 100 37
chair 0.0281 321 129 398 218
chair 0.0280 109 215 370 355
chair 0.0280 153 0 189 21
chair 0.0277 336 141 414 195
chair 0.0277 157 0 197 36
chair 0.0276 280 98 366 194
chair 0.0274 352 69 417 152
chair 0.0273 0 104 51 130
chair 0.0273 257 35 315 149
chair 0.0272 2 26 66 87
chair 0.0271 366 120 473 168
chair 0.0271 230 0 304 21
chair 0.0271 193 5 219 40
chair 0.0271 0 0 68 245
chair 0.0270 422 110 478 179
chair 0.0270 76 8 119 32
chair 0.0269 231 250 321 372
chair 0.0269 0 0 93 106
chair 0.0265 0 210 28 375
chair 0.0264 194 109 297 214
chair 0.0262 205 289 356 354
chair 0.0261 1 131 20 173
chair 0.0260 232 76 261 104
chair 0.0260 471 334 500 375
chair 0.0258 105 0 192 66
chair 0.0258 55 17 147 51
chair 0.0258 37 278 131 375
chair 0.0258 0 334 126 374
chair 0.0257 78 240 245 375
chair 0.0253 194 12 238 54
chair 0.0252 117 2 157 25
chair 0.0252 141 18 229 60
chair 0.0252 83 17 217 62
chair 0.0251 173 0 213 45
chair 0.0250 390 182 499 237
chair 0.0249 472 161 500 232
chair 0.0248 112 3 141 35
chair 0.0246 203 189 285 311
chair 0.0246 211 7 237 42
chair 0.0245 251 141 385 195
chair 0.0245 465 156 500 197
chair 0.0245 123 0 146 23
chair 0.0244 281 111 384 157
chair 0.0244 266 105 308 194
chair 0.0244 437 129 493 156
chair 0.0241 222 57 265 117
chair 0.0241 0 24 127 198
chair 0.0241 372 144 429 193
chair 0.0241 459 15 499 75
chair 0.0239 202 6 228 41
chair 0.0239 463 114 485 142
chair 0.0239 244 74 274 104
chair 0.0238 217 2 244 37
chair 0.0238 0 54 98 121
chair 0.0238 347 28 416 106
chair 0.0237 280 15 331 142
chair 0.0236 296 106 337 165
chair 0.0236 86 5 140 52
chair 0.0235 0 127 60 375
chair 0.0234 1 56 37 120
chair 0.0234 393 14 463 112
chair 0.0234 393 133 469 185
chair 0.0233 151 192 264 348
chair 0.0233 0 78 35 152
chair 0.0233 301 326 344 375
chair 0.0231 478 37 500 104
chair 0.0229 441 141 499 168
chair 0.0225 404 112 451 176
chair 0.0224 0 106 31 223
chair 0.0223 448 127 499 148
chair 0.0223 309 110 362 162
chair 0.0223 360 141 431 249
chair 0.0219 416 155 500 270
chair 0.0219 299 7 326 59
chair 0.0219 207 16 301 81
chair 0.0218 299 355 351 375
chair 0.0218 125 0 168 34
chair 0.0216 33 340 206 374
chair 0.0215 91 0 122 21
chair 0.0215 437 37 493 102
chair 0.0213 387 40 500 101
chair 0.0212 347 44 395 98
chair 0.0212 35 12 173 74
chair 0.0210 444 15 498 48
chair 0.0210 276 106 329 193
chair 0.0210 0 87 36 289
chair 0.0209 285 150 485 375
chair 0.0209 223 0 295 41
chair 0.0207 0 54 40 91
chair 0.0206 287 336 456 375
chair 0.0206 415 102 446 155
chair 0.0206 37 8 102 54
chair 0.0205 203 70 305 132
chair 0.0205 272 239 316 300
chair 0.0204 162 78 315 262
chair 0.0203 244 128 299 244
chair 0.0202 192 280 303 373
chair 0.0202 254 219 302 294
chair 0.0201 65 4 108 46
chair 0.0200 229 142 288 202
chair 0.0200 248 78 291 146
chair 0.0200 223 62 295 100
chair 0.0200 229 77 270 133
diningtable 0.0237 219 346 364 375
diningtable 0.0210 0 242 454 375
person 0.8580 10 25 282 374
person 0.3480 2 0 68 63
person 0.2711 35 62 474 375
person 0.2381 283 292 353 362
person 0.2046 14 0 70 37
person 0.1985 0 1 55 119
person 0.1814 245 176 483 368
person 0.1801 296 309 345 355
person 0.1768 0 0 121 45
person 0.1593 40 0 95 37
person 0.1412 187 262 483 370
person 0.1411 192 0 248 100
person 0.1297 220 20 295 197
person 0.1282 0 0 49 43
person 0.1180 188 1 282 178
person 0.1145 218 272 377 370
person 0.1050 297 229 400 300
person 0.1035 274 268 369 348
person 0.1033 136 11 278 218
person 0.1022 285 229 316 273
person 0.0993 3 9 84 149
person 0.0976 265 203 395 365
person 0.0949 273 160 421 328
person 0.0942 194 113 350 371
person 0.0915 159 85 299 353
person 0.0893 165 218 379 373
person 0.0892 165 4 253 146
person 0.0861 74 270 371 373
person 0.0859 13 20 263 201
person 0.0854 247 301 360 373
person 0.0836 237 78 307 192
person 0.0812 179 336 278 374
person 0.0806 46 0 137 29
person 0.0784 330 189 406 288
person 0.0775 150 303 339 372
person 0.0773 4 6 162 106
person 0.0766 354 134 500 368
person 0.0746 254 284 450 364
person 0.0745 347 2 391 76
person 0.0717 181 0 374 226
person 0.0705 341 224 412 282
person 0.0693 278 237 387 331
person 0.0669 94 12 255 114
person 0.0653 283 305 422 372
person 0.0650 54 3 85 36
person 0.0627 0 0 25 33
person 0.0625 252 237 349 361
person 0.0623 0 15 45 70
person 0.0620 273 230 343 294
person 0.0603 332 0 378 71
person 0.0603 0 0 181 62
person 0.0587 266 178 334 291
person 0.0564 270 318 347 368
person 0.0559 348 233 391 288
person 0.0546 2 30 157 167
person 0.0541 283 5 324 68
person 0.0539 279 100 309 166
person 0.0532 288 179 387 293
person 0.0524 325 216 340 247
person 0.0516 6 64 162 366
person 0.0515 1 0 41 22
person 0.0510 195 0 248 34
person 0.0509 276 237 315 290
person 0.0501 25 0 68 22
person 0.0500 309 0 360 69
person 0.0495 433 99 489 142
person 0.0490 355 0 394 50
person 0.0474 258 208 322 309
person 0.0461 346 0 431 81
person 0.0461 262 259 444 338
person 0.0453 224 180 318 321
person 0.0452 108 200 299 375
person 0.0450 206 21 241 98
person 0.0445 214 96 314 294
person 0.0444 21 0 50 30
person 0.0442 35 3 66 38
person 0.0441 274 335 360 375
person 0.0441 317 231 399 275
person 0.0440 299 255 397 372
person 0.0439 84 0 300 285
person 0.0426 340 254 389 296
person 0.0420 301 312 333 344
person 0.0411 67 320 257 373
person 0.0400 265 198 435 283
person 0.0399 188 71 290 262
person 0.0399 368 221 486 361
person 0.0392 376 211 416 276
person 0.0389 335 12 356 38
person 0.0379 333 233 455 292
person 0.0378 314 240 469 349
person 0.0377 460 99 492 141
person 0.0370 292 303 358 342
person 0.0360 46 1 70 30
person 0.0352 285 202 346 282
person 0.0351 261 1 500 375
person 0.0351 182 261 303 373
person 0.0346 50 0 88 20
person 0.0345 0 2 101 80
person 0.0345 9 2 39 38
person 0.0344 269 87 302 163
person 0.0342 327 228 400 345
person 0.0341 283 231 359 273
person 0.0340 309 224 323 246
person 0.0340 306 200 367 283
person 0.0335 342 207 440 336
person 0.0333 0 10 105 237
person 0.0331 359 208 430 296
person 0.0330 289 252 384 295
person 0.0329 15 6 51 58
person 0.0325 319 217 348 273
person 0.0323 265 225 318 279
person 0.0323 387 99 431 154
person 0.0320 202 91 290 200
person 0.0319 310 232 360 292
person 0.0316 319 223 335 242
person 0.0315 288 213 322 266
person 0.0311 366 1 400 64
person 0.0310 328 0 385 38
person 0.0309 37 0 298 70
person 0.0307 329 225 365 274
person 0.0302 371 222 451 282
person 0.0298 141 2 239 96
person 0.0298 302 220 340 274
person 0.0297 301 221 326 260
person 0.0297 328 3 362 48
person 0.0292 257 223 377 287
person 0.0289 3 43 36 78
person 0.0286 157 52 420 281
person 0.0283 6 55 31 80
person 0.0281 289 227 332 282
person 0.0279 156 327 245 374
person 0.0278 185 172 289 326
person 0.0277 0 0 29 62
person 0.0271 343 12 363 41
person 0.0270 15 35 213 121
person 0.0270 270 248 348 317
person 0.0266 290 102 320 161
person 0.0264 301 0 433 149
person 0.0261 290 0 366 98
person 0.0257 282 301 334 348
person 0.0255 303 5 340 77
person 0.0255 190 0 272 22
person 0.0254 315 218 337 261
person 0.0254 134 21 236 168
person 0.0252 383 129 422 156
person 0.0252 363 0 401 35
person 0.0246 302 223 315 244
person 0.0240 357 1 439 39
person 0.0240 31 8 58 61
person 0.0230 407 100 443 155
person 0.0229 321 0 390 96
person 0.0228 341 9 365 59
person 0.0228 252 0 387 137
person 0.0225 174 16 226 97
person 0.0225 315 312 344 346
person 0.0225 1 24 24 62
person 0.0224 255 77 297 145
person 0.0224 1 53 36 101
person 0.0224 355 232 430 274
person 0.0223 220 30 251 100
person 0.0223 3 0 21 24
person 0.0221 375 6 397 45
person 0.0221 273 247 337 281
person 0.0219 365 0 452 19
person 0.0219 301 306 376 357
person 0.0219 305 267 395 302
person 0.0218 215 0 244 31
person 0.0217 174 303 258 375
person 0.0217 303 311 345 333
person 0.0216 29 0 408 168
person 0.0216 253 288 349 342
person 0.0216 217 0 251 62
person 0.0212 287 278 398 326
person 0.0211 32 0 103 59
person 0.0206 256 0 337 97
person 0.0204 287 290 362 323
person 0.0204 201 50 259 170
person 0.0203 388 210 412 241
person 0.0202 342 7 371 87
person 0.0201 351 6 378 59
person 0.0201 368 4 391 43
person 0.0201 187 0 229 29
pottedplant 0.0449 311 149 391 279
pottedplant 0.0264 253 139 500 375
pottedplant 0.0235 328 171 420 271
pottedplant 0.0217 271 186 409 271
sofa 0.0247 150 4 378 159
train 0.0271 210 0 498 182
tvmonitor 0.1111 285 4 328 80
tvmonitor 0.0850 356 0 491 117
tvmonitor 0.0554 393 0 500 77
tvmonitor 0.0527 476 97 500 140
tvmonitor 0.0501 316 5 353 35
tvmonitor 0.0411 357 1 434 68
tvmonitor 0.0354 286 2 347 40
tvmonitor 0.0347 287 7 324 47
tvmonitor 0.0340 284 0 357 68
tvmonitor 0.0337 235 0 296 35
tvmonitor 0.0331 347 0 497 50
tvmonitor 0.0298 427 4 497 51
tvmonitor 0.0285 239 1 304 59
tvmonitor 0.0277 213 0 326 69
tvmonitor 0.0268 303 0 366 47
tvmonitor 0.0259 300 3 328 41
tvmonitor 0.0246 466 97 496 125
tvmonitor 0.0235 368 1 464 38
tvmonitor 0.0234 313 10 337 38
tvmonitor 0.0228 307 9 323 43
tvmonitor 0.0225 0 125 44 179
tvmonitor 0.0211 252 4 330 51
tvmonitor 0.0209 461 82 500 133
tvmonitor 0.0200 407 0 500 19
