bottle 0.0201 43 80 126 121
cat 0.8816 43 78 451 263
cat 0.0529 30 81 129 223
cat 0.0465 49 82 261 259
cat 0.0323 42 77 173 180
cat 0.0315 148 85 444 182
cat 0.0306 310 69 466 268
cat 0.0262 60 79 233 147
cat 0.0248 52 190 235 258
cat 0.0234 0 90 500 375
cat 0.0233 148 126 487 273
cat 0.0229 270 185 451 260
cat 0.0224 48 98 162 245
cat 0.0220 55 79 341 186
cat 0.0208 23 136 138 249
chair 0.0285 67 0 149 120
chair 0.0272 44 19 478 285
chair 0.0244 124 0 210 112
chair 0.0233 259 0 339 119
chair 0.0232 34 7 129 133
chair 0.0226 156 0 241 111
chair 0.0217 230 0 306 114
chair 0.0211 194 0 274 110
diningtable 0.0292 0 80 500 289
diningtable 0.0221 0 189 469 358
person 0.0333 65 0 157 114
