bicycle 0.0210 74 10 262 73
bird 0.0315 0 6 336 333
bird 0.0308 327 254 365 299
boat 0.0215 351 166 386 182
car 0.8357 422 193 498 260
car 0.0834 466 193 499 211
car 0.0778 456 193 500 232
car 0.0773 476 193 500 219
car 0.0550 423 203 483 245
car 0.0529 467 189 499 204
car 0.0516 444 211 500 259
car 0.0498 478 198 500 234
car 0.0492 449 194 498 216
car 0.0473 479 189 499 209
car 0.0454 425 183 500 312
car 0.0439 422 189 498 227
car 0.0423 483 149 498 178
car 0.0405 422 207 461 237
car 0.0381 473 193 500 255
car 0.0330 345 165 385 176
car 0.0322 465 182 499 217
car 0.0316 429 129 500 262
car 0.0314 480 181 499 203
car 0.0300 424 230 499 264
car 0.0299 480 218 500 260
car 0.0288 454 194 490 207
car 0.0288 0 171 23 199
car 0.0284 433 204 471 219
car 0.0277 12 4 62 52
car 0.0276 337 165 389 183
car 0.0270 447 186 500 207
car 0.0266 432 206 464 226
car 0.0263 6 0 94 96
car 0.0262 446 201 488 218
car 0.0258 444 199 482 212
car 0.0257 384 175 492 266
car 0.0254 335 163 364 177
car 0.0249 434 202 491 225
car 0.0246 468 176 495 206
car 0.0243 471 183 494 199
car 0.0240 444 182 498 244
car 0.0215 458 241 500 260
car 0.0212 467 168 491 181
car 0.0209 471 161 491 178
car 0.0204 423 179 496 210
cow 0.0310 379 319 422 333
dog 0.0204 325 248 366 299
person 0.0866 468 168 478 186
person 0.0636 332 161 347 182
person 0.0456 330 161 341 188
person 0.0450 468 173 479 193
person 0.0419 337 161 353 180
person 0.0354 466 174 473 187
person 0.0348 196 140 215 174
person 0.0348 471 165 487 185
person 0.0343 474 161 488 180
person 0.0337 340 158 354 175
person 0.0319 464 163 482 190
person 0.0314 328 155 350 184
person 0.0304 469 161 480 178
person 0.0294 331 163 340 176
person 0.0294 1 27 44 99
person 0.0289 471 174 488 196
person 0.0272 473 182 491 201
person 0.0270 469 183 480 198
person 0.0267 75 149 91 183
person 0.0256 2 63 98 207
person 0.0254 350 158 362 172
person 0.0243 9 26 129 174
person 0.0233 471 166 483 179
person 0.0231 159 132 175 172
person 0.0226 10 17 62 74
person 0.0223 2 97 15 136
person 0.0222 347 162 362 178
person 0.0221 343 164 372 177
person 0.0220 467 158 492 190
person 0.0220 119 119 129 148
person 0.0219 265 138 286 171
person 0.0218 156 145 167 173
person 0.0215 435 207 462 230
person 0.0212 114 145 128 177
person 0.0212 467 169 492 201
person 0.0212 121 121 133 143
person 0.0211 331 161 363 184
person 0.0209 322 165 331 183
person 0.0206 0 0 19 36
person 0.0202 29 59 43 95
person 0.0202 34 61 50 99
pottedplant 0.0248 374 318 420 333
train 0.8742 10 22 329 215
train 0.0767 5 19 168 205
train 0.0758 3 23 92 176
train 0.0579 0 38 500 333
train 0.0548 321 134 370 170
train 0.0477 43 98 329 196
train 0.0457 169 121 329 178
train 0.0416 351 146 364 165
train 0.0404 326 143 355 175
train 0.0382 334 142 371 166
train 0.0344 326 123 356 161
train 0.0330 331 151 350 171
train 0.0306 339 164 380 176
train 0.0303 335 151 360 167
train 0.0292 121 48 337 189
train 0.0290 253 135 322 173
train 0.0281 323 148 387 179
train 0.0280 0 0 500 176
train 0.0275 0 15 108 106
train 0.0265 329 161 391 182
train 0.0259 10 29 266 125
train 0.0255 354 151 367 165
train 0.0245 343 152 372 164
train 0.0244 0 21 52 163
train 0.0241 344 148 378 170
train 0.0240 337 158 358 172
train 0.0240 341 128 367 163
train 0.0230 329 122 349 151
train 0.0227 348 131 365 157
train 0.0226 325 145 362 163
train 0.0224 247 127 377 175
train 0.0213 342 155 383 174
train 0.0212 326 154 373 172
train 0.0208 342 159 376 169
