bird 0.0308 260 115 297 148
bird 0.0249 104 74 156 133
bird 0.0246 192 275 227 352
bird 0.0245 261 115 302 175
bottle 0.0249 106 72 137 124
bottle 0.0215 107 74 123 117
cow 0.7735 123 67 323 344
cow 0.1887 196 95 318 317
cow 0.0926 110 69 259 244
cow 0.0841 147 186 314 351
cow 0.0816 123 113 250 328
cow 0.0655 245 154 311 308
cow 0.0614 232 117 308 246
cow 0.0555 296 176 325 218
cow 0.0500 18 54 405 367
cow 0.0493 170 68 319 208
cow 0.0386 211 114 303 199
cow 0.0376 259 116 309 213
cow 0.0351 100 76 193 214
cow 0.0333 138 246 257 349
cow 0.0283 257 160 341 286
cow 0.0275 229 178 296 323
cow 0.0274 248 117 304 174
cow 0.0265 39 72 175 346
cow 0.0242 130 172 218 331
cow 0.0237 114 71 296 162
cow 0.0233 184 246 237 353
cow 0.0230 250 121 337 228
cow 0.0228 124 119 210 271
cow 0.0221 289 160 324 226
cow 0.0215 79 75 157 215
cow 0.0212 207 196 279 329
cow 0.0211 195 242 331 343
cow 0.0207 249 215 350 319
horse 0.0528 61 44 315 375
horse 0.0312 125 77 467 352
person 0.0455 238 256 265 320
person 0.0398 245 261 262 307
person 0.0383 192 266 225 353
person 0.0382 46 32 327 364
person 0.0338 261 268 280 304
person 0.0322 249 259 271 306
person 0.0281 256 239 284 303
person 0.0239 484 118 498 141
person 0.0226 1 2 20 46
person 0.0207 115 21 454 369
pottedplant 0.0220 213 117 274 153
pottedplant 0.0218 14 49 149 333
