bottle 0.0882 35 321 229 375
bottle 0.0341 58 323 152 371
bottle 0.0293 49 348 150 374
bottle 0.0267 99 322 193 372
bottle 0.0228 82 350 183 374
bottle 0.0220 53 358 117 374
bottle 0.0206 38 359 95 374
bottle 0.0205 2 334 172 373
diningtable 0.0228 35 332 224 375
person 0.0741 296 98 347 189
person 0.0557 313 117 352 187
person 0.0483 263 94 316 190
person 0.0479 285 106 326 184
person 0.0453 303 83 396 196
person 0.0444 311 129 340 178
person 0.0374 300 115 333 177
person 0.0373 326 113 372 186
person 0.0346 252 104 296 186
person 0.0319 239 114 280 192
person 0.0307 346 111 395 189
person 0.0295 306 134 327 176
person 0.0293 266 118 302 179
person 0.0290 162 94 252 217
person 0.0264 229 86 299 203
person 0.0262 354 88 409 197
person 0.0257 297 131 323 181
person 0.0252 276 100 372 195
person 0.0240 225 117 266 195
person 0.0223 289 127 314 179
person 0.0212 173 115 217 199
person 0.0210 320 143 342 180
person 0.0206 239 138 269 185
person 0.0200 278 133 305 181
tvmonitor 0.9112 132 42 442 319
tvmonitor 0.0861 231 45 443 233
tvmonitor 0.0762 34 10 360 359
tvmonitor 0.0730 23 319 242 371
tvmonitor 0.0685 141 63 299 306
tvmonitor 0.0627 258 0 451 62
tvmonitor 0.0604 133 74 267 214
tvmonitor 0.0583 139 251 310 318
tvmonitor 0.0553 1 268 284 369
tvmonitor 0.0539 307 59 447 207
tvmonitor 0.0539 157 251 408 330
tvmonitor 0.0446 138 55 400 212
tvmonitor 0.0440 347 18 465 249
tvmonitor 0.0437 133 203 431 314
tvmonitor 0.0424 92 262 437 360
tvmonitor 0.0424 89 254 262 328
tvmonitor 0.0353 216 230 472 364
tvmonitor 0.0345 380 51 461 214
tvmonitor 0.0343 56 286 264 354
tvmonitor 0.0326 287 8 462 104
tvmonitor 0.0304 24 293 409 375
tvmonitor 0.0302 232 227 405 298
tvmonitor 0.0295 165 228 344 300
tvmonitor 0.0289 112 316 215 367
tvmonitor 0.0284 60 249 215 347
tvmonitor 0.0283 53 354 162 375
tvmonitor 0.0276 242 18 428 82
tvmonitor 0.0270 238 120 418 289
tvmonitor 0.0268 255 258 445 333
tvmonitor 0.0266 136 196 267 304
tvmonitor 0.0262 123 281 328 347
tvmonitor 0.0261 91 215 314 353
tvmonitor 0.0252 350 0 466 74
tvmonitor 0.0251 183 33 457 152
tvmonitor 0.0251 324 41 453 136
tvmonitor 0.0245 127 228 242 320
tvmonitor 0.0244 342 99 438 269
tvmonitor 0.0240 272 13 467 187
tvmonitor 0.0227 62 318 174 369
tvmonitor 0.0220 96 303 271 375
tvmonitor 0.0217 8 7 197 351
tvmonitor 0.0217 325 201 452 291
tvmonitor 0.0211 268 75 404 191
tvmonitor 0.0209 124 0 445 73
tvmonitor 0.0204 246 50 424 113
tvmonitor 0.0203 438 0 494 134
tvmonitor 0.0201 314 61 458 352
tvmonitor 0.0201 125 54 232 168
tvmonitor 0.0201 269 245 367 296
tvmonitor 0.0201 243 0 417 38
