aeroplane 0.0277 14 2 485 245
aeroplane 0.0233 77 103 334 233
bird 0.5352 189 71 239 150
bird 0.3049 184 130 246 257
bird 0.1825 200 72 230 132
bird 0.1254 189 178 237 256
bird 0.0685 203 71 227 105
bird 0.0622 191 76 271 166
bird 0.0579 205 93 237 149
bird 0.0577 134 172 235 256
bird 0.0532 161 70 248 135
bird 0.0491 179 69 245 111
bird 0.0483 16 56 192 285
bird 0.0472 198 229 230 254
bird 0.0467 210 73 241 123
bird 0.0465 186 78 216 135
bird 0.0450 129 146 193 242
bird 0.0445 189 218 233 255
bird 0.0431 61 13 480 228
bird 0.0407 53 83 294 256
bird 0.0390 126 184 172 246
bird 0.0362 185 193 217 254
bird 0.0352 189 80 211 115
bird 0.0336 197 76 222 115
bird 0.0334 189 220 210 254
bird 0.0324 54 191 74 218
bird 0.0324 52 190 170 248
bird 0.0321 103 178 195 252
bird 0.0317 157 184 199 252
bird 0.0316 199 71 232 90
bird 0.0314 219 74 240 110
bird 0.0313 188 77 217 102
bird 0.0306 147 71 238 174
bird 0.0306 144 111 263 312
bird 0.0300 184 96 259 143
bird 0.0293 106 25 279 202
bird 0.0291 230 79 247 113
bird 0.0284 216 106 240 144
bird 0.0278 135 187 176 217
bird 0.0278 187 139 250 179
bird 0.0273 183 85 205 140
bird 0.0270 167 188 184 216
bird 0.0266 147 186 174 206
bird 0.0264 185 90 201 122
bird 0.0262 143 79 380 236
bird 0.0255 189 93 225 147
bird 0.0252 51 0 398 124
bird 0.0250 158 188 180 205
bird 0.0246 232 26 500 201
bird 0.0246 194 164 265 262
bird 0.0244 202 71 257 138
bird 0.0242 211 138 235 171
bird 0.0239 176 187 206 253
bird 0.0236 201 70 252 102
bird 0.0235 195 219 218 253
bird 0.0230 188 79 232 108
bird 0.0223 210 72 243 88
bird 0.0218 139 189 188 252
bird 0.0211 183 213 202 252
bird 0.0208 130 182 190 211
bird 0.0203 227 75 250 97
bird 0.0202 238 78 254 104
bird 0.0201 219 85 241 129
bird 0.0200 165 187 188 228
person 0.0228 39 11 154 142
person 0.0206 0 0 252 375
person 0.0204 0 0 490 329
sheep 0.6148 418 86 492 184
sheep 0.6075 448 152 500 241
sheep 0.5770 123 118 189 191
sheep 0.5755 232 113 346 184
sheep 0.5058 21 101 81 144
sheep 0.3837 432 95 497 233
sheep 0.3815 158 87 244 207
sheep 0.3344 183 129 248 257
sheep 0.3324 125 107 231 197
sheep 0.2353 409 136 437 176
sheep 0.2330 186 103 291 195
sheep 0.2320 233 138 262 189
sheep 0.2094 477 84 500 142
sheep 0.1800 453 150 500 200
sheep 0.1736 10 101 82 181
sheep 0.1725 280 129 349 182
sheep 0.1685 310 136 351 182
sheep 0.1550 142 120 260 251
sheep 0.1519 179 124 250 188
sheep 0.1480 164 110 310 235
sheep 0.1475 195 74 257 191
sheep 0.1264 213 132 263 203
sheep 0.1232 435 83 496 144
sheep 0.1226 440 133 488 210
sheep 0.1186 414 118 477 181
sheep 0.1163 462 81 500 124
sheep 0.1130 121 83 279 219
sheep 0.1103 275 147 330 185
sheep 0.1073 155 90 342 183
sheep 0.1034 436 128 488 170
sheep 0.1028 460 129 500 168
sheep 0.0936 457 73 500 166
sheep 0.0932 201 187 239 255
sheep 0.0909 323 137 350 169
sheep 0.0892 23 101 68 130
sheep 0.0857 298 142 334 183
sheep 0.0856 231 122 287 191
sheep 0.0853 410 126 449 186
sheep 0.0827 475 104 500 158
sheep 0.0808 419 139 500 180
sheep 0.0797 175 73 233 175
sheep 0.0784 404 138 420 171
sheep 0.0781 224 108 353 234
sheep 0.0776 460 147 499 178
sheep 0.0774 170 125 227 214
sheep 0.0759 209 99 331 164
sheep 0.0752 447 103 495 184
sheep 0.0750 400 124 431 180
sheep 0.0745 203 119 273 183
sheep 0.0745 446 156 488 189
sheep 0.0745 7 107 99 223
sheep 0.0734 201 90 239 151
sheep 0.0732 473 130 500 158
sheep 0.0722 51 194 97 245
sheep 0.0713 266 112 432 193
sheep 0.0712 467 102 500 202
sheep 0.0699 194 136 251 177
sheep 0.0673 67 114 181 190
sheep 0.0665 127 120 184 158
sheep 0.0645 428 133 467 188
sheep 0.0634 44 115 84 188
sheep 0.0632 105 101 209 233
sheep 0.0613 229 142 254 180
sheep 0.0604 263 115 352 158
sheep 0.0599 409 143 500 216
sheep 0.0594 420 140 442 176
sheep 0.0589 452 195 500 242
sheep 0.0585 444 160 471 186
sheep 0.0561 302 125 351 169
sheep 0.0557 27 109 148 192
sheep 0.0553 46 105 82 150
sheep 0.0553 236 149 312 188
sheep 0.0548 183 87 221 150
sheep 0.0547 380 61 492 178
sheep 0.0541 32 101 80 121
sheep 0.0537 236 148 256 195
sheep 0.0534 144 135 259 197
sheep 0.0527 323 147 352 180
sheep 0.0526 421 90 486 131
sheep 0.0524 427 105 484 167
sheep 0.0510 458 166 500 213
sheep 0.0509 351 86 461 178
sheep 0.0508 38 110 194 231
sheep 0.0506 465 82 497 105
sheep 0.0501 191 215 235 254
sheep 0.0500 458 145 495 165
sheep 0.0487 276 153 310 189
sheep 0.0478 130 129 205 213
sheep 0.0477 460 133 486 163
sheep 0.0474 10 82 94 140
sheep 0.0468 18 114 90 158
sheep 0.0467 432 167 457 189
sheep 0.0466 393 101 443 177
sheep 0.0465 478 80 500 116
sheep 0.0465 439 147 477 194
sheep 0.0457 216 136 259 174
sheep 0.0457 0 99 102 318
sheep 0.0449 21 142 136 247
sheep 0.0448 203 135 241 151
sheep 0.0447 290 149 353 185
sheep 0.0445 294 92 406 177
sheep 0.0444 413 89 463 165
sheep 0.0439 406 139 457 173
sheep 0.0439 243 109 310 173
sheep 0.0438 127 162 236 256
sheep 0.0435 135 69 258 158
sheep 0.0432 403 115 477 225
sheep 0.0428 218 79 385 191
sheep 0.0427 27 99 110 170
sheep 0.0427 430 83 498 114
sheep 0.0426 59 113 83 149
sheep 0.0421 411 175 500 245
sheep 0.0419 445 144 488 178
sheep 0.0419 433 28 500 197
sheep 0.0417 247 138 337 193
sheep 0.0417 126 185 175 225
sheep 0.0416 53 191 76 224
sheep 0.0416 123 123 161 183
sheep 0.0415 236 147 276 198
sheep 0.0415 449 161 483 208
sheep 0.0408 115 115 170 164
sheep 0.0407 125 173 198 241
sheep 0.0406 450 152 489 171
sheep 0.0404 396 142 411 168
sheep 0.0403 398 143 438 187
sheep 0.0399 294 155 325 183
sheep 0.0397 3 94 52 136
sheep 0.0392 328 107 481 197
sheep 0.0387 435 156 466 182
sheep 0.0386 202 161 259 259
sheep 0.0385 204 230 234 255
sheep 0.0385 388 86 500 147
sheep 0.0384 311 148 336 182
sheep 0.0383 238 136 265 170
sheep 0.0380 242 174 267 197
sheep 0.0380 217 133 282 249
sheep 0.0379 43 117 283 289
sheep 0.0378 377 139 500 249
sheep 0.0377 30 122 86 151
sheep 0.0377 0 240 49 375
sheep 0.0373 103 50 186 185
sheep 0.0366 13 128 66 207
sheep 0.0366 182 139 215 196
sheep 0.0366 55 104 139 165
sheep 0.0365 259 148 297 199
sheep 0.0365 452 156 477 184
sheep 0.0363 406 154 457 198
sheep 0.0363 209 129 307 212
sheep 0.0363 192 143 331 263
sheep 0.0362 312 162 352 182
sheep 0.0362 250 181 274 199
sheep 0.0362 166 73 314 155
sheep 0.0359 473 150 500 220
sheep 0.0359 73 135 129 184
sheep 0.0358 48 192 135 247
sheep 0.0358 317 134 349 158
sheep 0.0356 443 194 458 227
sheep 0.0354 9 93 155 271
sheep 0.0351 307 141 343 171
sheep 0.0350 476 150 500 187
sheep 0.0350 135 182 174 197
sheep 0.0349 226 140 261 236
sheep 0.0347 273 65 359 176
sheep 0.0347 246 119 468 231
sheep 0.0347 0 0 487 375
sheep 0.0346 264 176 277 197
sheep 0.0346 454 222 495 241
sheep 0.0345 35 135 76 214
sheep 0.0345 269 174 284 197
sheep 0.0345 19 137 93 175
sheep 0.0344 45 132 92 221
sheep 0.0343 262 182 281 198
sheep 0.0343 122 151 198 196
sheep 0.0342 241 115 332 147
sheep 0.0342 45 90 210 184
sheep 0.0341 419 159 492 194
sheep 0.0339 269 182 289 198
sheep 0.0339 166 119 225 175
sheep 0.0336 240 172 254 205
sheep 0.0334 6 100 58 159
sheep 0.0334 42 102 75 135
sheep 0.0334 410 155 440 184
sheep 0.0328 451 141 484 167
sheep 0.0328 218 141 248 184
sheep 0.0325 59 129 101 191
sheep 0.0325 443 150 473 175
sheep 0.0325 62 126 83 156
sheep 0.0325 255 67 470 194
sheep 0.0322 51 139 79 181
sheep 0.0319 430 149 452 185
sheep 0.0318 21 184 122 320
sheep 0.0315 355 136 372 161
sheep 0.0314 238 122 270 180
sheep 0.0314 22 165 202 269
sheep 0.0314 377 135 425 179
sheep 0.0313 190 124 241 161
sheep 0.0313 0 103 64 248
sheep 0.0310 271 183 305 198
sheep 0.0308 424 170 448 188
sheep 0.0306 425 155 442 186
sheep 0.0306 4 203 96 369
sheep 0.0305 176 110 253 153
sheep 0.0303 271 159 350 193
sheep 0.0299 53 194 94 213
sheep 0.0299 134 188 174 204
sheep 0.0297 257 152 282 195
sheep 0.0296 390 139 422 168
sheep 0.0296 95 120 151 171
sheep 0.0294 343 132 466 219
sheep 0.0292 178 162 219 254
sheep 0.0292 450 175 483 229
sheep 0.0292 267 159 286 191
sheep 0.0291 86 35 234 207
sheep 0.0291 429 167 470 237
sheep 0.0290 211 101 245 160
sheep 0.0290 49 128 87 148
sheep 0.0290 219 189 251 251
sheep 0.0290 14 65 118 202
sheep 0.0288 136 121 182 143
sheep 0.0288 238 165 266 206
sheep 0.0288 3 165 113 269
sheep 0.0286 58 104 83 127
sheep 0.0284 138 115 202 170
sheep 0.0284 213 136 245 162
sheep 0.0283 207 129 239 167
sheep 0.0281 253 167 270 195
sheep 0.0281 417 125 436 165
sheep 0.0281 407 146 430 185
sheep 0.0281 51 118 106 171
sheep 0.0280 211 127 242 148
sheep 0.0278 483 90 500 127
sheep 0.0278 61 39 157 171
sheep 0.0277 277 178 314 193
sheep 0.0277 125 147 171 215
sheep 0.0275 4 152 147 375
sheep 0.0274 59 188 236 258
sheep 0.0273 140 176 179 194
sheep 0.0273 167 136 201 195
sheep 0.0271 247 143 270 184
sheep 0.0269 0 259 38 335
sheep 0.0267 209 109 236 148
sheep 0.0267 424 140 477 168
sheep 0.0266 469 95 497 128
sheep 0.0266 124 131 148 169
sheep 0.0266 413 168 439 188
sheep 0.0265 82 134 161 196
sheep 0.0264 19 101 47 127
sheep 0.0263 315 145 370 187
sheep 0.0263 443 184 476 241
sheep 0.0261 458 90 490 136
sheep 0.0261 242 183 268 206
sheep 0.0259 270 167 315 197
sheep 0.0259 451 84 487 98
sheep 0.0259 292 137 345 164
sheep 0.0257 0 70 64 173
sheep 0.0257 331 138 354 162
sheep 0.0257 123 141 149 189
sheep 0.0257 389 145 403 167
sheep 0.0257 183 100 206 146
sheep 0.0255 68 98 129 147
sheep 0.0254 301 155 346 179
sheep 0.0254 135 190 169 216
sheep 0.0253 461 87 487 119
sheep 0.0253 167 182 291 257
sheep 0.0253 31 96 108 132
sheep 0.0253 272 175 298 196
sheep 0.0251 468 173 500 235
sheep 0.0251 191 141 239 199
sheep 0.0250 4 123 46 198
sheep 0.0250 418 153 473 181
sheep 0.0249 128 163 193 212
sheep 0.0248 444 88 487 107
sheep 0.0248 151 123 193 188
sheep 0.0247 216 136 257 151
sheep 0.0246 234 166 276 242
sheep 0.0245 404 160 464 239
sheep 0.0245 260 124 328 178
sheep 0.0245 53 195 103 223
sheep 0.0244 435 162 463 198
sheep 0.0243 38 133 82 152
sheep 0.0242 260 187 282 204
sheep 0.0242 156 184 179 199
sheep 0.0241 449 164 469 197
sheep 0.0241 76 171 187 247
sheep 0.0241 298 167 323 187
sheep 0.0239 239 138 302 176
sheep 0.0239 94 143 142 193
sheep 0.0237 300 170 338 185
sheep 0.0237 287 149 314 181
sheep 0.0236 459 227 490 244
sheep 0.0236 305 154 360 194
sheep 0.0235 262 169 282 192
sheep 0.0235 403 144 433 165
sheep 0.0235 1 95 19 137
sheep 0.0235 265 188 297 202
sheep 0.0234 238 162 305 197
sheep 0.0232 30 14 198 213
sheep 0.0232 190 140 223 185
sheep 0.0231 39 189 78 245
sheep 0.0230 2 223 43 312
train 0.0365 46 102 304 244
train 0.0263 0 53 500 375
train 0.0227 22 12 453 164
train 0.0209 3 222 96 368
