bird 0.0214 281 0 333 57
boat 0.0260 132 354 334 445
boat 0.0245 113 2 219 55
bottle 0.1593 139 193 219 276
bottle 0.0691 156 193 221 245
bottle 0.0501 141 296 198 328
bottle 0.0464 187 190 221 235
bottle 0.0462 197 192 219 222
bottle 0.0439 144 194 209 227
bottle 0.0437 130 293 274 435
bottle 0.0436 177 201 222 260
bottle 0.0385 149 227 212 278
bottle 0.0371 137 399 259 447
bottle 0.0358 173 193 216 223
bottle 0.0311 157 195 191 217
bottle 0.0308 167 298 193 323
bottle 0.0307 84 285 229 429
bottle 0.0298 107 339 335 447
bottle 0.0297 162 394 238 439
bottle 0.0296 133 379 308 444
bottle 0.0286 135 27 163 49
bottle 0.0278 123 243 237 406
bottle 0.0275 142 195 183 269
bottle 0.0265 194 194 212 230
bottle 0.0265 190 215 241 273
bottle 0.0265 127 15 173 48
bottle 0.0256 226 302 240 331
bottle 0.0255 168 195 202 216
bottle 0.0253 199 200 222 233
bottle 0.0246 174 190 245 245
bottle 0.0245 162 199 196 222
bottle 0.0244 30 373 205 444
bottle 0.0244 137 200 189 235
bottle 0.0240 180 198 205 225
bottle 0.0240 189 309 307 438
bottle 0.0240 183 422 250 447
bottle 0.0235 156 305 236 447
bottle 0.0235 198 301 215 332
bottle 0.0234 135 283 217 325
bottle 0.0230 179 206 215 239
bottle 0.0228 187 225 284 278
bottle 0.0220 191 192 230 254
bottle 0.0218 210 200 224 235
bottle 0.0210 193 189 213 213
bottle 0.0210 195 207 219 241
bottle 0.0209 181 406 263 445
bottle 0.0209 186 220 217 271
bottle 0.0206 206 191 223 227
bottle 0.0205 182 187 219 215
bottle 0.0204 182 301 199 322
bottle 0.0200 129 285 201 430
car 0.1233 1 8 102 291
car 0.0384 2 95 75 288
car 0.0292 0 176 101 285
car 0.0212 321 247 334 284
chair 0.1193 2 22 124 327
chair 0.1026 0 165 334 447
chair 0.0983 13 276 304 437
chair 0.0939 0 65 185 401
chair 0.0861 0 109 101 439
chair 0.0655 29 5 232 241
chair 0.0619 15 111 201 278
chair 0.0611 143 286 334 444
chair 0.0564 2 152 260 353
chair 0.0543 0 9 80 270
chair 0.0504 2 222 157 442
chair 0.0502 119 12 318 238
chair 0.0473 1 118 96 289
chair 0.0457 1 5 139 189
chair 0.0452 37 31 143 264
chair 0.0434 215 213 333 447
chair 0.0419 3 232 63 447
chair 0.0325 202 19 331 261
chair 0.0323 87 118 159 256
chair 0.0317 273 275 333 444
chair 0.0315 16 227 245 390
chair 0.0314 2 142 65 355
chair 0.0312 58 145 141 263
chair 0.0311 10 167 143 285
chair 0.0298 0 285 35 447
chair 0.0291 108 0 216 47
chair 0.0291 0 19 72 151
chair 0.0289 185 363 332 443
chair 0.0273 0 368 127 446
chair 0.0267 45 192 162 275
chair 0.0262 0 350 234 447
chair 0.0260 0 302 101 443
chair 0.0256 6 187 127 345
chair 0.0252 260 47 335 280
chair 0.0250 44 210 229 308
chair 0.0236 181 220 300 280
chair 0.0235 2 228 96 373
chair 0.0228 0 215 106 300
chair 0.0225 46 178 189 422
chair 0.0202 0 150 38 447
diningtable 0.0403 0 215 320 447
diningtable 0.0231 58 278 247 390
dog 0.0438 0 22 56 112
dog 0.0257 281 0 333 47
dog 0.0205 4 60 65 111
dog 0.0205 0 48 40 115
person 0.5468 129 113 307 277
person 0.5003 78 107 325 402
person 0.3639 130 140 232 275
person 0.3273 0 0 283 424
person 0.3204 33 42 317 288
person 0.2519 137 193 220 275
person 0.2149 143 194 290 279
person 0.1640 3 0 183 310
person 0.1367 0 0 148 173
person 0.1363 101 29 221 267
person 0.1277 205 92 323 283
person 0.1184 37 266 321 437
person 0.1067 186 129 265 284
person 0.1002 0 2 65 109
person 0.0976 73 112 248 270
person 0.0939 81 178 242 284
person 0.0859 42 64 198 269
person 0.0834 66 183 223 447
person 0.0809 100 155 190 268
person 0.0751 217 182 327 281
person 0.0675 1 3 99 76
person 0.0673 182 120 307 367
person 0.0667 0 0 91 288
person 0.0664 256 150 313 281
person 0.0662 127 394 253 447
person 0.0632 0 1 53 61
person 0.0630 139 104 259 212
person 0.0621 81 33 158 263
person 0.0598 15 1 158 97
person 0.0595 99 61 299 226
person 0.0578 143 183 219 240
person 0.0567 49 0 217 170
person 0.0560 181 105 302 219
person 0.0554 0 0 53 24
person 0.0546 168 207 330 445
person 0.0542 113 217 287 427
person 0.0491 94 132 141 266
person 0.0483 2 12 67 186
person 0.0467 140 147 255 353
person 0.0421 186 197 242 268
person 0.0419 191 211 268 277
person 0.0408 280 131 332 284
person 0.0378 70 0 203 80
person 0.0366 0 0 31 50
person 0.0352 36 0 316 119
person 0.0342 0 13 36 110
person 0.0341 246 18 335 278
person 0.0324 123 91 200 253
person 0.0322 156 163 234 251
person 0.0320 145 128 222 230
person 0.0312 77 0 149 133
person 0.0310 264 206 323 281
person 0.0306 130 184 192 258
person 0.0300 85 177 163 275
person 0.0299 72 379 241 446
person 0.0297 0 1 22 30
person 0.0293 93 0 176 173
person 0.0290 20 354 289 447
person 0.0285 209 149 303 266
person 0.0284 0 35 114 108
person 0.0277 33 224 250 378
person 0.0277 156 173 334 296
person 0.0274 280 0 333 59
person 0.0272 85 309 277 434
person 0.0269 76 2 141 75
person 0.0264 309 193 334 284
person 0.0249 174 115 232 235
person 0.0246 247 146 335 417
person 0.0245 226 228 317 281
person 0.0241 0 4 16 46
person 0.0238 2 2 79 44
person 0.0235 106 6 243 142
person 0.0232 294 203 328 283
person 0.0226 160 391 222 442
person 0.0225 97 96 178 242
person 0.0218 138 159 211 221
person 0.0217 172 64 267 237
person 0.0211 170 26 313 257
person 0.0208 55 133 178 392
person 0.0204 266 176 305 269
person 0.0202 106 1 188 55
person 0.0202 161 89 279 175
pottedplant 0.0481 262 427 288 446
sofa 0.3867 0 27 333 424
sofa 0.1680 5 0 234 312
sofa 0.1575 1 1 110 297
sofa 0.0782 36 11 307 213
sofa 0.0522 0 5 148 181
tvmonitor 0.0431 142 295 198 329
tvmonitor 0.0219 143 277 322 409
