boat 0.0371 34 32 500 346
bottle 0.2624 423 343 486 375
bottle 0.1955 48 308 215 374
bottle 0.1783 419 317 493 375
bottle 0.1362 24 301 325 375
bottle 0.1142 270 321 443 375
bottle 0.0899 441 283 497 374
bottle 0.0782 0 60 51 224
bottle 0.0765 448 346 479 375
bottle 0.0761 419 347 457 374
bottle 0.0745 0 348 77 375
bottle 0.0738 434 343 465 373
bottle 0.0717 454 348 499 375
bottle 0.0679 0 295 68 375
bottle 0.0679 332 330 488 375
bottle 0.0668 442 333 499 374
bottle 0.0626 52 301 135 367
bottle 0.0600 56 299 184 353
bottle 0.0576 5 312 157 373
bottle 0.0574 462 313 500 374
bottle 0.0573 0 125 56 275
bottle 0.0564 405 317 463 375
bottle 0.0552 419 337 472 367
bottle 0.0547 459 343 484 373
bottle 0.0539 417 262 491 370
bottle 0.0531 17 354 69 374
bottle 0.0520 288 0 317 43
bottle 0.0516 435 330 481 365
bottle 0.0508 0 92 40 164
bottle 0.0505 39 251 231 331
bottle 0.0488 0 151 36 212
bottle 0.0484 45 273 168 373
bottle 0.0482 0 330 94 375
bottle 0.0476 422 333 447 368
bottle 0.0476 477 304 500 368
bottle 0.0471 31 231 126 359
bottle 0.0440 0 70 37 140
bottle 0.0424 415 345 440 375
bottle 0.0415 73 325 194 370
bottle 0.0397 466 340 493 374
bottle 0.0397 44 337 134 374
bottle 0.0390 444 338 468 369
bottle 0.0377 363 323 435 370
bottle 0.0377 394 338 452 375
bottle 0.0375 40 323 107 372
bottle 0.0374 391 299 438 366
bottle 0.0372 0 21 45 160
bottle 0.0372 150 311 281 375
bottle 0.0370 63 0 144 131
bottle 0.0369 441 341 485 359
bottle 0.0365 44 355 91 375
bottle 0.0362 132 248 272 337
bottle 0.0361 383 280 475 375
bottle 0.0357 443 333 473 356
bottle 0.0343 71 348 168 374
bottle 0.0342 21 285 114 375
bottle 0.0341 425 332 454 355
bottle 0.0337 0 345 43 371
bottle 0.0334 31 349 55 375
bottle 0.0333 0 97 25 134
bottle 0.0328 373 338 429 375
bottle 0.0325 406 344 432 375
bottle 0.0324 303 310 418 366
bottle 0.0321 314 335 433 373
bottle 0.0319 265 0 347 59
bottle 0.0304 271 209 334 343
bottle 0.0304 7 51 61 172
bottle 0.0299 454 325 488 368
bottle 0.0295 61 357 117 375
bottle 0.0293 371 359 419 375
bottle 0.0291 397 345 424 375
bottle 0.0287 92 303 191 339
bottle 0.0287 68 288 190 333
bottle 0.0283 0 161 24 205
bottle 0.0283 52 288 119 335
bottle 0.0282 121 316 223 374
bottle 0.0280 440 336 460 360
bottle 0.0278 100 358 157 374
bottle 0.0275 243 0 308 117
bottle 0.0275 48 330 85 375
bottle 0.0275 406 279 450 363
bottle 0.0272 332 280 445 375
bottle 0.0270 397 356 440 375
bottle 0.0266 424 288 471 368
bottle 0.0261 6 145 58 224
bottle 0.0256 100 0 165 109
bottle 0.0255 392 252 445 355
bottle 0.0250 87 314 148 375
bottle 0.0250 388 314 480 361
bottle 0.0250 469 324 494 362
bottle 0.0249 463 336 483 361
bottle 0.0246 431 0 497 120
bottle 0.0244 63 321 136 350
bottle 0.0243 12 101 58 190
bottle 0.0242 252 0 341 155
bottle 0.0239 460 362 500 375
bottle 0.0237 18 332 67 375
bottle 0.0237 0 115 43 189
bottle 0.0236 470 353 500 375
bottle 0.0236 380 346 410 375
bottle 0.0235 79 321 176 349
bottle 0.0234 283 354 377 375
bottle 0.0232 1 325 22 366
bottle 0.0232 57 346 103 375
bottle 0.0231 15 298 86 354
bottle 0.0230 48 346 73 375
bottle 0.0230 113 346 198 375
bottle 0.0230 274 272 325 341
bottle 0.0228 334 354 424 375
bottle 0.0228 453 334 477 361
bottle 0.0227 100 1 126 83
bottle 0.0227 0 39 19 79
bottle 0.0225 426 357 500 375
bottle 0.0222 70 303 129 343
bottle 0.0220 438 317 500 355
bottle 0.0220 87 321 123 342
bottle 0.0219 302 0 347 47
bottle 0.0217 124 358 178 374
bottle 0.0217 104 270 223 373
bottle 0.0216 250 0 290 71
bottle 0.0215 413 333 442 356
bottle 0.0215 63 330 148 364
bottle 0.0214 389 341 416 373
bottle 0.0214 164 326 201 375
bottle 0.0212 280 321 372 371
bottle 0.0211 287 357 339 375
bottle 0.0211 1 315 34 373
bottle 0.0210 0 23 33 91
bottle 0.0209 286 300 419 345
bottle 0.0209 465 306 499 347
bottle 0.0207 182 253 278 366
bottle 0.0207 126 0 173 102
bottle 0.0204 287 315 394 354
bottle 0.0203 199 346 276 375
bottle 0.0203 50 163 83 228
bottle 0.0203 38 342 62 372
bottle 0.0200 47 291 102 356
bottle 0.0200 15 96 38 132
car 0.0479 410 177 497 234
car 0.0313 415 177 498 290
car 0.0259 418 179 500 210
chair 0.1407 255 307 458 371
chair 0.0755 264 223 462 349
chair 0.0542 45 244 273 344
chair 0.0515 275 264 427 363
chair 0.0458 0 0 51 160
chair 0.0447 428 199 498 354
chair 0.0378 0 298 43 375
chair 0.0369 0 212 69 356
chair 0.0331 7 0 73 119
chair 0.0315 0 140 58 322
chair 0.0313 104 295 358 375
chair 0.0304 388 238 450 364
chair 0.0293 0 293 100 369
chair 0.0262 3 3 37 95
chair 0.0257 274 299 386 375
chair 0.0244 18 206 89 336
chair 0.0243 412 178 500 270
chair 0.0221 269 214 324 342
chair 0.0218 0 2 55 72
chair 0.0207 6 254 105 344
chair 0.0205 0 262 49 348
chair 0.0201 195 271 329 361
chair 0.0201 457 212 500 365
diningtable 0.1882 0 308 360 375
diningtable 0.1626 123 314 500 375
diningtable 0.1243 260 306 474 370
diningtable 0.1047 0 228 320 370
diningtable 0.0687 239 255 490 371
diningtable 0.0370 20 250 233 349
diningtable 0.0321 70 279 368 362
diningtable 0.0278 186 281 430 364
diningtable 0.0263 0 180 466 375
diningtable 0.0257 224 328 441 375
diningtable 0.0218 385 297 500 370
person 0.9228 41 88 271 345
person 0.8939 273 126 450 359
person 0.2984 110 107 411 353
person 0.2929 0 345 34 375
person 0.1223 432 232 497 375
person 0.1190 0 340 66 375
person 0.1168 31 74 169 325
person 0.1143 0 307 73 375
person 0.1102 29 280 272 367
person 0.1101 395 149 500 372
person 0.1091 53 88 231 242
person 0.1029 352 173 463 362
person 0.0942 36 94 127 248
person 0.0937 1 322 37 373
person 0.0917 300 305 498 372
person 0.0820 0 71 97 362
person 0.0819 19 0 134 238
person 0.0795 216 23 478 363
person 0.0771 240 270 472 375
person 0.0692 264 131 374 328
person 0.0674 9 79 83 229
person 0.0669 17 199 255 369
person 0.0645 22 274 151 367
person 0.0639 44 87 165 198
person 0.0615 398 297 500 375
person 0.0609 84 91 249 189
person 0.0586 130 145 265 344
person 0.0581 174 132 192 172
person 0.0579 455 279 499 368
person 0.0570 0 0 214 375
person 0.0563 326 60 488 298
person 0.0537 0 258 58 373
person 0.0533 94 92 194 163
person 0.0519 35 151 123 321
person 0.0509 0 327 119 375
person 0.0491 0 134 58 305
person 0.0488 155 91 204 179
person 0.0486 150 88 251 218
person 0.0478 171 107 197 172
person 0.0475 361 273 485 368
person 0.0453 7 216 89 367
person 0.0444 74 97 126 194
person 0.0441 169 97 285 315
person 0.0438 41 73 106 205
person 0.0435 175 103 214 181
person 0.0423 101 90 169 138
person 0.0421 90 93 140 180
person 0.0421 191 100 342 341
person 0.0382 276 120 500 249
person 0.0376 143 89 189 159
person 0.0370 399 229 458 361
person 0.0357 102 248 284 325
person 0.0342 256 122 354 226
person 0.0341 399 120 496 266
person 0.0338 185 63 272 201
person 0.0336 183 197 274 330
person 0.0334 371 0 500 245
person 0.0327 162 30 249 179
person 0.0325 310 127 390 189
person 0.0325 281 130 395 215
person 0.0321 0 36 469 338
person 0.0319 0 78 48 251
person 0.0313 117 81 296 231
person 0.0312 358 128 481 231
person 0.0310 271 192 335 342
person 0.0309 2 0 38 78
person 0.0304 0 359 27 375
person 0.0298 0 51 115 202
person 0.0292 439 266 488 358
person 0.0292 165 270 294 359
person 0.0290 103 96 158 167
person 0.0290 271 144 341 279
person 0.0286 231 110 398 276
person 0.0284 20 232 435 375
person 0.0282 41 14 217 205
person 0.0281 339 236 441 367
person 0.0279 185 108 230 183
person 0.0273 97 85 136 147
person 0.0273 0 296 46 355
person 0.0266 361 125 405 194
person 0.0262 275 139 333 228
person 0.0262 129 93 203 205
person 0.0259 53 112 116 217
person 0.0259 211 193 500 370
person 0.0255 473 264 500 355
person 0.0254 64 96 109 177
person 0.0254 91 99 122 169
person 0.0251 383 184 448 347
person 0.0251 252 0 397 242
person 0.0251 0 281 102 360
person 0.0250 335 125 392 171
person 0.0247 29 88 77 202
person 0.0245 344 129 389 202
person 0.0244 211 100 324 208
person 0.0240 74 0 314 301
person 0.0238 55 18 150 173
person 0.0234 222 207 283 335
person 0.0232 374 132 420 209
person 0.0230 20 32 81 185
person 0.0229 416 0 498 168
person 0.0223 0 0 24 37
person 0.0222 422 252 475 364
person 0.0220 166 3 289 217
person 0.0217 21 191 158 339
person 0.0216 111 0 160 97
person 0.0213 91 0 146 95
person 0.0210 275 248 389 369
person 0.0209 73 0 126 94
person 0.0209 1 361 49 375
person 0.0208 458 0 500 94
person 0.0206 207 163 310 344
person 0.0202 115 69 235 163
person 0.0200 312 130 361 204
pottedplant 0.0826 31 0 132 179
pottedplant 0.0670 20 299 349 375
pottedplant 0.0582 16 0 86 163
pottedplant 0.0548 55 0 150 130
pottedplant 0.0483 3 0 104 234
pottedplant 0.0466 164 0 244 141
pottedplant 0.0464 0 94 49 246
pottedplant 0.0394 139 0 217 127
pottedplant 0.0354 172 0 300 192
pottedplant 0.0348 57 0 237 149
pottedplant 0.0322 0 144 55 221
pottedplant 0.0321 11 0 70 87
pottedplant 0.0307 253 0 341 56
pottedplant 0.0307 0 0 47 202
pottedplant 0.0295 189 0 262 169
pottedplant 0.0270 34 281 216 375
pottedplant 0.0270 179 0 242 80
pottedplant 0.0267 28 0 103 111
pottedplant 0.0267 97 0 165 109
pottedplant 0.0265 248 0 298 66
pottedplant 0.0264 139 0 186 94
pottedplant 0.0244 436 0 496 113
pottedplant 0.0238 206 0 277 93
pottedplant 0.0235 225 0 314 123
pottedplant 0.0229 57 8 109 137
pottedplant 0.0219 252 0 350 125
pottedplant 0.0208 0 0 28 140
pottedplant 0.0207 200 0 248 57
pottedplant 0.0205 220 0 267 54
pottedplant 0.0204 14 0 150 82
pottedplant 0.0203 47 23 93 146
pottedplant 0.0202 265 0 313 50
tvmonitor 0.0350 374 0 496 226
tvmonitor 0.0323 262 0 347 107
tvmonitor 0.0295 185 0 488 373
tvmonitor 0.0286 277 0 350 61
tvmonitor 0.0277 224 0 361 187
tvmonitor 0.0275 344 0 422 121
tvmonitor 0.0246 31 0 317 341
tvmonitor 0.0224 263 0 443 260
