boat 0.0692 19 113 101 359
boat 0.0428 39 176 113 347
boat 0.0327 0 0 131 105
boat 0.0291 0 10 266 366
boat 0.0290 0 0 133 45
boat 0.0286 7 170 82 340
boat 0.0262 100 290 334 498
boat 0.0246 0 16 169 244
boat 0.0246 0 178 122 475
bottle 0.8798 105 0 326 500
bottle 0.1468 49 3 212 459
bottle 0.1388 85 249 333 499
bottle 0.1189 8 14 135 437
bottle 0.0884 38 72 120 356
bottle 0.0853 106 268 162 495
bottle 0.0797 260 276 329 500
bottle 0.0722 1 0 149 205
bottle 0.0721 121 18 189 230
bottle 0.0713 286 286 356 500
bottle 0.0700 122 0 249 372
bottle 0.0627 98 18 160 219
bottle 0.0615 68 397 105 500
bottle 0.0607 57 14 146 285
bottle 0.0594 196 1 305 71
bottle 0.0589 78 0 175 343
bottle 0.0579 0 1 82 42
bottle 0.0557 154 0 314 232
bottle 0.0545 0 1 40 21
bottle 0.0535 195 0 314 396
bottle 0.0516 106 139 214 494
bottle 0.0508 104 73 162 317
bottle 0.0475 228 122 327 499
bottle 0.0468 42 177 107 354
bottle 0.0457 254 42 354 486
bottle 0.0457 237 11 304 217
bottle 0.0432 315 276 373 494
bottle 0.0432 291 116 375 500
bottle 0.0419 0 2 111 71
bottle 0.0417 46 286 109 496
bottle 0.0415 172 0 274 93
bottle 0.0414 258 434 275 500
bottle 0.0413 73 323 134 500
bottle 0.0408 107 185 162 412
bottle 0.0406 1 20 78 341
bottle 0.0404 113 29 194 358
bottle 0.0385 0 0 51 33
bottle 0.0374 23 118 89 339
bottle 0.0373 188 2 300 141
bottle 0.0372 50 41 119 246
bottle 0.0367 0 73 89 500
bottle 0.0358 84 0 232 223
bottle 0.0354 160 6 232 221
bottle 0.0354 14 12 274 335
bottle 0.0354 217 270 368 500
bottle 0.0351 206 10 286 225
bottle 0.0347 295 383 328 500
bottle 0.0345 44 192 144 500
bottle 0.0330 231 0 307 119
bottle 0.0329 79 426 103 498
bottle 0.0325 333 442 375 500
bottle 0.0314 182 0 242 169
bottle 0.0308 168 0 220 122
bottle 0.0301 197 0 285 30
bottle 0.0294 242 0 303 58
bottle 0.0284 196 7 233 104
bottle 0.0283 15 32 95 249
bottle 0.0283 0 7 116 132
bottle 0.0282 93 180 174 500
bottle 0.0282 255 445 268 500
bottle 0.0280 61 3 182 176
bottle 0.0279 176 2 230 79
bottle 0.0275 133 41 212 266
bottle 0.0273 165 4 200 104
bottle 0.0272 196 0 266 52
bottle 0.0270 105 352 205 492
bottle 0.0267 241 386 332 497
bottle 0.0266 35 0 153 124
bottle 0.0261 39 327 60 370
bottle 0.0253 132 2 224 157
bottle 0.0252 1 191 31 271
bottle 0.0251 3 0 112 28
bottle 0.0251 283 337 333 500
bottle 0.0249 230 478 266 499
bottle 0.0249 50 153 102 278
bottle 0.0248 105 395 135 500
bottle 0.0246 107 327 275 496
bottle 0.0245 0 0 31 56
bottle 0.0243 38 299 63 370
bottle 0.0243 227 0 277 60
bottle 0.0241 211 20 244 113
bottle 0.0241 270 378 359 500
bottle 0.0237 204 8 253 89
bottle 0.0237 22 170 58 274
bottle 0.0234 0 1 24 33
bottle 0.0234 251 452 327 498
bottle 0.0233 104 81 141 237
bottle 0.0232 14 193 36 272
bottle 0.0232 8 370 102 499
bottle 0.0231 158 0 208 53
bottle 0.0231 175 0 261 25
bottle 0.0231 53 156 135 329
bottle 0.0228 97 407 282 491
bottle 0.0226 235 0 353 294
bottle 0.0225 113 0 199 123
bottle 0.0224 202 31 232 139
bottle 0.0221 0 0 68 107
bottle 0.0221 0 319 19 412
bottle 0.0220 87 387 129 500
bottle 0.0219 90 388 168 500
bottle 0.0218 233 463 251 500
bottle 0.0217 238 464 258 500
bottle 0.0214 303 364 340 500
bottle 0.0214 118 0 195 27
bottle 0.0212 245 75 301 326
bottle 0.0212 66 452 104 500
bottle 0.0212 82 62 136 256
bottle 0.0211 352 448 372 499
bottle 0.0203 159 0 228 26
bottle 0.0200 240 430 269 500
car 0.0457 37 217 107 343
car 0.0286 40 275 100 335
car 0.0260 321 284 375 375
chair 0.0587 1 317 60 497
chair 0.0492 0 15 90 369
chair 0.0484 6 152 67 328
chair 0.0451 41 155 102 343
chair 0.0420 2 229 83 500
chair 0.0364 9 344 99 498
chair 0.0331 2 103 57 285
chair 0.0313 0 312 27 500
chair 0.0288 323 329 374 500
chair 0.0270 0 174 44 347
chair 0.0264 33 172 70 316
chair 0.0249 0 131 34 280
chair 0.0233 2 187 29 282
chair 0.0220 24 183 58 285
chair 0.0216 321 281 375 392
chair 0.0216 9 190 45 282
chair 0.0202 1 399 70 500
chair 0.0201 19 244 102 383
diningtable 0.0256 1 334 147 498
diningtable 0.0200 112 335 355 500
person 0.0958 3 0 116 358
person 0.0851 6 191 109 493
person 0.0687 41 167 107 343
person 0.0618 36 231 97 362
person 0.0615 63 371 110 499
person 0.0545 317 284 373 464
person 0.0541 15 307 91 499
person 0.0446 52 279 93 335
person 0.0414 2 13 76 213
person 0.0368 44 175 146 497
person 0.0321 4 54 65 311
person 0.0320 36 293 70 371
person 0.0280 327 309 375 370
person 0.0280 86 269 110 345
person 0.0271 42 264 109 344
person 0.0266 75 401 105 498
person 0.0256 72 280 96 338
person 0.0235 47 243 109 482
person 0.0230 9 410 108 498
person 0.0226 37 263 77 351
person 0.0214 0 0 28 38
person 0.0211 266 112 361 494
person 0.0208 107 62 137 154
person 0.0208 80 283 101 342
person 0.0205 256 0 369 278
tvmonitor 0.0526 0 188 29 270
tvmonitor 0.0468 4 140 59 285
tvmonitor 0.0434 0 0 125 208
tvmonitor 0.0380 323 286 373 377
tvmonitor 0.0274 0 0 121 93
tvmonitor 0.0246 9 177 46 273
tvmonitor 0.0232 0 0 142 43
tvmonitor 0.0210 0 44 78 213
