bird 0.0273 98 15 254 87
bottle 0.0494 105 17 266 265
bottle 0.0304 101 48 185 173
car 0.0286 349 124 405 162
car 0.0261 344 125 399 146
chair 0.0230 2 97 39 161
cow 0.2540 434 145 474 172
cow 0.1014 431 145 456 171
cow 0.0833 425 142 491 180
cow 0.0468 428 145 446 162
cow 0.0438 456 146 499 170
cow 0.0424 428 145 472 195
cow 0.0338 437 149 462 175
cow 0.0280 428 149 441 174
cow 0.0260 426 141 463 163
cow 0.0257 425 142 447 172
cow 0.0234 400 144 497 197
cow 0.0224 426 147 439 161
cow 0.0223 421 141 459 182
horse 0.7991 104 26 418 331
horse 0.1015 90 31 275 311
horse 0.0426 120 25 316 199
horse 0.0400 81 169 398 333
horse 0.0320 247 20 428 277
horse 0.0283 125 20 278 89
horse 0.0281 254 123 416 330
horse 0.0271 116 268 307 329
horse 0.0270 124 120 301 333
horse 0.0231 1 4 328 290
horse 0.0227 126 189 230 327
horse 0.0225 105 1 254 169
horse 0.0216 344 192 423 330
horse 0.0203 129 114 215 279
person 0.0772 378 138 398 169
person 0.0427 372 140 391 169
person 0.0421 385 134 400 160
person 0.0409 370 132 401 173
person 0.0363 480 149 498 170
person 0.0314 354 148 373 172
person 0.0289 361 144 378 170
person 0.0268 394 138 408 161
person 0.0264 472 146 494 167
person 0.0261 254 38 345 178
person 0.0253 74 106 89 140
person 0.0249 356 137 386 172
person 0.0234 99 32 187 160
person 0.0231 228 33 311 171
person 0.0215 0 196 18 233
person 0.0214 353 126 404 168
person 0.0208 191 22 271 156
person 0.0205 430 144 440 154
person 0.0203 361 135 404 191
person 0.0201 406 140 416 153
person 0.0200 160 22 278 220
sheep 0.0822 428 143 491 179
sheep 0.0494 439 144 478 172
sheep 0.0310 434 144 465 162
sheep 0.0309 425 147 477 198
sheep 0.0285 398 141 500 187
sheep 0.0247 460 149 499 168
sheep 0.0213 443 145 494 164
sheep 0.0211 446 152 494 171
sheep 0.0209 454 141 500 175
sheep 0.0209 394 137 487 169
train 0.0444 419 142 500 182
train 0.0267 344 124 407 150
train 0.0235 420 157 494 199
train 0.0230 356 128 487 192
train 0.0206 313 52 407 177
train 0.0205 425 127 494 171
train 0.0201 95 0 370 333
