bottle 0.2407 413 252 441 327
bottle 0.1623 401 254 465 371
bottle 0.1445 411 258 428 326
bottle 0.1086 351 250 495 363
bottle 0.0938 469 0 492 24
bottle 0.0860 411 252 476 321
bottle 0.0799 389 246 444 340
bottle 0.0731 354 348 403 375
bottle 0.0716 411 248 429 295
bottle 0.0671 359 267 442 375
bottle 0.0637 0 84 40 147
bottle 0.0623 342 337 419 375
bottle 0.0599 397 244 436 306
bottle 0.0592 478 0 497 26
bottle 0.0591 413 240 496 350
bottle 0.0583 424 277 497 375
bottle 0.0570 456 0 476 25
bottle 0.0565 358 296 411 370
bottle 0.0525 380 263 424 329
bottle 0.0493 329 290 370 373
bottle 0.0477 11 93 54 152
bottle 0.0474 388 49 426 99
bottle 0.0469 19 122 55 154
bottle 0.0447 422 265 443 318
bottle 0.0435 342 313 394 375
bottle 0.0429 448 0 466 26
bottle 0.0426 253 2 278 34
bottle 0.0418 434 250 491 311
bottle 0.0417 439 0 458 26
bottle 0.0417 375 279 422 360
bottle 0.0414 432 0 451 24
bottle 0.0409 422 0 445 22
bottle 0.0404 422 206 497 319
bottle 0.0401 400 266 436 360
bottle 0.0399 426 257 450 316
bottle 0.0392 407 270 421 314
bottle 0.0388 117 348 154 375
bottle 0.0387 316 333 387 375
bottle 0.0385 457 241 499 310
bottle 0.0383 333 272 407 375
bottle 0.0380 448 0 491 26
bottle 0.0377 382 301 493 375
bottle 0.0374 408 350 500 375
bottle 0.0368 420 250 442 292
bottle 0.0354 463 1 485 26
bottle 0.0350 412 249 437 276
bottle 0.0348 462 0 496 35
bottle 0.0348 453 295 500 375
bottle 0.0340 418 263 456 354
bottle 0.0340 387 0 445 25
bottle 0.0333 331 325 446 375
bottle 0.0332 409 267 420 298
bottle 0.0323 350 351 445 375
bottle 0.0310 402 275 425 326
bottle 0.0308 354 244 453 324
bottle 0.0300 369 340 499 373
bottle 0.0295 308 259 368 374
bottle 0.0291 405 252 426 302
bottle 0.0287 404 357 471 374
bottle 0.0281 415 284 435 326
bottle 0.0269 442 0 473 32
bottle 0.0268 353 260 423 342
bottle 0.0268 450 206 465 247
bottle 0.0264 5 92 32 134
bottle 0.0263 358 341 385 373
bottle 0.0262 395 302 438 375
bottle 0.0261 350 344 376 375
bottle 0.0260 324 353 397 375
bottle 0.0260 411 233 447 299
bottle 0.0251 407 254 422 286
bottle 0.0250 378 238 427 298
bottle 0.0249 490 1 500 35
bottle 0.0248 403 0 435 20
bottle 0.0245 414 0 459 28
bottle 0.0245 300 312 378 375
bottle 0.0244 381 45 412 93
bottle 0.0241 465 195 499 262
bottle 0.0235 0 96 22 141
bottle 0.0232 14 104 77 157
bottle 0.0232 397 215 467 321
bottle 0.0230 14 90 39 130
bottle 0.0227 2 337 71 375
bottle 0.0227 410 298 454 375
bottle 0.0224 31 109 55 151
bottle 0.0220 0 81 40 117
bottle 0.0219 344 332 368 374
bottle 0.0218 482 211 499 260
bottle 0.0217 412 266 436 301
bottle 0.0214 372 344 398 373
bottle 0.0214 398 318 469 372
bottle 0.0209 428 0 468 23
bottle 0.0207 0 321 24 375
bottle 0.0206 390 242 496 295
bottle 0.0205 399 250 431 286
bottle 0.0204 442 189 469 250
bottle 0.0204 433 0 463 40
bottle 0.0204 9 302 64 375
bottle 0.0201 436 328 492 375
bottle 0.0200 6 346 45 375
bottle 0.0200 484 239 500 306
car 0.0431 262 0 320 28
car 0.0347 179 26 346 104
car 0.0223 142 22 406 127
car 0.0201 252 0 337 85
chair 0.5262 25 121 179 375
chair 0.2762 0 89 115 375
chair 0.2318 80 137 243 370
chair 0.2183 27 105 328 375
chair 0.1828 63 194 155 375
chair 0.1548 175 193 488 373
chair 0.1328 115 176 361 373
chair 0.1092 6 180 84 375
chair 0.0818 208 252 391 372
chair 0.0774 46 281 173 374
chair 0.0764 0 231 222 375
chair 0.0686 128 193 228 375
chair 0.0666 15 94 210 275
chair 0.0659 51 163 166 311
chair 0.0644 108 265 241 372
chair 0.0629 76 248 327 375
chair 0.0577 333 247 500 363
chair 0.0549 283 299 482 372
chair 0.0506 0 90 148 223
chair 0.0431 0 101 74 276
chair 0.0414 75 338 164 373
chair 0.0402 22 108 115 273
chair 0.0387 312 271 397 375
chair 0.0374 0 283 97 375
chair 0.0372 30 116 205 205
chair 0.0361 0 236 60 375
chair 0.0345 213 315 382 373
chair 0.0345 9 162 131 308
chair 0.0343 262 281 373 373
chair 0.0342 82 290 151 375
chair 0.0341 135 132 222 293
chair 0.0329 108 345 156 375
chair 0.0323 448 106 500 267
chair 0.0321 344 258 431 360
chair 0.0316 12 211 144 359
chair 0.0315 406 59 500 275
chair 0.0309 10 314 165 372
chair 0.0308 398 342 500 374
chair 0.0294 49 24 260 254
chair 0.0288 84 314 216 375
chair 0.0286 107 339 213 373
chair 0.0277 76 139 205 260
chair 0.0271 35 90 182 181
chair 0.0267 0 88 81 165
chair 0.0266 118 314 154 375
chair 0.0266 2 112 73 188
chair 0.0265 433 275 500 375
chair 0.0264 0 338 84 373
chair 0.0257 108 288 190 375
chair 0.0248 148 297 340 370
chair 0.0244 117 127 230 226
chair 0.0234 47 134 288 278
chair 0.0233 17 72 116 192
chair 0.0223 112 350 188 375
chair 0.0220 250 334 387 375
chair 0.0219 182 264 302 370
chair 0.0216 10 110 79 155
chair 0.0213 2 279 41 375
chair 0.0209 316 37 500 250
chair 0.0207 91 92 238 210
chair 0.0202 3 46 138 167
chair 0.0200 12 33 218 189
diningtable 0.1644 342 266 498 375
diningtable 0.1321 219 213 500 371
diningtable 0.1275 125 185 432 374
diningtable 0.0608 345 333 500 375
diningtable 0.0484 294 311 500 375
diningtable 0.0390 0 161 305 375
diningtable 0.0383 380 250 498 322
diningtable 0.0298 356 259 461 330
diningtable 0.0242 372 351 500 375
diningtable 0.0237 388 276 500 343
diningtable 0.0227 300 335 448 375
person 0.7830 126 36 487 375
person 0.7054 214 164 367 374
person 0.4677 105 124 377 372
person 0.2647 34 75 232 373
person 0.2612 297 109 492 368
person 0.2168 0 84 99 375
person 0.1579 241 206 480 374
person 0.1312 330 245 497 371
person 0.1247 126 156 257 369
person 0.1123 180 157 315 358
person 0.0824 152 36 390 228
person 0.0817 240 78 402 349
person 0.0733 0 84 62 213
person 0.0698 218 160 325 299
person 0.0675 214 157 482 320
person 0.0660 303 241 370 375
person 0.0653 307 264 430 369
person 0.0635 0 224 77 373
person 0.0635 280 158 428 354
person 0.0569 2 84 54 157
person 0.0560 177 40 354 129
person 0.0505 470 0 499 26
person 0.0488 145 143 318 277
person 0.0476 377 78 500 348
person 0.0471 236 27 500 275
person 0.0452 137 51 286 322
person 0.0451 191 156 344 242
person 0.0425 335 247 435 332
person 0.0425 488 0 500 29
person 0.0409 389 192 500 360
person 0.0400 270 1 317 23
person 0.0368 255 1 294 27
person 0.0368 279 164 370 326
person 0.0366 312 229 486 313
person 0.0356 222 35 409 170
person 0.0351 173 39 289 171
person 0.0348 381 0 444 23
person 0.0345 376 0 396 29
person 0.0342 208 28 371 99
person 0.0316 9 103 62 170
person 0.0313 3 51 84 178
person 0.0311 429 187 498 315
person 0.0298 200 204 280 366
person 0.0297 0 231 36 375
person 0.0294 240 158 308 207
person 0.0285 0 75 35 148
person 0.0277 252 0 279 34
person 0.0268 146 84 314 240
person 0.0267 294 38 429 246
person 0.0262 228 100 358 293
person 0.0262 0 19 374 360
person 0.0259 272 0 296 21
person 0.0258 322 68 468 293
person 0.0252 152 61 255 197
person 0.0248 0 69 121 243
person 0.0246 248 49 351 191
person 0.0240 417 97 500 281
person 0.0236 458 178 497 263
person 0.0233 456 1 497 73
person 0.0232 330 265 368 358
person 0.0231 0 85 117 165
person 0.0230 378 101 483 254
person 0.0227 268 27 433 92
person 0.0226 263 158 312 229
person 0.0225 235 157 402 247
person 0.0222 258 158 336 281
person 0.0221 153 134 365 224
person 0.0220 377 0 417 26
person 0.0219 235 160 310 254
person 0.0218 343 62 447 205
person 0.0216 447 144 500 294
person 0.0211 260 0 277 21
person 0.0211 0 3 53 161
person 0.0210 237 237 364 345
person 0.0209 134 152 258 258
person 0.0206 0 28 73 298
person 0.0205 373 1 428 92
person 0.0204 310 250 362 331
person 0.0203 379 157 487 303
person 0.0200 298 197 347 277
person 0.0200 334 0 374 65
pottedplant 0.0299 402 0 446 19
pottedplant 0.0240 383 0 440 26
pottedplant 0.0206 377 0 449 91
sofa 0.1422 102 182 464 375
sofa 0.0365 0 68 500 375
tvmonitor 0.1520 254 0 320 32
tvmonitor 0.0661 248 0 328 55
tvmonitor 0.0557 254 1 287 32
tvmonitor 0.0556 275 1 321 19
tvmonitor 0.0335 256 1 307 18
tvmonitor 0.0324 293 1 319 23
tvmonitor 0.0289 244 0 297 37
tvmonitor 0.0269 252 3 284 54
tvmonitor 0.0264 284 0 322 30
tvmonitor 0.0257 194 1 294 71
tvmonitor 0.0250 206 9 241 64
tvmonitor 0.0216 252 17 347 62
tvmonitor 0.0216 417 0 499 82
tvmonitor 0.0214 428 84 497 233
