bird 0.0211 0 248 145 322
bottle 0.0205 206 209 251 248
cat 0.6201 219 106 495 339
cat 0.5922 0 63 261 315
cat 0.2321 52 79 439 330
cat 0.0612 7 62 251 193
cat 0.0588 116 65 270 288
cat 0.0586 224 142 323 271
cat 0.0487 204 92 337 287
cat 0.0470 231 107 480 230
cat 0.0444 183 141 287 270
cat 0.0436 0 0 356 264
cat 0.0430 230 132 408 286
cat 0.0418 114 64 265 176
cat 0.0391 373 98 500 338
cat 0.0374 3 64 168 132
cat 0.0364 49 66 236 137
cat 0.0348 0 72 116 163
cat 0.0334 148 104 259 257
cat 0.0325 225 95 319 229
cat 0.0279 5 79 140 271
cat 0.0253 215 87 332 177
cat 0.0250 0 27 120 116
cat 0.0249 0 18 260 127
cat 0.0241 0 175 312 335
cat 0.0240 179 83 280 236
cat 0.0226 39 50 231 110
cat 0.0215 213 144 272 238
cat 0.0215 237 121 415 194
cat 0.0214 0 95 93 204
cat 0.0211 59 80 222 276
chair 0.0408 140 0 500 339
chair 0.0344 227 83 401 153
chair 0.0297 197 0 470 148
chair 0.0263 19 0 388 323
chair 0.0250 216 70 470 169
chair 0.0239 318 0 500 218
chair 0.0205 241 47 465 285
chair 0.0202 253 105 446 173
dog 0.1344 255 138 496 339
dog 0.1273 8 79 253 301
dog 0.0522 0 208 277 313
dog 0.0454 214 135 330 286
dog 0.0445 184 149 288 275
dog 0.0406 152 130 259 270
dog 0.0374 125 84 274 292
dog 0.0349 0 68 236 206
dog 0.0345 14 61 222 143
dog 0.0343 30 228 238 294
dog 0.0338 150 197 269 280
dog 0.0307 0 247 178 316
dog 0.0286 109 225 252 274
dog 0.0275 233 103 410 170
dog 0.0272 78 166 261 289
dog 0.0256 202 129 448 276
dog 0.0254 227 114 441 206
dog 0.0227 0 160 187 305
dog 0.0220 402 169 497 338
dog 0.0203 269 232 498 336
dog 0.0200 190 187 339 315
person 0.1201 138 56 500 339
person 0.1080 11 37 354 339
person 0.0381 189 169 256 276
person 0.0345 5 10 161 111
person 0.0336 200 196 250 260
person 0.0334 206 143 275 259
person 0.0296 14 42 247 119
person 0.0295 220 79 372 154
person 0.0264 339 0 492 171
person 0.0259 209 10 455 152
person 0.0256 0 238 312 325
person 0.0249 198 134 344 334
person 0.0245 111 216 339 336
person 0.0236 1 0 84 108
person 0.0227 372 108 484 302
person 0.0216 175 207 251 271
person 0.0208 380 0 495 45
person 0.0203 221 185 321 312
sofa 0.1038 42 50 500 339
sofa 0.0350 147 6 499 118
sofa 0.0338 228 0 476 270
sofa 0.0333 0 0 287 339
sofa 0.0312 15 0 500 190
sofa 0.0209 179 43 491 169
