chair 0.1030 154 219 369 375
chair 0.0617 0 188 186 374
chair 0.0508 149 250 282 373
chair 0.0456 137 230 226 365
chair 0.0366 103 207 265 375
chair 0.0347 4 210 101 368
chair 0.0324 424 248 498 375
chair 0.0323 0 301 177 371
chair 0.0303 83 231 189 364
chair 0.0295 35 0 500 375
chair 0.0278 149 311 310 373
chair 0.0253 169 191 316 344
chair 0.0249 204 187 364 255
chair 0.0223 45 216 159 357
chair 0.0217 0 266 283 375
chair 0.0214 0 107 245 358
person 0.0450 419 191 495 318
person 0.0257 0 0 23 35
person 0.0237 207 190 276 327
person 0.0223 197 0 240 8
pottedplant 0.0304 0 0 45 63
pottedplant 0.0264 0 0 93 68
sofa 0.7066 163 191 489 371
sofa 0.1351 51 17 500 346
sofa 0.0921 3 209 207 374
sofa 0.0900 14 176 417 373
sofa 0.0593 200 185 477 299
sofa 0.0446 76 220 289 375
sofa 0.0426 422 241 497 374
sofa 0.0414 235 186 416 258
sofa 0.0329 406 187 499 333
sofa 0.0321 0 268 171 367
sofa 0.0282 295 186 483 263
sofa 0.0280 329 178 495 374
sofa 0.0264 153 248 406 371
sofa 0.0237 218 184 381 346
tvmonitor 0.0518 0 134 163 374
tvmonitor 0.0200 8 194 139 319
