bus 0.1073 452 58 500 100
bus 0.0631 0 14 230 323
bus 0.0483 455 16 500 94
bus 0.0288 431 6 498 111
bus 0.0284 477 62 500 98
bus 0.0269 456 65 499 86
bus 0.0230 7 15 145 207
bus 0.0221 431 61 498 120
bus 0.0220 462 57 500 81
car 0.8323 186 129 464 331
car 0.7029 0 106 140 285
car 0.4825 36 101 247 303
car 0.2863 0 108 407 315
car 0.1154 0 168 23 205
car 0.1053 0 160 46 202
car 0.1046 0 70 25 107
car 0.0991 0 82 113 204
car 0.0989 332 123 473 330
car 0.0962 1 147 100 273
car 0.0930 1 62 79 121
car 0.0919 7 63 203 260
car 0.0863 60 114 139 231
car 0.0836 0 54 109 154
car 0.0799 221 134 449 238
car 0.0760 140 105 308 320
car 0.0758 1 89 79 127
car 0.0744 97 98 129 115
car 0.0737 481 77 500 105
car 0.0731 8 91 157 170
car 0.0718 0 159 29 187
car 0.0700 0 195 128 279
car 0.0670 455 63 500 106
car 0.0657 363 131 480 231
car 0.0640 0 71 44 116
car 0.0632 52 113 134 176
car 0.0609 88 74 137 115
car 0.0605 97 90 115 116
car 0.0604 0 167 39 191
car 0.0604 212 165 243 197
car 0.0599 91 87 125 116
car 0.0592 0 166 43 252
car 0.0591 11 41 151 124
car 0.0586 425 142 498 268
car 0.0583 2 137 132 217
car 0.0582 459 139 498 196
car 0.0578 0 178 20 217
car 0.0571 193 142 352 318
car 0.0571 0 148 79 212
car 0.0531 2 103 82 144
car 0.0520 0 85 28 112
car 0.0518 57 113 136 139
car 0.0508 30 101 68 119
car 0.0495 108 94 131 113
car 0.0493 94 70 174 109
car 0.0488 0 156 46 180
car 0.0484 0 126 60 258
car 0.0483 29 69 195 144
car 0.0483 424 146 496 209
car 0.0482 459 157 499 178
car 0.0471 69 159 136 285
car 0.0448 0 107 80 179
car 0.0444 464 85 500 104
car 0.0439 0 150 22 180
car 0.0436 93 105 132 120
car 0.0426 17 104 128 149
car 0.0422 195 254 452 332
car 0.0415 87 69 205 123
car 0.0415 82 113 133 129
car 0.0411 61 86 141 135
car 0.0399 26 94 111 125
car 0.0392 0 171 26 237
car 0.0391 1 80 71 160
car 0.0389 398 122 494 324
car 0.0386 17 97 78 121
car 0.0385 49 102 81 117
car 0.0383 0 215 44 271
car 0.0380 0 115 46 196
car 0.0380 48 79 128 116
car 0.0373 5 176 203 294
car 0.0372 0 182 34 207
car 0.0368 88 99 118 115
car 0.0363 319 125 475 199
car 0.0358 2 97 41 117
car 0.0357 59 144 500 375
car 0.0352 19 78 104 117
car 0.0348 209 159 270 203
car 0.0346 0 236 21 273
car 0.0345 246 129 421 191
car 0.0342 1 90 55 114
car 0.0341 79 91 138 120
car 0.0337 0 220 21 260
car 0.0331 202 136 352 211
car 0.0326 454 153 499 225
car 0.0323 103 84 132 117
car 0.0319 478 144 499 178
car 0.0312 78 107 143 148
car 0.0301 85 100 130 125
car 0.0297 0 69 28 136
car 0.0294 445 161 500 326
car 0.0292 200 166 255 215
car 0.0292 405 122 500 199
car 0.0289 55 67 153 113
car 0.0284 0 173 52 220
car 0.0281 117 101 143 114
car 0.0280 0 83 176 375
car 0.0279 39 101 86 123
car 0.0277 122 94 138 113
car 0.0277 5 126 111 185
car 0.0270 2 177 43 201
car 0.0266 488 82 500 116
car 0.0265 0 245 91 278
car 0.0262 419 148 473 237
car 0.0255 98 85 158 116
car 0.0255 216 136 300 195
car 0.0252 78 80 119 115
car 0.0250 75 144 134 210
car 0.0249 458 75 500 96
car 0.0248 471 71 500 116
car 0.0245 324 99 500 239
car 0.0244 388 138 469 199
car 0.0243 0 254 26 275
car 0.0243 117 77 139 115
car 0.0240 0 135 30 194
car 0.0236 55 104 88 121
car 0.0234 100 77 125 111
car 0.0230 0 234 63 273
car 0.0229 483 90 499 123
car 0.0227 66 101 96 116
car 0.0226 189 196 291 326
car 0.0225 272 55 310 108
car 0.0224 3 103 43 123
car 0.0224 106 66 144 117
car 0.0223 0 165 17 194
car 0.0222 0 183 18 204
car 0.0222 103 62 189 99
car 0.0221 112 79 131 109
car 0.0220 184 275 364 324
car 0.0219 0 158 76 190
car 0.0217 181 148 293 264
car 0.0217 290 277 468 339
car 0.0216 478 159 499 193
car 0.0216 360 91 487 189
car 0.0215 23 76 65 123
car 0.0215 78 57 129 110
car 0.0215 432 173 493 231
car 0.0212 0 189 29 272
car 0.0210 443 162 500 198
car 0.0209 103 96 149 117
car 0.0209 360 241 470 334
car 0.0208 396 140 467 273
car 0.0207 343 142 445 191
car 0.0206 70 96 117 118
car 0.0204 0 145 68 177
car 0.0204 215 166 262 192
car 0.0203 35 132 141 193
car 0.0202 16 95 60 113
car 0.0201 62 112 107 127
car 0.0201 1 171 108 237
chair 0.0205 5 31 87 119
person 0.8518 118 73 210 306
person 0.1514 128 158 196 311
person 0.1061 55 109 231 305
person 0.0813 142 124 230 308
person 0.0799 120 70 216 165
person 0.0698 179 144 300 315
person 0.0687 354 151 396 182
person 0.0640 128 70 198 121
person 0.0626 257 124 279 151
person 0.0610 211 88 231 119
person 0.0593 2 168 32 202
person 0.0569 325 150 366 182
person 0.0559 353 153 374 183
person 0.0499 281 83 303 118
person 0.0466 106 168 167 301
person 0.0458 236 128 282 186
person 0.0426 213 166 240 195
person 0.0416 83 169 144 294
person 0.0414 303 103 323 121
person 0.0414 172 70 217 128
person 0.0408 293 150 320 183
person 0.0408 139 68 230 218
person 0.0403 135 86 155 116
person 0.0403 136 68 176 115
person 0.0397 180 125 217 211
person 0.0393 9 165 39 196
person 0.0388 124 93 136 114
person 0.0378 320 151 345 181
person 0.0376 263 125 275 139
person 0.0375 278 93 295 119
person 0.0371 257 124 272 143
person 0.0357 0 104 47 183
person 0.0356 141 73 164 113
person 0.0350 130 93 145 115
person 0.0345 250 124 279 164
person 0.0344 218 88 239 120
person 0.0338 349 145 414 188
person 0.0333 295 147 358 183
person 0.0332 80 212 123 288
person 0.0331 345 155 368 185
person 0.0331 37 95 143 259
person 0.0324 66 99 83 119
person 0.0317 124 82 174 154
person 0.0315 150 69 289 302
person 0.0315 179 84 219 161
person 0.0312 167 81 220 198
person 0.0312 53 102 78 118
person 0.0311 269 88 288 118
person 0.0310 189 113 283 248
person 0.0308 90 92 107 117
person 0.0308 313 146 383 187
person 0.0304 148 68 171 103
person 0.0304 375 151 396 178
person 0.0302 48 100 67 121
person 0.0301 272 64 308 118
person 0.0300 308 139 423 182
person 0.0300 21 169 44 200
person 0.0300 180 162 214 252
person 0.0299 303 151 325 182
person 0.0297 313 152 335 182
person 0.0295 363 96 379 124
person 0.0294 208 93 225 125
person 0.0291 350 162 386 182
person 0.0290 212 148 246 196
person 0.0289 232 136 353 183
person 0.0287 161 105 219 268
person 0.0287 81 89 97 116
person 0.0284 1 38 437 332
person 0.0283 0 168 47 215
person 0.0282 151 71 206 142
person 0.0280 293 98 307 121
person 0.0280 289 88 307 117
person 0.0280 0 3 239 321
person 0.0275 120 92 179 206
person 0.0275 74 90 88 116
person 0.0272 139 208 184 307
person 0.0267 362 136 432 181
person 0.0263 0 100 24 174
person 0.0262 258 126 283 140
person 0.0260 286 98 300 123
person 0.0257 155 67 178 94
person 0.0256 203 94 216 122
person 0.0255 70 99 92 117
person 0.0254 338 161 374 181
person 0.0253 199 170 213 209
person 0.0253 269 124 284 142
person 0.0253 125 78 151 115
person 0.0248 39 99 63 123
person 0.0248 201 164 239 213
person 0.0245 187 75 228 134
person 0.0244 161 208 198 306
person 0.0244 303 97 317 118
person 0.0239 140 88 161 121
person 0.0238 0 125 19 170
person 0.0237 265 79 296 119
person 0.0236 115 95 155 152
person 0.0236 2 180 29 214
person 0.0232 128 73 162 121
person 0.0232 219 129 267 189
person 0.0231 128 200 168 307
person 0.0231 294 104 315 122
person 0.0230 280 101 293 123
person 0.0229 165 68 202 119
person 0.0229 107 84 163 129
person 0.0228 147 76 224 120
person 0.0226 350 99 362 128
person 0.0225 385 153 402 181
person 0.0225 116 112 154 181
person 0.0225 116 133 143 213
person 0.0224 242 107 277 171
person 0.0224 122 78 137 109
person 0.0223 193 137 220 209
person 0.0221 356 166 397 186
person 0.0220 191 160 231 227
person 0.0219 284 150 307 182
person 0.0217 381 98 396 121
person 0.0217 281 134 330 183
person 0.0217 118 83 139 118
person 0.0217 388 99 401 121
person 0.0216 29 97 57 121
person 0.0216 166 63 187 94
person 0.0214 189 89 209 118
person 0.0212 282 92 317 121
person 0.0212 84 84 113 119
person 0.0211 152 65 170 86
person 0.0211 202 113 214 154
person 0.0210 298 94 321 123
person 0.0210 356 97 371 125
person 0.0210 261 132 313 184
person 0.0208 180 85 203 118
person 0.0207 145 60 185 104
person 0.0207 76 81 103 119
person 0.0207 60 86 86 119
person 0.0207 10 176 38 209
person 0.0206 1 164 71 202
person 0.0205 169 176 216 299
person 0.0204 12 77 37 110
person 0.0203 367 98 386 127
person 0.0200 69 81 93 119
pottedplant 0.0441 231 88 247 121
pottedplant 0.0392 237 70 269 120
pottedplant 0.0354 169 50 187 81
pottedplant 0.0351 245 82 264 119
pottedplant 0.0337 435 107 451 128
pottedplant 0.0337 252 91 269 120
pottedplant 0.0337 259 124 269 138
pottedplant 0.0327 219 90 238 121
pottedplant 0.0321 232 50 284 119
pottedplant 0.0307 257 114 269 131
pottedplant 0.0290 233 81 258 121
pottedplant 0.0282 262 117 275 134
pottedplant 0.0281 425 109 448 127
pottedplant 0.0266 262 123 279 137
pottedplant 0.0248 250 72 291 120
pottedplant 0.0241 252 103 274 122
pottedplant 0.0232 256 115 279 143
pottedplant 0.0230 259 87 277 118
pottedplant 0.0219 211 45 306 120
pottedplant 0.0219 260 103 276 126
pottedplant 0.0218 386 114 403 135
pottedplant 0.0216 222 83 251 124
pottedplant 0.0214 161 45 191 92
pottedplant 0.0210 222 64 263 122
pottedplant 0.0207 245 84 277 135
pottedplant 0.0204 248 97 263 123
pottedplant 0.0203 158 58 178 79
pottedplant 0.0200 390 111 413 130
pottedplant 0.0200 162 60 188 86
sofa 0.0478 49 67 500 330
sofa 0.0356 16 147 278 299
train 0.0302 4 51 226 162
tvmonitor 0.0661 0 0 204 360
tvmonitor 0.0301 60 120 129 166
tvmonitor 0.0272 19 0 156 169
tvmonitor 0.0263 0 64 42 110
tvmonitor 0.0203 0 0 123 289
