bird 0.0342 158 397 259 491
bird 0.0245 0 441 39 499
bird 0.0213 0 349 72 493
bottle 0.0285 131 7 264 167
bottle 0.0246 27 240 84 414
bottle 0.0241 1 160 77 489
bottle 0.0238 11 230 68 435
bottle 0.0208 34 265 106 387
car 0.0461 0 474 21 499
car 0.0306 189 1 262 84
car 0.0282 0 462 27 499
car 0.0235 210 61 264 141
car 0.0225 153 4 264 159
car 0.0223 0 145 18 224
car 0.0223 225 81 260 129
dog 0.0244 161 393 264 497
horse 0.8216 25 15 264 473
horse 0.4689 97 149 263 494
horse 0.1877 41 60 255 314
horse 0.1602 159 221 263 499
horse 0.1111 120 0 263 395
horse 0.0951 0 209 221 482
horse 0.0815 28 21 169 249
horse 0.0674 148 351 264 491
horse 0.0592 149 165 263 383
horse 0.0519 173 42 262 347
horse 0.0362 24 0 264 215
horse 0.0332 233 283 264 499
horse 0.0328 29 85 85 242
horse 0.0310 32 47 137 373
horse 0.0291 27 160 123 248
horse 0.0277 18 0 111 297
horse 0.0264 17 47 71 213
horse 0.0262 57 171 163 499
horse 0.0238 106 193 255 340
horse 0.0217 36 139 168 252
person 0.0951 215 264 263 496
person 0.0743 163 205 258 330
person 0.0701 238 400 264 499
person 0.0681 215 206 264 400
person 0.0664 0 374 27 499
person 0.0643 228 344 264 498
person 0.0632 238 477 264 497
person 0.0606 184 214 262 483
person 0.0537 173 18 262 344
person 0.0509 0 411 16 499
person 0.0507 213 128 263 339
person 0.0506 206 389 264 498
person 0.0500 220 6 264 137
person 0.0447 181 7 262 151
person 0.0442 206 43 228 116
person 0.0438 221 448 264 497
person 0.0429 240 21 263 135
person 0.0416 135 207 224 324
person 0.0397 150 216 237 476
person 0.0386 0 462 20 499
person 0.0385 26 77 55 132
person 0.0355 0 327 48 499
person 0.0354 239 2 263 85
person 0.0347 232 464 264 499
person 0.0346 175 427 264 495
person 0.0343 251 461 264 499
person 0.0329 228 65 261 139
person 0.0322 0 411 53 498
person 0.0305 175 218 226 327
person 0.0297 0 447 44 497
person 0.0291 213 28 264 225
person 0.0285 141 7 263 219
person 0.0284 196 56 263 138
person 0.0282 199 0 264 97
person 0.0281 247 424 264 499
person 0.0280 189 29 228 110
person 0.0278 200 226 264 338
person 0.0276 179 215 235 391
person 0.0273 244 206 263 321
person 0.0273 28 27 86 186
person 0.0269 250 57 264 142
person 0.0262 163 215 214 391
person 0.0260 206 40 222 94
person 0.0260 94 21 152 196
person 0.0259 245 70 262 128
person 0.0258 24 200 135 499
person 0.0258 167 360 252 490
person 0.0258 254 70 264 128
person 0.0254 101 197 232 424
person 0.0254 242 0 264 37
person 0.0247 98 12 141 61
person 0.0244 248 0 264 61
person 0.0240 0 209 61 499
person 0.0240 9 9 72 149
person 0.0226 97 38 251 293
person 0.0223 207 36 218 72
person 0.0221 198 78 260 294
person 0.0219 182 288 239 489
person 0.0218 0 354 87 493
person 0.0215 27 62 72 135
person 0.0215 243 79 257 120
person 0.0212 105 18 251 147
person 0.0209 186 241 215 332
person 0.0208 145 238 202 441
person 0.0207 254 210 263 254
person 0.0207 194 6 240 128
person 0.0204 0 4 21 81
person 0.0201 0 1 26 38
person 0.0201 134 217 185 382
train 0.0270 122 13 264 197
tvmonitor 0.0200 158 0 262 116
