bottle 0.0597 431 2 499 103
bottle 0.0544 296 362 341 374
bottle 0.0478 459 64 488 134
bottle 0.0464 264 355 300 375
bottle 0.0448 436 35 491 133
bottle 0.0401 273 358 325 375
bottle 0.0335 294 348 342 375
bottle 0.0315 458 0 500 49
bottle 0.0306 459 0 500 16
bottle 0.0301 439 69 475 131
bottle 0.0279 471 63 500 140
bottle 0.0275 471 70 487 116
bottle 0.0275 279 300 332 372
bottle 0.0271 233 338 337 373
bottle 0.0269 453 77 479 131
bottle 0.0258 253 350 323 375
bottle 0.0251 304 352 330 375
bottle 0.0233 436 76 460 129
bottle 0.0227 285 357 361 375
bottle 0.0222 340 182 358 217
bottle 0.0219 276 334 353 375
bottle 0.0216 466 51 493 122
bottle 0.0209 467 67 483 108
bottle 0.0207 426 7 479 80
bottle 0.0205 338 150 369 220
bottle 0.0204 431 0 500 19
bottle 0.0200 469 3 497 38
chair 0.2052 323 0 489 131
chair 0.1102 416 0 497 125
chair 0.1094 150 26 500 344
chair 0.0906 259 220 500 374
chair 0.0905 302 20 500 273
chair 0.0898 141 292 326 373
chair 0.0734 206 0 495 164
chair 0.0641 0 239 266 372
chair 0.0578 344 24 441 129
chair 0.0559 414 201 499 375
chair 0.0447 368 110 500 372
chair 0.0438 447 239 500 375
chair 0.0430 9 302 216 370
chair 0.0396 0 156 188 375
chair 0.0396 391 34 479 131
chair 0.0395 299 294 486 371
chair 0.0393 178 36 429 226
chair 0.0347 270 43 477 143
chair 0.0328 367 231 485 375
chair 0.0323 239 302 418 373
chair 0.0322 431 50 493 132
chair 0.0310 405 289 499 375
chair 0.0303 340 62 487 128
chair 0.0302 323 14 404 132
chair 0.0302 280 0 422 137
chair 0.0294 0 71 55 251
chair 0.0291 161 281 459 375
chair 0.0283 457 58 496 138
chair 0.0278 376 0 500 196
chair 0.0274 327 91 495 208
chair 0.0271 426 73 457 129
chair 0.0248 383 55 446 130
chair 0.0248 409 65 452 130
chair 0.0246 320 76 455 169
chair 0.0235 249 106 500 238
chair 0.0230 421 118 500 304
chair 0.0229 376 53 420 128
chair 0.0212 220 72 484 187
chair 0.0212 367 0 493 89
chair 0.0210 37 18 438 141
chair 0.0209 4 239 85 375
chair 0.0200 195 329 353 375
diningtable 0.0295 160 13 500 283
diningtable 0.0220 186 0 500 136
person 0.7346 0 45 249 373
person 0.7195 148 209 335 375
person 0.6394 209 105 487 371
person 0.5698 66 123 378 375
person 0.2404 32 196 302 375
person 0.1860 218 102 405 303
person 0.1282 318 157 495 375
person 0.1245 197 203 431 374
person 0.1232 74 31 493 352
person 0.1198 92 52 287 348
person 0.1133 263 171 390 372
person 0.1102 229 142 362 344
person 0.1028 427 0 498 133
person 0.0920 141 311 334 372
person 0.0886 0 40 201 249
person 0.0757 169 205 299 327
person 0.0673 225 242 346 375
person 0.0635 229 102 362 211
person 0.0606 127 191 267 360
person 0.0604 222 96 460 226
person 0.0599 6 56 87 212
person 0.0522 276 227 470 373
person 0.0499 157 88 336 292
person 0.0482 6 157 195 375
person 0.0481 84 261 296 369
person 0.0469 322 122 380 256
person 0.0456 101 63 235 267
person 0.0455 287 89 500 295
person 0.0433 201 206 284 274
person 0.0429 228 119 330 264
person 0.0398 448 215 500 375
person 0.0386 187 208 388 312
person 0.0386 332 129 375 219
person 0.0377 0 55 122 372
person 0.0370 434 1 500 74
person 0.0368 209 209 317 301
person 0.0365 139 94 269 270
person 0.0349 137 249 241 375
person 0.0345 17 41 132 179
person 0.0336 217 349 301 375
person 0.0332 89 54 188 204
person 0.0330 264 226 343 348
person 0.0327 4 94 79 280
person 0.0322 30 80 384 279
person 0.0313 147 187 266 276
person 0.0305 303 117 477 199
person 0.0298 248 121 386 250
person 0.0295 199 204 259 255
person 0.0294 234 204 297 255
person 0.0289 237 313 337 373
person 0.0284 185 111 297 239
person 0.0282 314 234 411 375
person 0.0280 242 102 337 142
person 0.0271 152 306 253 371
person 0.0270 237 94 405 175
person 0.0269 74 44 246 183
person 0.0267 172 334 325 373
person 0.0263 304 125 402 282
person 0.0257 22 44 188 136
person 0.0257 72 83 207 339
person 0.0255 201 290 320 375
person 0.0254 249 352 296 373
person 0.0249 176 175 363 276
person 0.0249 463 0 500 16
person 0.0249 329 118 437 251
person 0.0248 248 228 331 297
person 0.0246 149 71 257 198
person 0.0242 189 235 322 349
person 0.0241 58 216 208 375
person 0.0236 3 208 78 371
person 0.0235 62 29 323 237
person 0.0235 131 142 229 295
person 0.0235 467 0 500 51
person 0.0225 425 69 457 129
person 0.0223 215 201 273 244
person 0.0220 244 215 298 288
person 0.0216 226 218 293 321
person 0.0211 101 172 337 306
person 0.0210 182 89 309 181
person 0.0209 199 321 288 371
person 0.0209 277 273 373 375
person 0.0206 451 0 500 23
person 0.0202 174 212 259 284
pottedplant 0.0252 449 11 500 144
pottedplant 0.0204 446 62 497 132
sofa 0.3583 71 96 499 369
sofa 0.0550 70 27 495 235
sofa 0.0432 0 0 383 375
sofa 0.0216 167 209 500 375
train 0.0215 65 0 500 145
tvmonitor 0.0285 0 84 38 131
tvmonitor 0.0228 0 86 26 119
