car 0.0402 0 2 93 77
car 0.0397 405 9 498 171
car 0.0236 7 0 67 49
car 0.0234 388 121 496 170
car 0.0217 355 74 499 170
car 0.0214 1 1 110 32
car 0.0209 13 0 185 27
car 0.0206 411 140 498 174
car 0.0200 5 4 132 54
person 0.0685 366 79 391 152
person 0.0629 208 99 240 189
person 0.0575 218 109 241 162
person 0.0566 387 97 419 155
person 0.0541 147 116 180 202
person 0.0511 96 112 112 150
person 0.0480 392 113 413 154
person 0.0479 326 83 352 153
person 0.0474 155 91 201 206
person 0.0471 212 113 235 170
person 0.0471 213 81 271 225
person 0.0448 215 123 231 162
person 0.0447 133 113 166 206
person 0.0436 153 143 181 193
person 0.0418 230 52 296 223
person 0.0418 138 67 194 218
person 0.0406 223 96 258 180
person 0.0405 200 97 230 183
person 0.0402 221 126 238 168
person 0.0396 242 85 277 170
person 0.0394 352 76 385 155
person 0.0380 123 80 178 237
person 0.0380 150 143 169 187
person 0.0377 467 94 497 168
person 0.0367 332 75 369 154
person 0.0367 472 132 493 165
person 0.0361 0 3 23 91
person 0.0357 170 93 217 204
person 0.0343 189 86 238 213
person 0.0339 161 138 187 188
person 0.0336 360 69 402 159
person 0.0329 145 146 160 194
person 0.0329 225 106 247 160
person 0.0324 3 14 45 88
person 0.0322 92 110 106 148
person 0.0319 370 106 387 152
person 0.0316 398 98 438 153
person 0.0313 315 59 356 158
person 0.0310 372 85 423 162
person 0.0308 315 35 397 177
person 0.0307 147 82 181 177
person 0.0305 262 52 330 217
person 0.0304 132 81 164 176
person 0.0304 370 83 387 135
person 0.0303 166 114 199 192
person 0.0281 407 121 426 153
person 0.0280 165 152 184 189
person 0.0277 395 122 421 153
person 0.0275 79 71 152 228
person 0.0271 411 98 451 152
person 0.0267 1 14 20 66
person 0.0266 236 103 257 159
person 0.0264 331 103 349 152
person 0.0264 161 72 196 159
person 0.0263 326 87 342 137
person 0.0257 205 115 227 174
person 0.0256 101 113 118 150
person 0.0255 159 134 194 217
person 0.0254 80 112 97 148
person 0.0253 416 64 499 175
person 0.0252 307 68 340 153
person 0.0252 194 26 281 240
person 0.0250 382 91 456 158
person 0.0248 208 124 223 165
person 0.0248 235 187 253 222
person 0.0245 289 48 370 207
person 0.0245 372 101 398 155
person 0.0244 112 90 158 212
person 0.0243 406 122 450 151
person 0.0242 253 93 285 180
person 0.0241 203 53 257 191
person 0.0236 471 116 491 159
person 0.0235 145 104 158 150
person 0.0234 158 67 178 104
person 0.0233 170 140 194 191
person 0.0233 89 112 110 161
person 0.0233 142 138 167 211
person 0.0229 355 35 373 65
person 0.0229 360 101 385 154
person 0.0226 344 90 368 150
person 0.0222 441 95 493 168
person 0.0221 212 133 233 182
person 0.0218 74 89 124 207
person 0.0217 0 12 51 140
person 0.0214 164 62 182 97
person 0.0211 370 37 386 65
person 0.0211 0 1 20 45
person 0.0209 361 36 380 65
person 0.0209 154 105 168 148
person 0.0209 225 49 238 67
person 0.0208 228 127 245 167
person 0.0207 377 38 489 179
person 0.0207 90 126 107 171
person 0.0206 387 119 432 159
person 0.0204 424 100 445 138
person 0.0203 18 36 39 74
person 0.0203 7 17 28 61
person 0.0202 350 100 375 155
person 0.0202 418 26 433 58
person 0.0201 2 34 19 92
train 0.8784 26 0 497 369
train 0.1759 0 0 96 310
train 0.1262 10 107 78 294
train 0.0824 347 0 498 190
train 0.0808 50 3 169 262
train 0.0778 8 13 75 208
train 0.0742 17 5 122 228
train 0.0702 7 190 72 295
train 0.0532 75 42 151 211
train 0.0484 235 0 489 324
train 0.0401 2 7 74 102
train 0.0379 91 0 246 240
train 0.0369 355 22 499 348
train 0.0356 92 70 177 229
train 0.0340 0 96 142 296
train 0.0328 7 0 265 356
train 0.0258 98 172 500 375
train 0.0245 131 75 208 227
train 0.0242 71 103 155 271
train 0.0238 255 6 451 200
train 0.0236 0 80 93 228
train 0.0233 14 1 129 120
train 0.0218 10 163 122 286
train 0.0215 374 0 487 124
train 0.0206 81 11 181 182
train 0.0205 201 0 500 133
