aeroplane 0.0278 0 0 409 375
bicycle 0.0352 344 255 492 370
bicycle 0.0319 446 194 500 305
bicycle 0.0253 430 167 500 263
bicycle 0.0219 336 337 500 375
bird 0.0582 0 304 142 373
bird 0.0368 4 294 67 375
bird 0.0290 0 316 38 374
bird 0.0232 53 288 135 375
bird 0.0231 2 217 145 375
bird 0.0218 29 341 139 373
bird 0.0203 76 310 130 375
boat 0.0423 467 220 499 284
boat 0.0401 410 162 447 185
boat 0.0236 8 3 500 326
bottle 0.0827 302 164 425 254
bottle 0.0448 369 181 448 261
bottle 0.0393 309 165 392 219
bottle 0.0314 300 175 349 235
bottle 0.0285 338 168 382 219
bottle 0.0250 385 152 445 187
bottle 0.0225 328 170 390 195
bottle 0.0218 304 177 371 212
bottle 0.0208 354 182 412 254
bottle 0.0203 307 176 341 216
car 0.1920 68 134 101 154
car 0.1912 71 144 149 207
car 0.1399 333 154 399 183
car 0.1336 67 136 121 161
car 0.1253 464 206 499 298
car 0.1185 96 146 196 201
car 0.0910 67 141 115 204
car 0.0890 67 125 111 155
car 0.0852 254 163 432 255
car 0.0834 316 154 401 206
car 0.0812 343 154 389 171
car 0.0805 125 137 153 152
car 0.0791 67 139 142 182
car 0.0766 133 146 209 192
car 0.0755 80 136 123 152
car 0.0718 118 136 142 152
car 0.0694 74 148 178 238
car 0.0675 77 132 146 157
car 0.0632 102 136 132 151
car 0.0629 39 136 142 219
car 0.0594 174 141 213 172
car 0.0579 181 172 308 249
car 0.0576 120 138 160 159
car 0.0549 349 155 431 186
car 0.0540 68 124 88 151
car 0.0534 85 166 173 210
car 0.0527 66 135 102 180
car 0.0510 63 126 147 169
car 0.0507 130 135 170 153
car 0.0496 102 138 160 193
car 0.0494 117 141 189 182
car 0.0478 268 152 316 184
car 0.0469 100 138 146 159
car 0.0463 68 124 202 210
car 0.0451 123 153 245 209
car 0.0446 112 140 141 156
car 0.0443 10 145 186 345
car 0.0441 464 196 500 254
car 0.0431 71 120 95 148
car 0.0420 449 182 500 273
car 0.0418 106 131 162 156
car 0.0415 174 159 209 193
car 0.0411 0 75 351 327
car 0.0402 80 141 157 169
car 0.0398 18 138 162 267
car 0.0389 289 149 433 226
car 0.0382 444 352 500 375
car 0.0381 164 144 218 184
car 0.0374 128 142 175 167
car 0.0374 72 146 106 171
car 0.0365 471 218 500 263
car 0.0363 455 193 500 348
car 0.0350 419 287 498 374
car 0.0337 135 167 198 200
car 0.0334 285 145 391 184
car 0.0330 75 149 134 173
car 0.0324 176 198 316 267
car 0.0321 114 133 136 148
car 0.0316 325 166 388 189
car 0.0314 78 145 127 162
car 0.0314 334 162 385 181
car 0.0312 134 134 161 147
car 0.0306 113 143 154 166
car 0.0299 135 136 192 163
car 0.0298 123 154 181 198
car 0.0298 90 130 138 150
car 0.0296 36 148 266 254
car 0.0289 348 153 379 180
car 0.0286 75 153 124 186
car 0.0285 55 126 102 166
car 0.0283 200 148 343 219
car 0.0280 472 239 500 296
car 0.0277 475 209 500 242
car 0.0274 478 195 500 227
car 0.0271 54 139 95 205
car 0.0268 342 316 497 373
car 0.0267 0 42 120 375
car 0.0266 64 64 147 205
car 0.0265 159 171 274 222
car 0.0259 64 166 134 211
car 0.0258 64 138 96 163
car 0.0257 78 181 157 217
car 0.0253 326 150 448 193
car 0.0252 159 170 206 195
car 0.0251 436 335 500 372
car 0.0247 146 135 187 153
car 0.0239 4 125 116 223
car 0.0238 347 151 385 164
car 0.0237 88 169 218 236
car 0.0235 377 215 500 367
car 0.0235 381 351 478 375
car 0.0234 113 122 272 189
car 0.0232 96 129 202 173
car 0.0226 0 0 424 249
car 0.0221 73 155 107 179
car 0.0218 46 130 113 191
car 0.0214 464 221 498 243
car 0.0214 227 217 321 259
car 0.0206 470 263 500 292
car 0.0205 91 153 137 170
car 0.0205 455 246 500 306
car 0.0204 156 145 205 173
chair 0.0465 300 165 406 249
chair 0.0303 78 156 130 210
chair 0.0243 289 169 385 220
dog 0.0436 6 247 143 374
motorbike 0.8779 101 160 328 337
motorbike 0.2581 142 162 401 296
motorbike 0.1682 302 165 449 265
motorbike 0.1566 464 201 499 297
motorbike 0.1400 93 150 258 277
motorbike 0.1214 46 150 244 349
motorbike 0.1197 127 141 198 202
motorbike 0.0955 152 163 319 248
motorbike 0.0953 84 152 201 242
motorbike 0.0797 0 80 415 354
motorbike 0.0732 126 156 221 232
motorbike 0.0708 103 138 218 214
motorbike 0.0667 131 163 196 218
motorbike 0.0622 251 157 467 341
motorbike 0.0591 139 168 247 252
motorbike 0.0584 224 165 386 245
motorbike 0.0558 443 176 500 290
motorbike 0.0556 122 167 209 287
motorbike 0.0523 328 172 490 371
motorbike 0.0520 153 148 223 207
motorbike 0.0475 95 142 299 225
motorbike 0.0443 183 189 351 327
motorbike 0.0443 197 188 315 282
motorbike 0.0416 133 216 317 316
motorbike 0.0411 393 172 492 273
motorbike 0.0405 63 131 170 270
motorbike 0.0403 0 143 137 363
motorbike 0.0387 227 180 432 285
motorbike 0.0384 56 128 241 244
motorbike 0.0348 16 37 154 336
motorbike 0.0330 95 150 476 369
motorbike 0.0319 97 157 180 302
motorbike 0.0303 151 173 238 215
motorbike 0.0301 81 123 181 210
motorbike 0.0286 0 159 203 302
motorbike 0.0285 146 176 270 333
motorbike 0.0281 60 91 160 217
motorbike 0.0272 225 208 332 304
motorbike 0.0246 130 195 268 270
motorbike 0.0233 322 185 500 283
motorbike 0.0228 163 184 264 242
motorbike 0.0223 440 208 493 269
motorbike 0.0222 97 242 327 347
motorbike 0.0221 100 211 171 324
motorbike 0.0215 213 214 300 256
motorbike 0.0201 117 172 192 247
motorbike 0.0200 205 237 324 334
person 0.3275 271 143 311 180
person 0.2705 424 348 493 375
person 0.2065 185 141 210 175
person 0.1949 175 142 211 189
person 0.1927 247 139 268 170
person 0.1885 174 139 192 171
person 0.1601 126 140 162 200
person 0.1473 229 206 250 245
person 0.1380 288 141 311 176
person 0.1242 134 138 156 172
person 0.1239 169 139 185 170
person 0.1147 266 141 315 209
person 0.1094 123 139 151 187
person 0.1091 119 134 138 162
person 0.1049 446 347 480 375
person 0.1024 139 139 163 159
person 0.1015 130 143 191 199
person 0.0989 176 140 207 167
person 0.0964 387 341 498 374
person 0.0963 1 147 149 372
person 0.0944 136 138 157 153
person 0.0938 157 140 204 197
person 0.0936 304 162 430 257
person 0.0904 192 169 301 250
person 0.0899 165 139 189 182
person 0.0898 458 177 498 276
person 0.0894 120 141 140 177
person 0.0885 114 133 130 154
person 0.0881 161 138 179 169
person 0.0880 476 181 500 259
person 0.0865 124 138 150 160
person 0.0862 117 143 148 206
person 0.0857 436 347 468 374
person 0.0844 139 141 162 180
person 0.0810 269 145 290 177
person 0.0805 116 158 227 298
person 0.0786 0 0 228 347
person 0.0780 164 170 296 318
person 0.0769 205 193 251 258
person 0.0768 248 139 291 179
person 0.0758 194 145 215 182
person 0.0756 148 140 172 158
person 0.0756 455 349 498 375
person 0.0752 481 182 498 223
person 0.0751 4 0 451 337
person 0.0749 220 208 247 251
person 0.0735 234 201 256 240
person 0.0724 177 142 189 160
person 0.0723 154 138 182 184
person 0.0723 248 146 318 236
person 0.0718 257 142 275 171
person 0.0712 293 133 319 175
person 0.0704 442 324 498 375
person 0.0700 141 139 176 187
person 0.0699 110 134 122 151
person 0.0690 115 132 145 182
person 0.0689 164 143 175 156
person 0.0687 172 145 182 158
person 0.0685 217 178 268 249
person 0.0683 204 143 222 177
person 0.0681 129 137 144 155
person 0.0680 153 140 170 152
person 0.0679 169 169 257 271
person 0.0677 55 160 167 337
person 0.0675 260 136 302 185
person 0.0675 122 136 135 152
person 0.0658 241 140 273 181
person 0.0657 72 119 93 150
person 0.0639 128 151 173 218
person 0.0635 167 152 221 203
person 0.0616 237 157 354 254
person 0.0595 151 148 224 246
person 0.0578 283 154 310 183
person 0.0575 248 143 265 160
person 0.0569 140 141 153 152
person 0.0566 315 259 331 294
person 0.0561 171 142 184 153
person 0.0559 198 139 215 171
person 0.0558 127 134 161 155
person 0.0557 168 142 189 157
person 0.0556 83 126 105 153
person 0.0553 280 151 359 186
person 0.0551 268 116 312 184
person 0.0548 121 134 167 169
person 0.0545 185 137 222 186
person 0.0536 84 134 119 153
person 0.0532 229 170 284 241
person 0.0517 214 214 235 250
person 0.0513 146 142 159 152
person 0.0509 360 165 463 272
person 0.0508 98 136 158 204
person 0.0504 115 139 133 166
person 0.0503 416 213 496 364
person 0.0500 424 160 493 284
person 0.0496 264 146 356 214
person 0.0496 186 181 240 250
person 0.0494 380 158 404 187
person 0.0490 476 161 500 228
person 0.0485 361 156 403 186
person 0.0483 98 129 114 152
person 0.0475 225 198 265 241
person 0.0466 152 137 182 162
person 0.0463 191 191 265 315
person 0.0460 95 131 131 155
person 0.0460 24 257 47 290
person 0.0451 131 148 155 193
person 0.0450 153 158 206 223
person 0.0450 117 135 127 149
person 0.0448 166 137 211 172
person 0.0447 202 154 223 188
person 0.0446 411 308 499 375
person 0.0445 321 147 479 352
person 0.0445 261 134 334 191
person 0.0444 145 135 173 167
person 0.0443 185 155 210 192
person 0.0440 344 153 397 194
person 0.0438 320 156 401 233
person 0.0438 175 139 193 155
person 0.0438 160 138 180 150
person 0.0434 247 159 309 205
person 0.0417 93 135 147 173
person 0.0412 80 153 138 208
person 0.0411 182 142 201 162
person 0.0408 127 133 216 222
person 0.0406 457 143 498 235
person 0.0404 197 214 216 249
person 0.0403 171 169 220 241
person 0.0402 127 143 163 165
person 0.0398 240 140 259 171
person 0.0397 182 145 230 221
person 0.0396 192 141 209 164
person 0.0390 203 205 276 248
person 0.0385 250 204 271 237
person 0.0383 107 133 124 158
person 0.0382 236 147 316 190
person 0.0381 241 210 263 244
person 0.0380 145 138 162 150
person 0.0378 202 166 251 234
person 0.0377 468 212 499 271
person 0.0375 157 144 166 153
person 0.0374 223 186 316 255
person 0.0374 135 167 190 236
person 0.0372 320 165 397 198
person 0.0370 194 210 244 254
person 0.0364 143 141 201 171
person 0.0361 70 119 107 157
person 0.0361 283 160 383 206
person 0.0360 306 137 324 164
person 0.0360 97 188 192 332
person 0.0360 34 148 128 318
person 0.0359 399 190 450 260
person 0.0358 268 138 286 168
person 0.0358 284 168 384 293
person 0.0357 69 121 85 148
person 0.0353 167 138 187 150
person 0.0352 18 255 50 312
person 0.0352 9 243 138 373
person 0.0351 18 256 39 292
person 0.0350 272 146 433 303
person 0.0350 220 188 341 311
person 0.0349 108 127 138 170
person 0.0348 197 159 218 192
person 0.0346 269 163 339 197
person 0.0345 275 159 324 223
person 0.0345 81 119 97 145
person 0.0340 213 160 304 218
person 0.0337 91 149 178 278
person 0.0337 242 168 391 227
person 0.0335 179 169 204 196
person 0.0335 160 139 197 160
person 0.0332 172 162 208 212
person 0.0328 212 149 227 175
person 0.0325 329 176 444 309
person 0.0325 308 150 381 192
person 0.0324 208 138 318 267
person 0.0324 210 202 242 245
person 0.0322 402 347 460 375
person 0.0322 379 255 484 372
person 0.0318 203 215 224 250
person 0.0318 293 142 337 194
person 0.0316 5 253 69 375
person 0.0315 277 125 324 174
person 0.0311 293 150 315 180
person 0.0310 160 150 255 222
person 0.0310 475 346 499 375
person 0.0309 148 150 181 198
person 0.0306 231 154 244 174
person 0.0304 5 242 37 305
person 0.0295 230 203 276 263
person 0.0295 205 146 283 195
person 0.0294 218 139 270 179
person 0.0293 318 144 332 169
person 0.0290 299 124 318 160
person 0.0290 196 148 251 190
person 0.0289 274 152 309 200
person 0.0289 189 157 269 214
person 0.0288 203 167 287 200
person 0.0288 0 310 38 375
person 0.0286 12 291 61 370
person 0.0285 212 206 255 235
person 0.0284 182 141 294 227
person 0.0284 313 241 333 294
person 0.0283 118 145 149 164
person 0.0282 339 170 387 187
person 0.0281 236 158 279 216
person 0.0280 241 137 272 160
person 0.0278 428 338 486 367
person 0.0277 299 168 347 226
person 0.0276 187 200 225 254
person 0.0276 457 174 500 359
person 0.0269 467 334 500 375
person 0.0268 286 141 381 240
person 0.0268 179 142 188 154
person 0.0268 132 165 182 206
person 0.0267 233 182 259 231
person 0.0265 173 164 247 199
person 0.0264 114 147 138 171
person 0.0264 333 178 409 260
person 0.0263 473 182 494 216
person 0.0263 171 145 202 179
person 0.0263 221 204 244 235
person 0.0262 202 141 214 163
person 0.0260 12 253 30 293
person 0.0260 289 144 322 165
person 0.0257 156 145 187 164
person 0.0256 6 251 44 343
person 0.0255 405 326 467 375
person 0.0254 296 125 335 178
person 0.0254 173 161 199 194
person 0.0253 369 158 431 187
person 0.0253 140 155 165 197
person 0.0252 225 158 236 174
person 0.0249 262 158 308 183
person 0.0249 284 151 320 172
person 0.0249 32 33 118 191
person 0.0248 29 255 51 282
person 0.0247 307 147 325 174
person 0.0246 338 165 384 213
person 0.0245 445 174 491 251
person 0.0244 270 141 301 169
person 0.0244 375 190 471 327
person 0.0243 251 141 276 158
person 0.0243 172 137 200 151
person 0.0242 195 151 226 198
person 0.0241 463 119 500 296
person 0.0240 266 170 340 236
person 0.0240 323 149 341 176
person 0.0238 67 146 141 261
person 0.0236 486 188 500 237
person 0.0236 349 155 378 185
person 0.0236 290 119 313 169
person 0.0236 231 216 259 248
person 0.0235 238 192 255 221
person 0.0234 206 209 239 277
person 0.0234 198 131 226 180
person 0.0232 279 145 321 193
person 0.0229 357 162 385 190
person 0.0228 422 190 464 262
person 0.0226 0 340 23 375
person 0.0226 218 205 261 277
person 0.0225 109 153 140 204
person 0.0225 265 164 304 232
person 0.0224 221 203 256 225
person 0.0223 312 137 335 174
person 0.0223 228 147 254 178
person 0.0223 201 165 224 197
person 0.0223 157 132 178 157
person 0.0222 133 137 142 149
person 0.0222 205 136 242 184
person 0.0221 72 132 128 177
person 0.0220 164 128 184 157
person 0.0220 155 168 178 200
person 0.0219 301 173 371 257
person 0.0218 206 147 230 184
person 0.0218 241 197 264 232
person 0.0217 188 218 213 251
person 0.0217 102 155 165 235
person 0.0217 160 162 193 201
person 0.0215 115 125 138 154
person 0.0214 263 143 275 158
person 0.0214 113 130 125 145
person 0.0214 232 105 305 217
person 0.0213 255 205 279 236
person 0.0213 317 135 331 159
person 0.0213 331 171 418 206
person 0.0213 307 127 324 156
person 0.0212 232 131 288 193
person 0.0211 328 152 349 181
person 0.0211 129 130 187 160
person 0.0211 245 217 274 242
person 0.0211 299 226 337 294
person 0.0207 261 99 324 213
person 0.0206 66 163 104 230
person 0.0206 211 18 500 375
person 0.0206 251 170 292 233
person 0.0205 431 343 456 371
person 0.0205 13 250 46 286
person 0.0204 472 193 496 231
person 0.0204 316 152 335 180
person 0.0204 200 202 231 243
pottedplant 0.0953 314 172 448 261
pottedplant 0.0506 409 162 448 185
pottedplant 0.0280 375 178 447 256
pottedplant 0.0267 391 154 451 187
pottedplant 0.0233 458 112 498 202
pottedplant 0.0202 330 335 500 375
train 0.0488 0 0 416 330
train 0.0277 56 27 151 165
tvmonitor 0.0700 302 159 411 240
tvmonitor 0.0434 305 167 396 214
tvmonitor 0.0282 0 11 59 57
