boat 0.0743 34 303 280 444
bottle 0.0671 110 232 168 285
bottle 0.0658 191 261 204 301
bottle 0.0487 109 227 153 267
bottle 0.0456 105 232 195 307
bottle 0.0425 103 211 165 257
bottle 0.0418 127 229 167 260
bottle 0.0416 195 257 206 299
bottle 0.0400 187 259 199 298
bottle 0.0397 109 228 134 265
bottle 0.0391 117 225 161 250
bottle 0.0384 47 239 262 445
bottle 0.0373 180 261 193 301
bottle 0.0365 115 240 152 275
bottle 0.0362 119 232 146 256
bottle 0.0348 135 235 166 276
bottle 0.0338 78 222 226 339
bottle 0.0336 162 250 174 294
bottle 0.0333 150 251 165 289
bottle 0.0330 101 197 164 241
bottle 0.0312 174 255 190 297
bottle 0.0310 122 228 147 246
bottle 0.0305 107 237 142 289
bottle 0.0302 119 232 134 269
bottle 0.0301 156 254 168 293
bottle 0.0292 136 227 165 247
bottle 0.0290 92 192 180 258
bottle 0.0285 123 235 143 272
bottle 0.0279 144 237 168 298
bottle 0.0273 132 228 153 248
bottle 0.0272 183 257 204 299
bottle 0.0271 115 246 177 296
bottle 0.0267 148 239 165 279
bottle 0.0259 168 250 198 301
bottle 0.0256 165 246 178 289
bottle 0.0254 121 217 168 243
bottle 0.0250 108 243 135 271
bottle 0.0242 158 243 178 301
bottle 0.0242 171 252 184 295
bottle 0.0241 117 230 136 252
bottle 0.0238 109 266 172 309
bottle 0.0230 133 221 162 238
bottle 0.0224 112 224 141 257
bottle 0.0207 145 232 166 258
bottle 0.0206 134 229 148 262
bottle 0.0204 136 233 185 289
bottle 0.0203 100 218 143 275
bottle 0.0200 152 272 163 301
car 0.0268 6 4 105 146
car 0.0257 10 1 133 92
car 0.0246 18 11 179 139
car 0.0223 3 0 62 118
chair 0.0873 5 139 266 449
chair 0.0428 39 273 287 461
chair 0.0287 47 350 263 446
chair 0.0246 136 356 278 441
chair 0.0237 265 0 317 193
chair 0.0227 290 0 320 167
chair 0.0212 34 359 160 449
chair 0.0208 208 7 302 174
chair 0.0206 106 174 292 451
person 0.9227 38 8 278 447
person 0.0888 118 229 167 274
person 0.0815 103 219 185 287
person 0.0627 39 148 136 444
person 0.0511 122 237 150 276
person 0.0504 101 206 171 265
person 0.0494 37 11 148 333
person 0.0467 178 53 281 394
person 0.0430 112 221 167 256
person 0.0403 44 69 183 435
person 0.0387 129 227 158 245
person 0.0378 126 231 158 253
person 0.0354 140 27 278 290
person 0.0335 38 288 259 449
person 0.0325 58 14 199 118
person 0.0324 80 200 220 312
person 0.0317 86 150 270 309
person 0.0312 83 208 267 376
person 0.0309 0 0 28 83
person 0.0307 137 231 166 289
person 0.0294 238 10 305 200
person 0.0289 201 4 293 310
person 0.0278 155 159 278 449
person 0.0277 1 2 57 77
person 0.0276 96 186 198 276
person 0.0267 290 0 320 196
person 0.0263 41 12 221 255
person 0.0251 0 1 26 44
person 0.0249 123 18 254 125
person 0.0246 34 42 107 281
person 0.0243 133 234 148 271
person 0.0242 266 0 317 215
person 0.0239 219 51 303 398
person 0.0237 217 130 279 324
person 0.0232 129 225 153 268
person 0.0231 130 221 158 237
person 0.0230 110 228 145 282
person 0.0230 66 161 189 299
person 0.0226 124 238 192 285
person 0.0226 134 235 160 266
person 0.0224 41 167 225 357
person 0.0218 14 153 100 459
person 0.0216 219 69 284 240
person 0.0212 13 19 84 181
person 0.0210 122 207 211 293
person 0.0204 219 4 288 167
pottedplant 0.0402 106 230 178 304
pottedplant 0.0300 111 274 165 306
pottedplant 0.0214 115 250 161 303
pottedplant 0.0206 293 1 318 103
tvmonitor 0.0328 26 15 247 163
