aeroplane 0.0695 141 164 330 230
aeroplane 0.0436 144 184 263 223
aeroplane 0.0410 0 0 473 335
aeroplane 0.0230 119 144 468 270
aeroplane 0.0219 220 160 371 231
aeroplane 0.0209 140 178 277 247
bird 0.0241 15 0 362 116
boat 0.1116 359 0 498 269
boat 0.0478 146 185 268 225
boat 0.0442 146 135 376 229
boat 0.0417 111 160 326 235
boat 0.0398 20 155 164 247
boat 0.0374 19 151 301 253
boat 0.0361 162 224 251 256
boat 0.0335 186 234 249 261
boat 0.0323 167 199 262 229
boat 0.0323 154 205 259 248
boat 0.0300 334 0 459 208
boat 0.0289 78 191 141 220
boat 0.0285 42 166 248 233
boat 0.0268 32 171 155 218
boat 0.0259 130 185 296 246
boat 0.0259 175 244 240 263
boat 0.0254 412 0 500 203
boat 0.0252 0 0 423 247
boat 0.0251 188 249 229 261
boat 0.0245 3 93 196 252
boat 0.0237 47 195 150 229
boat 0.0236 197 241 237 258
boat 0.0236 153 116 259 229
boat 0.0231 165 181 354 231
boat 0.0229 361 65 481 203
boat 0.0228 216 235 244 251
boat 0.0214 168 0 500 277
boat 0.0209 5 189 96 226
boat 0.0209 198 235 237 251
boat 0.0207 0 147 56 272
boat 0.0203 239 146 405 222
boat 0.0200 171 227 240 246
bus 0.0630 0 189 106 264
bus 0.0476 16 197 105 234
bus 0.0431 30 195 102 220
bus 0.0429 25 186 148 226
bus 0.0369 11 149 146 261
bus 0.0334 0 184 59 281
bus 0.0319 57 198 101 217
bus 0.0243 30 197 124 253
bus 0.0237 43 168 156 221
bus 0.0233 6 109 101 256
bus 0.0230 0 175 31 284
bus 0.0224 14 167 109 226
car 0.7452 384 163 500 277
car 0.3595 0 214 27 242
car 0.3006 0 220 54 280
car 0.2257 0 215 35 268
car 0.1894 455 194 496 278
car 0.1470 433 170 498 271
car 0.1217 0 205 94 278
car 0.1108 0 225 68 313
car 0.0908 388 212 417 254
car 0.0883 402 167 500 232
car 0.0842 397 208 500 267
car 0.0829 390 210 426 274
car 0.0815 0 209 83 250
car 0.0801 388 186 455 275
car 0.0787 0 224 27 256
car 0.0785 448 231 497 283
car 0.0775 0 234 24 275
car 0.0754 462 176 500 254
car 0.0740 0 238 42 293
car 0.0737 388 60 500 272
car 0.0718 273 197 325 232
car 0.0698 0 248 70 288
car 0.0656 0 236 49 266
car 0.0655 388 220 406 253
car 0.0639 1 220 47 249
car 0.0584 388 205 433 250
car 0.0573 454 170 500 214
car 0.0563 418 166 500 205
car 0.0558 0 250 22 290
car 0.0558 9 214 35 240
car 0.0540 225 201 249 227
car 0.0539 0 232 39 252
car 0.0535 456 218 498 259
car 0.0530 191 164 383 228
car 0.0503 0 208 25 231
car 0.0502 386 229 462 271
car 0.0481 382 173 467 246
car 0.0480 3 198 94 234
car 0.0471 389 235 433 288
car 0.0459 449 219 486 270
car 0.0449 0 198 48 247
car 0.0436 401 233 494 286
car 0.0434 22 236 57 275
car 0.0429 281 160 453 232
car 0.0423 267 188 363 227
car 0.0418 4 214 54 238
car 0.0410 280 213 320 233
car 0.0380 388 209 417 235
car 0.0364 11 231 100 273
car 0.0360 447 238 477 266
car 0.0355 222 197 261 236
car 0.0351 22 206 106 244
car 0.0349 476 177 500 215
car 0.0344 9 186 137 283
car 0.0338 390 199 428 232
car 0.0338 392 207 462 243
car 0.0326 282 206 342 232
car 0.0320 391 191 447 235
car 0.0319 0 226 152 298
car 0.0316 54 222 96 239
car 0.0310 451 239 494 259
car 0.0309 440 171 498 196
car 0.0308 471 215 499 274
car 0.0307 459 171 500 190
car 0.0305 0 254 38 277
car 0.0304 464 196 499 217
car 0.0302 455 166 492 179
car 0.0302 1 252 46 336
car 0.0299 409 209 459 263
car 0.0299 12 218 72 241
car 0.0297 14 235 57 253
car 0.0296 28 215 99 265
car 0.0294 443 166 476 178
car 0.0292 367 154 499 355
car 0.0290 434 239 470 259
car 0.0289 479 210 500 254
car 0.0283 3 208 35 224
car 0.0282 388 215 409 239
car 0.0277 0 246 27 318
car 0.0275 477 190 500 238
car 0.0275 444 171 490 186
car 0.0274 14 228 55 245
car 0.0272 0 195 23 239
car 0.0269 3 248 51 271
car 0.0267 398 206 438 224
car 0.0266 292 171 486 263
car 0.0264 41 216 102 238
car 0.0261 0 169 36 244
car 0.0259 452 232 494 252
car 0.0256 430 171 471 186
car 0.0256 0 266 36 290
car 0.0255 399 180 453 221
car 0.0254 464 184 499 209
car 0.0253 460 161 490 173
car 0.0252 452 218 495 239
car 0.0252 278 36 500 270
car 0.0250 384 168 444 218
car 0.0249 400 236 454 262
car 0.0249 295 217 334 233
car 0.0248 27 223 62 239
car 0.0247 439 162 499 183
car 0.0246 429 211 469 270
car 0.0244 0 267 75 304
car 0.0244 381 186 424 251
car 0.0244 395 198 424 220
car 0.0242 18 220 47 240
car 0.0238 0 238 33 260
car 0.0237 438 183 494 232
car 0.0237 445 205 494 252
car 0.0236 482 226 500 274
car 0.0236 40 196 104 225
car 0.0234 306 194 367 230
car 0.0233 386 232 420 251
car 0.0232 0 31 500 375
car 0.0232 400 209 433 233
car 0.0229 4 261 47 282
car 0.0228 427 239 457 261
car 0.0228 440 167 461 180
car 0.0223 18 215 60 271
car 0.0222 420 169 486 189
car 0.0221 315 198 363 216
car 0.0221 448 153 500 195
car 0.0219 185 199 262 226
car 0.0219 0 204 42 229
car 0.0218 0 247 71 362
car 0.0217 411 196 440 219
car 0.0216 2 199 22 223
car 0.0212 390 171 478 212
car 0.0211 447 162 472 173
car 0.0211 406 155 489 192
car 0.0210 407 202 428 229
car 0.0210 410 188 441 212
car 0.0209 55 198 100 239
car 0.0208 399 160 460 204
car 0.0207 413 175 453 205
car 0.0205 455 178 498 199
car 0.0204 414 239 475 270
car 0.0203 230 195 337 234
car 0.0203 64 199 103 217
car 0.0203 410 182 489 215
car 0.0203 470 159 493 175
car 0.0202 387 225 425 247
car 0.0202 0 237 111 330
person 0.2089 447 237 482 290
person 0.2016 393 235 424 292
person 0.1330 450 218 495 284
person 0.0885 388 217 419 285
person 0.0651 447 240 471 278
person 0.0558 392 241 414 284
person 0.0551 389 240 401 282
person 0.0533 469 229 500 292
person 0.0500 344 0 500 261
person 0.0474 388 224 404 259
person 0.0471 470 252 491 288
person 0.0435 458 246 483 285
person 0.0427 482 241 500 287
person 0.0407 0 11 450 375
person 0.0403 238 234 253 254
person 0.0402 397 230 420 275
person 0.0393 402 243 425 283
person 0.0377 425 196 497 291
person 0.0366 397 256 422 295
person 0.0353 390 227 412 272
person 0.0339 385 203 449 298
person 0.0318 481 259 498 292
person 0.0317 3 235 30 274
person 0.0304 27 239 55 273
person 0.0294 435 231 473 281
person 0.0288 396 232 446 287
person 0.0281 223 205 257 258
person 0.0278 12 239 43 273
person 0.0276 241 228 253 246
person 0.0270 245 230 259 255
person 0.0270 232 228 246 246
person 0.0264 208 0 500 375
person 0.0263 405 245 437 288
person 0.0261 417 263 433 294
person 0.0258 228 209 248 234
person 0.0244 447 230 469 263
person 0.0243 415 252 434 284
person 0.0237 2 264 46 343
person 0.0236 225 213 240 233
person 0.0231 440 239 463 271
person 0.0230 413 243 473 286
person 0.0230 420 176 446 205
person 0.0229 0 250 26 331
person 0.0228 228 201 257 232
person 0.0228 438 2 495 73
person 0.0226 250 226 259 245
person 0.0225 451 246 498 294
person 0.0220 1 280 19 329
person 0.0220 235 211 255 237
person 0.0219 33 235 54 262
person 0.0219 474 270 492 293
person 0.0219 0 267 21 310
person 0.0219 227 230 239 245
person 0.0218 404 262 427 297
person 0.0216 0 222 22 288
person 0.0210 399 218 431 270
person 0.0209 390 223 495 297
person 0.0208 440 245 469 292
person 0.0208 387 238 394 256
person 0.0205 388 257 400 292
person 0.0204 37 236 60 269
person 0.0204 386 253 395 278
pottedplant 0.0809 229 233 248 258
pottedplant 0.0578 225 234 241 258
pottedplant 0.0323 235 233 255 251
pottedplant 0.0316 221 229 257 261
pottedplant 0.0308 225 244 243 261
pottedplant 0.0286 237 242 252 260
pottedplant 0.0278 216 238 238 258
pottedplant 0.0264 204 234 244 261
pottedplant 0.0249 241 232 259 254
pottedplant 0.0247 232 249 244 267
train 0.0712 1 0 477 272
train 0.0666 4 168 154 272
train 0.0496 8 20 183 275
train 0.0452 1 65 340 305
train 0.0421 9 118 159 249
train 0.0399 14 173 295 269
train 0.0360 260 159 500 254
train 0.0359 22 187 156 241
train 0.0346 36 90 402 235
train 0.0338 0 207 156 313
train 0.0336 26 194 104 220
train 0.0335 0 0 398 162
train 0.0328 58 110 492 291
train 0.0323 63 192 136 220
train 0.0307 416 176 496 210
train 0.0292 417 187 493 221
train 0.0279 130 145 411 238
train 0.0260 167 233 240 262
train 0.0220 418 202 491 235
train 0.0212 155 197 247 225
train 0.0212 412 337 498 375
tvmonitor 0.0217 326 0 500 190
