bird 0.0203 124 105 198 195
bottle 0.0921 455 313 476 338
bottle 0.0492 456 282 489 337
bottle 0.0415 457 300 481 337
bottle 0.0336 453 239 476 271
bottle 0.0293 453 263 498 374
bottle 0.0271 452 238 492 287
bottle 0.0259 49 1 135 31
bottle 0.0221 92 43 209 93
chair 0.1411 359 0 498 276
chair 0.0919 0 222 328 374
chair 0.0759 196 24 488 278
chair 0.0702 0 113 283 310
chair 0.0687 41 250 493 369
chair 0.0612 122 131 418 344
chair 0.0571 410 56 499 261
chair 0.0548 2 268 233 371
chair 0.0451 6 66 239 232
chair 0.0436 3 0 500 375
chair 0.0393 247 118 500 347
chair 0.0384 0 150 145 375
chair 0.0364 373 98 484 262
chair 0.0354 176 156 459 269
chair 0.0353 50 155 245 375
chair 0.0335 291 216 500 373
chair 0.0324 178 4 369 251
chair 0.0313 15 139 221 254
chair 0.0311 0 296 159 375
chair 0.0310 114 95 195 203
chair 0.0308 449 85 500 260
chair 0.0307 222 130 396 256
chair 0.0305 352 141 498 365
chair 0.0303 138 174 285 323
chair 0.0295 145 205 333 356
chair 0.0271 416 162 498 307
chair 0.0265 270 98 452 248
chair 0.0261 0 297 389 375
chair 0.0261 3 197 90 361
chair 0.0258 113 98 166 122
chair 0.0257 51 169 248 275
chair 0.0248 415 0 500 163
chair 0.0242 4 83 161 304
chair 0.0242 323 144 490 273
chair 0.0240 161 189 493 300
chair 0.0238 87 89 254 212
chair 0.0235 0 177 82 298
chair 0.0234 349 75 443 241
chair 0.0230 367 221 497 330
chair 0.0229 358 254 500 369
chair 0.0228 105 79 216 156
chair 0.0219 345 0 455 206
chair 0.0217 307 31 425 237
chair 0.0215 182 192 325 261
chair 0.0208 227 66 390 214
chair 0.0207 454 22 500 209
chair 0.0204 90 261 303 368
chair 0.0203 156 188 247 357
dog 0.5561 165 72 289 256
dog 0.3171 172 168 285 261
dog 0.2116 174 181 248 251
dog 0.1653 171 71 265 191
dog 0.1448 107 41 263 252
dog 0.1046 131 118 333 263
dog 0.0901 186 123 291 234
dog 0.0782 128 82 249 211
dog 0.0754 177 183 226 224
dog 0.0708 159 41 390 249
dog 0.0707 131 149 239 255
dog 0.0551 158 68 303 152
dog 0.0536 213 147 335 254
dog 0.0430 179 132 244 233
dog 0.0425 145 171 228 231
dog 0.0355 132 39 325 186
dog 0.0312 102 65 273 166
dog 0.0300 181 207 263 261
dog 0.0282 192 73 261 129
dog 0.0278 176 85 353 218
dog 0.0261 239 134 300 229
dog 0.0250 175 167 237 216
dog 0.0249 124 72 257 136
dog 0.0236 225 86 307 220
dog 0.0232 172 158 282 213
dog 0.0225 149 186 317 277
dog 0.0214 200 181 272 237
dog 0.0210 188 189 297 246
person 0.7828 0 0 223 359
person 0.3459 86 31 312 324
person 0.2602 5 64 407 370
person 0.1631 164 63 344 273
person 0.1313 60 47 228 292
person 0.0978 0 167 265 375
person 0.0946 88 11 248 228
person 0.0867 5 0 213 167
person 0.0863 141 121 276 323
person 0.0804 119 93 242 267
person 0.0620 124 0 460 303
person 0.0604 138 174 240 266
person 0.0561 0 260 195 375
person 0.0557 0 286 114 373
person 0.0537 196 136 290 262
person 0.0537 134 124 218 235
person 0.0480 0 337 80 375
person 0.0464 98 169 303 342
person 0.0460 100 49 196 210
person 0.0450 179 176 262 272
person 0.0436 41 0 140 29
person 0.0428 72 4 225 120
person 0.0421 34 3 198 54
person 0.0388 0 261 63 375
person 0.0371 3 17 161 244
person 0.0367 33 131 265 270
person 0.0344 27 346 57 375
person 0.0339 5 0 180 33
person 0.0324 179 171 221 222
person 0.0319 0 345 50 375
person 0.0311 169 148 229 229
person 0.0302 84 74 256 183
person 0.0302 0 0 205 87
person 0.0287 244 135 324 252
person 0.0283 81 37 214 97
person 0.0269 158 170 250 317
person 0.0255 64 135 215 342
person 0.0253 120 107 205 203
person 0.0252 2 7 87 151
person 0.0243 100 52 231 119
person 0.0242 3 1 95 56
person 0.0237 1 101 82 253
person 0.0232 178 200 305 264
person 0.0230 0 312 42 374
person 0.0229 95 140 213 252
person 0.0229 0 0 119 22
person 0.0227 160 9 306 203
person 0.0224 183 186 245 232
person 0.0221 126 63 243 140
person 0.0219 84 0 164 30
person 0.0212 139 8 255 153
person 0.0209 157 182 216 245
person 0.0202 0 326 153 375
person 0.0201 0 342 23 375
person 0.0200 0 1 42 63
pottedplant 0.1835 453 241 498 331
pottedplant 0.0520 456 279 491 338
pottedplant 0.0496 419 229 498 357
pottedplant 0.0390 462 267 496 322
pottedplant 0.0356 445 240 500 287
pottedplant 0.0326 459 253 499 299
pottedplant 0.0310 344 213 500 373
pottedplant 0.0282 443 268 495 366
pottedplant 0.0264 428 267 500 326
pottedplant 0.0258 434 205 500 319
pottedplant 0.0255 452 239 480 280
pottedplant 0.0242 385 133 500 360
pottedplant 0.0234 467 285 491 321
pottedplant 0.0229 477 246 500 323
sofa 0.2598 54 39 472 364
sofa 0.1295 0 78 331 335
sofa 0.1155 156 70 461 249
sofa 0.0880 6 223 496 374
sofa 0.0227 85 182 314 293
sofa 0.0206 32 197 331 335
