aeroplane 0.0820 21 0 495 228
aeroplane 0.0455 366 49 391 63
aeroplane 0.0448 139 0 500 142
aeroplane 0.0383 327 57 366 73
aeroplane 0.0371 328 54 390 81
aeroplane 0.0348 18 124 35 157
aeroplane 0.0347 15 2 266 305
aeroplane 0.0310 364 49 390 79
aeroplane 0.0285 328 52 385 106
aeroplane 0.0258 7 123 84 175
aeroplane 0.0253 332 59 354 70
aeroplane 0.0232 337 51 392 72
aeroplane 0.0222 337 47 426 155
aeroplane 0.0208 3 145 84 192
bicycle 0.0253 325 49 394 146
bird 0.0366 327 55 388 84
bird 0.0353 329 58 354 73
bird 0.0211 364 53 389 82
boat 0.0469 0 0 418 189
boat 0.0443 0 1 182 324
boat 0.0347 48 18 158 118
boat 0.0295 31 0 267 270
boat 0.0262 0 0 500 332
boat 0.0252 109 24 408 154
boat 0.0231 67 128 100 184
boat 0.0229 13 124 94 176
boat 0.0225 112 120 160 178
boat 0.0224 326 56 386 83
boat 0.0207 5 155 81 186
bus 0.0310 362 156 424 195
bus 0.0285 115 117 163 144
bus 0.0270 462 104 499 186
car 0.7540 415 173 463 198
car 0.2580 442 173 470 198
car 0.1989 0 176 19 218
car 0.1839 404 172 441 197
car 0.1644 0 171 18 202
car 0.1599 394 174 420 197
car 0.1145 0 172 11 197
car 0.1083 387 166 466 197
car 0.0912 480 174 500 192
car 0.0879 453 176 474 200
car 0.0830 2 163 18 191
car 0.0805 429 171 476 192
car 0.0792 440 184 475 201
car 0.0768 412 172 448 190
car 0.0741 471 175 491 192
car 0.0739 487 165 500 192
car 0.0724 375 165 429 196
car 0.0673 422 183 462 199
car 0.0654 0 175 25 191
car 0.0631 458 176 482 192
car 0.0611 448 168 483 199
car 0.0601 464 170 493 194
car 0.0599 452 172 476 188
car 0.0574 0 174 30 205
car 0.0567 472 181 500 195
car 0.0547 409 172 428 191
car 0.0537 0 161 12 215
car 0.0513 0 192 20 227
car 0.0498 397 171 422 190
car 0.0489 0 173 15 187
car 0.0475 456 181 484 197
car 0.0456 454 168 475 178
car 0.0446 419 167 450 178
car 0.0416 0 178 17 194
car 0.0397 1 178 47 220
car 0.0392 412 177 474 209
car 0.0389 429 167 458 177
car 0.0384 422 169 445 183
car 0.0382 396 185 423 199
car 0.0367 6 167 30 184
car 0.0360 462 167 481 181
car 0.0356 418 166 468 185
car 0.0344 407 169 432 179
car 0.0342 437 164 483 184
car 0.0342 2 158 23 183
car 0.0334 476 164 500 190
car 0.0330 0 198 27 218
car 0.0329 443 167 468 177
car 0.0322 0 165 31 195
car 0.0321 457 164 476 173
car 0.0320 414 187 446 200
car 0.0312 0 191 19 211
car 0.0306 438 164 457 172
car 0.0297 469 167 490 182
car 0.0294 8 172 41 186
car 0.0283 3 118 149 332
car 0.0283 462 110 497 192
car 0.0282 399 169 423 182
car 0.0281 424 169 454 193
car 0.0281 450 164 468 172
car 0.0280 400 166 452 184
car 0.0277 426 164 449 173
car 0.0276 385 181 406 195
car 0.0276 0 167 17 182
car 0.0275 0 0 500 332
car 0.0270 466 186 497 201
car 0.0269 412 153 489 197
car 0.0268 1 159 37 210
car 0.0267 4 176 43 192
car 0.0264 2 171 77 217
car 0.0264 429 166 443 175
car 0.0261 427 175 489 200
car 0.0259 47 169 63 181
car 0.0257 481 179 499 200
car 0.0253 459 160 498 192
car 0.0250 54 169 75 180
car 0.0249 438 167 451 175
car 0.0249 0 160 11 184
car 0.0246 419 160 468 177
car 0.0244 454 176 500 200
car 0.0242 0 187 31 215
car 0.0239 445 170 462 182
car 0.0238 0 208 28 223
car 0.0237 0 200 13 225
car 0.0233 13 168 41 181
car 0.0231 417 164 442 174
car 0.0230 451 168 461 176
car 0.0229 420 178 446 199
car 0.0229 406 188 434 200
car 0.0227 430 169 453 183
car 0.0224 422 167 436 176
car 0.0222 352 156 437 194
car 0.0221 36 169 61 180
car 0.0220 0 149 10 196
car 0.0220 489 178 500 201
car 0.0217 64 169 82 180
car 0.0217 60 173 84 184
car 0.0216 72 173 93 185
car 0.0214 49 172 77 183
car 0.0210 346 149 481 199
car 0.0208 451 183 490 202
car 0.0207 42 162 74 183
car 0.0205 7 162 33 178
car 0.0203 414 161 450 181
car 0.0203 464 163 485 176
car 0.0201 390 166 431 186
car 0.0200 18 172 52 184
motorbike 0.2043 393 175 415 197
motorbike 0.1211 394 169 430 198
motorbike 0.0932 388 162 416 198
motorbike 0.0381 4 227 85 332
motorbike 0.0360 0 2 487 332
motorbike 0.0294 0 23 194 273
motorbike 0.0228 390 183 409 199
motorbike 0.0212 371 174 404 197
person 0.4220 454 170 472 198
person 0.3634 394 171 413 197
person 0.1805 391 173 404 197
person 0.1784 463 169 476 191
person 0.1754 83 159 96 187
person 0.1692 409 171 427 197
person 0.1363 80 166 90 186
person 0.1275 458 167 474 186
person 0.1218 0 0 235 332
person 0.1118 475 171 488 189
person 0.1116 175 158 189 190
person 0.1086 455 174 467 188
person 0.1015 0 217 54 332
person 0.1010 173 162 183 189
person 0.0999 400 170 417 191
person 0.0933 92 164 102 186
person 0.0899 385 162 405 197
person 0.0886 0 0 500 304
person 0.0834 482 168 497 190
person 0.0800 100 163 111 184
person 0.0792 72 169 81 185
person 0.0750 382 172 394 195
person 0.0692 455 170 470 183
person 0.0691 414 173 425 187
person 0.0691 391 163 422 199
person 0.0655 75 157 93 189
person 0.0574 458 177 481 198
person 0.0563 467 171 477 185
person 0.0561 450 162 478 200
person 0.0528 457 173 466 183
person 0.0520 148 165 158 184
person 0.0518 167 169 176 186
person 0.0516 73 168 85 183
person 0.0513 64 169 73 184
person 0.0504 468 166 491 193
person 0.0503 84 154 103 187
person 0.0496 132 165 143 184
person 0.0494 487 162 500 190
person 0.0460 476 168 488 183
person 0.0457 89 169 106 187
person 0.0447 118 166 128 184
person 0.0446 178 162 196 192
person 0.0439 106 167 117 184
person 0.0436 79 162 93 181
person 0.0435 169 153 186 190
person 0.0429 125 166 135 184
person 0.0423 0 227 25 302
person 0.0420 418 172 433 186
person 0.0419 140 167 150 184
person 0.0411 154 168 165 186
person 0.0405 96 155 113 186
person 0.0398 54 169 65 184
person 0.0391 0 229 20 267
person 0.0378 445 173 457 186
person 0.0375 458 168 470 178
person 0.0367 411 171 428 183
person 0.0363 438 172 460 193
person 0.0359 171 151 195 195
person 0.0339 382 179 399 196
person 0.0335 416 173 425 181
person 0.0333 67 159 85 188
person 0.0329 458 162 481 190
person 0.0328 47 168 58 183
person 0.0327 448 173 455 181
person 0.0325 466 167 480 180
person 0.0323 0 192 12 230
person 0.0316 0 209 23 273
person 0.0312 371 175 387 196
person 0.0311 160 158 179 190
person 0.0300 1 213 37 287
person 0.0299 193 164 206 188
person 0.0298 422 171 432 180
person 0.0292 80 173 101 186
person 0.0287 4 181 82 332
person 0.0285 480 152 500 189
person 0.0283 429 170 438 179
person 0.0282 0 241 19 288
person 0.0282 74 123 89 151
person 0.0271 98 169 116 186
person 0.0271 0 204 18 233
person 0.0267 142 154 161 185
person 0.0260 171 172 188 192
person 0.0259 449 164 470 189
person 0.0258 71 163 80 180
person 0.0254 0 303 12 332
person 0.0253 437 171 446 180
person 0.0240 200 165 213 186
person 0.0239 134 154 154 185
person 0.0238 0 213 14 294
person 0.0235 107 163 121 180
person 0.0233 147 159 170 189
person 0.0229 39 169 50 183
person 0.0228 19 166 34 184
person 0.0227 99 158 121 187
person 0.0227 126 157 146 186
person 0.0226 402 166 420 179
person 0.0225 375 168 398 198
person 0.0222 0 211 18 252
person 0.0222 80 168 99 182
person 0.0222 76 173 96 190
person 0.0220 6 264 65 332
person 0.0219 0 230 11 277
person 0.0218 66 154 105 188
person 0.0218 51 162 81 184
person 0.0217 165 172 176 193
person 0.0213 60 170 79 185
person 0.0212 471 179 493 199
person 0.0212 118 156 139 186
person 0.0211 65 167 77 179
person 0.0209 465 147 496 195
person 0.0205 456 155 487 198
person 0.0205 5 138 145 332
person 0.0204 111 157 132 186
person 0.0202 43 281 60 321
person 0.0200 0 208 11 247
pottedplant 0.3414 324 162 342 195
pottedplant 0.2093 339 164 356 195
pottedplant 0.1713 343 166 363 194
pottedplant 0.1654 328 168 348 195
pottedplant 0.1548 365 156 396 193
pottedplant 0.1445 364 165 378 193
pottedplant 0.1384 354 169 371 194
pottedplant 0.1378 371 165 387 192
pottedplant 0.1370 330 158 360 195
pottedplant 0.1223 381 167 394 193
pottedplant 0.1078 339 158 371 195
pottedplant 0.0958 322 167 335 193
pottedplant 0.0949 381 158 406 195
pottedplant 0.0889 357 161 386 193
pottedplant 0.0726 343 155 399 195
pottedplant 0.0659 316 159 350 195
pottedplant 0.0635 393 162 410 188
pottedplant 0.0565 81 152 97 185
pottedplant 0.0562 382 175 398 193
pottedplant 0.0522 344 173 378 194
pottedplant 0.0486 351 156 377 193
pottedplant 0.0456 333 173 363 196
pottedplant 0.0440 76 143 102 187
pottedplant 0.0437 360 177 384 193
pottedplant 0.0374 320 176 343 192
pottedplant 0.0368 113 138 144 185
pottedplant 0.0361 312 170 324 190
pottedplant 0.0354 369 154 402 178
pottedplant 0.0352 373 178 395 192
pottedplant 0.0349 121 151 137 181
pottedplant 0.0339 345 159 366 185
pottedplant 0.0337 330 178 355 195
pottedplant 0.0311 116 155 129 180
pottedplant 0.0309 276 158 296 186
pottedplant 0.0305 362 155 381 182
pottedplant 0.0304 130 151 143 182
pottedplant 0.0300 386 155 406 182
pottedplant 0.0296 363 154 419 188
pottedplant 0.0294 386 157 416 189
pottedplant 0.0292 309 152 368 195
pottedplant 0.0289 306 160 328 190
pottedplant 0.0286 282 161 302 185
pottedplant 0.0283 95 152 114 185
pottedplant 0.0268 367 174 403 193
pottedplant 0.0266 298 154 347 192
pottedplant 0.0264 322 160 354 179
pottedplant 0.0263 386 178 406 192
pottedplant 0.0260 112 152 133 184
pottedplant 0.0259 106 160 118 180
pottedplant 0.0249 268 149 303 187
pottedplant 0.0249 317 147 408 197
pottedplant 0.0245 317 166 344 182
pottedplant 0.0244 303 169 317 186
pottedplant 0.0235 173 144 208 190
pottedplant 0.0234 245 149 274 186
pottedplant 0.0231 270 159 285 186
pottedplant 0.0229 139 157 151 181
pottedplant 0.0228 292 165 306 186
pottedplant 0.0226 375 155 411 170
pottedplant 0.0224 101 151 123 184
pottedplant 0.0223 127 140 158 187
pottedplant 0.0222 88 156 105 179
pottedplant 0.0218 77 156 94 179
pottedplant 0.0210 392 156 413 175
pottedplant 0.0207 382 172 404 187
pottedplant 0.0205 357 158 393 177
pottedplant 0.0205 252 159 269 185
pottedplant 0.0201 262 159 277 186
train 0.0328 0 164 35 195
train 0.0259 0 158 32 183
train 0.0248 0 161 55 186
train 0.0209 413 158 481 183
