bicycle 0.0258 8 49 173 187
bird 0.0349 304 0 367 26
bottle 0.0727 335 162 448 282
bottle 0.0286 212 203 311 275
bottle 0.0270 270 198 462 279
bottle 0.0251 339 126 484 324
bottle 0.0227 364 133 472 263
bottle 0.0207 435 71 460 150
car 0.0365 0 8 216 128
car 0.0326 0 0 83 47
car 0.0234 46 60 173 126
car 0.0202 8 104 164 194
chair 0.0393 12 12 202 120
chair 0.0333 331 154 486 239
chair 0.0326 244 7 357 145
chair 0.0311 36 50 175 151
chair 0.0304 13 2 215 72
chair 0.0284 432 89 499 226
chair 0.0281 0 8 289 249
chair 0.0260 359 63 488 214
chair 0.0256 5 0 318 90
chair 0.0239 66 36 243 166
chair 0.0237 233 5 359 76
chair 0.0225 266 125 468 277
chair 0.0219 0 0 160 190
chair 0.0216 112 6 356 201
chair 0.0214 338 145 487 356
chair 0.0212 0 0 108 50
chair 0.0202 86 4 309 67
chair 0.0202 77 61 180 180
chair 0.0200 332 193 484 282
diningtable 0.0285 236 165 477 283
diningtable 0.0280 198 188 500 333
diningtable 0.0261 30 116 500 364
diningtable 0.0233 300 97 500 236
diningtable 0.0224 161 73 500 285
dog 0.7464 247 41 353 209
dog 0.4730 0 258 128 373
dog 0.1443 255 26 442 212
dog 0.0945 0 160 500 375
dog 0.0892 0 303 86 375
dog 0.0831 11 260 301 371
dog 0.0774 235 131 364 238
dog 0.0719 5 137 150 375
dog 0.0701 219 52 365 296
dog 0.0552 237 25 356 129
dog 0.0549 259 100 375 215
dog 0.0545 296 0 373 21
dog 0.0527 54 26 387 282
dog 0.0485 0 305 43 375
dog 0.0472 220 172 361 267
dog 0.0433 186 200 403 283
dog 0.0393 276 0 349 25
dog 0.0344 165 61 379 214
dog 0.0333 245 95 323 212
dog 0.0324 44 265 127 349
dog 0.0310 74 213 346 366
dog 0.0291 159 193 338 267
dog 0.0287 161 146 377 276
dog 0.0285 348 0 383 15
dog 0.0268 0 332 23 374
dog 0.0265 29 152 262 373
dog 0.0256 248 42 335 89
dog 0.0255 228 97 425 260
dog 0.0251 279 48 350 164
dog 0.0240 253 42 328 155
dog 0.0240 270 42 352 112
dog 0.0207 78 120 361 314
dog 0.0200 330 0 377 18
person 0.6695 362 0 497 231
person 0.3022 235 29 371 219
person 0.2880 261 17 452 219
person 0.1284 280 0 500 311
person 0.0784 59 0 500 335
person 0.0735 427 0 497 153
person 0.0684 426 45 498 223
person 0.0644 323 81 471 282
person 0.0626 101 28 355 194
person 0.0622 346 9 447 173
person 0.0507 395 0 500 80
person 0.0469 0 165 137 372
person 0.0450 256 0 347 20
person 0.0438 178 40 396 328
person 0.0388 304 0 346 24
person 0.0375 365 0 483 110
person 0.0375 406 0 500 22
person 0.0373 263 152 470 286
person 0.0364 40 10 257 232
person 0.0359 134 0 438 240
person 0.0358 293 0 424 161
person 0.0317 455 1 498 73
person 0.0301 211 74 485 371
person 0.0299 344 68 440 216
person 0.0292 214 1 349 56
person 0.0290 9 30 175 334
person 0.0281 259 0 375 132
person 0.0262 0 0 24 32
person 0.0260 435 0 494 50
person 0.0258 217 0 333 15
person 0.0256 278 2 359 58
person 0.0247 2 2 97 122
person 0.0244 322 0 372 17
person 0.0235 295 0 336 51
person 0.0234 455 18 500 124
person 0.0227 311 0 408 95
person 0.0226 385 137 500 239
person 0.0222 152 45 267 210
person 0.0215 0 0 63 34
person 0.0211 242 73 411 277
person 0.0211 261 10 464 115
person 0.0210 196 0 373 27
person 0.0209 438 8 493 90
person 0.0202 291 0 377 22
pottedplant 0.1531 385 317 500 375
pottedplant 0.0696 423 345 500 374
pottedplant 0.0626 455 335 500 375
pottedplant 0.0588 478 342 500 375
pottedplant 0.0460 456 357 499 374
pottedplant 0.0351 24 37 185 121
pottedplant 0.0332 76 56 172 115
pottedplant 0.0329 402 269 499 375
pottedplant 0.0321 430 313 490 372
pottedplant 0.0301 410 331 481 374
pottedplant 0.0268 2 0 186 161
pottedplant 0.0265 204 201 302 274
pottedplant 0.0261 402 323 439 375
pottedplant 0.0245 330 253 500 375
pottedplant 0.0240 109 63 170 103
pottedplant 0.0238 9 59 171 150
pottedplant 0.0237 419 358 489 374
pottedplant 0.0237 447 349 489 374
sofa 0.0699 59 17 370 230
sofa 0.0607 198 37 420 199
sofa 0.0572 197 3 500 281
sofa 0.0559 0 57 500 352
sofa 0.0375 279 32 492 208
sofa 0.0272 200 0 392 141
sofa 0.0251 54 10 332 115
train 0.0216 216 0 321 13
train 0.0200 0 0 254 66
tvmonitor 0.0365 0 5 206 142
tvmonitor 0.0286 2 1 196 68
tvmonitor 0.0251 0 0 90 52
