bottle 0.0205 372 203 400 257
car 0.9491 21 359 375 486
car 0.3304 185 363 365 467
car 0.2055 19 356 201 488
car 0.1907 5 366 116 484
car 0.1080 36 341 105 390
car 0.0923 8 344 111 424
car 0.0641 0 452 32 480
car 0.0604 42 355 112 403
car 0.0583 59 362 105 391
car 0.0565 35 335 85 375
car 0.0554 0 388 52 443
car 0.0553 33 382 145 491
car 0.0537 23 288 270 475
car 0.0516 0 455 67 498
car 0.0499 0 376 65 500
car 0.0492 6 378 82 432
car 0.0489 32 371 111 422
car 0.0483 0 452 20 490
car 0.0460 0 427 61 485
car 0.0441 14 358 88 403
car 0.0439 68 334 109 393
car 0.0432 34 359 92 392
car 0.0430 284 370 361 459
car 0.0428 45 332 76 349
car 0.0389 0 388 31 420
car 0.0385 38 329 81 355
car 0.0373 233 357 364 430
car 0.0340 0 468 18 500
car 0.0329 130 364 218 405
car 0.0327 28 381 125 448
car 0.0325 10 324 111 393
car 0.0323 0 423 99 500
car 0.0308 292 363 361 407
car 0.0306 41 338 115 461
car 0.0299 54 329 104 370
car 0.0283 0 458 35 496
car 0.0276 0 309 90 468
car 0.0270 0 379 56 419
car 0.0262 39 415 217 490
car 0.0255 0 402 38 453
car 0.0253 256 361 344 402
car 0.0250 96 364 235 423
car 0.0248 20 373 84 413
car 0.0247 341 389 358 431
car 0.0242 57 347 104 381
car 0.0241 9 343 77 392
car 0.0232 73 369 109 395
car 0.0230 48 323 76 340
car 0.0229 61 331 87 348
car 0.0223 0 475 35 500
car 0.0222 0 429 37 466
car 0.0220 77 275 380 463
car 0.0216 309 370 361 433
car 0.0215 68 360 140 404
car 0.0213 36 318 83 346
car 0.0213 43 368 188 439
car 0.0209 43 399 76 422
car 0.0204 310 377 357 409
cat 0.0621 0 0 369 500
chair 0.0381 75 338 105 389
chair 0.0261 0 0 390 500
chair 0.0236 75 360 101 392
cow 0.0213 0 0 412 456
horse 0.0240 0 0 412 500
motorbike 0.2940 0 382 69 470
motorbike 0.1524 0 360 106 486
motorbike 0.1193 0 389 42 459
motorbike 0.0581 0 448 33 482
motorbike 0.0557 0 422 37 480
motorbike 0.0369 0 353 75 439
motorbike 0.0329 17 333 102 450
motorbike 0.0329 2 395 74 441
motorbike 0.0306 0 427 33 455
motorbike 0.0295 0 455 49 491
motorbike 0.0274 1 391 54 428
person 0.0968 0 388 20 438
person 0.0965 0 0 315 500
person 0.0867 0 386 35 455
person 0.0837 46 369 75 390
person 0.0635 36 337 84 387
person 0.0602 94 326 106 371
person 0.0583 9 381 66 458
person 0.0538 41 337 78 360
person 0.0526 52 362 71 388
person 0.0525 0 402 26 469
person 0.0516 40 333 55 365
person 0.0507 0 435 19 479
person 0.0479 77 329 106 392
person 0.0431 55 367 97 389
person 0.0430 5 0 144 473
person 0.0430 19 398 48 454
person 0.0425 41 356 95 387
person 0.0412 48 362 64 387
person 0.0406 8 390 31 435
person 0.0404 38 341 55 381
person 0.0391 49 344 73 382
person 0.0391 85 327 103 371
person 0.0388 42 335 65 372
person 0.0383 58 333 76 363
person 0.0359 0 356 50 464
person 0.0358 50 362 85 385
person 0.0350 24 351 91 448
person 0.0341 39 369 64 390
person 0.0339 35 379 77 453
person 0.0338 48 333 73 352
person 0.0335 38 366 104 400
person 0.0327 45 330 62 356
person 0.0324 1 382 55 433
person 0.0317 3 384 25 418
person 0.0309 136 364 211 406
person 0.0307 51 375 69 408
person 0.0303 32 365 78 406
person 0.0302 49 364 73 403
person 0.0291 35 343 63 391
person 0.0291 64 329 74 346
person 0.0290 29 405 52 450
person 0.0286 1 375 16 415
person 0.0283 43 346 78 402
person 0.0281 71 359 100 387
person 0.0265 9 411 32 454
person 0.0265 80 323 97 358
person 0.0263 18 392 39 434
person 0.0262 38 358 63 385
person 0.0262 27 349 65 421
person 0.0261 42 363 107 464
person 0.0258 21 413 39 454
person 0.0254 57 327 106 374
person 0.0252 43 324 55 346
person 0.0250 52 335 89 373
person 0.0247 334 326 355 370
person 0.0246 36 353 50 386
person 0.0245 0 422 29 457
person 0.0244 64 357 81 388
person 0.0244 56 336 87 358
person 0.0242 36 384 74 419
person 0.0239 65 342 103 385
person 0.0238 52 390 69 417
person 0.0238 61 336 80 373
person 0.0237 0 366 29 432
person 0.0236 0 383 12 430
person 0.0235 359 204 377 255
person 0.0235 36 126 197 458
person 0.0234 16 378 77 424
person 0.0233 38 399 73 421
person 0.0232 46 324 61 345
person 0.0230 7 384 33 412
person 0.0225 65 332 82 351
person 0.0225 42 348 80 373
person 0.0216 38 309 77 374
person 0.0216 73 347 93 383
person 0.0216 82 318 94 349
person 0.0216 39 336 49 359
person 0.0214 34 329 54 373
person 0.0214 11 388 42 418
person 0.0214 64 315 74 339
person 0.0213 58 346 87 391
person 0.0212 38 405 59 448
person 0.0207 36 326 67 360
person 0.0206 45 368 74 430
person 0.0203 55 330 68 346
person 0.0203 20 391 62 429
person 0.0202 64 301 74 333
pottedplant 0.0277 44 292 63 330
pottedplant 0.0265 41 273 70 334
pottedplant 0.0224 367 196 402 258
pottedplant 0.0209 376 159 409 259
sofa 0.0586 0 52 383 494
tvmonitor 0.0238 0 11 60 71
