aeroplane 0.8077 46 34 307 184
aeroplane 0.3260 44 127 192 185
aeroplane 0.1821 41 83 239 184
aeroplane 0.1130 145 27 303 159
aeroplane 0.1063 0 25 500 231
aeroplane 0.0626 153 22 310 90
aeroplane 0.0617 85 126 287 186
aeroplane 0.0516 49 155 161 184
aeroplane 0.0470 189 33 317 124
aeroplane 0.0465 101 36 277 112
aeroplane 0.0454 107 21 414 169
aeroplane 0.0452 377 231 488 301
aeroplane 0.0387 48 139 125 182
aeroplane 0.0375 94 154 189 186
aeroplane 0.0345 130 98 315 168
aeroplane 0.0309 387 267 499 303
aeroplane 0.0309 14 11 224 170
aeroplane 0.0306 94 13 259 73
aeroplane 0.0290 188 146 214 161
aeroplane 0.0283 58 139 244 194
aeroplane 0.0262 17 0 331 121
aeroplane 0.0248 88 108 230 176
aeroplane 0.0244 398 270 481 294
aeroplane 0.0233 224 32 304 68
aeroplane 0.0225 151 44 479 297
aeroplane 0.0224 186 142 226 163
aeroplane 0.0218 220 22 347 86
aeroplane 0.0213 312 94 498 296
aeroplane 0.0212 82 137 177 183
aeroplane 0.0201 129 163 186 187
bicycle 0.1899 331 214 480 293
bicycle 0.0568 318 166 497 306
bicycle 0.0231 302 213 445 271
bicycle 0.0218 347 242 413 274
bird 0.2174 332 217 479 291
bird 0.1628 270 264 326 289
bird 0.1063 373 230 470 286
bird 0.0957 337 220 416 270
bird 0.0630 397 233 461 272
bird 0.0470 360 231 409 272
bird 0.0455 370 235 435 273
bird 0.0416 399 233 439 257
bird 0.0402 344 218 402 253
bird 0.0352 349 226 462 267
bird 0.0311 389 248 464 279
bird 0.0304 273 245 331 291
bird 0.0260 402 236 437 274
bird 0.0253 385 231 452 253
bird 0.0247 292 263 322 287
bird 0.0229 397 224 496 305
bird 0.0219 359 216 420 250
bird 0.0215 334 219 382 262
bird 0.0208 53 8 231 92
bird 0.0207 405 248 480 293
bird 0.0205 302 266 326 289
bird 0.0204 347 221 395 238
bird 0.0204 405 220 489 271
boat 0.0408 270 30 302 86
boat 0.0361 321 222 500 313
boat 0.0282 380 249 493 295
boat 0.0240 282 30 301 78
boat 0.0221 237 30 306 88
boat 0.0216 46 146 115 179
boat 0.0215 374 154 390 166
bottle 0.0363 398 235 467 269
car 0.0358 188 0 278 77
car 0.0335 267 30 307 88
car 0.0330 223 3 307 79
car 0.0317 153 0 244 69
car 0.0253 0 119 16 156
car 0.0252 45 152 128 181
cow 0.1739 334 219 438 278
cow 0.1309 292 233 329 245
cow 0.0713 342 220 403 267
cow 0.0332 297 229 323 241
cow 0.0317 358 228 433 254
cow 0.0234 289 232 332 256
cow 0.0211 251 223 500 314
dog 0.0366 381 233 445 259
dog 0.0258 343 233 409 271
dog 0.0229 38 12 251 87
horse 0.2844 331 218 469 281
horse 0.0721 342 223 404 270
horse 0.0440 280 214 500 299
motorbike 0.0584 321 145 484 308
person 0.0739 358 222 403 270
person 0.0651 365 224 426 278
person 0.0575 386 226 448 280
person 0.0512 326 70 490 303
person 0.0432 387 232 439 262
person 0.0362 374 233 408 271
person 0.0355 0 33 342 312
person 0.0343 401 234 434 254
person 0.0324 373 226 400 257
person 0.0306 381 230 404 255
person 0.0269 359 219 420 254
person 0.0267 322 209 500 285
person 0.0258 94 0 268 168
person 0.0252 384 234 421 269
person 0.0245 233 30 310 122
person 0.0244 343 222 381 262
person 0.0236 398 236 426 264
person 0.0232 119 3 239 126
person 0.0228 388 235 422 255
person 0.0216 256 10 435 219
person 0.0209 77 43 500 332
person 0.0209 288 147 467 317
person 0.0200 360 226 384 257
pottedplant 0.0306 348 233 414 269
pottedplant 0.0271 373 229 441 253
pottedplant 0.0201 337 213 400 267
sheep 0.1575 335 220 417 275
sheep 0.1078 332 220 480 299
sheep 0.0533 272 260 328 288
sheep 0.0377 351 214 460 272
sheep 0.0329 382 205 409 218
sheep 0.0322 330 217 392 260
sheep 0.0294 379 207 420 222
sheep 0.0293 279 237 329 284
sheep 0.0247 333 232 391 271
sofa 0.0233 123 0 220 65
train 0.2040 332 215 482 293
train 0.0322 235 211 493 319
train 0.0206 25 8 352 269
train 0.0203 308 109 489 319
