bus 0.0324 353 103 499 326
bus 0.0290 148 6 500 326
car 0.7077 32 0 500 321
car 0.3529 0 0 101 70
car 0.3233 0 9 24 68
car 0.2723 2 4 44 69
car 0.1796 0 2 19 44
car 0.1582 19 0 128 102
car 0.1273 0 35 20 69
car 0.1232 20 0 77 61
car 0.1152 0 1 23 26
car 0.1027 21 0 140 191
car 0.0914 27 1 117 55
car 0.0910 6 15 67 75
car 0.0827 0 0 41 31
car 0.0779 0 0 30 15
car 0.0711 405 3 497 101
car 0.0699 6 0 189 70
car 0.0583 12 0 69 33
car 0.0526 352 0 496 295
car 0.0525 22 1 309 99
car 0.0470 6 170 486 325
car 0.0452 34 13 75 79
car 0.0424 0 33 36 72
car 0.0413 42 7 95 71
car 0.0405 1 48 73 80
car 0.0404 30 0 469 171
car 0.0400 53 0 109 30
car 0.0395 245 108 341 172
car 0.0384 0 0 64 20
car 0.0383 24 0 100 26
car 0.0375 15 34 89 73
car 0.0351 1 71 23 87
car 0.0349 38 49 116 205
car 0.0342 0 5 13 19
car 0.0338 6 72 32 84
car 0.0329 355 0 500 136
car 0.0322 27 7 64 51
car 0.0319 17 0 171 41
car 0.0319 61 1 106 52
car 0.0318 0 81 27 98
car 0.0314 0 75 19 93
car 0.0312 2 58 18 78
car 0.0289 0 64 35 86
car 0.0289 18 9 84 158
car 0.0287 21 14 174 310
car 0.0282 40 0 114 17
car 0.0282 28 23 108 63
car 0.0281 70 0 122 41
car 0.0279 8 0 42 18
car 0.0277 188 109 315 170
car 0.0276 171 269 400 323
car 0.0276 80 0 169 15
car 0.0273 0 48 23 81
car 0.0272 66 2 295 59
car 0.0266 1 8 30 35
car 0.0266 22 61 83 204
car 0.0265 35 0 223 201
car 0.0257 0 86 35 102
car 0.0255 259 117 367 188
car 0.0252 14 71 27 85
car 0.0249 0 84 23 111
car 0.0241 20 0 52 18
car 0.0237 19 0 83 17
car 0.0237 11 199 204 311
car 0.0236 0 1 16 11
car 0.0236 449 34 499 102
car 0.0232 2 77 33 91
car 0.0230 462 267 500 326
car 0.0229 0 10 60 44
car 0.0227 0 48 16 70
car 0.0226 70 0 108 16
car 0.0226 69 0 168 27
car 0.0225 423 214 498 326
car 0.0222 127 234 495 323
car 0.0220 447 0 500 30
car 0.0220 0 11 19 29
car 0.0217 429 57 495 104
car 0.0216 399 0 500 215
car 0.0215 2 61 72 89
car 0.0214 0 53 28 69
car 0.0208 247 83 382 175
car 0.0205 0 0 35 9
car 0.0204 344 258 493 325
car 0.0203 423 23 497 137
car 0.0202 0 0 23 6
car 0.0201 28 5 90 37
car 0.0200 20 68 37 83
dog 0.3013 255 117 300 168
dog 0.0744 238 120 331 170
dog 0.0302 268 126 297 164
dog 0.0287 257 128 284 166
dog 0.0202 250 133 303 180
person 0.0389 254 119 295 163
person 0.0369 464 12 500 62
person 0.0322 451 7 500 87
person 0.0317 419 9 496 102
person 0.0278 253 122 348 170
person 0.0276 459 0 500 41
person 0.0273 268 123 305 164
person 0.0265 468 14 498 42
person 0.0259 120 0 171 12
person 0.0218 16 7 38 39
person 0.0217 260 114 332 219
person 0.0215 258 97 393 310
person 0.0212 469 5 498 32
person 0.0203 231 111 308 183
train 0.0301 160 269 392 323
train 0.0242 0 196 443 326
tvmonitor 0.1017 418 3 498 105
tvmonitor 0.0363 305 0 496 121
tvmonitor 0.0348 415 3 500 48
tvmonitor 0.0324 451 5 499 77
tvmonitor 0.0293 85 5 398 111
tvmonitor 0.0288 457 4 500 43
tvmonitor 0.0223 437 33 500 95
