bird 0.0331 14 6 191 245
bird 0.0306 0 87 153 363
bird 0.0259 207 306 473 367
bird 0.0247 4 125 79 275
bird 0.0242 23 5 189 124
bird 0.0239 1 77 166 218
bird 0.0224 52 63 205 369
bird 0.0216 5 166 84 336
bird 0.0208 0 133 51 202
boat 0.0406 0 3 70 129
boat 0.0322 4 53 64 125
boat 0.0246 2 54 34 109
boat 0.0242 2 58 22 93
bottle 0.0328 261 303 496 369
bottle 0.0296 372 226 486 368
bottle 0.0241 0 3 176 216
bottle 0.0214 0 6 89 191
bottle 0.0205 157 130 245 302
car 0.0242 0 363 45 375
cat 0.7525 147 12 498 368
cat 0.1262 13 20 193 352
cat 0.0482 0 31 116 373
cat 0.0464 144 34 354 324
cat 0.0431 23 0 351 367
cat 0.0411 324 66 490 358
cat 0.0398 175 10 487 149
cat 0.0383 41 7 233 228
cat 0.0379 124 206 475 375
cat 0.0312 203 16 394 89
cat 0.0312 0 205 223 375
cat 0.0285 153 18 326 93
cat 0.0283 268 6 456 108
cat 0.0277 83 13 196 197
cat 0.0259 359 2 494 265
cat 0.0258 155 47 249 201
cat 0.0251 23 72 183 216
cat 0.0230 116 2 337 155
cat 0.0218 60 6 209 122
cat 0.0214 0 17 148 234
cat 0.0209 193 50 440 258
cat 0.0207 309 40 476 176
chair 0.0231 386 0 500 220
chair 0.0222 68 335 150 362
chair 0.0203 0 0 61 129
diningtable 0.0292 0 13 480 325
dog 0.0510 172 256 500 370
dog 0.0303 358 0 494 118
dog 0.0256 211 4 480 113
dog 0.0211 402 0 499 188
dog 0.0204 306 0 477 74
person 0.0620 357 67 495 363
person 0.0473 0 360 47 374
person 0.0376 0 309 79 374
person 0.0368 239 211 500 375
person 0.0338 0 348 66 374
person 0.0326 406 204 497 366
person 0.0321 0 259 61 375
person 0.0295 0 347 25 375
person 0.0276 0 222 90 372
person 0.0247 0 326 39 375
person 0.0237 0 320 156 371
person 0.0227 379 162 486 336
person 0.0223 385 0 500 260
person 0.0219 0 136 144 373
person 0.0215 453 229 473 260
person 0.0210 459 215 498 306
person 0.0209 318 321 500 373
person 0.0204 311 270 484 368
pottedplant 0.0656 140 0 190 32
pottedplant 0.0629 406 0 498 75
pottedplant 0.0463 147 1 189 19
pottedplant 0.0462 138 1 189 62
pottedplant 0.0348 410 0 499 38
pottedplant 0.0314 394 0 499 145
pottedplant 0.0314 449 0 500 58
pottedplant 0.0247 105 2 212 61
pottedplant 0.0230 402 0 450 56
pottedplant 0.0225 9 0 198 147
pottedplant 0.0212 63 336 157 371
pottedplant 0.0206 138 1 205 95
tvmonitor 0.0249 0 0 72 124
