bird 0.0222 124 281 291 338
chair 0.0731 129 0 278 250
chair 0.0578 114 0 260 148
chair 0.0553 2 119 167 344
chair 0.0405 187 0 274 150
chair 0.0397 4 245 249 354
chair 0.0379 72 0 231 198
chair 0.0368 13 124 178 242
chair 0.0363 2 46 156 269
chair 0.0341 56 0 286 333
chair 0.0289 129 0 253 65
chair 0.0282 0 0 444 375
chair 0.0281 150 0 368 159
chair 0.0278 101 5 186 154
chair 0.0252 38 14 166 190
chair 0.0245 0 130 308 355
chair 0.0240 52 78 158 213
chair 0.0228 4 149 91 277
chair 0.0224 114 95 300 271
chair 0.0218 216 7 298 154
chair 0.0217 134 138 191 181
chair 0.0214 4 248 134 346
chair 0.0208 251 19 500 375
dog 0.8478 137 134 285 345
dog 0.0526 123 267 284 345
dog 0.0392 14 226 276 351
dog 0.0348 141 139 249 219
dog 0.0246 167 140 267 274
dog 0.0220 203 186 286 336
dog 0.0200 36 279 225 344
person 0.0744 115 74 294 342
person 0.0558 0 0 260 361
person 0.0240 130 237 203 344
person 0.0230 121 281 295 340
pottedplant 0.0284 0 1 40 18
sofa 0.1355 95 132 302 352
sofa 0.0739 0 0 354 368
sofa 0.0440 105 92 470 345
sofa 0.0406 32 125 241 321
sofa 0.0255 64 0 263 276
sofa 0.0248 0 0 327 193
sofa 0.0231 101 0 452 266
sofa 0.0229 137 137 242 212
sofa 0.0205 0 259 289 354
tvmonitor 0.0967 279 0 415 27
tvmonitor 0.0384 271 3 428 47
tvmonitor 0.0370 217 3 490 126
tvmonitor 0.0342 308 0 405 18
tvmonitor 0.0282 99 0 500 244
tvmonitor 0.0274 252 0 472 65
tvmonitor 0.0227 300 0 370 23
tvmonitor 0.0219 28 31 141 164
