aeroplane 0.0772 0 47 463 356
boat 0.0605 0 251 66 278
boat 0.0400 3 79 374 342
boat 0.0314 74 17 500 354
boat 0.0288 29 135 292 298
boat 0.0272 2 237 62 272
boat 0.0225 81 82 330 255
boat 0.0222 62 18 308 197
boat 0.0210 47 193 246 298
bottle 0.0822 193 119 236 175
bottle 0.0667 198 143 247 183
bottle 0.0641 202 140 226 168
bottle 0.0618 196 134 218 168
bottle 0.0548 436 82 451 121
bottle 0.0534 203 147 237 172
bottle 0.0412 216 124 255 184
bottle 0.0407 198 147 219 182
bottle 0.0387 189 126 210 164
bottle 0.0369 213 145 245 168
bottle 0.0333 209 98 246 117
bottle 0.0332 224 133 252 175
bottle 0.0308 195 136 225 191
bottle 0.0297 198 93 225 120
bottle 0.0286 186 123 217 175
bottle 0.0282 185 129 202 161
bottle 0.0269 194 283 231 306
bottle 0.0253 198 158 217 196
bottle 0.0248 210 149 235 186
bottle 0.0246 223 116 259 167
bottle 0.0244 0 264 19 316
bottle 0.0244 218 147 243 184
bottle 0.0243 220 130 241 163
bottle 0.0238 228 125 250 158
bottle 0.0234 192 143 210 173
bottle 0.0224 226 100 249 118
bottle 0.0214 62 311 87 339
bottle 0.0210 191 215 209 250
bottle 0.0209 201 212 238 302
bottle 0.0208 226 145 259 166
bottle 0.0205 440 84 461 121
car 0.0491 52 18 314 285
car 0.0355 201 96 332 165
car 0.0268 103 37 356 193
chair 0.7026 214 145 371 366
chair 0.3022 406 144 492 333
chair 0.2683 192 138 300 328
chair 0.2099 251 139 381 287
chair 0.1243 196 176 258 308
chair 0.1138 310 134 477 343
chair 0.1111 274 139 373 222
chair 0.1109 194 145 355 217
chair 0.0933 164 146 260 318
chair 0.0793 348 162 442 321
chair 0.0686 168 158 342 287
chair 0.0683 364 200 494 343
chair 0.0614 149 156 288 375
chair 0.0607 410 241 497 329
chair 0.0602 235 147 315 293
chair 0.0593 195 114 292 216
chair 0.0591 428 165 489 294
chair 0.0584 361 88 491 310
chair 0.0567 291 140 399 257
chair 0.0565 274 164 359 312
chair 0.0557 255 137 334 248
chair 0.0543 215 146 291 271
chair 0.0541 0 267 23 334
chair 0.0538 108 188 388 370
chair 0.0532 274 161 405 356
chair 0.0511 333 139 444 257
chair 0.0496 0 258 72 327
chair 0.0485 92 121 276 307
chair 0.0484 322 141 375 205
chair 0.0478 274 140 343 195
chair 0.0477 228 208 444 370
chair 0.0467 189 121 405 254
chair 0.0431 227 117 341 198
chair 0.0414 0 305 113 373
chair 0.0411 308 156 369 273
chair 0.0397 240 174 341 325
chair 0.0381 196 211 237 306
chair 0.0376 205 131 262 231
chair 0.0371 183 250 377 367
chair 0.0366 291 141 374 187
chair 0.0364 345 242 454 339
chair 0.0354 192 126 500 371
chair 0.0353 293 221 371 358
chair 0.0344 246 151 301 240
chair 0.0342 361 130 478 245
chair 0.0341 136 166 224 307
chair 0.0339 224 187 284 293
chair 0.0338 0 280 40 332
chair 0.0336 214 193 370 288
chair 0.0315 184 215 294 345
chair 0.0312 182 86 358 201
chair 0.0310 0 273 55 358
chair 0.0306 315 136 409 211
chair 0.0299 266 149 312 221
chair 0.0299 241 231 349 374
chair 0.0288 200 172 275 256
chair 0.0287 337 140 386 222
chair 0.0287 229 140 313 208
chair 0.0286 100 188 253 331
chair 0.0280 334 170 372 257
chair 0.0276 309 254 478 361
chair 0.0270 0 316 47 375
chair 0.0270 277 154 328 231
chair 0.0269 379 175 489 275
chair 0.0266 269 86 339 194
chair 0.0260 239 77 454 241
chair 0.0251 234 170 370 251
chair 0.0248 0 254 13 333
chair 0.0247 1 269 121 354
chair 0.0246 153 225 255 343
chair 0.0243 246 189 330 267
chair 0.0242 52 151 234 362
chair 0.0241 231 172 287 230
chair 0.0240 316 191 360 281
chair 0.0239 410 181 462 285
chair 0.0236 163 199 234 310
chair 0.0235 214 204 262 301
chair 0.0235 340 280 498 350
chair 0.0231 402 198 500 298
chair 0.0231 195 250 252 307
chair 0.0229 59 226 286 373
chair 0.0227 318 32 473 270
chair 0.0225 386 238 478 355
chair 0.0225 0 300 77 335
chair 0.0223 155 340 268 373
chair 0.0223 313 107 468 224
chair 0.0221 295 201 351 315
chair 0.0216 284 277 418 363
chair 0.0215 0 330 87 373
chair 0.0215 121 132 234 266
chair 0.0212 462 157 500 294
chair 0.0211 289 156 354 215
chair 0.0210 196 198 254 265
chair 0.0209 285 140 361 169
chair 0.0203 229 202 283 255
chair 0.0203 410 210 468 318
chair 0.0202 132 205 309 319
chair 0.0201 279 112 330 179
diningtable 0.1356 177 144 399 333
diningtable 0.1074 101 107 471 357
diningtable 0.0686 89 137 350 312
diningtable 0.0445 46 202 342 371
diningtable 0.0420 278 147 485 311
diningtable 0.0373 39 42 337 375
diningtable 0.0345 198 189 466 363
diningtable 0.0286 290 220 500 351
diningtable 0.0256 229 122 452 245
diningtable 0.0246 160 95 411 261
diningtable 0.0236 0 291 138 364
diningtable 0.0227 28 178 259 308
person 0.6937 195 50 332 286
person 0.2286 171 99 370 355
person 0.1844 202 43 324 175
person 0.1553 156 98 276 312
person 0.1440 408 90 424 120
person 0.1310 233 44 315 111
person 0.1209 194 153 261 309
person 0.0979 193 108 256 226
person 0.0922 106 9 352 344
person 0.0850 201 17 434 344
person 0.0815 98 97 244 312
person 0.0775 195 69 300 223
person 0.0749 363 3 428 85
person 0.0711 209 29 382 204
person 0.0699 292 60 321 83
person 0.0693 195 91 213 118
person 0.0623 195 66 265 159
person 0.0600 168 105 245 262
person 0.0572 273 42 332 87
person 0.0550 322 51 484 337
person 0.0524 243 42 285 110
person 0.0524 152 19 302 251
person 0.0509 252 101 374 255
person 0.0466 294 19 345 81
person 0.0459 192 118 236 194
person 0.0452 215 46 282 125
person 0.0434 117 107 347 252
person 0.0433 291 48 338 83
person 0.0421 409 87 436 120
person 0.0417 263 41 313 97
person 0.0414 169 76 243 192
person 0.0387 435 84 450 123
person 0.0380 342 0 406 82
person 0.0379 284 50 319 87
person 0.0375 269 13 398 100
person 0.0374 58 15 267 279
person 0.0374 319 0 377 82
person 0.0372 427 86 443 120
person 0.0369 124 103 233 207
person 0.0364 194 96 209 113
person 0.0356 190 137 240 250
person 0.0351 194 93 231 115
person 0.0340 257 35 375 125
person 0.0337 247 35 345 98
person 0.0335 190 81 244 148
person 0.0334 181 119 220 182
person 0.0330 2 0 447 375
person 0.0317 213 129 260 205
person 0.0304 230 24 351 149
person 0.0302 298 64 339 82
person 0.0287 276 51 330 114
person 0.0282 262 1 452 203
person 0.0278 236 70 342 223
person 0.0276 147 96 300 194
person 0.0276 191 89 221 129
person 0.0275 137 103 193 168
person 0.0258 204 58 251 122
person 0.0251 280 90 330 158
person 0.0242 167 154 228 288
person 0.0240 23 64 204 337
person 0.0238 284 0 324 8
person 0.0237 309 28 356 85
person 0.0235 232 46 261 116
person 0.0234 193 94 252 122
person 0.0232 371 0 433 10
person 0.0231 242 51 265 110
person 0.0227 358 325 372 342
person 0.0224 202 94 212 106
person 0.0221 290 1 424 128
person 0.0221 370 20 411 86
person 0.0221 189 149 241 205
person 0.0219 170 22 252 148
person 0.0218 305 0 346 7
person 0.0218 234 329 247 345
person 0.0218 191 186 230 286
person 0.0216 281 40 369 86
person 0.0216 177 130 225 235
person 0.0210 114 20 238 190
person 0.0209 385 19 426 83
person 0.0205 178 167 216 247
person 0.0204 140 111 213 188
person 0.0200 201 169 250 270
person 0.0200 274 44 304 87
pottedplant 0.0216 321 20 343 56
sofa 0.0644 160 123 391 258
sofa 0.0362 159 66 354 205
sofa 0.0258 192 86 419 223
sofa 0.0237 83 65 389 293
train 0.0700 70 0 342 344
train 0.0262 180 0 367 266
train 0.0250 21 15 314 157
tvmonitor 0.3839 193 111 246 161
tvmonitor 0.1734 189 98 231 155
tvmonitor 0.1246 192 108 273 189
tvmonitor 0.1086 166 99 247 171
tvmonitor 0.0938 193 120 218 156
tvmonitor 0.0872 196 119 236 151
tvmonitor 0.0781 193 91 210 125
tvmonitor 0.0750 192 84 278 162
tvmonitor 0.0749 1 240 67 283
tvmonitor 0.0649 183 110 223 172
tvmonitor 0.0625 291 0 389 81
tvmonitor 0.0622 341 0 428 85
tvmonitor 0.0617 205 116 251 148
tvmonitor 0.0609 193 95 237 126
tvmonitor 0.0600 0 244 70 316
tvmonitor 0.0578 142 97 224 161
tvmonitor 0.0541 438 83 456 121
tvmonitor 0.0519 198 134 253 195
tvmonitor 0.0517 189 91 213 144
tvmonitor 0.0493 198 129 230 162
tvmonitor 0.0476 202 90 309 186
tvmonitor 0.0471 196 110 249 136
tvmonitor 0.0435 187 94 253 136
tvmonitor 0.0416 189 125 210 161
tvmonitor 0.0411 175 94 226 139
tvmonitor 0.0407 292 7 347 79
tvmonitor 0.0384 0 241 169 347
tvmonitor 0.0381 210 123 245 167
tvmonitor 0.0375 415 84 451 122
tvmonitor 0.0371 258 5 435 100
tvmonitor 0.0366 222 121 251 161
tvmonitor 0.0365 202 101 244 121
tvmonitor 0.0349 310 0 359 73
tvmonitor 0.0346 202 140 243 159
tvmonitor 0.0344 47 117 248 307
tvmonitor 0.0328 358 0 438 16
tvmonitor 0.0328 190 115 222 142
tvmonitor 0.0327 146 89 262 149
tvmonitor 0.0324 176 94 208 162
tvmonitor 0.0322 203 100 262 156
tvmonitor 0.0321 60 295 154 349
tvmonitor 0.0301 210 112 250 131
tvmonitor 0.0297 179 123 234 159
tvmonitor 0.0296 191 135 246 169
tvmonitor 0.0293 0 308 173 371
tvmonitor 0.0282 173 111 240 143
tvmonitor 0.0269 196 112 237 129
tvmonitor 0.0268 18 185 210 304
tvmonitor 0.0267 127 103 235 189
tvmonitor 0.0266 356 134 460 209
tvmonitor 0.0266 8 253 65 276
tvmonitor 0.0261 58 273 150 328
tvmonitor 0.0259 402 87 434 121
tvmonitor 0.0255 5 224 140 314
tvmonitor 0.0238 6 236 52 267
tvmonitor 0.0231 151 94 210 142
tvmonitor 0.0230 185 93 205 133
tvmonitor 0.0229 290 0 482 135
tvmonitor 0.0226 314 9 347 59
tvmonitor 0.0225 207 131 249 152
tvmonitor 0.0225 373 1 434 66
tvmonitor 0.0221 187 120 201 147
tvmonitor 0.0221 46 221 225 352
tvmonitor 0.0219 188 129 226 152
tvmonitor 0.0217 58 268 148 301
tvmonitor 0.0213 408 94 428 122
tvmonitor 0.0212 173 131 287 197
tvmonitor 0.0211 368 0 433 29
tvmonitor 0.0210 217 134 246 161
tvmonitor 0.0209 189 138 226 160
tvmonitor 0.0208 2 256 69 293
tvmonitor 0.0203 220 111 244 137
tvmonitor 0.0203 4 284 191 355
tvmonitor 0.0202 424 88 445 119
tvmonitor 0.0202 191 104 219 133
tvmonitor 0.0201 210 99 246 135
