bird 0.0225 79 0 183 13
bird 0.0222 131 0 237 13
dog 0.0253 99 0 188 13
person 0.0227 174 257 208 313
sheep 0.6824 27 20 441 327
sheep 0.3513 6 3 183 294
sheep 0.3032 220 26 435 304
sheep 0.2351 324 19 465 301
sheep 0.2169 59 59 257 330
sheep 0.2104 0 9 114 252
sheep 0.1313 8 90 83 239
sheep 0.1184 0 33 48 246
sheep 0.0915 0 85 30 245
sheep 0.0863 0 0 203 160
sheep 0.0829 0 40 30 123
sheep 0.0748 274 7 500 217
sheep 0.0613 52 255 240 324
sheep 0.0599 385 10 500 296
sheep 0.0574 21 111 132 297
sheep 0.0573 450 106 500 251
sheep 0.0558 1 134 48 243
sheep 0.0556 107 13 334 286
sheep 0.0548 11 146 124 243
sheep 0.0537 52 123 176 320
sheep 0.0537 331 6 500 100
sheep 0.0533 53 194 280 328
sheep 0.0522 0 0 189 39
sheep 0.0495 4 12 82 174
sheep 0.0485 61 211 160 329
sheep 0.0485 135 23 333 90
sheep 0.0483 0 23 30 192
sheep 0.0480 0 0 122 63
sheep 0.0479 340 136 440 299
sheep 0.0459 5 1 203 81
sheep 0.0456 3 159 76 241
sheep 0.0445 414 0 497 101
sheep 0.0415 38 168 122 312
sheep 0.0408 46 13 399 167
sheep 0.0407 1 0 41 62
sheep 0.0402 12 6 328 117
sheep 0.0401 84 13 267 92
sheep 0.0399 212 1 500 78
sheep 0.0377 226 23 437 93
sheep 0.0375 8 36 137 166
sheep 0.0369 418 82 496 281
sheep 0.0343 0 160 28 242
sheep 0.0336 3 15 38 96
sheep 0.0327 137 47 344 119
sheep 0.0323 0 0 51 114
sheep 0.0317 435 0 500 20
sheep 0.0303 455 2 499 70
sheep 0.0303 318 101 363 114
sheep 0.0301 182 6 421 61
sheep 0.0300 378 116 460 291
sheep 0.0299 161 9 494 152
sheep 0.0296 125 188 446 306
sheep 0.0294 111 4 306 66
sheep 0.0292 313 96 354 110
sheep 0.0292 21 118 342 314
sheep 0.0284 0 0 79 33
sheep 0.0284 0 182 51 239
sheep 0.0282 334 101 379 114
sheep 0.0266 270 96 317 110
sheep 0.0265 379 35 500 103
sheep 0.0265 302 96 338 110
sheep 0.0264 39 248 138 329
sheep 0.0254 307 102 345 114
sheep 0.0248 72 28 206 138
sheep 0.0248 80 0 188 98
sheep 0.0245 306 195 432 297
sheep 0.0244 0 33 24 93
sheep 0.0243 62 0 435 82
sheep 0.0242 453 0 500 33
sheep 0.0241 361 0 500 46
sheep 0.0238 56 31 162 189
sheep 0.0237 327 114 371 126
sheep 0.0235 458 119 499 197
sheep 0.0232 324 95 373 110
sheep 0.0231 0 200 21 242
sheep 0.0227 75 40 195 232
sheep 0.0224 115 38 242 134
sheep 0.0222 0 0 84 15
sheep 0.0221 10 157 90 296
sheep 0.0220 281 102 325 114
sheep 0.0220 400 122 453 252
sheep 0.0217 253 95 299 110
sheep 0.0216 455 34 498 104
sheep 0.0211 263 155 453 306
sheep 0.0210 0 0 47 22
sheep 0.0205 468 0 500 53
sheep 0.0202 87 0 182 17
sheep 0.0201 327 108 371 120
sheep 0.0200 263 101 309 115
