aeroplane 0.0290 439 207 499 240
bicycle 0.0300 165 266 493 361
bicycle 0.0288 349 226 385 273
bicycle 0.0281 56 260 373 353
bicycle 0.0266 223 226 279 270
bird 0.0296 441 242 493 304
bottle 0.0249 237 277 256 323
car 0.2497 463 220 499 241
car 0.1452 175 258 368 335
car 0.1223 464 222 487 248
car 0.1144 454 223 490 239
car 0.1096 465 225 498 253
car 0.0894 442 218 495 255
car 0.0823 477 210 499 240
car 0.0734 463 210 498 234
car 0.0652 0 0 500 375
car 0.0643 446 216 497 239
car 0.0612 306 216 345 233
car 0.0568 456 194 498 248
car 0.0543 448 220 498 293
car 0.0523 479 217 500 253
car 0.0495 311 220 340 241
car 0.0474 321 211 343 236
car 0.0456 0 204 24 234
car 0.0456 446 221 476 240
car 0.0430 307 221 326 243
car 0.0424 164 251 479 344
car 0.0423 475 230 500 258
car 0.0413 455 222 479 249
car 0.0401 300 210 347 242
car 0.0389 186 235 399 317
car 0.0385 487 225 500 255
car 0.0377 303 213 339 227
car 0.0373 115 208 146 232
car 0.0371 213 208 355 276
car 0.0371 115 212 131 232
car 0.0354 432 204 497 267
car 0.0331 3 209 36 231
car 0.0322 239 256 276 272
car 0.0314 211 258 247 276
car 0.0312 390 218 421 233
car 0.0302 30 217 47 233
car 0.0296 17 217 45 232
car 0.0290 421 217 473 267
car 0.0288 112 217 140 231
car 0.0282 414 211 491 250
car 0.0274 38 220 53 234
car 0.0274 307 212 325 231
car 0.0272 302 217 324 235
car 0.0271 402 217 437 233
car 0.0263 302 230 321 247
car 0.0262 246 252 281 269
car 0.0262 383 214 408 234
car 0.0262 453 213 487 229
car 0.0259 299 220 334 248
car 0.0255 310 213 359 236
car 0.0253 108 206 164 232
car 0.0251 442 214 474 249
car 0.0246 305 228 333 245
car 0.0240 379 204 413 234
car 0.0237 3 213 20 244
car 0.0234 319 223 345 246
car 0.0234 452 230 500 260
car 0.0233 316 222 334 247
car 0.0231 446 221 467 253
car 0.0231 199 260 237 276
car 0.0229 219 254 274 275
car 0.0226 259 259 287 272
car 0.0222 301 212 321 228
car 0.0220 233 254 269 268
car 0.0219 17 208 50 234
car 0.0216 185 259 247 287
car 0.0213 131 235 358 361
car 0.0213 122 214 164 232
car 0.0211 46 221 64 232
car 0.0210 443 219 464 236
car 0.0207 431 216 482 236
car 0.0204 299 213 381 273
car 0.0203 191 264 231 280
car 0.0202 458 219 474 235
car 0.0202 461 237 495 258
cat 0.0420 446 240 495 304
chair 0.0370 351 227 385 282
chair 0.0307 353 239 374 275
chair 0.0295 178 259 366 339
chair 0.0261 356 256 371 284
chair 0.0241 66 248 81 294
chair 0.0238 358 247 380 280
chair 0.0216 340 251 356 284
chair 0.0216 349 251 362 283
chair 0.0206 345 235 368 281
cow 0.0241 434 224 499 305
dog 0.0396 441 238 494 304
dog 0.0266 25 0 389 295
horse 0.6615 228 200 290 267
horse 0.1247 243 207 280 263
horse 0.0725 230 208 266 256
horse 0.0648 224 202 304 310
horse 0.0593 225 200 286 234
horse 0.0531 223 202 242 236
horse 0.0470 229 228 290 278
horse 0.0418 222 199 256 228
horse 0.0389 193 208 288 291
horse 0.0384 243 231 281 270
horse 0.0382 234 209 288 243
horse 0.0381 265 184 379 268
horse 0.0368 221 194 328 258
horse 0.0323 221 226 267 267
horse 0.0315 223 223 248 248
horse 0.0313 224 228 242 246
horse 0.0286 239 204 285 225
horse 0.0264 223 210 255 246
horse 0.0237 226 221 243 241
horse 0.0227 212 199 252 259
horse 0.0207 222 149 378 265
horse 0.0205 182 209 258 271
horse 0.0201 237 216 313 274
motorbike 0.1940 173 262 362 336
motorbike 0.0926 199 232 329 319
motorbike 0.0414 87 249 352 345
motorbike 0.0318 171 227 275 320
motorbike 0.0220 141 261 285 334
motorbike 0.0209 187 217 404 329
motorbike 0.0200 183 197 302 299
person 0.1750 177 260 248 336
person 0.1099 180 260 316 336
person 0.0870 242 201 282 270
person 0.0864 221 201 302 314
person 0.0784 200 259 243 320
person 0.0725 7 0 500 335
person 0.0720 0 0 234 375
person 0.0671 176 296 238 335
person 0.0641 227 220 240 242
person 0.0624 348 219 381 273
person 0.0577 229 206 264 251
person 0.0550 200 219 281 325
person 0.0541 223 200 242 229
person 0.0529 224 229 240 256
person 0.0524 236 233 257 265
person 0.0520 226 212 248 247
person 0.0510 244 230 264 266
person 0.0494 428 222 456 274
person 0.0489 270 238 287 272
person 0.0480 438 231 493 303
person 0.0456 219 260 252 324
person 0.0449 232 223 263 267
person 0.0447 257 234 280 271
person 0.0443 224 166 291 265
person 0.0440 249 236 272 270
person 0.0435 413 220 451 279
person 0.0422 232 205 256 236
person 0.0418 378 204 394 235
person 0.0400 256 208 290 256
person 0.0386 175 281 239 320
person 0.0386 231 264 260 326
person 0.0380 226 232 247 264
person 0.0371 277 218 293 246
person 0.0363 427 224 466 296
person 0.0355 275 227 294 261
person 0.0353 374 204 387 235
person 0.0348 434 221 480 273
person 0.0348 256 202 376 283
person 0.0347 242 202 265 229
person 0.0345 262 221 289 270
person 0.0343 302 231 316 250
person 0.0337 235 216 258 255
person 0.0336 225 243 238 265
person 0.0335 336 226 375 284
person 0.0332 29 215 43 233
person 0.0330 396 209 412 233
person 0.0327 258 205 282 238
person 0.0326 227 202 262 225
person 0.0325 461 223 498 278
person 0.0321 37 219 48 234
person 0.0320 189 274 226 318
person 0.0317 49 225 58 237
person 0.0315 220 293 241 321
person 0.0314 236 200 271 237
person 0.0314 186 248 197 277
person 0.0309 363 205 379 235
person 0.0308 296 206 307 225
person 0.0307 401 210 417 233
person 0.0302 184 298 230 317
person 0.0300 220 235 242 270
person 0.0293 464 228 484 260
person 0.0292 219 272 241 313
person 0.0291 298 227 307 243
person 0.0290 249 201 274 230
person 0.0289 54 223 64 236
person 0.0289 383 207 402 234
person 0.0287 298 234 308 250
person 0.0286 414 225 437 271
person 0.0285 81 199 96 231
person 0.0284 291 170 374 274
person 0.0284 273 209 295 253
person 0.0283 412 234 426 269
person 0.0281 290 226 299 243
person 0.0280 190 174 365 343
person 0.0280 297 217 307 237
person 0.0277 267 205 288 230
person 0.0275 195 287 231 328
person 0.0262 354 224 396 278
person 0.0262 258 251 282 270
person 0.0259 215 258 244 305
person 0.0257 230 281 248 320
person 0.0256 278 211 292 235
person 0.0251 290 219 299 239
person 0.0247 48 223 61 234
person 0.0244 349 204 377 250
person 0.0244 394 223 439 277
person 0.0243 200 299 242 317
person 0.0243 289 231 299 249
person 0.0242 204 222 383 318
person 0.0242 316 224 363 279
person 0.0239 471 234 492 263
person 0.0239 235 201 275 217
person 0.0238 220 204 233 228
person 0.0238 415 210 436 233
person 0.0237 354 203 375 235
person 0.0236 482 233 499 265
person 0.0236 272 253 285 274
person 0.0234 162 49 402 337
person 0.0232 243 213 266 253
person 0.0232 406 211 428 233
person 0.0231 211 299 248 327
person 0.0230 423 208 465 266
person 0.0228 300 212 315 230
person 0.0227 165 227 269 342
person 0.0227 205 285 253 326
person 0.0226 218 238 231 261
person 0.0226 216 285 234 315
person 0.0225 291 213 300 232
person 0.0223 375 226 420 277
person 0.0222 334 201 377 270
person 0.0221 243 252 269 270
person 0.0221 192 252 204 275
person 0.0221 438 221 457 261
person 0.0216 183 204 199 233
person 0.0216 282 212 302 251
person 0.0214 346 223 368 267
person 0.0214 237 284 257 325
person 0.0212 297 223 322 255
person 0.0212 197 238 255 313
person 0.0211 152 212 167 232
person 0.0209 181 254 192 276
person 0.0208 223 232 231 243
person 0.0207 256 202 284 219
person 0.0207 203 278 227 313
person 0.0207 177 257 251 300
person 0.0205 226 264 248 308
person 0.0203 213 295 235 322
person 0.0203 177 205 191 233
person 0.0202 274 208 309 274
person 0.0202 213 273 264 338
person 0.0202 200 258 242 287
pottedplant 0.1271 286 243 315 270
pottedplant 0.0808 297 238 316 266
pottedplant 0.0700 275 240 295 271
pottedplant 0.0494 274 234 314 274
pottedplant 0.0478 282 239 305 268
pottedplant 0.0362 268 222 302 272
pottedplant 0.0357 299 235 319 254
pottedplant 0.0297 276 241 314 262
pottedplant 0.0271 451 245 497 304
pottedplant 0.0269 291 226 323 271
pottedplant 0.0258 295 247 318 275
pottedplant 0.0241 286 235 301 260
pottedplant 0.0237 66 248 81 295
pottedplant 0.0235 282 243 332 279
pottedplant 0.0230 296 228 339 278
pottedplant 0.0206 304 236 321 262
pottedplant 0.0203 251 231 296 271
sheep 0.0217 439 224 500 306
sofa 0.0276 171 264 424 344
train 0.0468 223 193 358 261
train 0.0347 2 0 337 343
train 0.0268 200 203 373 291
train 0.0223 256 211 377 272
train 0.0216 325 193 381 275
tvmonitor 0.1317 187 260 357 331
tvmonitor 0.0228 260 308 346 330
tvmonitor 0.0211 218 299 353 333
