boat 0.0574 58 37 144 69
boat 0.0389 76 46 142 67
boat 0.0214 92 51 134 66
bottle 0.2848 457 177 476 225
bottle 0.2588 482 193 497 227
bottle 0.2305 457 186 484 241
bottle 0.2288 486 191 500 246
bottle 0.2275 473 203 487 236
bottle 0.1864 468 194 492 240
bottle 0.1649 466 201 482 236
bottle 0.1618 39 175 65 215
bottle 0.1596 463 182 478 217
bottle 0.1503 457 200 473 233
bottle 0.1398 298 196 343 219
bottle 0.1395 268 166 371 229
bottle 0.1395 473 193 487 220
bottle 0.1382 464 190 480 227
bottle 0.1286 417 192 494 279
bottle 0.1275 33 168 74 210
bottle 0.1136 452 195 499 273
bottle 0.1017 266 188 343 222
bottle 0.0980 264 186 307 224
bottle 0.0966 287 159 373 271
bottle 0.0949 28 185 43 215
bottle 0.0894 478 201 499 241
bottle 0.0874 442 269 492 279
bottle 0.0837 36 188 51 215
bottle 0.0821 319 195 341 217
bottle 0.0813 40 190 60 216
bottle 0.0787 450 208 464 233
bottle 0.0784 480 192 500 209
bottle 0.0736 0 237 21 281
bottle 0.0726 33 175 55 213
bottle 0.0723 20 191 38 216
bottle 0.0711 454 183 466 214
bottle 0.0704 460 175 491 225
bottle 0.0688 67 190 97 214
bottle 0.0683 176 43 190 68
bottle 0.0664 472 190 486 206
bottle 0.0647 145 45 172 65
bottle 0.0637 455 199 465 219
bottle 0.0636 473 188 500 254
bottle 0.0622 307 181 346 219
bottle 0.0588 20 177 48 217
bottle 0.0583 442 209 459 235
bottle 0.0575 449 186 476 239
bottle 0.0563 8 191 28 216
bottle 0.0552 297 194 322 218
bottle 0.0551 288 192 373 221
bottle 0.0548 456 195 476 219
bottle 0.0545 290 184 334 219
bottle 0.0544 453 256 500 281
bottle 0.0511 1 186 22 215
bottle 0.0493 25 185 68 217
bottle 0.0490 285 180 356 242
bottle 0.0487 156 44 176 65
bottle 0.0485 170 45 184 67
bottle 0.0485 454 262 478 281
bottle 0.0483 282 189 313 220
bottle 0.0472 454 203 484 233
bottle 0.0466 459 178 479 204
bottle 0.0455 29 177 43 200
bottle 0.0451 14 180 40 215
bottle 0.0446 26 162 119 262
bottle 0.0436 430 268 470 280
bottle 0.0427 424 193 467 240
bottle 0.0426 0 176 35 216
bottle 0.0420 20 169 86 233
bottle 0.0415 55 190 74 215
bottle 0.0414 465 191 494 218
bottle 0.0398 103 251 123 281
bottle 0.0397 243 107 303 185
bottle 0.0394 446 209 468 239
bottle 0.0394 4 180 29 203
bottle 0.0388 134 43 154 65
bottle 0.0386 48 177 78 214
bottle 0.0367 64 162 149 275
bottle 0.0365 456 214 475 239
bottle 0.0363 23 195 45 216
bottle 0.0350 426 208 457 239
bottle 0.0346 269 4 299 57
bottle 0.0346 484 188 497 201
bottle 0.0345 3 254 27 281
bottle 0.0344 21 182 37 204
bottle 0.0342 460 183 491 207
bottle 0.0336 128 43 146 65
bottle 0.0332 440 173 485 233
bottle 0.0329 99 238 128 281
bottle 0.0328 27 172 47 205
bottle 0.0328 6 169 65 209
bottle 0.0326 62 176 106 218
bottle 0.0319 434 259 463 281
bottle 0.0315 447 207 456 219
bottle 0.0315 356 194 375 240
bottle 0.0314 475 175 500 224
bottle 0.0314 135 50 165 66
bottle 0.0310 309 190 360 237
bottle 0.0303 315 222 361 280
bottle 0.0300 355 192 373 222
bottle 0.0299 447 198 456 214
bottle 0.0297 274 193 330 216
bottle 0.0296 180 46 196 70
bottle 0.0292 272 185 297 214
bottle 0.0292 104 240 145 281
bottle 0.0290 453 193 469 212
bottle 0.0290 66 38 94 69
bottle 0.0287 60 181 90 213
bottle 0.0286 448 177 481 214
bottle 0.0285 45 190 92 215
bottle 0.0282 244 112 283 162
bottle 0.0279 11 192 55 219
bottle 0.0279 66 83 148 229
bottle 0.0278 303 161 361 222
bottle 0.0274 298 187 318 210
bottle 0.0268 333 177 374 232
bottle 0.0268 39 99 117 220
bottle 0.0268 277 35 302 71
bottle 0.0267 286 126 323 174
bottle 0.0266 317 189 336 211
bottle 0.0264 447 189 457 211
bottle 0.0263 467 183 488 200
bottle 0.0263 18 182 63 231
bottle 0.0260 424 210 444 237
bottle 0.0258 293 45 306 71
bottle 0.0255 473 187 500 206
bottle 0.0254 257 4 299 83
bottle 0.0254 40 195 73 212
bottle 0.0253 160 43 188 67
bottle 0.0251 1 196 19 226
bottle 0.0250 478 255 500 281
bottle 0.0248 468 217 492 238
bottle 0.0247 439 196 461 226
bottle 0.0246 467 210 494 251
bottle 0.0245 430 178 469 223
bottle 0.0245 28 196 63 212
bottle 0.0243 316 162 378 243
bottle 0.0233 67 189 108 240
bottle 0.0231 171 38 196 70
bottle 0.0230 360 195 377 226
bottle 0.0230 84 193 119 258
bottle 0.0229 286 187 314 206
bottle 0.0226 123 38 148 59
bottle 0.0225 291 133 312 164
bottle 0.0223 98 207 126 263
bottle 0.0223 98 144 187 277
bottle 0.0222 317 197 350 212
bottle 0.0220 138 47 185 68
bottle 0.0219 272 187 310 203
bottle 0.0217 277 194 304 223
bottle 0.0217 0 177 74 223
bottle 0.0217 327 201 347 221
bottle 0.0216 305 189 327 211
bottle 0.0216 446 161 500 246
bottle 0.0215 445 200 476 228
bottle 0.0213 297 194 339 210
bottle 0.0212 316 172 342 213
bottle 0.0212 442 182 462 216
bottle 0.0211 0 185 17 237
bottle 0.0211 482 215 500 240
bottle 0.0210 464 264 496 281
bottle 0.0210 3 194 31 225
bottle 0.0208 442 210 460 223
bottle 0.0204 0 230 11 281
bottle 0.0204 443 254 469 279
bottle 0.0202 5 174 42 199
bottle 0.0201 290 198 310 223
bottle 0.0201 471 194 495 206
chair 0.4181 348 191 436 279
chair 0.2579 416 209 500 281
chair 0.1777 108 186 376 277
chair 0.1717 323 217 462 277
chair 0.1581 266 180 388 277
chair 0.1504 398 200 470 278
chair 0.1316 197 190 457 279
chair 0.1236 347 191 395 269
chair 0.1215 373 189 422 251
chair 0.1121 447 225 499 280
chair 0.1048 250 223 430 279
chair 0.1006 390 194 433 255
chair 0.0979 370 219 443 281
chair 0.0876 131 223 354 276
chair 0.0871 409 208 454 266
chair 0.0811 393 189 424 230
chair 0.0789 414 246 485 281
chair 0.0779 367 198 404 253
chair 0.0767 319 201 403 281
chair 0.0752 371 190 409 231
chair 0.0735 409 230 459 281
chair 0.0726 112 105 346 281
chair 0.0716 322 241 446 281
chair 0.0651 421 204 469 256
chair 0.0635 400 191 420 218
chair 0.0612 108 254 162 281
chair 0.0607 358 203 410 274
chair 0.0586 356 196 384 252
chair 0.0569 372 188 422 217
chair 0.0563 302 197 367 280
chair 0.0561 349 257 435 280
chair 0.0552 378 238 497 281
chair 0.0548 402 235 437 280
chair 0.0543 240 105 309 210
chair 0.0530 407 193 448 242
chair 0.0523 446 252 500 280
chair 0.0514 1 254 22 281
chair 0.0502 109 200 199 281
chair 0.0500 374 190 397 216
chair 0.0497 102 251 210 279
chair 0.0473 283 119 316 165
chair 0.0468 104 232 228 281
chair 0.0461 80 102 211 281
chair 0.0450 70 169 276 281
chair 0.0444 326 220 367 279
chair 0.0424 405 194 425 223
chair 0.0421 54 61 163 233
chair 0.0413 399 198 424 245
chair 0.0411 90 193 144 280
chair 0.0403 426 217 468 277
chair 0.0402 430 258 475 280
chair 0.0400 426 268 490 280
chair 0.0395 1 242 32 281
chair 0.0391 389 253 442 281
chair 0.0389 385 190 419 209
chair 0.0389 420 241 449 280
chair 0.0385 469 217 500 278
chair 0.0382 366 243 428 281
chair 0.0371 426 209 456 244
chair 0.0370 37 178 186 279
chair 0.0366 105 214 162 281
chair 0.0366 402 207 433 269
chair 0.0362 328 190 377 265
chair 0.0362 367 191 394 226
chair 0.0352 344 229 399 281
chair 0.0338 207 192 337 281
chair 0.0337 389 199 417 245
chair 0.0337 439 209 473 252
chair 0.0337 354 199 444 247
chair 0.0327 457 206 491 261
chair 0.0327 254 97 316 172
chair 0.0322 98 231 142 281
chair 0.0312 363 211 392 254
chair 0.0312 421 212 448 256
chair 0.0309 428 250 458 281
chair 0.0306 379 193 406 220
chair 0.0306 408 202 426 232
chair 0.0290 276 110 323 175
chair 0.0286 355 217 386 266
chair 0.0284 81 186 124 266
chair 0.0283 1 255 49 281
chair 0.0280 413 229 440 273
chair 0.0279 414 209 438 246
chair 0.0277 145 192 260 281
chair 0.0276 77 232 177 281
chair 0.0273 87 213 120 280
chair 0.0271 434 233 479 280
chair 0.0271 366 209 468 256
chair 0.0271 413 249 438 280
chair 0.0269 140 146 363 241
chair 0.0267 357 192 377 233
chair 0.0266 377 189 411 204
chair 0.0264 377 200 396 232
chair 0.0263 4 237 80 280
chair 0.0261 395 196 415 225
chair 0.0259 319 164 468 281
chair 0.0253 178 178 291 275
chair 0.0252 54 194 125 279
chair 0.0252 353 175 414 240
chair 0.0251 412 269 462 280
chair 0.0251 404 256 432 281
chair 0.0249 342 227 428 266
chair 0.0249 398 190 421 205
chair 0.0249 347 219 377 276
chair 0.0243 152 246 335 281
chair 0.0242 417 260 451 280
chair 0.0239 291 132 312 163
chair 0.0238 152 255 263 279
chair 0.0236 111 261 190 281
chair 0.0236 41 78 120 210
chair 0.0234 97 201 129 273
chair 0.0229 356 188 437 227
chair 0.0229 480 206 500 270
chair 0.0228 0 264 36 281
chair 0.0224 348 215 425 248
chair 0.0223 0 220 43 281
chair 0.0218 63 252 155 279
chair 0.0217 10 221 125 280
chair 0.0217 401 256 464 281
chair 0.0216 0 73 125 281
chair 0.0215 364 268 427 279
chair 0.0214 345 189 390 228
chair 0.0211 21 221 257 281
chair 0.0210 383 206 403 239
chair 0.0209 410 195 434 226
chair 0.0209 384 224 434 261
chair 0.0208 382 261 425 280
chair 0.0206 419 202 432 221
chair 0.0206 305 252 411 279
chair 0.0205 48 236 130 280
chair 0.0205 398 217 428 256
chair 0.0204 231 200 372 262
chair 0.0204 16 252 114 280
chair 0.0203 368 202 388 234
chair 0.0203 418 207 434 231
chair 0.0202 283 134 331 172
chair 0.0202 421 206 447 236
chair 0.0200 372 265 454 281
chair 0.0200 394 206 412 238
diningtable 0.3639 420 208 500 281
diningtable 0.1848 345 203 473 279
diningtable 0.1506 366 234 499 280
diningtable 0.1151 183 219 462 281
diningtable 0.1074 416 244 500 281
diningtable 0.0896 405 188 496 258
diningtable 0.0866 297 170 452 279
diningtable 0.0827 52 165 353 281
diningtable 0.0787 358 189 445 259
diningtable 0.0650 429 205 491 247
diningtable 0.0529 401 200 465 254
diningtable 0.0522 416 183 486 232
diningtable 0.0517 170 157 457 281
diningtable 0.0500 451 204 488 237
diningtable 0.0420 9 173 83 224
diningtable 0.0395 458 209 500 243
diningtable 0.0383 0 187 118 238
diningtable 0.0362 390 219 491 270
diningtable 0.0331 13 183 132 274
diningtable 0.0327 387 196 478 234
diningtable 0.0327 292 180 397 252
diningtable 0.0317 372 159 500 279
diningtable 0.0316 445 182 498 233
diningtable 0.0306 458 219 500 268
diningtable 0.0301 425 210 472 241
diningtable 0.0296 23 171 106 253
diningtable 0.0289 317 192 431 246
diningtable 0.0286 441 178 484 219
diningtable 0.0272 9 224 168 279
diningtable 0.0269 119 121 376 241
diningtable 0.0260 404 188 455 226
diningtable 0.0244 2 175 232 275
diningtable 0.0241 426 193 495 223
diningtable 0.0240 448 235 500 276
diningtable 0.0237 0 198 85 228
diningtable 0.0229 440 230 500 258
diningtable 0.0227 378 179 491 221
diningtable 0.0223 5 213 298 281
diningtable 0.0216 5 203 101 255
diningtable 0.0215 431 168 494 247
diningtable 0.0214 438 209 482 228
diningtable 0.0214 375 190 441 221
diningtable 0.0213 100 79 447 263
diningtable 0.0211 8 182 73 251
diningtable 0.0211 4 228 82 278
diningtable 0.0204 282 163 397 218
person 0.8680 105 6 348 278
person 0.5496 268 147 379 273
person 0.3191 127 113 389 276
person 0.1621 278 173 444 278
person 0.1335 194 69 344 264
person 0.1040 263 162 368 225
person 0.1029 249 129 332 224
person 0.0893 44 5 227 270
person 0.0774 262 185 329 224
person 0.0737 203 141 365 252
person 0.0663 121 9 300 192
person 0.0623 43 53 172 242
person 0.0615 341 157 431 278
person 0.0602 294 145 373 210
person 0.0600 0 0 500 268
person 0.0568 225 117 468 280
person 0.0535 223 47 321 219
person 0.0524 19 169 121 271
person 0.0516 411 158 499 281
person 0.0512 134 49 254 260
person 0.0418 60 147 305 281
person 0.0402 175 0 431 260
person 0.0401 185 5 259 110
person 0.0399 88 71 188 259
person 0.0392 277 140 339 214
person 0.0374 459 162 493 215
person 0.0357 250 168 306 223
person 0.0356 341 120 484 281
person 0.0351 25 109 130 254
person 0.0350 297 146 375 179
person 0.0321 234 112 303 224
person 0.0314 204 4 246 44
person 0.0305 6 169 93 212
person 0.0299 52 120 162 276
person 0.0297 245 51 381 236
person 0.0287 325 145 375 200
person 0.0287 172 48 297 239
person 0.0286 134 12 283 76
person 0.0280 0 23 144 280
person 0.0276 246 75 334 193
person 0.0276 221 2 259 46
person 0.0268 69 36 191 190
person 0.0252 219 6 310 125
person 0.0249 234 112 364 212
person 0.0247 396 61 500 281
person 0.0247 132 26 225 140
person 0.0242 286 135 325 183
person 0.0237 295 141 346 185
person 0.0235 272 136 405 225
person 0.0235 374 161 464 276
person 0.0233 322 146 394 235
person 0.0229 241 1 281 50
person 0.0228 232 8 351 172
person 0.0224 63 10 205 70
person 0.0221 460 134 497 206
person 0.0220 183 11 334 74
person 0.0219 343 145 384 194
person 0.0218 216 8 265 92
person 0.0210 189 6 236 54
person 0.0209 269 142 383 188
person 0.0205 267 8 500 279
person 0.0202 107 10 255 116
pottedplant 0.1944 36 170 74 213
pottedplant 0.0969 65 0 82 43
pottedplant 0.0681 38 174 63 205
pottedplant 0.0648 277 46 294 72
pottedplant 0.0543 33 173 54 200
pottedplant 0.0530 33 169 78 193
pottedplant 0.0524 285 46 300 73
pottedplant 0.0517 17 167 91 215
pottedplant 0.0470 272 39 300 75
pottedplant 0.0461 60 0 128 46
pottedplant 0.0436 80 4 124 39
pottedplant 0.0417 272 46 286 72
pottedplant 0.0380 52 0 94 52
pottedplant 0.0368 45 172 75 200
pottedplant 0.0346 277 44 305 102
pottedplant 0.0345 261 2 295 53
pottedplant 0.0342 293 47 305 73
pottedplant 0.0330 270 14 302 72
pottedplant 0.0319 45 0 117 69
pottedplant 0.0318 23 168 58 212
pottedplant 0.0310 47 172 89 212
pottedplant 0.0297 35 0 78 46
pottedplant 0.0276 288 52 301 80
pottedplant 0.0247 10 148 77 209
pottedplant 0.0245 14 0 99 52
pottedplant 0.0239 268 19 306 104
pottedplant 0.0235 268 35 290 70
pottedplant 0.0219 267 44 295 95
pottedplant 0.0219 65 0 118 29
pottedplant 0.0216 66 0 83 23
pottedplant 0.0213 35 140 98 210
pottedplant 0.0205 26 169 48 200
pottedplant 0.0205 277 51 302 67
pottedplant 0.0203 248 0 302 109
sofa 0.1052 24 79 430 281
tvmonitor 0.0764 59 0 138 69
tvmonitor 0.0578 57 33 144 70
tvmonitor 0.0522 71 0 127 45
tvmonitor 0.0443 86 39 146 66
tvmonitor 0.0342 47 53 169 213
tvmonitor 0.0335 65 38 117 68
tvmonitor 0.0308 136 43 176 66
tvmonitor 0.0258 51 60 172 142
tvmonitor 0.0233 50 19 162 88
tvmonitor 0.0219 41 7 239 158
tvmonitor 0.0203 217 1 299 54
