bicycle 0.0319 198 0 258 30
bicycle 0.0215 196 0 281 18
bus 0.9712 31 17 477 303
bus 0.4510 479 179 499 219
bus 0.0923 28 120 133 274
bus 0.0820 466 177 493 239
bus 0.0713 40 12 133 190
bus 0.0710 20 167 92 271
bus 0.0676 31 20 168 283
bus 0.0667 360 53 484 294
bus 0.0580 22 183 170 296
bus 0.0557 477 178 500 199
bus 0.0458 484 176 500 269
bus 0.0409 38 76 123 221
bus 0.0392 480 166 500 206
bus 0.0372 471 166 497 218
bus 0.0368 380 151 480 285
bus 0.0357 435 172 491 272
bus 0.0356 20 104 87 252
bus 0.0347 485 161 498 186
bus 0.0334 44 12 134 106
bus 0.0329 15 44 111 290
bus 0.0314 484 146 500 228
bus 0.0313 462 150 492 217
bus 0.0296 409 107 489 276
bus 0.0293 464 179 494 211
bus 0.0262 465 182 480 211
bus 0.0259 485 144 498 181
bus 0.0255 469 165 478 186
bus 0.0252 51 23 282 265
bus 0.0243 440 153 486 236
bus 0.0240 458 177 497 267
bus 0.0239 30 126 210 305
bus 0.0232 20 59 84 204
bus 0.0221 244 35 472 302
bus 0.0221 460 185 472 210
bus 0.0218 38 148 114 204
bus 0.0210 8 188 320 301
bus 0.0210 402 168 494 251
car 0.3737 477 213 499 265
car 0.2672 10 221 34 266
car 0.2138 479 181 500 225
car 0.1849 466 204 494 267
car 0.1729 478 202 500 244
car 0.1090 17 216 56 270
car 0.1028 25 182 129 287
car 0.0946 4 226 24 266
car 0.0665 472 180 500 249
car 0.0620 7 207 44 269
car 0.0613 13 192 75 274
car 0.0558 474 216 496 246
car 0.0554 484 183 500 271
car 0.0510 89 167 122 224
car 0.0500 0 212 29 269
car 0.0468 13 217 186 298
car 0.0444 42 176 122 226
car 0.0437 476 238 500 265
car 0.0437 447 212 487 272
car 0.0429 47 187 113 213
car 0.0425 50 187 99 202
car 0.0423 18 219 91 279
car 0.0423 0 195 8 219
car 0.0419 71 178 120 215
car 0.0416 472 212 499 226
car 0.0409 31 186 115 245
car 0.0389 434 183 492 277
car 0.0381 0 221 16 271
car 0.0360 27 245 250 302
car 0.0350 477 215 500 232
car 0.0349 2 196 15 218
car 0.0348 40 155 114 208
car 0.0332 11 214 338 303
car 0.0329 88 187 122 215
car 0.0325 11 236 29 269
car 0.0320 20 225 44 259
car 0.0318 473 224 496 257
car 0.0311 17 238 67 279
car 0.0306 359 211 484 292
car 0.0306 470 197 499 227
car 0.0305 167 248 372 301
car 0.0286 5 201 20 217
car 0.0283 17 160 100 268
car 0.0270 57 185 115 204
car 0.0269 0 255 28 268
car 0.0267 17 214 36 256
car 0.0256 48 174 104 203
car 0.0249 456 224 500 269
car 0.0245 10 224 67 258
car 0.0243 66 191 112 207
car 0.0232 60 182 103 198
car 0.0228 477 206 500 222
car 0.0226 25 198 57 260
car 0.0226 0 237 11 269
car 0.0224 4 234 53 268
car 0.0224 33 169 91 210
car 0.0222 16 204 26 219
car 0.0222 1 179 55 268
car 0.0221 5 206 15 223
car 0.0215 2 248 20 269
car 0.0214 6 209 27 220
car 0.0211 53 163 137 257
car 0.0210 484 140 499 179
car 0.0208 1 245 37 266
car 0.0205 478 195 494 221
car 0.0203 0 219 26 248
car 0.0202 0 260 27 272
person 0.2324 92 162 124 208
person 0.1255 309 88 339 147
person 0.1224 311 87 334 121
person 0.0880 310 187 335 217
person 0.0876 89 165 112 198
person 0.0823 307 87 329 112
person 0.0655 355 192 369 230
person 0.0649 93 158 136 224
person 0.0622 476 225 500 265
person 0.0597 350 193 376 255
person 0.0581 291 88 332 145
person 0.0540 84 168 119 218
person 0.0535 320 88 340 111
person 0.0524 73 160 119 199
person 0.0501 104 166 133 211
person 0.0494 238 73 253 100
person 0.0481 172 61 192 89
person 0.0429 314 89 333 108
person 0.0427 80 170 101 197
person 0.0414 352 191 365 222
person 0.0377 307 186 342 235
person 0.0376 90 184 119 211
person 0.0371 360 109 401 156
person 0.0353 300 186 320 216
person 0.0344 61 164 112 214
person 0.0340 330 88 347 114
person 0.0338 355 181 369 214
person 0.0335 299 85 327 127
person 0.0321 109 161 130 195
person 0.0314 320 190 340 221
person 0.0308 66 168 101 200
person 0.0307 302 87 321 110
person 0.0307 113 162 140 208
person 0.0304 91 159 120 187
person 0.0300 300 86 339 107
person 0.0297 330 190 347 220
person 0.0294 395 194 412 223
person 0.0291 349 198 366 242
person 0.0290 358 194 377 228
person 0.0290 336 190 364 250
person 0.0281 75 175 106 209
person 0.0276 179 65 198 91
person 0.0274 71 172 94 197
person 0.0273 112 177 131 212
person 0.0268 341 192 357 220
person 0.0264 312 185 355 222
person 0.0262 353 183 385 244
person 0.0262 79 181 100 205
person 0.0258 287 92 321 132
person 0.0258 322 187 354 246
person 0.0256 64 180 98 198
person 0.0255 344 180 370 238
person 0.0255 359 194 391 258
person 0.0252 232 74 249 96
person 0.0249 354 216 371 253
person 0.0249 54 183 104 204
person 0.0246 320 96 370 154
person 0.0243 337 187 361 226
person 0.0240 213 71 230 93
person 0.0239 116 162 153 220
person 0.0235 322 87 350 124
person 0.0229 137 192 153 220
person 0.0224 486 234 500 265
person 0.0223 356 180 381 222
person 0.0223 160 226 186 268
person 0.0218 80 175 123 199
person 0.0218 118 180 137 214
person 0.0214 64 158 134 240
person 0.0213 277 76 292 103
person 0.0211 371 194 388 226
person 0.0209 346 210 367 254
person 0.0207 285 103 323 149
person 0.0206 49 157 102 203
person 0.0202 165 62 177 86
train 0.0245 31 164 130 217
train 0.0227 8 160 75 269
train 0.0206 101 221 475 303
