bottle 0.0271 312 259 353 316
car 0.0397 322 221 494 365
car 0.0332 292 255 446 373
car 0.0295 337 203 494 290
car 0.0254 341 209 439 342
car 0.0248 303 208 406 344
chair 0.0532 13 256 183 372
chair 0.0508 0 1 79 230
chair 0.0495 3 171 161 370
chair 0.0469 0 19 338 375
chair 0.0410 1 136 94 362
chair 0.0384 0 0 51 175
chair 0.0363 9 0 136 245
chair 0.0344 312 127 476 372
chair 0.0304 0 310 136 375
chair 0.0304 2 238 119 359
chair 0.0302 0 224 314 369
chair 0.0275 0 0 49 87
chair 0.0239 147 58 461 375
chair 0.0238 29 18 114 196
chair 0.0237 291 217 445 375
chair 0.0234 8 101 79 298
chair 0.0231 275 253 373 374
chair 0.0224 203 239 423 375
chair 0.0224 0 272 91 371
chair 0.0221 18 47 184 343
chair 0.0215 59 291 173 373
chair 0.0207 81 226 194 367
chair 0.0205 402 200 500 335
chair 0.0201 49 178 176 279
chair 0.0201 0 49 62 338
chair 0.0200 457 209 498 287
dog 0.7947 128 41 379 364
dog 0.1222 129 214 370 372
dog 0.0608 6 171 380 375
dog 0.0499 46 3 311 338
dog 0.0496 163 42 373 225
dog 0.0385 224 55 391 317
dog 0.0252 280 152 380 295
dog 0.0241 174 48 350 130
dog 0.0227 278 209 377 344
dog 0.0226 154 49 302 302
person 0.0557 8 0 330 375
person 0.0415 12 47 158 351
person 0.0278 24 0 172 236
person 0.0261 0 9 92 365
person 0.0248 46 284 126 375
person 0.0231 249 158 394 375
person 0.0229 276 232 373 364
person 0.0223 0 311 156 373
person 0.0203 288 216 359 320
pottedplant 0.0366 11 0 134 230
pottedplant 0.0319 1 1 70 63
pottedplant 0.0231 0 6 48 211
pottedplant 0.0212 0 0 50 34
pottedplant 0.0202 0 1 50 18
sheep 0.0373 87 246 383 373
sheep 0.0272 140 162 346 375
sheep 0.0213 121 300 358 367
sofa 0.0293 0 19 451 367
tvmonitor 0.0247 0 173 76 296
tvmonitor 0.0240 22 0 166 221
tvmonitor 0.0201 4 58 69 216
