aeroplane 0.0262 0 58 414 330
boat 0.0325 309 58 400 101
bus 0.3028 369 110 496 241
bus 0.2020 409 149 496 245
bus 0.1529 361 103 438 234
bus 0.0754 355 100 414 190
bus 0.0712 347 97 401 239
bus 0.0696 338 34 500 238
bus 0.0626 352 102 389 176
bus 0.0587 239 71 384 285
bus 0.0583 350 112 375 183
bus 0.0496 368 142 471 220
bus 0.0452 310 76 414 240
bus 0.0423 325 92 380 243
bus 0.0369 164 93 377 327
bus 0.0337 370 117 423 209
bus 0.0305 274 63 460 227
bus 0.0303 350 57 428 204
bus 0.0294 362 104 426 163
bus 0.0286 342 95 405 159
bus 0.0271 355 103 418 135
bus 0.0253 358 108 479 190
bus 0.0241 336 100 370 177
bus 0.0239 368 123 406 180
bus 0.0238 305 78 368 213
bus 0.0234 394 129 492 211
bus 0.0227 440 142 499 228
bus 0.0209 299 62 405 158
bus 0.0202 406 154 457 217
bus 0.0201 319 91 400 185
car 0.8277 120 64 376 323
car 0.5555 0 159 22 189
car 0.2723 381 136 497 240
car 0.2053 365 127 427 244
car 0.2009 4 163 41 190
car 0.1685 23 167 44 188
car 0.1628 103 141 128 169
car 0.1320 424 161 496 245
car 0.1041 0 171 29 192
car 0.1026 14 174 46 190
car 0.1013 1 169 19 199
car 0.0920 285 68 471 252
car 0.0754 369 175 411 248
car 0.0746 31 171 48 189
car 0.0727 19 169 39 192
car 0.0703 106 80 189 223
car 0.0674 375 53 500 250
car 0.0651 34 174 50 193
car 0.0648 442 196 499 245
car 0.0599 349 107 402 247
car 0.0587 116 79 321 225
car 0.0547 482 208 500 248
car 0.0540 353 121 376 176
car 0.0539 458 169 499 243
car 0.0533 30 174 44 198
car 0.0475 8 180 33 198
car 0.0439 359 144 378 176
car 0.0436 474 184 500 248
car 0.0436 102 139 134 185
car 0.0425 324 100 379 245
car 0.0418 19 180 42 198
car 0.0414 166 71 359 152
car 0.0409 212 83 370 279
car 0.0404 1 130 38 188
car 0.0389 351 110 384 199
car 0.0384 1 148 19 179
car 0.0375 7 172 46 199
car 0.0375 0 156 57 188
car 0.0368 332 150 369 238
car 0.0368 410 207 490 245
car 0.0366 112 86 222 276
car 0.0365 274 89 375 231
car 0.0364 107 74 229 182
car 0.0348 372 150 413 219
car 0.0346 373 153 402 177
car 0.0340 305 125 370 257
car 0.0337 105 135 155 186
car 0.0337 102 134 143 167
car 0.0320 0 153 29 171
car 0.0319 461 152 499 216
car 0.0316 39 179 62 191
car 0.0316 409 157 444 219
car 0.0311 121 146 153 226
car 0.0309 35 179 52 198
car 0.0307 386 187 490 243
car 0.0306 1 181 17 207
car 0.0305 408 183 428 220
car 0.0304 352 118 498 297
car 0.0293 411 180 494 226
car 0.0292 113 117 175 254
car 0.0291 20 173 57 194
car 0.0288 372 149 420 186
car 0.0287 9 189 37 204
car 0.0282 369 228 407 245
car 0.0280 368 212 410 246
car 0.0280 28 166 50 194
car 0.0277 357 125 411 185
car 0.0276 368 153 390 174
car 0.0276 108 114 156 214
car 0.0276 479 173 499 224
car 0.0271 148 255 361 318
car 0.0269 36 173 60 186
car 0.0266 338 106 369 185
car 0.0266 478 153 499 192
car 0.0264 151 43 500 277
car 0.0263 0 35 397 375
car 0.0263 113 140 137 169
car 0.0259 349 134 386 233
car 0.0257 160 71 210 86
car 0.0257 112 198 379 319
car 0.0254 275 64 383 158
car 0.0253 0 162 22 214
car 0.0249 372 172 446 246
car 0.0244 0 139 23 196
car 0.0242 464 206 498 246
car 0.0235 8 156 29 182
car 0.0234 403 187 419 221
car 0.0234 18 161 48 178
car 0.0233 0 176 11 210
car 0.0230 389 149 430 212
car 0.0229 72 1 286 278
car 0.0227 347 94 495 199
car 0.0226 302 59 398 98
car 0.0225 362 151 485 210
car 0.0221 411 195 439 219
car 0.0216 349 151 369 174
car 0.0215 0 151 42 177
car 0.0214 48 180 73 191
car 0.0213 378 153 420 173
car 0.0208 469 153 496 184
car 0.0208 317 136 410 250
car 0.0208 106 148 193 310
car 0.0207 146 70 294 137
car 0.0207 346 176 364 219
car 0.0205 170 106 305 155
car 0.0205 44 179 55 195
car 0.0204 450 218 496 241
car 0.0203 368 132 424 176
car 0.0202 153 70 249 102
car 0.0202 413 170 472 216
car 0.0202 405 171 433 223
person 0.1595 179 109 216 143
person 0.1013 233 114 271 144
person 0.0907 215 113 261 142
person 0.0842 175 110 198 141
person 0.0702 189 110 233 142
person 0.0657 262 117 295 144
person 0.0558 260 114 281 143
person 0.0556 201 105 250 142
person 0.0508 202 110 224 141
person 0.0485 240 112 297 144
person 0.0472 211 117 244 142
person 0.0423 169 98 206 141
person 0.0383 176 93 256 144
person 0.0361 169 111 188 142
person 0.0341 241 125 277 145
person 0.0339 374 151 399 177
person 0.0339 294 114 310 145
person 0.0338 279 116 302 145
person 0.0334 195 113 279 146
person 0.0329 447 206 467 240
person 0.0322 471 208 495 243
person 0.0321 262 109 313 145
person 0.0315 219 126 261 144
person 0.0313 196 107 218 136
person 0.0313 444 192 495 242
person 0.0306 300 109 316 143
person 0.0300 255 126 290 146
person 0.0300 56 47 387 340
person 0.0296 226 112 250 140
person 0.0292 170 85 224 151
person 0.0291 485 192 500 251
person 0.0290 451 210 476 241
person 0.0283 174 107 211 127
person 0.0268 459 210 486 242
person 0.0254 441 207 460 238
person 0.0252 350 112 361 156
person 0.0249 269 127 307 145
person 0.0247 366 176 404 247
person 0.0246 173 101 234 136
person 0.0245 410 161 429 197
person 0.0244 236 116 269 166
person 0.0241 250 114 273 140
person 0.0240 0 0 204 339
person 0.0233 353 113 369 159
person 0.0225 190 117 218 145
person 0.0225 267 113 297 136
person 0.0224 225 101 266 146
person 0.0224 210 97 300 145
person 0.0224 292 100 315 144
person 0.0220 309 117 322 146
person 0.0218 391 151 412 177
person 0.0208 175 103 215 166
person 0.0208 23 160 36 181
person 0.0207 470 160 496 194
person 0.0202 198 123 254 145
train 0.0385 115 64 500 275
train 0.0353 368 110 500 200
train 0.0332 0 60 379 304
train 0.0323 123 155 152 221
train 0.0247 134 61 398 178
train 0.0240 424 158 495 197
train 0.0208 371 146 439 177
train 0.0206 431 151 498 184
tvmonitor 0.0202 171 77 307 144
