aeroplane 0.0318 26 0 494 287
bird 0.0494 213 144 489 256
bird 0.0423 348 152 498 264
bird 0.0336 301 179 476 258
bird 0.0245 331 192 399 234
bird 0.0243 406 160 497 299
bird 0.0243 303 158 411 234
bird 0.0200 398 171 468 255
boat 0.1182 12 0 494 295
boat 0.0371 393 155 498 253
boat 0.0351 483 165 499 204
boat 0.0338 0 139 130 207
boat 0.0211 3 163 111 200
bottle 0.0292 4 178 44 198
bottle 0.0276 58 221 116 243
bottle 0.0246 486 159 500 212
bottle 0.0229 329 200 399 234
bottle 0.0229 16 162 39 197
bus 0.0386 396 150 499 246
car 0.0667 0 0 216 135
car 0.0375 0 149 136 211
car 0.0350 2 0 101 120
car 0.0321 0 177 137 229
car 0.0311 0 0 140 199
car 0.0261 477 0 500 22
car 0.0239 0 100 119 221
car 0.0237 0 176 100 212
car 0.0232 0 177 44 200
car 0.0202 0 163 99 200
car 0.0201 362 10 500 100
cat 0.6999 113 169 395 246
cat 0.2231 75 178 415 302
cat 0.1775 105 172 281 237
cat 0.1572 67 132 432 240
cat 0.0616 114 153 332 221
cat 0.0554 266 171 400 244
cat 0.0488 40 166 200 230
cat 0.0474 121 224 391 310
cat 0.0416 108 177 198 233
cat 0.0399 97 192 365 268
cat 0.0337 64 225 109 241
cat 0.0290 210 140 409 237
cat 0.0275 187 172 371 218
cat 0.0274 319 180 402 236
cat 0.0255 132 164 268 203
cat 0.0239 249 178 422 287
cat 0.0228 119 175 228 217
cat 0.0223 232 233 407 305
cat 0.0201 210 191 399 252
chair 0.1649 47 106 452 248
chair 0.1257 10 0 479 250
chair 0.0925 344 0 500 239
chair 0.0907 17 160 442 327
chair 0.0617 63 226 403 344
chair 0.0565 234 120 484 285
chair 0.0541 98 71 416 195
chair 0.0515 1 0 280 122
chair 0.0478 389 139 498 233
chair 0.0478 11 159 162 230
chair 0.0420 60 62 481 375
chair 0.0418 319 108 500 253
chair 0.0418 201 0 500 108
chair 0.0411 207 43 444 206
chair 0.0356 0 149 234 240
chair 0.0348 0 0 153 224
chair 0.0345 248 74 408 193
chair 0.0332 409 12 500 215
chair 0.0325 115 139 373 284
chair 0.0324 334 124 490 347
chair 0.0319 313 212 500 375
chair 0.0308 37 41 317 204
chair 0.0308 196 119 394 183
chair 0.0303 40 0 461 86
chair 0.0291 0 168 223 311
chair 0.0287 3 217 288 366
chair 0.0287 87 0 378 148
chair 0.0284 96 116 339 202
chair 0.0282 411 211 500 375
chair 0.0281 191 250 496 374
chair 0.0263 271 111 445 218
chair 0.0262 0 95 253 218
chair 0.0260 0 115 140 214
chair 0.0259 11 206 175 339
chair 0.0258 92 0 187 19
chair 0.0258 379 152 470 256
chair 0.0252 193 86 335 176
chair 0.0251 62 0 278 73
chair 0.0243 145 252 375 320
chair 0.0238 218 0 437 65
chair 0.0236 166 40 358 173
chair 0.0230 3 140 144 266
chair 0.0229 8 194 149 283
chair 0.0225 186 78 397 249
chair 0.0223 454 149 499 212
chair 0.0222 88 77 287 250
chair 0.0221 272 18 463 173
chair 0.0214 428 119 500 222
chair 0.0214 334 142 467 224
chair 0.0213 281 81 500 189
chair 0.0213 12 0 189 94
chair 0.0208 359 124 500 199
chair 0.0207 131 0 340 65
chair 0.0205 132 91 272 173
chair 0.0203 226 233 406 344
chair 0.0202 340 169 490 241
chair 0.0202 21 203 282 284
diningtable 0.0570 28 211 447 355
diningtable 0.0289 21 243 324 338
diningtable 0.0216 10 263 262 364
dog 0.1353 104 161 439 269
dog 0.0783 219 173 403 239
dog 0.0516 257 169 472 263
dog 0.0245 198 196 432 286
dog 0.0241 393 149 499 317
person 0.0367 484 167 499 205
person 0.0293 1 177 40 199
person 0.0278 463 0 500 29
person 0.0276 61 0 180 17
person 0.0271 430 0 498 87
person 0.0268 457 0 499 72
person 0.0237 472 0 500 54
person 0.0217 0 154 38 200
person 0.0210 48 0 145 13
person 0.0201 484 177 499 223
pottedplant 0.0615 111 284 157 327
pottedplant 0.0386 60 225 109 245
pottedplant 0.0260 347 151 500 365
pottedplant 0.0232 15 192 139 237
pottedplant 0.0208 56 213 117 243
pottedplant 0.0206 101 281 161 365
sheep 0.0362 315 143 498 278
sofa 0.0633 7 0 472 278
train 0.0370 397 156 498 252
tvmonitor 0.1020 300 0 499 130
tvmonitor 0.0782 417 0 498 116
tvmonitor 0.0699 63 225 405 341
tvmonitor 0.0521 0 162 138 224
tvmonitor 0.0439 189 0 500 83
tvmonitor 0.0413 364 0 496 75
tvmonitor 0.0297 286 0 452 57
tvmonitor 0.0275 457 0 500 102
tvmonitor 0.0247 102 0 500 190
tvmonitor 0.0246 5 190 131 236
tvmonitor 0.0232 1 0 109 76
tvmonitor 0.0221 3 176 113 211
tvmonitor 0.0205 116 254 362 319
tvmonitor 0.0204 436 13 496 82
