boat 0.0244 262 115 346 152
bottle 0.2924 267 0 319 128
bottle 0.1965 357 115 487 333
bottle 0.1063 279 23 311 104
bottle 0.0922 283 7 315 83
bottle 0.0895 277 0 347 138
bottle 0.0644 289 30 311 88
bottle 0.0593 271 20 302 92
bottle 0.0506 282 49 314 129
bottle 0.0473 293 37 309 76
bottle 0.0417 273 32 292 86
bottle 0.0361 279 0 319 48
bottle 0.0347 292 40 319 109
bottle 0.0346 391 122 468 271
bottle 0.0328 285 39 302 76
bottle 0.0307 273 43 327 145
bottle 0.0298 271 44 306 120
bottle 0.0293 273 34 286 71
bottle 0.0282 276 36 309 68
bottle 0.0277 260 26 296 107
bottle 0.0274 299 38 313 73
bottle 0.0273 301 56 316 96
bottle 0.0270 291 54 310 98
bottle 0.0264 307 19 390 145
bottle 0.0242 312 0 364 113
bottle 0.0233 395 68 499 293
bottle 0.0226 417 57 433 77
bottle 0.0223 295 26 315 75
bottle 0.0219 399 121 461 164
bottle 0.0201 283 55 304 98
car 0.0282 264 121 346 154
cat 0.1136 360 140 484 333
cat 0.0423 461 241 499 333
cat 0.0315 372 220 498 329
cat 0.0203 0 262 101 333
chair 0.7923 22 15 276 307
chair 0.2283 22 14 234 191
chair 0.1604 332 105 487 333
chair 0.1080 50 67 451 333
chair 0.0943 195 12 281 135
chair 0.0927 73 8 291 154
chair 0.0917 193 40 231 103
chair 0.0863 235 3 309 135
chair 0.0789 161 66 284 278
chair 0.0772 170 0 306 159
chair 0.0711 24 11 201 119
chair 0.0701 148 17 252 136
chair 0.0690 146 36 273 197
chair 0.0664 185 55 283 172
chair 0.0660 221 31 476 327
chair 0.0650 13 178 278 312
chair 0.0635 82 49 287 235
chair 0.0603 182 93 275 202
chair 0.0603 455 207 500 333
chair 0.0600 29 93 178 315
chair 0.0598 14 15 100 136
chair 0.0578 183 42 243 123
chair 0.0573 171 72 365 314
chair 0.0563 105 6 224 133
chair 0.0511 459 201 499 273
chair 0.0503 175 5 229 103
chair 0.0491 0 22 152 282
chair 0.0470 256 21 339 140
chair 0.0428 178 85 275 149
chair 0.0424 194 45 268 106
chair 0.0419 68 5 385 247
chair 0.0413 27 7 193 70
chair 0.0412 25 48 139 215
chair 0.0408 181 27 218 98
chair 0.0381 130 130 270 304
chair 0.0380 194 0 351 227
chair 0.0377 21 0 141 98
chair 0.0350 26 105 91 157
chair 0.0340 186 157 272 292
chair 0.0334 205 66 317 157
chair 0.0333 142 32 233 106
chair 0.0326 17 69 91 181
chair 0.0324 131 14 287 96
chair 0.0321 318 28 500 180
chair 0.0319 481 55 500 131
chair 0.0319 25 105 123 176
chair 0.0319 306 210 500 333
chair 0.0315 222 3 451 194
chair 0.0314 127 0 212 95
chair 0.0310 15 241 185 313
chair 0.0307 277 0 318 47
chair 0.0307 440 175 498 307
chair 0.0300 27 197 119 320
chair 0.0299 46 234 272 310
chair 0.0298 8 0 93 84
chair 0.0294 402 123 500 333
chair 0.0286 195 12 250 100
chair 0.0281 123 37 207 153
chair 0.0281 449 48 500 165
chair 0.0281 463 52 498 127
chair 0.0280 201 94 275 133
chair 0.0280 0 0 80 16
chair 0.0279 413 26 498 156
chair 0.0277 461 228 500 259
chair 0.0271 66 6 194 44
chair 0.0267 8 124 117 328
chair 0.0264 20 104 90 241
chair 0.0258 195 74 276 124
chair 0.0255 137 220 274 299
chair 0.0249 387 27 500 288
chair 0.0244 468 228 500 296
chair 0.0241 269 62 369 148
chair 0.0234 144 93 264 166
chair 0.0222 161 35 205 98
chair 0.0222 471 203 500 249
chair 0.0220 11 4 90 48
chair 0.0217 0 202 170 328
chair 0.0216 0 0 274 96
chair 0.0215 358 58 493 154
chair 0.0215 248 92 347 164
chair 0.0214 203 45 243 99
chair 0.0212 203 109 280 246
chair 0.0211 256 212 434 325
chair 0.0210 189 54 219 102
chair 0.0207 65 30 209 94
chair 0.0207 7 0 211 34
chair 0.0200 293 68 417 148
diningtable 0.0495 115 106 500 332
diningtable 0.0409 0 0 405 305
diningtable 0.0407 247 4 415 149
diningtable 0.0373 101 12 326 136
diningtable 0.0273 271 59 438 133
diningtable 0.0247 240 45 500 157
diningtable 0.0241 202 37 310 116
diningtable 0.0239 303 78 485 148
diningtable 0.0229 280 127 500 304
diningtable 0.0226 249 88 404 147
diningtable 0.0220 306 107 482 163
diningtable 0.0206 180 6 342 109
dog 0.0375 269 213 494 331
person 0.2671 353 113 486 331
person 0.0531 277 172 493 333
person 0.0364 433 224 498 331
person 0.0351 394 190 491 332
person 0.0290 466 267 500 333
person 0.0286 48 1 79 16
person 0.0262 311 140 446 314
person 0.0211 11 0 84 18
pottedplant 0.0684 227 0 316 134
pottedplant 0.0535 264 0 330 131
pottedplant 0.0295 39 0 78 16
pottedplant 0.0231 279 0 354 96
pottedplant 0.0221 310 0 365 104
pottedplant 0.0209 12 5 85 45
pottedplant 0.0207 265 3 321 76
tvmonitor 0.0624 268 0 453 146
tvmonitor 0.0469 270 29 330 151
tvmonitor 0.0469 335 0 491 159
tvmonitor 0.0407 247 4 345 137
tvmonitor 0.0405 301 0 367 125
tvmonitor 0.0359 417 55 433 78
tvmonitor 0.0356 429 0 500 14
tvmonitor 0.0313 265 121 345 152
tvmonitor 0.0294 462 229 500 291
tvmonitor 0.0281 293 34 411 138
tvmonitor 0.0254 272 0 355 90
tvmonitor 0.0244 322 41 465 138
tvmonitor 0.0233 411 11 497 140
tvmonitor 0.0229 253 88 349 153
tvmonitor 0.0228 91 2 204 59
tvmonitor 0.0220 236 0 319 88
tvmonitor 0.0214 468 251 499 327
tvmonitor 0.0200 373 0 477 114
