aeroplane 0.0399 240 136 279 196
aeroplane 0.0239 0 154 42 197
aeroplane 0.0206 15 0 500 368
bicycle 0.7810 95 235 142 326
bicycle 0.6204 28 231 74 315
bicycle 0.4760 6 227 50 311
bicycle 0.2014 6 214 35 291
bicycle 0.2006 9 217 81 306
bicycle 0.1977 12 239 40 306
bicycle 0.1837 0 191 41 305
bicycle 0.1129 35 258 64 316
bicycle 0.1100 79 209 151 315
bicycle 0.1078 41 210 84 310
bicycle 0.1074 9 231 31 279
bicycle 0.0985 7 232 71 346
bicycle 0.0927 65 235 132 323
bicycle 0.0906 20 248 47 309
bicycle 0.0877 89 236 125 306
bicycle 0.0874 7 210 66 277
bicycle 0.0850 30 244 58 309
bicycle 0.0688 33 266 53 310
bicycle 0.0669 34 218 121 320
bicycle 0.0621 0 224 95 269
bicycle 0.0581 2 218 36 257
bicycle 0.0561 12 235 64 289
bicycle 0.0470 39 279 61 315
bicycle 0.0457 42 234 72 294
bicycle 0.0431 0 231 49 274
bicycle 0.0414 93 243 132 286
bicycle 0.0410 0 226 68 257
bicycle 0.0404 81 236 156 272
bicycle 0.0396 18 264 37 309
bicycle 0.0393 11 248 37 284
bicycle 0.0380 0 233 32 317
bicycle 0.0377 88 207 145 274
bicycle 0.0368 64 194 118 308
bicycle 0.0361 52 241 76 307
bicycle 0.0357 24 186 94 299
bicycle 0.0356 47 274 68 316
bicycle 0.0353 25 272 43 310
bicycle 0.0348 0 226 27 251
bicycle 0.0342 85 232 98 272
bicycle 0.0332 78 233 107 300
bicycle 0.0327 89 236 106 277
bicycle 0.0322 38 241 62 289
bicycle 0.0315 2 231 25 274
bicycle 0.0304 0 220 49 366
bicycle 0.0303 34 238 55 279
bicycle 0.0300 67 236 101 314
bicycle 0.0299 98 230 155 293
bicycle 0.0291 93 239 115 277
bicycle 0.0286 60 228 104 287
bicycle 0.0275 21 239 47 279
bicycle 0.0272 11 227 40 255
bicycle 0.0262 4 244 21 291
bicycle 0.0260 104 271 154 329
bicycle 0.0252 30 280 83 325
bicycle 0.0246 61 269 74 310
bicycle 0.0246 14 271 63 316
bicycle 0.0241 11 258 30 305
bicycle 0.0239 47 256 88 320
bicycle 0.0233 96 241 126 270
bicycle 0.0222 17 227 110 288
bicycle 0.0216 112 257 140 325
bicycle 0.0215 21 235 61 270
bicycle 0.0204 57 231 86 298
bicycle 0.0203 5 255 76 311
bicycle 0.0201 74 233 96 283
bird 0.0468 315 227 334 262
bird 0.0413 269 184 331 210
bird 0.0326 281 187 347 215
bird 0.0284 318 216 341 263
bird 0.0265 315 191 347 213
bird 0.0242 253 153 282 198
bird 0.0234 302 207 342 268
bird 0.0229 327 193 348 222
bird 0.0227 37 28 500 324
bird 0.0207 312 186 343 207
bird 0.0204 315 215 357 272
bird 0.0204 318 192 346 232
bird 0.0201 263 169 287 198
boat 0.0545 251 133 271 191
boat 0.0364 240 137 278 194
boat 0.0246 209 138 284 196
boat 0.0213 249 134 264 175
boat 0.0209 255 136 269 164
car 0.0363 5 180 37 203
car 0.0297 4 172 43 198
car 0.0294 0 167 29 203
cat 0.0272 0 0 500 375
chair 0.0609 101 252 139 326
chair 0.0243 82 230 100 275
chair 0.0233 59 275 74 315
chair 0.0230 79 234 92 268
cow 0.0276 316 206 357 269
cow 0.0260 312 218 339 264
cow 0.0223 335 215 375 272
dog 0.0423 0 0 500 375
person 0.6073 83 167 140 318
person 0.4924 15 165 71 306
person 0.4425 5 171 42 293
person 0.2115 36 184 73 298
person 0.2044 0 176 28 280
person 0.1485 21 173 57 282
person 0.1454 5 201 33 267
person 0.1316 3 178 35 239
person 0.1209 26 168 64 243
person 0.1207 0 194 60 321
person 0.0989 92 165 137 251
person 0.0932 39 169 112 322
person 0.0797 7 168 43 224
person 0.0788 2 182 21 225
person 0.0665 0 183 19 258
person 0.0656 23 167 49 192
person 0.0656 18 167 54 218
person 0.0644 15 177 38 217
person 0.0630 3 174 37 208
person 0.0624 16 170 39 199
person 0.0596 13 176 52 249
person 0.0595 95 164 118 193
person 0.0551 0 157 27 220
person 0.0528 23 221 60 291
person 0.0526 72 211 152 333
person 0.0526 2 215 23 254
person 0.0470 2 167 22 205
person 0.0457 95 199 130 291
person 0.0454 91 164 123 214
person 0.0447 13 225 37 269
person 0.0437 313 230 334 263
person 0.0431 34 161 72 220
person 0.0422 70 168 118 300
person 0.0420 0 161 43 200
person 0.0419 0 197 12 255
person 0.0415 10 170 29 196
person 0.0403 0 99 58 298
person 0.0391 41 164 88 278
person 0.0386 14 209 50 280
person 0.0372 24 173 45 212
person 0.0350 11 164 57 196
person 0.0349 22 181 47 235
person 0.0339 88 215 121 286
person 0.0326 38 227 64 282
person 0.0322 22 72 143 310
person 0.0315 90 166 111 199
person 0.0315 29 168 62 190
person 0.0314 10 9 500 359
person 0.0300 89 164 120 181
person 0.0296 0 156 79 238
person 0.0293 71 164 106 221
person 0.0288 8 179 43 200
person 0.0281 97 164 131 183
person 0.0277 0 0 216 375
person 0.0275 4 166 74 206
person 0.0272 66 209 107 308
person 0.0268 0 182 12 228
person 0.0259 29 180 58 222
person 0.0257 13 190 39 236
person 0.0256 254 148 281 197
person 0.0246 34 234 55 271
person 0.0244 51 181 69 219
person 0.0242 4 190 33 221
person 0.0235 65 109 151 298
person 0.0234 0 159 87 361
person 0.0231 27 171 57 202
person 0.0227 0 13 98 323
person 0.0226 14 204 38 253
person 0.0223 417 251 496 375
person 0.0222 52 168 68 200
person 0.0213 263 162 286 195
person 0.0211 313 221 343 268
person 0.0210 105 185 136 260
person 0.0210 73 165 137 202
pottedplant 0.0227 328 214 372 271
pottedplant 0.0213 319 215 353 268
sheep 0.0322 53 0 483 75
sheep 0.0255 270 184 329 214
sofa 0.0214 0 185 86 267
train 0.0244 156 0 500 375
