aeroplane 0.0514 44 72 398 371
bicycle 0.1421 47 170 230 374
bicycle 0.0490 46 298 225 370
bicycle 0.0231 42 255 304 370
bicycle 0.0218 54 257 115 375
bird 0.0262 131 2 500 235
boat 0.1372 211 139 235 160
boat 0.0909 210 140 270 160
boat 0.0450 478 122 499 164
boat 0.0424 202 142 244 162
boat 0.0397 204 141 224 159
boat 0.0395 226 148 279 160
boat 0.0371 206 132 227 162
boat 0.0359 3 107 355 369
boat 0.0356 203 147 234 160
boat 0.0347 208 133 320 161
boat 0.0340 212 138 250 156
boat 0.0292 51 222 83 295
boat 0.0259 382 231 435 245
boat 0.0257 205 113 365 162
boat 0.0257 217 135 229 157
boat 0.0255 474 142 500 164
boat 0.0250 208 118 236 166
boat 0.0250 239 130 358 161
boat 0.0247 212 128 249 165
boat 0.0235 211 152 252 164
boat 0.0231 468 109 499 166
boat 0.0225 205 146 277 165
boat 0.0218 210 146 224 165
boat 0.0212 194 142 215 158
boat 0.0210 228 137 261 156
boat 0.0205 227 153 272 164
boat 0.0204 204 139 215 158
boat 0.0202 180 140 236 159
boat 0.0200 232 143 284 158
boat 0.0200 213 136 222 156
boat 0.0200 192 149 224 160
bottle 0.0369 188 92 352 161
bottle 0.0338 75 95 186 148
bottle 0.0256 120 95 175 154
bottle 0.0226 136 94 254 177
bottle 0.0221 138 98 184 164
diningtable 0.0441 0 194 295 375
person 0.9080 52 94 228 374
person 0.1246 0 36 369 375
person 0.1019 0 3 185 375
person 0.0743 0 102 199 266
person 0.0521 224 46 500 375
person 0.0411 57 99 220 189
person 0.0398 46 210 120 370
person 0.0329 41 130 134 357
person 0.0327 185 97 358 367
person 0.0322 63 199 163 373
person 0.0301 141 121 238 338
person 0.0287 0 211 193 375
person 0.0281 126 325 164 375
person 0.0278 122 358 169 374
person 0.0260 116 96 272 172
person 0.0257 42 104 135 254
person 0.0256 130 345 157 375
person 0.0256 61 92 162 226
person 0.0247 144 286 160 329
person 0.0246 51 252 93 370
person 0.0246 120 282 138 323
person 0.0241 116 280 144 344
person 0.0234 164 217 234 371
person 0.0233 100 95 186 204
person 0.0233 118 343 174 375
person 0.0230 131 282 160 346
person 0.0223 121 196 217 375
person 0.0213 138 285 154 327
person 0.0209 150 244 214 374
person 0.0202 108 270 188 375
person 0.0202 51 232 88 316
person 0.0202 0 74 112 356
