aeroplane 0.0411 99 141 124 171
aeroplane 0.0380 13 51 488 281
aeroplane 0.0315 214 218 300 250
aeroplane 0.0307 90 141 150 194
aeroplane 0.0254 89 141 211 217
aeroplane 0.0213 173 191 348 250
aeroplane 0.0210 89 182 137 199
aeroplane 0.0204 75 118 362 245
bird 0.7639 96 97 395 258
bird 0.2497 230 89 380 246
bird 0.0932 64 0 377 278
bird 0.0874 184 165 382 254
bird 0.0539 258 94 381 182
bird 0.0479 90 134 270 253
bird 0.0450 197 203 372 251
bird 0.0390 211 213 314 249
bird 0.0321 84 105 472 401
bird 0.0318 164 82 380 189
bird 0.0317 297 92 382 231
bird 0.0297 276 97 375 142
bird 0.0280 330 211 364 233
bird 0.0278 94 3 265 240
bird 0.0263 295 208 368 236
bird 0.0237 91 143 143 205
bird 0.0229 261 200 372 239
bird 0.0220 89 142 232 214
bird 0.0206 182 15 349 214
person 0.0343 223 219 301 250
person 0.0284 250 231 297 250
person 0.0263 0 0 243 364
person 0.0214 18 52 408 382
