bicycle 0.2162 27 335 172 372
bicycle 0.1830 59 343 136 374
bicycle 0.0797 76 352 122 374
bicycle 0.0499 55 354 112 373
bicycle 0.0484 9 338 109 373
bicycle 0.0392 74 349 174 375
bicycle 0.0297 0 327 40 375
bicycle 0.0248 92 353 145 374
bicycle 0.0204 0 334 22 375
bicycle 0.0201 450 316 499 375
bird 0.0713 143 158 169 181
bus 0.0268 0 0 500 375
car 0.0664 0 0 497 375
car 0.0345 0 0 412 225
car 0.0304 7 205 500 375
chair 0.0360 76 338 194 373
chair 0.0333 13 345 112 374
chair 0.0247 0 344 67 375
chair 0.0234 0 312 49 375
chair 0.0203 1 355 52 374
cow 0.0288 140 156 175 184
dog 0.7155 17 223 194 373
dog 0.1147 6 293 180 373
dog 0.0885 36 323 173 372
dog 0.0784 0 207 372 375
dog 0.0643 7 227 121 360
dog 0.0622 78 222 192 328
dog 0.0275 47 220 186 284
dog 0.0272 15 50 311 375
dog 0.0233 0 213 164 319
dog 0.0223 64 307 233 373
dog 0.0221 98 238 209 374
dog 0.0210 64 227 150 298
dog 0.0208 120 223 193 288
horse 0.0867 144 159 170 181
person 0.1240 60 337 126 374
person 0.1112 0 224 196 368
person 0.1079 26 326 151 373
person 0.0862 84 339 115 373
person 0.0751 143 157 167 182
person 0.0709 26 289 157 370
person 0.0673 145 147 175 182
person 0.0574 0 0 500 337
person 0.0560 0 0 191 375
person 0.0544 7 319 100 374
person 0.0527 7 245 122 375
person 0.0473 471 167 495 202
person 0.0420 23 342 112 375
person 0.0406 63 348 109 374
person 0.0392 49 314 116 375
person 0.0391 95 344 126 375
person 0.0379 150 133 181 180
person 0.0371 86 330 133 374
person 0.0367 75 344 181 374
person 0.0331 40 331 94 375
person 0.0310 140 156 156 181
person 0.0306 49 312 197 375
person 0.0294 347 275 383 352
person 0.0290 30 307 85 369
person 0.0272 11 307 68 368
person 0.0271 67 281 131 375
person 0.0263 67 332 105 370
person 0.0262 27 30 118 161
person 0.0253 145 150 162 176
person 0.0247 141 280 184 375
person 0.0244 467 148 499 205
person 0.0241 52 225 274 375
person 0.0241 63 0 172 133
person 0.0237 39 140 59 168
person 0.0229 52 227 133 364
person 0.0226 77 310 147 375
person 0.0225 60 341 89 371
person 0.0221 68 252 171 375
person 0.0218 124 227 194 371
person 0.0211 348 280 364 317
person 0.0208 164 135 184 176
person 0.0208 375 153 395 193
person 0.0203 106 325 183 374
person 0.0202 39 274 109 370
person 0.0200 478 108 499 146
train 0.0428 0 151 494 362
train 0.0279 0 0 478 331
tvmonitor 0.0326 0 10 70 53
