bicycle 0.0368 340 7 400 95
bicycle 0.0323 298 252 390 300
bicycle 0.0210 0 131 62 209
bird 0.2183 52 64 124 213
bird 0.1846 131 71 183 98
bird 0.1498 20 58 121 278
bird 0.1345 286 62 387 288
bird 0.1004 202 6 329 85
bird 0.0812 52 94 163 294
bird 0.0789 362 238 400 276
bird 0.0786 80 46 196 210
bird 0.0744 152 71 182 94
bird 0.0743 269 43 330 81
bird 0.0735 326 158 394 297
bird 0.0716 80 145 248 293
bird 0.0675 112 0 336 92
bird 0.0614 0 139 141 293
bird 0.0595 113 68 184 107
bird 0.0572 4 83 76 254
bird 0.0540 60 100 120 263
bird 0.0538 143 57 184 96
bird 0.0530 92 135 177 298
bird 0.0528 102 65 177 163
bird 0.0522 357 205 400 299
bird 0.0491 260 1 356 92
bird 0.0476 293 215 393 296
bird 0.0470 66 70 145 179
bird 0.0468 137 107 283 293
bird 0.0465 34 98 103 222
bird 0.0460 17 183 190 297
bird 0.0459 54 163 125 293
bird 0.0438 222 82 309 280
bird 0.0436 2 213 118 292
bird 0.0423 88 58 181 119
bird 0.0410 0 0 354 225
bird 0.0405 362 243 396 263
bird 0.0399 79 168 146 298
bird 0.0393 380 4 400 46
bird 0.0391 5 173 72 293
bird 0.0389 328 90 397 258
bird 0.0379 126 51 201 97
bird 0.0355 130 76 169 94
bird 0.0352 105 13 228 192
bird 0.0350 157 38 309 90
bird 0.0350 6 113 64 209
bird 0.0347 60 28 209 147
bird 0.0345 6 19 160 186
bird 0.0345 208 46 259 85
bird 0.0345 274 50 333 98
bird 0.0343 67 121 116 211
bird 0.0330 130 29 342 123
bird 0.0327 271 40 376 85
bird 0.0322 72 26 275 97
bird 0.0319 61 209 160 293
bird 0.0317 134 81 182 104
bird 0.0314 155 69 201 96
bird 0.0309 27 118 83 211
bird 0.0301 50 114 93 210
bird 0.0299 199 125 285 286
bird 0.0299 364 238 399 257
bird 0.0296 116 18 180 98
bird 0.0294 202 75 255 98
bird 0.0289 100 42 233 94
bird 0.0271 116 60 181 91
bird 0.0268 161 73 186 98
bird 0.0266 206 66 277 92
bird 0.0266 200 63 242 94
bird 0.0263 105 177 319 290
bird 0.0261 201 68 217 94
bird 0.0261 0 233 58 293
bird 0.0261 117 174 191 296
bird 0.0261 109 74 191 130
bird 0.0256 290 49 351 150
bird 0.0253 143 71 216 102
bird 0.0250 197 64 211 92
bird 0.0248 111 6 227 87
bird 0.0248 168 158 268 292
bird 0.0247 113 53 288 114
bird 0.0244 118 222 264 287
bird 0.0243 311 87 345 178
bird 0.0240 119 77 167 107
bird 0.0238 150 67 182 81
bird 0.0237 367 10 399 68
bird 0.0233 10 134 126 201
bird 0.0232 367 0 400 32
bird 0.0232 348 232 399 262
bird 0.0230 375 12 397 36
bird 0.0226 201 53 310 96
bird 0.0223 298 149 383 261
bird 0.0223 281 54 323 79
bird 0.0219 0 148 55 207
bird 0.0219 362 236 385 260
bird 0.0219 40 8 189 102
bird 0.0210 328 228 400 290
bird 0.0208 228 151 279 264
bird 0.0205 253 144 310 266
bird 0.0205 361 172 399 273
bird 0.0205 150 87 184 103
bird 0.0204 309 59 366 178
bird 0.0203 295 59 337 122
bird 0.0203 354 220 392 273
bird 0.0200 250 18 330 81
boat 0.0662 0 94 51 208
boat 0.0297 29 89 81 217
boat 0.0276 22 102 61 195
boat 0.0251 31 2 218 111
boat 0.0244 0 82 138 205
boat 0.0234 29 129 51 163
boat 0.0201 51 128 65 162
bottle 0.0466 34 66 58 123
bottle 0.0440 39 91 54 122
bottle 0.0390 49 69 70 119
bottle 0.0362 39 69 55 107
bottle 0.0347 35 93 49 123
bottle 0.0340 45 90 60 121
bottle 0.0308 16 78 41 138
bottle 0.0276 29 83 54 126
bottle 0.0271 44 73 63 120
bottle 0.0254 23 90 41 124
bottle 0.0222 50 89 66 123
bottle 0.0219 33 78 51 111
bus 0.0450 349 0 397 86
bus 0.0405 209 0 319 83
bus 0.0332 308 0 398 71
bus 0.0305 1 6 154 123
bus 0.0224 265 0 361 84
car 0.0578 211 1 327 49
car 0.0359 0 102 32 170
car 0.0326 0 155 31 203
car 0.0315 299 264 399 299
car 0.0307 0 175 19 203
car 0.0307 0 104 18 125
car 0.0276 1 58 29 72
car 0.0275 0 183 31 202
car 0.0230 271 0 318 12
cat 0.0355 74 45 191 126
chair 0.0842 0 69 40 208
chair 0.0556 344 277 400 299
chair 0.0359 49 66 121 176
chair 0.0294 113 69 152 98
chair 0.0291 0 88 52 163
chair 0.0287 114 70 130 97
chair 0.0275 117 76 140 95
chair 0.0268 351 278 382 298
chair 0.0265 336 272 373 298
chair 0.0260 302 268 350 300
chair 0.0259 11 108 46 184
chair 0.0250 0 84 20 142
chair 0.0238 355 283 392 300
chair 0.0233 0 115 40 172
chair 0.0227 113 77 168 100
chair 0.0216 0 95 35 130
chair 0.0207 113 81 134 99
chair 0.0201 54 72 127 121
cow 0.0588 374 5 400 61
cow 0.0495 370 1 400 104
cow 0.0313 286 185 400 300
cow 0.0293 299 243 386 298
diningtable 0.0220 0 94 147 197
dog 0.2000 217 40 329 82
dog 0.0985 367 4 399 87
dog 0.0946 120 69 184 103
dog 0.0567 379 9 400 59
dog 0.0521 213 44 282 86
dog 0.0486 262 40 330 74
dog 0.0358 212 7 326 77
dog 0.0325 237 48 307 84
dog 0.0293 219 21 295 87
dog 0.0278 210 58 310 93
dog 0.0254 376 12 397 40
horse 0.0434 284 205 397 298
horse 0.0361 319 235 400 298
person 0.4756 0 58 40 126
person 0.4530 55 55 117 175
person 0.3684 0 61 42 181
person 0.2604 361 237 400 299
person 0.2314 53 59 117 120
person 0.2108 10 54 56 198
person 0.1823 129 70 181 96
person 0.1756 29 60 118 229
person 0.1727 0 60 27 111
person 0.1374 58 59 146 212
person 0.1255 22 58 95 123
person 0.1147 320 242 400 300
person 0.1145 50 62 70 113
person 0.1133 8 57 67 137
person 0.1079 39 58 76 120
person 0.1031 361 271 400 299
person 0.1021 109 52 122 88
person 0.0997 51 59 88 111
person 0.0899 105 51 127 97
person 0.0863 105 54 118 84
person 0.0844 366 5 400 94
person 0.0831 74 60 124 103
person 0.0829 1 59 19 93
person 0.0825 2 59 93 197
person 0.0808 373 279 400 300
person 0.0793 0 70 18 105
person 0.0781 37 61 59 111
person 0.0756 328 198 395 297
person 0.0729 73 65 170 114
person 0.0715 36 25 140 155
person 0.0699 344 259 400 298
person 0.0694 334 252 360 296
person 0.0691 113 53 127 89
person 0.0678 100 56 121 95
person 0.0674 13 61 62 106
person 0.0670 375 251 400 300
person 0.0659 2 60 35 93
person 0.0638 362 240 398 267
person 0.0631 112 52 137 95
person 0.0613 15 64 46 119
person 0.0610 113 64 184 103
person 0.0595 0 62 30 79
person 0.0583 214 8 287 80
person 0.0577 63 59 94 100
person 0.0552 216 42 270 80
person 0.0551 122 65 168 94
person 0.0543 320 250 348 297
person 0.0512 0 48 78 107
person 0.0508 46 53 104 101
person 0.0495 343 251 372 295
person 0.0494 66 58 110 90
person 0.0484 132 72 163 92
person 0.0482 378 14 399 71
person 0.0472 0 49 16 75
person 0.0470 66 53 136 134
person 0.0468 337 265 356 295
person 0.0464 373 61 399 96
person 0.0451 0 106 38 207
person 0.0448 368 41 399 110
person 0.0442 64 62 82 93
person 0.0437 52 59 67 97
person 0.0435 334 267 373 298
person 0.0434 88 56 147 102
person 0.0432 315 257 373 297
person 0.0427 39 61 54 93
person 0.0424 27 66 55 120
person 0.0421 42 58 64 100
person 0.0415 135 70 176 87
person 0.0414 99 59 111 80
person 0.0398 11 71 46 150
person 0.0398 352 246 382 295
person 0.0395 55 65 73 101
person 0.0394 28 52 82 100
person 0.0393 82 52 124 86
person 0.0390 65 61 91 84
person 0.0387 119 74 154 96
person 0.0385 298 165 391 300
person 0.0381 0 82 16 123
person 0.0375 32 62 81 170
person 0.0372 12 35 126 120
person 0.0366 316 7 400 199
person 0.0362 96 54 116 86
person 0.0357 107 51 176 127
person 0.0352 0 49 28 86
person 0.0352 71 56 103 79
person 0.0349 121 60 144 93
person 0.0338 90 51 184 97
person 0.0335 23 62 46 98
person 0.0329 3 69 39 107
person 0.0328 372 64 386 90
person 0.0327 118 67 136 95
person 0.0324 51 42 154 107
person 0.0322 338 8 400 132
person 0.0321 0 85 32 139
person 0.0320 304 235 364 300
person 0.0320 119 53 134 87
person 0.0319 88 58 104 79
person 0.0317 379 48 400 90
person 0.0317 326 264 343 296
person 0.0315 344 261 361 293
person 0.0314 0 54 58 296
person 0.0314 20 80 62 170
person 0.0313 0 16 105 154
person 0.0311 223 33 256 77
person 0.0311 48 70 94 155
person 0.0310 333 260 349 293
person 0.0310 306 262 343 300
person 0.0309 19 62 37 88
person 0.0309 34 67 52 97
person 0.0309 351 266 368 294
person 0.0308 135 60 158 89
person 0.0307 89 63 120 91
person 0.0302 37 13 199 121
person 0.0299 223 0 263 11
person 0.0293 110 54 159 90
person 0.0290 360 258 386 297
person 0.0289 384 245 400 275
person 0.0285 132 68 151 90
person 0.0277 7 61 44 83
person 0.0276 36 64 50 87
person 0.0275 21 113 62 206
person 0.0274 79 59 99 83
person 0.0274 84 62 109 81
person 0.0273 145 67 178 80
person 0.0272 277 0 319 11
person 0.0268 77 55 100 73
person 0.0268 207 19 263 89
person 0.0267 353 266 378 298
person 0.0265 2 57 25 73
person 0.0263 327 135 341 167
person 0.0263 27 64 42 86
person 0.0263 0 41 15 100
person 0.0262 30 105 57 166
person 0.0262 44 69 63 115
person 0.0257 353 34 392 97
person 0.0255 108 68 123 98
person 0.0252 24 138 35 166
person 0.0252 98 61 131 111
person 0.0248 153 66 180 92
person 0.0244 9 78 37 122
person 0.0243 22 76 43 108
person 0.0241 141 60 154 80
person 0.0238 330 275 400 300
person 0.0238 382 238 400 264
person 0.0237 11 65 32 96
person 0.0237 175 0 267 89
person 0.0236 0 61 18 76
person 0.0235 362 245 383 270
person 0.0233 10 119 47 198
person 0.0233 203 1 271 47
person 0.0232 388 59 400 99
person 0.0228 26 133 41 163
person 0.0227 37 63 47 80
person 0.0225 47 60 60 86
person 0.0221 235 0 284 11
person 0.0220 42 78 72 145
person 0.0218 127 55 141 84
person 0.0216 141 66 164 82
person 0.0214 0 156 35 202
person 0.0212 362 271 381 297
person 0.0209 336 237 387 289
person 0.0208 65 64 105 113
person 0.0208 318 237 338 262
person 0.0207 211 0 240 40
person 0.0207 141 0 232 92
person 0.0204 29 62 40 79
person 0.0204 356 262 374 291
person 0.0204 39 91 73 179
person 0.0203 1 175 27 202
person 0.0202 364 288 400 300
person 0.0201 55 61 76 86
person 0.0201 24 119 47 163
person 0.0200 324 234 356 294
person 0.0200 327 270 359 299
person 0.0200 69 57 91 74
pottedplant 0.0309 300 265 344 300
pottedplant 0.0289 289 256 400 298
sheep 0.4614 73 7 363 291
sheep 0.3288 209 25 349 277
sheep 0.2319 95 81 214 214
sheep 0.2043 97 68 268 288
sheep 0.1960 67 70 183 285
sheep 0.1622 63 66 152 213
sheep 0.1322 26 59 131 287
sheep 0.1186 177 55 311 258
sheep 0.1170 257 58 368 294
sheep 0.1157 220 0 390 115
sheep 0.1062 250 42 331 93
sheep 0.0885 203 10 332 99
sheep 0.0865 6 0 240 300
sheep 0.0849 363 3 400 97
sheep 0.0823 247 24 359 100
sheep 0.0816 219 34 341 132
sheep 0.0798 273 1 390 239
sheep 0.0780 246 44 334 241
sheep 0.0745 53 109 129 210
sheep 0.0719 293 61 344 178
sheep 0.0714 271 49 337 153
sheep 0.0644 114 0 344 153
sheep 0.0620 124 64 371 220
sheep 0.0598 378 4 400 63
sheep 0.0581 179 115 371 298
sheep 0.0577 207 61 324 195
sheep 0.0555 329 0 398 93
sheep 0.0549 306 161 379 295
sheep 0.0537 44 14 249 188
sheep 0.0520 270 137 400 299
sheep 0.0468 304 152 353 265
sheep 0.0461 0 54 90 291
sheep 0.0453 42 136 218 298
sheep 0.0448 145 77 263 220
sheep 0.0413 269 42 330 76
sheep 0.0401 241 119 336 294
sheep 0.0400 281 33 382 123
sheep 0.0391 110 69 204 153
sheep 0.0390 260 55 359 185
sheep 0.0363 312 1 400 153
sheep 0.0356 268 4 400 82
sheep 0.0344 263 52 329 114
sheep 0.0343 281 136 343 287
sheep 0.0342 246 241 394 295
sheep 0.0322 202 100 287 277
sheep 0.0314 199 48 305 116
sheep 0.0306 99 60 304 168
sheep 0.0299 182 5 400 194
sheep 0.0285 99 110 174 255
sheep 0.0284 301 69 371 226
sheep 0.0283 162 119 268 276
sheep 0.0276 285 65 344 127
sheep 0.0268 262 187 362 286
sheep 0.0268 124 52 223 187
sheep 0.0264 337 158 397 269
sheep 0.0260 124 108 238 270
sheep 0.0258 259 68 316 174
sheep 0.0258 80 132 201 206
sheep 0.0253 187 214 400 298
sheep 0.0253 200 74 290 163
sheep 0.0252 0 43 15 71
sheep 0.0246 230 138 295 281
sheep 0.0242 234 211 345 292
sheep 0.0237 284 75 329 168
sheep 0.0235 201 75 267 102
sheep 0.0234 0 222 87 293
sheep 0.0229 77 112 143 263
sheep 0.0229 366 6 400 46
sheep 0.0220 264 148 321 268
sheep 0.0216 123 72 245 136
sheep 0.0215 218 156 272 265
sheep 0.0212 304 80 339 158
sheep 0.0211 166 81 255 166
sheep 0.0209 313 76 360 180
sheep 0.0207 280 42 361 80
sheep 0.0205 8 106 178 243
sheep 0.0203 121 122 232 208
sofa 0.0258 0 69 181 191
sofa 0.0248 0 52 156 148
sofa 0.0202 0 68 63 121
train 0.1204 192 0 375 92
train 0.0630 91 0 345 280
train 0.0557 44 0 345 82
train 0.0492 0 0 400 126
train 0.0369 145 7 315 80
train 0.0351 298 2 400 57
train 0.0339 177 0 361 178
train 0.0297 218 0 368 46
train 0.0294 40 15 259 108
train 0.0274 214 10 330 75
train 0.0249 0 5 183 105
train 0.0205 288 0 400 101
tvmonitor 0.0756 210 0 320 59
tvmonitor 0.0310 221 0 309 13
tvmonitor 0.0266 216 2 305 37
tvmonitor 0.0223 231 0 301 24
