bird 0.8055 33 49 292 494
bird 0.5032 182 285 274 382
bird 0.2283 42 64 178 169
bird 0.1402 33 59 183 291
bird 0.1303 0 281 37 317
bird 0.1296 110 273 275 394
bird 0.1282 196 280 281 338
bird 0.1239 124 5 313 392
bird 0.1025 161 281 286 456
bird 0.1024 79 287 275 479
bird 0.0962 203 257 281 313
bird 0.0913 73 64 176 133
bird 0.0825 178 188 279 385
bird 0.0791 243 0 336 197
bird 0.0755 59 53 301 292
bird 0.0746 193 242 307 373
bird 0.0701 190 282 253 325
bird 0.0689 158 274 266 352
bird 0.0687 217 241 270 291
bird 0.0682 11 32 163 149
bird 0.0665 211 6 334 321
bird 0.0665 205 0 287 227
bird 0.0626 185 47 271 272
bird 0.0595 258 0 342 79
bird 0.0569 80 67 153 112
bird 0.0560 240 285 290 317
bird 0.0557 185 334 296 487
bird 0.0548 187 100 293 358
bird 0.0516 0 267 25 315
bird 0.0508 224 261 293 393
bird 0.0491 209 289 267 363
bird 0.0490 190 227 278 298
bird 0.0480 199 284 327 417
bird 0.0465 19 282 38 318
bird 0.0464 96 51 174 189
bird 0.0454 192 266 257 308
bird 0.0451 182 168 273 305
bird 0.0423 81 50 201 363
bird 0.0420 202 178 328 480
bird 0.0408 209 236 273 351
bird 0.0405 237 60 298 249
bird 0.0404 199 124 286 270
bird 0.0393 268 1 318 38
bird 0.0378 241 289 272 313
bird 0.0374 317 222 342 252
bird 0.0372 12 53 130 223
bird 0.0370 214 242 313 309
bird 0.0369 104 61 175 112
bird 0.0356 109 211 341 470
bird 0.0355 173 205 244 352
bird 0.0352 28 104 83 308
bird 0.0352 171 279 233 326
bird 0.0348 34 85 117 322
bird 0.0346 32 209 225 500
bird 0.0346 192 211 327 330
bird 0.0345 216 276 273 312
bird 0.0342 203 139 325 312
bird 0.0337 234 0 307 144
bird 0.0335 16 39 180 461
bird 0.0332 226 291 299 457
bird 0.0332 253 59 327 252
bird 0.0331 37 38 117 182
bird 0.0326 270 0 341 143
bird 0.0325 228 240 334 357
bird 0.0319 0 290 23 320
bird 0.0318 3 276 33 304
bird 0.0314 14 4 89 155
bird 0.0310 140 409 280 496
bird 0.0308 235 268 296 311
bird 0.0305 217 271 268 298
bird 0.0305 178 257 246 320
bird 0.0302 171 68 255 215
bird 0.0296 257 289 291 312
bird 0.0295 306 275 333 297
bird 0.0292 144 12 276 227
bird 0.0290 297 0 340 80
bird 0.0285 200 289 245 381
bird 0.0282 171 119 257 339
bird 0.0280 269 0 329 21
bird 0.0276 266 244 341 303
bird 0.0276 184 96 309 239
bird 0.0275 229 194 297 344
bird 0.0275 33 28 271 202
bird 0.0274 94 374 292 500
bird 0.0274 0 4 58 77
bird 0.0273 242 1 304 80
bird 0.0271 0 247 46 318
bird 0.0269 127 65 188 275
bird 0.0265 197 117 261 208
bird 0.0263 236 284 265 305
bird 0.0260 223 217 259 289
bird 0.0259 271 0 315 76
bird 0.0259 17 69 97 400
bird 0.0256 72 175 251 399
bird 0.0254 114 27 189 143
bird 0.0254 126 35 241 328
bird 0.0253 223 115 258 198
bird 0.0252 220 269 259 346
bird 0.0250 239 163 338 295
bird 0.0247 15 260 95 402
bird 0.0246 167 271 213 315
bird 0.0246 104 58 244 179
bird 0.0244 9 117 59 328
bird 0.0242 245 284 277 306
bird 0.0240 235 275 334 484
bird 0.0240 227 290 290 340
bird 0.0240 315 0 343 42
bird 0.0238 245 247 293 302
bird 0.0237 315 232 343 294
bird 0.0237 272 0 343 48
bird 0.0235 0 278 46 347
bird 0.0235 5 3 103 72
bird 0.0235 28 179 85 384
bird 0.0235 222 234 263 269
bird 0.0230 0 3 30 79
bird 0.0229 245 286 262 317
bird 0.0229 189 4 271 158
bird 0.0227 329 241 343 290
bird 0.0226 152 68 211 271
bird 0.0225 197 245 253 300
bird 0.0224 234 110 339 233
bird 0.0224 0 101 77 500
bird 0.0223 174 271 232 369
bird 0.0220 176 245 217 302
bird 0.0219 40 233 106 424
bird 0.0215 35 0 105 120
bird 0.0215 0 1 16 51
bird 0.0214 80 6 157 128
bird 0.0211 66 72 136 123
bird 0.0211 212 216 284 281
bird 0.0210 8 198 61 386
bird 0.0203 177 266 227 307
bird 0.0201 222 79 278 219
bird 0.0201 104 82 174 299
bird 0.0200 59 0 128 121
person 0.0364 263 0 342 246
person 0.0240 237 224 250 258
person 0.0235 329 119 343 214
person 0.0220 0 275 35 347
