bottle 0.1162 191 286 227 316
bottle 0.0858 310 0 328 32
bottle 0.0795 188 288 246 325
bottle 0.0719 159 272 249 330
bottle 0.0621 176 233 250 325
bottle 0.0615 300 0 315 31
bottle 0.0589 174 262 194 306
bottle 0.0576 291 0 310 31
bottle 0.0552 249 92 274 161
bottle 0.0539 254 115 266 158
bottle 0.0497 216 0 225 22
bottle 0.0486 153 294 234 339
bottle 0.0469 261 121 271 159
bottle 0.0462 222 0 230 22
bottle 0.0437 171 260 207 312
bottle 0.0435 212 0 223 17
bottle 0.0426 187 268 230 315
bottle 0.0422 229 0 236 22
bottle 0.0419 190 283 208 318
bottle 0.0411 199 0 211 15
bottle 0.0408 205 0 217 16
bottle 0.0405 251 113 262 159
bottle 0.0404 230 1 247 22
bottle 0.0381 291 93 309 130
bottle 0.0380 274 124 283 158
bottle 0.0379 269 127 277 159
bottle 0.0377 290 0 328 35
bottle 0.0365 0 2 18 74
bottle 0.0364 186 295 217 317
bottle 0.0360 193 0 206 15
bottle 0.0347 280 125 290 159
bottle 0.0344 146 293 258 363
bottle 0.0339 259 107 271 150
bottle 0.0338 202 291 232 322
bottle 0.0328 249 96 263 151
bottle 0.0326 0 5 42 71
bottle 0.0325 210 0 231 20
bottle 0.0323 218 0 233 16
bottle 0.0315 181 0 205 13
bottle 0.0309 295 102 308 150
bottle 0.0305 167 248 225 318
bottle 0.0305 195 292 255 340
bottle 0.0304 236 0 251 23
bottle 0.0301 285 128 294 160
bottle 0.0292 308 107 320 151
bottle 0.0291 180 284 203 314
bottle 0.0290 354 113 368 162
bottle 0.0289 319 106 332 152
bottle 0.0289 223 0 239 16
bottle 0.0287 177 271 201 309
bottle 0.0285 273 104 291 154
bottle 0.0283 196 0 220 18
bottle 0.0282 177 0 225 16
bottle 0.0281 2 134 23 180
bottle 0.0279 311 107 327 153
bottle 0.0278 283 92 309 160
bottle 0.0273 192 276 212 310
bottle 0.0269 290 106 304 148
bottle 0.0266 301 98 311 130
bottle 0.0264 358 108 373 163
bottle 0.0261 173 0 195 14
bottle 0.0261 201 0 241 19
bottle 0.0260 207 0 223 23
bottle 0.0259 189 271 205 307
bottle 0.0255 255 90 287 170
bottle 0.0244 11 18 44 65
bottle 0.0241 290 121 302 158
bottle 0.0241 225 0 272 23
bottle 0.0240 215 0 251 22
bottle 0.0239 250 124 273 162
bottle 0.0237 191 300 226 324
bottle 0.0236 238 92 262 164
bottle 0.0235 203 265 249 336
bottle 0.0230 178 284 223 325
bottle 0.0230 296 131 308 160
bottle 0.0221 306 104 335 166
bottle 0.0220 225 0 238 29
bottle 0.0218 350 115 360 161
bottle 0.0217 243 0 261 20
bottle 0.0216 166 284 213 316
bottle 0.0215 243 102 255 158
bottle 0.0211 302 107 312 151
bottle 0.0210 150 304 206 344
bottle 0.0210 175 305 255 351
bottle 0.0209 307 0 339 35
bottle 0.0204 213 0 235 30
bottle 0.0203 280 106 299 156
bottle 0.0203 309 107 318 133
bottle 0.0201 163 297 211 324
bottle 0.0201 201 301 240 326
car 0.0920 273 201 375 493
car 0.0411 213 291 375 495
car 0.0267 282 285 375 380
chair 0.2108 0 0 44 180
chair 0.1750 6 131 206 489
chair 0.1277 40 257 334 490
chair 0.1186 0 314 177 500
chair 0.1070 108 61 368 418
chair 0.0942 272 185 375 469
chair 0.0925 96 362 355 498
chair 0.0856 69 63 344 255
chair 0.0781 212 172 375 389
chair 0.0751 16 70 213 327
chair 0.0719 230 288 375 500
chair 0.0698 0 76 28 180
chair 0.0660 267 164 375 328
chair 0.0654 0 42 41 135
chair 0.0559 1 341 66 500
chair 0.0557 0 6 42 96
chair 0.0540 0 40 22 150
chair 0.0534 6 55 148 420
chair 0.0518 301 207 374 351
chair 0.0492 118 403 310 494
chair 0.0469 212 399 372 493
chair 0.0468 0 2 19 85
chair 0.0465 0 375 267 500
chair 0.0460 92 353 230 495
chair 0.0459 266 356 373 496
chair 0.0434 0 222 106 500
chair 0.0421 5 29 57 220
chair 0.0419 56 20 272 350
chair 0.0412 292 209 373 283
chair 0.0410 0 24 82 420
chair 0.0401 199 55 375 328
chair 0.0387 93 213 212 500
chair 0.0382 139 57 290 361
chair 0.0368 102 98 253 287
chair 0.0352 0 34 16 93
chair 0.0331 247 93 375 277
chair 0.0326 13 217 156 432
chair 0.0319 301 205 371 251
chair 0.0311 293 164 374 264
chair 0.0305 0 60 16 123
chair 0.0304 180 81 311 272
chair 0.0297 0 379 129 500
chair 0.0290 0 454 74 498
chair 0.0286 148 150 326 282
chair 0.0284 71 364 179 490
chair 0.0280 0 49 31 99
chair 0.0277 43 401 209 494
chair 0.0276 0 416 87 500
chair 0.0273 122 69 273 223
chair 0.0271 204 76 367 205
chair 0.0269 5 80 64 324
chair 0.0263 0 23 26 73
chair 0.0260 1 84 16 143
chair 0.0260 0 120 34 186
chair 0.0258 143 227 296 500
chair 0.0258 122 323 227 458
chair 0.0251 0 22 13 138
chair 0.0250 0 71 29 127
chair 0.0250 5 47 110 224
chair 0.0245 2 158 123 377
chair 0.0244 3 172 63 405
chair 0.0242 0 75 49 160
chair 0.0238 280 272 375 372
chair 0.0237 186 84 312 182
chair 0.0232 31 28 299 189
chair 0.0228 324 331 375 500
chair 0.0227 261 195 351 294
chair 0.0226 282 223 357 305
chair 0.0220 0 53 79 158
chair 0.0214 260 208 353 379
chair 0.0214 163 102 241 285
chair 0.0208 2 57 22 109
chair 0.0207 92 294 167 478
chair 0.0207 0 41 42 85
chair 0.0204 328 203 374 324
chair 0.0203 3 0 69 118
person 0.5173 76 135 374 492
person 0.3393 119 179 241 351
person 0.3123 9 92 232 487
person 0.2929 102 181 241 494
person 0.1730 146 185 334 415
person 0.1537 163 201 247 326
person 0.1371 68 165 220 392
person 0.1088 123 349 372 494
person 0.1016 154 194 315 328
person 0.0947 111 133 275 317
person 0.0937 218 192 374 427
person 0.0881 0 140 16 183
person 0.0689 152 175 232 293
person 0.0659 169 133 356 335
person 0.0657 123 168 216 273
person 0.0657 0 100 28 181
person 0.0652 11 72 146 420
person 0.0618 113 201 197 405
person 0.0578 251 89 375 358
person 0.0555 50 210 188 500
person 0.0544 148 257 254 338
person 0.0543 283 0 309 30
person 0.0499 297 299 374 497
person 0.0496 257 0 305 29
person 0.0483 80 286 295 489
person 0.0467 252 411 375 498
person 0.0455 82 156 238 286
person 0.0432 99 178 195 302
person 0.0411 43 94 229 315
person 0.0400 290 0 324 33
person 0.0398 154 72 327 290
person 0.0376 137 214 219 433
person 0.0374 171 178 214 272
person 0.0373 199 0 208 18
person 0.0348 141 225 275 457
person 0.0347 195 185 342 291
person 0.0344 183 126 263 310
person 0.0330 280 120 289 148
person 0.0326 142 167 290 272
person 0.0324 275 116 284 146
person 0.0322 217 154 329 367
person 0.0317 326 345 375 499
person 0.0313 268 114 278 147
person 0.0307 290 0 303 29
person 0.0303 193 0 202 17
person 0.0301 340 396 374 500
person 0.0299 175 225 282 319
person 0.0298 230 2 250 21
person 0.0296 258 130 274 161
person 0.0296 169 213 225 300
person 0.0289 270 110 287 163
person 0.0287 263 109 280 164
person 0.0272 221 2 237 20
person 0.0269 151 173 195 264
person 0.0266 111 278 190 470
person 0.0264 265 130 280 161
person 0.0259 209 1 227 19
person 0.0253 270 0 294 29
person 0.0245 202 0 220 18
person 0.0238 185 0 196 16
person 0.0235 329 458 375 500
person 0.0232 195 0 215 17
person 0.0232 146 232 232 311
person 0.0229 224 0 276 25
person 0.0229 0 160 23 185
person 0.0229 235 180 306 337
person 0.0228 124 164 170 258
person 0.0225 205 367 344 494
person 0.0223 158 229 259 380
person 0.0222 275 126 288 153
person 0.0221 175 186 244 275
person 0.0220 38 154 179 335
person 0.0219 9 42 171 263
person 0.0217 231 109 303 293
person 0.0216 156 210 216 266
person 0.0212 136 198 209 298
person 0.0201 86 267 232 424
person 0.0200 276 129 293 160
pottedplant 0.1810 353 0 375 91
pottedplant 0.0995 355 38 374 91
pottedplant 0.0726 245 1 278 24
pottedplant 0.0641 256 2 288 25
pottedplant 0.0523 236 0 289 29
pottedplant 0.0418 327 0 373 86
pottedplant 0.0412 240 0 262 23
pottedplant 0.0395 270 0 294 27
pottedplant 0.0333 351 33 371 74
pottedplant 0.0329 257 0 304 31
pottedplant 0.0329 0 6 17 67
pottedplant 0.0326 347 0 375 145
pottedplant 0.0275 0 0 21 36
pottedplant 0.0275 351 59 374 88
pottedplant 0.0272 253 0 267 24
pottedplant 0.0256 229 0 257 24
pottedplant 0.0247 349 47 362 85
pottedplant 0.0246 257 0 275 27
pottedplant 0.0244 354 30 375 125
pottedplant 0.0244 348 16 367 82
pottedplant 0.0237 241 0 271 37
pottedplant 0.0237 303 0 335 40
pottedplant 0.0216 335 40 375 92
pottedplant 0.0212 263 0 292 43
pottedplant 0.0211 266 0 281 25
pottedplant 0.0202 356 60 374 104
sofa 0.5267 8 85 369 498
sofa 0.1692 40 185 323 435
sofa 0.1489 35 106 294 356
sofa 0.0909 19 57 212 443
sofa 0.0815 7 64 250 268
sofa 0.0449 81 67 313 218
sofa 0.0342 0 0 375 292
sofa 0.0272 76 112 276 257
sofa 0.0209 3 27 254 185
tvmonitor 0.1772 24 0 144 54
tvmonitor 0.1457 251 87 294 134
tvmonitor 0.1063 242 83 301 154
tvmonitor 0.0927 0 0 49 133
tvmonitor 0.0918 203 72 251 133
tvmonitor 0.0761 261 84 309 127
tvmonitor 0.0741 286 208 375 480
tvmonitor 0.0740 37 0 118 37
tvmonitor 0.0678 249 90 276 158
tvmonitor 0.0672 4 0 77 91
tvmonitor 0.0570 8 0 166 90
tvmonitor 0.0564 219 77 295 133
tvmonitor 0.0539 3 0 49 70
tvmonitor 0.0522 280 88 310 124
tvmonitor 0.0513 288 274 375 404
tvmonitor 0.0481 70 0 135 39
tvmonitor 0.0475 26 3 97 72
tvmonitor 0.0472 205 72 275 164
tvmonitor 0.0467 176 65 251 120
tvmonitor 0.0463 264 93 291 126
tvmonitor 0.0448 199 68 251 106
tvmonitor 0.0443 309 292 373 467
tvmonitor 0.0439 10 2 72 54
tvmonitor 0.0423 244 87 345 164
tvmonitor 0.0401 201 73 332 155
tvmonitor 0.0396 238 65 316 139
tvmonitor 0.0391 35 0 87 49
tvmonitor 0.0391 99 0 134 49
tvmonitor 0.0378 31 0 99 25
tvmonitor 0.0356 0 0 30 42
tvmonitor 0.0354 248 75 299 116
tvmonitor 0.0348 291 87 310 113
tvmonitor 0.0344 251 94 268 142
tvmonitor 0.0340 255 93 274 136
tvmonitor 0.0337 260 86 295 116
tvmonitor 0.0336 0 0 22 79
tvmonitor 0.0334 267 99 288 152
tvmonitor 0.0328 265 89 296 164
tvmonitor 0.0326 158 3 248 88
tvmonitor 0.0322 49 0 125 20
tvmonitor 0.0317 351 89 374 167
tvmonitor 0.0313 234 80 267 160
tvmonitor 0.0310 290 95 310 128
tvmonitor 0.0300 83 4 157 73
tvmonitor 0.0293 161 48 373 177
tvmonitor 0.0293 163 70 290 148
tvmonitor 0.0290 103 0 135 28
tvmonitor 0.0288 113 2 134 39
tvmonitor 0.0285 38 14 143 78
tvmonitor 0.0281 8 9 120 153
tvmonitor 0.0280 173 37 310 120
tvmonitor 0.0278 227 77 253 159
tvmonitor 0.0274 281 249 375 355
tvmonitor 0.0273 202 56 374 261
tvmonitor 0.0269 312 353 372 444
tvmonitor 0.0260 261 78 293 98
tvmonitor 0.0253 207 71 247 95
tvmonitor 0.0248 110 0 150 46
tvmonitor 0.0248 352 0 375 75
tvmonitor 0.0246 211 85 263 143
tvmonitor 0.0245 60 0 111 56
tvmonitor 0.0243 216 77 247 114
tvmonitor 0.0240 164 43 247 99
tvmonitor 0.0237 221 88 251 132
tvmonitor 0.0235 305 106 336 163
tvmonitor 0.0232 276 106 290 135
tvmonitor 0.0230 110 1 137 71
tvmonitor 0.0229 222 29 359 125
tvmonitor 0.0228 0 0 48 28
tvmonitor 0.0228 216 81 317 198
tvmonitor 0.0225 264 96 282 136
tvmonitor 0.0221 150 0 338 98
tvmonitor 0.0217 292 335 375 423
tvmonitor 0.0214 271 86 308 110
tvmonitor 0.0212 18 9 43 65
tvmonitor 0.0212 273 95 308 136
tvmonitor 0.0210 0 0 19 33
tvmonitor 0.0208 296 92 312 119
tvmonitor 0.0207 105 0 182 84
tvmonitor 0.0206 7 14 217 132
tvmonitor 0.0204 235 94 250 139
tvmonitor 0.0204 211 51 249 115
tvmonitor 0.0203 250 86 286 110
tvmonitor 0.0203 89 1 131 20
tvmonitor 0.0202 252 77 284 96
tvmonitor 0.0201 44 0 79 22
tvmonitor 0.0200 248 81 278 122
