person 0.2372 380 134 394 165
person 0.1531 385 139 398 166
person 0.1244 374 133 389 164
person 0.0753 176 118 190 153
person 0.0709 9 284 35 324
person 0.0702 88 131 105 171
person 0.0672 392 139 407 166
person 0.0666 375 122 396 165
person 0.0568 366 133 381 163
person 0.0437 363 121 385 163
person 0.0369 374 145 393 166
person 0.0318 362 138 393 164
person 0.0307 378 138 396 177
person 0.0299 388 129 411 165
person 0.0297 358 138 371 162
person 0.0274 371 134 404 166
person 0.0274 379 145 403 163
person 0.0268 4 292 23 325
person 0.0267 475 174 484 190
person 0.0264 353 119 377 163
person 0.0238 359 146 377 162
person 0.0234 401 141 415 166
person 0.0232 396 182 407 198
person 0.0228 84 129 111 188
person 0.0223 366 144 379 168
person 0.0221 474 177 480 188
person 0.0217 86 132 104 154
person 0.0208 8 298 31 329
pottedplant 0.0301 461 13 494 83
pottedplant 0.0269 458 23 486 62
train 0.9277 0 8 462 322
train 0.0613 285 34 450 301
train 0.0426 11 87 136 329
train 0.0382 471 179 481 195
train 0.0329 9 177 95 326
train 0.0313 246 15 460 189
train 0.0296 15 0 126 256
train 0.0267 0 3 418 173
train 0.0249 0 157 428 328
train 0.0241 473 174 485 194
train 0.0231 473 177 484 188
train 0.0230 12 128 86 289
train 0.0224 209 28 320 157
train 0.0218 466 181 483 197
train 0.0217 8 0 238 296
train 0.0208 12 13 79 169
train 0.0205 109 77 229 324
