bicycle 0.0267 147 182 189 201
bus 0.0400 215 115 298 143
car 0.8137 205 112 310 205
car 0.0619 105 111 320 204
car 0.0571 274 151 308 206
car 0.0463 0 0 480 332
car 0.0445 203 135 239 196
car 0.0426 148 186 186 200
car 0.0417 214 115 296 143
car 0.0380 274 124 310 191
car 0.0349 205 126 222 150
car 0.0336 290 152 308 187
car 0.0330 251 126 309 205
car 0.0329 204 119 239 172
car 0.0323 196 114 280 180
car 0.0322 166 187 198 200
car 0.0314 211 117 255 145
car 0.0308 217 115 264 128
car 0.0292 0 0 403 184
car 0.0292 212 120 233 146
car 0.0289 262 195 289 204
car 0.0288 176 107 267 207
car 0.0286 202 130 227 178
car 0.0275 202 129 218 146
car 0.0273 280 157 306 191
car 0.0256 276 195 302 206
car 0.0241 204 116 416 213
car 0.0240 202 132 238 150
car 0.0238 222 193 262 204
car 0.0232 196 141 276 204
car 0.0229 192 155 232 202
car 0.0228 237 191 302 207
car 0.0228 237 194 277 203
car 0.0226 200 126 228 155
car 0.0220 199 170 287 206
car 0.0217 263 199 289 208
car 0.0212 127 112 238 198
car 0.0202 214 115 245 127
car 0.0200 287 131 311 185
person 0.1110 0 0 226 320
person 0.0731 0 0 500 274
person 0.0432 275 155 307 208
person 0.0406 202 128 216 149
person 0.0355 287 179 303 205
person 0.0354 273 198 290 207
person 0.0333 289 191 301 208
person 0.0331 200 126 228 185
person 0.0326 201 130 217 164
person 0.0314 278 198 296 208
person 0.0310 207 124 222 147
person 0.0306 273 201 285 210
person 0.0303 204 127 223 157
person 0.0292 184 182 198 200
person 0.0288 281 200 292 210
person 0.0285 293 189 306 208
person 0.0272 211 123 233 150
person 0.0272 27 0 315 229
person 0.0264 279 189 295 205
person 0.0262 266 198 285 207
person 0.0245 19 33 128 171
person 0.0234 290 166 308 208
person 0.0233 199 123 218 154
person 0.0226 203 135 225 172
person 0.0225 178 185 193 200
person 0.0221 207 121 236 162
person 0.0205 479 183 498 218
person 0.0204 225 123 251 148
person 0.0202 475 156 500 221
pottedplant 0.0345 353 0 495 228
pottedplant 0.0205 374 97 476 215
train 0.0272 24 84 295 207
train 0.0270 219 117 300 146
train 0.0231 211 111 450 211
tvmonitor 0.0258 215 115 294 145
