aeroplane 0.0819 0 0 441 366
aeroplane 0.0248 0 142 307 314
bird 0.0676 128 316 175 361
bird 0.0615 147 327 171 360
bird 0.0455 2 0 402 343
bird 0.0388 129 326 145 361
bird 0.0323 136 327 173 348
bird 0.0314 155 326 175 355
bird 0.0291 75 0 500 239
bird 0.0273 132 325 153 354
bird 0.0258 129 327 161 369
bird 0.0232 129 320 145 345
bird 0.0226 143 315 164 346
car 0.0330 0 351 19 375
car 0.0200 3 47 447 375
dog 0.0625 21 0 392 95
dog 0.0417 213 0 278 15
dog 0.0368 207 1 278 29
dog 0.0285 174 0 285 63
dog 0.0241 4 0 426 252
dog 0.0237 76 1 315 74
dog 0.0221 169 0 479 107
person 0.0355 210 0 285 14
person 0.0345 7 0 177 317
person 0.0334 210 0 277 30
person 0.0307 6 11 468 352
person 0.0249 33 0 156 122
person 0.0239 236 0 284 10
person 0.0201 235 0 280 25
pottedplant 0.0402 212 246 236 281
pottedplant 0.0268 55 270 79 300
sheep 0.7468 280 224 350 276
sheep 0.5062 476 237 498 263
sheep 0.3590 128 292 175 329
sheep 0.3228 171 285 217 323
sheep 0.1782 142 287 212 326
sheep 0.1298 116 283 180 322
sheep 0.1192 301 227 351 263
sheep 0.1185 125 287 189 342
sheep 0.1040 148 286 185 319
sheep 0.1031 471 241 489 260
sheep 0.1022 283 226 307 256
sheep 0.0933 157 286 183 308
sheep 0.0928 283 225 321 264
sheep 0.0826 164 285 210 307
sheep 0.0743 252 278 297 320
sheep 0.0740 165 292 184 322
sheep 0.0732 95 276 179 340
sheep 0.0723 172 286 195 318
sheep 0.0697 136 288 174 305
sheep 0.0685 128 294 168 314
sheep 0.0652 469 243 482 263
sheep 0.0645 157 281 197 323
sheep 0.0634 134 296 175 360
sheep 0.0620 191 292 218 337
sheep 0.0615 157 284 187 299
sheep 0.0612 471 222 498 267
sheep 0.0594 87 273 171 305
sheep 0.0592 475 229 500 256
sheep 0.0572 325 228 350 254
sheep 0.0559 466 244 479 259
sheep 0.0555 161 279 225 345
sheep 0.0554 127 299 156 328
sheep 0.0542 181 286 220 309
sheep 0.0540 464 248 478 263
sheep 0.0540 374 231 391 246
sheep 0.0506 40 276 204 351
sheep 0.0499 367 232 383 246
sheep 0.0493 179 292 207 326
sheep 0.0475 165 283 205 298
sheep 0.0474 177 289 255 328
sheep 0.0473 463 246 471 263
sheep 0.0472 375 231 405 244
sheep 0.0455 151 287 173 312
sheep 0.0450 259 279 292 302
sheep 0.0446 360 232 377 246
sheep 0.0443 129 274 193 315
sheep 0.0440 127 280 291 347
sheep 0.0437 152 286 176 300
sheep 0.0430 152 275 215 316
sheep 0.0429 210 245 239 300
sheep 0.0425 468 249 487 261
sheep 0.0424 139 284 174 297
sheep 0.0411 451 237 500 264
sheep 0.0408 116 273 215 353
sheep 0.0391 177 283 239 315
sheep 0.0386 376 233 385 246
sheep 0.0382 277 221 414 277
sheep 0.0380 134 281 191 302
sheep 0.0379 213 278 275 325
sheep 0.0379 274 281 294 315
sheep 0.0377 368 234 377 247
sheep 0.0376 2 311 50 328
sheep 0.0374 173 295 193 326
sheep 0.0368 186 259 229 322
sheep 0.0364 206 270 243 328
sheep 0.0362 0 307 50 346
sheep 0.0359 152 296 180 324
sheep 0.0357 246 227 361 286
sheep 0.0354 51 275 176 324
sheep 0.0352 200 308 217 339
sheep 0.0343 457 251 470 263
sheep 0.0336 477 235 493 256
sheep 0.0328 348 226 383 249
sheep 0.0328 105 285 168 307
sheep 0.0326 372 234 409 249
sheep 0.0325 0 307 44 323
sheep 0.0317 126 310 169 344
sheep 0.0316 2 9 436 372
sheep 0.0311 381 230 398 243
sheep 0.0311 466 240 478 253
sheep 0.0310 149 258 263 337
sheep 0.0310 0 310 43 375
sheep 0.0310 384 230 423 244
sheep 0.0309 381 233 393 245
sheep 0.0304 1 267 253 368
sheep 0.0304 265 287 291 319
sheep 0.0303 456 249 463 263
sheep 0.0302 139 317 176 350
sheep 0.0302 266 278 305 292
sheep 0.0300 181 279 301 329
sheep 0.0300 353 233 369 246
sheep 0.0300 134 305 168 332
sheep 0.0298 252 275 302 296
sheep 0.0294 252 289 270 318
sheep 0.0292 472 250 500 266
sheep 0.0290 331 230 349 247
sheep 0.0288 289 267 314 281
sheep 0.0288 287 263 322 277
sheep 0.0284 477 233 500 289
sheep 0.0284 247 291 261 317
sheep 0.0283 262 229 341 332
sheep 0.0277 364 235 390 248
sheep 0.0277 231 271 292 315
sheep 0.0276 363 226 398 248
sheep 0.0275 175 243 346 345
sheep 0.0273 285 255 348 277
sheep 0.0272 460 253 477 268
sheep 0.0268 262 272 298 286
sheep 0.0267 313 232 348 275
sheep 0.0267 477 218 500 247
sheep 0.0266 327 236 352 267
sheep 0.0264 202 298 221 331
sheep 0.0263 235 291 257 317
sheep 0.0263 6 272 140 375
sheep 0.0263 381 235 424 251
sheep 0.0263 324 225 410 254
sheep 0.0261 110 297 166 319
sheep 0.0260 286 224 312 243
sheep 0.0258 321 233 409 269
sheep 0.0257 133 289 157 312
sheep 0.0257 295 236 333 279
sheep 0.0254 434 224 494 261
sheep 0.0254 134 323 173 340
sheep 0.0254 256 291 284 320
sheep 0.0254 163 284 181 295
sheep 0.0251 280 226 298 264
sheep 0.0251 120 288 160 302
sheep 0.0250 232 226 312 281
sheep 0.0248 0 305 18 336
sheep 0.0246 125 277 163 292
sheep 0.0244 176 300 224 331
sheep 0.0244 357 232 371 251
sheep 0.0244 109 297 183 372
sheep 0.0243 132 284 159 299
sheep 0.0241 216 258 258 321
sheep 0.0240 153 280 181 290
sheep 0.0238 386 229 406 242
sheep 0.0237 376 229 395 251
sheep 0.0237 156 289 201 354
sheep 0.0236 279 279 313 291
sheep 0.0236 297 269 320 281
sheep 0.0235 455 235 476 266
sheep 0.0235 227 291 262 323
sheep 0.0234 301 263 337 276
sheep 0.0234 141 279 173 291
sheep 0.0234 0 342 19 375
sheep 0.0232 255 277 288 291
sheep 0.0228 168 283 186 295
sheep 0.0227 456 244 463 258
sheep 0.0224 253 271 314 304
sheep 0.0222 12 315 53 332
sheep 0.0220 126 311 151 350
sheep 0.0220 293 273 313 286
sheep 0.0220 461 213 500 259
sheep 0.0219 373 228 429 248
sheep 0.0219 170 304 184 329
sheep 0.0219 283 282 300 314
sheep 0.0218 267 237 276 254
sheep 0.0217 454 255 469 268
sheep 0.0217 202 314 224 337
sheep 0.0216 28 314 57 325
sheep 0.0216 458 241 470 253
sheep 0.0215 251 258 300 299
sheep 0.0215 197 288 222 314
sheep 0.0214 304 258 346 274
sheep 0.0212 426 218 446 234
sheep 0.0212 463 255 484 266
sheep 0.0212 463 237 471 251
sheep 0.0212 128 312 153 333
sheep 0.0210 269 274 307 320
sheep 0.0210 299 243 353 272
sheep 0.0208 387 231 400 245
sheep 0.0208 470 237 488 248
sheep 0.0208 306 269 330 281
sheep 0.0207 187 259 278 362
sheep 0.0207 99 275 156 293
sheep 0.0206 462 232 488 263
sheep 0.0206 279 283 310 296
sheep 0.0205 0 328 27 375
sheep 0.0205 164 289 177 300
sheep 0.0205 284 225 306 236
sheep 0.0204 232 242 288 283
sheep 0.0204 203 288 265 318
sheep 0.0203 35 315 53 328
sheep 0.0201 239 277 323 322
sheep 0.0201 170 302 205 322
sheep 0.0201 252 285 279 310
sheep 0.0200 156 284 174 294
sheep 0.0200 453 254 463 272
sheep 0.0200 112 281 160 297
sheep 0.0200 404 228 429 246
train 0.0233 2 222 318 375
train 0.0215 0 308 50 375
train 0.0210 0 347 44 375
