bird 0.0255 448 51 500 96
bottle 0.0327 224 0 254 62
bottle 0.0308 36 235 170 361
bottle 0.0278 236 312 345 374
bottle 0.0257 75 339 118 373
bottle 0.0242 125 360 185 374
bottle 0.0221 457 52 499 91
car 0.0204 378 224 500 368
cat 0.0403 23 15 208 97
cat 0.0354 0 28 118 138
cat 0.0344 70 45 266 124
cat 0.0209 0 0 106 97
cat 0.0203 52 10 242 209
chair 0.0420 119 0 252 69
chair 0.0371 17 6 277 114
chair 0.0216 108 0 192 88
chair 0.0206 8 0 135 103
dog 0.7881 54 45 380 375
dog 0.2328 187 145 379 369
dog 0.1173 28 29 192 309
dog 0.1038 37 32 294 252
dog 0.0558 5 18 151 238
dog 0.0509 12 26 282 144
dog 0.0462 16 110 246 363
dog 0.0440 18 187 351 375
dog 0.0433 66 57 253 205
dog 0.0433 4 16 154 101
dog 0.0419 2 31 104 186
dog 0.0414 211 251 371 370
dog 0.0343 65 178 192 271
dog 0.0335 145 89 376 304
dog 0.0333 36 0 402 96
dog 0.0332 77 1 423 237
dog 0.0332 61 92 209 262
dog 0.0311 23 43 211 121
dog 0.0287 78 58 346 157
dog 0.0279 260 104 383 326
dog 0.0274 215 92 457 368
dog 0.0263 267 201 377 365
dog 0.0250 61 65 160 209
dog 0.0246 215 96 378 219
dog 0.0216 133 83 370 185
dog 0.0216 20 82 131 214
dog 0.0205 224 303 393 371
person 0.0828 9 30 158 265
person 0.0714 55 51 238 277
person 0.0686 7 108 151 373
person 0.0599 30 195 230 372
person 0.0496 66 116 154 264
person 0.0476 423 252 498 375
person 0.0448 59 177 168 269
person 0.0433 51 148 168 332
person 0.0428 393 38 500 316
person 0.0422 7 239 161 371
person 0.0417 37 103 128 263
person 0.0396 458 319 500 374
person 0.0366 420 45 500 218
person 0.0360 130 44 460 369
person 0.0352 0 0 122 57
person 0.0340 87 214 188 366
person 0.0335 27 177 132 317
person 0.0321 1 263 83 370
person 0.0319 355 246 492 372
person 0.0314 455 273 500 372
person 0.0312 312 35 491 339
person 0.0308 210 312 360 373
person 0.0302 6 51 99 238
person 0.0302 134 346 221 374
person 0.0301 356 116 495 375
person 0.0299 427 0 498 100
person 0.0298 455 47 500 94
person 0.0297 131 361 187 374
person 0.0294 409 191 500 360
person 0.0278 3 0 147 169
person 0.0276 74 203 158 262
person 0.0268 124 217 214 367
person 0.0268 447 46 500 156
person 0.0268 341 34 500 223
person 0.0267 61 141 206 275
person 0.0267 6 198 104 358
person 0.0265 7 2 247 134
person 0.0257 147 361 208 374
person 0.0255 62 273 140 371
person 0.0255 70 198 195 294
person 0.0251 74 8 226 98
person 0.0250 438 297 492 371
person 0.0242 380 73 478 222
person 0.0235 398 301 497 375
person 0.0234 61 181 119 263
person 0.0232 1 31 78 169
person 0.0228 12 136 102 293
person 0.0227 0 1 47 58
person 0.0224 479 321 500 367
person 0.0224 0 1 88 95
person 0.0223 3 313 138 373
person 0.0217 239 20 431 290
person 0.0216 432 102 497 245
person 0.0215 68 326 118 374
person 0.0214 111 356 198 375
person 0.0214 79 211 155 333
person 0.0206 457 0 498 72
person 0.0206 301 0 500 147
person 0.0205 132 219 155 257
person 0.0204 0 1 21 41
person 0.0202 476 52 499 91
person 0.0202 470 49 500 117
person 0.0200 0 41 301 375
pottedplant 0.0350 216 311 364 373
sofa 0.0266 0 0 423 375
tvmonitor 0.0807 133 0 250 69
tvmonitor 0.0478 83 7 260 91
tvmonitor 0.0377 68 8 365 110
tvmonitor 0.0364 187 0 228 15
tvmonitor 0.0349 0 0 132 42
tvmonitor 0.0310 133 0 443 82
tvmonitor 0.0300 176 0 234 30
tvmonitor 0.0297 174 0 348 64
tvmonitor 0.0296 27 0 216 74
tvmonitor 0.0285 92 0 137 32
tvmonitor 0.0284 155 0 235 18
tvmonitor 0.0265 198 0 255 64
tvmonitor 0.0250 58 0 140 57
tvmonitor 0.0249 231 0 423 64
tvmonitor 0.0238 112 0 191 85
tvmonitor 0.0234 62 0 124 32
tvmonitor 0.0220 13 0 131 90
tvmonitor 0.0218 203 11 384 88
tvmonitor 0.0218 80 0 150 85
tvmonitor 0.0216 215 1 489 115
tvmonitor 0.0210 97 1 169 65
tvmonitor 0.0202 104 0 127 29
tvmonitor 0.0201 111 47 329 116
