aeroplane 0.0617 0 0 342 480
bicycle 0.0404 189 430 248 495
bicycle 0.0369 208 446 246 499
bird 0.0720 99 378 147 435
bird 0.0318 100 371 153 409
bird 0.0294 112 388 146 452
bird 0.0292 110 50 284 500
bird 0.0289 0 4 134 66
bird 0.0273 118 433 145 451
bird 0.0270 94 373 150 478
bird 0.0230 205 88 319 479
bird 0.0208 123 422 143 447
boat 0.1061 98 375 147 415
boat 0.0842 10 2 203 500
boat 0.0590 215 424 246 452
boat 0.0449 89 45 218 483
boat 0.0410 0 0 375 477
boat 0.0370 212 408 247 468
boat 0.0300 189 436 249 491
boat 0.0283 0 224 233 483
boat 0.0264 76 128 311 491
boat 0.0212 228 66 247 86
boat 0.0211 161 421 255 493
bottle 0.1555 99 375 146 414
bottle 0.0495 96 371 151 444
bottle 0.0423 99 339 145 424
bottle 0.0381 100 20 203 398
bottle 0.0343 113 374 143 405
bottle 0.0330 99 298 152 467
bottle 0.0272 146 94 263 484
bottle 0.0268 47 120 153 458
bottle 0.0264 91 201 162 453
bottle 0.0254 102 370 137 392
bottle 0.0250 78 253 137 455
bottle 0.0248 109 384 146 427
bottle 0.0236 235 132 277 193
bottle 0.0225 102 375 126 412
bottle 0.0221 114 146 189 446
bottle 0.0212 118 251 177 461
bottle 0.0202 147 71 200 305
bus 0.0803 8 17 170 489
bus 0.0315 66 8 204 340
bus 0.0292 210 80 261 119
bus 0.0266 205 63 220 121
bus 0.0259 198 58 215 123
bus 0.0252 247 46 307 95
bus 0.0235 213 81 224 111
bus 0.0221 207 63 254 112
bus 0.0212 1 0 130 329
bus 0.0212 317 9 372 99
bus 0.0200 209 69 227 118
car 0.8815 314 59 372 117
car 0.1900 215 432 247 455
car 0.1133 354 61 374 108
car 0.0957 359 53 375 90
car 0.0921 341 53 374 111
car 0.0915 314 69 329 111
car 0.0902 314 66 344 112
car 0.0676 205 98 224 128
car 0.0660 271 47 364 115
car 0.0656 211 430 248 475
car 0.0620 327 60 375 97
car 0.0574 358 42 375 75
car 0.0559 311 13 372 114
car 0.0548 212 94 225 124
car 0.0474 345 36 375 91
car 0.0444 211 89 220 118
car 0.0443 212 85 267 121
car 0.0427 350 32 375 69
car 0.0418 355 49 372 70
car 0.0408 201 96 215 133
car 0.0395 354 0 375 46
car 0.0363 350 56 375 79
car 0.0360 201 106 227 133
car 0.0357 330 77 375 119
car 0.0350 345 89 375 118
car 0.0348 315 65 327 96
car 0.0332 215 92 233 120
car 0.0316 315 87 344 117
car 0.0316 334 41 375 72
car 0.0314 200 91 232 135
car 0.0314 217 97 231 131
car 0.0314 203 99 224 151
car 0.0311 359 22 374 65
car 0.0310 207 89 246 120
car 0.0303 210 74 219 113
car 0.0298 204 81 214 119
car 0.0298 197 94 209 138
car 0.0296 204 74 221 125
car 0.0285 210 101 234 126
car 0.0285 335 4 374 71
car 0.0282 198 78 217 132
car 0.0275 186 447 249 497
car 0.0274 313 60 356 96
car 0.0262 213 88 243 109
car 0.0261 224 81 259 98
car 0.0260 192 59 216 142
car 0.0225 315 63 335 91
car 0.0223 224 66 251 84
car 0.0222 220 86 263 109
car 0.0221 342 49 364 63
car 0.0219 206 114 233 136
car 0.0218 334 90 365 117
car 0.0216 210 441 245 464
car 0.0213 209 79 258 104
car 0.0212 199 76 209 122
car 0.0210 230 74 256 88
chair 0.0314 208 434 246 500
chair 0.0212 174 449 246 497
person 0.0940 210 458 227 496
person 0.0513 207 450 241 499
person 0.0377 100 15 286 499
person 0.0335 211 428 247 490
person 0.0312 206 103 222 145
person 0.0293 218 101 231 137
person 0.0290 202 443 229 498
person 0.0286 232 130 244 172
person 0.0285 78 104 176 457
person 0.0277 196 98 208 142
person 0.0277 189 460 233 500
person 0.0270 43 169 150 481
person 0.0267 149 156 268 495
person 0.0263 212 447 225 480
person 0.0260 172 18 339 498
person 0.0239 210 439 234 485
person 0.0235 225 126 238 166
person 0.0230 212 104 226 145
person 0.0227 219 114 233 159
person 0.0217 317 65 342 114
person 0.0212 82 372 149 432
person 0.0209 235 135 249 183
person 0.0207 101 177 202 494
person 0.0206 207 116 219 168
person 0.0205 191 98 203 146
person 0.0203 207 454 231 478
pottedplant 0.0272 7 191 136 493
pottedplant 0.0269 202 318 225 347
pottedplant 0.0203 3 319 116 493
train 0.1803 2 0 216 489
train 0.0655 2 6 206 154
train 0.0502 0 0 234 84
train 0.0451 57 21 209 121
train 0.0359 47 13 206 294
train 0.0325 116 0 350 500
train 0.0277 98 23 208 207
train 0.0274 6 13 157 111
train 0.0269 100 10 212 72
train 0.0248 207 75 262 109
train 0.0216 0 0 150 60
tvmonitor 0.0356 0 77 116 492
tvmonitor 0.0354 70 18 201 369
tvmonitor 0.0306 1 3 180 303
