bottle 0.0469 266 242 371 358
bottle 0.0386 1 226 67 383
bottle 0.0375 268 247 295 318
bottle 0.0333 271 286 296 317
bottle 0.0284 0 237 100 339
bottle 0.0266 269 246 288 295
bottle 0.0244 6 238 76 298
bottle 0.0236 274 262 369 469
bottle 0.0236 1 255 31 364
bottle 0.0232 284 246 359 300
bottle 0.0209 281 297 365 369
bottle 0.0209 267 224 370 308
person 0.9006 0 8 371 495
person 0.1564 269 43 371 386
person 0.1238 0 6 104 417
person 0.1139 200 4 366 458
person 0.0820 271 211 371 376
person 0.0619 4 190 73 397
person 0.0479 0 180 104 482
person 0.0418 22 2 375 256
person 0.0355 251 230 375 483
person 0.0350 2 65 67 357
person 0.0316 16 262 375 487
person 0.0288 319 245 370 368
person 0.0287 92 173 132 193
person 0.0267 194 160 234 178
person 0.0264 2 8 64 243
person 0.0221 0 249 53 381
person 0.0220 0 14 188 459
person 0.0219 0 74 16 185
person 0.0218 2 265 32 372
person 0.0211 1 236 101 358
person 0.0209 298 281 366 371
tvmonitor 0.0243 0 0 147 218
tvmonitor 0.0204 0 5 121 134
