aeroplane 0.0215 258 320 303 333
aeroplane 0.0200 188 231 232 291
bird 0.9241 133 41 480 307
bird 0.0678 365 179 470 295
bird 0.0485 332 105 472 287
bird 0.0484 189 232 319 320
bird 0.0450 130 49 223 187
bird 0.0366 181 232 466 319
bird 0.0354 192 232 252 318
bird 0.0353 361 232 477 305
bird 0.0347 204 303 302 331
bird 0.0334 209 300 233 328
bird 0.0323 120 50 441 160
bird 0.0310 260 76 456 283
bird 0.0288 194 271 298 333
bird 0.0279 130 50 273 237
bird 0.0278 217 286 290 330
bird 0.0278 223 317 303 333
bird 0.0267 265 312 289 332
bird 0.0263 218 247 404 312
bird 0.0262 199 227 372 295
bird 0.0261 245 311 294 333
bird 0.0260 252 320 299 333
bird 0.0260 205 301 252 333
bird 0.0259 209 237 272 327
bird 0.0236 405 195 481 301
bird 0.0231 209 306 224 329
bird 0.0229 209 164 495 297
bird 0.0213 133 95 226 229
bird 0.0211 266 224 465 288
bird 0.0208 208 321 252 333
bird 0.0202 211 311 245 330
bottle 0.0200 130 47 229 83
