bird 0.0291 147 0 191 17
boat 0.0547 0 0 432 191
boat 0.0206 0 0 229 154
bottle 0.0508 50 80 83 116
bottle 0.0469 258 0 287 21
bus 0.0571 23 12 396 200
bus 0.0250 0 27 231 120
car 0.9609 154 116 455 203
car 0.0929 320 113 478 199
car 0.0463 153 117 293 201
car 0.0458 213 117 392 164
car 0.0423 411 104 497 134
car 0.0394 230 122 434 186
car 0.0380 372 116 500 168
car 0.0368 403 115 498 146
car 0.0359 162 118 326 168
car 0.0331 366 120 452 203
car 0.0317 63 45 484 211
car 0.0302 383 95 500 143
car 0.0280 158 135 247 200
car 0.0276 481 96 499 126
car 0.0273 418 81 496 132
car 0.0269 243 149 446 203
car 0.0245 43 109 350 205
car 0.0236 235 122 335 150
car 0.0225 461 96 498 125
car 0.0219 309 84 482 141
car 0.0215 186 112 350 154
car 0.0213 405 146 443 190
car 0.0212 451 88 498 140
car 0.0211 395 110 490 197
car 0.0202 336 121 466 160
chair 0.0216 112 0 497 224
person 0.3223 16 67 48 113
person 0.2788 49 68 85 117
person 0.1134 326 108 364 125
person 0.0978 13 68 77 116
person 0.0897 309 130 324 150
person 0.0815 11 70 31 102
person 0.0776 271 114 331 129
person 0.0742 8 72 38 113
person 0.0690 267 115 343 139
person 0.0680 145 0 220 17
person 0.0679 290 125 326 149
person 0.0658 302 130 319 150
person 0.0622 38 71 65 112
person 0.0603 250 118 316 146
person 0.0592 277 112 322 125
person 0.0583 285 107 368 127
person 0.0577 218 0 283 19
person 0.0573 318 95 365 125
person 0.0570 317 131 331 149
person 0.0547 27 68 52 101
person 0.0536 304 127 327 156
person 0.0528 399 0 451 31
person 0.0497 254 112 311 131
person 0.0495 4 60 43 103
person 0.0466 305 131 330 146
person 0.0464 277 119 324 131
person 0.0460 292 128 311 150
person 0.0458 325 129 342 149
person 0.0444 146 0 185 14
person 0.0437 304 125 339 148
person 0.0423 282 122 345 144
person 0.0420 295 127 324 143
person 0.0417 173 0 252 18
person 0.0411 241 113 359 145
person 0.0411 47 71 76 104
person 0.0405 8 86 31 114
person 0.0387 40 77 104 116
person 0.0385 309 110 355 123
person 0.0379 278 112 325 149
person 0.0376 282 126 303 149
person 0.0374 285 124 318 142
person 0.0366 2 71 21 100
person 0.0365 257 108 349 132
person 0.0365 314 110 365 139
person 0.0341 262 111 302 124
person 0.0337 292 111 339 123
person 0.0336 329 126 350 145
person 0.0329 264 119 309 134
person 0.0327 301 128 330 172
person 0.0324 311 122 354 145
person 0.0324 14 67 43 94
person 0.0319 320 124 347 151
person 0.0319 420 0 475 31
person 0.0315 39 68 59 98
person 0.0315 314 129 337 143
person 0.0308 18 65 136 117
person 0.0304 265 122 303 144
person 0.0300 276 114 311 140
person 0.0294 42 85 59 116
person 0.0293 9 81 58 116
person 0.0293 16 89 39 116
person 0.0287 0 76 27 114
person 0.0283 308 127 344 140
person 0.0282 290 121 337 132
person 0.0277 334 111 361 135
person 0.0275 1 57 55 120
person 0.0272 310 128 333 162
person 0.0268 278 113 306 130
person 0.0265 336 120 357 144
person 0.0263 420 0 447 26
person 0.0262 178 0 216 18
person 0.0261 30 79 54 115
person 0.0257 301 115 352 126
person 0.0256 253 120 283 146
person 0.0254 290 91 359 124
person 0.0253 55 68 86 99
person 0.0252 26 69 72 94
person 0.0251 274 129 314 146
person 0.0250 308 137 326 171
person 0.0248 316 83 352 121
person 0.0246 300 115 345 152
person 0.0245 251 0 301 21
person 0.0244 285 115 373 142
person 0.0240 121 0 196 15
person 0.0239 232 112 297 145
person 0.0239 311 134 337 149
person 0.0234 443 0 500 32
person 0.0234 328 117 354 136
person 0.0228 285 118 312 136
person 0.0226 325 119 364 145
person 0.0226 376 0 437 30
person 0.0225 47 84 77 116
person 0.0223 31 57 71 106
person 0.0222 319 112 357 128
person 0.0220 25 94 84 117
person 0.0217 69 75 89 109
person 0.0216 320 99 345 124
person 0.0210 468 7 498 33
person 0.0208 48 67 85 84
person 0.0205 271 102 346 126
person 0.0204 194 0 231 18
person 0.0201 274 127 334 153
person 0.0200 312 127 348 173
pottedplant 0.0857 251 0 286 21
pottedplant 0.0658 221 0 282 20
pottedplant 0.0597 49 96 83 117
pottedplant 0.0485 151 0 221 19
pottedplant 0.0367 194 0 265 20
pottedplant 0.0366 180 0 218 17
pottedplant 0.0283 146 0 182 15
pottedplant 0.0277 47 79 84 117
pottedplant 0.0261 442 0 500 33
pottedplant 0.0252 163 0 290 25
pottedplant 0.0222 223 0 253 19
pottedplant 0.0207 241 0 266 20
sheep 0.0200 108 14 460 221
sofa 0.0252 0 4 500 235
train 0.0267 12 0 500 201
tvmonitor 0.0360 5 0 346 149
tvmonitor 0.0277 447 0 499 33
