aeroplane 0.0900 5 0 500 334
bird 0.0346 0 0 437 375
boat 0.0711 0 0 500 334
boat 0.0417 61 167 500 375
boat 0.0210 324 124 381 214
bottle 0.1220 51 178 69 211
bottle 0.1042 313 195 336 230
bottle 0.0649 321 204 341 234
bottle 0.0641 308 207 327 235
bottle 0.0610 317 215 332 241
bottle 0.0557 315 213 338 234
bottle 0.0542 368 201 387 226
bottle 0.0536 328 201 348 231
bottle 0.0521 306 191 339 240
bottle 0.0515 323 213 339 242
bottle 0.0504 310 219 325 242
bottle 0.0500 171 199 194 238
bottle 0.0485 238 217 255 237
bottle 0.0446 357 200 383 228
bottle 0.0435 262 219 293 237
bottle 0.0431 299 216 318 240
bottle 0.0397 454 248 472 294
bottle 0.0390 167 177 196 237
bottle 0.0390 246 220 265 234
bottle 0.0384 202 215 247 235
bottle 0.0369 330 207 383 229
bottle 0.0366 331 218 347 243
bottle 0.0358 294 223 308 247
bottle 0.0355 332 208 360 230
bottle 0.0353 292 218 310 239
bottle 0.0339 292 203 321 241
bottle 0.0329 347 219 363 243
bottle 0.0328 298 225 321 246
bottle 0.0325 340 221 356 243
bottle 0.0324 261 214 283 234
bottle 0.0321 306 225 328 247
bottle 0.0321 361 211 383 235
bottle 0.0314 274 222 293 247
bottle 0.0313 315 224 336 247
bottle 0.0313 181 207 198 239
bottle 0.0300 287 227 300 247
bottle 0.0300 198 201 218 236
bottle 0.0298 325 214 352 234
bottle 0.0293 320 188 356 242
bottle 0.0286 257 219 270 235
bottle 0.0281 261 221 279 247
bottle 0.0281 338 214 356 235
bottle 0.0270 321 224 344 247
bottle 0.0269 307 215 341 242
bottle 0.0269 190 205 207 235
bottle 0.0267 204 212 227 238
bottle 0.0266 152 169 193 242
bottle 0.0263 354 218 373 242
bottle 0.0259 258 220 297 247
bottle 0.0253 343 205 365 231
bottle 0.0247 290 221 326 248
bottle 0.0243 358 220 387 241
bottle 0.0242 254 223 270 248
bottle 0.0241 333 182 378 242
bottle 0.0241 253 222 276 238
bottle 0.0239 319 217 360 244
bottle 0.0238 238 225 255 254
bottle 0.0237 290 230 315 252
bottle 0.0237 343 217 370 234
bottle 0.0231 458 259 499 298
bottle 0.0227 266 226 288 254
bottle 0.0226 350 215 380 233
bottle 0.0225 237 235 282 309
bottle 0.0224 450 238 469 280
bottle 0.0223 284 207 340 244
bottle 0.0221 246 223 262 248
bottle 0.0220 271 230 299 252
bottle 0.0215 227 218 250 239
bottle 0.0215 282 231 307 252
bottle 0.0214 335 226 362 247
bottle 0.0211 380 204 396 225
bottle 0.0210 325 206 351 244
bottle 0.0207 178 227 266 256
bottle 0.0205 386 208 405 234
bottle 0.0205 246 207 263 229
bottle 0.0205 204 222 240 239
bottle 0.0205 271 221 314 248
bottle 0.0200 294 223 342 302
cat 0.0379 29 148 55 181
chair 0.6867 185 256 280 373
chair 0.6690 276 245 346 369
chair 0.3668 351 235 456 375
chair 0.3465 110 178 175 330
chair 0.2789 447 298 500 375
chair 0.2714 347 254 410 373
chair 0.2688 30 149 58 207
chair 0.2511 315 245 392 375
chair 0.2007 232 244 306 360
chair 0.1964 379 259 488 370
chair 0.1880 443 234 500 371
chair 0.1751 162 232 234 340
chair 0.1720 123 191 208 352
chair 0.1701 343 298 485 375
chair 0.1473 291 223 369 354
chair 0.1463 111 227 158 330
chair 0.1388 146 230 209 332
chair 0.1323 38 153 73 209
chair 0.1294 343 226 388 362
chair 0.1289 260 241 327 348
chair 0.1120 8 149 52 205
chair 0.1117 48 172 71 211
chair 0.1094 36 167 61 210
chair 0.1076 453 339 500 375
chair 0.1053 170 257 215 352
chair 0.0966 299 281 455 371
chair 0.0962 350 331 477 373
chair 0.0956 124 237 270 371
chair 0.0949 250 254 292 341
chair 0.0907 403 307 491 374
chair 0.0901 289 253 346 330
chair 0.0900 159 255 201 331
chair 0.0895 211 255 289 338
chair 0.0894 187 194 264 350
chair 0.0868 359 266 383 341
chair 0.0861 334 248 374 344
chair 0.0800 187 227 293 322
chair 0.0739 27 153 47 204
chair 0.0738 187 262 236 340
chair 0.0730 132 243 188 332
chair 0.0693 424 292 474 371
chair 0.0683 242 223 337 319
chair 0.0660 449 355 499 373
chair 0.0658 445 269 500 326
chair 0.0655 107 225 134 314
chair 0.0627 1 158 36 204
chair 0.0621 41 178 81 214
chair 0.0609 438 288 493 348
chair 0.0605 341 310 406 373
chair 0.0598 7 210 97 367
chair 0.0597 23 161 61 224
chair 0.0589 113 260 147 328
chair 0.0577 421 348 499 375
chair 0.0573 41 181 58 214
chair 0.0572 123 262 163 328
chair 0.0562 33 179 55 211
chair 0.0558 374 347 463 374
chair 0.0556 196 260 256 322
chair 0.0545 362 272 380 319
chair 0.0544 352 284 387 374
chair 0.0543 4 166 44 228
chair 0.0541 52 162 89 210
chair 0.0535 204 214 253 236
chair 0.0526 11 148 81 212
chair 0.0517 360 247 399 347
chair 0.0498 350 245 380 330
chair 0.0492 0 165 22 202
chair 0.0487 5 169 63 209
chair 0.0478 0 188 28 233
chair 0.0474 313 243 354 322
chair 0.0470 145 251 273 326
chair 0.0455 0 182 36 208
chair 0.0455 51 191 80 210
chair 0.0452 237 243 282 320
chair 0.0433 450 310 480 365
chair 0.0429 320 230 386 319
chair 0.0413 17 160 36 201
chair 0.0410 450 346 479 375
chair 0.0406 0 191 52 241
chair 0.0404 401 296 456 370
chair 0.0395 460 292 499 340
chair 0.0394 212 253 273 308
chair 0.0391 397 330 462 375
chair 0.0389 454 248 500 300
chair 0.0382 366 291 421 370
chair 0.0380 328 199 390 229
chair 0.0380 359 263 434 359
chair 0.0378 18 180 60 241
chair 0.0375 38 183 68 206
chair 0.0374 382 317 442 375
chair 0.0374 264 240 309 320
chair 0.0373 52 188 71 216
chair 0.0371 469 312 500 372
chair 0.0368 344 340 414 374
chair 0.0366 253 243 432 375
chair 0.0365 246 245 295 305
chair 0.0362 0 150 57 246
chair 0.0360 188 289 239 372
chair 0.0358 0 340 80 373
chair 0.0355 25 182 51 207
chair 0.0354 203 266 335 359
chair 0.0351 475 341 499 375
chair 0.0349 112 268 130 310
chair 0.0346 305 259 353 353
chair 0.0342 81 204 145 347
chair 0.0340 23 180 73 211
chair 0.0340 262 250 351 307
chair 0.0329 0 187 62 221
chair 0.0328 438 328 489 374
chair 0.0327 1 303 44 375
chair 0.0320 36 178 73 239
chair 0.0320 0 345 43 374
chair 0.0316 340 225 423 337
chair 0.0315 41 151 103 211
chair 0.0315 145 274 183 332
chair 0.0315 47 153 68 198
chair 0.0313 148 216 252 315
chair 0.0308 117 283 139 322
chair 0.0303 43 190 72 209
chair 0.0303 164 248 220 315
chair 0.0300 86 217 117 304
chair 0.0299 7 187 45 204
chair 0.0299 0 205 56 371
chair 0.0298 448 287 481 333
chair 0.0297 448 257 483 317
chair 0.0296 290 279 369 373
chair 0.0295 159 283 186 327
chair 0.0295 399 354 475 375
chair 0.0294 345 186 387 234
chair 0.0287 177 284 213 369
chair 0.0284 455 287 499 320
chair 0.0282 352 210 387 227
chair 0.0280 378 227 459 318
chair 0.0278 180 251 238 309
chair 0.0278 10 178 39 202
chair 0.0272 427 331 468 375
chair 0.0271 476 286 500 347
chair 0.0270 266 271 317 365
chair 0.0268 126 289 146 327
chair 0.0264 227 279 280 372
chair 0.0262 196 235 257 292
chair 0.0262 0 202 43 278
chair 0.0261 0 173 24 266
chair 0.0257 0 329 28 375
chair 0.0257 47 182 88 239
chair 0.0251 221 259 319 314
chair 0.0251 38 149 60 190
chair 0.0249 160 292 265 375
chair 0.0249 442 270 472 332
chair 0.0246 110 264 122 304
chair 0.0245 61 209 114 295
chair 0.0244 110 247 130 301
chair 0.0244 374 267 414 352
chair 0.0242 420 350 461 374
chair 0.0239 339 353 441 375
chair 0.0238 343 259 367 325
chair 0.0238 27 149 50 177
chair 0.0237 78 177 100 213
chair 0.0236 425 241 500 311
chair 0.0233 459 297 486 332
chair 0.0232 332 287 384 355
chair 0.0231 364 199 389 232
chair 0.0230 53 181 107 221
chair 0.0230 451 255 475 302
chair 0.0230 133 283 166 329
chair 0.0229 282 235 331 313
chair 0.0227 173 273 267 343
chair 0.0226 377 231 460 276
chair 0.0223 139 264 239 361
chair 0.0222 248 280 299 375
chair 0.0220 117 285 156 326
chair 0.0217 394 349 442 373
chair 0.0216 366 214 390 234
chair 0.0216 249 255 329 295
chair 0.0215 78 190 234 375
chair 0.0214 457 272 499 303
chair 0.0214 344 357 404 373
chair 0.0213 299 325 436 375
chair 0.0211 292 255 367 293
chair 0.0211 354 243 400 305
chair 0.0211 256 287 339 375
chair 0.0210 445 295 473 348
chair 0.0208 90 186 103 211
chair 0.0208 268 260 296 348
chair 0.0204 460 312 481 353
diningtable 0.6158 159 214 438 367
diningtable 0.5258 189 234 331 372
diningtable 0.4382 262 227 386 372
diningtable 0.3929 325 214 474 371
diningtable 0.3266 159 237 276 368
diningtable 0.2930 214 208 436 310
diningtable 0.2228 123 174 267 339
diningtable 0.1939 446 294 500 375
diningtable 0.1937 254 210 406 281
diningtable 0.1829 140 207 357 313
diningtable 0.1666 302 203 413 374
diningtable 0.1490 349 270 500 372
diningtable 0.1488 276 206 382 319
diningtable 0.1458 46 184 205 353
diningtable 0.1378 69 197 352 375
diningtable 0.1363 295 201 489 311
diningtable 0.1311 377 312 500 375
diningtable 0.1230 122 223 227 346
diningtable 0.1230 19 203 146 356
diningtable 0.1228 224 270 370 367
diningtable 0.1051 291 274 449 367
diningtable 0.0991 179 203 284 324
diningtable 0.0856 329 207 471 279
diningtable 0.0818 189 175 469 277
diningtable 0.0669 97 124 500 367
diningtable 0.0624 172 227 318 287
diningtable 0.0614 11 200 112 309
diningtable 0.0599 227 190 374 242
diningtable 0.0593 78 201 165 327
diningtable 0.0584 171 182 375 259
diningtable 0.0557 288 225 402 266
diningtable 0.0552 304 182 485 262
diningtable 0.0525 117 166 373 290
diningtable 0.0515 34 245 199 335
diningtable 0.0503 89 267 299 375
diningtable 0.0501 312 211 395 241
diningtable 0.0484 413 284 500 357
diningtable 0.0481 15 187 94 243
diningtable 0.0471 253 221 365 257
diningtable 0.0463 383 239 500 350
diningtable 0.0460 240 213 339 307
diningtable 0.0443 291 189 434 245
diningtable 0.0430 0 206 110 254
diningtable 0.0425 317 195 383 231
diningtable 0.0401 23 167 88 225
diningtable 0.0389 317 216 402 310
diningtable 0.0379 233 169 366 218
diningtable 0.0369 182 235 275 278
diningtable 0.0365 4 248 255 364
diningtable 0.0364 423 266 500 332
diningtable 0.0356 188 227 274 257
diningtable 0.0351 12 168 67 247
diningtable 0.0340 23 175 151 298
diningtable 0.0333 41 184 93 213
diningtable 0.0332 284 204 342 237
diningtable 0.0330 8 148 100 210
diningtable 0.0329 50 205 199 294
diningtable 0.0326 24 200 109 233
diningtable 0.0307 204 186 316 264
diningtable 0.0305 0 174 118 231
diningtable 0.0302 21 278 206 355
diningtable 0.0296 5 188 79 222
diningtable 0.0293 3 192 78 292
diningtable 0.0288 51 180 297 303
diningtable 0.0287 448 296 500 335
diningtable 0.0283 98 196 240 294
diningtable 0.0282 268 205 369 244
diningtable 0.0278 193 281 494 375
diningtable 0.0272 6 208 70 265
diningtable 0.0263 236 179 500 375
diningtable 0.0262 460 308 499 358
diningtable 0.0259 254 237 353 291
diningtable 0.0241 320 218 387 273
diningtable 0.0231 337 218 439 263
diningtable 0.0230 239 224 323 255
diningtable 0.0230 136 230 268 307
diningtable 0.0230 382 216 487 283
diningtable 0.0229 36 210 102 265
diningtable 0.0228 63 304 250 370
diningtable 0.0228 280 233 387 289
diningtable 0.0227 153 210 296 263
diningtable 0.0227 173 182 296 240
diningtable 0.0222 33 194 76 256
diningtable 0.0214 14 163 72 204
diningtable 0.0209 0 192 100 375
diningtable 0.0206 353 224 463 296
diningtable 0.0201 260 219 334 249
person 0.8040 322 171 383 226
person 0.7746 203 177 251 235
person 0.7555 112 157 192 331
person 0.6738 367 204 465 371
person 0.5958 273 187 325 232
person 0.5552 441 174 499 251
person 0.5220 450 212 500 300
person 0.3427 283 180 363 230
person 0.3398 387 189 445 238
person 0.3016 444 216 500 364
person 0.2970 294 189 330 229
person 0.2774 183 225 278 370
person 0.2661 140 171 243 345
person 0.2607 404 202 484 355
person 0.2248 441 203 493 274
person 0.2210 278 211 367 374
person 0.2209 213 180 306 233
person 0.2203 319 176 387 274
person 0.2137 458 172 499 228
person 0.2038 367 186 473 283
person 0.1981 411 179 493 234
person 0.1954 390 189 423 227
person 0.1863 437 195 490 242
person 0.1829 264 205 312 232
person 0.1766 117 161 197 255
person 0.1714 308 190 337 229
person 0.1658 411 183 493 286
person 0.1585 356 184 438 229
person 0.1551 324 182 358 228
person 0.1411 315 191 394 345
person 0.1402 193 180 256 289
person 0.1388 454 200 499 255
person 0.1335 288 187 372 291
person 0.1316 286 196 318 231
person 0.1315 241 184 338 234
person 0.1306 318 188 345 228
person 0.1228 263 216 296 232
person 0.1195 426 185 475 245
person 0.1176 135 194 317 373
person 0.1170 478 174 500 218
person 0.1149 336 181 408 225
person 0.1124 387 245 500 375
person 0.1081 447 212 493 243
person 0.1075 270 190 335 310
person 0.1054 359 173 479 245
person 0.0898 177 135 190 174
person 0.0884 409 191 438 226
person 0.0871 164 167 245 241
person 0.0862 462 216 498 269
person 0.0847 185 175 282 321
person 0.0809 273 216 315 232
person 0.0790 83 177 167 345
person 0.0777 463 193 496 240
person 0.0738 339 169 380 208
person 0.0721 195 159 268 239
person 0.0714 465 213 500 238
person 0.0705 426 202 472 268
person 0.0693 284 191 325 218
person 0.0688 390 196 462 316
person 0.0687 202 203 246 236
person 0.0686 146 162 200 232
person 0.0681 331 169 367 216
person 0.0680 336 184 373 228
person 0.0674 435 202 472 238
person 0.0656 320 197 385 245
person 0.0651 393 194 476 250
person 0.0649 245 198 317 230
person 0.0647 386 195 409 227
person 0.0632 256 187 326 262
person 0.0631 305 189 329 215
person 0.0620 328 176 430 241
person 0.0615 326 196 349 230
person 0.0608 339 219 388 336
person 0.0592 441 232 489 315
person 0.0589 292 209 323 234
person 0.0575 260 202 332 242
person 0.0573 455 226 491 284
person 0.0572 175 162 218 228
person 0.0568 452 233 477 288
person 0.0563 421 194 444 229
person 0.0560 237 212 254 234
person 0.0548 271 202 297 231
person 0.0540 428 195 456 233
person 0.0532 449 218 482 264
person 0.0530 201 175 235 217
person 0.0527 465 173 500 195
person 0.0524 214 176 254 215
person 0.0503 287 204 345 245
person 0.0500 259 183 305 229
person 0.0499 242 191 357 327
person 0.0498 439 214 478 249
person 0.0490 382 202 449 262
person 0.0489 256 219 282 232
person 0.0477 338 178 498 333
person 0.0477 321 137 388 219
person 0.0471 116 163 193 212
person 0.0469 210 206 307 345
person 0.0462 327 173 354 211
person 0.0460 231 207 303 233
person 0.0454 415 189 462 230
person 0.0448 208 193 263 242
person 0.0445 198 210 259 261
person 0.0444 314 191 335 215
person 0.0443 460 217 488 252
person 0.0435 167 171 197 236
person 0.0431 348 214 416 347
person 0.0426 306 178 371 214
person 0.0414 444 184 494 221
person 0.0410 299 188 342 218
person 0.0409 392 187 442 213
person 0.0407 281 148 381 212
person 0.0399 349 192 384 229
person 0.0398 225 183 257 230
person 0.0395 327 172 368 194
person 0.0392 243 215 291 233
person 0.0382 207 169 333 221
person 0.0381 177 144 186 170
person 0.0380 236 199 255 230
person 0.0379 355 174 383 209
person 0.0375 204 179 243 201
person 0.0372 267 221 300 237
person 0.0367 422 222 472 299
person 0.0367 220 217 254 236
person 0.0365 245 219 268 232
person 0.0364 354 173 391 228
person 0.0360 431 178 500 212
person 0.0357 174 137 194 190
person 0.0354 459 230 484 264
person 0.0354 482 171 500 200
person 0.0351 420 219 490 259
person 0.0346 151 178 205 303
person 0.0345 98 140 228 253
person 0.0344 462 179 490 215
person 0.0337 393 181 457 223
person 0.0336 228 171 275 230
person 0.0336 161 152 201 204
person 0.0335 457 253 499 296
person 0.0334 111 133 265 325
person 0.0325 317 184 345 211
person 0.0324 384 206 421 228
person 0.0324 299 203 343 231
person 0.0323 112 160 161 223
person 0.0322 364 187 389 226
person 0.0321 106 116 189 226
person 0.0319 195 179 224 226
person 0.0318 291 221 315 239
person 0.0309 274 215 338 259
person 0.0308 176 145 213 205
person 0.0307 36 175 120 291
person 0.0304 358 230 400 308
person 0.0301 212 185 301 292
person 0.0298 461 231 499 255
person 0.0296 103 182 152 315
person 0.0296 343 170 380 192
person 0.0293 282 214 305 235
person 0.0293 184 166 243 217
person 0.0293 374 214 441 320
person 0.0291 377 177 412 225
person 0.0288 299 218 333 233
person 0.0284 457 175 492 202
person 0.0282 219 200 280 235
person 0.0280 470 218 500 252
person 0.0278 308 150 406 262
person 0.0271 168 161 188 197
person 0.0271 281 224 306 238
person 0.0270 30 130 186 338
person 0.0269 438 198 462 229
person 0.0269 314 207 347 229
person 0.0269 233 209 271 234
person 0.0268 313 184 360 248
person 0.0264 94 101 494 375
person 0.0262 1 294 42 375
person 0.0262 218 182 244 225
person 0.0261 444 223 485 245
person 0.0257 344 238 381 314
person 0.0256 442 228 473 254
person 0.0256 279 186 311 223
person 0.0253 134 161 180 195
person 0.0250 442 188 474 228
person 0.0250 417 251 500 338
person 0.0250 349 147 483 222
person 0.0250 321 172 347 195
person 0.0249 333 169 360 189
person 0.0248 294 168 439 369
person 0.0247 204 194 228 232
person 0.0246 359 214 403 275
person 0.0246 450 238 476 267
person 0.0245 255 213 303 242
person 0.0245 331 196 361 226
person 0.0244 67 77 254 365
person 0.0243 299 207 340 274
person 0.0242 235 221 258 238
person 0.0241 473 196 500 226
person 0.0240 258 200 290 233
person 0.0240 317 191 367 221
person 0.0237 217 206 254 233
person 0.0236 453 183 476 212
person 0.0236 309 191 326 207
person 0.0235 376 217 426 285
person 0.0233 165 163 192 215
person 0.0232 411 192 452 250
person 0.0232 205 207 270 306
person 0.0232 345 183 426 303
person 0.0231 335 158 457 277
person 0.0230 392 187 413 218
person 0.0230 476 171 500 188
person 0.0230 172 155 187 180
person 0.0230 0 0 209 375
person 0.0228 425 249 469 332
person 0.0227 241 186 280 237
person 0.0225 476 229 500 277
person 0.0224 429 210 465 244
person 0.0222 134 150 253 223
person 0.0219 252 223 283 236
person 0.0219 434 195 483 223
person 0.0218 282 220 330 298
person 0.0218 144 161 173 185
person 0.0217 0 229 48 375
person 0.0217 278 188 316 206
person 0.0217 217 176 255 197
person 0.0216 275 218 328 241
person 0.0215 0 189 122 355
person 0.0215 255 161 397 239
person 0.0215 402 204 445 228
person 0.0214 377 211 398 228
person 0.0214 383 213 406 234
person 0.0213 441 209 486 233
person 0.0212 181 184 230 239
person 0.0211 391 201 411 235
person 0.0210 349 207 420 247
person 0.0209 416 151 500 218
person 0.0209 442 227 499 262
person 0.0208 357 157 400 219
person 0.0208 261 142 342 221
person 0.0206 395 220 461 279
person 0.0206 197 192 218 233
person 0.0202 314 170 373 200
person 0.0201 297 183 335 208
person 0.0201 295 169 427 219
person 0.0200 306 188 339 206
pottedplant 0.1615 54 179 76 211
pottedplant 0.1118 135 102 194 126
pottedplant 0.0962 111 143 129 169
pottedplant 0.0762 135 100 193 161
pottedplant 0.0650 54 192 83 211
pottedplant 0.0528 123 104 196 195
pottedplant 0.0468 156 105 196 177
pottedplant 0.0449 41 178 87 211
pottedplant 0.0443 157 99 192 134
pottedplant 0.0442 176 122 190 160
pottedplant 0.0434 126 105 173 175
pottedplant 0.0408 67 192 91 211
pottedplant 0.0379 172 108 192 158
pottedplant 0.0364 157 101 197 118
pottedplant 0.0364 108 140 133 181
pottedplant 0.0350 55 165 96 213
pottedplant 0.0322 115 114 150 179
pottedplant 0.0313 116 140 135 166
pottedplant 0.0296 82 187 97 210
pottedplant 0.0294 129 105 173 122
pottedplant 0.0286 152 108 184 151
pottedplant 0.0277 167 104 195 130
pottedplant 0.0273 164 100 188 123
pottedplant 0.0262 60 145 103 208
pottedplant 0.0259 177 137 185 162
pottedplant 0.0256 128 102 164 151
pottedplant 0.0252 172 117 186 148
pottedplant 0.0252 175 129 185 155
pottedplant 0.0248 129 105 145 146
pottedplant 0.0247 125 103 149 161
pottedplant 0.0244 111 121 161 199
pottedplant 0.0243 117 97 201 132
pottedplant 0.0238 143 125 187 189
pottedplant 0.0235 145 104 176 130
pottedplant 0.0235 171 122 187 169
pottedplant 0.0231 71 178 91 210
pottedplant 0.0223 129 106 183 138
pottedplant 0.0217 121 135 136 161
pottedplant 0.0213 111 128 142 173
pottedplant 0.0212 63 199 95 214
pottedplant 0.0208 36 133 101 211
pottedplant 0.0206 173 111 210 187
sofa 0.1163 292 209 500 361
sofa 0.0460 21 147 89 212
sofa 0.0250 305 173 500 292
train 0.0680 0 0 483 335
