bicycle 0.2315 190 225 269 334
bicycle 0.1932 94 170 277 333
bicycle 0.0891 86 259 259 331
bicycle 0.0768 316 161 387 263
bicycle 0.0451 162 269 274 335
bicycle 0.0420 169 179 316 332
bicycle 0.0402 30 221 253 335
bicycle 0.0374 120 236 329 333
bicycle 0.0237 195 214 422 335
bird 0.0209 0 0 27 25
boat 0.0744 87 14 326 322
boat 0.0658 15 7 500 307
boat 0.0655 345 185 384 263
boat 0.0592 68 37 264 254
boat 0.0427 323 149 422 271
boat 0.0329 54 27 341 157
boat 0.0286 45 33 218 186
boat 0.0259 113 20 400 205
boat 0.0230 113 128 423 328
boat 0.0227 327 140 471 310
boat 0.0217 325 210 381 264
boat 0.0210 329 244 353 263
boat 0.0205 78 13 478 136
bottle 0.1103 347 187 382 257
bottle 0.0922 111 44 191 178
bottle 0.0747 161 131 212 176
bottle 0.0683 359 203 384 257
bottle 0.0570 163 130 192 169
bottle 0.0550 109 129 187 173
bottle 0.0550 370 212 386 257
bottle 0.0536 106 127 151 171
bottle 0.0523 90 163 120 217
bottle 0.0465 204 223 259 267
bottle 0.0449 200 205 258 297
bottle 0.0442 119 128 139 161
bottle 0.0383 162 132 202 153
bottle 0.0377 115 99 175 176
bottle 0.0363 159 132 182 163
bottle 0.0361 111 131 134 165
bottle 0.0349 144 126 188 178
bottle 0.0323 97 125 127 165
bottle 0.0310 123 132 149 163
bottle 0.0308 352 203 372 247
bottle 0.0289 158 142 179 175
bottle 0.0280 176 133 205 165
bottle 0.0274 107 126 135 151
bottle 0.0268 167 136 211 157
bottle 0.0267 151 150 171 179
bottle 0.0255 118 132 163 179
bottle 0.0254 140 137 163 163
bottle 0.0242 131 138 156 167
bottle 0.0232 153 141 171 168
bottle 0.0231 108 45 168 141
bottle 0.0229 142 150 165 179
bottle 0.0226 231 228 257 261
bottle 0.0223 115 149 158 168
bottle 0.0220 199 243 216 269
bottle 0.0216 150 97 206 179
bottle 0.0215 157 156 178 182
bottle 0.0208 120 121 159 163
bottle 0.0205 156 118 187 164
bottle 0.0201 190 186 226 248
bottle 0.0201 161 161 204 179
bottle 0.0201 117 128 153 149
car 0.0328 220 320 268 334
car 0.0285 189 278 267 335
car 0.0257 45 267 214 332
car 0.0253 110 298 207 333
car 0.0239 0 184 34 247
car 0.0228 12 229 237 335
car 0.0227 201 307 273 334
car 0.0209 171 300 263 333
chair 0.1418 98 44 231 235
chair 0.0482 89 72 204 186
chair 0.0337 339 182 387 263
chair 0.0333 137 81 213 180
chair 0.0328 102 38 192 153
chair 0.0282 115 45 249 160
chair 0.0244 111 106 267 228
chair 0.0241 87 122 210 174
chair 0.0227 363 205 390 259
chair 0.0217 327 174 355 264
diningtable 0.0351 92 46 275 180
diningtable 0.0257 62 43 214 209
diningtable 0.0246 347 206 388 257
diningtable 0.0240 81 126 268 203
diningtable 0.0215 78 101 225 181
diningtable 0.0211 92 151 323 323
motorbike 0.1661 192 238 269 335
motorbike 0.0575 83 203 275 335
motorbike 0.0535 322 165 389 262
motorbike 0.0270 80 256 209 335
motorbike 0.0243 213 276 266 335
person 0.8096 96 89 251 333
person 0.4440 323 148 376 262
person 0.1625 140 176 263 335
person 0.1491 191 219 265 335
person 0.1259 92 48 219 250
person 0.1150 91 129 169 247
person 0.1112 78 122 178 318
person 0.1093 345 176 378 254
person 0.1078 327 146 365 209
person 0.0965 80 189 229 334
person 0.0953 158 130 230 257
person 0.0878 18 26 345 335
person 0.0839 94 128 192 196
person 0.0827 340 156 370 237
person 0.0822 166 123 325 335
person 0.0788 153 131 217 185
person 0.0687 333 149 408 265
person 0.0627 323 162 358 244
person 0.0621 100 127 161 178
person 0.0619 186 153 269 310
person 0.0618 259 129 418 331
person 0.0553 137 133 225 211
person 0.0526 111 224 205 335
person 0.0512 109 70 187 181
person 0.0489 135 129 197 175
person 0.0477 85 128 131 212
person 0.0475 332 144 359 166
person 0.0471 348 172 369 228
person 0.0454 287 151 389 270
person 0.0408 219 139 306 272
person 0.0407 353 177 369 213
person 0.0407 89 145 120 206
person 0.0406 119 110 206 187
person 0.0400 21 106 159 324
person 0.0396 362 201 389 256
person 0.0395 313 88 395 262
person 0.0384 245 145 358 287
person 0.0365 172 264 208 333
person 0.0352 149 253 207 335
person 0.0346 101 274 212 334
person 0.0344 338 97 478 335
person 0.0341 147 135 285 286
person 0.0339 323 139 435 301
person 0.0337 333 163 364 222
person 0.0336 163 163 241 296
person 0.0334 258 37 440 280
person 0.0331 327 144 357 181
person 0.0329 145 190 213 330
person 0.0320 92 125 123 180
person 0.0318 0 155 25 241
person 0.0314 383 151 462 286
person 0.0311 333 173 367 258
person 0.0299 0 36 25 99
person 0.0295 355 188 384 246
person 0.0287 325 160 350 216
person 0.0286 1 0 23 30
person 0.0284 3 120 100 318
person 0.0282 0 275 36 335
person 0.0280 115 136 169 197
person 0.0275 116 132 208 251
person 0.0273 0 0 36 54
person 0.0270 372 204 387 245
person 0.0270 0 153 41 258
person 0.0261 80 73 162 196
person 0.0245 349 163 366 199
person 0.0245 170 226 222 319
person 0.0244 337 144 383 213
person 0.0243 0 303 23 335
person 0.0239 164 255 247 335
person 0.0237 144 135 188 194
person 0.0234 35 131 120 267
person 0.0228 209 168 298 321
person 0.0227 168 139 218 217
person 0.0226 17 231 187 335
person 0.0226 156 97 225 181
person 0.0225 220 309 268 335
person 0.0223 351 191 372 235
person 0.0220 3 0 63 59
person 0.0220 420 136 492 317
person 0.0220 9 114 83 253
person 0.0219 1 249 20 291
person 0.0219 48 43 201 323
person 0.0218 0 145 284 335
person 0.0216 232 279 270 334
person 0.0215 163 17 367 258
person 0.0214 0 243 24 322
person 0.0214 98 195 173 335
person 0.0211 113 12 494 335
person 0.0210 79 123 153 192
person 0.0209 178 140 214 179
person 0.0208 196 172 256 273
person 0.0207 156 290 203 335
person 0.0207 182 108 277 225
pottedplant 0.0266 0 38 25 101
pottedplant 0.0229 355 0 488 259
pottedplant 0.0214 0 0 43 14
tvmonitor 0.0530 91 95 245 223
tvmonitor 0.0398 84 116 197 202
tvmonitor 0.0200 118 132 276 202
