bicycle 0.0223 0 295 29 332
bicycle 0.0213 0 165 204 331
bird 0.1455 0 262 90 332
bird 0.1136 1 257 47 324
bird 0.0896 0 262 25 319
bird 0.0465 10 280 65 322
bird 0.0307 26 298 87 331
bird 0.0266 0 240 223 332
bird 0.0260 0 287 163 332
bird 0.0243 1 266 29 296
bird 0.0214 0 270 64 308
boat 0.0297 8 0 219 292
boat 0.0296 0 0 383 210
boat 0.0212 5 118 106 158
boat 0.0211 22 121 132 185
boat 0.0205 353 88 403 143
bottle 0.0355 0 133 24 182
bottle 0.0246 0 128 44 177
bus 0.0620 0 0 500 332
car 0.8760 123 127 493 314
car 0.3865 349 121 402 142
car 0.2251 0 108 147 315
car 0.2206 139 137 397 261
car 0.1754 145 131 288 251
car 0.1658 1 113 142 216
car 0.1575 444 133 471 144
car 0.1426 143 138 215 249
car 0.1294 426 133 463 143
car 0.1227 345 123 386 139
car 0.1160 99 108 122 136
car 0.1154 372 121 407 143
car 0.1109 325 134 494 321
car 0.1067 411 132 446 144
car 0.1007 126 119 164 133
car 0.0918 435 131 477 146
car 0.0846 138 118 182 133
car 0.0813 450 135 478 146
car 0.0788 5 123 232 264
car 0.0751 416 132 470 148
car 0.0748 0 54 500 332
car 0.0715 335 241 496 313
car 0.0671 184 137 318 219
car 0.0667 103 119 132 135
car 0.0638 84 110 125 140
car 0.0624 140 113 161 133
car 0.0620 458 134 472 146
car 0.0611 443 130 461 145
car 0.0611 367 124 431 146
car 0.0609 114 120 147 134
car 0.0563 388 122 413 143
car 0.0558 42 132 307 314
car 0.0534 128 114 191 135
car 0.0523 407 167 498 316
car 0.0510 416 128 438 141
car 0.0507 450 136 465 146
car 0.0505 158 119 193 134
car 0.0502 341 125 370 138
car 0.0502 144 155 185 230
car 0.0499 400 130 430 144
car 0.0484 460 133 485 144
car 0.0481 390 137 500 222
car 0.0481 104 115 160 138
car 0.0472 3 112 132 165
car 0.0471 126 120 228 209
car 0.0471 461 136 488 147
car 0.0461 46 113 127 145
car 0.0460 216 107 231 135
car 0.0459 344 105 401 140
car 0.0453 422 130 445 141
car 0.0451 108 112 127 135
car 0.0449 445 134 458 145
car 0.0444 316 118 405 144
car 0.0441 453 153 499 207
car 0.0436 410 125 427 145
car 0.0434 208 132 441 225
car 0.0419 120 116 137 136
car 0.0418 91 107 166 134
car 0.0406 407 131 436 148
car 0.0402 0 120 95 187
car 0.0391 400 124 421 142
car 0.0389 166 115 187 135
car 0.0386 350 131 496 195
car 0.0383 393 127 456 147
car 0.0379 424 146 498 197
car 0.0376 452 133 494 151
car 0.0375 428 129 461 139
car 0.0373 80 108 120 125
car 0.0372 332 125 357 137
car 0.0369 429 148 498 251
car 0.0367 71 113 120 133
car 0.0366 3 143 130 190
car 0.0364 409 125 474 143
car 0.0356 119 123 156 137
car 0.0352 63 124 207 191
car 0.0350 433 131 454 141
car 0.0346 172 117 193 137
car 0.0343 217 129 371 183
car 0.0343 343 123 359 136
car 0.0341 146 112 171 133
car 0.0338 76 112 127 162
car 0.0337 484 229 499 264
car 0.0337 439 129 470 141
car 0.0336 459 170 499 249
car 0.0336 470 136 495 150
car 0.0330 456 131 474 143
car 0.0329 99 113 140 134
car 0.0327 239 245 424 311
car 0.0326 103 122 191 232
car 0.0321 477 143 500 160
car 0.0319 352 118 393 133
car 0.0317 153 126 375 205
car 0.0317 157 112 180 133
car 0.0315 282 126 320 135
car 0.0314 0 127 26 178
car 0.0310 350 134 394 148
car 0.0303 377 121 396 140
car 0.0294 0 317 34 332
car 0.0294 343 126 376 144
car 0.0293 134 124 173 136
car 0.0292 325 122 343 135
car 0.0290 126 116 145 133
car 0.0288 0 310 22 332
car 0.0284 401 126 484 152
car 0.0282 429 123 485 147
car 0.0279 170 115 208 138
car 0.0278 468 137 500 158
car 0.0277 67 115 105 129
car 0.0276 467 126 494 152
car 0.0276 350 114 424 145
car 0.0275 0 153 87 189
car 0.0275 140 116 155 131
car 0.0273 220 113 236 134
car 0.0273 0 138 120 259
car 0.0272 362 120 406 153
car 0.0270 467 131 493 145
car 0.0269 445 136 473 152
car 0.0269 10 115 106 148
car 0.0265 80 108 99 128
car 0.0264 479 163 500 193
car 0.0264 370 134 410 148
car 0.0263 413 135 493 161
car 0.0257 136 125 216 175
car 0.0257 92 117 146 143
car 0.0255 301 126 337 135
car 0.0248 319 120 337 135
car 0.0247 153 123 190 137
car 0.0247 307 122 335 133
car 0.0247 289 123 318 133
car 0.0243 459 164 500 192
car 0.0243 137 159 169 226
car 0.0243 354 125 465 152
car 0.0241 457 232 499 313
car 0.0241 481 184 500 215
car 0.0240 386 118 471 144
car 0.0237 232 136 342 169
car 0.0237 202 106 231 135
car 0.0237 452 140 485 153
car 0.0237 333 120 370 140
car 0.0236 437 134 448 144
car 0.0235 465 141 494 154
car 0.0235 79 92 122 137
car 0.0234 154 136 289 195
car 0.0234 18 149 173 231
car 0.0230 91 106 129 131
car 0.0230 80 102 146 140
car 0.0229 387 142 495 184
car 0.0228 321 118 353 138
car 0.0226 411 139 456 153
car 0.0226 124 115 136 131
car 0.0225 389 134 427 147
car 0.0225 137 117 202 141
car 0.0224 142 120 161 138
car 0.0224 89 104 124 121
car 0.0223 136 110 174 128
car 0.0222 282 130 450 184
car 0.0222 227 122 253 132
car 0.0221 415 125 448 148
car 0.0221 53 107 205 167
car 0.0221 135 107 215 135
car 0.0220 451 159 500 293
car 0.0220 1 125 36 162
car 0.0219 437 128 492 153
car 0.0217 92 111 192 143
car 0.0217 145 145 208 202
car 0.0216 406 132 449 155
car 0.0215 235 123 262 132
car 0.0213 223 213 500 311
car 0.0212 0 0 265 275
car 0.0212 211 137 286 168
car 0.0211 52 117 135 174
car 0.0209 467 146 495 159
car 0.0209 219 120 246 133
car 0.0208 232 139 294 159
car 0.0207 471 162 500 213
car 0.0207 91 113 269 236
car 0.0206 367 136 460 163
car 0.0205 73 111 102 122
car 0.0204 355 121 373 137
car 0.0202 150 186 308 266
car 0.0202 169 147 254 217
car 0.0200 179 119 216 136
cow 0.0386 0 279 27 332
cow 0.0283 0 258 43 332
dog 0.1667 0 265 82 332
dog 0.1005 0 263 32 320
dog 0.0705 0 279 23 322
dog 0.0599 1 220 100 332
dog 0.0592 3 279 62 322
dog 0.0444 24 302 88 331
dog 0.0346 0 166 137 332
dog 0.0326 0 291 42 332
dog 0.0317 4 288 127 331
dog 0.0257 0 256 152 332
dog 0.0250 5 296 71 331
person 0.5753 227 143 284 264
person 0.3187 175 133 291 259
person 0.2509 244 142 287 231
person 0.1596 209 152 261 256
person 0.1175 482 135 497 160
person 0.0901 0 251 75 329
person 0.0892 476 136 491 158
person 0.0864 222 148 271 229
person 0.0846 0 115 131 324
person 0.0809 0 267 36 329
person 0.0803 222 204 254 265
person 0.0799 204 134 361 271
person 0.0739 232 141 287 193
person 0.0677 97 113 121 138
person 0.0663 3 198 87 330
person 0.0656 0 52 500 320
person 0.0612 255 146 281 176
person 0.0574 475 131 489 151
person 0.0556 214 163 250 222
person 0.0543 0 122 41 188
person 0.0527 0 238 26 310
person 0.0524 138 145 220 258
person 0.0516 8 275 58 324
person 0.0484 468 134 479 148
person 0.0470 228 189 264 261
person 0.0457 58 117 227 321
person 0.0427 238 167 272 242
person 0.0427 215 130 310 210
person 0.0422 0 0 190 332
person 0.0422 460 135 471 145
person 0.0422 145 163 176 219
person 0.0417 265 146 287 174
person 0.0415 430 0 463 24
person 0.0415 0 232 46 321
person 0.0411 216 107 231 134
person 0.0403 469 131 496 156
person 0.0399 465 135 484 149
person 0.0395 245 140 315 199
person 0.0387 242 147 273 169
person 0.0375 468 137 481 157
person 0.0368 184 148 248 239
person 0.0365 478 126 500 162
person 0.0364 218 145 259 201
person 0.0355 0 293 22 332
person 0.0352 4 276 29 318
person 0.0348 89 110 123 145
person 0.0348 230 163 260 211
person 0.0339 0 261 24 299
person 0.0339 208 107 225 136
person 0.0334 85 114 112 138
person 0.0334 13 285 39 317
person 0.0334 21 285 68 332
person 0.0331 0 131 25 181
person 0.0322 207 148 239 205
person 0.0311 323 150 340 176
person 0.0308 243 151 268 184
person 0.0305 243 138 299 174
person 0.0300 140 171 152 209
person 0.0291 241 154 271 204
person 0.0289 221 141 278 174
person 0.0287 317 149 336 171
person 0.0286 152 178 168 215
person 0.0286 199 106 216 137
person 0.0276 245 148 283 185
person 0.0275 234 162 258 191
person 0.0275 142 168 162 214
person 0.0272 212 180 249 247
person 0.0270 249 145 288 164
person 0.0268 212 164 236 213
person 0.0268 9 122 39 166
person 0.0268 226 165 251 198
person 0.0268 78 111 101 133
person 0.0267 487 138 500 166
person 0.0264 457 136 473 154
person 0.0262 24 285 47 315
person 0.0260 477 135 500 180
person 0.0259 337 126 348 138
person 0.0257 218 164 241 197
person 0.0249 332 151 348 178
person 0.0246 273 147 294 171
person 0.0246 264 141 340 180
person 0.0244 487 123 500 158
person 0.0240 313 147 339 179
person 0.0237 319 119 333 136
person 0.0234 325 122 338 137
person 0.0232 344 124 354 136
person 0.0231 211 158 234 194
person 0.0231 481 121 497 152
person 0.0228 0 237 21 276
person 0.0227 150 122 257 229
person 0.0226 6 114 58 175
person 0.0225 463 126 486 152
person 0.0222 213 198 273 268
person 0.0221 0 306 35 331
person 0.0220 206 148 224 177
person 0.0218 237 155 259 176
person 0.0218 14 271 38 307
person 0.0217 18 46 129 158
person 0.0211 222 238 242 267
person 0.0209 296 152 319 179
person 0.0207 306 148 327 171
person 0.0206 0 118 84 191
person 0.0205 151 174 179 234
person 0.0204 191 115 208 139
person 0.0201 210 150 232 180
person 0.0200 224 135 346 189
sheep 0.0974 0 262 26 322
sheep 0.0362 0 256 45 332
sheep 0.0226 0 280 21 332
sofa 0.0270 0 0 487 332
sofa 0.0218 190 152 301 228
