bottle 0.1138 277 0 308 62
bottle 0.0896 4 310 139 491
bottle 0.0817 14 447 52 500
bottle 0.0781 63 350 94 397
bottle 0.0728 33 448 51 497
bottle 0.0659 55 342 93 418
bottle 0.0646 56 398 81 426
bottle 0.0635 15 474 51 499
bottle 0.0609 159 377 257 448
bottle 0.0606 3 394 115 499
bottle 0.0604 17 459 42 500
bottle 0.0576 2 347 64 493
bottle 0.0550 63 347 131 423
bottle 0.0533 6 403 51 497
bottle 0.0532 292 120 312 163
bottle 0.0512 153 366 246 494
bottle 0.0507 248 1 308 67
bottle 0.0506 33 347 105 495
bottle 0.0504 166 381 202 404
bottle 0.0496 260 155 314 344
bottle 0.0490 391 0 411 72
bottle 0.0489 63 345 166 450
bottle 0.0478 11 298 207 443
bottle 0.0461 64 318 101 401
bottle 0.0460 165 374 217 401
bottle 0.0454 254 0 280 22
bottle 0.0452 116 291 148 355
bottle 0.0452 267 0 297 56
bottle 0.0451 3 278 82 476
bottle 0.0432 265 0 282 36
bottle 0.0425 56 312 110 430
bottle 0.0416 69 343 179 403
bottle 0.0384 73 332 114 409
bottle 0.0384 147 426 341 496
bottle 0.0376 3 304 56 430
bottle 0.0371 59 347 106 462
bottle 0.0367 264 0 295 22
bottle 0.0366 11 429 69 497
bottle 0.0363 48 14 310 170
bottle 0.0362 60 369 85 425
bottle 0.0357 154 424 257 492
bottle 0.0351 11 330 103 441
bottle 0.0350 47 353 63 402
bottle 0.0343 52 328 68 400
bottle 0.0336 185 2 305 73
bottle 0.0331 93 299 149 361
bottle 0.0325 62 310 131 395
bottle 0.0325 25 477 68 499
bottle 0.0323 41 337 88 401
bottle 0.0317 7 321 85 406
bottle 0.0317 176 377 255 412
bottle 0.0314 52 372 96 443
bottle 0.0313 133 345 169 368
bottle 0.0312 257 1 303 38
bottle 0.0306 271 0 287 30
bottle 0.0305 10 450 102 498
bottle 0.0303 59 355 76 401
bottle 0.0302 53 395 81 454
bottle 0.0300 27 410 87 487
bottle 0.0299 57 331 81 397
bottle 0.0296 60 377 76 415
bottle 0.0294 205 385 265 445
bottle 0.0290 157 380 221 420
bottle 0.0287 88 306 125 358
bottle 0.0286 39 348 112 413
bottle 0.0280 246 0 288 32
bottle 0.0279 1 313 30 405
bottle 0.0277 46 397 96 467
bottle 0.0277 188 376 228 399
bottle 0.0276 139 12 305 126
bottle 0.0272 123 306 145 352
bottle 0.0270 17 283 166 387
bottle 0.0269 13 468 35 500
bottle 0.0268 74 322 176 382
bottle 0.0268 43 335 66 408
bottle 0.0263 30 448 75 500
bottle 0.0263 77 397 117 493
bottle 0.0260 84 332 239 403
bottle 0.0260 274 0 299 29
bottle 0.0260 51 362 67 405
bottle 0.0258 53 387 87 430
bottle 0.0257 71 356 124 486
bottle 0.0257 110 311 125 353
bottle 0.0255 226 395 258 442
bottle 0.0254 161 362 228 399
bottle 0.0254 173 391 263 483
bottle 0.0253 146 359 220 437
bottle 0.0246 166 375 188 409
bottle 0.0246 266 0 282 18
bottle 0.0246 44 350 81 436
bottle 0.0245 109 320 163 378
bottle 0.0243 0 222 137 409
bottle 0.0242 40 374 147 497
bottle 0.0242 12 402 70 473
bottle 0.0242 116 310 136 352
bottle 0.0242 106 326 220 381
bottle 0.0240 185 443 386 500
bottle 0.0240 70 355 90 413
bottle 0.0240 62 398 103 493
bottle 0.0239 282 0 306 34
bottle 0.0239 78 294 115 378
bottle 0.0236 180 381 210 405
bottle 0.0232 122 306 174 366
bottle 0.0231 91 304 237 374
bottle 0.0231 1 473 32 500
bottle 0.0230 40 286 103 409
bottle 0.0229 25 325 63 407
bottle 0.0229 118 346 190 392
bottle 0.0229 73 333 96 390
bottle 0.0228 257 1 280 45
bottle 0.0226 1 360 37 485
bottle 0.0224 105 341 166 397
bottle 0.0224 130 342 171 384
bottle 0.0224 100 312 122 355
bottle 0.0222 135 350 175 404
bottle 0.0221 154 401 203 489
bottle 0.0221 8 438 38 498
bottle 0.0220 23 2 164 69
bottle 0.0219 19 471 92 500
bottle 0.0218 2 196 71 419
bottle 0.0218 81 351 99 393
bottle 0.0217 155 412 233 452
bottle 0.0217 71 292 145 417
bottle 0.0216 18 404 94 453
bottle 0.0216 288 291 313 342
bottle 0.0216 85 330 128 408
bottle 0.0215 128 313 211 364
bottle 0.0212 52 298 91 396
bottle 0.0211 0 269 38 412
bottle 0.0209 23 456 56 491
bottle 0.0208 291 0 309 47
bottle 0.0206 108 297 132 353
bottle 0.0205 154 446 218 500
bottle 0.0203 3 385 56 460
bottle 0.0202 158 368 192 404
bottle 0.0200 153 378 202 455
bottle 0.0200 212 408 256 443
chair 0.0372 261 156 314 347
chair 0.0226 0 265 207 434
chair 0.0218 0 1 59 43
chair 0.0205 101 0 278 48
chair 0.0203 64 0 215 53
person 0.8426 0 0 343 492
person 0.5194 102 290 400 494
person 0.3350 43 308 284 491
person 0.2959 254 276 410 500
person 0.2689 148 309 312 478
person 0.1730 136 306 274 413
person 0.1290 142 35 379 479
person 0.1205 95 275 295 445
person 0.1122 133 357 271 484
person 0.1095 13 335 165 495
person 0.1036 147 396 300 496
person 0.1020 18 166 248 500
person 0.0996 173 261 361 444
person 0.0881 144 316 251 382
person 0.0876 162 334 268 451
person 0.0741 325 280 412 484
person 0.0734 183 142 308 429
person 0.0705 201 380 412 500
person 0.0704 170 284 310 391
person 0.0702 10 13 178 444
person 0.0652 222 38 318 385
person 0.0650 79 353 221 491
person 0.0618 173 6 308 332
person 0.0617 240 146 352 449
person 0.0594 197 298 326 428
person 0.0593 0 248 135 491
person 0.0575 249 44 410 465
person 0.0564 252 306 344 481
person 0.0538 295 119 312 161
person 0.0528 251 276 399 384
person 0.0495 240 121 309 343
person 0.0493 40 395 196 496
person 0.0492 154 371 252 440
person 0.0472 154 344 250 415
person 0.0472 191 352 335 484
person 0.0461 252 1 281 20
person 0.0455 0 415 130 497
person 0.0418 68 333 176 469
person 0.0411 103 288 250 383
person 0.0394 0 0 140 56
person 0.0393 310 370 413 500
person 0.0388 214 2 311 230
person 0.0384 192 312 289 390
person 0.0369 391 0 413 76
person 0.0364 248 230 340 358
person 0.0360 375 375 411 500
person 0.0358 103 8 304 227
person 0.0356 65 230 307 393
person 0.0355 22 15 316 157
person 0.0353 231 256 316 412
person 0.0343 365 308 413 500
person 0.0342 192 376 269 448
person 0.0334 282 253 409 349
person 0.0333 86 302 212 428
person 0.0327 28 2 204 74
person 0.0325 152 335 230 388
person 0.0323 247 0 290 43
person 0.0318 1 475 37 500
person 0.0317 282 0 313 69
person 0.0313 0 455 44 500
person 0.0305 58 6 392 322
person 0.0301 232 0 286 25
person 0.0296 141 2 300 85
person 0.0295 271 422 413 498
person 0.0291 162 360 237 405
person 0.0289 206 335 303 450
person 0.0286 0 266 235 429
person 0.0283 1 0 142 297
person 0.0279 49 11 242 108
person 0.0279 161 311 224 372
person 0.0278 360 413 407 500
person 0.0274 90 142 335 458
person 0.0271 299 208 402 418
person 0.0270 0 0 63 65
person 0.0263 161 381 289 463
person 0.0263 130 326 215 377
person 0.0262 4 2 151 146
person 0.0261 269 0 280 22
person 0.0258 156 376 231 500
person 0.0257 192 237 302 371
person 0.0255 261 0 275 20
person 0.0253 185 312 237 389
person 0.0252 210 2 298 68
person 0.0251 312 285 410 354
person 0.0244 138 436 375 500
person 0.0243 288 273 388 334
person 0.0243 0 98 96 479
person 0.0242 262 172 314 353
person 0.0241 212 147 292 363
person 0.0241 249 2 325 196
person 0.0238 269 115 369 352
person 0.0237 185 360 263 407
person 0.0237 0 462 19 500
person 0.0236 144 329 225 466
person 0.0229 230 0 309 127
person 0.0228 394 40 412 75
person 0.0228 0 418 36 499
person 0.0221 258 284 322 431
person 0.0221 379 301 413 435
person 0.0220 389 417 413 500
person 0.0217 335 229 411 378
person 0.0211 301 105 403 344
person 0.0210 391 455 412 500
person 0.0208 247 0 390 292
person 0.0206 281 172 350 344
person 0.0204 124 417 250 496
person 0.0203 339 447 412 499
person 0.0200 0 0 327 94
person 0.0200 265 0 312 148
pottedplant 0.0299 182 0 310 58
pottedplant 0.0253 235 0 287 37
pottedplant 0.0216 135 6 293 70
tvmonitor 0.0694 262 158 314 338
tvmonitor 0.0531 391 0 413 78
tvmonitor 0.0235 54 3 320 110
tvmonitor 0.0229 287 121 312 182
tvmonitor 0.0223 282 158 316 310
tvmonitor 0.0205 288 164 303 200
tvmonitor 0.0204 260 174 298 299
tvmonitor 0.0202 293 161 312 267
