aeroplane 0.8871 23 114 485 252
aeroplane 0.3717 31 158 379 258
aeroplane 0.1596 30 182 238 251
aeroplane 0.0934 29 167 147 246
aeroplane 0.0756 109 188 337 255
aeroplane 0.0671 15 96 500 375
aeroplane 0.0669 160 182 233 211
aeroplane 0.0579 242 110 500 240
aeroplane 0.0556 341 106 487 209
aeroplane 0.0542 194 185 232 210
aeroplane 0.0516 63 347 124 375
aeroplane 0.0512 406 307 463 333
aeroplane 0.0506 131 179 293 237
aeroplane 0.0477 43 128 282 245
aeroplane 0.0462 180 193 225 210
aeroplane 0.0415 56 177 183 238
aeroplane 0.0414 204 188 225 210
aeroplane 0.0367 408 316 461 342
aeroplane 0.0341 157 190 228 222
aeroplane 0.0337 193 184 269 211
aeroplane 0.0328 166 168 477 256
aeroplane 0.0315 364 251 491 353
aeroplane 0.0307 33 177 117 214
aeroplane 0.0305 77 181 113 213
aeroplane 0.0301 411 303 470 323
aeroplane 0.0295 212 187 231 209
aeroplane 0.0294 19 172 289 292
aeroplane 0.0293 295 262 489 375
aeroplane 0.0292 210 188 247 205
aeroplane 0.0290 57 289 104 314
aeroplane 0.0284 17 314 137 375
aeroplane 0.0284 144 177 270 216
aeroplane 0.0281 0 267 20 304
aeroplane 0.0278 75 174 256 226
aeroplane 0.0277 427 306 463 319
aeroplane 0.0277 400 310 457 364
aeroplane 0.0270 469 272 495 296
aeroplane 0.0265 393 348 458 375
aeroplane 0.0265 21 193 143 270
aeroplane 0.0262 28 207 117 247
aeroplane 0.0260 420 302 461 316
aeroplane 0.0259 3 278 29 303
aeroplane 0.0253 381 107 473 142
aeroplane 0.0253 298 183 486 254
aeroplane 0.0244 42 254 244 364
aeroplane 0.0243 199 266 396 373
aeroplane 0.0241 420 336 464 374
aeroplane 0.0239 189 197 228 214
aeroplane 0.0234 162 193 208 211
aeroplane 0.0229 461 244 498 310
aeroplane 0.0226 167 188 219 207
aeroplane 0.0223 67 177 168 212
aeroplane 0.0222 46 212 257 267
aeroplane 0.0220 425 312 464 325
aeroplane 0.0219 189 188 240 221
aeroplane 0.0214 183 181 244 206
aeroplane 0.0212 226 187 271 205
aeroplane 0.0212 143 180 199 217
aeroplane 0.0212 27 181 102 233
aeroplane 0.0210 33 138 188 235
aeroplane 0.0208 134 214 323 268
aeroplane 0.0207 282 97 459 172
aeroplane 0.0206 151 251 335 361
aeroplane 0.0204 221 185 241 202
aeroplane 0.0203 3 268 31 292
aeroplane 0.0203 8 288 40 303
bird 0.0611 79 348 123 375
bird 0.0236 80 21 495 276
boat 0.1165 170 352 228 374
boat 0.0687 406 309 459 330
boat 0.0477 407 318 457 341
boat 0.0463 154 286 214 308
boat 0.0462 328 282 369 298
boat 0.0410 383 314 466 374
boat 0.0396 166 305 228 375
boat 0.0395 186 348 224 369
boat 0.0387 413 305 460 322
boat 0.0363 70 349 122 374
boat 0.0362 311 280 372 303
boat 0.0361 299 359 361 375
boat 0.0356 145 342 232 373
boat 0.0340 16 343 127 373
boat 0.0329 29 266 255 370
boat 0.0323 6 312 129 375
boat 0.0318 399 305 461 343
boat 0.0313 174 334 223 375
boat 0.0311 425 351 453 375
boat 0.0304 89 314 238 373
boat 0.0296 166 357 208 375
boat 0.0295 338 276 366 295
boat 0.0293 174 347 212 368
boat 0.0285 400 300 466 325
boat 0.0281 411 316 496 375
boat 0.0270 309 288 358 303
boat 0.0269 382 347 452 375
boat 0.0267 56 40 500 297
boat 0.0266 154 360 235 375
boat 0.0266 120 271 364 368
boat 0.0261 405 356 450 374
boat 0.0255 169 343 269 374
boat 0.0247 183 287 213 306
boat 0.0246 407 318 457 367
boat 0.0236 349 338 456 373
boat 0.0234 190 290 233 368
boat 0.0233 367 359 441 375
boat 0.0223 408 301 452 316
boat 0.0220 304 289 363 374
boat 0.0220 6 247 143 375
boat 0.0217 170 316 329 374
boat 0.0216 345 269 364 292
boat 0.0214 155 327 251 375
boat 0.0213 195 341 221 361
boat 0.0210 62 322 138 374
boat 0.0209 157 286 189 307
boat 0.0209 142 282 226 370
boat 0.0208 412 348 468 375
boat 0.0206 47 295 158 374
boat 0.0205 184 339 215 362
boat 0.0203 369 360 404 375
boat 0.0203 164 360 191 375
boat 0.0200 309 326 465 375
bottle 0.0347 78 349 123 375
bus 0.0449 165 359 233 375
car 0.0610 407 316 456 334
car 0.0543 406 311 455 328
car 0.0420 0 351 21 375
car 0.0359 412 321 458 339
car 0.0352 425 350 447 375
car 0.0300 302 359 366 375
car 0.0290 16 349 93 374
car 0.0286 199 350 226 374
car 0.0278 365 361 411 374
car 0.0275 183 356 241 375
car 0.0271 0 273 22 307
car 0.0265 0 357 38 375
car 0.0258 61 344 133 374
car 0.0246 411 353 457 375
car 0.0216 480 322 499 351
car 0.0212 1 282 23 321
car 0.0208 465 324 499 341
car 0.0200 17 358 76 374
person 0.0496 79 347 132 374
person 0.0489 300 360 354 374
person 0.0408 425 350 447 375
person 0.0350 471 269 494 297
person 0.0339 413 322 454 374
person 0.0333 473 250 500 298
person 0.0299 164 188 186 217
person 0.0278 95 356 139 375
person 0.0266 17 34 455 285
person 0.0265 160 187 211 216
person 0.0265 304 352 344 373
person 0.0241 106 349 132 375
person 0.0232 477 270 498 304
person 0.0213 155 181 197 225
person 0.0213 98 258 115 281
person 0.0210 75 324 124 375
person 0.0206 250 184 273 210
person 0.0202 426 337 445 370
person 0.0200 259 184 278 209
train 0.0347 16 350 128 375
train 0.0271 148 353 239 375
