bottle 0.0643 342 0 372 66
bottle 0.0439 360 1 373 47
bottle 0.0436 341 52 363 87
bottle 0.0435 346 1 371 41
bottle 0.0417 362 0 374 83
bottle 0.0384 0 14 33 36
bottle 0.0335 341 15 367 87
bottle 0.0325 353 2 374 92
bottle 0.0310 66 0 91 36
bottle 0.0285 0 0 37 26
bottle 0.0283 296 195 354 234
bottle 0.0274 274 184 348 233
bottle 0.0264 267 162 334 221
bottle 0.0260 103 228 134 258
bottle 0.0249 361 41 373 90
bottle 0.0246 344 6 363 54
bottle 0.0246 342 4 356 47
bottle 0.0237 285 156 354 238
bottle 0.0213 265 131 320 207
bottle 0.0209 311 211 352 235
bottle 0.0204 350 43 368 85
cat 0.0261 211 423 374 496
chair 0.1966 31 179 373 492
chair 0.1300 253 169 369 490
chair 0.0863 241 411 372 497
chair 0.0767 0 0 94 74
chair 0.0712 123 359 374 495
chair 0.0672 59 0 94 50
chair 0.0618 0 0 63 131
chair 0.0607 6 301 273 500
chair 0.0604 247 326 370 494
chair 0.0600 271 114 339 211
chair 0.0591 7 165 172 484
chair 0.0587 304 233 370 467
chair 0.0577 107 406 310 494
chair 0.0544 45 0 99 68
chair 0.0527 162 246 371 453
chair 0.0451 10 117 162 343
chair 0.0432 0 2 55 66
chair 0.0423 46 0 105 123
chair 0.0415 0 15 34 135
chair 0.0408 0 5 44 40
chair 0.0390 275 116 319 180
chair 0.0356 2 298 123 493
chair 0.0347 3 203 117 421
chair 0.0339 48 0 93 28
chair 0.0334 0 23 144 415
chair 0.0321 55 2 82 61
chair 0.0313 42 0 71 64
chair 0.0311 276 113 315 150
chair 0.0310 147 185 303 492
chair 0.0297 46 404 227 493
chair 0.0296 1 129 130 235
chair 0.0290 301 382 372 500
chair 0.0290 0 3 117 243
chair 0.0287 70 7 88 53
chair 0.0272 292 99 363 234
chair 0.0261 0 120 82 385
chair 0.0253 215 188 349 426
chair 0.0251 284 135 324 192
chair 0.0250 245 270 355 436
chair 0.0247 267 224 366 407
chair 0.0240 0 11 29 81
chair 0.0236 286 444 372 497
chair 0.0227 6 16 102 133
chair 0.0226 27 0 64 63
chair 0.0221 54 244 122 470
chair 0.0221 3 243 73 466
chair 0.0219 297 108 337 197
chair 0.0219 0 100 123 194
chair 0.0215 8 403 129 497
chair 0.0211 211 370 339 488
chair 0.0210 0 51 80 196
chair 0.0207 0 15 37 53
chair 0.0206 1 0 244 266
chair 0.0205 128 254 278 445
chair 0.0205 88 338 314 463
chair 0.0204 16 0 77 43
chair 0.0200 337 423 372 500
dog 0.0218 199 426 373 497
person 0.6310 20 78 362 490
person 0.2441 66 143 179 479
person 0.1899 162 96 349 465
person 0.1805 79 98 254 458
person 0.1290 247 119 367 486
person 0.1144 219 89 362 326
person 0.1133 3 0 108 140
person 0.0987 3 142 224 487
person 0.0954 86 203 166 328
person 0.0865 115 75 292 324
person 0.0790 174 79 345 209
person 0.0768 0 0 42 27
person 0.0709 61 159 165 351
person 0.0624 92 87 205 372
person 0.0595 243 104 350 233
person 0.0594 267 114 333 208
person 0.0570 22 189 142 500
person 0.0558 180 71 311 163
person 0.0530 0 0 63 113
person 0.0517 95 160 187 317
person 0.0497 0 0 65 46
person 0.0474 50 282 250 496
person 0.0471 187 66 247 142
person 0.0399 56 0 94 34
person 0.0399 2 39 135 371
person 0.0398 135 70 266 160
person 0.0391 70 195 146 433
person 0.0389 178 99 320 279
person 0.0389 116 157 222 420
person 0.0384 262 23 366 244
person 0.0374 240 118 319 181
person 0.0369 89 63 318 214
person 0.0340 275 135 345 229
person 0.0338 1 0 45 72
person 0.0338 240 64 343 188
person 0.0336 5 338 125 499
person 0.0332 118 137 222 284
person 0.0324 60 139 238 325
person 0.0300 51 333 171 496
person 0.0299 116 175 167 311
person 0.0292 64 0 132 126
person 0.0286 0 0 308 371
person 0.0270 297 90 370 250
person 0.0269 5 0 96 62
person 0.0268 284 100 374 394
person 0.0266 257 155 359 243
person 0.0266 149 157 282 363
person 0.0259 70 229 140 316
person 0.0256 265 111 316 161
person 0.0256 94 180 158 278
person 0.0255 199 164 299 430
person 0.0254 17 60 199 316
person 0.0254 120 74 234 205
person 0.0253 139 162 247 307
person 0.0251 213 131 329 211
person 0.0249 54 291 124 488
person 0.0249 106 111 197 256
person 0.0247 245 137 347 291
person 0.0245 164 94 283 230
person 0.0242 46 418 152 496
person 0.0236 111 193 331 412
person 0.0236 212 96 323 171
person 0.0235 95 227 150 301
person 0.0232 123 164 164 266
person 0.0230 210 69 254 135
person 0.0226 104 205 227 316
person 0.0219 282 4 354 190
person 0.0218 122 225 164 328
person 0.0217 0 16 30 36
person 0.0217 305 12 371 217
person 0.0214 9 0 92 33
person 0.0213 276 116 309 186
person 0.0213 28 0 150 158
person 0.0210 42 180 210 387
person 0.0204 361 48 373 93
person 0.0202 143 191 252 442
pottedplant 0.1618 276 115 296 143
pottedplant 0.0784 274 114 307 157
pottedplant 0.0751 0 0 41 31
pottedplant 0.0352 276 116 319 180
pottedplant 0.0317 273 102 296 150
pottedplant 0.0311 278 110 294 130
pottedplant 0.0255 267 110 305 141
pottedplant 0.0219 0 0 22 28
pottedplant 0.0214 254 103 328 189
sofa 0.4372 9 92 364 492
sofa 0.0691 4 112 260 377
sofa 0.0671 0 122 139 437
sofa 0.0559 5 227 273 476
sofa 0.0246 5 61 234 265
tvmonitor 0.0550 340 50 368 88
tvmonitor 0.0535 339 19 371 88
tvmonitor 0.0283 329 0 374 100
tvmonitor 0.0201 324 0 370 180
