aeroplane 0.0487 0 0 499 294
bottle 0.0612 252 223 270 250
bottle 0.0433 397 142 409 170
bottle 0.0327 239 223 255 252
bottle 0.0319 390 146 403 169
bottle 0.0276 380 146 394 167
bottle 0.0229 400 142 415 171
chair 0.6178 227 159 284 227
chair 0.6120 179 164 223 217
chair 0.4382 180 163 208 204
chair 0.3010 3 216 96 326
chair 0.2876 2 206 41 270
chair 0.2779 2 238 154 334
chair 0.2352 188 163 267 221
chair 0.2267 194 170 225 212
chair 0.2190 236 134 290 217
chair 0.2163 0 173 48 266
chair 0.1971 0 209 53 314
chair 0.1971 204 129 276 224
chair 0.1857 1 216 249 333
chair 0.1818 217 241 493 335
chair 0.1768 5 174 87 283
chair 0.1619 0 165 49 203
chair 0.1507 173 166 237 243
chair 0.1411 422 245 499 334
chair 0.1188 204 158 271 254
chair 0.1179 372 268 499 335
chair 0.1103 80 224 378 319
chair 0.1097 248 121 280 177
chair 0.1085 203 165 235 213
chair 0.1033 178 168 197 200
chair 0.1027 285 246 434 329
chair 0.0989 195 172 241 226
chair 0.0989 46 310 139 334
chair 0.0986 44 185 97 264
chair 0.0984 220 162 253 211
chair 0.0966 0 164 67 238
chair 0.0952 204 179 224 216
chair 0.0939 179 138 251 215
chair 0.0936 223 118 270 192
chair 0.0868 178 162 205 185
chair 0.0858 230 167 263 208
chair 0.0855 227 186 285 243
chair 0.0817 246 162 284 206
chair 0.0813 29 202 80 264
chair 0.0789 0 291 152 335
chair 0.0786 180 174 202 216
chair 0.0764 455 259 499 335
chair 0.0762 1 200 63 256
chair 0.0736 126 197 301 301
chair 0.0727 19 214 46 254
chair 0.0724 238 119 269 173
chair 0.0720 216 146 294 277
chair 0.0703 127 201 234 284
chair 0.0699 0 216 25 257
chair 0.0697 236 168 277 215
chair 0.0696 4 229 68 279
chair 0.0692 204 162 226 198
chair 0.0690 301 233 481 305
chair 0.0677 67 177 95 236
chair 0.0653 187 167 223 196
chair 0.0649 211 171 232 207
chair 0.0648 328 209 500 335
chair 0.0634 152 180 260 257
chair 0.0626 220 159 242 198
chair 0.0616 0 246 88 297
chair 0.0612 24 210 59 256
chair 0.0611 0 170 26 200
chair 0.0609 0 181 44 224
chair 0.0606 182 162 244 196
chair 0.0605 0 203 139 280
chair 0.0598 27 177 83 237
chair 0.0596 5 162 133 330
chair 0.0592 227 171 247 208
chair 0.0590 107 238 260 325
chair 0.0580 252 223 270 249
chair 0.0579 7 108 84 238
chair 0.0575 0 95 102 305
chair 0.0573 133 175 207 270
chair 0.0566 258 129 280 168
chair 0.0564 234 172 256 203
chair 0.0556 0 189 31 257
chair 0.0554 63 218 207 312
chair 0.0533 337 252 420 335
chair 0.0531 178 177 220 199
chair 0.0526 29 228 79 283
chair 0.0522 214 159 233 198
chair 0.0514 224 161 268 193
chair 0.0511 0 145 87 206
chair 0.0510 450 241 499 308
chair 0.0510 23 162 101 250
chair 0.0503 42 211 97 292
chair 0.0494 267 167 286 202
chair 0.0491 45 259 129 334
chair 0.0488 477 248 500 311
chair 0.0485 236 157 324 241
chair 0.0481 222 174 262 231
chair 0.0479 54 273 319 332
chair 0.0476 56 190 147 311
chair 0.0474 245 122 261 161
chair 0.0466 9 167 47 191
chair 0.0459 57 200 106 276
chair 0.0459 0 183 23 216
chair 0.0451 252 125 273 163
chair 0.0448 33 288 228 334
chair 0.0447 409 285 490 333
chair 0.0446 167 166 206 222
chair 0.0446 205 199 315 283
chair 0.0435 223 160 249 181
chair 0.0431 307 203 429 283
chair 0.0430 0 164 35 190
chair 0.0429 135 165 225 237
chair 0.0426 223 167 378 277
chair 0.0426 221 177 241 214
chair 0.0425 222 195 268 258
chair 0.0415 2 213 35 244
chair 0.0408 59 191 96 249
chair 0.0407 169 119 264 237
chair 0.0404 180 172 347 333
chair 0.0398 193 79 285 221
chair 0.0397 170 175 182 200
chair 0.0397 103 189 188 300
chair 0.0396 0 217 31 291
chair 0.0392 432 242 494 286
chair 0.0386 43 233 99 275
chair 0.0386 206 202 395 305
chair 0.0382 0 251 61 335
chair 0.0382 0 306 94 335
chair 0.0379 243 219 268 251
chair 0.0379 12 220 39 258
chair 0.0375 197 189 256 231
chair 0.0373 42 172 98 221
chair 0.0373 258 162 282 195
chair 0.0373 254 242 403 291
chair 0.0372 185 184 225 204
chair 0.0371 91 310 140 334
chair 0.0371 156 179 227 220
chair 0.0368 172 153 224 191
chair 0.0366 247 123 309 230
chair 0.0364 207 161 228 182
chair 0.0360 481 251 499 289
chair 0.0358 289 174 450 329
chair 0.0356 281 180 398 266
chair 0.0355 243 204 277 250
chair 0.0355 166 171 186 210
chair 0.0354 76 305 180 333
chair 0.0354 234 269 414 333
chair 0.0352 215 160 235 180
chair 0.0351 174 121 219 209
chair 0.0350 126 212 177 289
chair 0.0349 277 292 439 335
chair 0.0349 328 207 488 272
chair 0.0348 0 128 56 200
chair 0.0347 0 172 33 212
chair 0.0344 196 159 232 190
chair 0.0343 71 177 92 212
chair 0.0342 358 301 479 332
chair 0.0342 193 162 221 183
chair 0.0340 318 162 467 279
chair 0.0339 235 186 256 215
chair 0.0339 315 306 419 333
chair 0.0337 430 194 497 287
chair 0.0330 235 119 297 181
chair 0.0329 39 217 59 248
chair 0.0329 29 160 80 210
chair 0.0325 364 266 434 335
chair 0.0325 183 155 200 175
chair 0.0324 72 188 92 229
chair 0.0322 159 172 193 226
chair 0.0318 222 161 239 177
chair 0.0318 390 243 500 295
chair 0.0318 255 132 283 189
chair 0.0316 347 310 408 335
chair 0.0315 232 215 259 251
chair 0.0313 4 166 75 193
chair 0.0305 212 119 253 181
chair 0.0304 178 194 245 226
chair 0.0304 158 211 250 263
chair 0.0303 449 211 498 277
chair 0.0303 143 134 204 227
chair 0.0302 68 292 150 332
chair 0.0300 179 201 240 245
chair 0.0297 209 181 232 221
chair 0.0294 134 289 225 334
chair 0.0293 13 186 55 243
chair 0.0292 175 179 196 221
chair 0.0292 224 191 272 220
chair 0.0290 52 210 88 266
chair 0.0286 0 35 91 222
chair 0.0285 204 200 246 251
chair 0.0284 146 164 186 219
chair 0.0283 0 246 38 300
chair 0.0283 276 169 292 201
chair 0.0282 0 212 26 236
chair 0.0282 169 215 362 272
chair 0.0282 52 318 123 333
chair 0.0282 0 166 14 208
chair 0.0281 198 195 258 268
chair 0.0281 432 299 497 334
chair 0.0280 251 175 282 227
chair 0.0277 210 206 280 241
chair 0.0276 64 157 100 217
chair 0.0275 48 238 92 298
chair 0.0272 0 229 44 261
chair 0.0270 224 188 250 212
chair 0.0269 195 183 220 219
chair 0.0269 247 162 278 188
chair 0.0269 2 148 45 194
chair 0.0269 464 252 499 284
chair 0.0267 10 220 106 269
chair 0.0266 0 201 39 235
chair 0.0265 54 225 112 313
chair 0.0265 221 140 255 193
chair 0.0264 225 124 252 171
chair 0.0262 247 223 264 245
chair 0.0262 327 318 399 334
chair 0.0261 369 191 476 302
chair 0.0260 0 191 39 212
chair 0.0258 181 185 214 218
chair 0.0258 219 163 231 177
chair 0.0257 403 273 457 332
chair 0.0257 250 127 425 303
chair 0.0257 287 163 325 221
chair 0.0256 0 304 48 335
chair 0.0256 286 205 383 297
chair 0.0255 231 161 276 180
chair 0.0254 211 164 222 178
chair 0.0252 223 200 257 241
chair 0.0251 227 220 250 249
chair 0.0251 434 248 494 269
chair 0.0249 67 311 113 334
chair 0.0248 84 256 172 335
chair 0.0247 35 204 62 246
chair 0.0247 25 167 53 190
chair 0.0247 260 173 282 207
chair 0.0246 232 159 256 183
chair 0.0243 267 178 285 216
chair 0.0242 282 247 381 283
chair 0.0242 173 145 202 198
chair 0.0242 0 177 40 198
chair 0.0241 241 165 267 198
chair 0.0240 224 146 283 187
chair 0.0239 230 220 282 266
chair 0.0239 104 158 186 254
chair 0.0238 0 280 29 335
chair 0.0237 182 147 210 184
chair 0.0237 13 174 48 211
chair 0.0235 52 145 90 202
chair 0.0235 193 180 230 200
chair 0.0235 247 222 273 267
chair 0.0235 207 219 277 253
chair 0.0233 238 123 257 165
chair 0.0232 186 161 211 176
chair 0.0232 260 164 301 224
chair 0.0231 232 185 285 212
chair 0.0231 247 198 333 299
chair 0.0231 16 251 81 322
chair 0.0230 372 305 433 335
chair 0.0230 123 300 192 335
chair 0.0230 213 162 227 174
chair 0.0228 39 190 94 232
chair 0.0227 66 210 96 262
chair 0.0226 163 173 179 201
chair 0.0224 303 240 411 278
chair 0.0224 74 202 92 241
chair 0.0223 463 205 500 329
chair 0.0222 0 197 27 221
chair 0.0222 204 164 216 179
chair 0.0222 168 185 184 215
chair 0.0220 129 211 196 264
chair 0.0220 469 283 500 335
chair 0.0220 271 306 380 334
chair 0.0219 0 151 20 202
chair 0.0218 11 214 41 238
chair 0.0217 39 154 216 324
chair 0.0217 145 214 244 242
chair 0.0217 10 140 116 225
chair 0.0216 166 166 195 196
chair 0.0216 240 180 266 213
chair 0.0215 229 161 298 197
chair 0.0215 287 129 361 235
chair 0.0213 189 163 207 182
chair 0.0213 365 316 403 335
chair 0.0213 172 168 182 190
chair 0.0212 158 169 182 206
chair 0.0211 154 148 230 213
chair 0.0211 187 208 285 317
chair 0.0211 74 206 114 268
chair 0.0208 209 157 276 183
chair 0.0208 266 163 287 188
chair 0.0208 22 167 103 201
chair 0.0208 13 277 91 332
chair 0.0208 229 116 283 161
chair 0.0207 227 217 272 239
chair 0.0207 130 239 206 331
chair 0.0207 200 162 220 174
chair 0.0207 180 138 203 178
chair 0.0206 216 211 255 256
chair 0.0206 113 166 195 218
chair 0.0205 344 235 500 279
chair 0.0204 187 123 227 192
chair 0.0203 417 223 494 275
chair 0.0202 176 176 214 234
chair 0.0202 0 240 27 328
chair 0.0202 406 309 484 334
chair 0.0202 24 247 107 282
chair 0.0202 138 201 228 229
diningtable 0.2238 188 162 272 225
diningtable 0.1837 1 172 79 266
diningtable 0.0798 1 167 98 229
diningtable 0.0755 24 182 100 250
diningtable 0.0697 4 201 305 319
diningtable 0.0651 204 128 297 227
diningtable 0.0606 162 166 243 220
diningtable 0.0602 137 175 285 269
diningtable 0.0563 152 151 279 242
diningtable 0.0512 0 193 80 233
diningtable 0.0496 18 176 188 290
diningtable 0.0488 0 206 72 249
diningtable 0.0482 226 128 350 232
diningtable 0.0458 182 159 266 195
diningtable 0.0442 204 159 289 203
diningtable 0.0441 129 215 271 267
diningtable 0.0430 165 111 281 213
diningtable 0.0412 187 168 246 202
diningtable 0.0400 0 177 65 211
diningtable 0.0395 0 210 110 273
diningtable 0.0381 208 142 405 275
diningtable 0.0380 77 171 215 228
diningtable 0.0368 106 157 250 250
diningtable 0.0362 69 191 224 255
diningtable 0.0354 144 130 329 229
diningtable 0.0350 126 154 249 209
diningtable 0.0320 158 166 370 295
diningtable 0.0319 205 179 286 233
diningtable 0.0290 222 174 281 213
diningtable 0.0283 0 163 150 245
diningtable 0.0274 225 163 315 224
diningtable 0.0265 26 215 105 257
diningtable 0.0264 61 149 284 275
diningtable 0.0262 176 202 279 246
diningtable 0.0259 215 108 308 198
diningtable 0.0258 79 152 210 207
diningtable 0.0253 259 171 408 238
diningtable 0.0230 19 181 95 209
diningtable 0.0227 205 173 256 207
diningtable 0.0225 194 116 418 215
diningtable 0.0220 255 153 409 212
diningtable 0.0219 172 172 220 205
diningtable 0.0208 187 182 248 217
diningtable 0.0205 99 106 250 209
diningtable 0.0204 40 184 94 228
diningtable 0.0202 193 187 305 248
diningtable 0.0202 177 140 281 188
person 0.0534 0 24 437 332
person 0.0351 367 91 390 116
person 0.0305 366 95 388 130
person 0.0297 6 68 150 305
person 0.0249 375 97 398 129
person 0.0234 375 92 397 114
person 0.0213 369 92 407 137
person 0.0206 247 222 274 271
pottedplant 0.0390 227 96 295 212
pottedplant 0.0308 200 12 333 222
pottedplant 0.0286 268 35 338 162
pottedplant 0.0210 229 34 305 175
pottedplant 0.0203 201 61 273 206
sofa 0.5135 0 232 483 335
sofa 0.1828 149 240 420 330
sofa 0.1310 236 226 500 335
sofa 0.0990 7 184 312 324
sofa 0.0664 119 207 306 335
sofa 0.0561 232 238 417 304
sofa 0.0558 0 96 487 313
sofa 0.0523 108 269 355 332
sofa 0.0513 95 183 493 317
sofa 0.0437 128 292 300 335
sofa 0.0427 277 161 500 320
sofa 0.0354 124 214 409 295
sofa 0.0328 325 129 457 285
sofa 0.0266 231 142 436 283
sofa 0.0219 134 306 216 334
train 0.0231 341 5 489 178
tvmonitor 0.8088 346 87 435 148
tvmonitor 0.1780 345 53 450 97
tvmonitor 0.1363 346 59 450 137
tvmonitor 0.1072 287 69 347 144
tvmonitor 0.0929 367 93 424 140
tvmonitor 0.0906 338 84 444 198
tvmonitor 0.0873 341 104 422 169
tvmonitor 0.0821 329 36 476 152
tvmonitor 0.0738 342 136 380 161
tvmonitor 0.0684 0 166 46 190
tvmonitor 0.0632 1 86 79 198
tvmonitor 0.0601 224 119 258 173
tvmonitor 0.0496 0 156 74 199
tvmonitor 0.0491 333 133 431 171
tvmonitor 0.0449 285 107 346 149
tvmonitor 0.0418 347 69 428 99
tvmonitor 0.0410 368 85 417 102
tvmonitor 0.0387 226 96 262 123
tvmonitor 0.0385 354 81 430 106
tvmonitor 0.0371 323 101 460 268
tvmonitor 0.0365 376 85 413 97
tvmonitor 0.0346 377 89 399 99
tvmonitor 0.0335 352 89 394 145
tvmonitor 0.0334 322 67 417 140
tvmonitor 0.0332 297 79 392 151
tvmonitor 0.0329 346 59 422 87
tvmonitor 0.0320 338 144 396 177
tvmonitor 0.0316 325 91 488 158
tvmonitor 0.0308 290 93 339 138
tvmonitor 0.0290 345 138 406 167
tvmonitor 0.0288 241 122 257 164
tvmonitor 0.0284 289 115 338 137
tvmonitor 0.0281 369 78 418 96
tvmonitor 0.0276 361 88 427 116
tvmonitor 0.0269 302 85 359 135
tvmonitor 0.0263 380 142 410 169
tvmonitor 0.0256 343 124 386 168
tvmonitor 0.0255 364 92 392 112
tvmonitor 0.0253 342 113 397 157
tvmonitor 0.0250 369 89 392 99
tvmonitor 0.0250 376 80 412 91
tvmonitor 0.0247 282 125 351 157
tvmonitor 0.0242 364 85 399 97
tvmonitor 0.0241 383 84 407 94
tvmonitor 0.0235 389 88 415 99
tvmonitor 0.0234 271 83 415 176
tvmonitor 0.0230 4 133 86 193
tvmonitor 0.0229 359 94 403 131
tvmonitor 0.0226 223 95 263 151
tvmonitor 0.0225 343 142 367 167
tvmonitor 0.0224 373 58 425 97
tvmonitor 0.0222 0 131 38 193
tvmonitor 0.0221 387 146 406 166
tvmonitor 0.0220 393 92 425 136
tvmonitor 0.0218 396 143 412 162
tvmonitor 0.0218 340 147 386 168
tvmonitor 0.0215 289 125 339 139
tvmonitor 0.0214 359 94 384 125
tvmonitor 0.0206 433 162 495 279
tvmonitor 0.0205 335 91 376 147
