bicycle 0.0320 37 339 234 492
bottle 0.0308 346 375 358 415
bottle 0.0304 330 379 356 412
bottle 0.0280 316 390 352 500
car 0.0235 324 134 353 156
chair 0.0568 19 275 231 500
chair 0.0467 192 328 358 498
chair 0.0444 322 382 357 500
chair 0.0440 30 93 278 494
chair 0.0390 5 387 141 496
chair 0.0389 206 394 345 493
chair 0.0382 54 402 195 493
chair 0.0295 327 377 356 413
chair 0.0279 342 378 358 412
chair 0.0263 281 377 356 499
chair 0.0253 124 405 263 494
chair 0.0234 324 365 356 447
chair 0.0231 52 476 85 500
chair 0.0226 61 442 195 500
chair 0.0218 348 371 358 422
chair 0.0214 245 418 358 497
chair 0.0212 197 361 291 495
chair 0.0201 28 374 83 500
diningtable 0.0368 141 289 358 500
diningtable 0.0223 22 229 284 500
diningtable 0.0217 41 396 279 500
person 0.9448 42 51 239 492
person 0.9005 211 79 345 497
person 0.2206 152 136 227 496
person 0.1107 113 58 300 500
person 0.0726 136 49 246 406
person 0.0494 189 157 304 500
person 0.0493 45 49 237 224
person 0.0484 215 85 332 307
person 0.0484 104 56 237 168
person 0.0481 206 100 269 303
person 0.0480 248 212 343 500
person 0.0462 164 60 252 207
person 0.0438 210 329 348 500
person 0.0432 38 120 131 494
person 0.0424 82 213 232 495
person 0.0414 200 81 235 176
person 0.0412 185 55 230 172
person 0.0397 312 368 356 500
person 0.0393 212 88 246 177
person 0.0381 171 251 221 500
person 0.0365 293 288 351 499
person 0.0362 197 89 246 283
person 0.0359 203 87 316 209
person 0.0350 220 88 283 173
person 0.0336 202 112 276 439
person 0.0317 220 95 257 188
person 0.0307 279 138 289 184
person 0.0306 150 333 231 496
person 0.0304 266 97 357 479
person 0.0292 202 64 267 217
person 0.0280 7 217 104 491
person 0.0265 196 157 244 337
person 0.0261 156 88 237 318
person 0.0258 0 1 358 483
person 0.0249 133 44 242 135
person 0.0236 157 219 271 497
person 0.0234 168 56 295 253
person 0.0234 241 88 306 172
person 0.0228 208 271 271 499
person 0.0225 278 114 296 176
person 0.0221 214 121 246 229
person 0.0218 277 90 312 172
person 0.0217 258 86 291 173
person 0.0208 206 62 227 161
person 0.0204 291 176 355 436
person 0.0202 46 44 166 399
person 0.0200 170 152 240 409
pottedplant 0.1647 0 366 70 498
pottedplant 0.0839 0 370 33 494
pottedplant 0.0600 0 362 38 439
pottedplant 0.0532 326 392 357 500
pottedplant 0.0399 0 0 31 21
pottedplant 0.0377 0 360 55 411
pottedplant 0.0337 1 0 16 40
pottedplant 0.0324 339 416 358 500
pottedplant 0.0321 0 362 21 395
pottedplant 0.0281 8 0 70 126
pottedplant 0.0278 4 311 95 497
pottedplant 0.0261 14 391 58 493
pottedplant 0.0260 0 454 62 499
pottedplant 0.0244 6 373 63 452
pottedplant 0.0237 0 361 20 468
pottedplant 0.0236 334 456 358 500
pottedplant 0.0236 0 368 15 425
pottedplant 0.0235 0 408 19 500
pottedplant 0.0228 0 426 94 500
pottedplant 0.0226 0 2 32 45
pottedplant 0.0215 0 0 37 110
pottedplant 0.0203 0 351 27 409
pottedplant 0.0202 4 425 42 500
sofa 0.0476 95 104 358 500
train 0.0282 49 79 242 284
train 0.0257 40 52 239 193
