boat 0.0230 459 212 499 241
boat 0.0213 463 229 499 245
car 0.9305 46 66 463 328
car 0.0605 312 69 464 325
car 0.0494 159 69 452 244
car 0.0405 34 77 140 271
car 0.0345 236 72 430 144
car 0.0295 43 73 241 294
car 0.0287 46 72 385 206
car 0.0274 274 77 454 218
car 0.0262 123 73 363 139
car 0.0256 35 155 128 321
car 0.0227 44 75 164 187
car 0.0219 372 178 466 327
car 0.0218 325 65 452 160
car 0.0208 361 95 467 246
person 0.0343 43 199 58 239
tvmonitor 0.0344 24 212 445 321
tvmonitor 0.0256 113 345 483 375
