bird 0.0258 343 0 375 38
car 0.0431 341 475 375 499
car 0.0411 0 451 46 500
car 0.0382 0 450 17 498
car 0.0340 342 434 375 500
car 0.0318 357 461 375 500
car 0.0314 332 462 375 500
car 0.0303 309 452 374 498
car 0.0213 0 475 39 500
car 0.0205 360 432 375 489
cat 0.7083 0 3 371 497
cat 0.0734 2 1 111 315
cat 0.0708 1 210 128 500
cat 0.0666 0 28 166 500
cat 0.0643 4 18 68 258
cat 0.0633 197 12 370 489
cat 0.0587 0 315 222 499
cat 0.0494 245 0 372 344
cat 0.0449 249 161 372 500
cat 0.0421 3 228 77 462
cat 0.0388 0 407 234 497
cat 0.0373 246 3 371 174
cat 0.0363 0 41 86 475
cat 0.0359 26 0 373 271
cat 0.0357 37 254 375 500
cat 0.0346 7 5 234 177
cat 0.0338 124 348 375 497
cat 0.0338 97 413 250 495
cat 0.0296 0 208 83 341
cat 0.0272 223 2 371 95
cat 0.0249 0 142 80 309
cat 0.0248 129 4 374 166
cat 0.0240 307 0 374 206
cat 0.0231 1 0 81 128
cat 0.0218 10 2 165 95
cat 0.0216 288 0 375 122
cat 0.0210 43 2 276 99
cat 0.0209 145 411 346 494
cat 0.0204 84 269 254 492
dog 0.0375 103 421 242 493
dog 0.0251 338 0 375 43
dog 0.0246 272 2 375 73
dog 0.0225 0 0 78 97
dog 0.0205 14 0 160 48
person 0.0386 0 458 59 500
