aeroplane 0.0815 0 306 51 333
aeroplane 0.0252 0 209 89 270
aeroplane 0.0252 0 322 47 333
boat 0.0825 1 305 50 333
boat 0.0443 16 173 219 329
boat 0.0342 0 293 71 332
boat 0.0268 80 274 279 329
boat 0.0255 40 235 260 327
boat 0.0251 14 313 62 332
boat 0.0227 76 209 343 326
boat 0.0222 0 132 209 263
boat 0.0218 48 193 243 293
boat 0.0216 2 271 176 330
bottle 0.1660 12 5 209 305
bottle 0.1395 177 145 225 188
bottle 0.1048 0 1 181 158
bottle 0.0982 99 91 236 309
bottle 0.0972 90 3 262 210
bottle 0.0908 162 91 307 314
bottle 0.0905 174 140 244 233
bottle 0.0802 172 136 251 190
bottle 0.0791 152 117 250 294
bottle 0.0786 8 6 95 142
bottle 0.0724 162 143 226 268
bottle 0.0718 158 317 207 332
bottle 0.0687 5 2 134 53
bottle 0.0678 4 3 141 103
bottle 0.0678 5 307 47 332
bottle 0.0661 139 168 212 281
bottle 0.0653 151 21 308 236
bottle 0.0631 155 191 244 321
bottle 0.0624 163 151 399 326
bottle 0.0619 28 0 303 122
bottle 0.0589 186 99 279 208
bottle 0.0569 183 138 239 173
bottle 0.0558 182 134 274 276
bottle 0.0532 72 6 210 163
bottle 0.0525 374 36 400 76
bottle 0.0518 135 205 193 282
bottle 0.0512 177 150 206 185
bottle 0.0500 185 195 276 324
bottle 0.0491 199 140 269 184
bottle 0.0485 122 65 275 194
bottle 0.0480 130 121 218 261
bottle 0.0464 151 115 258 200
bottle 0.0460 238 118 275 186
bottle 0.0454 143 310 209 333
bottle 0.0446 222 84 289 192
bottle 0.0440 86 42 202 232
bottle 0.0421 204 45 325 214
bottle 0.0409 45 9 226 88
bottle 0.0406 27 302 51 333
bottle 0.0401 210 24 368 278
bottle 0.0399 99 5 194 113
bottle 0.0394 176 143 289 216
bottle 0.0390 34 178 66 239
bottle 0.0386 138 137 233 210
bottle 0.0377 185 273 421 329
bottle 0.0376 79 175 265 327
bottle 0.0374 168 221 480 328
bottle 0.0369 5 22 65 108
bottle 0.0369 8 2 110 34
bottle 0.0366 109 34 238 145
bottle 0.0365 0 176 36 227
bottle 0.0362 127 206 221 327
bottle 0.0362 4 36 37 106
bottle 0.0360 173 163 218 243
bottle 0.0358 181 113 334 241
bottle 0.0354 254 84 335 214
bottle 0.0351 195 148 248 201
bottle 0.0348 101 193 191 320
bottle 0.0343 185 93 242 179
bottle 0.0339 165 144 209 197
bottle 0.0334 176 142 230 164
bottle 0.0333 375 34 429 79
bottle 0.0331 203 139 237 161
bottle 0.0331 17 25 125 182
bottle 0.0317 201 116 247 178
bottle 0.0314 191 215 335 317
bottle 0.0313 223 0 252 14
bottle 0.0309 193 62 264 186
bottle 0.0308 10 6 97 75
bottle 0.0306 104 18 158 75
bottle 0.0305 126 4 271 104
bottle 0.0302 226 147 281 192
bottle 0.0297 102 36 124 65
bottle 0.0295 226 110 266 178
bottle 0.0293 103 136 194 275
bottle 0.0290 99 24 139 86
bottle 0.0289 182 175 233 268
bottle 0.0287 174 310 203 333
bottle 0.0287 37 5 142 39
bottle 0.0274 157 202 222 286
bottle 0.0266 163 158 204 231
bottle 0.0260 178 157 267 194
bottle 0.0259 107 275 307 329
bottle 0.0259 220 153 266 205
bottle 0.0256 67 200 151 323
bottle 0.0256 248 128 285 192
bottle 0.0255 134 298 225 333
bottle 0.0253 191 140 226 159
bottle 0.0253 211 237 383 327
bottle 0.0252 156 191 202 267
bottle 0.0251 385 34 412 76
bottle 0.0246 206 151 310 294
bottle 0.0246 45 2 167 70
bottle 0.0245 17 297 41 329
bottle 0.0242 133 152 198 245
bottle 0.0240 199 134 268 163
bottle 0.0240 181 147 213 173
bottle 0.0239 172 126 230 169
bottle 0.0238 192 148 217 181
bottle 0.0234 289 239 435 328
bottle 0.0234 84 2 155 97
bottle 0.0233 175 145 212 160
bottle 0.0230 238 105 307 209
bottle 0.0229 158 134 219 178
bottle 0.0229 97 12 137 63
bottle 0.0229 96 62 205 161
bottle 0.0227 184 142 216 157
bottle 0.0225 147 246 207 332
bottle 0.0224 189 214 231 279
bottle 0.0222 190 32 291 161
bottle 0.0222 282 208 381 325
bottle 0.0222 68 6 181 45
bottle 0.0222 137 250 262 331
bottle 0.0221 219 137 239 158
bottle 0.0221 233 131 349 217
bottle 0.0220 393 0 470 31
bottle 0.0218 229 53 353 159
bottle 0.0217 151 282 204 333
bottle 0.0216 32 0 100 50
bottle 0.0213 96 0 326 77
bottle 0.0213 0 42 17 117
bottle 0.0211 103 102 255 176
bottle 0.0210 141 183 188 260
bottle 0.0209 62 39 157 181
bottle 0.0208 104 11 364 152
bottle 0.0207 174 148 197 177
bottle 0.0207 102 12 187 63
bottle 0.0206 180 191 215 248
bottle 0.0205 178 165 218 187
bottle 0.0205 364 182 410 236
bottle 0.0205 208 84 246 155
bottle 0.0204 216 142 240 171
bottle 0.0203 10 53 59 119
bottle 0.0202 32 220 74 248
bottle 0.0201 199 144 232 168
bottle 0.0201 256 138 340 268
bottle 0.0200 206 149 271 227
car 0.0922 0 223 75 332
car 0.0700 0 170 75 277
car 0.0597 0 299 55 333
car 0.0571 0 222 78 273
car 0.0554 0 276 69 332
car 0.0478 30 229 77 266
car 0.0474 0 314 48 332
car 0.0459 0 32 21 74
car 0.0421 0 199 37 257
car 0.0417 1 243 46 333
car 0.0358 11 192 151 328
car 0.0352 0 197 54 304
car 0.0342 0 43 22 103
car 0.0302 0 208 21 248
car 0.0265 0 231 41 282
car 0.0233 36 244 76 266
car 0.0219 6 238 72 285
car 0.0202 0 324 42 333
chair 0.1555 8 6 217 321
chair 0.1446 59 61 500 328
chair 0.0969 1 175 73 270
chair 0.0801 1 2 121 267
chair 0.0737 0 31 371 266
chair 0.0692 109 103 363 319
chair 0.0656 33 195 74 267
chair 0.0579 2 241 67 333
chair 0.0555 36 108 234 292
chair 0.0550 1 273 50 332
chair 0.0538 6 303 48 333
chair 0.0524 1 95 88 286
chair 0.0500 1 172 44 245
chair 0.0482 0 131 52 260
chair 0.0473 166 187 492 332
chair 0.0472 304 154 499 331
chair 0.0471 3 168 87 331
chair 0.0465 5 46 82 214
chair 0.0463 34 47 175 252
chair 0.0461 74 56 264 251
chair 0.0360 1 199 46 271
chair 0.0355 34 233 76 267
chair 0.0352 0 82 234 223
chair 0.0348 35 179 65 237
chair 0.0346 2 128 152 264
chair 0.0344 0 301 81 332
chair 0.0327 293 67 483 281
chair 0.0327 23 164 265 333
chair 0.0325 96 119 177 228
chair 0.0318 0 29 49 176
chair 0.0305 0 77 50 223
chair 0.0304 25 180 90 273
chair 0.0297 416 237 500 333
chair 0.0295 4 75 133 188
chair 0.0293 13 218 159 330
chair 0.0292 0 279 107 332
chair 0.0291 109 138 195 253
chair 0.0288 0 170 41 309
chair 0.0280 46 152 179 322
chair 0.0277 0 26 87 119
chair 0.0276 18 295 56 332
chair 0.0258 10 167 59 232
chair 0.0250 28 254 74 332
chair 0.0250 84 98 158 212
chair 0.0246 0 26 27 132
chair 0.0245 15 187 121 294
chair 0.0243 207 116 451 306
chair 0.0235 445 165 500 333
chair 0.0232 0 198 34 248
chair 0.0231 14 223 68 274
chair 0.0228 66 159 153 282
chair 0.0226 266 235 492 328
chair 0.0226 0 161 90 239
chair 0.0220 6 70 66 169
chair 0.0212 0 52 182 156
chair 0.0211 1 212 87 282
chair 0.0210 380 55 500 308
chair 0.0209 0 178 25 265
chair 0.0206 44 87 172 187
chair 0.0201 3 57 103 150
diningtable 0.0845 0 25 383 323
diningtable 0.0655 75 95 500 333
diningtable 0.0394 0 160 301 324
diningtable 0.0372 0 14 225 150
diningtable 0.0369 0 58 234 202
diningtable 0.0350 55 210 427 332
diningtable 0.0324 9 113 261 251
diningtable 0.0304 41 93 298 212
diningtable 0.0243 115 140 358 276
diningtable 0.0226 40 35 293 174
diningtable 0.0210 122 260 457 333
diningtable 0.0200 107 66 345 192
diningtable 0.0200 168 120 427 243
person 0.7129 52 0 494 329
person 0.2799 18 3 288 311
person 0.2603 396 0 500 275
person 0.1989 379 0 490 115
person 0.1869 221 9 455 302
person 0.1509 315 14 497 320
person 0.1401 3 0 164 250
person 0.1229 289 0 485 127
person 0.1107 394 0 485 64
person 0.1074 115 19 334 282
person 0.0860 210 0 432 147
person 0.0766 0 30 25 101
person 0.0708 385 6 454 81
person 0.0664 33 0 455 184
person 0.0658 422 15 492 164
person 0.0624 4 3 81 111
person 0.0583 333 0 473 75
person 0.0582 6 1 90 51
person 0.0571 0 317 45 331
person 0.0545 430 204 497 333
person 0.0531 409 95 500 333
person 0.0528 3 25 38 94
person 0.0527 413 14 477 109
person 0.0511 187 1 359 201
person 0.0501 3 229 80 331
person 0.0500 24 0 251 180
person 0.0496 129 205 197 312
person 0.0460 227 1 426 74
person 0.0452 269 170 490 331
person 0.0447 375 0 431 71
person 0.0443 0 33 21 76
person 0.0443 2 5 46 71
person 0.0439 6 126 154 327
person 0.0434 340 10 472 176
person 0.0420 0 15 47 126
person 0.0411 372 26 462 98
person 0.0408 109 1 396 120
person 0.0401 134 309 208 332
person 0.0397 475 0 500 67
person 0.0392 393 0 480 34
person 0.0391 221 0 257 13
person 0.0391 428 0 500 95
person 0.0389 389 28 438 83
person 0.0387 152 219 192 274
person 0.0383 220 0 322 112
person 0.0378 306 0 419 103
person 0.0356 33 181 70 249
person 0.0348 0 309 27 333
person 0.0348 25 192 109 326
person 0.0337 395 25 469 137
person 0.0331 133 283 299 331
person 0.0328 445 0 500 49
person 0.0327 52 110 239 333
person 0.0324 10 13 63 78
person 0.0314 392 0 443 45
person 0.0313 0 175 34 241
person 0.0307 381 49 475 223
person 0.0305 159 308 243 333
person 0.0302 364 6 407 70
person 0.0297 0 154 35 215
person 0.0289 0 2 135 68
person 0.0280 0 19 28 156
person 0.0278 382 186 483 333
person 0.0278 67 216 228 328
person 0.0277 12 288 51 333
person 0.0268 403 35 454 95
person 0.0268 49 175 179 329
person 0.0268 434 31 483 101
person 0.0266 138 229 217 333
person 0.0260 4 0 50 38
person 0.0259 301 65 437 253
person 0.0256 217 3 363 58
person 0.0250 467 0 498 43
person 0.0249 119 300 247 332
person 0.0248 387 38 467 76
person 0.0245 62 232 136 331
person 0.0242 132 0 310 166
person 0.0240 108 273 223 333
person 0.0234 261 61 390 246
person 0.0234 221 0 291 14
person 0.0233 454 244 497 333
person 0.0233 0 52 22 126
person 0.0232 0 15 23 64
person 0.0229 5 0 80 27
person 0.0229 394 0 490 18
person 0.0228 384 120 476 286
person 0.0228 0 323 33 333
person 0.0226 222 0 267 22
person 0.0224 423 47 467 121
person 0.0223 153 0 331 65
person 0.0220 368 26 403 80
person 0.0211 219 0 325 28
person 0.0210 271 38 451 174
person 0.0209 3 8 36 47
person 0.0207 461 10 500 95
person 0.0206 4 57 37 139
person 0.0201 430 58 491 224
person 0.0201 221 0 244 21
tvmonitor 0.0317 0 42 22 109
tvmonitor 0.0245 0 253 38 324
tvmonitor 0.0221 0 54 35 100
tvmonitor 0.0203 0 64 22 97
