bird 0.0219 4 137 76 202
bird 0.0217 348 5 497 111
cat 0.0308 6 130 109 230
cat 0.0245 203 244 284 375
cat 0.0239 284 192 500 375
chair 0.0645 330 30 495 375
chair 0.0264 303 250 496 356
dog 0.8496 9 19 328 374
dog 0.2065 189 19 338 322
dog 0.0974 5 128 179 373
dog 0.0804 143 0 457 375
dog 0.0643 323 0 418 15
dog 0.0638 190 23 334 159
dog 0.0575 8 144 93 300
dog 0.0502 173 116 325 373
dog 0.0464 288 6 499 375
dog 0.0405 0 203 281 375
dog 0.0368 217 217 316 375
dog 0.0364 5 190 94 370
dog 0.0339 276 0 358 29
dog 0.0320 293 0 393 20
dog 0.0319 173 255 218 326
dog 0.0314 48 19 331 147
dog 0.0312 11 115 248 249
dog 0.0291 140 226 333 373
dog 0.0289 337 5 495 120
dog 0.0288 208 17 369 107
dog 0.0286 6 130 135 228
dog 0.0268 164 246 226 367
dog 0.0245 152 20 297 101
dog 0.0238 10 15 210 289
dog 0.0228 194 9 455 125
dog 0.0216 243 93 439 375
dog 0.0216 6 80 94 217
dog 0.0216 41 95 250 350
dog 0.0214 263 0 436 36
dog 0.0208 8 30 134 209
dog 0.0208 10 41 272 196
dog 0.0207 271 2 370 47
dog 0.0206 206 12 440 228
dog 0.0204 111 27 326 226
person 0.0617 333 118 490 366
person 0.0411 336 0 430 13
person 0.0311 317 258 493 369
person 0.0303 205 246 285 374
person 0.0275 354 15 492 314
person 0.0274 0 0 68 129
person 0.0270 253 256 319 375
person 0.0261 397 97 494 344
person 0.0239 5 14 145 231
person 0.0233 1 136 76 292
person 0.0217 272 10 456 97
person 0.0207 359 4 494 118
person 0.0201 410 214 497 363
person 0.0201 339 1 421 24
pottedplant 0.0204 0 0 40 60
pottedplant 0.0200 0 0 71 113
sheep 0.0251 1 0 74 103
sheep 0.0216 4 1 116 61
sofa 0.0320 24 40 492 375
