cat 0.8079 162 117 349 342
cat 0.0477 176 114 342 235
cat 0.0391 147 225 353 344
cat 0.0319 169 121 311 176
cat 0.0318 82 111 289 342
cat 0.0292 137 63 457 343
cat 0.0275 154 120 273 223
cat 0.0251 255 148 365 331
cat 0.0233 206 120 304 154
chair 0.0455 82 42 500 375
chair 0.0387 290 133 486 358
chair 0.0286 0 267 295 362
chair 0.0254 9 152 179 285
chair 0.0248 28 29 339 350
chair 0.0236 160 0 401 327
chair 0.0229 249 236 500 359
chair 0.0209 9 170 250 354
diningtable 0.0463 2 77 479 354
diningtable 0.0276 187 148 469 346
diningtable 0.0241 58 104 348 271
diningtable 0.0218 38 155 304 338
sofa 0.0456 18 23 500 349
