bird 0.0245 92 269 186 375
bottle 0.0221 103 136 202 268
bottle 0.0210 358 288 473 370
cat 0.6766 119 127 425 372
cat 0.2007 40 72 333 375
cat 0.1566 135 126 351 277
cat 0.1199 230 148 469 363
cat 0.0880 81 244 392 371
cat 0.0683 138 128 276 245
cat 0.0575 129 158 250 266
cat 0.0514 113 89 257 274
cat 0.0484 219 132 411 266
cat 0.0465 102 144 267 361
cat 0.0414 326 190 477 355
cat 0.0379 283 188 416 374
cat 0.0354 0 216 291 375
cat 0.0321 97 225 193 371
cat 0.0315 74 301 275 370
cat 0.0304 155 117 310 194
cat 0.0296 125 116 239 208
cat 0.0291 168 171 416 301
cat 0.0284 264 85 488 305
cat 0.0277 184 155 329 258
cat 0.0264 149 110 417 230
cat 0.0256 136 127 217 186
cat 0.0250 143 197 284 272
cat 0.0247 299 254 393 372
cat 0.0234 293 130 423 231
cat 0.0233 346 194 419 296
cat 0.0228 215 117 389 193
cat 0.0227 292 168 424 280
cat 0.0212 175 233 266 269
cat 0.0212 195 299 394 370
cat 0.0205 106 145 213 258
chair 0.0549 56 13 500 329
chair 0.0332 93 12 432 163
chair 0.0294 179 0 385 249
chair 0.0286 254 0 441 244
chair 0.0251 328 2 491 296
chair 0.0244 349 174 500 222
chair 0.0219 79 131 300 263
chair 0.0217 12 130 223 371
chair 0.0215 334 131 500 375
chair 0.0214 2 251 219 372
chair 0.0208 333 171 500 284
chair 0.0202 342 0 447 203
diningtable 0.0244 0 150 420 375
diningtable 0.0208 163 36 476 191
dog 0.0204 221 313 399 372
dog 0.0201 235 191 397 260
person 0.5401 12 4 334 369
person 0.1160 125 15 457 369
person 0.1003 6 0 249 214
person 0.0895 339 172 498 366
person 0.0882 128 72 345 338
person 0.0673 0 93 231 364
person 0.0464 2 0 159 136
person 0.0452 182 154 500 363
person 0.0447 75 0 207 187
person 0.0446 3 0 495 246
person 0.0427 25 8 374 159
person 0.0408 102 27 244 270
person 0.0381 341 200 443 351
person 0.0376 1 1 90 57
person 0.0365 286 122 478 289
person 0.0358 123 7 220 154
person 0.0353 0 0 135 272
person 0.0329 44 2 121 55
person 0.0267 336 162 498 234
person 0.0266 120 0 273 187
person 0.0265 334 161 443 299
person 0.0258 90 114 230 253
person 0.0255 320 129 455 223
person 0.0254 263 240 492 372
person 0.0253 297 115 422 207
person 0.0251 329 0 467 216
person 0.0250 0 0 82 19
person 0.0249 325 55 486 340
person 0.0249 425 198 498 338
person 0.0243 10 0 136 83
person 0.0237 10 222 194 375
person 0.0235 130 96 228 221
person 0.0234 2 0 81 127
person 0.0233 22 1 111 37
person 0.0229 339 267 492 363
person 0.0222 0 1 48 64
person 0.0217 351 235 419 360
person 0.0217 359 177 497 217
person 0.0210 368 173 500 289
person 0.0209 99 61 198 226
person 0.0205 65 0 155 102
person 0.0203 47 0 97 28
person 0.0202 365 230 418 293
person 0.0202 362 244 471 336
sofa 0.0292 48 139 500 375
tvmonitor 0.0207 425 184 498 320
