aeroplane 0.0254 72 268 90 291
car 0.0359 4 280 42 300
car 0.0323 2 264 17 302
car 0.0305 9 270 30 298
car 0.0298 11 277 43 294
car 0.0293 4 248 33 298
car 0.0250 0 261 43 302
car 0.0208 0 254 23 306
person 0.0790 114 75 129 112
person 0.0436 222 74 239 109
person 0.0374 113 74 135 126
person 0.0356 2 257 18 298
person 0.0346 117 76 134 100
person 0.0330 9 259 29 294
person 0.0325 117 80 128 95
person 0.0324 112 78 124 118
person 0.0314 251 68 278 105
person 0.0295 253 185 270 233
person 0.0282 467 222 495 252
person 0.0270 217 74 233 115
person 0.0268 226 75 246 103
person 0.0267 272 201 286 251
person 0.0265 277 213 292 258
person 0.0264 0 246 24 303
person 0.0263 112 73 142 153
person 0.0261 285 223 302 263
person 0.0255 290 224 309 266
person 0.0252 479 214 499 252
person 0.0252 0 257 7 304
person 0.0244 225 77 238 95
person 0.0243 191 112 210 151
person 0.0239 236 74 253 106
person 0.0238 292 142 308 184
person 0.0236 219 73 242 127
person 0.0235 67 269 85 290
person 0.0231 16 267 35 293
person 0.0229 435 228 449 256
person 0.0226 71 272 83 285
person 0.0224 112 79 123 100
person 0.0221 275 196 292 240
person 0.0220 462 223 484 252
person 0.0218 245 69 267 103
person 0.0211 256 191 280 251
person 0.0209 270 139 285 175
person 0.0209 60 267 73 292
person 0.0209 121 79 134 94
person 0.0208 438 229 457 255
person 0.0204 288 138 301 176
person 0.0202 271 195 296 263
person 0.0200 293 133 307 171
person 0.0200 74 273 82 282
person 0.0200 451 225 476 252
person 0.0200 253 174 270 214
pottedplant 0.0375 343 0 494 239
pottedplant 0.0249 394 0 499 178
pottedplant 0.0208 367 0 486 97
train 0.9017 95 27 358 307
train 0.0646 71 156 358 300
train 0.0499 74 147 160 300
train 0.0491 2 233 41 299
train 0.0435 86 58 237 299
train 0.0416 118 37 365 190
train 0.0344 103 42 249 172
train 0.0290 234 65 354 275
train 0.0263 37 35 500 375
train 0.0258 127 40 277 270
train 0.0238 168 55 342 244
train 0.0232 55 16 182 305
train 0.0223 0 231 17 307
train 0.0221 88 52 205 215
train 0.0212 184 22 472 301
train 0.0203 2 236 20 285
