aeroplane 0.0497 0 0 375 453
aeroplane 0.0310 62 44 375 254
bicycle 0.0972 0 337 85 497
bicycle 0.0764 243 375 375 486
bicycle 0.0750 221 254 375 494
bicycle 0.0603 219 420 371 495
bicycle 0.0522 161 353 375 496
bicycle 0.0343 207 205 271 274
bicycle 0.0279 0 354 46 404
bicycle 0.0267 4 322 206 494
bicycle 0.0267 211 208 269 243
bicycle 0.0262 0 211 52 378
bird 0.3749 99 145 226 472
bird 0.0795 78 87 242 322
bird 0.0752 71 51 269 463
bird 0.0640 97 456 176 499
bird 0.0598 5 364 128 479
bird 0.0593 182 474 265 500
bird 0.0560 104 208 202 400
bird 0.0520 0 338 45 400
bird 0.0472 192 479 243 498
bird 0.0466 165 216 221 396
bird 0.0460 112 202 207 313
bird 0.0355 18 132 219 361
bird 0.0343 165 330 231 482
bird 0.0340 0 390 221 500
bird 0.0330 128 462 172 500
bird 0.0321 153 485 227 500
bird 0.0308 4 67 213 492
bird 0.0302 0 365 55 419
bird 0.0299 159 472 217 500
bird 0.0295 164 436 240 485
bird 0.0286 107 215 173 299
bird 0.0277 44 40 375 251
bird 0.0271 358 259 375 338
bird 0.0266 129 217 167 257
bird 0.0264 4 444 204 500
bird 0.0254 73 453 234 500
bird 0.0254 52 65 278 207
bird 0.0252 108 277 270 483
bird 0.0250 186 273 211 296
bird 0.0250 152 416 326 488
bird 0.0238 0 381 36 450
bird 0.0237 108 440 172 488
bird 0.0231 180 458 245 497
bird 0.0230 111 404 236 493
bird 0.0227 105 171 208 272
bird 0.0223 357 299 375 336
bird 0.0219 0 358 31 404
bird 0.0218 51 414 210 486
bird 0.0218 200 358 225 386
bird 0.0208 0 454 44 500
bird 0.0207 141 476 193 500
bird 0.0203 155 253 221 468
boat 0.0405 0 48 375 457
boat 0.0270 0 0 375 244
boat 0.0200 23 51 244 213
bottle 0.0381 112 461 175 500
bottle 0.0370 28 442 127 499
bottle 0.0304 122 149 200 200
bottle 0.0280 317 226 331 272
bottle 0.0253 262 272 294 297
bottle 0.0236 153 209 167 243
bottle 0.0229 122 210 185 256
bottle 0.0223 133 473 173 499
bottle 0.0213 315 218 334 291
bottle 0.0208 147 211 164 251
bottle 0.0207 252 229 313 292
bottle 0.0207 146 209 199 248
car 0.0266 212 212 242 232
car 0.0222 208 207 267 240
car 0.0220 244 155 268 169
car 0.0218 213 153 236 168
car 0.0204 198 272 227 296
cat 0.0585 151 477 231 500
cat 0.0516 165 482 218 497
cat 0.0423 116 460 174 500
cat 0.0339 0 8 328 384
cat 0.0260 128 471 205 500
cat 0.0243 157 480 196 499
chair 0.1510 0 338 41 500
chair 0.0779 8 424 117 499
chair 0.0585 0 401 65 500
chair 0.0480 262 271 361 474
chair 0.0473 0 393 154 496
chair 0.0418 318 281 373 482
chair 0.0384 0 352 78 476
chair 0.0377 0 372 48 456
chair 0.0353 342 300 375 485
chair 0.0332 0 154 113 452
chair 0.0316 213 209 268 269
chair 0.0297 0 444 55 499
chair 0.0289 0 164 65 388
chair 0.0274 0 354 60 425
chair 0.0256 0 273 174 498
chair 0.0254 247 234 334 437
chair 0.0250 264 179 279 227
chair 0.0246 206 181 272 251
chair 0.0240 34 456 102 498
chair 0.0229 0 257 81 500
chair 0.0224 102 226 271 485
chair 0.0221 12 194 95 396
chair 0.0221 235 203 286 278
chair 0.0210 295 332 357 496
chair 0.0210 354 324 375 448
chair 0.0209 325 165 375 314
chair 0.0208 231 192 271 263
chair 0.0202 23 329 118 475
chair 0.0201 0 28 365 500
cow 0.0282 0 125 202 393
diningtable 0.0605 118 300 370 496
diningtable 0.0353 0 311 203 493
diningtable 0.0326 164 398 375 500
diningtable 0.0298 34 160 220 430
diningtable 0.0249 240 247 375 433
diningtable 0.0236 249 331 375 460
dog 0.4269 99 162 226 475
dog 0.1303 225 474 293 500
dog 0.0857 163 478 248 500
dog 0.0749 9 301 209 480
dog 0.0688 124 168 220 339
dog 0.0648 194 457 308 498
dog 0.0614 139 235 233 480
dog 0.0612 0 338 43 500
dog 0.0610 88 363 219 473
dog 0.0601 153 460 263 498
dog 0.0597 92 455 178 500
dog 0.0554 158 474 314 500
dog 0.0549 108 471 259 500
dog 0.0480 158 485 228 500
dog 0.0380 223 445 375 500
dog 0.0361 65 411 248 496
dog 0.0353 171 469 219 497
dog 0.0330 88 324 261 496
dog 0.0312 189 467 238 498
dog 0.0311 20 374 167 474
dog 0.0298 48 451 255 500
dog 0.0276 4 342 124 462
dog 0.0275 150 211 233 368
dog 0.0269 117 457 220 495
dog 0.0256 358 296 375 337
dog 0.0253 0 363 48 414
dog 0.0230 135 430 253 492
dog 0.0222 136 378 260 470
dog 0.0218 171 255 219 322
horse 0.0289 176 422 375 500
person 0.8602 254 159 366 484
person 0.5692 102 142 216 471
person 0.3630 167 165 350 485
person 0.2874 247 189 320 462
person 0.2398 286 448 373 500
person 0.2375 0 324 45 405
person 0.2122 0 326 44 500
person 0.1596 114 142 224 324
person 0.1312 312 222 372 481
person 0.1170 229 468 292 500
person 0.1110 327 452 374 500
person 0.1103 3 346 114 490
person 0.1091 160 151 222 308
person 0.1064 315 171 370 377
person 0.0936 96 113 309 485
person 0.0863 0 211 41 466
person 0.0804 244 451 336 497
person 0.0732 253 461 307 500
person 0.0731 224 478 269 499
person 0.0719 254 477 293 500
person 0.0702 276 276 355 494
person 0.0687 0 308 67 435
person 0.0683 142 145 270 381
person 0.0682 193 474 274 500
person 0.0675 0 258 50 400
person 0.0663 184 297 364 497
person 0.0654 349 457 375 500
person 0.0634 0 331 21 396
person 0.0615 25 439 119 498
person 0.0597 17 136 170 465
person 0.0570 210 460 300 496
person 0.0562 107 146 217 244
person 0.0557 181 194 222 301
person 0.0552 294 451 339 497
person 0.0527 257 417 369 500
person 0.0522 309 385 375 500
person 0.0521 0 236 80 496
person 0.0492 0 326 34 376
person 0.0490 218 432 346 497
person 0.0488 275 435 331 494
person 0.0475 152 201 275 495
person 0.0474 84 453 180 500
person 0.0466 307 455 356 498
person 0.0456 164 188 221 374
person 0.0454 42 133 237 376
person 0.0446 344 391 374 499
person 0.0429 293 169 370 276
person 0.0428 221 472 255 496
person 0.0426 252 201 328 342
person 0.0424 204 186 294 424
person 0.0414 142 142 213 216
person 0.0392 268 476 303 500
person 0.0389 205 468 244 498
person 0.0382 248 433 303 493
person 0.0374 0 22 375 447
person 0.0370 97 442 170 485
person 0.0355 243 313 309 492
person 0.0355 0 321 18 366
person 0.0353 264 447 321 485
person 0.0349 172 165 259 305
person 0.0348 115 127 295 293
person 0.0348 209 156 340 384
person 0.0343 326 458 349 500
person 0.0335 324 199 367 316
person 0.0332 252 224 301 385
person 0.0332 240 172 313 308
person 0.0327 202 267 306 486
person 0.0324 128 201 208 294
person 0.0324 126 143 197 189
person 0.0323 44 434 178 495
person 0.0319 5 265 145 500
person 0.0317 244 471 278 498
person 0.0316 156 409 361 495
person 0.0315 252 174 352 283
person 0.0304 266 466 288 500
person 0.0302 338 460 360 500
person 0.0302 121 150 354 344
person 0.0301 337 321 375 497
person 0.0297 248 224 282 317
person 0.0295 162 433 301 496
person 0.0290 288 459 321 499
person 0.0289 164 297 226 471
person 0.0285 256 371 333 500
person 0.0284 277 170 346 245
person 0.0284 0 322 29 348
person 0.0280 9 294 96 453
person 0.0279 303 425 361 491
person 0.0277 0 282 21 372
person 0.0273 174 164 215 270
person 0.0273 112 191 199 263
person 0.0273 126 357 349 488
person 0.0272 344 209 374 326
person 0.0271 0 290 42 368
person 0.0269 191 368 307 482
person 0.0269 288 440 341 481
person 0.0268 204 178 292 297
person 0.0268 168 450 375 500
person 0.0265 0 346 36 390
person 0.0264 314 169 354 255
person 0.0264 154 156 272 258
person 0.0261 0 302 17 347
person 0.0259 303 452 324 495
person 0.0259 1 371 208 500
person 0.0258 292 171 351 222
person 0.0256 245 201 304 285
person 0.0255 316 457 338 500
person 0.0254 296 451 332 479
person 0.0253 325 171 367 265
person 0.0250 157 143 218 188
person 0.0249 237 472 260 500
person 0.0243 354 472 375 499
person 0.0241 179 200 248 383
person 0.0239 149 218 217 307
person 0.0238 325 238 364 360
person 0.0236 268 451 301 474
person 0.0235 266 295 327 477
person 0.0232 316 441 374 484
person 0.0231 196 212 228 301
person 0.0231 294 414 328 489
person 0.0231 185 458 250 497
person 0.0230 215 469 236 499
person 0.0229 172 437 252 486
person 0.0227 298 444 330 468
person 0.0225 305 173 340 269
person 0.0223 151 207 185 293
person 0.0222 341 173 373 284
person 0.0222 241 211 282 275
person 0.0221 275 465 337 500
person 0.0220 186 186 218 256
person 0.0218 0 345 29 430
person 0.0216 93 435 223 492
person 0.0216 313 213 359 295
person 0.0215 141 149 199 274
person 0.0215 277 469 311 500
person 0.0214 152 201 218 255
person 0.0210 201 439 286 489
person 0.0209 86 412 205 480
person 0.0204 336 221 374 376
person 0.0204 9 334 45 379
person 0.0201 183 198 197 244
person 0.0201 0 225 33 349
person 0.0201 0 356 18 405
person 0.0200 174 236 214 331
person 0.0200 300 470 344 499
pottedplant 0.0646 110 459 175 500
sheep 0.2354 96 200 220 464
sheep 0.1526 0 362 40 500
sheep 0.0436 0 145 231 462
sheep 0.0413 52 310 252 483
sheep 0.0357 0 432 46 500
sheep 0.0337 0 407 29 500
sheep 0.0268 169 480 212 499
sheep 0.0240 120 246 212 383
sheep 0.0215 0 385 36 459
sheep 0.0209 96 267 171 477
sofa 0.0688 112 161 375 482
sofa 0.0649 199 268 375 496
sofa 0.0487 21 188 245 472
sofa 0.0486 0 85 335 485
sofa 0.0207 231 184 375 434
train 0.0284 96 61 375 186
train 0.0252 38 0 303 467
train 0.0224 5 0 375 177
train 0.0214 227 442 375 500
train 0.0208 113 98 309 191
