bird 0.0805 69 258 449 361
bird 0.0272 173 276 419 354
bird 0.0235 98 278 326 356
bottle 0.0214 131 47 146 83
bottle 0.0206 128 39 149 89
car 0.0445 100 75 148 91
car 0.0286 0 47 30 110
car 0.0267 4 47 85 108
car 0.0247 116 73 151 89
car 0.0233 81 73 153 94
car 0.0214 125 75 155 91
car 0.0208 0 0 99 106
cat 0.8210 1 3 490 368
cat 0.1214 5 210 468 368
cat 0.0518 340 0 494 259
cat 0.0467 121 266 430 357
cat 0.0424 0 102 155 374
cat 0.0366 192 8 493 285
cat 0.0361 7 15 235 355
cat 0.0311 412 91 497 253
cat 0.0308 315 128 500 352
cat 0.0291 279 221 500 375
cat 0.0287 1 258 337 369
cat 0.0272 7 208 100 375
cat 0.0257 1 214 205 375
cat 0.0236 199 209 436 356
cat 0.0235 206 4 495 132
cat 0.0231 0 300 181 373
cat 0.0230 354 124 497 259
cat 0.0226 410 0 498 108
cat 0.0209 0 0 208 154
cat 0.0206 7 118 87 281
cat 0.0203 0 0 430 181
person 0.0294 0 8 18 44
person 0.0286 124 74 148 89
person 0.0264 132 65 145 85
person 0.0231 133 73 154 89
person 0.0210 0 8 10 49
pottedplant 0.0261 163 65 197 82
pottedplant 0.0244 343 125 500 361
pottedplant 0.0221 417 182 500 342
pottedplant 0.0201 150 67 191 84
sheep 0.0283 113 238 436 361
tvmonitor 0.0372 0 51 30 109
tvmonitor 0.0340 9 1 210 104
tvmonitor 0.0244 1 31 158 115
tvmonitor 0.0232 97 73 148 92
tvmonitor 0.0215 0 0 158 276
