bottle 0.4811 162 262 197 335
bottle 0.2300 161 266 181 333
bottle 0.1846 177 269 199 324
bottle 0.1523 157 225 210 333
bottle 0.0795 151 260 204 360
bottle 0.0738 160 298 177 337
bottle 0.0645 159 264 178 307
bottle 0.0542 163 263 186 309
bottle 0.0530 186 236 214 276
bottle 0.0521 173 297 195 334
bottle 0.0490 175 263 195 308
bottle 0.0482 167 227 211 277
bottle 0.0435 162 215 249 330
bottle 0.0427 185 271 204 314
bottle 0.0423 165 316 198 336
bottle 0.0410 0 0 41 36
bottle 0.0400 158 291 193 336
bottle 0.0389 158 274 169 313
bottle 0.0388 165 234 202 299
bottle 0.0379 180 237 203 274
bottle 0.0375 152 241 187 322
bottle 0.0369 156 215 228 287
bottle 0.0365 175 242 206 319
bottle 0.0340 113 255 200 347
bottle 0.0334 180 260 200 289
bottle 0.0304 162 286 212 341
bottle 0.0295 181 309 199 336
bottle 0.0270 236 215 288 235
bottle 0.0261 158 288 170 331
bottle 0.0254 178 255 203 278
bottle 0.0252 170 264 197 284
bottle 0.0245 183 248 227 320
bottle 0.0241 174 243 196 275
bottle 0.0241 193 238 218 268
bottle 0.0240 184 287 203 324
bottle 0.0237 96 0 138 21
bottle 0.0226 187 261 207 300
bottle 0.0223 177 259 194 280
bottle 0.0215 174 225 239 277
bottle 0.0214 130 266 173 338
bottle 0.0213 188 255 208 285
bottle 0.0211 153 304 208 355
bottle 0.0206 170 283 197 317
bottle 0.0206 184 275 224 338
bottle 0.0203 161 273 239 337
bottle 0.0201 158 318 182 338
bottle 0.0200 157 290 180 325
cat 0.0622 4 75 203 193
chair 0.0932 276 222 500 374
chair 0.0882 4 160 168 374
chair 0.0619 369 178 500 372
chair 0.0559 5 208 100 375
chair 0.0521 332 291 498 372
chair 0.0518 72 213 220 371
chair 0.0485 247 18 500 375
chair 0.0424 44 258 170 370
chair 0.0414 215 297 471 375
chair 0.0406 2 301 163 371
chair 0.0405 0 287 46 375
chair 0.0391 90 220 327 357
chair 0.0387 286 124 500 333
chair 0.0382 75 0 472 362
chair 0.0356 185 248 424 371
chair 0.0320 1 267 72 372
chair 0.0313 0 70 199 199
chair 0.0307 106 301 374 375
chair 0.0281 135 251 272 367
chair 0.0275 74 313 282 372
chair 0.0272 368 249 491 350
chair 0.0272 240 116 499 232
chair 0.0267 0 0 500 205
chair 0.0265 0 72 139 328
chair 0.0248 326 213 461 351
chair 0.0241 219 39 468 240
chair 0.0240 76 293 200 374
chair 0.0232 39 12 227 209
chair 0.0228 0 342 48 375
chair 0.0222 0 356 43 374
chair 0.0217 71 42 449 164
chair 0.0215 416 152 500 333
chair 0.0214 87 216 247 304
chair 0.0211 196 217 342 306
chair 0.0210 328 0 495 239
chair 0.0204 87 243 251 338
chair 0.0202 98 251 181 375
diningtable 0.0585 49 222 347 374
diningtable 0.0349 89 276 403 375
diningtable 0.0244 58 308 329 375
dog 0.0782 12 81 203 200
dog 0.0287 27 135 203 189
person 0.6205 77 144 356 368
person 0.5963 215 152 482 373
person 0.3967 69 135 265 317
person 0.3173 195 144 344 340
person 0.2151 11 92 476 375
person 0.1905 0 126 174 374
person 0.1854 209 143 330 258
person 0.1761 322 184 497 375
person 0.1612 81 169 205 367
person 0.1512 10 105 277 254
person 0.1407 127 137 376 269
person 0.1363 132 175 271 368
person 0.1248 85 141 252 229
person 0.1146 232 143 401 285
person 0.1117 232 189 317 310
person 0.1101 170 137 304 290
person 0.1027 143 143 252 297
person 0.1022 263 185 406 375
person 0.0957 121 138 227 210
person 0.0831 21 105 230 199
person 0.0818 122 227 410 374
person 0.0747 166 136 244 204
person 0.0685 11 184 284 375
person 0.0655 0 51 299 174
person 0.0609 186 141 293 230
person 0.0606 49 135 194 217
person 0.0605 96 0 177 22
person 0.0558 350 308 500 373
person 0.0548 88 192 316 329
person 0.0544 3 38 444 219
person 0.0522 141 138 220 185
person 0.0509 387 238 498 375
person 0.0508 232 144 314 224
person 0.0499 75 160 173 296
person 0.0477 182 203 294 361
person 0.0468 192 129 444 236
person 0.0461 239 176 357 270
person 0.0453 131 0 183 25
person 0.0448 68 212 159 368
person 0.0441 9 0 324 323
person 0.0439 230 176 294 274
person 0.0438 0 0 40 35
person 0.0429 69 145 199 193
person 0.0424 134 193 233 285
person 0.0423 178 137 217 197
person 0.0414 339 238 458 375
person 0.0407 67 122 295 205
person 0.0400 194 144 253 216
person 0.0397 219 204 326 375
person 0.0396 262 159 376 244
person 0.0386 163 193 250 320
person 0.0382 121 221 212 372
person 0.0381 272 113 442 323
person 0.0375 36 152 226 273
person 0.0373 0 65 190 224
person 0.0359 424 219 499 348
person 0.0359 201 196 343 287
person 0.0357 292 190 383 322
person 0.0350 281 181 392 268
person 0.0332 157 226 249 374
person 0.0331 260 145 343 216
person 0.0330 121 156 211 281
person 0.0327 119 0 155 20
person 0.0322 114 153 191 204
person 0.0314 15 155 126 318
person 0.0310 161 143 231 246
person 0.0305 440 252 500 375
person 0.0303 184 158 241 232
person 0.0301 195 175 260 230
person 0.0300 230 142 291 198
person 0.0293 54 5 93 22
person 0.0290 217 146 271 219
person 0.0289 234 206 333 258
person 0.0287 7 144 146 242
person 0.0286 89 160 208 214
person 0.0280 234 212 293 255
person 0.0279 95 0 137 23
person 0.0274 233 213 284 290
person 0.0273 258 142 318 198
person 0.0266 71 1 93 22
person 0.0266 206 175 287 244
person 0.0258 137 0 166 22
person 0.0256 299 178 372 230
person 0.0253 106 140 200 180
person 0.0253 456 298 499 375
person 0.0249 148 154 216 215
person 0.0248 279 138 327 204
person 0.0247 179 136 262 181
person 0.0246 154 0 180 26
person 0.0245 231 125 358 213
person 0.0243 235 202 292 238
person 0.0238 108 67 304 272
person 0.0238 104 163 283 255
person 0.0237 43 0 99 24
person 0.0236 72 160 163 199
person 0.0232 109 117 405 215
person 0.0227 164 207 294 273
person 0.0227 222 186 323 244
person 0.0224 291 165 358 220
person 0.0223 263 198 333 288
person 0.0223 256 193 312 264
person 0.0222 260 161 314 242
person 0.0221 292 200 357 251
person 0.0219 371 278 467 375
person 0.0218 7 0 73 29
person 0.0218 456 247 499 338
person 0.0215 175 175 244 274
person 0.0214 192 205 261 302
person 0.0213 277 166 332 238
person 0.0211 187 191 269 259
person 0.0211 349 219 420 350
person 0.0209 311 285 441 371
person 0.0205 15 0 47 31
person 0.0204 243 215 354 313
person 0.0200 91 0 108 23
person 0.0200 182 188 247 239
pottedplant 0.0298 0 0 41 41
pottedplant 0.0279 4 70 224 192
pottedplant 0.0208 0 0 68 55
sofa 0.4341 70 144 500 370
sofa 0.0430 0 23 500 326
tvmonitor 0.0324 0 295 39 373
