aeroplane 0.0497 10 11 333 357
aeroplane 0.0354 136 157 249 256
bicycle 0.0400 228 346 329 496
bicycle 0.0398 267 411 332 500
bicycle 0.0237 298 427 333 498
bicycle 0.0208 288 460 332 500
bicycle 0.0203 166 397 333 500
boat 0.0204 31 120 333 466
bottle 0.0399 56 398 71 439
bottle 0.0380 11 392 43 425
bottle 0.0342 60 407 95 498
bottle 0.0306 15 392 72 500
bottle 0.0262 48 394 71 429
bottle 0.0261 54 396 74 471
bottle 0.0260 2 386 41 500
bottle 0.0239 40 399 74 496
bottle 0.0220 19 389 67 427
car 0.1262 190 249 213 273
car 0.0796 203 247 218 276
car 0.0728 194 248 224 276
car 0.0592 183 251 207 270
car 0.0544 153 255 207 390
car 0.0537 207 249 230 275
car 0.0507 71 461 118 498
car 0.0491 83 462 112 487
car 0.0398 184 241 219 274
car 0.0383 177 251 197 270
car 0.0359 56 453 147 498
car 0.0350 189 243 204 272
car 0.0345 169 251 190 270
car 0.0341 203 232 231 277
car 0.0316 159 259 202 328
car 0.0313 85 165 223 407
car 0.0310 26 24 252 217
car 0.0300 171 248 203 272
car 0.0280 136 197 218 398
car 0.0263 180 246 213 285
car 0.0243 179 246 192 268
car 0.0232 212 257 238 277
car 0.0227 163 252 216 296
car 0.0225 174 247 187 267
car 0.0225 302 472 333 500
car 0.0224 181 257 207 276
car 0.0216 314 245 331 292
car 0.0212 191 226 217 282
car 0.0211 187 207 243 276
car 0.0208 160 250 182 273
car 0.0208 157 239 207 277
car 0.0208 1 11 39 62
car 0.0208 107 224 214 321
car 0.0205 15 438 128 500
car 0.0201 193 240 209 268
chair 0.0273 274 447 331 498
chair 0.0250 176 408 326 494
chair 0.0244 1 380 45 500
chair 0.0239 304 432 332 500
chair 0.0220 294 472 332 499
chair 0.0218 214 455 297 497
chair 0.0217 0 426 91 500
chair 0.0214 269 361 331 500
motorbike 0.8111 10 42 225 492
motorbike 0.1732 155 262 207 400
motorbike 0.1087 0 288 204 494
motorbike 0.0827 104 231 208 497
motorbike 0.0674 4 408 164 492
motorbike 0.0586 5 48 119 348
motorbike 0.0420 160 265 203 344
motorbike 0.0408 11 204 210 439
motorbike 0.0389 66 164 312 485
motorbike 0.0373 1 23 223 205
motorbike 0.0366 1 91 202 293
motorbike 0.0350 143 283 212 455
motorbike 0.0328 3 156 195 358
motorbike 0.0313 4 58 97 216
motorbike 0.0304 0 0 293 346
motorbike 0.0236 50 46 269 249
motorbike 0.0227 3 111 94 274
motorbike 0.0220 117 246 209 367
motorbike 0.0216 21 57 154 222
motorbike 0.0215 41 379 205 484
motorbike 0.0208 3 318 121 494
person 0.0973 282 241 294 294
person 0.0773 206 244 216 277
person 0.0654 208 237 222 274
person 0.0653 155 259 204 399
person 0.0618 5 0 36 59
person 0.0616 1 397 103 498
person 0.0548 121 236 208 446
person 0.0492 237 240 246 284
person 0.0473 155 250 182 333
person 0.0456 212 244 227 275
person 0.0455 316 246 329 291
person 0.0445 60 214 209 494
person 0.0441 313 459 331 500
person 0.0425 258 244 267 291
person 0.0420 232 243 242 281
person 0.0417 175 280 193 308
person 0.0415 53 418 106 497
person 0.0398 4 56 64 261
person 0.0386 227 240 238 278
person 0.0382 4 346 67 500
person 0.0363 158 269 194 325
person 0.0360 7 358 163 496
person 0.0356 54 402 75 499
person 0.0338 9 0 28 41
person 0.0330 220 236 232 274
person 0.0328 27 421 131 496
person 0.0320 307 475 332 499
person 0.0317 6 0 40 122
person 0.0315 304 417 332 500
person 0.0309 291 459 333 500
person 0.0308 169 271 192 314
person 0.0305 17 0 36 45
person 0.0304 4 135 126 496
person 0.0293 90 425 102 461
person 0.0289 319 254 332 299
person 0.0287 59 419 84 498
person 0.0287 5 401 44 500
person 0.0283 4 8 56 185
person 0.0276 201 245 211 271
person 0.0275 239 239 251 284
person 0.0268 54 195 82 217
person 0.0267 181 281 196 316
person 0.0266 245 238 259 284
person 0.0266 206 225 228 280
person 0.0265 56 187 71 217
person 0.0260 91 454 109 485
person 0.0259 169 277 198 335
person 0.0258 35 401 80 500
person 0.0255 253 240 263 288
person 0.0254 171 235 179 263
person 0.0253 85 423 98 463
person 0.0248 36 450 106 497
person 0.0246 89 442 103 475
person 0.0243 318 236 331 286
person 0.0241 176 237 184 265
person 0.0241 0 452 56 500
person 0.0239 4 289 99 498
person 0.0236 156 196 300 495
person 0.0234 166 233 174 261
person 0.0233 87 187 107 214
person 0.0232 167 266 207 359
person 0.0226 94 445 108 477
person 0.0226 105 238 175 431
person 0.0225 5 0 22 32
person 0.0222 86 434 106 483
person 0.0222 216 229 234 278
person 0.0222 180 236 189 266
person 0.0218 274 238 296 295
person 0.0216 195 345 207 393
person 0.0214 102 30 240 358
person 0.0213 229 222 243 281
person 0.0213 94 424 107 460
person 0.0212 172 282 189 322
person 0.0211 215 227 226 270
person 0.0210 67 437 120 495
person 0.0209 66 197 95 216
person 0.0207 1 424 26 499
person 0.0207 149 254 176 370
person 0.0205 2 31 86 361
person 0.0203 150 239 197 350
person 0.0203 265 246 280 291
person 0.0202 178 270 190 298
person 0.0201 311 223 331 292
person 0.0201 207 233 216 267
pottedplant 0.0691 4 387 83 499
pottedplant 0.0365 5 0 41 170
pottedplant 0.0327 4 391 44 496
pottedplant 0.0257 4 294 113 500
train 0.0457 112 158 245 253
train 0.0356 47 131 249 276
train 0.0291 122 176 225 423
train 0.0284 93 144 243 344
train 0.0283 7 57 240 226
train 0.0253 21 0 240 426
train 0.0237 30 179 223 368
train 0.0208 101 182 224 278
