aeroplane 0.0490 13 20 500 259
aeroplane 0.0401 139 37 500 179
aeroplane 0.0263 43 242 75 283
aeroplane 0.0260 52 339 67 364
aeroplane 0.0201 414 81 469 161
boat 0.6959 53 236 288 336
boat 0.1513 120 259 298 329
boat 0.1179 36 159 298 321
boat 0.1118 410 81 479 200
boat 0.0977 18 68 500 335
boat 0.0944 43 286 319 332
boat 0.0939 37 204 450 340
boat 0.0892 50 242 92 303
boat 0.0828 57 232 212 309
boat 0.0816 6 87 66 177
boat 0.0801 51 264 79 316
boat 0.0765 413 81 450 178
boat 0.0724 401 131 492 200
boat 0.0714 0 122 36 176
boat 0.0637 4 92 103 213
boat 0.0632 4 103 236 202
boat 0.0620 198 237 291 344
boat 0.0620 73 230 194 275
boat 0.0593 1 123 20 167
boat 0.0575 88 220 290 298
boat 0.0548 59 272 231 321
boat 0.0524 5 130 65 178
boat 0.0502 0 124 122 184
boat 0.0499 1 127 157 212
boat 0.0490 401 128 457 186
boat 0.0489 401 139 422 184
boat 0.0487 429 90 448 160
boat 0.0483 32 148 55 173
boat 0.0477 49 239 122 333
boat 0.0470 420 111 466 192
boat 0.0465 162 150 184 195
boat 0.0462 79 268 298 362
boat 0.0455 295 94 499 199
boat 0.0450 119 87 500 227
boat 0.0441 25 132 57 177
boat 0.0440 29 130 310 210
boat 0.0437 74 120 273 190
boat 0.0436 52 237 163 287
boat 0.0435 48 305 90 363
boat 0.0434 6 125 28 164
boat 0.0430 1 141 22 179
boat 0.0427 290 251 493 345
boat 0.0420 85 231 184 254
boat 0.0420 85 333 108 374
boat 0.0417 47 246 93 349
boat 0.0408 232 325 278 337
boat 0.0406 52 275 68 317
boat 0.0404 384 106 500 189
boat 0.0403 20 90 309 254
boat 0.0400 171 252 293 313
boat 0.0399 33 89 71 172
boat 0.0398 18 114 79 173
boat 0.0390 0 107 51 189
boat 0.0389 219 323 286 340
boat 0.0383 23 140 75 173
boat 0.0383 392 84 455 202
boat 0.0382 147 139 183 197
boat 0.0380 158 142 197 197
boat 0.0378 156 295 285 317
boat 0.0376 23 244 351 375
boat 0.0376 180 156 275 190
boat 0.0375 0 148 79 185
boat 0.0375 399 136 433 194
boat 0.0375 48 242 113 285
boat 0.0373 305 239 487 307
boat 0.0372 344 171 356 196
boat 0.0372 36 227 152 318
boat 0.0371 12 148 61 172
boat 0.0364 326 166 339 196
boat 0.0362 221 331 288 375
boat 0.0354 180 279 295 317
boat 0.0352 0 123 79 241
boat 0.0349 73 311 282 358
boat 0.0349 4 143 45 174
boat 0.0347 36 140 50 168
boat 0.0343 230 329 279 343
boat 0.0343 277 166 293 194
boat 0.0342 284 168 300 194
boat 0.0342 53 271 119 305
boat 0.0340 284 131 314 200
boat 0.0340 19 141 116 177
boat 0.0339 321 161 343 198
boat 0.0338 407 135 443 178
boat 0.0336 437 118 485 195
boat 0.0335 130 147 284 194
boat 0.0331 99 144 500 286
boat 0.0328 51 269 83 288
boat 0.0328 49 245 77 287
boat 0.0326 292 131 311 186
boat 0.0323 237 118 435 190
boat 0.0322 83 337 99 373
boat 0.0322 19 126 36 162
boat 0.0319 170 123 360 189
boat 0.0318 339 163 359 200
boat 0.0318 15 127 51 163
boat 0.0315 279 155 306 196
boat 0.0314 297 143 308 177
boat 0.0311 132 138 167 197
boat 0.0310 3 84 148 262
boat 0.0309 484 154 498 196
boat 0.0308 162 150 223 193
boat 0.0308 155 342 181 375
boat 0.0307 400 98 441 183
boat 0.0306 0 133 26 193
boat 0.0306 42 149 72 171
boat 0.0306 45 182 246 287
boat 0.0303 141 156 162 195
boat 0.0301 294 166 308 194
boat 0.0299 120 200 303 347
boat 0.0299 236 320 278 332
boat 0.0298 31 145 66 189
boat 0.0297 45 260 207 344
boat 0.0297 329 282 354 302
boat 0.0297 318 171 331 195
boat 0.0295 9 138 232 239
boat 0.0292 47 267 96 299
boat 0.0291 192 316 295 339
boat 0.0291 28 146 46 174
boat 0.0290 172 154 192 193
boat 0.0290 256 105 500 298
boat 0.0290 421 117 448 176
boat 0.0287 456 132 497 201
boat 0.0287 47 89 66 149
boat 0.0286 289 150 311 196
boat 0.0285 252 325 286 337
boat 0.0284 60 102 398 202
boat 0.0284 88 146 106 172
boat 0.0283 62 296 203 318
boat 0.0282 313 158 363 199
boat 0.0281 28 137 44 167
boat 0.0278 347 175 360 196
boat 0.0276 7 31 83 174
boat 0.0274 0 24 392 233
boat 0.0274 65 126 209 209
boat 0.0273 298 134 339 197
boat 0.0272 392 161 483 198
boat 0.0272 302 143 313 177
boat 0.0271 51 282 135 314
boat 0.0271 335 179 351 195
boat 0.0270 333 172 346 196
boat 0.0269 194 326 224 336
boat 0.0268 17 138 36 172
boat 0.0267 0 121 31 150
boat 0.0266 189 337 224 350
boat 0.0266 163 321 291 372
boat 0.0265 299 126 313 172
boat 0.0264 53 150 79 170
boat 0.0264 190 331 223 344
boat 0.0264 27 87 168 183
boat 0.0263 346 112 499 242
boat 0.0262 173 334 228 352
boat 0.0262 109 282 253 316
boat 0.0262 76 195 262 251
boat 0.0261 54 344 76 363
boat 0.0260 6 146 100 209
boat 0.0259 51 271 73 303
boat 0.0259 143 174 162 194
boat 0.0259 44 248 74 329
boat 0.0258 0 109 16 181
boat 0.0257 35 97 95 183
boat 0.0257 80 338 126 375
boat 0.0256 136 176 157 193
boat 0.0254 264 139 474 204
boat 0.0254 311 169 323 195
boat 0.0252 0 345 22 375
boat 0.0251 368 157 391 199
boat 0.0251 47 291 124 351
boat 0.0251 340 157 391 199
boat 0.0250 91 338 114 369
boat 0.0250 286 157 301 185
boat 0.0249 84 358 111 375
boat 0.0249 272 168 285 194
boat 0.0249 282 141 306 185
boat 0.0249 129 134 198 195
boat 0.0248 37 134 61 172
boat 0.0247 24 244 78 282
boat 0.0247 150 155 171 196
boat 0.0247 341 183 358 198
boat 0.0246 193 32 490 194
boat 0.0246 416 125 496 168
boat 0.0246 50 145 66 170
boat 0.0246 80 140 115 193
boat 0.0245 51 294 78 318
boat 0.0245 35 155 50 185
boat 0.0245 129 290 296 351
boat 0.0245 3 74 44 158
boat 0.0245 332 217 497 281
boat 0.0244 421 86 460 157
boat 0.0244 347 161 362 194
boat 0.0244 256 320 288 331
boat 0.0243 298 140 316 193
boat 0.0243 279 157 292 185
boat 0.0242 25 130 47 156
boat 0.0242 269 145 317 193
boat 0.0241 434 88 479 167
boat 0.0241 10 17 133 188
boat 0.0241 43 288 73 359
boat 0.0240 75 352 91 375
boat 0.0240 434 147 491 205
boat 0.0240 0 142 41 216
boat 0.0240 138 339 186 375
boat 0.0239 2 172 18 200
boat 0.0239 222 326 255 335
boat 0.0239 415 143 436 176
boat 0.0236 469 150 495 198
boat 0.0236 197 166 264 192
boat 0.0235 404 152 427 178
boat 0.0235 294 140 376 197
boat 0.0235 152 349 172 375
boat 0.0235 97 139 172 195
boat 0.0234 203 326 234 335
boat 0.0233 167 325 242 350
boat 0.0233 224 330 284 354
boat 0.0232 303 169 314 194
boat 0.0232 96 141 112 170
boat 0.0232 326 155 340 187
boat 0.0232 88 349 105 375
boat 0.0231 43 144 55 167
boat 0.0231 40 139 128 192
boat 0.0231 79 142 105 178
boat 0.0230 22 147 120 272
boat 0.0230 97 361 129 375
boat 0.0229 104 152 126 170
boat 0.0229 33 146 93 185
boat 0.0228 336 190 500 258
boat 0.0228 47 318 118 352
boat 0.0228 194 137 288 191
boat 0.0228 404 174 494 206
boat 0.0228 0 184 43 248
boat 0.0227 182 326 210 335
boat 0.0227 159 172 179 194
boat 0.0226 262 324 283 334
boat 0.0226 225 331 264 341
boat 0.0226 51 299 153 326
boat 0.0226 18 141 54 189
boat 0.0223 36 47 293 203
boat 0.0223 196 320 292 352
boat 0.0223 69 137 115 173
boat 0.0223 48 287 192 330
boat 0.0222 268 347 290 375
boat 0.0222 372 26 484 195
boat 0.0222 2 207 72 245
boat 0.0221 2 122 62 156
boat 0.0221 116 140 154 196
boat 0.0220 365 164 380 197
boat 0.0220 52 285 78 345
boat 0.0218 30 152 82 176
boat 0.0218 463 139 484 187
boat 0.0217 67 339 100 372
boat 0.0217 307 162 328 198
boat 0.0217 26 195 192 255
boat 0.0217 349 160 376 200
boat 0.0216 3 155 18 187
boat 0.0216 86 144 124 172
boat 0.0216 382 141 418 199
boat 0.0216 42 124 76 178
boat 0.0216 75 345 95 368
boat 0.0216 403 143 471 176
boat 0.0216 347 129 479 193
boat 0.0216 302 166 494 231
boat 0.0215 173 322 240 340
boat 0.0215 209 287 292 375
boat 0.0214 153 232 482 372
boat 0.0213 180 331 213 344
boat 0.0213 293 156 311 179
boat 0.0213 114 151 128 175
boat 0.0213 64 358 88 375
boat 0.0213 89 145 144 192
boat 0.0213 156 137 176 189
boat 0.0212 1 176 20 219
boat 0.0212 273 324 287 335
boat 0.0212 177 337 233 375
boat 0.0212 183 304 294 333
boat 0.0212 327 145 409 198
boat 0.0211 162 148 173 177
boat 0.0210 107 230 166 244
boat 0.0210 386 153 500 216
boat 0.0210 257 237 416 346
boat 0.0209 152 176 170 194
boat 0.0209 90 161 104 189
boat 0.0209 382 173 399 196
boat 0.0208 327 273 370 327
boat 0.0208 400 160 421 187
boat 0.0208 394 172 411 196
boat 0.0208 282 158 334 196
boat 0.0206 50 341 82 366
boat 0.0206 425 167 500 199
boat 0.0206 155 145 167 188
boat 0.0206 327 167 350 201
boat 0.0206 64 347 86 365
boat 0.0206 10 127 42 147
boat 0.0205 50 279 100 308
boat 0.0205 0 96 24 162
boat 0.0203 353 72 448 194
boat 0.0203 416 151 488 181
boat 0.0203 272 326 287 339
boat 0.0203 389 172 404 196
boat 0.0203 166 326 194 336
boat 0.0202 473 166 492 200
boat 0.0202 34 133 53 156
bottle 0.0733 51 250 81 310
bottle 0.0532 161 151 177 194
bottle 0.0472 388 166 401 197
bottle 0.0427 144 155 160 194
bottle 0.0419 51 264 72 302
bottle 0.0408 402 161 418 196
bottle 0.0399 395 166 409 197
bottle 0.0373 154 154 168 193
bottle 0.0367 334 281 356 309
bottle 0.0356 381 165 395 197
bottle 0.0342 133 151 156 195
bottle 0.0295 396 141 423 199
bottle 0.0277 50 303 79 361
bottle 0.0252 371 162 387 197
bottle 0.0236 464 139 481 179
bottle 0.0227 407 166 423 195
bottle 0.0212 393 155 415 198
bottle 0.0202 485 146 500 209
car 0.0223 134 179 162 193
person 0.5980 170 241 202 298
person 0.1720 226 234 291 300
person 0.1470 183 235 292 318
person 0.1346 50 243 77 290
person 0.1320 259 235 291 292
person 0.1291 171 234 249 296
person 0.1107 51 242 68 279
person 0.1059 172 257 192 301
person 0.0813 271 237 288 279
person 0.0796 52 258 79 305
person 0.0759 163 231 215 307
person 0.0686 168 247 190 291
person 0.0683 186 257 208 295
person 0.0655 136 245 269 322
person 0.0653 59 254 83 288
person 0.0641 424 81 448 165
person 0.0630 183 244 207 282
person 0.0557 103 235 213 313
person 0.0555 191 237 269 287
person 0.0531 48 238 96 301
person 0.0528 64 245 94 287
person 0.0523 53 331 67 357
person 0.0522 127 232 200 292
person 0.0520 168 243 197 275
person 0.0489 176 247 219 292
person 0.0472 72 254 90 286
person 0.0447 145 162 159 193
person 0.0441 155 236 194 300
person 0.0439 50 242 69 260
person 0.0437 344 178 356 197
person 0.0401 191 274 211 301
person 0.0386 131 166 144 192
person 0.0384 138 164 154 193
person 0.0383 178 263 200 302
person 0.0382 200 244 253 303
person 0.0378 54 269 86 288
person 0.0376 432 93 446 144
person 0.0371 116 165 127 192
person 0.0359 54 244 66 255
person 0.0357 161 251 177 284
person 0.0348 65 266 92 288
person 0.0347 162 227 200 284
person 0.0346 236 231 299 338
person 0.0336 326 171 339 197
person 0.0331 51 322 70 360
person 0.0331 158 242 185 286
person 0.0324 429 82 443 136
person 0.0323 175 251 229 315
person 0.0318 179 252 280 294
person 0.0315 123 171 134 192
person 0.0311 191 266 214 292
person 0.0297 274 236 294 266
person 0.0292 47 245 62 273
person 0.0292 163 266 176 292
person 0.0291 165 241 203 258
person 0.0290 79 257 98 285
person 0.0287 194 275 217 295
person 0.0286 158 259 203 305
person 0.0283 238 238 274 284
person 0.0281 280 238 300 273
person 0.0281 148 262 247 302
person 0.0279 74 250 102 288
person 0.0278 161 164 176 194
person 0.0273 115 153 128 185
person 0.0264 169 270 187 306
person 0.0262 253 238 275 275
person 0.0262 178 273 217 301
person 0.0261 51 260 105 293
person 0.0260 335 180 346 197
person 0.0260 109 168 122 192
person 0.0260 276 237 293 289
person 0.0257 49 242 79 255
person 0.0254 410 174 423 198
person 0.0253 260 235 283 271
person 0.0249 269 336 289 375
person 0.0248 53 240 70 251
person 0.0242 55 339 70 360
person 0.0242 180 242 202 272
person 0.0239 388 173 401 198
person 0.0238 317 173 332 197
person 0.0238 76 267 104 287
person 0.0235 174 275 192 312
person 0.0232 311 172 324 196
person 0.0226 429 83 458 150
person 0.0226 191 251 216 284
person 0.0225 420 177 432 198
person 0.0224 128 157 150 195
person 0.0224 156 280 169 295
person 0.0221 132 248 227 297
person 0.0220 91 169 104 192
person 0.0219 158 262 184 300
person 0.0219 404 174 417 199
person 0.0217 247 241 282 294
person 0.0217 166 240 187 264
person 0.0216 129 228 266 288
person 0.0214 267 248 288 294
person 0.0213 89 260 105 286
person 0.0212 49 246 64 258
person 0.0210 160 244 179 271
person 0.0209 57 244 86 272
person 0.0207 47 238 80 266
person 0.0206 49 249 60 264
person 0.0206 233 238 259 281
person 0.0205 149 264 213 317
person 0.0205 154 172 167 194
person 0.0203 395 174 409 199
person 0.0203 176 235 230 277
person 0.0202 151 257 177 291
person 0.0201 161 280 176 300
