bicycle 0.0425 1 0 94 66
bicycle 0.0306 0 0 70 29
bus 0.0304 434 100 495 273
car 0.0359 0 0 80 105
car 0.0273 51 49 85 83
car 0.0245 0 287 19 331
car 0.0211 36 318 82 332
motorbike 0.0367 3 0 89 118
person 0.1243 479 116 499 166
person 0.1090 386 211 413 253
person 0.0823 292 246 307 288
person 0.0717 385 175 416 253
person 0.0548 475 192 500 271
person 0.0523 305 137 324 175
person 0.0496 303 134 327 214
person 0.0494 469 116 499 185
person 0.0468 481 230 498 271
person 0.0410 0 0 87 89
person 0.0398 481 105 499 144
person 0.0387 475 123 494 161
person 0.0367 484 212 500 281
person 0.0334 327 128 395 288
person 0.0325 434 174 496 314
person 0.0322 461 201 498 287
person 0.0320 290 148 321 235
person 0.0320 316 47 498 332
person 0.0315 20 0 81 54
person 0.0311 297 125 326 181
person 0.0296 0 0 81 19
person 0.0291 352 126 415 288
person 0.0286 394 121 412 161
person 0.0278 273 155 309 233
person 0.0275 387 147 418 230
person 0.0268 260 177 276 221
person 0.0259 255 177 270 222
person 0.0258 267 122 326 251
person 0.0255 442 203 489 277
person 0.0249 48 4 90 78
person 0.0248 0 0 95 34
person 0.0248 466 183 497 252
person 0.0246 294 124 363 258
person 0.0245 473 234 493 268
person 0.0244 47 0 85 45
person 0.0242 453 143 500 289
person 0.0241 458 100 497 222
person 0.0241 482 198 498 251
person 0.0241 295 139 307 170
person 0.0239 475 116 491 148
person 0.0232 444 107 485 183
person 0.0229 377 191 488 333
person 0.0228 376 132 421 261
person 0.0226 370 191 407 255
person 0.0226 260 170 290 228
person 0.0225 383 118 466 296
person 0.0219 301 211 317 234
person 0.0216 402 127 416 162
person 0.0214 0 302 21 333
person 0.0211 324 204 401 333
person 0.0210 390 109 417 165
person 0.0208 487 236 500 277
person 0.0207 464 117 487 167
person 0.0206 464 227 500 273
person 0.0201 348 185 436 333
person 0.0200 39 0 78 30
pottedplant 0.0551 0 0 79 91
pottedplant 0.0440 1 0 57 60
pottedplant 0.0339 0 0 40 38
pottedplant 0.0243 0 0 79 37
pottedplant 0.0237 0 0 47 17
pottedplant 0.0211 0 0 25 23
train 0.8781 22 19 497 329
train 0.1714 0 145 35 194
train 0.1200 0 154 21 195
train 0.0975 251 5 490 324
train 0.0962 377 83 492 333
train 0.0530 5 23 90 176
train 0.0526 26 92 136 258
train 0.0501 309 111 416 333
train 0.0490 12 94 84 207
train 0.0455 36 73 284 311
train 0.0433 113 74 430 303
train 0.0432 12 77 146 194
train 0.0426 344 44 465 310
train 0.0404 16 144 52 199
train 0.0366 433 63 500 333
train 0.0353 1 140 18 179
train 0.0342 6 164 28 195
train 0.0341 0 156 436 333
train 0.0323 6 135 64 192
train 0.0306 51 4 500 169
train 0.0306 247 111 366 333
train 0.0306 279 55 398 297
train 0.0305 6 67 102 237
train 0.0303 16 125 80 264
train 0.0298 348 97 426 296
train 0.0293 0 131 15 205
train 0.0291 410 170 496 333
train 0.0286 0 31 398 220
train 0.0282 7 145 30 182
train 0.0268 2 134 17 156
train 0.0258 275 125 392 249
train 0.0258 438 90 495 244
train 0.0242 362 0 492 243
train 0.0239 316 171 494 333
train 0.0238 0 140 33 244
train 0.0235 15 150 36 190
train 0.0222 260 102 334 281
train 0.0213 37 123 157 226
train 0.0209 200 170 456 330
train 0.0208 32 136 77 190
train 0.0204 332 120 456 258
train 0.0204 372 0 484 84
train 0.0202 15 54 170 314
