aeroplane 0.0901 59 149 462 299
bird 0.7738 64 141 454 302
bird 0.3638 187 142 451 261
bird 0.0953 0 199 72 236
bird 0.0585 0 208 61 230
bird 0.0407 211 143 416 199
bird 0.0393 318 143 461 252
bird 0.0383 0 163 73 245
bird 0.0358 0 30 479 309
bird 0.0341 287 140 450 194
bird 0.0327 18 127 278 300
bird 0.0304 167 72 465 286
bird 0.0280 158 157 465 375
bird 0.0280 315 145 428 175
bird 0.0278 0 196 78 266
bird 0.0270 2 182 155 300
bird 0.0262 266 205 457 273
bird 0.0253 0 209 51 245
bird 0.0246 250 128 468 326
bird 0.0242 178 221 448 318
bird 0.0240 67 167 289 350
bird 0.0231 0 138 150 260
bird 0.0222 100 138 388 231
bird 0.0217 0 213 40 234
bird 0.0216 0 186 44 233
bird 0.0204 71 50 233 258
pottedplant 0.0391 186 7 213 31
pottedplant 0.0223 183 5 216 45
sheep 0.0318 0 0 41 21
sheep 0.0246 0 1 18 32
sheep 0.0240 0 2 26 18
