aeroplane 0.0348 0 97 432 375
bicycle 0.2263 236 183 315 266
bicycle 0.1541 240 179 300 234
bicycle 0.0921 245 180 291 215
bicycle 0.0572 167 184 320 271
bicycle 0.0267 309 1 390 59
bicycle 0.0239 204 171 358 290
bicycle 0.0238 314 0 356 58
bicycle 0.0216 314 22 371 59
bicycle 0.0216 260 181 299 207
bicycle 0.0213 247 111 336 269
boat 0.0421 123 148 321 317
boat 0.0379 240 157 304 239
boat 0.0357 0 0 443 375
boat 0.0280 226 133 461 319
boat 0.0273 0 226 500 375
boat 0.0233 247 141 296 210
boat 0.0225 59 85 316 342
boat 0.0215 208 173 315 227
boat 0.0210 163 0 500 310
bottle 0.0898 210 207 233 241
bottle 0.0745 219 208 238 241
bottle 0.0522 207 203 227 231
bottle 0.0517 207 206 238 272
bottle 0.0483 228 205 248 235
bottle 0.0447 186 195 207 224
bottle 0.0427 206 203 248 239
bottle 0.0412 0 221 47 260
bottle 0.0366 137 207 196 234
bottle 0.0358 200 206 215 234
bottle 0.0350 55 274 69 321
bottle 0.0345 217 205 242 228
bottle 0.0333 222 216 239 252
bottle 0.0309 188 208 209 238
bottle 0.0299 145 215 188 247
bottle 0.0289 186 205 238 243
bottle 0.0271 134 200 158 228
bottle 0.0271 141 224 180 242
bottle 0.0258 206 214 227 249
bottle 0.0257 477 339 500 370
bottle 0.0256 232 205 247 224
bottle 0.0253 147 216 189 232
bottle 0.0251 181 196 215 247
bottle 0.0244 200 218 215 244
bottle 0.0237 194 200 221 238
bottle 0.0236 422 302 485 372
bottle 0.0227 23 226 49 261
bottle 0.0222 213 206 230 223
bottle 0.0211 211 219 237 247
bottle 0.0211 421 335 499 373
bottle 0.0208 0 223 39 246
bottle 0.0208 0 175 36 253
bottle 0.0207 188 222 210 252
bottle 0.0204 225 207 239 223
bottle 0.0203 176 226 207 250
bottle 0.0203 64 275 81 321
bottle 0.0202 423 349 466 374
bottle 0.0202 164 228 185 256
car 0.0756 245 177 285 207
car 0.0466 237 177 304 218
car 0.0278 244 177 268 199
car 0.0269 262 186 299 207
chair 0.7448 115 225 204 348
chair 0.4442 214 231 313 366
chair 0.3479 264 222 329 263
chair 0.2852 221 251 387 369
chair 0.2793 216 271 289 375
chair 0.2703 232 217 328 280
chair 0.2587 126 219 254 361
chair 0.2438 223 188 310 294
chair 0.2298 150 225 221 338
chair 0.2101 127 201 201 309
chair 0.2058 177 223 241 347
chair 0.1998 225 228 320 311
chair 0.1924 238 199 313 258
chair 0.1837 0 209 54 372
chair 0.1777 202 234 261 370
chair 0.1754 74 233 128 326
chair 0.1664 209 296 345 374
chair 0.1615 114 226 170 320
chair 0.1591 374 236 430 276
chair 0.1537 296 223 327 262
chair 0.1488 237 225 320 256
chair 0.1469 173 226 217 300
chair 0.1461 181 213 238 298
chair 0.1397 81 226 154 350
chair 0.1318 208 277 247 366
chair 0.1314 242 185 294 229
chair 0.1308 37 226 120 353
chair 0.1253 258 189 330 265
chair 0.1250 208 215 286 314
chair 0.1235 173 204 288 285
chair 0.1227 284 221 330 250
chair 0.1213 153 195 225 295
chair 0.1104 424 345 500 374
chair 0.1061 212 211 298 271
chair 0.1054 155 228 203 307
chair 0.1034 405 268 495 375
chair 0.1017 203 228 244 310
chair 0.1016 239 250 327 299
chair 0.0979 275 209 319 259
chair 0.0959 116 227 154 290
chair 0.0950 420 313 500 374
chair 0.0932 231 230 289 290
chair 0.0930 55 232 199 360
chair 0.0929 5 227 86 354
chair 0.0921 192 260 233 353
chair 0.0917 132 226 195 284
chair 0.0906 192 183 310 250
chair 0.0903 244 179 287 213
chair 0.0879 242 236 327 266
chair 0.0821 81 220 139 300
chair 0.0817 349 234 439 286
chair 0.0811 479 165 500 326
chair 0.0778 385 234 461 290
chair 0.0776 128 224 175 266
chair 0.0750 219 225 277 277
chair 0.0746 131 273 216 354
chair 0.0741 457 355 500 374
chair 0.0730 350 241 424 269
chair 0.0722 51 237 101 333
chair 0.0721 225 254 336 330
chair 0.0715 391 236 429 265
chair 0.0714 234 209 278 261
chair 0.0705 220 262 262 354
chair 0.0694 220 235 261 309
chair 0.0684 465 196 500 317
chair 0.0684 243 182 267 218
chair 0.0677 260 188 304 246
chair 0.0677 157 191 204 215
chair 0.0665 144 213 209 274
chair 0.0664 233 198 286 236
chair 0.0654 125 195 194 259
chair 0.0652 262 187 290 219
chair 0.0643 247 188 275 224
chair 0.0628 200 195 254 281
chair 0.0627 193 183 327 351
chair 0.0625 16 205 144 372
chair 0.0625 398 222 495 305
chair 0.0624 246 177 273 206
chair 0.0622 134 234 191 325
chair 0.0612 117 226 154 259
chair 0.0605 183 192 206 214
chair 0.0601 235 237 406 304
chair 0.0599 282 226 309 258
chair 0.0595 3 218 48 307
chair 0.0590 177 245 215 339
chair 0.0590 206 214 237 285
chair 0.0589 78 218 126 274
chair 0.0589 280 234 325 265
chair 0.0586 363 329 500 375
chair 0.0580 293 232 431 276
chair 0.0576 150 229 184 282
chair 0.0573 227 331 345 374
chair 0.0560 233 310 307 372
chair 0.0559 231 215 304 250
chair 0.0558 446 328 499 375
chair 0.0555 221 197 268 262
chair 0.0548 417 153 496 308
chair 0.0546 259 219 376 267
chair 0.0545 400 243 429 275
chair 0.0536 116 228 142 275
chair 0.0532 92 210 191 286
chair 0.0531 253 195 283 225
chair 0.0527 218 281 329 348
chair 0.0527 233 250 281 318
chair 0.0524 281 221 313 244
chair 0.0524 89 222 144 242
chair 0.0522 178 238 204 298
chair 0.0521 480 268 500 316
chair 0.0519 257 213 325 244
chair 0.0515 113 226 142 249
chair 0.0515 56 273 89 333
chair 0.0515 378 252 479 360
chair 0.0514 243 198 265 228
chair 0.0513 235 313 394 370
chair 0.0510 446 278 500 374
chair 0.0507 296 257 422 370
chair 0.0506 203 269 252 333
chair 0.0492 189 235 227 309
chair 0.0491 171 284 267 368
chair 0.0490 290 232 359 266
chair 0.0482 395 242 436 290
chair 0.0481 148 185 276 265
chair 0.0480 139 217 189 259
chair 0.0479 360 243 398 265
chair 0.0476 388 244 420 276
chair 0.0471 228 284 264 375
chair 0.0471 435 230 489 312
chair 0.0469 236 272 318 308
chair 0.0462 438 245 472 302
chair 0.0454 1 221 49 266
chair 0.0452 168 188 208 225
chair 0.0449 377 243 417 267
chair 0.0447 424 234 468 296
chair 0.0446 305 244 442 297
chair 0.0445 279 198 309 239
chair 0.0442 31 235 76 338
chair 0.0442 283 236 341 278
chair 0.0442 175 288 216 354
chair 0.0441 248 229 289 254
chair 0.0438 66 224 109 301
chair 0.0437 252 185 295 206
chair 0.0435 149 193 266 236
chair 0.0433 284 211 338 270
chair 0.0430 55 272 75 329
chair 0.0426 2 270 45 375
chair 0.0423 131 226 159 251
chair 0.0422 203 245 304 293
chair 0.0421 230 203 265 233
chair 0.0420 414 261 478 307
chair 0.0418 371 251 446 288
chair 0.0414 201 310 254 371
chair 0.0413 40 261 71 336
chair 0.0413 200 238 231 293
chair 0.0413 461 261 500 327
chair 0.0413 232 222 263 265
chair 0.0410 269 191 322 236
chair 0.0409 232 323 271 374
chair 0.0408 369 242 407 276
chair 0.0406 308 228 333 265
chair 0.0406 337 224 494 334
chair 0.0405 246 159 297 217
chair 0.0405 468 336 500 375
chair 0.0405 237 204 256 229
chair 0.0404 137 221 166 258
chair 0.0402 223 214 253 273
chair 0.0401 236 229 275 256
chair 0.0400 380 275 498 319
chair 0.0397 267 219 307 257
chair 0.0395 371 239 423 258
chair 0.0391 188 302 239 357
chair 0.0391 16 232 56 337
chair 0.0391 83 225 126 244
chair 0.0388 231 209 261 248
chair 0.0388 170 231 200 281
chair 0.0385 350 244 380 265
chair 0.0383 254 258 437 316
chair 0.0382 237 197 384 293
chair 0.0381 107 223 169 252
chair 0.0379 59 262 114 328
chair 0.0377 82 225 148 259
chair 0.0371 358 201 431 282
chair 0.0369 334 259 486 313
chair 0.0366 236 188 261 228
chair 0.0365 139 200 242 251
chair 0.0364 370 199 483 291
chair 0.0364 381 194 500 375
chair 0.0362 255 241 359 282
chair 0.0362 274 188 307 226
chair 0.0360 118 309 217 355
chair 0.0360 217 211 240 259
chair 0.0359 145 228 175 256
chair 0.0358 218 225 241 278
chair 0.0355 272 185 295 211
chair 0.0353 223 316 253 374
chair 0.0353 191 201 235 273
chair 0.0352 157 227 179 263
chair 0.0351 248 203 302 229
chair 0.0347 189 229 265 273
chair 0.0347 381 261 446 303
chair 0.0347 0 136 89 371
chair 0.0345 325 231 389 270
chair 0.0344 307 219 347 268
chair 0.0344 128 230 160 277
chair 0.0343 240 290 279 375
chair 0.0340 123 248 176 343
chair 0.0339 211 292 235 353
chair 0.0339 66 312 95 332
chair 0.0338 238 345 323 374
chair 0.0337 406 267 446 293
chair 0.0335 160 225 188 269
chair 0.0334 160 230 232 278
chair 0.0334 259 309 337 375
chair 0.0333 132 187 198 220
chair 0.0332 55 248 138 340
chair 0.0330 411 242 452 296
chair 0.0330 3 175 58 292
chair 0.0330 185 199 210 224
chair 0.0329 284 215 306 240
chair 0.0329 470 243 500 375
chair 0.0328 240 206 281 227
chair 0.0327 105 220 139 268
chair 0.0326 16 225 51 289
chair 0.0326 205 190 245 252
chair 0.0326 118 224 154 241
chair 0.0324 133 211 198 246
chair 0.0323 242 190 256 217
chair 0.0322 269 245 318 263
chair 0.0322 283 206 305 232
chair 0.0321 91 262 134 337
chair 0.0319 456 140 500 301
chair 0.0319 220 202 253 246
chair 0.0318 260 227 310 247
chair 0.0318 85 212 144 251
chair 0.0316 453 240 500 309
chair 0.0316 182 227 210 281
chair 0.0315 106 232 172 273
chair 0.0313 222 178 273 236
chair 0.0312 170 247 204 323
chair 0.0310 284 218 322 237
chair 0.0308 433 258 494 340
chair 0.0307 478 237 500 306
chair 0.0303 236 219 269 244
chair 0.0302 432 355 480 375
chair 0.0301 250 205 287 251
chair 0.0300 272 232 321 253
chair 0.0300 324 234 342 263
chair 0.0299 368 233 452 319
chair 0.0298 118 167 313 285
chair 0.0298 113 261 152 341
chair 0.0297 381 257 436 281
chair 0.0297 68 208 166 310
chair 0.0296 245 298 368 351
chair 0.0296 0 285 79 375
chair 0.0292 241 341 280 374
chair 0.0290 258 172 309 228
chair 0.0290 195 196 212 212
chair 0.0289 211 239 234 281
chair 0.0288 206 176 297 220
chair 0.0287 107 221 135 237
chair 0.0287 432 277 500 316
chair 0.0287 343 224 407 267
chair 0.0286 207 203 223 221
chair 0.0285 294 243 332 265
chair 0.0284 55 221 88 297
chair 0.0283 178 191 226 226
chair 0.0282 133 219 175 247
chair 0.0282 259 239 310 258
chair 0.0281 194 187 278 225
chair 0.0281 0 317 41 375
chair 0.0280 57 304 74 335
chair 0.0277 131 298 254 359
chair 0.0276 51 280 68 328
chair 0.0276 142 240 238 299
chair 0.0276 243 248 317 269
chair 0.0276 451 347 480 375
chair 0.0275 208 233 251 281
chair 0.0275 38 284 61 340
chair 0.0273 233 288 316 330
chair 0.0272 270 327 370 364
chair 0.0271 42 302 58 340
chair 0.0271 377 234 421 252
chair 0.0271 244 257 299 336
chair 0.0271 212 265 284 299
chair 0.0269 252 247 304 263
chair 0.0269 287 306 388 361
chair 0.0267 262 339 364 373
chair 0.0267 227 287 251 349
chair 0.0266 264 198 288 231
chair 0.0266 337 270 466 375
chair 0.0266 204 336 289 373
chair 0.0265 280 316 466 371
chair 0.0265 30 269 58 344
chair 0.0265 229 221 248 253
chair 0.0265 256 352 345 375
chair 0.0265 229 195 473 328
chair 0.0262 113 198 189 233
chair 0.0262 94 219 129 238
chair 0.0258 191 209 269 247
chair 0.0258 143 239 179 275
chair 0.0258 162 188 248 223
diningtable 0.5606 214 257 500 372
diningtable 0.3846 127 242 410 363
diningtable 0.3644 125 220 287 359
diningtable 0.2158 151 192 307 307
diningtable 0.1626 61 229 243 353
diningtable 0.1412 196 201 322 360
diningtable 0.1195 167 226 347 327
diningtable 0.1186 173 221 312 281
diningtable 0.1146 162 203 262 287
diningtable 0.1062 130 228 243 300
diningtable 0.0984 336 279 498 375
diningtable 0.0964 20 216 460 375
diningtable 0.0936 235 237 468 327
diningtable 0.0717 109 228 213 326
diningtable 0.0716 81 173 319 286
diningtable 0.0701 296 258 468 353
diningtable 0.0677 146 187 285 242
diningtable 0.0607 120 210 236 276
diningtable 0.0579 314 270 484 326
diningtable 0.0510 298 234 475 296
diningtable 0.0452 340 329 500 375
diningtable 0.0442 156 273 330 373
diningtable 0.0433 109 148 322 371
diningtable 0.0431 63 230 186 322
diningtable 0.0411 94 224 201 291
diningtable 0.0403 0 245 183 372
diningtable 0.0392 138 244 267 324
diningtable 0.0378 67 203 233 307
diningtable 0.0352 321 245 447 315
diningtable 0.0319 54 211 180 288
diningtable 0.0315 207 204 258 237
diningtable 0.0306 203 200 452 312
diningtable 0.0305 34 243 150 340
diningtable 0.0290 186 201 235 238
diningtable 0.0286 282 305 456 365
diningtable 0.0265 147 201 217 233
diningtable 0.0231 191 211 244 245
diningtable 0.0230 201 207 239 234
diningtable 0.0218 65 182 244 264
diningtable 0.0215 144 276 272 353
diningtable 0.0212 196 287 401 375
diningtable 0.0211 360 282 493 335
diningtable 0.0210 92 188 214 246
person 0.2494 136 191 201 226
person 0.1775 130 195 203 287
person 0.1246 147 195 188 221
person 0.1212 132 187 212 249
person 0.0874 0 161 44 375
person 0.0784 151 192 202 213
person 0.0660 0 0 301 375
person 0.0553 145 196 187 259
person 0.0515 172 193 200 219
person 0.0483 58 271 72 320
person 0.0472 147 182 286 233
person 0.0457 181 194 204 224
person 0.0451 135 199 177 226
person 0.0445 144 205 188 227
person 0.0429 91 6 500 373
person 0.0402 134 121 299 335
person 0.0341 0 131 79 375
person 0.0337 174 193 209 238
person 0.0299 156 201 205 221
person 0.0297 2 177 43 268
person 0.0295 231 145 307 253
person 0.0292 125 202 193 238
person 0.0283 148 182 225 282
person 0.0281 55 271 77 331
person 0.0272 14 0 156 359
person 0.0265 263 134 500 375
person 0.0262 0 120 47 288
person 0.0243 160 183 214 230
person 0.0241 162 197 201 233
person 0.0239 64 274 80 318
person 0.0237 135 193 177 213
person 0.0232 318 0 378 59
person 0.0232 209 123 338 336
person 0.0226 49 242 80 323
person 0.0213 24 156 152 375
person 0.0213 53 255 75 310
person 0.0210 118 173 204 231
person 0.0201 137 203 165 232
pottedplant 0.0583 461 139 497 242
pottedplant 0.0504 473 144 500 275
pottedplant 0.0378 475 138 500 213
pottedplant 0.0342 215 202 261 239
pottedplant 0.0321 461 139 500 188
pottedplant 0.0311 205 202 238 242
pottedplant 0.0304 481 141 500 184
pottedplant 0.0268 207 205 238 224
pottedplant 0.0235 422 108 496 274
sofa 0.0907 372 234 436 279
sofa 0.0646 383 230 464 284
sofa 0.0483 396 209 499 300
sofa 0.0350 327 162 500 321
sofa 0.0337 275 206 488 288
sofa 0.0277 0 231 124 356
sofa 0.0257 376 221 481 267
sofa 0.0222 338 226 454 276
train 0.0243 71 0 324 327
train 0.0242 183 0 500 358
tvmonitor 0.1250 468 160 497 264
tvmonitor 0.0941 151 191 204 216
tvmonitor 0.0851 177 192 204 215
tvmonitor 0.0811 476 158 500 319
tvmonitor 0.0732 435 142 497 274
tvmonitor 0.0661 470 197 499 284
tvmonitor 0.0458 81 241 122 313
tvmonitor 0.0451 474 167 500 237
tvmonitor 0.0428 467 185 498 226
tvmonitor 0.0377 400 185 500 293
tvmonitor 0.0376 458 165 496 228
tvmonitor 0.0369 445 163 490 246
tvmonitor 0.0337 150 189 195 206
tvmonitor 0.0325 477 223 500 294
tvmonitor 0.0313 133 182 204 220
tvmonitor 0.0280 415 176 495 253
tvmonitor 0.0268 468 202 498 243
tvmonitor 0.0222 365 137 494 277
tvmonitor 0.0209 0 9 54 55
