boat 0.1092 31 408 271 486
boat 0.0431 4 325 310 478
boat 0.0376 44 459 115 483
boat 0.0300 244 275 494 482
boat 0.0216 47 457 155 487
bottle 0.1197 42 407 267 487
bottle 0.0668 0 327 298 477
bottle 0.0475 87 403 230 463
bottle 0.0451 254 221 346 457
bottle 0.0423 249 214 489 482
bottle 0.0392 16 159 52 275
bottle 0.0368 284 180 363 430
bottle 0.0367 43 458 113 483
bottle 0.0361 26 433 169 482
bottle 0.0359 27 383 200 480
bottle 0.0350 249 368 469 471
bottle 0.0338 74 406 172 481
bottle 0.0336 32 416 103 476
bottle 0.0284 23 251 51 363
bottle 0.0277 197 406 250 487
bottle 0.0267 243 316 361 466
bottle 0.0257 227 258 317 472
bottle 0.0256 90 400 153 460
bottle 0.0254 36 396 137 474
bottle 0.0247 291 214 345 381
bottle 0.0244 19 295 115 478
bottle 0.0238 144 400 256 474
bottle 0.0228 18 197 49 301
bottle 0.0227 382 308 477 485
bottle 0.0219 73 352 248 462
bottle 0.0212 111 380 309 475
bottle 0.0212 18 229 317 459
bottle 0.0201 14 223 84 472
diningtable 0.0246 0 300 322 494
person 0.9016 13 16 347 477
person 0.8524 250 29 495 481
person 0.3968 163 24 414 473
person 0.0902 269 37 394 442
person 0.0800 212 37 338 422
person 0.0598 15 152 64 389
person 0.0510 19 168 53 296
person 0.0492 234 12 465 300
person 0.0485 383 17 476 63
person 0.0473 252 148 349 436
person 0.0431 288 31 377 249
person 0.0423 115 30 326 121
person 0.0418 287 155 365 403
person 0.0412 301 27 427 348
person 0.0407 318 24 485 142
person 0.0404 334 16 491 75
person 0.0358 266 22 398 129
person 0.0345 26 28 256 120
person 0.0344 310 19 407 203
person 0.0314 230 163 318 387
person 0.0306 338 19 433 63
person 0.0296 12 94 144 467
person 0.0291 275 200 338 397
person 0.0289 255 48 346 305
person 0.0286 437 2 486 73
person 0.0266 9 83 77 338
person 0.0264 6 9 76 78
person 0.0258 54 18 151 62
person 0.0253 0 32 258 354
person 0.0253 225 29 363 240
person 0.0250 308 23 433 84
person 0.0247 19 197 57 350
person 0.0241 294 141 476 402
person 0.0236 141 168 337 423
person 0.0236 377 24 455 79
person 0.0233 277 18 500 212
person 0.0232 18 298 91 479
person 0.0228 0 0 44 83
person 0.0212 12 183 41 319
person 0.0205 200 24 338 138
person 0.0204 250 178 436 475
person 0.0204 21 17 118 64
tvmonitor 0.1417 297 18 485 334
tvmonitor 0.0589 305 25 470 144
tvmonitor 0.0373 17 25 199 127
tvmonitor 0.0348 79 31 337 136
tvmonitor 0.0317 11 23 348 198
tvmonitor 0.0316 268 30 390 239
tvmonitor 0.0306 209 17 376 302
tvmonitor 0.0289 304 42 420 203
tvmonitor 0.0254 244 20 420 138
tvmonitor 0.0240 306 101 471 221
tvmonitor 0.0210 206 14 486 196
tvmonitor 0.0209 2 19 190 301
tvmonitor 0.0207 285 13 437 97
