bird 0.0352 1 174 205 291
bird 0.0244 27 183 168 263
bird 0.0238 0 211 151 288
bird 0.0224 0 210 333 285
cat 0.7498 60 9 490 286
cat 0.3862 9 33 196 274
cat 0.1287 258 56 483 280
cat 0.1276 12 97 152 254
cat 0.1102 137 49 324 267
cat 0.1051 174 28 419 262
cat 0.1050 2 7 273 206
cat 0.0903 0 138 211 294
cat 0.0776 0 198 65 293
cat 0.0687 346 109 494 291
cat 0.0570 136 117 500 289
cat 0.0534 0 187 149 292
cat 0.0515 4 5 315 116
cat 0.0464 5 156 96 280
cat 0.0411 33 158 163 246
cat 0.0398 405 149 496 294
cat 0.0393 0 98 347 294
cat 0.0391 155 80 264 252
cat 0.0380 115 11 303 78
cat 0.0364 86 64 244 265
cat 0.0327 165 7 492 120
cat 0.0299 370 118 490 207
cat 0.0281 374 189 482 294
cat 0.0268 166 69 332 193
cat 0.0265 0 48 157 168
cat 0.0265 8 98 97 230
cat 0.0259 137 51 284 177
cat 0.0254 162 181 465 280
cat 0.0249 279 169 488 290
cat 0.0231 149 89 257 183
cat 0.0229 317 209 461 288
cat 0.0228 330 49 500 207
cat 0.0226 138 112 218 233
cat 0.0224 39 58 399 216
cat 0.0222 244 217 430 281
cat 0.0214 387 95 500 185
cat 0.0212 114 18 297 131
cat 0.0210 283 100 456 221
cat 0.0205 157 9 424 81
cat 0.0201 22 10 214 72
chair 0.0320 383 103 500 294
dog 0.0564 0 156 106 294
dog 0.0264 0 185 51 294
dog 0.0260 0 204 169 290
person 0.0205 369 234 400 285
