aeroplane 0.0793 0 87 432 375
bicycle 0.0430 0 89 360 366
boat 0.0398 0 48 500 375
boat 0.0237 0 16 145 186
bottle 0.0808 468 302 500 375
bottle 0.0685 476 295 499 350
bottle 0.0613 0 121 50 178
bottle 0.0532 438 330 459 357
bottle 0.0484 392 326 497 373
bottle 0.0469 430 332 485 374
bottle 0.0463 412 270 452 336
bottle 0.0461 0 241 48 281
bottle 0.0417 471 328 496 372
bottle 0.0396 355 244 389 314
bottle 0.0394 0 183 41 204
bottle 0.0378 442 332 467 363
bottle 0.0376 454 330 475 359
bottle 0.0339 449 322 499 369
bottle 0.0329 415 353 500 375
bottle 0.0326 4 132 30 166
bottle 0.0312 433 322 466 367
bottle 0.0279 0 178 22 206
bottle 0.0276 461 332 484 366
bottle 0.0275 474 280 500 332
bottle 0.0274 470 309 494 353
bottle 0.0268 430 282 455 337
bottle 0.0266 14 134 39 167
bottle 0.0266 20 243 47 278
bottle 0.0266 420 300 471 371
bottle 0.0252 436 331 477 357
bottle 0.0252 400 327 467 359
bottle 0.0250 24 134 47 167
bottle 0.0247 436 309 460 356
bottle 0.0240 0 244 27 280
bottle 0.0231 4 138 47 162
bottle 0.0228 460 312 488 362
bottle 0.0225 1 154 49 186
bottle 0.0224 470 298 497 328
bottle 0.0222 447 301 484 363
bottle 0.0218 32 134 52 166
bottle 0.0216 411 272 438 308
bottle 0.0211 415 287 435 329
car 0.0719 0 126 46 185
car 0.0560 0 114 138 189
car 0.0470 0 131 22 169
car 0.0345 483 107 499 143
car 0.0330 0 77 96 194
car 0.0301 0 142 22 186
car 0.0288 0 2 148 213
car 0.0273 0 159 49 186
car 0.0259 3 13 101 167
car 0.0252 14 95 172 167
car 0.0248 60 112 140 160
car 0.0222 70 146 110 162
car 0.0216 0 142 39 164
car 0.0206 0 120 47 155
cat 0.0317 456 328 500 375
chair 0.2188 0 253 329 373
chair 0.1993 9 153 273 359
chair 0.1863 286 190 493 375
chair 0.1619 263 162 316 195
chair 0.1616 0 166 120 298
chair 0.1598 192 156 328 366
chair 0.1319 108 171 408 373
chair 0.1059 267 189 384 372
chair 0.1047 302 288 500 375
chair 0.1012 0 180 154 375
chair 0.0949 187 173 290 308
chair 0.0928 232 167 341 323
chair 0.0896 0 115 60 194
chair 0.0862 243 230 344 375
chair 0.0859 473 226 500 303
chair 0.0814 11 162 208 283
chair 0.0791 379 313 499 375
chair 0.0752 252 164 411 290
chair 0.0743 252 159 321 211
chair 0.0699 0 129 138 255
chair 0.0698 0 209 89 280
chair 0.0674 454 218 500 345
chair 0.0652 283 158 316 188
chair 0.0648 318 214 412 365
chair 0.0640 152 246 442 375
chair 0.0640 0 132 82 211
chair 0.0625 227 160 350 254
chair 0.0598 310 172 414 244
chair 0.0594 370 252 500 368
chair 0.0572 333 176 464 317
chair 0.0549 0 249 120 369
chair 0.0530 166 262 314 371
chair 0.0494 71 298 320 371
chair 0.0474 413 234 500 347
chair 0.0474 458 179 500 304
chair 0.0470 272 170 402 225
chair 0.0467 0 236 69 302
chair 0.0462 108 164 257 275
chair 0.0461 179 216 303 347
chair 0.0457 1 208 212 320
chair 0.0455 272 162 301 192
chair 0.0450 305 235 375 375
chair 0.0445 0 156 109 235
chair 0.0442 273 163 463 251
chair 0.0430 0 160 75 202
chair 0.0430 0 286 191 375
chair 0.0430 0 117 51 159
chair 0.0421 44 158 129 270
chair 0.0418 0 223 52 374
chair 0.0412 210 286 333 375
chair 0.0384 333 176 400 230
chair 0.0377 263 163 355 203
chair 0.0376 284 253 353 374
chair 0.0376 55 157 231 248
chair 0.0376 255 163 318 257
chair 0.0372 0 123 29 170
chair 0.0367 333 174 401 310
chair 0.0364 0 175 52 204
chair 0.0358 264 167 293 198
chair 0.0355 411 285 486 375
chair 0.0354 212 163 315 285
chair 0.0352 0 63 446 375
chair 0.0352 81 204 286 281
chair 0.0351 0 95 89 366
chair 0.0349 251 302 427 371
chair 0.0347 129 159 203 274
chair 0.0342 32 137 164 227
chair 0.0339 296 176 392 274
chair 0.0333 0 242 42 294
chair 0.0330 35 156 115 212
chair 0.0329 426 204 500 303
chair 0.0326 0 188 82 326
chair 0.0324 181 197 257 288
chair 0.0321 0 145 45 202
chair 0.0319 9 102 127 206
chair 0.0319 354 246 389 314
chair 0.0310 450 311 500 375
chair 0.0305 472 286 500 375
chair 0.0292 189 212 339 298
chair 0.0287 261 144 318 184
chair 0.0285 267 173 330 225
chair 0.0279 318 321 473 372
chair 0.0274 470 258 500 337
chair 0.0273 341 218 395 340
chair 0.0273 5 151 89 190
chair 0.0272 0 165 73 261
chair 0.0269 34 205 122 272
chair 0.0268 82 157 183 272
chair 0.0264 7 171 97 212
chair 0.0263 228 206 425 338
chair 0.0259 348 237 455 335
chair 0.0259 0 233 128 304
chair 0.0257 4 241 94 279
chair 0.0256 474 177 500 278
chair 0.0254 452 215 500 280
chair 0.0253 257 143 341 231
chair 0.0245 0 182 77 220
chair 0.0240 49 146 97 201
chair 0.0235 367 171 403 226
chair 0.0233 0 17 130 227
chair 0.0233 38 118 141 193
chair 0.0232 314 338 426 373
chair 0.0231 0 94 71 242
chair 0.0231 432 289 463 359
chair 0.0230 287 178 361 226
chair 0.0230 351 271 459 375
chair 0.0229 344 186 396 257
chair 0.0226 241 190 305 300
chair 0.0223 17 120 57 176
chair 0.0221 51 147 150 199
chair 0.0221 250 152 292 200
chair 0.0219 217 152 367 210
chair 0.0218 219 210 281 303
chair 0.0216 60 144 216 211
chair 0.0215 256 165 287 204
chair 0.0215 48 97 230 271
chair 0.0210 314 291 354 375
chair 0.0210 139 224 268 291
chair 0.0208 271 155 337 186
chair 0.0206 400 266 472 339
chair 0.0205 208 228 268 292
chair 0.0203 91 263 310 338
chair 0.0201 437 240 494 302
chair 0.0201 0 69 184 341
chair 0.0200 312 294 392 373
person 0.7418 303 165 496 371
person 0.6118 188 155 270 291
person 0.2800 291 146 312 175
person 0.2781 192 159 308 341
person 0.1900 46 153 334 362
person 0.1590 0 159 118 297
person 0.1306 199 155 302 243
person 0.1273 283 146 316 190
person 0.0993 396 167 496 336
person 0.0960 228 158 441 322
person 0.0948 416 259 498 371
person 0.0904 392 311 499 375
person 0.0869 460 292 498 373
person 0.0845 341 172 458 337
person 0.0809 450 219 500 368
person 0.0794 240 156 316 206
person 0.0753 372 166 476 258
person 0.0700 288 146 307 167
person 0.0674 191 154 269 220
person 0.0660 0 196 72 299
person 0.0616 108 149 260 293
person 0.0586 227 159 313 281
person 0.0568 426 166 491 290
person 0.0551 61 80 500 375
person 0.0524 316 175 417 326
person 0.0521 312 160 480 276
person 0.0499 288 166 448 244
person 0.0484 238 157 272 222
person 0.0467 438 317 494 375
person 0.0462 302 149 322 176
person 0.0458 290 157 319 184
person 0.0450 143 159 218 276
person 0.0436 0 122 36 183
person 0.0435 1 220 51 284
person 0.0422 342 173 421 272
person 0.0410 472 284 500 344
person 0.0410 394 236 478 355
person 0.0407 421 166 471 245
person 0.0401 260 156 320 189
person 0.0381 364 192 488 301
person 0.0373 291 138 321 179
person 0.0358 166 147 247 268
person 0.0353 222 159 288 217
person 0.0351 390 165 469 202
person 0.0348 290 151 302 166
person 0.0335 442 167 483 245
person 0.0333 348 204 410 326
person 0.0325 364 225 500 375
person 0.0323 0 173 68 211
person 0.0307 281 145 315 168
person 0.0305 0 83 152 314
person 0.0303 222 212 257 288
person 0.0301 442 275 490 354
person 0.0299 467 322 500 375
person 0.0294 404 164 461 227
person 0.0291 198 191 252 288
person 0.0290 470 249 500 369
person 0.0290 249 161 306 230
person 0.0285 211 162 264 255
person 0.0279 171 145 303 207
person 0.0278 443 226 492 300
person 0.0276 357 166 443 227
person 0.0267 275 158 315 178
person 0.0267 0 165 81 259
person 0.0264 352 226 440 351
person 0.0259 213 153 266 196
person 0.0258 373 170 417 241
person 0.0257 189 169 240 249
person 0.0253 416 325 467 363
person 0.0252 0 144 34 205
person 0.0247 353 178 407 250
person 0.0246 0 171 22 203
person 0.0245 352 237 388 317
person 0.0243 269 147 324 179
person 0.0242 368 168 396 178
person 0.0239 434 299 464 361
person 0.0233 168 158 226 242
person 0.0231 268 142 310 195
person 0.0229 162 155 235 207
person 0.0228 244 179 268 222
person 0.0228 281 148 293 167
person 0.0226 0 241 39 291
person 0.0218 217 154 258 170
person 0.0216 403 180 467 281
person 0.0214 278 135 311 178
person 0.0213 381 167 393 179
person 0.0213 172 183 232 283
person 0.0210 391 176 438 251
person 0.0210 202 156 247 212
person 0.0209 403 164 500 239
person 0.0209 250 172 273 212
person 0.0208 230 181 263 266
person 0.0207 433 319 481 359
pottedplant 0.1179 479 177 499 238
pottedplant 0.1030 480 162 498 191
pottedplant 0.0526 466 167 495 252
pottedplant 0.0476 483 160 500 218
pottedplant 0.0425 477 165 500 290
pottedplant 0.0330 456 165 500 304
pottedplant 0.0326 476 166 496 224
pottedplant 0.0313 478 144 500 189
pottedplant 0.0241 475 189 493 231
pottedplant 0.0239 477 168 493 200
pottedplant 0.0228 451 159 496 213
pottedplant 0.0217 484 133 500 266
sofa 0.5192 14 160 415 369
sofa 0.3073 65 159 311 290
sofa 0.2315 180 155 307 303
sofa 0.1943 224 181 500 375
sofa 0.1619 1 228 312 375
sofa 0.1366 0 153 131 296
sofa 0.1356 112 171 325 367
sofa 0.1185 6 164 229 306
sofa 0.1075 204 158 405 287
sofa 0.0576 144 158 288 261
sofa 0.0422 41 206 306 317
sofa 0.0387 131 224 302 297
sofa 0.0326 210 152 327 200
sofa 0.0320 168 133 350 269
sofa 0.0296 0 132 227 250
sofa 0.0249 169 191 360 320
sofa 0.0221 100 141 306 229
sofa 0.0208 201 147 389 220
train 0.0607 4 0 353 317
train 0.0475 0 0 162 194
train 0.0310 33 0 271 226
train 0.0271 0 0 500 196
train 0.0252 163 0 499 375
tvmonitor 0.0985 0 111 60 190
tvmonitor 0.0455 0 129 41 168
tvmonitor 0.0369 67 114 136 159
tvmonitor 0.0340 412 166 494 261
tvmonitor 0.0322 0 118 46 151
tvmonitor 0.0250 0 129 26 159
tvmonitor 0.0232 479 135 500 190
tvmonitor 0.0227 379 164 494 226
tvmonitor 0.0226 0 103 71 147
tvmonitor 0.0222 4 110 96 165
tvmonitor 0.0209 109 117 134 157
tvmonitor 0.0205 78 125 112 161
