boat 0.0432 402 441 489 478
boat 0.0213 198 386 470 477
bottle 0.3192 409 336 486 476
bottle 0.1282 389 249 483 480
bottle 0.1035 438 309 486 448
bottle 0.0847 352 74 380 107
bottle 0.0641 357 372 489 476
bottle 0.0594 399 406 489 477
bottle 0.0587 157 271 235 480
bottle 0.0576 456 327 486 432
bottle 0.0572 0 177 36 215
bottle 0.0559 428 340 466 423
bottle 0.0516 465 416 488 480
bottle 0.0476 455 365 488 471
bottle 0.0420 226 303 306 476
bottle 0.0412 422 359 461 447
bottle 0.0400 0 182 35 255
bottle 0.0384 448 321 478 416
bottle 0.0379 347 72 368 106
bottle 0.0377 156 235 307 480
bottle 0.0359 176 338 231 480
bottle 0.0353 172 433 228 480
bottle 0.0352 402 381 453 472
bottle 0.0344 456 290 485 397
bottle 0.0343 459 325 479 402
bottle 0.0327 339 323 450 480
bottle 0.0318 0 188 25 239
bottle 0.0315 440 334 466 402
bottle 0.0310 163 266 446 476
bottle 0.0303 171 394 216 480
bottle 0.0288 0 168 24 209
bottle 0.0285 2 76 17 132
bottle 0.0285 0 167 50 277
bottle 0.0278 414 361 486 429
bottle 0.0275 216 374 320 480
bottle 0.0274 455 328 473 374
bottle 0.0274 406 442 485 480
bottle 0.0270 469 328 486 378
bottle 0.0269 148 345 201 480
bottle 0.0269 445 361 465 406
bottle 0.0257 467 355 488 445
bottle 0.0253 412 300 469 437
bottle 0.0252 214 393 438 474
bottle 0.0251 46 48 91 134
bottle 0.0249 460 357 481 411
bottle 0.0247 436 342 460 391
bottle 0.0246 177 289 228 414
bottle 0.0245 214 3 347 74
bottle 0.0245 459 379 484 435
bottle 0.0242 459 411 485 456
bottle 0.0240 434 360 458 408
bottle 0.0238 447 282 480 374
bottle 0.0237 47 50 64 97
bottle 0.0235 0 77 9 137
bottle 0.0234 459 440 488 476
bottle 0.0232 452 363 473 408
bottle 0.0228 8 60 30 132
bottle 0.0224 428 370 450 417
bottle 0.0223 0 152 46 227
bottle 0.0219 466 303 489 381
bottle 0.0218 188 441 218 480
bottle 0.0218 381 380 424 472
bottle 0.0214 444 330 464 375
bottle 0.0207 144 367 252 479
bottle 0.0206 144 432 207 480
bottle 0.0202 434 282 475 405
bottle 0.0201 199 320 387 474
car 0.0269 0 130 22 165
car 0.0224 0 154 41 210
chair 0.0887 466 444 489 480
chair 0.0732 142 88 489 472
chair 0.0642 170 291 233 479
chair 0.0580 453 456 489 479
chair 0.0547 442 439 489 480
chair 0.0520 278 328 489 476
chair 0.0434 464 409 489 479
chair 0.0411 389 418 489 480
chair 0.0380 169 266 486 480
chair 0.0313 403 442 485 478
chair 0.0301 416 343 489 480
chair 0.0284 255 389 457 474
chair 0.0283 0 295 222 478
chair 0.0270 144 325 210 480
chair 0.0257 360 367 484 479
chair 0.0242 182 310 222 395
chair 0.0227 6 53 40 145
chair 0.0221 48 49 92 125
chair 0.0219 463 284 489 379
chair 0.0215 460 270 489 450
chair 0.0205 9 381 198 472
diningtable 0.0455 107 150 489 480
diningtable 0.0333 267 364 489 480
person 0.9008 167 0 473 477
person 0.8926 0 103 217 476
person 0.1952 64 25 370 480
person 0.1111 383 236 489 479
person 0.1063 47 106 73 156
person 0.0820 420 285 485 454
person 0.0816 126 65 299 462
person 0.0815 353 125 483 468
person 0.0769 181 3 414 244
person 0.0706 182 3 289 234
person 0.0617 106 135 227 475
person 0.0577 161 296 228 477
person 0.0576 47 90 87 159
person 0.0551 121 93 215 254
person 0.0548 42 109 61 155
person 0.0534 157 74 242 248
person 0.0529 18 39 255 362
person 0.0460 2 134 84 326
person 0.0430 144 190 261 473
person 0.0430 129 255 216 472
person 0.0416 53 109 82 151
person 0.0409 37 64 77 154
person 0.0394 0 98 212 279
person 0.0392 36 102 78 172
person 0.0386 216 8 408 118
person 0.0367 46 51 90 144
person 0.0366 17 60 57 154
person 0.0338 0 183 29 261
person 0.0331 80 91 205 352
person 0.0324 32 102 56 158
person 0.0322 3 157 99 460
person 0.0321 5 64 33 140
person 0.0321 193 0 322 155
person 0.0307 2 82 17 134
person 0.0306 164 190 338 476
person 0.0300 189 37 252 217
person 0.0294 16 103 61 175
person 0.0293 172 96 279 257
person 0.0286 9 81 27 133
person 0.0281 133 54 253 316
person 0.0278 68 94 216 204
person 0.0277 0 189 43 290
person 0.0276 0 99 104 227
person 0.0273 298 10 403 187
person 0.0272 67 217 201 480
person 0.0272 46 81 70 145
person 0.0272 0 149 38 214
person 0.0270 0 201 21 255
person 0.0263 131 329 196 477
person 0.0256 17 51 84 164
person 0.0256 129 50 212 203
person 0.0255 26 111 68 162
person 0.0253 163 98 217 222
person 0.0246 51 104 90 133
person 0.0246 45 101 119 152
person 0.0243 2 115 76 196
person 0.0240 0 124 154 346
person 0.0240 251 3 341 74
person 0.0234 353 74 382 109
person 0.0229 4 90 158 192
person 0.0226 432 264 479 409
person 0.0225 0 84 35 165
person 0.0222 304 5 467 304
person 0.0221 226 74 461 362
person 0.0217 450 274 485 389
person 0.0217 240 201 473 476
person 0.0216 276 1 349 146
person 0.0214 254 0 471 189
person 0.0212 152 98 199 202
person 0.0211 22 67 45 137
person 0.0209 98 91 162 154
person 0.0205 54 99 98 173
person 0.0202 290 12 461 123
pottedplant 0.0270 221 294 300 480
pottedplant 0.0223 7 52 42 132
train 0.0252 199 130 481 288
tvmonitor 0.0927 179 441 217 480
tvmonitor 0.0321 425 252 483 444
tvmonitor 0.0261 186 59 447 256
tvmonitor 0.0259 453 282 486 371
tvmonitor 0.0254 166 436 235 480
tvmonitor 0.0236 183 403 219 480
tvmonitor 0.0232 356 226 486 464
tvmonitor 0.0226 8 49 84 154
tvmonitor 0.0215 446 267 486 416
tvmonitor 0.0206 6 54 35 133
tvmonitor 0.0201 223 0 342 81
