aeroplane 0.1038 221 54 294 120
aeroplane 0.0958 26 0 500 221
aeroplane 0.0884 244 62 273 109
aeroplane 0.0772 4 0 500 113
aeroplane 0.0548 188 48 332 128
aeroplane 0.0540 202 72 290 138
aeroplane 0.0511 0 205 30 245
aeroplane 0.0417 235 71 285 116
aeroplane 0.0360 203 54 248 122
aeroplane 0.0351 0 205 34 225
aeroplane 0.0330 1 89 278 242
aeroplane 0.0323 0 37 367 273
aeroplane 0.0305 83 14 378 108
aeroplane 0.0298 0 211 18 249
aeroplane 0.0270 218 94 292 122
aeroplane 0.0255 250 54 306 111
aeroplane 0.0253 221 0 486 162
aeroplane 0.0238 0 196 48 238
aeroplane 0.0237 4 43 500 375
aeroplane 0.0232 3 220 46 243
aeroplane 0.0231 439 215 488 276
aeroplane 0.0229 232 55 482 246
aeroplane 0.0229 173 41 410 162
aeroplane 0.0229 242 81 289 109
aeroplane 0.0227 310 129 429 218
aeroplane 0.0221 2 210 70 245
aeroplane 0.0215 284 68 299 108
aeroplane 0.0208 227 89 282 113
aeroplane 0.0206 0 224 31 248
aeroplane 0.0204 229 80 299 130
aeroplane 0.0204 1 199 22 231
aeroplane 0.0203 336 171 411 220
aeroplane 0.0200 203 92 248 137
aeroplane 0.0200 15 202 36 219
boat 0.0692 0 0 500 375
boat 0.0583 200 44 225 123
boat 0.0505 206 52 219 98
boat 0.0473 25 18 342 224
boat 0.0454 7 15 173 314
boat 0.0329 0 0 500 163
boat 0.0318 274 47 300 111
boat 0.0300 387 162 433 215
boat 0.0290 199 49 257 124
boat 0.0270 193 49 235 144
boat 0.0246 205 54 229 108
boat 0.0240 285 51 297 101
boat 0.0236 253 49 298 109
boat 0.0227 206 66 221 115
boat 0.0226 203 51 214 82
boat 0.0224 188 33 484 169
boat 0.0218 344 171 431 220
boat 0.0217 185 48 297 113
bus 0.0634 389 178 433 213
bus 0.0365 392 188 412 212
bus 0.0295 397 185 422 212
bus 0.0252 345 176 386 222
bus 0.0243 409 189 429 213
bus 0.0229 388 196 402 214
bus 0.0220 381 185 417 215
car 0.8636 207 207 261 232
car 0.4910 345 199 383 220
car 0.1939 345 197 384 243
car 0.0948 0 214 11 249
car 0.0838 345 208 382 225
car 0.0804 0 209 20 246
car 0.0780 345 194 374 214
car 0.0621 209 209 239 235
car 0.0595 365 195 386 220
car 0.0589 286 199 305 218
car 0.0581 366 200 395 215
car 0.0566 350 205 375 236
car 0.0551 347 216 384 230
car 0.0543 224 209 274 230
car 0.0542 342 199 405 230
car 0.0537 346 190 417 221
car 0.0499 0 0 500 375
car 0.0497 354 197 398 218
car 0.0493 245 212 272 227
car 0.0481 204 200 266 247
car 0.0467 0 223 18 254
car 0.0462 210 220 253 236
car 0.0449 347 216 381 251
car 0.0443 349 189 379 204
car 0.0432 345 203 369 222
car 0.0412 361 209 380 235
car 0.0410 280 205 310 221
car 0.0397 378 231 397 245
car 0.0393 380 227 400 240
car 0.0379 224 221 264 238
car 0.0371 361 220 396 247
car 0.0369 327 209 348 219
car 0.0369 245 207 264 233
car 0.0369 320 208 335 221
car 0.0367 366 226 391 241
car 0.0352 339 208 360 219
car 0.0351 383 201 407 214
car 0.0348 296 207 322 220
car 0.0345 357 206 389 227
car 0.0337 346 209 404 248
car 0.0328 365 230 388 248
car 0.0326 348 190 363 210
car 0.0323 310 209 332 219
car 0.0309 353 224 382 242
car 0.0308 257 212 281 226
car 0.0306 292 199 308 213
car 0.0301 361 194 382 208
car 0.0299 0 227 28 246
car 0.0296 358 191 387 203
car 0.0293 363 204 398 219
car 0.0291 343 196 356 220
car 0.0288 415 211 439 239
car 0.0286 365 199 379 213
car 0.0286 236 207 262 226
car 0.0281 370 220 399 232
car 0.0275 297 202 319 215
car 0.0271 392 202 419 214
car 0.0268 203 218 219 233
car 0.0266 195 219 210 232
car 0.0266 347 213 366 238
car 0.0264 269 207 297 221
car 0.0263 326 214 349 224
car 0.0261 378 221 404 245
car 0.0261 327 205 342 217
car 0.0259 272 196 304 220
car 0.0258 372 221 392 236
car 0.0258 418 194 433 213
car 0.0257 204 212 221 229
car 0.0256 355 229 379 250
car 0.0255 340 203 362 213
car 0.0251 0 225 11 266
car 0.0251 336 209 351 221
car 0.0251 224 204 307 230
car 0.0249 401 201 430 213
car 0.0249 390 224 403 238
car 0.0248 0 208 31 230
car 0.0246 319 212 336 226
car 0.0245 340 203 390 263
car 0.0244 197 214 211 229
car 0.0243 337 214 357 224
car 0.0240 265 212 296 225
car 0.0239 401 192 436 211
car 0.0238 244 208 286 229
car 0.0237 213 202 249 217
car 0.0235 410 201 438 211
car 0.0235 325 203 377 221
car 0.0234 281 198 315 218
car 0.0231 0 235 18 269
car 0.0230 366 191 426 232
car 0.0230 314 205 327 217
car 0.0224 329 204 349 215
car 0.0223 346 211 364 226
car 0.0222 156 216 175 233
car 0.0221 193 213 246 233
car 0.0220 178 206 252 231
car 0.0219 340 187 387 210
car 0.0218 326 209 338 223
car 0.0218 287 198 306 208
car 0.0214 376 199 385 212
car 0.0213 288 204 329 222
car 0.0213 438 225 487 277
car 0.0209 459 211 500 231
car 0.0208 338 204 352 216
car 0.0206 215 231 250 244
car 0.0206 315 202 348 223
car 0.0205 261 204 304 224
car 0.0204 275 210 313 226
car 0.0204 435 65 478 84
car 0.0203 375 197 399 210
car 0.0201 371 212 403 225
car 0.0200 378 197 394 219
person 0.4023 130 210 143 233
person 0.1444 128 213 138 234
person 0.1158 385 231 394 246
person 0.1152 353 226 370 256
person 0.0995 133 213 150 233
person 0.0915 419 210 436 239
person 0.0857 363 226 377 255
person 0.0800 389 230 399 245
person 0.0765 376 227 387 251
person 0.0746 287 198 302 219
person 0.0739 349 209 376 253
person 0.0728 380 226 394 253
person 0.0725 0 0 427 375
person 0.0696 133 213 143 227
person 0.0559 355 223 380 259
person 0.0555 149 217 158 232
person 0.0553 349 222 364 252
person 0.0500 442 235 473 279
person 0.0493 122 207 141 236
person 0.0493 155 215 167 232
person 0.0464 368 221 390 254
person 0.0455 379 229 393 244
person 0.0450 294 201 306 216
person 0.0432 414 213 429 240
person 0.0402 281 200 294 220
person 0.0392 376 216 397 246
person 0.0377 386 227 400 251
person 0.0372 371 229 388 262
person 0.0360 120 216 128 233
person 0.0359 345 226 357 255
person 0.0356 398 229 407 243
person 0.0355 375 223 386 240
person 0.0342 291 203 300 214
person 0.0341 159 214 173 233
person 0.0337 284 203 293 217
person 0.0325 144 217 161 233
person 0.0319 363 225 384 245
person 0.0316 424 204 439 235
person 0.0315 2 215 27 245
person 0.0313 59 214 74 241
person 0.0309 450 208 465 234
person 0.0308 124 215 135 230
person 0.0306 405 218 417 239
person 0.0295 354 201 393 256
person 0.0280 133 209 161 234
person 0.0278 320 206 329 220
person 0.0274 345 220 372 261
person 0.0270 303 203 314 219
person 0.0270 430 212 447 238
person 0.0267 314 206 323 219
person 0.0266 127 206 151 231
person 0.0265 359 219 393 266
person 0.0250 382 215 394 234
person 0.0248 196 216 207 231
person 0.0245 286 200 299 212
person 0.0244 342 220 361 257
person 0.0243 345 193 355 214
person 0.0241 390 218 400 235
person 0.0232 273 201 284 221
person 0.0231 139 213 149 227
person 0.0229 410 204 433 239
person 0.0220 129 216 136 226
person 0.0219 265 206 274 222
person 0.0218 445 213 457 234
person 0.0215 56 220 67 239
person 0.0212 252 211 261 224
person 0.0210 151 208 170 235
person 0.0207 112 221 119 233
person 0.0207 442 246 461 279
person 0.0203 427 200 438 221
person 0.0202 282 190 304 218
person 0.0202 399 219 407 234
pottedplant 0.0400 216 270 254 285
pottedplant 0.0238 62 280 136 317
pottedplant 0.0218 103 285 138 306
train 0.0608 388 178 435 213
train 0.0512 347 194 405 221
train 0.0474 0 0 500 329
train 0.0388 362 185 432 220
train 0.0299 315 129 399 156
train 0.0286 339 196 416 234
train 0.0238 368 196 414 216
train 0.0219 385 188 437 233
train 0.0216 350 186 439 242
train 0.0212 409 186 435 218
