bottle 0.1921 299 320 325 375
bottle 0.0761 192 334 221 375
bottle 0.0517 295 327 313 374
bottle 0.0469 301 336 340 375
bottle 0.0462 299 352 330 375
bottle 0.0448 299 316 377 374
bottle 0.0438 320 323 362 375
bottle 0.0388 327 344 351 375
bottle 0.0364 298 301 342 375
bottle 0.0333 308 358 357 374
bottle 0.0332 308 326 333 371
bottle 0.0313 307 276 387 375
bottle 0.0301 324 360 368 374
bottle 0.0279 332 304 371 375
bottle 0.0277 164 331 224 375
bottle 0.0273 321 337 344 373
bottle 0.0256 461 315 497 375
bottle 0.0227 280 321 320 375
bottle 0.0217 197 350 227 375
bottle 0.0216 287 353 317 375
bottle 0.0211 304 341 371 375
bottle 0.0208 28 338 134 373
bottle 0.0205 297 363 332 375
car 0.1012 185 85 377 177
car 0.0868 191 88 306 163
car 0.0746 123 70 333 183
car 0.0556 171 65 462 166
car 0.0549 18 36 279 153
car 0.0524 216 89 310 134
car 0.0483 82 24 466 130
car 0.0408 44 22 297 108
car 0.0401 196 115 309 181
car 0.0400 143 56 311 132
car 0.0379 23 0 500 265
car 0.0347 19 21 193 98
car 0.0312 329 74 496 143
car 0.0287 234 41 493 122
car 0.0267 214 79 360 129
car 0.0254 313 88 500 182
car 0.0206 161 123 310 212
chair 0.1405 6 150 245 373
chair 0.0670 5 176 89 375
chair 0.0594 13 264 245 371
chair 0.0534 0 211 173 373
chair 0.0520 124 134 253 375
chair 0.0470 201 198 426 374
chair 0.0468 152 204 240 374
chair 0.0466 162 126 307 373
chair 0.0457 3 300 188 372
chair 0.0428 17 245 122 375
chair 0.0391 0 115 81 240
chair 0.0334 182 217 282 373
chair 0.0329 137 233 350 375
chair 0.0328 0 144 65 320
chair 0.0319 139 268 257 371
chair 0.0299 230 219 311 371
chair 0.0289 367 246 494 375
chair 0.0288 240 297 417 371
chair 0.0274 148 304 325 370
chair 0.0270 291 255 422 374
chair 0.0262 90 297 239 374
chair 0.0260 1 176 75 254
chair 0.0258 0 234 63 375
chair 0.0239 204 266 334 370
chair 0.0229 50 261 156 375
chair 0.0219 0 126 132 329
chair 0.0217 2 338 97 373
diningtable 0.0519 184 180 488 375
diningtable 0.0460 0 161 336 375
diningtable 0.0220 261 242 499 374
person 0.8828 3 60 241 371
person 0.8471 225 89 447 375
person 0.6758 388 109 500 375
person 0.2768 0 26 100 359
person 0.2305 54 55 441 374
person 0.2128 2 39 89 226
person 0.2128 154 68 264 166
person 0.1682 184 83 312 173
person 0.1565 0 58 170 267
person 0.1273 35 59 246 241
person 0.1169 91 81 291 375
person 0.1102 99 64 253 192
person 0.1065 190 86 260 152
person 0.1057 305 66 500 375
person 0.1010 0 0 53 155
person 0.0976 1 101 75 264
person 0.0963 136 72 262 298
person 0.0928 0 7 157 178
person 0.0902 158 81 246 236
person 0.0847 330 108 447 350
person 0.0824 26 60 222 163
person 0.0820 201 89 365 200
person 0.0818 174 80 342 342
person 0.0733 5 63 95 156
person 0.0706 162 66 300 213
person 0.0690 371 101 481 268
person 0.0685 0 70 127 188
person 0.0673 5 153 86 374
person 0.0639 201 102 277 160
person 0.0638 111 55 246 139
person 0.0610 0 5 97 132
person 0.0608 72 55 196 96
person 0.0552 3 13 42 112
person 0.0543 292 167 418 375
person 0.0542 344 97 438 260
person 0.0533 205 87 303 144
person 0.0533 159 136 232 275
person 0.0485 130 54 195 94
person 0.0483 31 50 195 125
person 0.0480 56 72 162 191
person 0.0474 410 96 500 248
person 0.0469 283 85 474 263
person 0.0456 194 165 380 375
person 0.0451 233 98 354 281
person 0.0433 342 209 431 375
person 0.0428 254 88 392 176
person 0.0419 166 112 226 228
person 0.0417 176 55 414 234
person 0.0414 183 95 241 204
person 0.0399 356 89 486 187
person 0.0396 219 132 325 358
person 0.0396 154 61 241 126
person 0.0390 172 75 238 145
person 0.0377 44 45 349 164
person 0.0377 149 119 244 358
person 0.0366 36 67 100 120
person 0.0352 448 101 500 281
person 0.0350 15 103 122 285
person 0.0349 0 16 316 263
person 0.0348 73 84 216 336
person 0.0347 1 17 74 101
person 0.0342 1 46 39 138
person 0.0335 99 51 193 84
person 0.0333 300 57 318 81
person 0.0328 0 62 58 189
person 0.0324 72 58 143 88
person 0.0316 42 75 97 190
person 0.0307 31 137 186 375
person 0.0307 7 1 59 76
person 0.0307 176 55 328 141
person 0.0304 145 61 212 109
person 0.0300 34 103 98 242
person 0.0294 13 37 121 121
person 0.0294 52 62 171 107
person 0.0293 439 109 498 208
person 0.0286 0 15 256 132
person 0.0275 170 70 251 110
person 0.0273 328 87 412 214
person 0.0270 1 113 74 195
person 0.0270 378 113 419 198
person 0.0270 417 156 496 311
person 0.0268 100 50 241 103
person 0.0266 52 56 121 98
person 0.0266 210 48 500 164
person 0.0262 198 70 251 135
person 0.0262 190 125 229 210
person 0.0262 31 64 99 92
person 0.0257 27 74 87 143
person 0.0256 22 54 92 106
person 0.0256 390 171 467 287
person 0.0254 180 104 323 258
person 0.0253 11 33 62 117
person 0.0253 27 19 177 106
person 0.0251 194 81 282 126
person 0.0250 446 106 500 163
person 0.0248 63 101 152 247
person 0.0248 363 92 427 217
person 0.0246 221 103 261 156
person 0.0244 233 70 342 165
person 0.0242 94 79 196 220
person 0.0239 382 263 500 375
person 0.0239 138 51 194 76
person 0.0237 29 29 82 97
person 0.0236 200 110 249 184
person 0.0232 31 59 133 138
person 0.0231 51 48 171 87
person 0.0231 307 89 393 131
person 0.0230 56 71 107 133
person 0.0230 185 64 225 92
person 0.0227 186 156 232 233
person 0.0227 381 144 451 263
person 0.0220 246 96 285 121
person 0.0218 1 81 41 166
person 0.0217 390 122 434 196
person 0.0216 39 41 104 89
person 0.0214 34 343 124 375
person 0.0214 194 76 235 94
person 0.0213 4 63 76 122
person 0.0212 42 71 92 88
person 0.0211 156 73 211 142
person 0.0209 135 54 200 131
person 0.0209 389 110 474 209
person 0.0208 175 58 240 99
person 0.0206 186 69 231 129
person 0.0205 216 92 277 137
person 0.0205 166 165 224 243
person 0.0203 273 100 444 197
person 0.0203 181 83 249 123
sofa 0.1755 0 77 364 375
sofa 0.1247 133 98 500 375
sofa 0.0231 0 97 239 303
train 0.0324 0 0 500 174
tvmonitor 0.1092 198 94 305 173
tvmonitor 0.0839 226 122 306 171
tvmonitor 0.0644 241 93 307 124
tvmonitor 0.0615 180 75 395 194
tvmonitor 0.0595 233 99 306 147
tvmonitor 0.0512 191 18 476 156
tvmonitor 0.0461 224 79 413 146
tvmonitor 0.0440 184 0 492 375
tvmonitor 0.0357 214 117 311 202
tvmonitor 0.0355 162 50 436 131
tvmonitor 0.0352 195 75 311 143
tvmonitor 0.0320 78 26 326 146
tvmonitor 0.0317 250 127 304 161
tvmonitor 0.0287 32 0 500 127
tvmonitor 0.0287 240 77 495 189
tvmonitor 0.0272 0 0 321 96
tvmonitor 0.0257 236 89 365 131
tvmonitor 0.0251 132 21 330 91
tvmonitor 0.0249 43 25 247 121
tvmonitor 0.0244 250 57 469 113
tvmonitor 0.0231 165 338 221 375
tvmonitor 0.0230 212 140 299 168
tvmonitor 0.0223 258 126 309 184
tvmonitor 0.0223 321 76 463 155
tvmonitor 0.0219 235 106 344 184
tvmonitor 0.0207 0 0 149 110
tvmonitor 0.0205 275 83 392 122
tvmonitor 0.0201 223 106 434 224
