aeroplane 0.1191 118 356 168 374
aeroplane 0.0643 113 258 172 277
aeroplane 0.0552 0 2 500 374
aeroplane 0.0492 94 352 170 375
aeroplane 0.0483 116 260 149 276
aeroplane 0.0463 111 251 203 278
aeroplane 0.0402 123 355 202 375
aeroplane 0.0332 209 254 272 279
aeroplane 0.0251 243 253 302 278
aeroplane 0.0237 115 240 177 275
aeroplane 0.0233 236 248 280 279
aeroplane 0.0213 234 251 247 262
aeroplane 0.0207 2 170 472 367
aeroplane 0.0202 167 250 255 278
bicycle 0.0529 114 260 160 279
bicycle 0.0201 112 257 180 283
bird 0.0364 10 0 348 343
boat 0.1004 127 356 167 375
boat 0.0305 81 350 176 373
boat 0.0215 122 357 222 375
boat 0.0214 145 357 182 375
boat 0.0210 0 0 469 345
boat 0.0202 115 255 150 280
car 0.6477 241 263 269 282
car 0.2358 283 257 302 275
car 0.0992 234 265 256 282
car 0.0796 287 259 300 272
car 0.0784 114 264 158 278
car 0.0760 233 262 283 282
car 0.0676 280 264 302 277
car 0.0597 275 253 301 278
car 0.0582 268 265 289 279
car 0.0581 232 263 245 284
car 0.0535 237 269 264 283
car 0.0491 245 258 267 275
car 0.0473 259 263 276 278
car 0.0424 287 256 305 269
car 0.0422 222 264 265 281
car 0.0403 293 261 316 273
car 0.0402 115 267 147 283
car 0.0382 279 262 295 274
car 0.0364 0 0 500 375
car 0.0361 276 262 289 276
car 0.0360 244 267 274 289
car 0.0339 259 262 294 280
car 0.0319 231 271 252 283
car 0.0310 217 260 250 283
car 0.0259 230 264 270 291
car 0.0258 281 260 290 271
car 0.0254 282 256 322 275
car 0.0252 232 255 249 270
car 0.0247 242 254 270 269
car 0.0244 214 255 271 282
car 0.0237 0 322 28 375
car 0.0222 224 268 250 279
car 0.0209 0 306 20 343
car 0.0207 0 264 305 367
car 0.0207 232 262 263 276
car 0.0204 252 255 276 269
car 0.0202 345 263 366 273
cat 0.0616 0 0 500 375
cat 0.0219 5 0 500 117
dog 0.0418 0 0 492 364
person 0.2239 284 255 302 275
person 0.0891 2 0 500 348
person 0.0820 285 263 295 275
person 0.0531 232 263 244 279
person 0.0514 3 0 178 333
person 0.0478 276 264 282 276
person 0.0447 272 262 282 278
person 0.0440 265 263 276 279
person 0.0428 0 344 23 375
person 0.0408 253 262 268 280
person 0.0361 269 263 275 277
person 0.0349 292 257 305 272
person 0.0342 284 261 300 281
person 0.0326 480 270 498 304
person 0.0325 227 267 242 283
person 0.0317 289 252 299 271
person 0.0291 277 253 298 278
person 0.0257 276 260 282 271
person 0.0250 354 265 363 278
person 0.0243 231 273 244 293
person 0.0235 234 284 243 301
person 0.0234 305 262 315 273
person 0.0233 358 264 369 278
person 0.0226 469 274 494 304
person 0.0218 299 262 316 274
person 0.0215 0 312 47 375
person 0.0212 72 358 173 375
person 0.0211 269 259 275 272
person 0.0206 472 252 500 306
sofa 0.0342 0 0 500 375
train 0.0421 0 0 385 375
train 0.0418 0 267 273 369
train 0.0347 111 258 180 280
train 0.0314 114 264 158 283
train 0.0293 0 294 185 369
train 0.0262 0 175 408 366
