boat 0.0342 0 28 500 314
bottle 0.0466 88 160 185 199
bottle 0.0390 143 172 182 201
bottle 0.0374 83 107 154 195
bottle 0.0347 144 186 183 203
bottle 0.0311 80 124 128 191
bottle 0.0282 62 71 104 119
bottle 0.0264 77 151 142 193
bottle 0.0259 43 101 97 195
bottle 0.0240 98 88 136 152
bottle 0.0240 467 144 498 208
bottle 0.0237 8 311 126 333
bottle 0.0231 92 143 170 189
bottle 0.0224 65 127 103 193
bottle 0.0217 119 72 161 103
bottle 0.0213 473 164 494 197
bottle 0.0206 0 299 89 333
bottle 0.0204 50 69 86 126
bottle 0.0203 241 2 272 20
bottle 0.0203 478 172 500 233
bottle 0.0201 242 10 274 27
bottle 0.0200 99 80 128 133
bus 0.0276 78 0 491 244
car 0.0242 337 65 370 116
cat 0.0604 0 303 168 331
cat 0.0268 23 310 135 333
chair 0.3693 341 257 498 330
chair 0.1980 346 176 497 331
chair 0.1391 450 260 498 333
chair 0.1289 163 169 366 331
chair 0.1164 0 158 330 333
chair 0.1103 313 232 419 333
chair 0.1003 222 243 490 331
chair 0.0804 1 188 150 330
chair 0.0803 176 264 356 328
chair 0.0782 358 231 446 325
chair 0.0765 408 268 495 333
chair 0.0730 337 241 391 330
chair 0.0693 273 258 399 333
chair 0.0668 286 225 365 333
chair 0.0613 43 227 348 328
chair 0.0590 349 290 490 331
chair 0.0572 63 271 282 328
chair 0.0571 381 257 500 306
chair 0.0567 81 126 243 331
chair 0.0555 351 257 418 332
chair 0.0539 323 218 385 296
chair 0.0538 0 123 171 275
chair 0.0523 238 187 429 332
chair 0.0514 0 272 168 331
chair 0.0456 277 303 365 332
chair 0.0454 0 138 167 207
chair 0.0449 75 95 168 194
chair 0.0423 371 266 459 333
chair 0.0391 137 285 307 330
chair 0.0374 99 235 247 329
chair 0.0373 204 207 326 333
chair 0.0369 29 77 102 201
chair 0.0363 72 150 187 201
chair 0.0359 2 161 97 312
chair 0.0347 250 245 347 333
chair 0.0344 434 292 500 332
chair 0.0337 185 300 299 330
chair 0.0336 474 259 500 328
chair 0.0329 431 257 495 301
chair 0.0328 0 163 165 228
chair 0.0325 305 167 411 321
chair 0.0324 312 257 358 330
chair 0.0322 108 190 295 329
chair 0.0320 50 296 287 333
chair 0.0313 210 299 362 332
chair 0.0313 286 283 355 330
chair 0.0312 0 217 84 333
chair 0.0307 459 244 500 301
chair 0.0307 35 106 144 195
chair 0.0304 392 222 500 333
chair 0.0302 319 277 387 331
chair 0.0295 0 149 106 244
chair 0.0292 0 98 89 196
chair 0.0288 345 207 415 314
chair 0.0287 184 253 275 333
chair 0.0284 373 258 459 294
chair 0.0283 335 225 390 273
chair 0.0275 269 296 412 333
chair 0.0268 368 218 423 303
chair 0.0268 457 305 500 333
chair 0.0262 100 161 198 324
chair 0.0260 124 104 163 149
chair 0.0254 224 285 500 333
chair 0.0254 322 199 386 266
chair 0.0251 344 270 378 332
chair 0.0249 307 276 439 333
chair 0.0249 358 195 498 268
chair 0.0244 317 223 358 287
chair 0.0242 362 243 405 314
chair 0.0241 405 307 497 332
chair 0.0240 360 206 410 277
chair 0.0239 330 303 433 332
chair 0.0239 256 113 297 159
chair 0.0215 371 242 426 285
chair 0.0213 0 183 155 255
chair 0.0211 59 103 113 196
chair 0.0209 404 279 463 333
chair 0.0207 85 108 143 163
chair 0.0207 97 93 137 153
chair 0.0206 83 124 148 180
chair 0.0204 253 311 347 333
diningtable 0.0569 292 265 500 333
diningtable 0.0473 173 210 474 333
diningtable 0.0413 53 147 443 333
diningtable 0.0278 35 251 399 333
diningtable 0.0239 22 146 183 198
diningtable 0.0201 17 115 156 187
dog 0.0324 6 304 204 333
person 0.8227 379 107 495 311
person 0.7818 96 88 341 329
person 0.6184 12 61 211 324
person 0.5324 2 23 138 197
person 0.5040 215 20 264 89
person 0.4719 226 14 265 68
person 0.4070 202 38 256 95
person 0.3172 160 10 203 89
person 0.2983 197 13 215 49
person 0.2777 127 7 168 101
person 0.2760 144 11 181 96
person 0.2367 173 11 213 76
person 0.2330 194 29 232 88
person 0.2307 181 94 412 333
person 0.2287 133 9 160 71
person 0.2261 166 14 185 50
person 0.2133 195 13 219 63
person 0.2116 234 5 277 73
person 0.2085 50 31 191 199
person 0.1934 164 14 191 71
person 0.1909 82 93 207 276
person 0.1827 163 16 236 92
person 0.1719 251 3 285 71
person 0.1650 208 14 253 71
person 0.1536 63 59 136 165
person 0.1500 148 24 173 85
person 0.1473 117 7 154 92
person 0.1461 0 147 170 333
person 0.1419 194 17 209 42
person 0.1378 198 41 266 134
person 0.1364 48 0 153 147
person 0.1355 75 83 264 207
person 0.1347 102 12 166 118
person 0.1346 134 6 209 101
person 0.1304 50 145 267 329
person 0.1254 0 27 74 181
person 0.1253 184 15 201 44
person 0.1242 136 9 155 46
person 0.1238 240 1 294 91
person 0.1169 177 14 205 56
person 0.1166 185 2 232 69
person 0.1100 159 13 181 62
person 0.1089 92 23 178 160
person 0.1087 98 2 143 99
person 0.1059 169 15 194 43
person 0.1058 406 106 498 235
person 0.1028 221 31 257 75
person 0.1015 78 77 149 193
person 0.1005 193 7 277 105
person 0.0998 35 38 465 328
person 0.0996 142 15 166 79
person 0.0995 152 12 168 47
person 0.0982 32 59 113 190
person 0.0980 168 77 253 167
person 0.0969 42 1 105 128
person 0.0967 89 74 199 179
person 0.0962 202 14 242 54
person 0.0957 0 39 281 153
person 0.0950 204 36 240 75
person 0.0949 0 0 37 52
person 0.0944 246 0 279 46
person 0.0924 139 11 163 36
person 0.0923 192 4 224 48
person 0.0903 228 17 253 47
person 0.0883 165 9 200 53
person 0.0879 142 12 160 57
person 0.0862 120 45 155 101
person 0.0861 117 91 223 196
person 0.0861 158 39 256 148
person 0.0857 16 12 136 114
person 0.0843 31 101 197 228
person 0.0841 139 20 259 112
person 0.0826 129 37 215 141
person 0.0814 0 7 46 75
person 0.0811 0 11 55 128
person 0.0809 161 14 178 39
person 0.0797 240 5 267 50
person 0.0771 141 90 269 269
person 0.0750 70 6 194 113
person 0.0747 219 99 347 288
person 0.0724 188 10 212 40
person 0.0709 139 10 178 55
person 0.0691 15 19 90 146
person 0.0685 316 150 500 333
person 0.0684 182 68 285 180
person 0.0680 44 0 72 52
person 0.0674 112 15 144 72
person 0.0673 222 18 243 47
person 0.0670 2 1 71 92
person 0.0670 219 39 291 145
person 0.0670 157 89 314 195
person 0.0667 217 0 260 47
person 0.0654 201 16 221 43
person 0.0652 233 5 261 40
person 0.0650 250 4 273 39
person 0.0644 169 2 260 73
person 0.0631 217 25 247 65
person 0.0629 0 24 87 297
person 0.0628 81 138 187 203
person 0.0622 144 5 171 37
person 0.0622 151 19 169 65
person 0.0619 102 0 136 63
person 0.0619 457 104 499 173
person 0.0619 89 84 135 154
person 0.0616 151 0 184 46
person 0.0607 247 6 263 33
person 0.0606 112 38 175 104
person 0.0598 252 63 500 328
person 0.0593 71 0 131 92
person 0.0588 0 1 26 37
person 0.0581 45 0 94 79
person 0.0572 156 6 180 37
person 0.0564 0 64 51 200
person 0.0562 258 0 303 64
person 0.0561 127 16 153 68
person 0.0560 91 44 144 138
person 0.0559 202 33 227 66
person 0.0557 201 0 283 66
person 0.0548 130 0 163 43
person 0.0543 102 85 255 158
person 0.0542 462 153 498 235
person 0.0541 26 0 256 239
person 0.0540 422 103 495 162
person 0.0534 175 7 204 38
person 0.0533 141 37 168 94
person 0.0530 15 1 85 64
person 0.0529 106 3 163 67
person 0.0529 239 4 257 25
person 0.0528 98 4 236 152
person 0.0527 247 12 274 60
person 0.0527 232 31 268 93
person 0.0527 369 98 485 196
person 0.0524 0 107 160 198
person 0.0522 239 0 271 30
person 0.0520 10 29 62 88
person 0.0517 167 9 183 27
person 0.0514 219 40 241 69
person 0.0510 0 285 159 331
person 0.0500 153 35 209 113
person 0.0496 164 13 187 31
person 0.0491 134 4 191 67
person 0.0491 242 100 341 221
person 0.0489 477 163 500 229
person 0.0487 149 12 171 31
person 0.0486 157 29 177 72
person 0.0485 166 41 268 100
person 0.0484 218 75 303 175
person 0.0483 459 125 500 210
person 0.0482 195 0 247 38
person 0.0481 152 87 241 136
person 0.0477 137 44 186 99
person 0.0470 172 33 214 98
person 0.0469 32 13 82 103
person 0.0465 159 3 209 38
person 0.0461 44 1 64 35
person 0.0459 68 31 130 133
person 0.0455 297 161 334 215
person 0.0451 205 5 236 42
person 0.0448 268 13 296 75
person 0.0447 187 17 200 32
person 0.0446 245 0 264 21
person 0.0443 162 11 176 27
person 0.0437 190 48 326 147
person 0.0436 98 161 188 198
person 0.0424 100 19 129 83
person 0.0422 194 73 260 120
person 0.0420 197 33 217 71
person 0.0415 79 62 263 137
person 0.0415 208 17 232 47
person 0.0410 194 58 335 215
person 0.0409 106 63 164 108
person 0.0408 124 32 148 89
person 0.0407 230 30 262 62
person 0.0405 21 78 176 160
person 0.0399 150 83 213 119
person 0.0396 174 14 191 34
person 0.0391 92 154 196 232
person 0.0389 225 0 255 30
person 0.0388 119 117 196 213
person 0.0388 8 0 59 53
person 0.0388 44 0 87 34
person 0.0385 116 6 139 56
person 0.0384 278 99 458 249
person 0.0383 61 10 104 85
person 0.0382 227 40 251 70
person 0.0380 232 11 249 30
person 0.0380 181 16 207 34
person 0.0379 319 90 399 212
person 0.0378 151 91 215 169
person 0.0375 191 26 211 66
person 0.0373 94 77 167 147
person 0.0373 230 2 250 24
person 0.0368 179 0 214 45
person 0.0367 0 248 107 331
person 0.0367 130 10 150 42
person 0.0359 314 157 359 212
person 0.0359 204 79 252 139
person 0.0359 256 10 281 53
person 0.0358 205 48 239 93
person 0.0358 448 111 500 248
person 0.0357 238 10 260 29
person 0.0356 111 22 130 59
person 0.0355 138 7 166 26
person 0.0354 26 308 134 332
person 0.0353 230 16 265 36
person 0.0353 212 11 252 39
person 0.0351 482 165 498 206
person 0.0347 237 0 259 16
person 0.0347 275 148 336 214
person 0.0346 155 197 243 331
person 0.0345 149 68 210 106
person 0.0340 133 53 166 100
person 0.0338 379 121 466 226
person 0.0336 115 92 180 173
person 0.0335 136 158 187 207
person 0.0333 124 86 205 139
person 0.0333 17 52 168 130
person 0.0332 211 39 251 60
person 0.0331 129 67 276 122
person 0.0330 222 84 402 226
person 0.0329 184 55 247 127
person 0.0328 245 11 324 125
person 0.0327 139 0 194 33
person 0.0327 277 151 376 328
person 0.0324 48 65 92 137
person 0.0323 199 10 214 32
person 0.0322 169 38 237 77
person 0.0322 439 113 490 181
person 0.0321 123 63 171 124
person 0.0319 207 46 262 77
person 0.0317 304 119 411 264
person 0.0316 192 14 220 35
person 0.0314 361 94 401 157
person 0.0313 152 91 285 151
person 0.0313 304 159 330 196
person 0.0312 0 14 26 81
person 0.0312 150 7 171 24
person 0.0311 154 81 211 101
person 0.0310 15 0 68 34
person 0.0310 110 0 296 100
person 0.0307 218 35 245 57
person 0.0307 272 2 296 50
person 0.0305 415 145 496 268
person 0.0303 160 69 225 128
person 0.0302 257 0 289 40
person 0.0302 173 9 192 26
person 0.0302 182 29 249 66
person 0.0302 162 8 179 23
person 0.0301 107 129 219 242
person 0.0301 162 0 230 51
person 0.0300 97 76 129 136
person 0.0300 204 54 227 90
person 0.0300 269 116 372 229
person 0.0299 221 11 299 60
person 0.0299 199 20 226 52
person 0.0293 184 10 200 25
person 0.0292 189 66 269 100
person 0.0292 124 0 152 34
person 0.0292 316 197 335 217
person 0.0292 276 17 293 56
person 0.0289 143 91 188 149
person 0.0289 0 25 83 72
person 0.0288 60 60 110 128
person 0.0288 366 121 389 156
person 0.0288 126 43 144 79
person 0.0285 194 12 207 28
person 0.0282 178 91 268 128
person 0.0280 158 13 197 35
person 0.0278 258 130 323 207
person 0.0278 134 55 190 130
person 0.0275 92 67 146 114
person 0.0275 214 25 280 63
person 0.0275 118 30 138 66
person 0.0273 245 26 273 74
person 0.0273 257 28 282 81
person 0.0272 373 183 424 269
person 0.0272 115 147 217 324
person 0.0271 216 5 359 99
person 0.0270 133 49 231 100
person 0.0269 0 25 22 64
person 0.0268 138 9 181 30
person 0.0268 209 34 234 61
person 0.0267 322 202 342 226
person 0.0267 161 32 189 87
person 0.0267 104 23 124 60
person 0.0266 384 117 445 191
person 0.0266 377 153 461 268
person 0.0266 213 23 258 49
person 0.0265 166 0 185 21
person 0.0264 227 0 254 16
person 0.0263 12 46 60 126
person 0.0261 108 37 142 102
person 0.0260 244 0 280 16
person 0.0260 186 89 240 149
person 0.0258 278 160 327 198
person 0.0258 169 13 201 27
person 0.0257 139 127 186 195
person 0.0256 311 179 337 217
person 0.0256 246 114 305 198
person 0.0256 390 143 436 201
pottedplant 0.0311 46 7 73 83
pottedplant 0.0246 54 12 91 80
sofa 0.0478 325 215 500 333
sofa 0.0341 0 107 184 217
sofa 0.0309 0 30 455 323
train 0.0774 0 0 484 256
train 0.0427 1 0 328 182
train 0.0295 13 24 423 129
train 0.0272 75 39 500 176
tvmonitor 0.0872 334 199 373 220
tvmonitor 0.0557 371 194 388 215
tvmonitor 0.0531 323 202 384 227
tvmonitor 0.0435 325 200 358 220
tvmonitor 0.0434 157 77 363 195
tvmonitor 0.0414 328 156 372 212
tvmonitor 0.0410 348 198 388 222
tvmonitor 0.0408 345 205 377 223
tvmonitor 0.0403 361 199 383 214
tvmonitor 0.0401 359 203 383 219
tvmonitor 0.0397 228 82 354 169
tvmonitor 0.0378 376 189 400 210
tvmonitor 0.0377 350 198 372 217
tvmonitor 0.0374 323 213 371 229
tvmonitor 0.0366 369 200 390 219
tvmonitor 0.0366 383 184 409 209
tvmonitor 0.0364 330 187 381 218
tvmonitor 0.0357 209 48 372 155
tvmonitor 0.0333 322 198 341 221
tvmonitor 0.0319 170 3 362 109
tvmonitor 0.0318 369 106 484 178
tvmonitor 0.0317 0 0 500 333
tvmonitor 0.0316 263 90 387 189
tvmonitor 0.0306 314 198 337 215
tvmonitor 0.0304 341 214 383 228
tvmonitor 0.0298 366 195 384 210
tvmonitor 0.0293 307 150 365 215
tvmonitor 0.0289 337 59 399 158
tvmonitor 0.0283 321 212 386 236
tvmonitor 0.0281 353 190 391 214
tvmonitor 0.0277 368 179 391 213
tvmonitor 0.0277 173 68 335 125
tvmonitor 0.0269 315 125 381 217
tvmonitor 0.0262 351 207 387 230
tvmonitor 0.0257 365 186 396 225
tvmonitor 0.0256 363 207 382 226
tvmonitor 0.0248 225 28 338 112
tvmonitor 0.0248 338 195 375 211
tvmonitor 0.0244 357 82 405 159
tvmonitor 0.0244 277 109 359 206
tvmonitor 0.0244 364 112 433 162
tvmonitor 0.0242 338 64 367 108
tvmonitor 0.0242 205 90 302 160
tvmonitor 0.0237 347 88 495 154
tvmonitor 0.0236 236 98 307 194
tvmonitor 0.0235 324 209 351 230
tvmonitor 0.0232 0 186 90 292
tvmonitor 0.0230 370 178 413 211
tvmonitor 0.0227 361 202 392 226
tvmonitor 0.0226 318 168 386 220
tvmonitor 0.0223 297 194 335 216
tvmonitor 0.0222 249 108 323 167
tvmonitor 0.0219 309 198 369 222
tvmonitor 0.0219 378 180 397 205
tvmonitor 0.0215 193 68 442 170
tvmonitor 0.0214 375 160 423 205
tvmonitor 0.0211 241 68 410 134
tvmonitor 0.0204 353 165 387 220
tvmonitor 0.0203 333 206 359 229
tvmonitor 0.0203 366 210 389 229
