aeroplane 0.0359 0 0 475 272
bicycle 0.0493 0 52 417 281
bicycle 0.0353 34 202 233 283
bicycle 0.0339 137 268 195 288
bicycle 0.0323 0 266 43 288
bicycle 0.0293 113 236 212 288
bicycle 0.0290 0 252 23 288
bicycle 0.0262 73 234 261 284
bicycle 0.0218 71 219 165 286
bicycle 0.0206 410 241 493 288
bird 0.0359 69 236 171 288
bird 0.0312 118 245 166 285
bird 0.0297 116 262 177 288
bird 0.0278 92 273 174 288
bird 0.0269 4 182 183 285
bird 0.0239 99 239 225 286
bird 0.0221 22 0 339 192
bird 0.0206 92 263 154 288
boat 0.0323 38 17 488 277
car 0.8546 201 119 425 276
car 0.0910 357 132 432 233
car 0.0777 280 130 383 185
car 0.0650 282 131 363 165
car 0.0628 313 131 424 201
car 0.0577 245 122 443 203
car 0.0572 106 54 433 276
car 0.0502 299 127 438 255
car 0.0496 348 131 421 184
car 0.0455 288 156 328 169
car 0.0411 284 154 313 167
car 0.0400 284 148 347 169
car 0.0396 383 138 431 192
car 0.0392 200 167 279 254
car 0.0368 310 131 408 168
car 0.0328 0 269 21 288
car 0.0301 248 137 361 205
car 0.0292 189 149 309 271
car 0.0287 282 112 437 171
car 0.0286 197 124 360 190
car 0.0275 236 196 446 278
car 0.0261 295 155 355 172
car 0.0259 394 152 425 187
car 0.0236 392 157 432 222
car 0.0236 306 142 367 171
car 0.0230 208 162 344 209
car 0.0229 370 159 428 254
car 0.0222 272 155 316 170
car 0.0222 275 143 342 184
car 0.0216 0 272 39 288
car 0.0216 371 147 426 213
car 0.0215 34 127 329 279
car 0.0212 404 163 426 188
car 0.0211 192 131 294 223
car 0.0209 255 131 342 176
car 0.0209 185 213 343 276
car 0.0208 273 138 329 168
car 0.0204 261 162 349 193
car 0.0204 277 146 309 167
car 0.0203 356 123 464 198
car 0.0202 336 146 438 192
car 0.0200 213 169 302 200
cow 0.0412 135 274 188 287
cow 0.0236 4 133 226 278
dog 0.0453 135 271 204 288
dog 0.0320 100 274 182 288
horse 0.0217 82 242 182 288
person 0.1385 356 136 387 182
person 0.0925 323 136 356 166
person 0.0844 341 133 386 167
person 0.0687 321 136 342 160
person 0.0674 361 136 385 165
person 0.0623 122 236 169 287
person 0.0613 337 137 368 168
person 0.0481 352 137 375 165
person 0.0469 343 130 392 199
person 0.0468 318 134 375 161
person 0.0458 315 138 336 162
person 0.0453 287 153 311 167
person 0.0449 364 155 386 183
person 0.0446 293 135 352 169
person 0.0445 358 135 405 190
person 0.0432 0 19 461 287
person 0.0415 139 273 190 287
person 0.0404 323 130 378 198
person 0.0397 95 222 165 288
person 0.0367 332 143 358 169
person 0.0366 129 241 159 281
person 0.0362 0 266 21 288
person 0.0360 159 273 206 287
person 0.0359 290 182 308 206
person 0.0336 327 130 400 172
person 0.0334 359 132 406 162
person 0.0323 143 268 214 287
person 0.0321 365 137 397 173
person 0.0321 285 150 302 165
person 0.0320 298 152 312 166
person 0.0310 372 138 420 184
person 0.0303 334 135 358 157
person 0.0300 302 134 345 158
person 0.0298 292 150 341 169
person 0.0296 284 144 310 168
person 0.0294 357 133 385 154
person 0.0290 359 149 390 194
person 0.0287 318 147 347 168
person 0.0286 313 133 359 187
person 0.0280 178 274 218 287
person 0.0274 353 146 371 177
person 0.0274 395 202 421 253
person 0.0271 306 146 327 166
person 0.0269 162 270 188 288
person 0.0266 127 240 221 286
person 0.0265 308 141 340 170
person 0.0263 289 145 306 164
person 0.0253 185 270 209 288
person 0.0253 109 239 155 279
person 0.0251 290 143 323 169
person 0.0249 102 260 188 287
person 0.0249 134 270 171 287
person 0.0239 355 158 370 187
person 0.0239 370 134 396 159
person 0.0236 381 143 410 182
person 0.0235 318 141 351 158
person 0.0234 61 240 106 286
person 0.0233 352 142 380 199
person 0.0232 136 253 182 288
person 0.0232 294 151 320 164
person 0.0229 340 134 367 152
person 0.0227 121 249 153 284
person 0.0223 326 140 378 176
person 0.0222 298 145 314 162
person 0.0222 295 156 334 170
person 0.0220 318 134 359 151
person 0.0220 279 135 304 167
person 0.0213 371 150 392 181
person 0.0210 69 225 144 286
person 0.0210 346 148 364 173
person 0.0206 0 250 15 288
person 0.0205 291 131 365 156
person 0.0202 280 147 293 165
sheep 0.0326 122 274 176 288
sheep 0.0268 0 171 209 287
sheep 0.0246 103 275 158 288
sheep 0.0220 92 275 135 288
sheep 0.0206 5 229 192 286
train 0.0450 28 75 445 277
train 0.0223 40 164 348 286
train 0.0211 186 10 463 271
