bird 0.0221 121 0 500 276
boat 0.0532 0 0 500 349
boat 0.0226 95 279 135 297
bottle 0.0978 160 228 203 285
bottle 0.0865 204 202 251 270
bottle 0.0809 211 185 271 276
bottle 0.0752 224 202 265 263
bottle 0.0610 245 205 278 270
bottle 0.0598 188 219 232 278
bottle 0.0558 94 282 135 300
bottle 0.0483 202 235 253 284
bottle 0.0468 379 238 410 299
bottle 0.0445 258 219 280 270
bottle 0.0431 216 221 264 287
bottle 0.0424 195 230 220 269
bottle 0.0424 176 227 217 283
bottle 0.0401 254 223 271 265
bottle 0.0391 194 238 225 284
bottle 0.0380 198 261 230 286
bottle 0.0376 243 214 266 266
bottle 0.0364 376 244 397 279
bottle 0.0362 220 218 254 262
bottle 0.0357 203 254 255 293
bottle 0.0336 299 221 330 284
bottle 0.0304 393 242 410 282
bottle 0.0296 210 257 234 286
bottle 0.0285 383 243 406 280
bottle 0.0277 236 225 257 260
bottle 0.0274 164 245 188 284
bottle 0.0272 291 207 326 269
bottle 0.0268 208 230 237 274
bottle 0.0258 299 228 320 267
bottle 0.0256 216 226 242 260
bottle 0.0253 316 227 333 267
bottle 0.0253 238 197 267 252
bottle 0.0247 373 246 398 305
bottle 0.0239 179 234 201 279
bottle 0.0236 265 230 283 268
bottle 0.0230 216 204 246 254
bottle 0.0223 213 197 255 217
bottle 0.0217 235 219 273 280
bottle 0.0215 188 234 210 276
bottle 0.0213 245 233 263 268
bottle 0.0210 197 220 260 257
bottle 0.0204 196 271 230 291
bottle 0.0202 253 207 272 250
bottle 0.0200 215 252 241 283
car 0.0217 191 56 280 214
car 0.0209 0 0 387 274
chair 0.6365 398 217 493 373
chair 0.4556 320 199 405 361
chair 0.3875 408 171 495 287
chair 0.3196 202 217 341 371
chair 0.2786 337 211 466 375
chair 0.2735 396 161 425 200
chair 0.2696 420 269 500 375
chair 0.2361 449 143 479 167
chair 0.2260 444 178 495 270
chair 0.2204 321 192 387 298
chair 0.2188 398 163 453 202
chair 0.2186 450 145 499 172
chair 0.2134 363 228 428 371
chair 0.2069 263 199 373 374
chair 0.2052 224 281 356 375
chair 0.2023 320 189 355 253
chair 0.2003 454 149 498 213
chair 0.1913 329 328 390 375
chair 0.1900 346 216 405 331
chair 0.1837 429 181 488 221
chair 0.1811 379 242 456 369
chair 0.1760 474 187 500 271
chair 0.1755 287 223 347 375
chair 0.1672 377 217 422 332
chair 0.1669 160 271 303 370
chair 0.1631 403 163 486 194
chair 0.1583 427 158 500 229
chair 0.1544 340 276 390 374
chair 0.1538 437 157 500 197
chair 0.1528 463 165 500 224
chair 0.1523 200 307 307 373
chair 0.1492 431 208 488 314
chair 0.1466 398 168 475 242
chair 0.1434 320 188 354 222
chair 0.1331 401 174 463 210
chair 0.1306 463 152 500 192
chair 0.1280 48 266 270 373
chair 0.1246 403 187 480 214
chair 0.1243 433 149 500 181
chair 0.1239 394 174 439 230
chair 0.1225 125 323 307 372
chair 0.1210 397 195 455 212
chair 0.1155 337 188 437 289
chair 0.1138 310 217 356 334
chair 0.1108 421 190 477 261
chair 0.1085 333 313 423 375
chair 0.1061 475 180 500 229
chair 0.1037 305 271 409 375
chair 0.1020 312 183 368 278
chair 0.1017 405 168 438 200
chair 0.0992 324 205 354 279
chair 0.0977 419 172 483 209
chair 0.0965 290 312 392 375
chair 0.0955 397 195 470 277
chair 0.0950 462 187 500 239
chair 0.0918 375 204 421 278
chair 0.0909 405 184 443 205
chair 0.0907 371 292 432 375
chair 0.0907 406 237 484 319
chair 0.0874 452 202 488 266
chair 0.0860 391 194 438 247
chair 0.0860 179 336 296 371
chair 0.0858 400 196 463 230
chair 0.0852 300 228 341 328
chair 0.0838 58 314 238 372
chair 0.0836 355 318 391 375
chair 0.0836 436 189 487 243
chair 0.0819 66 264 161 374
chair 0.0818 476 160 499 197
chair 0.0816 459 181 500 306
chair 0.0806 427 183 457 207
chair 0.0803 360 211 406 288
chair 0.0798 154 226 219 284
chair 0.0778 457 176 489 217
chair 0.0770 406 140 500 203
chair 0.0768 439 232 499 354
chair 0.0766 457 150 490 178
chair 0.0759 334 214 394 280
chair 0.0747 293 186 351 309
chair 0.0747 433 179 468 213
chair 0.0720 394 178 426 205
chair 0.0715 471 147 500 175
chair 0.0709 414 167 465 198
chair 0.0701 316 184 383 239
chair 0.0698 325 227 352 306
chair 0.0697 414 178 450 201
chair 0.0694 329 225 381 319
chair 0.0681 393 193 430 211
chair 0.0678 455 161 495 184
chair 0.0670 56 336 204 374
chair 0.0664 217 205 326 313
chair 0.0662 433 144 475 171
chair 0.0661 303 203 344 279
chair 0.0657 390 183 446 215
chair 0.0656 240 309 332 373
chair 0.0653 418 217 478 276
chair 0.0643 331 196 399 251
chair 0.0629 277 276 337 375
chair 0.0626 392 197 440 217
chair 0.0625 329 223 364 285
chair 0.0623 381 204 443 292
chair 0.0621 195 330 358 375
chair 0.0608 460 164 488 193
chair 0.0607 180 224 234 277
chair 0.0602 316 316 364 375
chair 0.0592 468 187 498 216
chair 0.0586 195 215 258 280
chair 0.0577 403 163 447 185
chair 0.0576 445 230 500 295
chair 0.0575 384 165 431 211
chair 0.0571 420 181 464 228
chair 0.0569 1 359 73 373
chair 0.0566 362 245 403 339
chair 0.0562 323 199 405 229
chair 0.0557 23 290 139 375
chair 0.0536 409 155 487 183
chair 0.0535 446 156 492 173
chair 0.0534 370 299 492 373
chair 0.0534 379 229 425 289
chair 0.0531 401 205 480 241
chair 0.0526 434 182 477 201
chair 0.0525 414 192 461 218
chair 0.0520 360 198 407 255
chair 0.0520 309 252 360 375
chair 0.0520 389 236 432 314
chair 0.0518 473 174 500 205
chair 0.0517 128 248 259 365
chair 0.0514 411 189 440 213
chair 0.0513 380 180 424 232
chair 0.0510 445 186 482 215
chair 0.0505 383 164 411 204
chair 0.0505 465 205 498 248
chair 0.0503 426 166 468 188
chair 0.0503 201 196 292 288
chair 0.0500 63 321 142 372
chair 0.0496 446 166 485 188
chair 0.0496 325 215 373 267
chair 0.0492 296 184 359 250
chair 0.0492 328 227 350 271
chair 0.0491 114 340 251 372
chair 0.0486 406 198 444 223
chair 0.0485 311 225 341 298
chair 0.0483 323 200 365 234
chair 0.0480 407 228 457 297
chair 0.0479 445 151 475 174
chair 0.0475 192 354 295 374
chair 0.0466 425 172 458 195
chair 0.0464 307 169 413 254
chair 0.0458 374 170 400 205
chair 0.0457 457 194 484 228
chair 0.0456 384 150 488 225
chair 0.0456 409 198 455 247
chair 0.0454 474 201 500 235
chair 0.0453 0 340 91 372
chair 0.0452 311 350 387 375
chair 0.0450 442 142 462 168
chair 0.0446 453 156 477 185
chair 0.0441 446 305 498 375
chair 0.0436 257 253 323 369
chair 0.0435 440 238 477 307
chair 0.0434 253 219 348 320
chair 0.0426 348 231 391 300
chair 0.0424 430 213 500 261
chair 0.0422 169 200 246 288
chair 0.0422 338 250 395 322
chair 0.0418 468 198 497 224
chair 0.0416 374 238 404 298
chair 0.0413 296 302 344 375
chair 0.0412 385 173 402 204
chair 0.0411 374 337 432 375
chair 0.0410 255 263 462 375
chair 0.0408 265 292 314 373
chair 0.0405 283 333 360 375
chair 0.0405 341 203 386 232
chair 0.0402 201 318 265 375
chair 0.0401 430 191 454 220
chair 0.0398 225 327 291 375
chair 0.0395 451 129 500 186
chair 0.0395 415 160 449 193
chair 0.0395 427 196 476 227
chair 0.0394 55 354 148 375
chair 0.0392 4 314 104 373
chair 0.0390 431 150 457 170
chair 0.0390 0 334 159 375
chair 0.0390 247 334 322 375
chair 0.0389 352 331 380 371
chair 0.0388 464 209 497 284
chair 0.0386 442 201 476 248
chair 0.0384 459 207 483 246
chair 0.0382 344 253 415 357
chair 0.0377 328 193 374 224
chair 0.0375 194 221 241 264
chair 0.0373 10 223 223 370
chair 0.0371 390 259 435 362
chair 0.0368 350 165 429 220
chair 0.0368 81 248 213 361
chair 0.0368 452 182 495 201
chair 0.0367 425 150 474 195
chair 0.0367 403 286 441 371
chair 0.0367 333 241 356 280
chair 0.0364 330 265 372 374
chair 0.0356 333 224 357 263
chair 0.0355 337 205 370 248
chair 0.0353 363 328 405 375
chair 0.0353 423 200 455 223
chair 0.0352 363 184 405 236
chair 0.0350 407 247 453 335
chair 0.0350 386 308 423 375
chair 0.0348 341 184 426 240
chair 0.0348 60 299 115 372
chair 0.0346 445 221 484 262
chair 0.0344 146 285 246 375
chair 0.0341 436 162 475 183
chair 0.0338 286 226 330 305
chair 0.0337 396 242 474 286
chair 0.0337 399 160 434 178
chair 0.0334 427 176 472 191
chair 0.0332 401 142 463 186
chair 0.0331 366 174 437 263
chair 0.0331 280 324 328 375
chair 0.0329 263 163 365 247
chair 0.0329 471 218 493 262
chair 0.0328 396 198 424 227
chair 0.0328 211 272 284 366
chair 0.0328 4 365 76 375
chair 0.0327 366 239 394 281
chair 0.0327 394 188 415 213
chair 0.0325 358 203 396 226
chair 0.0325 245 341 402 375
chair 0.0324 421 161 448 178
chair 0.0323 246 293 299 369
chair 0.0322 355 197 445 220
chair 0.0322 380 180 396 204
chair 0.0321 155 326 240 371
chair 0.0321 436 168 474 203
chair 0.0320 340 201 368 229
chair 0.0318 200 359 266 372
chair 0.0317 201 346 261 373
chair 0.0315 366 327 389 371
chair 0.0315 355 230 401 276
chair 0.0313 485 166 500 208
chair 0.0313 9 357 122 375
chair 0.0310 320 176 375 218
chair 0.0309 0 348 50 374
chair 0.0306 434 145 449 169
chair 0.0306 396 143 435 196
chair 0.0304 455 181 477 207
chair 0.0303 428 211 482 237
chair 0.0302 417 149 460 175
chair 0.0302 232 345 288 373
chair 0.0302 323 237 344 282
chair 0.0300 90 285 198 375
chair 0.0300 343 228 384 266
chair 0.0297 362 171 417 209
chair 0.0296 328 189 358 210
chair 0.0296 59 358 118 374
chair 0.0295 427 155 447 170
chair 0.0293 444 182 469 207
chair 0.0293 84 326 176 371
chair 0.0293 409 227 483 259
chair 0.0293 344 336 371 373
chair 0.0292 377 200 419 217
chair 0.0292 469 143 500 164
chair 0.0291 323 223 353 254
chair 0.0290 412 162 439 180
chair 0.0290 432 156 466 176
chair 0.0289 429 203 453 234
chair 0.0289 451 176 481 194
chair 0.0288 193 243 261 294
chair 0.0288 413 202 440 234
chair 0.0287 460 227 483 265
chair 0.0286 427 261 499 299
chair 0.0284 337 348 408 375
chair 0.0284 354 204 388 249
chair 0.0284 353 330 449 375
chair 0.0279 379 357 430 374
chair 0.0279 392 195 416 221
chair 0.0279 418 249 471 308
chair 0.0278 142 352 262 375
chair 0.0278 139 179 301 312
chair 0.0278 115 210 250 271
chair 0.0277 329 244 351 293
chair 0.0276 437 134 493 169
chair 0.0275 183 251 242 290
chair 0.0274 337 230 371 277
chair 0.0274 202 230 239 285
chair 0.0273 453 201 478 234
chair 0.0272 450 265 500 330
chair 0.0272 5 259 109 375
chair 0.0270 370 175 389 204
chair 0.0270 311 357 359 374
chair 0.0269 330 176 410 211
chair 0.0268 315 195 340 228
chair 0.0267 450 196 492 217
chair 0.0266 437 205 488 230
chair 0.0265 330 240 360 330
chair 0.0263 425 208 458 248
chair 0.0263 450 146 469 162
chair 0.0262 372 274 426 345
chair 0.0260 295 155 440 323
diningtable 0.5658 365 204 496 369
diningtable 0.5395 72 237 359 369
diningtable 0.5207 193 214 444 371
diningtable 0.3523 406 157 498 241
diningtable 0.3491 364 179 492 292
diningtable 0.3472 254 193 486 333
diningtable 0.2730 316 205 432 364
diningtable 0.2428 355 190 488 248
diningtable 0.2391 66 281 287 371
diningtable 0.2257 332 205 421 305
diningtable 0.2108 38 160 463 363
diningtable 0.2050 338 201 473 271
diningtable 0.2031 403 163 491 206
diningtable 0.1879 164 274 363 373
diningtable 0.1613 423 159 500 187
diningtable 0.1538 394 181 487 231
diningtable 0.1531 406 193 486 269
diningtable 0.1279 383 212 481 320
diningtable 0.1275 273 245 500 375
diningtable 0.1176 277 181 455 273
diningtable 0.1074 349 219 441 332
diningtable 0.1067 337 224 470 294
diningtable 0.0883 431 180 498 215
diningtable 0.0870 223 188 413 302
diningtable 0.0831 316 288 477 374
diningtable 0.0824 353 164 484 221
diningtable 0.0822 394 221 494 277
diningtable 0.0815 273 301 428 375
diningtable 0.0767 380 197 458 262
diningtable 0.0699 305 195 416 264
diningtable 0.0680 412 140 500 185
diningtable 0.0645 414 165 500 316
diningtable 0.0635 419 191 495 238
diningtable 0.0602 163 207 345 337
diningtable 0.0585 363 208 433 283
diningtable 0.0577 297 214 403 282
diningtable 0.0555 370 150 500 202
diningtable 0.0554 389 196 457 226
diningtable 0.0552 387 238 483 288
diningtable 0.0525 333 195 436 246
diningtable 0.0520 425 170 497 194
diningtable 0.0506 24 189 298 352
diningtable 0.0499 394 204 478 241
diningtable 0.0477 80 278 270 334
diningtable 0.0434 131 314 326 375
diningtable 0.0389 94 236 249 313
diningtable 0.0385 145 228 252 289
diningtable 0.0381 216 195 345 275
diningtable 0.0379 378 229 457 273
diningtable 0.0353 55 320 256 375
diningtable 0.0340 342 199 425 226
diningtable 0.0323 447 194 500 227
diningtable 0.0295 134 191 322 298
diningtable 0.0291 231 228 363 290
diningtable 0.0288 45 261 240 350
diningtable 0.0287 237 251 402 345
diningtable 0.0264 188 212 305 285
diningtable 0.0262 327 134 500 236
diningtable 0.0253 395 215 472 252
diningtable 0.0253 305 237 426 316
diningtable 0.0245 185 229 330 309
diningtable 0.0238 338 205 415 238
diningtable 0.0237 82 210 229 274
diningtable 0.0235 287 168 444 237
diningtable 0.0216 192 183 311 262
diningtable 0.0212 123 258 290 308
diningtable 0.0208 365 205 440 240
diningtable 0.0203 369 242 438 280
diningtable 0.0203 339 225 421 270
person 0.8169 211 164 343 370
person 0.2881 202 66 258 221
person 0.2616 215 72 244 143
person 0.2434 208 157 328 272
person 0.2347 237 66 265 141
person 0.2170 218 68 264 176
person 0.1940 261 188 372 373
person 0.1841 142 199 326 375
person 0.1804 204 125 273 267
person 0.1732 220 71 240 116
person 0.1320 206 82 240 171
person 0.1294 188 127 314 321
person 0.1206 201 73 232 147
person 0.1087 204 133 251 221
person 0.1078 233 107 264 195
person 0.1017 215 157 263 226
person 0.0957 238 66 259 108
person 0.0940 203 59 251 156
person 0.0937 221 67 252 131
person 0.0931 56 184 283 373
person 0.0801 201 77 217 120
person 0.0782 194 99 247 257
person 0.0770 227 160 316 225
person 0.0756 220 162 285 261
person 0.0728 191 47 283 270
person 0.0707 233 186 330 323
person 0.0604 209 107 247 188
person 0.0595 220 84 241 134
person 0.0589 240 94 265 167
person 0.0558 207 197 273 271
person 0.0541 226 158 284 209
person 0.0533 202 107 231 179
person 0.0527 206 58 240 121
person 0.0504 43 5 500 375
person 0.0502 226 89 249 148
person 0.0483 153 168 346 294
person 0.0478 212 96 280 218
person 0.0478 242 125 263 173
person 0.0466 213 77 236 121
person 0.0458 224 121 256 203
person 0.0447 214 101 244 160
person 0.0437 255 160 317 208
person 0.0436 171 152 241 279
person 0.0432 235 80 259 129
person 0.0419 199 67 223 125
person 0.0411 280 191 335 292
person 0.0406 213 91 261 147
person 0.0403 225 197 318 277
person 0.0395 213 72 238 101
person 0.0381 166 88 394 375
person 0.0374 234 140 267 208
person 0.0372 211 155 398 298
person 0.0366 211 48 268 140
person 0.0361 236 98 258 141
person 0.0359 221 67 239 96
person 0.0348 210 100 233 141
person 0.0348 204 88 223 135
person 0.0342 236 132 258 179
person 0.0334 216 59 263 106
person 0.0328 220 104 240 145
person 0.0326 227 109 251 164
person 0.0323 196 120 234 220
person 0.0322 227 71 244 100
person 0.0312 7 353 63 372
person 0.0300 202 75 225 109
person 0.0299 225 78 245 121
person 0.0297 206 107 225 148
person 0.0295 224 159 253 212
person 0.0279 267 164 333 255
person 0.0278 235 115 258 162
person 0.0276 241 54 274 124
person 0.0268 207 131 237 191
person 0.0267 251 129 267 169
person 0.0265 235 177 363 249
person 0.0263 257 204 323 303
person 0.0257 213 112 263 169
person 0.0257 248 162 287 218
person 0.0252 248 67 267 105
person 0.0251 60 42 320 362
person 0.0250 202 129 214 170
person 0.0245 212 168 246 216
person 0.0242 245 86 269 150
person 0.0241 200 85 218 149
person 0.0240 220 207 289 301
person 0.0239 225 185 264 253
person 0.0233 205 125 222 169
person 0.0232 275 162 311 222
person 0.0230 230 135 247 175
person 0.0230 243 59 263 90
person 0.0229 235 163 256 209
person 0.0227 234 164 270 228
person 0.0225 210 114 232 157
person 0.0224 204 117 214 152
person 0.0222 98 151 296 305
person 0.0213 243 158 275 204
person 0.0212 203 99 214 140
person 0.0202 220 190 251 215
person 0.0200 261 125 500 375
pottedplant 0.1161 153 226 206 282
pottedplant 0.0478 172 227 212 268
pottedplant 0.0445 192 227 220 261
pottedplant 0.0302 179 233 202 275
pottedplant 0.0258 155 238 188 283
pottedplant 0.0256 176 226 207 253
pottedplant 0.0238 161 224 223 256
pottedplant 0.0220 165 232 189 273
sofa 0.0516 183 173 394 341
train 0.0355 16 0 349 353
train 0.0272 5 0 500 232
tvmonitor 0.1289 189 148 246 274
tvmonitor 0.1101 158 225 214 281
tvmonitor 0.0967 203 159 250 245
tvmonitor 0.0863 163 178 230 279
tvmonitor 0.0862 191 182 234 266
tvmonitor 0.0713 183 219 236 269
tvmonitor 0.0664 199 198 255 259
tvmonitor 0.0566 191 227 223 267
tvmonitor 0.0537 200 180 248 219
tvmonitor 0.0529 199 156 237 221
tvmonitor 0.0522 201 184 217 220
tvmonitor 0.0465 201 193 231 219
tvmonitor 0.0450 176 203 217 273
tvmonitor 0.0436 140 221 245 279
tvmonitor 0.0416 197 191 243 235
tvmonitor 0.0385 209 184 267 249
tvmonitor 0.0385 196 167 223 227
tvmonitor 0.0321 176 165 237 250
tvmonitor 0.0309 189 222 229 252
tvmonitor 0.0288 178 171 207 243
tvmonitor 0.0288 212 191 245 215
tvmonitor 0.0274 139 199 206 281
tvmonitor 0.0269 194 208 235 248
tvmonitor 0.0266 185 179 219 247
tvmonitor 0.0254 152 201 273 268
tvmonitor 0.0254 191 40 271 136
tvmonitor 0.0249 198 163 314 224
tvmonitor 0.0246 118 162 262 283
tvmonitor 0.0220 196 166 267 215
tvmonitor 0.0211 188 150 215 232
tvmonitor 0.0208 202 201 243 220
tvmonitor 0.0208 178 215 252 253
