aeroplane 0.0227 0 0 500 307
aeroplane 0.0215 26 127 332 375
bird 0.0566 285 258 348 348
bird 0.0544 289 264 347 311
bird 0.0293 310 264 346 329
bird 0.0265 280 261 321 314
bird 0.0264 164 93 184 110
bird 0.0262 321 266 345 297
bird 0.0251 298 266 346 292
bird 0.0240 0 0 343 223
bird 0.0219 295 264 318 295
bird 0.0216 231 181 303 212
bird 0.0209 182 178 263 202
bus 0.0287 0 0 157 30
bus 0.0210 1 0 49 36
car 0.0336 0 0 110 124
person 0.0210 0 0 219 349
sheep 0.7842 146 96 327 206
sheep 0.7535 112 186 338 347
sheep 0.3348 136 108 331 296
sheep 0.2113 170 0 209 26
sheep 0.1634 283 262 347 346
sheep 0.1214 244 92 336 206
sheep 0.1132 140 171 185 185
sheep 0.1110 146 114 200 181
sheep 0.1090 211 201 349 350
sheep 0.0995 136 153 334 237
sheep 0.0873 240 250 353 345
sheep 0.0795 156 149 321 204
sheep 0.0786 120 28 330 197
sheep 0.0780 147 112 240 188
sheep 0.0745 254 92 327 156
sheep 0.0736 155 172 194 185
sheep 0.0724 108 173 253 319
sheep 0.0715 141 170 158 187
sheep 0.0678 173 93 329 162
sheep 0.0606 101 179 208 285
sheep 0.0588 75 265 94 278
sheep 0.0467 168 0 191 24
sheep 0.0463 214 173 311 209
sheep 0.0458 266 214 342 338
sheep 0.0413 180 174 269 205
sheep 0.0411 139 172 166 191
sheep 0.0405 134 168 199 188
sheep 0.0402 108 159 498 357
sheep 0.0399 187 163 297 200
sheep 0.0398 0 193 263 335
sheep 0.0391 147 264 333 348
sheep 0.0388 263 116 316 208
sheep 0.0387 165 2 255 26
sheep 0.0374 1 44 350 374
sheep 0.0373 145 106 195 152
sheep 0.0368 0 11 21 38
sheep 0.0356 255 166 321 209
sheep 0.0347 56 0 383 226
sheep 0.0330 164 166 253 197
sheep 0.0322 167 177 202 188
sheep 0.0313 150 175 237 206
sheep 0.0311 78 263 90 276
sheep 0.0309 172 173 214 184
sheep 0.0302 123 124 272 212
sheep 0.0296 162 176 189 190
sheep 0.0289 235 163 352 238
sheep 0.0289 259 93 326 127
sheep 0.0288 76 91 294 181
sheep 0.0284 0 37 8 75
sheep 0.0272 103 180 266 234
sheep 0.0264 142 169 222 197
sheep 0.0264 0 0 45 40
sheep 0.0263 102 183 164 233
sheep 0.0261 279 258 340 311
sheep 0.0258 130 172 192 205
sheep 0.0248 130 185 327 273
sheep 0.0244 138 172 152 186
sheep 0.0243 185 0 215 23
sheep 0.0242 0 168 142 354
sheep 0.0239 138 150 217 189
sheep 0.0239 274 97 362 199
sheep 0.0235 0 9 26 70
sheep 0.0234 214 134 325 233
sheep 0.0230 153 0 198 23
sheep 0.0230 126 0 212 27
sheep 0.0229 148 116 229 149
sheep 0.0225 285 250 391 347
sheep 0.0225 173 179 195 190
sheep 0.0224 181 178 226 190
sheep 0.0222 234 182 320 218
sheep 0.0219 0 0 170 31
sheep 0.0218 160 94 186 108
sheep 0.0217 108 108 209 196
sheep 0.0217 136 117 175 179
sheep 0.0216 232 183 352 282
sheep 0.0216 0 37 18 73
sheep 0.0215 135 165 157 192
sheep 0.0214 78 141 275 282
sheep 0.0214 166 5 218 38
sheep 0.0213 146 183 190 197
sheep 0.0213 141 168 152 183
sheep 0.0206 132 146 177 187
sheep 0.0206 201 183 248 197
sheep 0.0204 196 186 288 217
sheep 0.0201 159 0 178 22
sheep 0.0201 152 104 296 150
train 0.0692 0 0 151 32
train 0.0336 164 0 223 23
train 0.0312 0 0 203 74
train 0.0312 157 0 274 26
train 0.0276 0 15 201 124
train 0.0247 0 0 70 33
train 0.0203 76 0 361 214
