aeroplane 0.0330 0 42 408 375
boat 0.0400 131 314 258 349
boat 0.0372 149 306 247 339
boat 0.0363 94 279 267 348
boat 0.0331 103 321 277 365
boat 0.0273 167 276 253 321
boat 0.0263 52 305 304 368
boat 0.0251 0 44 417 375
boat 0.0243 84 335 282 374
boat 0.0220 163 320 232 341
bottle 0.6627 367 3 388 51
bottle 0.4895 412 0 431 53
bottle 0.4856 385 7 409 51
bottle 0.4590 314 165 346 235
bottle 0.3719 373 5 397 50
bottle 0.3220 87 285 122 338
bottle 0.2238 400 3 420 51
bottle 0.1931 84 292 99 335
bottle 0.1847 97 301 122 337
bottle 0.1845 87 293 108 335
bottle 0.1584 153 269 167 314
bottle 0.1338 138 280 153 313
bottle 0.1264 326 270 342 301
bottle 0.1184 80 269 133 343
bottle 0.1162 146 272 162 314
bottle 0.1143 311 159 357 257
bottle 0.1128 99 286 123 323
bottle 0.1118 332 156 361 224
bottle 0.1045 326 164 351 221
bottle 0.1007 374 0 419 56
bottle 0.0985 88 294 129 358
bottle 0.0984 93 282 117 318
bottle 0.0983 322 185 349 235
bottle 0.0973 79 217 149 341
bottle 0.0929 322 149 370 238
bottle 0.0895 133 266 167 336
bottle 0.0895 406 1 419 40
bottle 0.0876 324 270 345 323
bottle 0.0858 419 3 436 45
bottle 0.0792 131 283 146 311
bottle 0.0740 109 305 127 338
bottle 0.0736 338 187 356 227
bottle 0.0726 144 272 171 329
bottle 0.0721 389 22 412 52
bottle 0.0716 371 6 387 34
bottle 0.0715 347 211 363 244
bottle 0.0700 358 96 381 143
bottle 0.0693 411 0 430 26
bottle 0.0688 112 286 129 309
bottle 0.0685 314 180 338 226
bottle 0.0661 73 288 111 356
bottle 0.0654 91 251 143 328
bottle 0.0651 340 205 355 237
bottle 0.0631 111 268 153 333
bottle 0.0621 347 198 362 232
bottle 0.0619 103 285 121 306
bottle 0.0608 366 2 403 66
bottle 0.0603 313 156 375 303
bottle 0.0598 120 286 137 309
bottle 0.0594 331 183 362 251
bottle 0.0586 340 163 367 238
bottle 0.0583 331 199 348 236
bottle 0.0575 337 195 358 242
bottle 0.0573 250 240 337 348
bottle 0.0571 391 11 403 28
bottle 0.0569 90 278 162 341
bottle 0.0567 90 283 131 309
bottle 0.0557 391 0 432 57
bottle 0.0544 134 280 155 332
bottle 0.0527 143 319 173 341
bottle 0.0520 409 6 419 29
bottle 0.0502 116 253 250 339
bottle 0.0501 321 166 342 211
bottle 0.0500 110 240 152 310
bottle 0.0490 341 215 357 251
bottle 0.0489 413 0 446 62
bottle 0.0488 358 14 371 48
bottle 0.0484 111 289 129 324
bottle 0.0483 89 279 108 308
bottle 0.0475 121 314 136 339
bottle 0.0474 384 5 407 30
bottle 0.0472 335 139 389 238
bottle 0.0468 351 0 390 53
bottle 0.0467 124 269 148 311
bottle 0.0454 74 293 166 369
bottle 0.0453 366 25 391 52
bottle 0.0448 114 282 145 309
bottle 0.0446 132 258 161 314
bottle 0.0440 358 3 379 49
bottle 0.0438 151 265 179 314
bottle 0.0431 400 27 417 55
bottle 0.0431 140 281 179 343
bottle 0.0426 332 162 349 205
bottle 0.0426 340 194 368 255
bottle 0.0419 318 262 353 334
bottle 0.0419 166 261 200 314
bottle 0.0418 324 294 343 329
bottle 0.0415 161 275 253 336
bottle 0.0412 117 298 140 340
bottle 0.0403 86 275 141 312
bottle 0.0402 83 300 140 338
bottle 0.0399 141 300 254 341
bottle 0.0397 59 279 128 375
bottle 0.0397 321 190 355 257
bottle 0.0385 268 257 322 331
bottle 0.0384 377 27 415 49
bottle 0.0381 135 272 203 339
bottle 0.0380 78 298 93 337
bottle 0.0377 122 284 152 343
bottle 0.0375 129 314 145 340
bottle 0.0374 380 142 393 174
bottle 0.0372 116 263 177 354
bottle 0.0368 163 271 182 311
bottle 0.0365 98 279 137 331
bottle 0.0362 77 313 132 368
bottle 0.0362 398 9 409 29
bottle 0.0360 422 0 440 27
bottle 0.0358 260 265 298 332
bottle 0.0354 310 174 325 217
bottle 0.0354 135 306 169 341
bottle 0.0353 325 259 374 363
bottle 0.0352 135 311 154 340
bottle 0.0352 338 156 356 207
bottle 0.0350 96 310 163 354
bottle 0.0350 79 271 107 340
bottle 0.0349 178 260 202 296
bottle 0.0346 344 177 363 224
bottle 0.0346 166 305 205 337
bottle 0.0345 368 99 386 141
bottle 0.0335 157 276 174 315
bottle 0.0332 96 282 113 301
bottle 0.0327 157 268 191 331
bottle 0.0325 352 212 369 243
bottle 0.0322 321 262 346 304
bottle 0.0322 150 317 219 342
bottle 0.0321 115 259 144 308
bottle 0.0319 298 305 317 332
bottle 0.0319 86 285 118 304
bottle 0.0319 0 297 130 373
bottle 0.0312 300 263 338 331
bottle 0.0309 86 296 123 320
bottle 0.0306 345 219 362 258
bottle 0.0306 425 3 451 53
bottle 0.0304 370 1 426 90
bottle 0.0302 415 0 430 14
bottle 0.0301 408 3 422 20
bottle 0.0301 352 90 387 155
bottle 0.0300 324 313 348 338
bottle 0.0299 322 272 336 308
bottle 0.0299 404 0 439 44
bottle 0.0294 123 311 179 351
bottle 0.0293 289 281 313 330
bottle 0.0288 411 4 417 20
bottle 0.0286 319 199 382 360
bottle 0.0282 152 309 170 339
bottle 0.0281 125 305 148 342
bottle 0.0280 169 266 224 329
bottle 0.0280 310 194 324 229
bottle 0.0280 83 284 100 311
bottle 0.0279 166 311 245 341
bottle 0.0278 374 4 383 18
bottle 0.0277 306 309 323 334
bottle 0.0276 353 199 368 232
bottle 0.0274 260 305 281 334
bottle 0.0272 84 272 212 358
bottle 0.0271 3 359 64 374
bottle 0.0270 148 280 171 312
bottle 0.0268 83 306 120 332
bottle 0.0265 291 300 311 331
bottle 0.0260 261 290 291 333
bottle 0.0259 377 143 395 195
bottle 0.0259 116 281 159 319
bottle 0.0253 314 226 355 313
bottle 0.0252 130 293 146 334
bottle 0.0250 353 20 365 48
bottle 0.0249 126 287 152 307
bottle 0.0247 319 306 332 327
bottle 0.0246 167 288 199 331
bottle 0.0242 128 309 211 339
bottle 0.0238 321 297 333 320
bottle 0.0237 212 319 245 341
bottle 0.0237 374 65 460 107
bottle 0.0235 96 206 153 306
bottle 0.0234 159 319 194 342
bottle 0.0233 165 310 187 340
bottle 0.0233 87 274 123 303
bottle 0.0233 348 190 371 238
bottle 0.0232 382 11 394 26
bottle 0.0230 166 298 188 331
bottle 0.0230 395 5 401 19
bottle 0.0230 114 306 161 342
bottle 0.0229 389 6 406 19
bottle 0.0228 333 208 350 249
bottle 0.0228 256 312 270 339
bottle 0.0228 407 27 430 54
bottle 0.0226 317 282 339 326
bottle 0.0226 177 302 202 331
bottle 0.0224 377 101 394 141
bottle 0.0223 46 262 145 345
bottle 0.0223 119 271 140 304
bottle 0.0222 384 19 418 45
bottle 0.0222 160 312 175 338
bottle 0.0220 398 4 412 19
bottle 0.0220 48 300 91 371
bottle 0.0220 81 316 273 361
bottle 0.0219 314 167 338 193
bottle 0.0218 292 263 322 327
bottle 0.0217 79 299 102 347
bottle 0.0217 113 279 131 302
bottle 0.0216 173 276 194 311
bottle 0.0216 120 183 224 323
bottle 0.0216 369 3 388 21
bottle 0.0214 177 314 212 337
bottle 0.0213 353 100 373 145
bottle 0.0213 311 302 323 321
bottle 0.0213 101 309 123 348
bottle 0.0212 187 241 271 343
bottle 0.0209 369 135 393 209
bottle 0.0209 299 286 316 320
bottle 0.0208 75 279 95 335
bottle 0.0207 317 300 356 366
bottle 0.0207 106 282 139 301
bottle 0.0207 391 0 410 33
bottle 0.0207 141 281 162 324
bottle 0.0206 384 142 400 171
bottle 0.0205 375 139 389 174
bottle 0.0204 296 168 330 234
bottle 0.0203 398 0 427 29
bottle 0.0203 355 64 469 143
bottle 0.0201 179 272 201 310
bottle 0.0201 122 237 163 323
bottle 0.0201 373 5 396 28
bottle 0.0201 167 294 230 335
bottle 0.0200 226 318 248 343
bottle 0.0200 335 155 349 183
chair 0.0517 0 246 173 370
chair 0.0474 254 251 320 332
chair 0.0390 0 292 113 373
chair 0.0349 0 346 66 375
chair 0.0344 1 359 55 375
chair 0.0331 239 257 346 356
chair 0.0304 0 321 41 374
chair 0.0256 1 300 19 336
chair 0.0251 0 336 108 374
chair 0.0224 317 233 450 373
chair 0.0223 379 340 475 373
chair 0.0223 278 255 314 324
chair 0.0222 256 243 406 370
chair 0.0216 0 290 55 375
chair 0.0200 28 298 176 374
chair 0.0200 0 346 23 375
diningtable 0.0447 0 299 163 372
diningtable 0.0395 12 261 209 366
diningtable 0.0366 127 253 334 339
diningtable 0.0348 362 10 419 49
diningtable 0.0294 380 4 436 62
diningtable 0.0284 48 309 281 366
diningtable 0.0284 271 232 500 375
diningtable 0.0266 70 281 255 354
diningtable 0.0259 180 273 352 348
diningtable 0.0254 250 257 341 332
diningtable 0.0232 346 5 464 60
diningtable 0.0224 285 168 344 234
diningtable 0.0219 160 241 400 356
diningtable 0.0217 241 323 370 374
diningtable 0.0210 94 129 446 366
diningtable 0.0204 305 294 471 370
diningtable 0.0201 100 305 392 371
person 0.8667 4 137 150 371
person 0.8486 318 62 471 375
person 0.1253 363 61 466 283
person 0.1177 32 100 372 371
person 0.0921 134 18 500 375
person 0.0759 26 167 226 364
person 0.0723 53 191 148 367
person 0.0672 110 150 320 368
person 0.0631 0 0 184 375
person 0.0591 4 144 81 214
person 0.0563 372 65 465 173
person 0.0515 327 134 392 248
person 0.0512 319 163 428 375
person 0.0499 0 140 108 258
person 0.0447 310 160 362 308
person 0.0445 1 152 45 221
person 0.0423 314 59 432 267
person 0.0421 90 198 172 345
person 0.0400 292 143 383 345
person 0.0396 17 257 292 366
person 0.0374 429 76 465 156
person 0.0369 49 147 153 300
person 0.0363 1 169 19 212
person 0.0363 220 114 370 371
person 0.0358 102 211 262 338
person 0.0354 225 243 348 350
person 0.0331 289 207 500 371
person 0.0323 361 88 396 155
person 0.0320 345 133 389 218
person 0.0318 0 232 119 369
person 0.0318 329 139 374 221
person 0.0312 439 108 461 147
person 0.0310 34 257 168 365
person 0.0299 345 94 406 234
person 0.0287 286 218 361 359
person 0.0285 394 59 483 213
person 0.0268 296 121 372 247
person 0.0265 407 69 460 149
person 0.0264 372 84 428 175
person 0.0262 352 94 387 164
person 0.0260 376 96 413 164
person 0.0257 0 150 25 215
person 0.0253 242 168 346 338
person 0.0251 363 133 397 213
person 0.0250 275 240 293 259
person 0.0246 309 184 343 274
person 0.0246 77 230 199 372
person 0.0239 1 169 40 248
person 0.0235 241 226 434 375
person 0.0232 367 92 445 227
person 0.0232 162 208 358 347
person 0.0228 0 148 63 287
person 0.0227 33 144 94 195
person 0.0222 295 53 500 201
person 0.0218 39 142 167 230
person 0.0216 345 164 385 247
person 0.0215 433 101 467 177
person 0.0204 376 120 413 195
person 0.0202 395 63 460 115
person 0.0202 284 72 393 257
person 0.0201 397 100 463 159
person 0.0200 378 15 461 132
pottedplant 0.0810 257 253 319 332
pottedplant 0.0646 319 315 347 337
pottedplant 0.0560 293 312 321 336
pottedplant 0.0490 216 249 330 337
pottedplant 0.0439 138 270 172 343
pottedplant 0.0407 120 260 276 334
pottedplant 0.0375 322 305 344 335
pottedplant 0.0332 305 311 323 337
pottedplant 0.0315 300 320 335 337
pottedplant 0.0301 318 291 349 338
pottedplant 0.0292 315 312 336 337
pottedplant 0.0288 257 257 342 364
pottedplant 0.0268 304 310 350 339
pottedplant 0.0268 284 305 326 337
pottedplant 0.0256 274 315 319 334
pottedplant 0.0253 284 283 318 337
pottedplant 0.0252 168 277 257 335
pottedplant 0.0236 158 235 360 356
pottedplant 0.0235 132 293 183 341
pottedplant 0.0216 248 298 364 370
pottedplant 0.0206 251 303 333 336
pottedplant 0.0201 297 306 319 327
sheep 0.0271 46 0 335 84
tvmonitor 0.0572 256 252 319 331
tvmonitor 0.0484 322 121 384 235
tvmonitor 0.0389 197 255 339 332
tvmonitor 0.0363 0 358 48 375
tvmonitor 0.0349 76 142 250 209
tvmonitor 0.0330 156 266 256 338
tvmonitor 0.0288 109 148 232 193
tvmonitor 0.0280 113 171 187 194
tvmonitor 0.0276 112 222 280 337
tvmonitor 0.0264 193 283 250 319
tvmonitor 0.0247 24 143 181 219
tvmonitor 0.0245 324 117 358 147
tvmonitor 0.0237 260 255 312 294
tvmonitor 0.0223 336 148 390 215
tvmonitor 0.0222 187 144 225 155
tvmonitor 0.0214 162 144 250 195
tvmonitor 0.0203 4 138 240 275
