aeroplane 0.0724 0 0 500 346
boat 0.0730 14 0 500 347
boat 0.0255 298 0 500 348
bottle 0.1668 27 179 48 234
bottle 0.1209 232 145 248 181
bottle 0.0927 11 170 43 234
bottle 0.0801 43 183 58 222
bottle 0.0740 33 182 50 220
bottle 0.0739 0 341 18 375
bottle 0.0734 48 187 66 224
bottle 0.0717 32 195 48 238
bottle 0.0604 130 201 156 228
bottle 0.0604 0 165 31 237
bottle 0.0556 50 200 68 235
bottle 0.0536 34 182 63 241
bottle 0.0469 41 202 59 237
bottle 0.0462 12 163 35 213
bottle 0.0460 308 44 323 83
bottle 0.0440 17 185 56 250
bottle 0.0419 35 211 50 242
bottle 0.0393 45 187 57 208
bottle 0.0389 127 185 161 229
bottle 0.0387 43 190 71 243
bottle 0.0373 25 173 43 207
bottle 0.0371 5 161 62 245
bottle 0.0360 127 200 172 237
bottle 0.0356 55 203 73 237
bottle 0.0355 92 179 140 243
bottle 0.0334 42 218 57 243
bottle 0.0331 21 176 57 224
bottle 0.0331 122 196 156 242
bottle 0.0329 19 174 36 220
bottle 0.0323 9 171 29 223
bottle 0.0323 21 191 38 233
bottle 0.0319 103 207 159 246
bottle 0.0306 54 214 67 243
bottle 0.0299 101 224 145 253
bottle 0.0294 30 209 44 241
bottle 0.0289 49 185 65 209
bottle 0.0289 66 203 84 230
bottle 0.0288 94 205 139 259
bottle 0.0283 280 168 310 194
bottle 0.0282 0 327 33 375
bottle 0.0281 36 208 60 248
bottle 0.0280 127 208 183 248
bottle 0.0278 141 159 187 240
bottle 0.0274 108 221 186 251
bottle 0.0267 106 239 135 257
bottle 0.0266 87 223 109 250
bottle 0.0264 0 226 32 250
bottle 0.0264 53 195 72 224
bottle 0.0264 85 217 150 248
bottle 0.0262 150 27 174 64
bottle 0.0261 63 209 109 239
bottle 0.0257 64 187 102 237
bottle 0.0256 10 162 30 193
bottle 0.0254 6 193 29 235
bottle 0.0253 71 191 93 223
bottle 0.0252 26 156 127 267
bottle 0.0249 57 223 75 250
bottle 0.0247 106 221 140 244
bottle 0.0247 50 200 81 249
bottle 0.0243 92 211 177 260
bottle 0.0240 36 222 52 247
bottle 0.0237 59 203 88 244
bottle 0.0237 228 148 249 195
bottle 0.0235 3 200 43 270
bottle 0.0235 7 212 29 238
bottle 0.0235 35 184 50 203
bottle 0.0234 116 232 139 255
bottle 0.0234 131 146 199 276
bottle 0.0233 59 213 115 253
bottle 0.0233 96 233 112 255
bottle 0.0233 86 212 108 239
bottle 0.0232 103 234 123 255
bottle 0.0231 93 220 112 246
bottle 0.0230 142 207 174 230
bottle 0.0229 21 211 36 238
bottle 0.0229 80 207 122 261
bottle 0.0228 94 223 139 277
bottle 0.0225 245 175 264 198
bottle 0.0222 8 193 63 276
bottle 0.0222 5 163 25 209
bottle 0.0220 139 226 184 252
bottle 0.0220 239 151 261 182
bottle 0.0217 141 187 163 222
bottle 0.0214 0 231 22 265
bottle 0.0213 110 213 131 238
bottle 0.0213 111 204 131 230
bottle 0.0210 49 209 95 261
bottle 0.0209 113 198 164 228
bottle 0.0208 71 202 103 226
bottle 0.0207 0 350 30 375
bottle 0.0206 82 233 100 254
bottle 0.0205 34 206 71 262
bottle 0.0205 72 197 131 246
bottle 0.0204 81 167 155 281
bottle 0.0204 88 237 107 260
bottle 0.0204 16 169 48 206
bottle 0.0203 248 177 273 203
bottle 0.0203 106 192 136 234
bottle 0.0203 143 211 188 238
bottle 0.0202 128 209 148 245
bottle 0.0201 148 196 168 228
bottle 0.0201 122 199 181 275
chair 0.7754 373 165 500 375
chair 0.1141 271 144 484 371
chair 0.0958 61 171 333 361
chair 0.0936 369 152 485 265
chair 0.0839 238 161 348 342
chair 0.0832 0 259 79 375
chair 0.0811 0 248 305 370
chair 0.0754 371 276 500 373
chair 0.0750 397 178 500 274
chair 0.0723 173 158 396 362
chair 0.0627 4 241 159 371
chair 0.0625 0 263 37 322
chair 0.0587 0 249 54 343
chair 0.0560 283 167 362 324
chair 0.0551 403 154 500 237
chair 0.0541 249 147 338 269
chair 0.0529 151 162 333 291
chair 0.0527 355 158 438 304
chair 0.0513 0 301 177 373
chair 0.0511 331 133 367 209
chair 0.0503 306 158 405 342
chair 0.0468 324 149 390 297
chair 0.0468 422 188 499 326
chair 0.0462 291 244 455 375
chair 0.0460 444 229 500 373
chair 0.0439 360 207 450 367
chair 0.0434 143 142 205 248
chair 0.0431 239 142 331 191
chair 0.0424 48 309 279 371
chair 0.0421 398 144 480 213
chair 0.0416 138 148 248 234
chair 0.0411 67 267 208 368
chair 0.0411 100 158 253 273
chair 0.0409 93 184 271 317
chair 0.0402 61 213 240 356
chair 0.0391 280 168 312 190
chair 0.0391 376 180 460 286
chair 0.0382 1 266 22 308
chair 0.0381 168 154 306 241
chair 0.0376 317 241 393 375
chair 0.0376 273 149 369 258
chair 0.0375 1 312 100 375
chair 0.0367 455 285 497 375
chair 0.0363 340 147 385 210
chair 0.0358 270 192 379 375
chair 0.0358 422 176 500 217
chair 0.0358 322 131 354 213
chair 0.0357 1 288 46 373
chair 0.0347 92 251 167 375
chair 0.0341 292 180 346 293
chair 0.0340 0 257 23 374
chair 0.0339 100 147 182 260
chair 0.0328 336 174 394 215
chair 0.0325 194 177 347 263
chair 0.0322 185 179 296 313
chair 0.0321 249 159 331 219
chair 0.0316 269 157 319 189
chair 0.0316 212 141 329 224
chair 0.0309 442 174 500 254
chair 0.0308 116 194 229 293
chair 0.0308 348 170 410 275
chair 0.0307 2 225 106 345
chair 0.0305 386 140 458 240
chair 0.0304 367 325 500 374
chair 0.0292 69 279 145 375
chair 0.0290 277 148 327 206
chair 0.0289 3 266 45 302
chair 0.0284 236 145 289 185
chair 0.0280 151 180 242 313
chair 0.0279 302 141 429 268
chair 0.0279 79 313 181 374
chair 0.0278 0 69 439 370
chair 0.0277 221 200 323 362
chair 0.0276 412 152 451 206
chair 0.0275 457 238 500 333
chair 0.0274 426 147 494 207
chair 0.0273 395 145 437 215
chair 0.0272 0 233 45 302
chair 0.0270 123 208 281 373
chair 0.0269 0 151 51 236
chair 0.0267 265 175 341 239
chair 0.0267 343 89 476 304
chair 0.0267 90 224 202 329
chair 0.0266 66 290 113 373
chair 0.0266 119 184 305 256
chair 0.0265 342 134 445 237
chair 0.0262 236 140 411 293
chair 0.0261 359 176 401 235
chair 0.0261 76 134 212 325
chair 0.0260 172 232 345 369
chair 0.0260 0 251 20 325
chair 0.0257 0 266 70 311
chair 0.0255 260 139 358 207
chair 0.0252 114 238 183 340
chair 0.0251 0 160 122 370
chair 0.0250 372 164 429 255
chair 0.0248 344 177 391 249
chair 0.0245 233 176 321 211
chair 0.0243 230 156 291 200
chair 0.0242 299 137 341 201
chair 0.0242 77 149 148 258
chair 0.0240 316 238 349 312
chair 0.0239 155 165 261 217
chair 0.0239 49 257 124 375
chair 0.0239 329 171 380 232
chair 0.0236 0 343 77 374
chair 0.0235 357 152 399 211
chair 0.0234 158 244 192 302
chair 0.0233 324 126 384 239
chair 0.0233 217 157 268 202
chair 0.0233 375 243 500 333
chair 0.0230 136 235 191 314
chair 0.0229 310 173 357 275
chair 0.0227 121 261 152 326
chair 0.0224 298 162 341 226
chair 0.0224 71 213 152 350
chair 0.0221 45 163 163 336
chair 0.0220 368 208 430 278
chair 0.0219 264 170 319 197
chair 0.0217 130 118 286 306
chair 0.0212 127 247 170 319
chair 0.0211 316 171 350 238
chair 0.0209 26 269 46 299
chair 0.0209 313 168 364 217
chair 0.0208 421 298 498 375
chair 0.0207 364 186 405 262
chair 0.0207 422 157 473 221
chair 0.0206 369 248 427 353
chair 0.0204 66 339 177 373
chair 0.0204 202 163 283 216
chair 0.0203 424 257 497 339
chair 0.0202 381 147 420 213
chair 0.0201 2 149 35 204
chair 0.0200 0 283 75 329
diningtable 0.0747 0 230 305 372
diningtable 0.0566 101 149 487 365
diningtable 0.0413 25 193 347 330
diningtable 0.0412 0 180 162 372
diningtable 0.0390 5 167 126 236
diningtable 0.0329 252 147 495 326
diningtable 0.0310 42 157 267 300
diningtable 0.0290 153 164 299 221
diningtable 0.0280 2 168 185 258
diningtable 0.0250 10 228 135 341
diningtable 0.0250 12 255 200 352
diningtable 0.0247 12 189 103 239
diningtable 0.0243 0 173 76 231
diningtable 0.0227 0 197 197 298
diningtable 0.0220 0 194 126 256
diningtable 0.0218 0 255 107 325
diningtable 0.0214 23 237 199 312
diningtable 0.0213 188 175 337 232
diningtable 0.0203 66 214 236 279
diningtable 0.0200 69 195 203 254
person 0.0526 284 168 313 189
person 0.0511 0 341 14 375
person 0.0458 299 168 315 190
person 0.0311 0 342 29 375
person 0.0234 31 30 289 353
person 0.0224 23 177 124 321
person 0.0224 316 5 500 375
person 0.0218 294 161 319 190
person 0.0216 142 0 195 15
person 0.0205 170 68 184 95
person 0.0200 0 309 25 375
pottedplant 0.0716 231 145 249 182
pottedplant 0.0540 329 133 357 204
pottedplant 0.0406 322 270 350 311
pottedplant 0.0374 228 148 242 179
pottedplant 0.0337 46 183 68 222
pottedplant 0.0336 348 176 391 204
pottedplant 0.0298 316 244 351 311
pottedplant 0.0280 229 145 257 194
pottedplant 0.0275 67 180 100 231
pottedplant 0.0253 334 138 355 185
pottedplant 0.0252 217 145 250 200
pottedplant 0.0242 235 155 254 182
pottedplant 0.0239 366 177 390 200
pottedplant 0.0230 72 184 94 220
pottedplant 0.0229 36 181 62 216
pottedplant 0.0227 199 160 214 192
pottedplant 0.0216 20 166 56 220
pottedplant 0.0215 32 171 65 225
pottedplant 0.0209 205 162 222 190
pottedplant 0.0206 43 185 60 204
pottedplant 0.0205 217 158 230 180
pottedplant 0.0204 42 185 84 229
sofa 0.0583 0 168 360 366
sofa 0.0294 80 151 332 256
train 0.0598 1 0 470 330
train 0.0376 42 0 288 305
train 0.0269 137 0 405 278
train 0.0262 121 0 294 222
train 0.0238 255 0 500 357
tvmonitor 0.4464 144 146 199 217
tvmonitor 0.3539 80 174 141 222
tvmonitor 0.2565 82 138 147 223
tvmonitor 0.2132 101 134 185 219
tvmonitor 0.1492 125 127 174 203
tvmonitor 0.1263 113 127 153 209
tvmonitor 0.1094 24 137 139 219
tvmonitor 0.1076 71 172 176 229
tvmonitor 0.1063 160 153 197 203
tvmonitor 0.0972 102 162 149 223
tvmonitor 0.0819 10 0 129 195
tvmonitor 0.0790 81 127 129 203
tvmonitor 0.0742 139 136 235 219
tvmonitor 0.0736 82 128 124 147
tvmonitor 0.0730 81 85 121 148
tvmonitor 0.0642 78 121 130 169
tvmonitor 0.0634 73 18 127 155
tvmonitor 0.0633 121 88 213 223
tvmonitor 0.0620 42 142 184 237
tvmonitor 0.0614 123 128 161 180
tvmonitor 0.0557 234 0 316 31
tvmonitor 0.0550 241 142 328 193
tvmonitor 0.0543 49 164 140 212
tvmonitor 0.0537 99 158 229 225
tvmonitor 0.0532 93 172 140 203
tvmonitor 0.0530 75 95 136 215
tvmonitor 0.0530 0 112 117 200
tvmonitor 0.0528 109 169 193 216
tvmonitor 0.0522 111 0 229 225
tvmonitor 0.0480 20 167 133 238
tvmonitor 0.0475 127 136 201 188
tvmonitor 0.0465 94 36 188 220
tvmonitor 0.0453 63 24 149 213
tvmonitor 0.0452 228 0 329 53
tvmonitor 0.0449 87 125 151 161
tvmonitor 0.0442 121 157 198 203
tvmonitor 0.0439 66 174 121 229
tvmonitor 0.0437 0 65 108 179
tvmonitor 0.0434 1 142 76 203
tvmonitor 0.0432 5 163 60 231
tvmonitor 0.0427 92 121 138 187
tvmonitor 0.0424 158 142 308 217
tvmonitor 0.0395 1 173 39 234
tvmonitor 0.0389 129 163 171 230
tvmonitor 0.0378 158 121 201 197
tvmonitor 0.0373 94 187 158 234
tvmonitor 0.0368 233 148 246 171
tvmonitor 0.0367 0 87 172 221
tvmonitor 0.0359 175 153 203 198
tvmonitor 0.0359 149 157 180 207
tvmonitor 0.0354 114 127 184 167
tvmonitor 0.0349 109 156 304 240
tvmonitor 0.0348 2 12 73 169
tvmonitor 0.0347 63 118 219 211
tvmonitor 0.0345 104 82 295 225
tvmonitor 0.0339 92 166 198 253
tvmonitor 0.0333 157 156 250 209
tvmonitor 0.0333 5 155 156 271
tvmonitor 0.0332 105 176 136 216
tvmonitor 0.0328 93 147 134 208
tvmonitor 0.0323 167 153 197 183
tvmonitor 0.0322 130 129 157 162
tvmonitor 0.0322 92 178 121 217
tvmonitor 0.0321 12 147 270 247
tvmonitor 0.0316 57 174 151 251
tvmonitor 0.0315 87 168 172 206
tvmonitor 0.0315 0 323 90 375
tvmonitor 0.0314 233 141 298 183
tvmonitor 0.0313 0 123 82 179
tvmonitor 0.0306 118 174 154 228
tvmonitor 0.0302 0 333 38 375
tvmonitor 0.0299 3 158 109 208
tvmonitor 0.0296 0 144 44 212
tvmonitor 0.0296 139 177 216 222
tvmonitor 0.0292 81 129 169 190
tvmonitor 0.0288 73 103 132 158
tvmonitor 0.0284 117 116 151 169
tvmonitor 0.0283 4 142 101 242
tvmonitor 0.0276 136 181 193 239
tvmonitor 0.0276 222 148 267 192
tvmonitor 0.0273 90 195 174 249
tvmonitor 0.0265 124 0 331 185
tvmonitor 0.0260 54 194 131 233
tvmonitor 0.0257 116 175 140 208
tvmonitor 0.0252 135 106 193 198
tvmonitor 0.0251 77 1 201 160
tvmonitor 0.0250 41 171 112 220
tvmonitor 0.0248 81 61 139 172
tvmonitor 0.0245 2 87 77 162
tvmonitor 0.0245 192 159 209 192
tvmonitor 0.0244 108 106 157 183
tvmonitor 0.0242 152 4 230 170
tvmonitor 0.0241 5 100 145 170
tvmonitor 0.0241 221 145 253 182
tvmonitor 0.0239 87 173 131 194
tvmonitor 0.0234 122 193 176 238
tvmonitor 0.0234 153 153 186 180
tvmonitor 0.0234 42 13 113 160
tvmonitor 0.0232 235 15 324 160
tvmonitor 0.0231 60 131 125 184
tvmonitor 0.0228 433 141 492 206
tvmonitor 0.0227 176 148 236 196
tvmonitor 0.0223 194 147 266 200
tvmonitor 0.0223 272 0 326 32
tvmonitor 0.0222 128 188 164 225
tvmonitor 0.0222 180 155 202 180
tvmonitor 0.0222 57 119 128 151
tvmonitor 0.0221 92 148 131 179
tvmonitor 0.0220 181 156 214 206
tvmonitor 0.0219 138 164 165 215
tvmonitor 0.0219 31 125 139 171
tvmonitor 0.0217 119 132 143 185
tvmonitor 0.0209 83 122 207 281
tvmonitor 0.0205 139 78 242 189
tvmonitor 0.0204 80 213 160 245
tvmonitor 0.0204 84 108 113 145
tvmonitor 0.0203 232 145 249 163
tvmonitor 0.0202 128 143 159 205
