bicycle 0.0289 456 0 499 17
bird 0.1456 175 60 191 102
bird 0.0991 27 1 74 85
bird 0.0768 113 251 133 303
bird 0.0514 241 125 267 168
bird 0.0448 173 61 200 113
bird 0.0336 36 5 63 75
bird 0.0330 182 96 202 155
bird 0.0278 491 29 500 59
bird 0.0268 423 261 463 284
bird 0.0260 243 97 278 168
bird 0.0256 327 130 352 167
bird 0.0244 177 88 210 160
bird 0.0244 90 3 123 63
bird 0.0233 175 61 193 83
bird 0.0226 230 0 248 22
bird 0.0216 485 31 497 58
bird 0.0202 21 0 59 72
bird 0.0200 29 0 123 80
car 0.2090 50 0 98 19
car 0.1815 119 0 192 13
car 0.1737 122 1 159 14
car 0.1720 103 1 139 15
car 0.1622 1 0 44 22
car 0.1390 84 0 131 17
car 0.1171 95 0 172 15
car 0.1150 118 2 144 15
car 0.1080 0 0 91 21
car 0.0997 74 0 104 19
car 0.0936 114 2 129 16
car 0.0891 143 0 185 10
car 0.0784 27 0 123 17
car 0.0755 464 0 499 18
car 0.0748 136 0 152 14
car 0.0657 56 0 131 24
car 0.0561 2 0 82 46
car 0.0500 11 0 95 84
car 0.0486 79 3 120 20
car 0.0459 139 0 162 13
car 0.0406 81 0 97 18
car 0.0404 19 0 109 37
car 0.0398 95 0 118 17
car 0.0378 359 0 415 9
car 0.0362 443 0 493 16
car 0.0354 128 4 165 17
car 0.0313 138 4 184 17
car 0.0298 70 3 95 22
car 0.0295 66 0 117 13
car 0.0288 124 5 151 19
car 0.0286 0 0 23 23
car 0.0276 340 0 395 7
car 0.0275 89 0 147 25
car 0.0258 315 0 359 7
car 0.0256 47 0 76 20
car 0.0243 376 0 447 10
car 0.0223 412 0 484 12
car 0.0219 99 1 127 22
car 0.0218 119 4 138 21
car 0.0218 20 0 60 20
car 0.0216 0 0 13 27
car 0.0213 301 0 341 7
car 0.0208 84 0 127 34
car 0.0206 0 8 33 26
car 0.0202 64 12 98 26
cow 0.0536 476 0 500 49
cow 0.0520 466 0 500 24
person 0.1005 243 123 267 170
person 0.0798 184 110 200 155
person 0.0735 34 1 65 80
person 0.0212 20 0 62 60
sheep 0.8014 108 139 394 348
sheep 0.5981 240 71 321 153
sheep 0.4198 175 56 317 164
sheep 0.2646 171 11 253 157
sheep 0.2138 179 0 260 58
sheep 0.1917 181 0 249 32
sheep 0.1879 120 1 330 153
sheep 0.1415 224 132 415 326
sheep 0.1321 148 0 364 240
sheep 0.1245 210 15 308 152
sheep 0.1141 176 57 236 162
sheep 0.1093 210 95 335 179
sheep 0.1041 230 39 250 71
sheep 0.1011 172 0 279 89
sheep 0.0917 293 138 418 232
sheep 0.0848 214 0 259 35
sheep 0.0778 167 0 237 20
sheep 0.0750 101 142 255 337
sheep 0.0748 227 0 251 31
sheep 0.0729 227 0 273 43
sheep 0.0688 12 0 73 87
sheep 0.0676 184 60 262 135
sheep 0.0657 27 34 417 339
sheep 0.0657 184 84 264 166
sheep 0.0642 328 132 353 156
sheep 0.0635 239 111 303 170
sheep 0.0613 191 96 500 375
sheep 0.0607 130 38 272 163
sheep 0.0606 475 0 499 38
sheep 0.0602 192 4 253 111
sheep 0.0600 224 0 254 60
sheep 0.0580 103 148 194 284
sheep 0.0568 237 88 278 169
sheep 0.0566 133 149 408 248
sheep 0.0533 196 68 310 133
sheep 0.0501 227 0 267 20
sheep 0.0490 174 60 212 137
sheep 0.0484 245 143 336 176
sheep 0.0469 204 0 252 24
sheep 0.0450 167 58 198 145
sheep 0.0446 255 77 321 121
sheep 0.0416 161 72 354 197
sheep 0.0399 185 0 217 24
sheep 0.0396 484 0 500 53
sheep 0.0390 238 68 299 119
sheep 0.0385 210 0 281 65
sheep 0.0381 110 0 256 108
sheep 0.0378 214 37 252 73
sheep 0.0378 97 243 238 337
sheep 0.0367 150 0 221 14
sheep 0.0365 217 18 265 71
sheep 0.0356 316 133 409 192
sheep 0.0355 322 132 404 166
sheep 0.0353 241 115 377 173
sheep 0.0337 69 22 305 198
sheep 0.0335 230 10 249 44
sheep 0.0322 137 0 268 42
sheep 0.0321 183 0 222 51
sheep 0.0313 111 251 362 336
sheep 0.0312 230 38 270 74
sheep 0.0312 490 19 500 54
sheep 0.0304 191 119 398 199
sheep 0.0301 231 36 256 60
sheep 0.0297 167 0 204 12
sheep 0.0295 486 24 497 51
sheep 0.0291 151 100 281 186
sheep 0.0289 263 133 349 167
sheep 0.0289 181 102 241 161
sheep 0.0289 142 14 228 151
sheep 0.0288 280 140 367 175
sheep 0.0288 198 34 257 86
sheep 0.0281 325 132 369 162
sheep 0.0280 208 139 356 182
sheep 0.0278 149 218 182 233
sheep 0.0277 281 147 500 298
sheep 0.0277 238 48 281 73
sheep 0.0275 235 43 264 68
sheep 0.0273 139 205 176 221
sheep 0.0272 178 57 242 108
sheep 0.0269 98 193 199 326
sheep 0.0269 80 152 154 302
sheep 0.0266 232 24 248 53
sheep 0.0266 186 128 260 166
sheep 0.0265 117 79 286 300
sheep 0.0262 249 53 276 70
sheep 0.0262 54 140 182 356
sheep 0.0261 236 136 285 174
sheep 0.0260 423 262 465 283
sheep 0.0260 107 147 260 226
sheep 0.0259 234 21 280 70
sheep 0.0258 141 211 176 227
sheep 0.0258 168 59 216 104
sheep 0.0256 237 52 353 170
sheep 0.0252 177 14 328 107
sheep 0.0247 226 36 321 124
sheep 0.0247 263 86 325 143
sheep 0.0247 287 82 322 124
sheep 0.0246 205 124 317 171
sheep 0.0244 177 29 253 71
sheep 0.0238 152 205 190 221
sheep 0.0237 242 72 312 102
sheep 0.0237 297 125 446 200
sheep 0.0236 236 47 255 76
sheep 0.0233 149 224 181 238
sheep 0.0231 189 8 237 28
sheep 0.0229 0 110 281 375
sheep 0.0228 173 14 226 111
sheep 0.0227 147 229 181 244
sheep 0.0226 237 30 417 276
sheep 0.0225 39 0 236 83
sheep 0.0224 459 0 497 20
sheep 0.0223 154 211 189 227
sheep 0.0223 252 61 277 74
sheep 0.0223 174 87 218 151
sheep 0.0222 162 224 197 238
sheep 0.0220 199 140 279 172
sheep 0.0218 477 18 491 45
sheep 0.0218 198 111 276 170
sheep 0.0215 187 124 349 300
sheep 0.0215 137 199 177 215
sheep 0.0214 482 16 500 44
sheep 0.0214 163 218 197 233
sheep 0.0213 169 212 207 227
sheep 0.0204 244 72 278 96
sheep 0.0204 251 68 288 80
sheep 0.0203 268 104 332 159
sheep 0.0202 287 93 411 185
sheep 0.0200 248 3 272 38
sheep 0.0200 201 5 241 44
sheep 0.0200 230 0 253 16
train 0.0319 0 0 98 27
train 0.0283 75 0 190 18
train 0.0274 13 4 126 90
train 0.0240 111 0 232 20
