bicycle 0.0250 158 0 209 11
dog 0.6456 0 69 304 495
dog 0.0550 0 346 236 494
dog 0.0544 3 58 156 477
dog 0.0415 29 404 198 494
dog 0.0345 1 88 94 372
dog 0.0308 2 187 59 420
dog 0.0302 0 133 77 500
dog 0.0287 135 94 294 473
dog 0.0260 218 90 307 470
dog 0.0253 93 89 294 262
dog 0.0246 12 77 125 273
dog 0.0237 183 112 299 290
dog 0.0237 97 411 254 498
dog 0.0231 71 0 297 368
dog 0.0228 51 388 306 500
dog 0.0215 2 295 61 500
dog 0.0205 56 69 163 161
person 0.0565 0 66 107 385
person 0.0295 11 85 88 276
person 0.0251 42 82 108 268
person 0.0249 1 106 64 310
person 0.0234 56 74 139 215
person 0.0211 15 68 130 242
sofa 0.1611 0 57 297 491
