bird 0.0419 39 41 352 264
bird 0.0255 195 22 500 333
car 0.0234 173 43 239 77
cat 0.0460 0 0 475 333
cat 0.0209 0 0 228 330
cow 0.0248 138 97 185 142
dog 0.0256 137 97 185 133
sheep 0.9090 131 95 309 275
sheep 0.1133 135 97 201 198
sheep 0.0901 464 148 500 169
sheep 0.0894 81 49 373 272
sheep 0.0683 138 98 193 151
sheep 0.0661 118 182 316 278
sheep 0.0572 0 0 463 333
sheep 0.0559 134 100 226 244
sheep 0.0535 106 97 188 259
sheep 0.0511 193 103 308 238
sheep 0.0450 48 96 243 273
sheep 0.0433 138 97 244 167
sheep 0.0407 130 75 491 292
sheep 0.0395 201 145 306 276
sheep 0.0359 151 103 313 179
sheep 0.0322 230 126 308 225
sheep 0.0270 174 183 206 196
sheep 0.0260 146 101 227 139
sheep 0.0257 174 178 205 191
sheep 0.0247 478 139 500 167
sheep 0.0236 77 15 500 201
sheep 0.0227 236 133 301 165
sheep 0.0216 458 125 498 169
sheep 0.0215 293 170 309 203
