aeroplane 0.0980 15 0 331 348
aeroplane 0.0304 41 0 500 214
bird 0.0286 0 0 480 375
bird 0.0225 386 330 402 361
bird 0.0211 447 355 487 375
bird 0.0208 420 353 500 375
bird 0.0207 205 351 240 375
car 0.0202 0 362 47 375
chair 0.0215 475 355 500 375
person 0.0584 0 0 191 375
person 0.0381 61 0 169 131
person 0.0271 105 0 215 114
person 0.0209 2 0 500 328
sheep 0.8073 147 272 285 372
sheep 0.7919 0 278 158 374
sheep 0.7624 420 258 500 374
sheep 0.7386 353 234 441 294
sheep 0.6980 190 216 247 279
sheep 0.6801 27 203 105 254
sheep 0.5718 0 220 45 256
sheep 0.4538 444 229 499 284
sheep 0.3791 0 248 55 291
sheep 0.3556 437 233 500 331
sheep 0.3298 2 225 51 275
sheep 0.2670 462 239 500 296
sheep 0.2649 391 230 492 293
sheep 0.2565 4 252 102 365
sheep 0.2507 23 250 65 284
sheep 0.2306 5 217 81 256
sheep 0.1783 0 250 36 314
sheep 0.1763 0 242 59 329
sheep 0.1742 27 202 78 242
sheep 0.1592 0 276 45 323
sheep 0.1528 1 283 48 374
sheep 0.1425 36 245 68 267
sheep 0.1316 445 256 500 290
sheep 0.1266 364 234 487 347
sheep 0.1253 42 253 66 282
sheep 0.1210 15 238 68 278
sheep 0.1174 468 253 500 316
sheep 0.1140 1 266 59 311
sheep 0.1075 182 229 273 347
sheep 0.1057 17 262 256 371
sheep 0.0997 0 273 136 336
sheep 0.0943 43 243 72 260
sheep 0.0927 156 278 391 375
sheep 0.0918 0 280 77 350
sheep 0.0841 7 231 58 258
sheep 0.0833 471 253 500 286
sheep 0.0820 7 253 44 283
sheep 0.0815 17 205 57 250
sheep 0.0788 2 208 84 288
sheep 0.0778 0 282 35 347
sheep 0.0775 8 282 53 314
sheep 0.0763 427 261 494 317
sheep 0.0724 413 268 468 355
sheep 0.0719 0 254 25 295
sheep 0.0703 422 246 500 297
sheep 0.0697 28 204 58 229
sheep 0.0693 348 192 452 286
sheep 0.0685 458 260 491 286
sheep 0.0684 425 323 494 375
sheep 0.0675 190 218 225 268
sheep 0.0663 31 232 102 260
sheep 0.0660 46 240 89 257
sheep 0.0658 0 197 197 354
sheep 0.0655 199 264 238 278
sheep 0.0654 428 233 487 276
sheep 0.0650 0 330 52 375
sheep 0.0642 422 269 463 287
sheep 0.0641 4 241 56 266
sheep 0.0634 417 267 470 304
sheep 0.0631 0 219 126 341
sheep 0.0630 458 246 500 357
sheep 0.0630 25 199 174 257
sheep 0.0622 32 279 154 324
sheep 0.0622 0 356 44 374
sheep 0.0620 2 284 34 313
sheep 0.0613 25 238 76 261
sheep 0.0605 49 205 104 238
sheep 0.0601 222 278 284 367
sheep 0.0598 17 283 56 302
sheep 0.0592 449 262 480 284
sheep 0.0585 374 233 461 277
sheep 0.0581 450 232 500 260
sheep 0.0581 81 284 153 374
sheep 0.0563 0 285 24 326
sheep 0.0558 427 265 486 290
sheep 0.0557 23 248 59 262
sheep 0.0532 383 306 499 374
sheep 0.0524 1 208 41 242
sheep 0.0519 0 195 64 258
sheep 0.0515 351 233 394 291
sheep 0.0496 418 270 449 290
sheep 0.0494 23 249 47 280
sheep 0.0490 206 216 247 252
sheep 0.0489 22 169 124 248
sheep 0.0484 52 247 77 261
sheep 0.0479 107 192 295 353
sheep 0.0475 448 251 480 278
sheep 0.0472 184 248 250 279
sheep 0.0467 125 211 251 271
sheep 0.0467 455 357 500 374
sheep 0.0461 33 283 67 300
sheep 0.0460 83 206 106 227
sheep 0.0454 46 266 69 285
sheep 0.0451 446 342 500 375
sheep 0.0447 73 342 161 372
sheep 0.0447 389 256 467 311
sheep 0.0445 415 275 454 331
sheep 0.0440 149 272 206 361
sheep 0.0438 10 334 156 373
sheep 0.0434 249 255 476 374
sheep 0.0434 6 282 101 318
sheep 0.0430 149 272 188 287
sheep 0.0430 197 266 225 280
sheep 0.0425 0 346 25 375
sheep 0.0424 21 204 40 224
sheep 0.0420 466 263 498 294
sheep 0.0416 403 267 449 302
sheep 0.0413 210 225 244 281
sheep 0.0408 145 270 194 312
sheep 0.0406 28 202 48 220
sheep 0.0403 2 201 38 227
sheep 0.0401 3 248 41 262
sheep 0.0400 0 192 73 364
sheep 0.0397 0 218 28 243
sheep 0.0395 475 237 500 275
sheep 0.0395 402 235 443 287
sheep 0.0392 456 302 500 375
sheep 0.0390 10 204 33 223
sheep 0.0390 13 261 51 302
sheep 0.0390 0 306 30 375
sheep 0.0389 418 235 459 285
sheep 0.0387 72 203 104 246
sheep 0.0383 6 267 30 308
sheep 0.0381 439 267 471 288
sheep 0.0380 57 247 95 257
sheep 0.0377 101 320 161 372
sheep 0.0374 209 269 236 281
sheep 0.0373 184 193 271 271
sheep 0.0371 31 260 60 286
sheep 0.0369 277 236 412 294
sheep 0.0363 94 280 156 323
sheep 0.0362 55 221 102 258
sheep 0.0360 26 272 57 307
sheep 0.0360 387 328 402 353
sheep 0.0356 31 284 54 310
sheep 0.0352 20 286 47 320
sheep 0.0352 292 237 451 337
sheep 0.0351 115 358 157 374
sheep 0.0341 29 261 66 312
sheep 0.0339 16 201 72 227
sheep 0.0337 0 251 33 273
sheep 0.0335 187 216 305 281
sheep 0.0330 245 280 287 343
sheep 0.0330 41 276 65 293
sheep 0.0326 156 336 285 374
sheep 0.0323 25 216 99 279
sheep 0.0322 165 272 200 285
sheep 0.0318 6 210 34 230
sheep 0.0317 461 247 485 283
sheep 0.0313 459 230 500 247
sheep 0.0311 30 208 75 264
sheep 0.0308 433 236 454 252
sheep 0.0306 8 292 42 326
sheep 0.0305 222 216 249 264
sheep 0.0304 5 235 108 308
sheep 0.0301 0 238 33 287
sheep 0.0301 225 217 249 238
sheep 0.0301 376 261 464 368
sheep 0.0300 0 353 77 375
sheep 0.0299 383 253 442 295
sheep 0.0298 415 273 440 304
sheep 0.0298 12 255 99 296
sheep 0.0295 17 277 57 292
sheep 0.0292 56 261 73 276
sheep 0.0290 29 245 58 272
sheep 0.0290 357 275 383 294
sheep 0.0289 107 348 160 375
sheep 0.0289 89 203 209 276
sheep 0.0288 351 207 500 313
sheep 0.0287 10 271 70 295
sheep 0.0286 12 265 57 284
sheep 0.0279 460 250 500 271
sheep 0.0279 63 250 89 260
sheep 0.0277 435 257 481 304
sheep 0.0277 297 218 454 292
sheep 0.0275 479 257 500 352
sheep 0.0275 232 310 289 371
sheep 0.0274 57 267 73 281
sheep 0.0274 431 237 453 264
sheep 0.0272 426 270 455 298
sheep 0.0272 424 237 447 253
sheep 0.0271 375 242 445 319
sheep 0.0271 25 282 45 306
sheep 0.0270 163 215 218 269
sheep 0.0268 14 278 37 308
sheep 0.0268 8 279 75 305
sheep 0.0267 212 242 366 354
sheep 0.0266 0 205 26 253
sheep 0.0266 4 205 25 223
sheep 0.0266 449 236 480 273
sheep 0.0266 438 235 453 245
sheep 0.0266 35 280 64 313
sheep 0.0265 0 311 107 371
sheep 0.0265 434 234 470 266
sheep 0.0262 27 198 104 229
sheep 0.0261 237 283 421 351
sheep 0.0260 405 250 461 291
sheep 0.0260 54 254 75 268
sheep 0.0257 191 261 213 277
sheep 0.0257 422 179 500 345
sheep 0.0256 5 206 56 232
sheep 0.0255 201 217 244 237
sheep 0.0254 123 331 159 375
sheep 0.0254 439 233 462 253
sheep 0.0254 169 221 258 303
sheep 0.0254 33 202 67 217
sheep 0.0253 180 271 210 283
sheep 0.0252 137 337 190 375
sheep 0.0245 462 176 500 321
sheep 0.0245 115 274 182 304
sheep 0.0245 406 359 447 374
sheep 0.0243 17 226 47 257
sheep 0.0242 49 278 70 292
sheep 0.0242 476 348 500 375
sheep 0.0241 410 258 441 296
sheep 0.0241 0 227 25 259
sheep 0.0238 44 206 138 249
sheep 0.0238 3 102 153 345
sheep 0.0237 414 352 500 375
sheep 0.0237 357 257 381 293
sheep 0.0237 0 200 37 268
sheep 0.0236 146 270 259 332
sheep 0.0236 329 286 491 375
sheep 0.0234 402 273 481 323
sheep 0.0234 193 270 223 282
sheep 0.0234 412 290 450 368
sheep 0.0234 377 303 452 365
sheep 0.0231 430 236 445 246
sheep 0.0231 217 270 248 281
sheep 0.0230 24 213 48 250
sheep 0.0229 234 305 434 372
sheep 0.0227 384 235 432 268
sheep 0.0226 429 234 451 243
sheep 0.0225 360 271 443 331
sheep 0.0225 146 305 218 372
sheep 0.0225 12 269 124 313
sheep 0.0225 420 238 446 266
sheep 0.0224 464 225 499 240
sheep 0.0223 70 241 106 256
sheep 0.0223 193 262 253 280
sheep 0.0223 16 208 42 230
sheep 0.0222 177 267 201 277
sheep 0.0222 419 226 496 262
sheep 0.0222 33 245 85 284
sheep 0.0222 190 268 204 279
sheep 0.0222 357 231 430 262
sheep 0.0221 61 205 104 224
sheep 0.0221 443 233 460 246
sheep 0.0219 2 213 19 236
sheep 0.0218 189 216 220 243
sheep 0.0217 95 283 145 298
sheep 0.0216 25 240 46 270
sheep 0.0216 244 271 294 311
sheep 0.0216 219 216 360 282
sheep 0.0216 0 179 33 238
sheep 0.0215 188 220 211 261
sheep 0.0215 28 229 59 267
sheep 0.0215 61 274 76 285
sheep 0.0214 0 252 22 335
sheep 0.0214 190 264 203 276
sheep 0.0214 428 252 473 281
sheep 0.0214 227 338 291 375
sheep 0.0214 35 235 67 256
sheep 0.0213 334 236 380 288
sheep 0.0213 0 271 37 293
sheep 0.0212 448 231 487 245
sheep 0.0212 85 356 156 374
sheep 0.0211 51 284 83 297
sheep 0.0210 446 272 498 330
sheep 0.0209 41 286 70 307
sheep 0.0209 483 285 500 373
sheep 0.0209 214 261 243 279
sheep 0.0208 73 251 95 261
sheep 0.0208 404 318 463 370
sheep 0.0207 354 265 433 294
sheep 0.0205 174 203 319 375
sheep 0.0203 358 234 398 269
sheep 0.0203 218 217 275 265
sheep 0.0202 107 281 171 375
sheep 0.0202 413 355 437 375
sheep 0.0201 1 291 71 327
sheep 0.0201 389 326 405 342
sheep 0.0201 134 244 239 363
sheep 0.0201 44 206 86 252
sheep 0.0200 148 358 193 374
sheep 0.0200 215 215 248 228
train 0.0802 0 0 346 375
tvmonitor 0.0226 0 5 74 54
