boat 0.0280 0 1 500 217
bottle 0.0755 33 207 66 230
bottle 0.0597 184 0 215 39
bottle 0.0559 212 0 236 65
bottle 0.0479 34 211 64 246
bottle 0.0436 197 0 230 52
bottle 0.0433 352 10 373 43
bottle 0.0423 217 0 233 44
bottle 0.0374 195 0 216 26
bottle 0.0368 349 21 406 46
bottle 0.0356 24 212 61 226
bottle 0.0354 97 0 134 17
bottle 0.0353 220 0 250 73
bottle 0.0335 207 0 224 39
bottle 0.0335 344 1 385 48
bottle 0.0304 18 208 70 241
bottle 0.0296 140 77 165 114
bottle 0.0290 358 13 378 42
bottle 0.0280 26 209 43 231
bottle 0.0276 149 76 172 113
bottle 0.0272 5 202 68 255
bottle 0.0268 19 202 75 227
bottle 0.0265 349 24 377 49
bottle 0.0264 346 5 367 44
bottle 0.0258 334 0 359 43
bottle 0.0256 175 0 222 57
bottle 0.0241 365 20 394 46
bottle 0.0233 23 212 50 235
bottle 0.0231 91 165 175 193
bottle 0.0228 103 136 191 177
bottle 0.0225 116 119 177 142
bottle 0.0221 31 203 88 235
bottle 0.0213 1 183 74 289
bottle 0.0212 112 177 160 193
bottle 0.0210 19 211 39 233
bottle 0.0208 18 214 47 227
bottle 0.0207 419 65 443 97
bottle 0.0203 352 19 394 36
bottle 0.0200 101 150 192 190
bottle 0.0200 202 0 225 22
car 0.2584 31 77 428 360
car 0.1657 82 84 478 254
car 0.1486 351 0 419 22
car 0.0577 20 68 244 189
car 0.0554 102 87 226 155
car 0.0483 29 61 420 183
car 0.0452 7 32 233 150
car 0.0442 105 80 267 207
car 0.0404 106 108 247 175
car 0.0396 115 110 208 151
car 0.0396 86 62 195 126
car 0.0392 77 26 468 144
car 0.0309 106 121 190 162
car 0.0300 124 86 320 168
car 0.0249 119 132 279 215
car 0.0245 131 93 440 201
car 0.0231 183 58 500 189
car 0.0222 91 128 230 199
car 0.0219 397 86 471 105
car 0.0216 335 0 492 189
car 0.0210 204 0 466 121
car 0.0204 0 16 306 220
chair 0.0884 1 200 156 375
chair 0.0611 146 90 498 365
chair 0.0550 408 48 439 97
chair 0.0540 424 291 500 375
chair 0.0496 462 286 500 375
chair 0.0467 18 105 195 333
chair 0.0457 316 90 491 339
chair 0.0428 0 299 161 371
chair 0.0416 115 63 219 145
chair 0.0396 395 34 430 96
chair 0.0374 473 138 500 162
chair 0.0372 473 102 500 162
chair 0.0351 116 108 190 140
chair 0.0341 136 65 175 117
chair 0.0328 407 87 494 245
chair 0.0316 44 168 257 370
chair 0.0311 419 57 442 93
chair 0.0307 417 218 498 372
chair 0.0307 1 244 81 373
chair 0.0290 46 239 203 371
chair 0.0288 413 62 475 97
chair 0.0284 460 84 497 155
chair 0.0280 360 261 496 375
chair 0.0260 447 57 498 146
chair 0.0260 126 93 185 134
chair 0.0257 66 339 161 374
chair 0.0257 0 158 189 282
chair 0.0250 388 48 421 100
chair 0.0249 391 84 500 375
chair 0.0244 297 39 335 96
chair 0.0241 0 193 56 360
chair 0.0239 400 53 420 93
chair 0.0235 459 334 500 375
chair 0.0227 0 198 82 288
chair 0.0226 77 279 155 375
chair 0.0225 3 338 111 373
chair 0.0224 132 23 223 130
chair 0.0222 397 81 470 104
chair 0.0220 332 41 495 238
chair 0.0213 282 182 500 375
chair 0.0209 173 95 483 249
chair 0.0207 220 268 500 367
chair 0.0203 78 123 243 305
chair 0.0200 63 261 346 365
chair 0.0200 120 206 215 367
diningtable 0.0420 0 208 294 375
person 0.8473 7 65 208 367
person 0.1953 0 71 461 375
person 0.1806 34 0 90 20
person 0.1390 103 68 169 148
person 0.1283 65 68 216 156
person 0.1230 74 0 106 18
person 0.1169 64 66 237 295
person 0.1025 20 68 198 194
person 0.0989 460 287 500 375
person 0.0954 0 160 157 374
person 0.0912 117 80 154 135
person 0.0761 125 65 167 120
person 0.0756 53 0 114 20
person 0.0721 94 69 147 135
person 0.0689 107 93 188 158
person 0.0676 78 112 287 369
person 0.0675 98 76 178 190
person 0.0648 60 0 86 20
person 0.0627 112 33 223 147
person 0.0594 67 63 182 125
person 0.0582 81 0 126 17
person 0.0564 118 95 173 140
person 0.0523 117 65 189 135
person 0.0521 125 89 162 122
person 0.0499 1 87 172 257
person 0.0455 131 80 155 117
person 0.0432 108 76 256 178
person 0.0431 101 86 223 240
person 0.0427 1 69 153 151
person 0.0421 33 0 57 22
person 0.0418 0 28 212 163
person 0.0372 4 97 113 336
person 0.0364 32 0 125 27
person 0.0360 88 113 196 202
person 0.0329 102 114 171 167
person 0.0321 61 70 155 182
person 0.0320 435 264 499 375
person 0.0318 107 88 140 138
person 0.0318 6 86 103 222
person 0.0309 2 194 71 341
person 0.0297 75 68 137 118
person 0.0296 6 0 89 30
person 0.0292 96 97 157 155
person 0.0271 138 85 164 116
person 0.0261 131 97 170 116
person 0.0261 148 0 239 129
person 0.0260 462 344 500 375
person 0.0259 194 0 230 73
person 0.0257 106 117 180 145
person 0.0250 223 34 237 74
person 0.0244 259 0 338 98
person 0.0237 367 16 390 42
person 0.0237 218 0 242 75
person 0.0237 0 53 341 229
person 0.0236 114 71 144 120
person 0.0233 124 94 149 136
person 0.0228 467 358 500 374
person 0.0227 92 0 114 18
person 0.0222 390 161 500 375
person 0.0217 349 0 384 34
person 0.0216 199 0 214 21
person 0.0216 29 0 69 29
person 0.0216 393 17 411 49
person 0.0215 112 130 219 306
person 0.0214 56 85 163 145
person 0.0214 14 10 123 125
person 0.0210 80 79 131 150
person 0.0207 121 93 268 284
person 0.0206 3 142 79 262
person 0.0206 108 128 184 181
person 0.0201 191 0 209 23
pottedplant 0.0381 345 99 393 115
pottedplant 0.0312 352 95 387 111
pottedplant 0.0280 219 0 260 83
pottedplant 0.0266 337 91 399 116
pottedplant 0.0257 226 0 285 105
pottedplant 0.0238 292 0 331 46
pottedplant 0.0211 249 0 293 93
sofa 0.1807 8 77 492 371
sofa 0.0357 412 249 499 373
sofa 0.0232 150 233 500 371
sofa 0.0201 357 222 497 375
train 0.0230 27 0 500 145
train 0.0207 7 0 300 293
tvmonitor 0.2667 476 25 500 76
tvmonitor 0.2026 76 81 495 286
tvmonitor 0.1868 338 2 429 94
tvmonitor 0.1811 351 0 416 24
tvmonitor 0.1505 343 1 422 46
tvmonitor 0.1480 423 0 490 87
tvmonitor 0.1405 391 0 433 89
tvmonitor 0.1364 456 8 495 75
tvmonitor 0.1296 401 0 468 99
tvmonitor 0.1216 478 24 500 53
tvmonitor 0.1106 404 0 430 67
tvmonitor 0.0932 407 1 444 82
tvmonitor 0.0861 132 92 500 197
tvmonitor 0.0829 343 41 422 99
tvmonitor 0.0770 369 3 425 76
tvmonitor 0.0759 349 18 410 48
tvmonitor 0.0735 350 55 390 97
tvmonitor 0.0690 462 39 500 81
tvmonitor 0.0655 127 60 172 116
tvmonitor 0.0632 438 26 476 78
tvmonitor 0.0623 418 39 474 91
tvmonitor 0.0570 412 35 499 113
tvmonitor 0.0564 343 19 397 92
tvmonitor 0.0557 355 0 470 118
tvmonitor 0.0554 101 62 186 133
tvmonitor 0.0551 299 93 493 168
tvmonitor 0.0543 411 49 438 92
tvmonitor 0.0532 437 26 499 92
tvmonitor 0.0521 395 35 439 93
tvmonitor 0.0519 463 27 487 75
tvmonitor 0.0519 254 86 490 250
tvmonitor 0.0518 286 0 348 93
tvmonitor 0.0501 422 52 441 86
tvmonitor 0.0497 444 44 479 77
tvmonitor 0.0495 363 8 409 25
tvmonitor 0.0493 381 0 430 49
tvmonitor 0.0493 442 57 473 77
tvmonitor 0.0492 467 12 500 58
tvmonitor 0.0491 425 52 490 101
tvmonitor 0.0487 413 67 480 108
tvmonitor 0.0481 465 33 479 71
tvmonitor 0.0472 294 42 330 92
tvmonitor 0.0470 405 54 457 100
tvmonitor 0.0458 364 2 405 35
tvmonitor 0.0447 33 11 232 148
tvmonitor 0.0432 308 80 487 140
tvmonitor 0.0428 296 10 449 115
tvmonitor 0.0421 188 73 500 161
tvmonitor 0.0409 396 80 495 149
tvmonitor 0.0395 379 20 423 97
tvmonitor 0.0388 395 15 428 55
tvmonitor 0.0379 413 8 434 76
tvmonitor 0.0376 471 46 495 78
tvmonitor 0.0369 341 30 425 75
tvmonitor 0.0367 406 80 491 117
tvmonitor 0.0362 321 46 397 99
tvmonitor 0.0361 408 82 495 224
tvmonitor 0.0354 328 0 385 87
tvmonitor 0.0352 410 83 471 102
tvmonitor 0.0350 360 14 418 40
tvmonitor 0.0346 416 12 431 60
tvmonitor 0.0342 345 51 482 104
tvmonitor 0.0339 467 13 500 119
tvmonitor 0.0338 69 18 489 203
tvmonitor 0.0338 417 0 474 58
tvmonitor 0.0338 458 46 484 74
tvmonitor 0.0338 343 0 485 56
tvmonitor 0.0334 379 8 446 110
tvmonitor 0.0325 368 0 403 22
tvmonitor 0.0324 387 0 429 19
tvmonitor 0.0324 346 46 494 237
tvmonitor 0.0323 351 2 391 36
tvmonitor 0.0319 368 18 402 40
tvmonitor 0.0318 353 68 443 102
tvmonitor 0.0318 457 35 475 73
tvmonitor 0.0311 441 62 500 115
tvmonitor 0.0302 334 36 377 97
tvmonitor 0.0302 474 58 500 81
tvmonitor 0.0300 336 0 462 31
tvmonitor 0.0299 407 12 430 47
tvmonitor 0.0298 397 21 424 86
tvmonitor 0.0295 400 0 450 50
tvmonitor 0.0292 228 23 490 128
tvmonitor 0.0290 258 0 331 98
tvmonitor 0.0287 467 29 480 56
tvmonitor 0.0282 330 0 360 47
tvmonitor 0.0281 390 63 446 104
tvmonitor 0.0279 400 1 431 37
tvmonitor 0.0279 390 92 486 131
tvmonitor 0.0274 433 54 479 88
tvmonitor 0.0271 299 38 375 95
tvmonitor 0.0268 419 33 442 82
tvmonitor 0.0267 386 57 490 119
tvmonitor 0.0265 335 82 401 112
tvmonitor 0.0265 408 46 429 84
tvmonitor 0.0263 442 59 500 86
tvmonitor 0.0263 426 63 473 94
tvmonitor 0.0262 384 21 422 51
tvmonitor 0.0261 423 52 462 83
tvmonitor 0.0260 192 0 233 74
tvmonitor 0.0258 314 0 355 64
tvmonitor 0.0257 125 0 227 120
tvmonitor 0.0256 358 0 388 22
tvmonitor 0.0255 323 9 480 176
tvmonitor 0.0254 444 0 486 61
tvmonitor 0.0253 418 61 445 92
tvmonitor 0.0249 469 28 487 49
tvmonitor 0.0249 337 0 381 41
tvmonitor 0.0248 110 111 237 193
tvmonitor 0.0248 439 63 483 82
tvmonitor 0.0247 392 4 418 47
tvmonitor 0.0245 205 0 252 87
tvmonitor 0.0239 482 9 499 38
tvmonitor 0.0236 453 15 475 69
tvmonitor 0.0236 227 0 381 104
tvmonitor 0.0235 171 0 224 69
tvmonitor 0.0232 372 25 408 48
tvmonitor 0.0232 338 39 450 144
tvmonitor 0.0229 337 83 471 117
tvmonitor 0.0228 372 52 420 96
tvmonitor 0.0228 294 0 332 46
tvmonitor 0.0227 141 65 166 109
tvmonitor 0.0224 409 19 428 74
tvmonitor 0.0223 416 71 449 97
tvmonitor 0.0222 450 58 489 76
tvmonitor 0.0220 284 0 451 68
tvmonitor 0.0217 405 24 431 57
tvmonitor 0.0216 473 40 500 107
tvmonitor 0.0214 131 67 158 109
tvmonitor 0.0211 4 0 233 89
tvmonitor 0.0209 398 86 478 109
tvmonitor 0.0208 328 97 430 125
tvmonitor 0.0207 241 0 306 109
tvmonitor 0.0207 471 39 500 60
tvmonitor 0.0203 305 55 434 108
tvmonitor 0.0201 179 0 219 43
tvmonitor 0.0200 394 21 417 68
