bottle 0.8293 57 9 485 333
bottle 0.0940 360 0 483 272
bottle 0.0799 80 0 212 238
bottle 0.0730 62 0 278 302
bottle 0.0698 27 12 182 321
bottle 0.0672 93 4 182 150
bottle 0.0636 0 18 106 333
bottle 0.0607 211 92 322 183
bottle 0.0575 232 116 343 191
bottle 0.0532 137 0 324 193
bottle 0.0498 151 0 185 22
bottle 0.0460 265 91 375 183
bottle 0.0457 335 0 377 20
bottle 0.0456 149 0 219 23
bottle 0.0451 73 31 154 192
bottle 0.0449 244 46 349 182
bottle 0.0435 183 39 290 182
bottle 0.0412 221 128 311 184
bottle 0.0399 22 164 487 333
bottle 0.0387 377 4 471 179
bottle 0.0385 275 0 458 218
bottle 0.0384 65 78 216 333
bottle 0.0378 311 32 328 52
bottle 0.0372 0 284 24 333
bottle 0.0362 8 0 144 223
bottle 0.0353 286 0 316 17
bottle 0.0337 314 43 401 186
bottle 0.0335 2 230 76 333
bottle 0.0335 205 7 371 194
bottle 0.0333 8 156 84 333
bottle 0.0326 151 7 250 153
bottle 0.0325 279 32 380 171
bottle 0.0324 275 130 313 185
bottle 0.0319 22 53 126 276
bottle 0.0315 122 14 219 165
bottle 0.0310 72 175 150 333
bottle 0.0308 193 95 283 199
bottle 0.0308 304 16 499 333
bottle 0.0298 87 77 173 227
bottle 0.0295 348 34 362 52
bottle 0.0295 416 26 493 211
bottle 0.0293 75 0 153 123
bottle 0.0289 0 318 44 332
bottle 0.0287 247 0 316 17
bottle 0.0284 154 81 263 181
bottle 0.0284 344 35 443 194
bottle 0.0283 213 13 319 155
bottle 0.0281 74 97 149 257
bottle 0.0270 383 57 475 238
bottle 0.0269 417 162 496 333
bottle 0.0267 0 304 38 333
bottle 0.0262 104 0 500 191
bottle 0.0259 27 174 116 333
bottle 0.0259 30 7 127 148
bottle 0.0257 116 0 177 105
bottle 0.0255 85 49 244 190
bottle 0.0253 180 0 219 18
bottle 0.0253 162 0 203 19
bottle 0.0251 109 0 152 91
bottle 0.0250 271 128 373 210
bottle 0.0249 2 256 40 333
bottle 0.0243 20 94 57 149
bottle 0.0241 2 298 75 333
bottle 0.0231 297 110 392 197
bottle 0.0228 108 0 235 79
bottle 0.0220 136 121 296 186
bottle 0.0220 251 41 397 252
bottle 0.0216 295 0 383 18
bottle 0.0216 322 0 418 17
bottle 0.0208 9 82 81 250
bottle 0.0207 0 315 79 333
bottle 0.0206 127 1 168 75
bottle 0.0203 219 127 265 181
bottle 0.0203 5 279 94 333
chair 0.0212 349 120 495 333
diningtable 0.0383 173 1 479 105
diningtable 0.0281 216 17 489 161
diningtable 0.0275 88 4 390 155
diningtable 0.0203 261 11 459 81
person 0.0339 0 273 27 333
person 0.0336 1 300 22 333
person 0.0297 460 253 498 333
person 0.0221 13 94 57 158
person 0.0221 9 0 143 192
person 0.0215 139 0 244 16
person 0.0202 0 318 34 333
pottedplant 0.0629 113 12 500 333
pottedplant 0.0562 364 23 491 333
pottedplant 0.0298 20 94 56 149
pottedplant 0.0257 304 132 497 332
pottedplant 0.0252 88 167 500 332
pottedplant 0.0214 0 86 74 333
tvmonitor 0.0200 267 0 480 158
