aeroplane 0.0406 438 102 500 217
bicycle 0.0946 438 105 500 211
bicycle 0.0237 374 310 414 375
bird 0.0295 479 95 499 122
bird 0.0267 462 99 500 126
car 0.0248 438 133 500 209
chair 0.0239 443 114 500 212
cow 0.0246 364 269 422 375
person 0.0368 449 90 500 225
person 0.0324 375 311 414 375
person 0.0216 32 349 57 375
person 0.0203 333 294 365 375
sheep 0.5369 191 89 412 375
sheep 0.1598 437 108 500 214
sheep 0.1495 0 45 413 375
sheep 0.1117 259 59 500 375
sheep 0.1011 205 219 430 370
sheep 0.0832 176 92 310 349
sheep 0.0778 76 82 252 360
sheep 0.0738 364 270 422 375
sheep 0.0601 184 95 311 174
sheep 0.0587 448 91 500 301
sheep 0.0544 314 127 437 374
sheep 0.0455 211 176 342 375
sheep 0.0434 103 37 331 341
sheep 0.0409 272 269 428 372
sheep 0.0409 419 84 500 362
sheep 0.0400 197 61 466 266
sheep 0.0371 175 86 343 235
sheep 0.0334 229 92 414 175
sheep 0.0328 447 111 500 158
sheep 0.0303 183 95 285 131
sheep 0.0295 214 251 315 375
sheep 0.0288 346 196 428 360
sheep 0.0287 209 298 397 371
sheep 0.0273 463 104 500 123
sheep 0.0267 56 0 500 289
sheep 0.0251 453 103 500 139
sheep 0.0242 183 101 247 126
sheep 0.0228 467 111 500 182
sheep 0.0226 168 93 272 274
sheep 0.0224 204 50 500 169
sheep 0.0222 459 110 500 130
sheep 0.0222 459 92 500 127
sheep 0.0218 221 95 309 133
sheep 0.0215 0 68 39 141
sheep 0.0215 336 294 438 373
sheep 0.0214 306 90 475 173
sheep 0.0209 359 103 490 375
sheep 0.0204 315 223 413 375
