bird 0.0361 0 226 305 351
bird 0.0253 1 235 166 360
bird 0.0231 216 251 333 334
bird 0.0206 30 170 287 328
cat 0.2229 9 87 241 268
cat 0.0416 63 88 251 209
cat 0.0359 137 91 257 186
cat 0.0222 0 101 152 236
dog 0.7831 233 64 493 346
dog 0.6170 12 90 256 270
dog 0.2604 37 87 405 311
dog 0.0552 101 0 500 375
dog 0.0546 0 146 193 270
dog 0.0503 93 92 258 214
dog 0.0474 3 55 287 375
dog 0.0424 257 63 500 218
dog 0.0422 0 0 344 270
dog 0.0418 214 217 494 350
dog 0.0383 18 190 254 283
dog 0.0382 252 92 403 295
dog 0.0344 340 76 494 280
dog 0.0317 4 130 99 268
dog 0.0316 223 254 416 327
dog 0.0315 0 214 153 280
dog 0.0276 0 90 208 193
dog 0.0268 95 113 277 331
dog 0.0244 232 134 326 265
dog 0.0239 228 174 327 317
dog 0.0234 316 153 500 375
dog 0.0230 212 128 359 344
dog 0.0224 152 98 290 233
dog 0.0218 403 80 500 253
dog 0.0214 411 141 499 301
dog 0.0213 419 206 499 371
dog 0.0210 57 134 283 251
dog 0.0201 405 0 499 118
sofa 0.0930 0 45 473 338
