bird 0.0584 132 313 366 370
bird 0.0340 133 266 465 368
bird 0.0257 138 274 284 367
bird 0.0227 149 325 208 375
bottle 0.1456 223 356 255 375
bottle 0.1066 222 356 285 375
bottle 0.0924 197 355 263 375
bottle 0.0873 142 324 226 374
bottle 0.0798 141 326 165 375
bottle 0.0527 141 337 299 374
bottle 0.0429 124 323 184 374
bottle 0.0427 149 329 187 375
bottle 0.0414 164 346 257 374
bottle 0.0384 184 358 242 374
bottle 0.0382 156 337 207 375
bottle 0.0360 201 341 278 375
bottle 0.0346 191 308 443 368
bottle 0.0311 235 354 266 375
bottle 0.0300 143 307 316 374
bottle 0.0285 154 340 178 375
bottle 0.0278 208 350 237 375
bottle 0.0254 180 324 264 372
bottle 0.0253 186 343 355 374
bottle 0.0227 157 358 210 374
bottle 0.0226 241 358 309 374
bottle 0.0223 65 325 214 375
bottle 0.0222 227 352 252 369
bottle 0.0209 191 350 229 374
chair 0.0797 0 142 410 362
chair 0.0724 2 23 265 370
chair 0.0720 123 178 500 372
chair 0.0393 138 95 382 328
chair 0.0366 135 265 483 367
chair 0.0356 83 2 332 239
chair 0.0326 93 316 286 371
chair 0.0312 0 178 254 353
chair 0.0300 0 101 164 368
chair 0.0269 14 315 228 372
chair 0.0269 228 304 463 369
chair 0.0236 127 199 338 369
chair 0.0229 2 265 332 369
chair 0.0227 2 4 89 157
chair 0.0223 0 26 103 342
chair 0.0220 5 179 83 371
chair 0.0204 20 0 298 153
diningtable 0.0354 118 305 470 375
dog 0.0231 202 220 500 369
person 0.7786 109 0 494 370
person 0.1421 4 21 304 363
person 0.0881 326 138 497 371
person 0.0791 284 0 497 321
person 0.0719 145 32 315 310
person 0.0566 339 0 496 129
person 0.0555 378 0 500 275
person 0.0494 156 131 316 375
person 0.0479 160 255 497 368
person 0.0404 406 188 495 375
person 0.0388 192 162 476 344
person 0.0329 181 0 410 299
person 0.0319 188 2 499 167
person 0.0310 358 264 494 371
person 0.0303 406 0 500 111
person 0.0287 239 1 447 114
person 0.0263 272 0 476 69
person 0.0244 67 324 217 375
person 0.0242 228 1 352 107
person 0.0241 238 76 419 340
person 0.0239 314 97 490 255
person 0.0235 414 90 500 302
person 0.0233 117 246 359 374
person 0.0229 420 1 497 60
person 0.0228 296 188 456 361
person 0.0219 314 0 411 113
person 0.0217 320 31 491 196
person 0.0212 171 0 330 192
person 0.0211 457 0 498 66
person 0.0209 119 69 255 333
person 0.0206 225 351 323 374
person 0.0202 156 120 251 283
sofa 0.2741 0 1 497 365
sofa 0.0959 0 7 301 293
sofa 0.0504 0 5 297 153
sofa 0.0465 6 0 445 202
sofa 0.0237 5 0 171 187
train 0.0249 238 10 500 166
