aeroplane 0.9438 103 142 393 231
aeroplane 0.2623 411 206 485 233
aeroplane 0.2437 331 204 404 231
aeroplane 0.2210 325 145 496 232
aeroplane 0.1672 329 189 496 234
aeroplane 0.1323 436 213 476 233
aeroplane 0.1240 359 203 479 232
aeroplane 0.1117 72 105 500 227
aeroplane 0.1117 447 209 497 233
aeroplane 0.1042 215 131 477 234
aeroplane 0.0999 272 145 424 230
aeroplane 0.0953 454 215 484 233
aeroplane 0.0852 1 171 154 222
aeroplane 0.0789 70 163 307 227
aeroplane 0.0743 406 177 499 237
aeroplane 0.0668 304 142 384 227
aeroplane 0.0584 17 57 500 273
aeroplane 0.0570 0 181 94 218
aeroplane 0.0553 459 190 498 233
aeroplane 0.0551 461 214 499 231
aeroplane 0.0540 274 141 370 206
aeroplane 0.0527 409 206 449 234
aeroplane 0.0523 279 191 407 230
aeroplane 0.0501 324 206 374 232
aeroplane 0.0440 328 175 401 233
aeroplane 0.0438 435 197 490 234
aeroplane 0.0415 341 196 434 231
aeroplane 0.0412 0 192 74 213
aeroplane 0.0404 106 174 244 229
aeroplane 0.0402 452 211 477 229
aeroplane 0.0380 0 141 109 220
aeroplane 0.0377 369 209 412 231
aeroplane 0.0363 319 141 356 188
aeroplane 0.0356 14 138 192 223
aeroplane 0.0356 0 199 78 220
aeroplane 0.0324 307 206 343 231
aeroplane 0.0312 289 143 365 173
aeroplane 0.0310 379 123 500 220
aeroplane 0.0307 0 192 21 214
aeroplane 0.0303 176 172 413 238
aeroplane 0.0303 104 180 177 224
aeroplane 0.0299 470 202 500 231
aeroplane 0.0298 303 135 479 197
aeroplane 0.0292 50 116 285 224
aeroplane 0.0287 29 165 500 273
aeroplane 0.0285 352 203 412 221
aeroplane 0.0284 0 196 44 217
aeroplane 0.0281 312 195 382 228
aeroplane 0.0278 289 207 334 231
aeroplane 0.0276 334 206 362 228
aeroplane 0.0272 462 209 481 230
aeroplane 0.0270 266 208 325 230
aeroplane 0.0265 118 221 138 228
aeroplane 0.0263 419 204 461 229
aeroplane 0.0262 339 208 388 226
aeroplane 0.0253 0 190 40 210
aeroplane 0.0243 446 202 500 223
aeroplane 0.0239 382 210 409 225
aeroplane 0.0239 383 197 449 228
aeroplane 0.0232 344 199 402 217
aeroplane 0.0231 0 179 49 219
aeroplane 0.0230 427 209 472 225
aeroplane 0.0228 187 136 406 208
aeroplane 0.0227 344 117 496 173
aeroplane 0.0227 336 204 374 218
aeroplane 0.0223 216 159 384 219
aeroplane 0.0221 347 78 499 241
aeroplane 0.0219 460 205 488 221
aeroplane 0.0218 318 140 374 202
aeroplane 0.0217 221 176 241 189
aeroplane 0.0215 118 217 134 227
aeroplane 0.0213 455 207 476 222
aeroplane 0.0209 13 179 219 234
aeroplane 0.0207 468 200 496 216
aeroplane 0.0204 358 207 398 226
aeroplane 0.0203 377 206 413 217
aeroplane 0.0200 20 190 64 199
boat 0.0393 410 209 445 232
boat 0.0273 11 3 500 234
boat 0.0249 414 211 469 230
boat 0.0228 326 141 360 189
bottle 0.0215 283 5 314 44
bus 0.0276 0 0 463 273
car 0.2586 335 215 393 231
car 0.1397 449 215 476 233
car 0.1198 410 208 471 234
car 0.1161 351 219 399 230
car 0.0640 335 208 361 231
car 0.0640 374 219 401 231
car 0.0609 346 215 376 233
car 0.0576 431 220 475 233
car 0.0498 409 211 431 234
car 0.0466 385 219 406 231
car 0.0446 459 218 480 234
car 0.0425 413 221 456 234
car 0.0404 330 217 364 231
car 0.0366 0 0 399 193
car 0.0352 459 219 497 233
car 0.0338 371 213 411 232
car 0.0331 437 213 466 234
car 0.0299 331 206 374 233
car 0.0292 341 204 399 233
car 0.0274 43 121 500 273
car 0.0271 322 217 347 230
car 0.0259 392 217 411 230
car 0.0254 452 222 478 236
car 0.0248 364 221 396 233
car 0.0246 317 214 358 231
car 0.0243 427 211 451 234
car 0.0235 310 210 342 230
car 0.0233 358 212 396 234
car 0.0213 338 141 355 166
car 0.0211 328 140 353 175
cat 0.0209 0 0 500 273
chair 0.0354 416 208 446 232
person 0.2237 310 211 324 231
person 0.1939 263 215 277 231
person 0.1932 202 211 216 232
person 0.0871 314 214 332 230
person 0.0812 325 214 340 230
person 0.0655 331 208 351 231
person 0.0641 308 215 320 230
person 0.0524 379 219 396 233
person 0.0499 299 210 327 231
person 0.0470 122 218 135 230
person 0.0455 4 0 486 241
person 0.0442 248 213 278 231
person 0.0419 198 217 214 231
person 0.0418 319 208 344 232
person 0.0417 260 217 274 232
person 0.0404 309 207 334 231
person 0.0404 385 219 403 232
person 0.0378 0 0 244 244
person 0.0374 61 54 84 78
person 0.0367 370 218 391 233
person 0.0365 204 218 224 232
person 0.0356 306 218 329 230
person 0.0354 189 209 218 231
person 0.0353 355 210 382 232
person 0.0338 261 212 289 231
person 0.0335 395 217 410 231
person 0.0328 406 218 418 232
person 0.0315 336 206 360 229
person 0.0297 210 211 229 231
person 0.0285 32 24 120 117
person 0.0248 250 219 276 230
person 0.0239 58 12 145 113
person 0.0238 119 221 131 231
person 0.0231 203 221 214 235
person 0.0229 55 54 91 90
person 0.0226 200 203 229 232
person 0.0225 409 207 429 230
person 0.0219 265 218 298 230
person 0.0207 57 53 108 99
person 0.0202 332 141 351 166
sofa 0.0238 12 0 500 241
train 0.0256 11 0 445 247
