aeroplane 0.9190 1 10 500 289
aeroplane 0.4965 357 1 487 59
aeroplane 0.2372 400 40 456 58
aeroplane 0.2283 388 9 458 58
aeroplane 0.1919 387 22 493 61
aeroplane 0.1881 462 36 498 58
aeroplane 0.1813 366 0 431 55
aeroplane 0.1813 0 54 30 75
aeroplane 0.1631 357 24 447 60
aeroplane 0.1235 0 32 76 80
aeroplane 0.1211 0 56 36 89
aeroplane 0.1199 419 37 497 59
aeroplane 0.1130 449 27 499 58
aeroplane 0.1033 0 45 56 84
aeroplane 0.1017 0 37 37 74
aeroplane 0.1014 411 47 457 60
aeroplane 0.0982 420 11 499 57
aeroplane 0.0969 262 1 460 61
aeroplane 0.0941 336 0 500 92
aeroplane 0.0922 355 14 412 56
aeroplane 0.0889 0 10 104 78
aeroplane 0.0844 0 15 45 76
aeroplane 0.0843 0 126 22 141
aeroplane 0.0837 414 0 466 58
aeroplane 0.0834 0 58 74 91
aeroplane 0.0784 352 0 496 211
aeroplane 0.0780 441 42 488 56
aeroplane 0.0773 19 9 191 80
aeroplane 0.0762 425 43 466 56
aeroplane 0.0758 455 0 497 57
aeroplane 0.0753 201 50 245 66
aeroplane 0.0734 396 27 453 56
aeroplane 0.0716 115 49 190 70
aeroplane 0.0707 1 54 56 74
aeroplane 0.0694 144 55 183 68
aeroplane 0.0667 153 50 238 71
aeroplane 0.0647 363 0 413 32
aeroplane 0.0632 69 39 195 72
aeroplane 0.0624 1 70 50 91
aeroplane 0.0620 155 52 191 71
aeroplane 0.0617 309 10 420 56
aeroplane 0.0594 1 16 152 114
aeroplane 0.0587 377 0 438 34
aeroplane 0.0582 457 33 495 50
aeroplane 0.0577 466 19 497 56
aeroplane 0.0571 0 0 39 32
aeroplane 0.0567 7 39 125 75
aeroplane 0.0567 212 13 425 76
aeroplane 0.0567 181 46 251 67
aeroplane 0.0528 364 0 406 15
aeroplane 0.0520 238 36 319 61
aeroplane 0.0503 45 13 349 86
aeroplane 0.0499 0 53 89 113
aeroplane 0.0489 51 43 127 71
aeroplane 0.0486 252 2 481 123
aeroplane 0.0486 336 0 411 17
aeroplane 0.0464 411 31 500 72
aeroplane 0.0448 3 54 146 173
aeroplane 0.0447 365 0 435 20
aeroplane 0.0439 113 41 245 72
aeroplane 0.0433 148 43 200 71
aeroplane 0.0429 463 34 485 55
aeroplane 0.0420 419 38 455 56
aeroplane 0.0412 59 133 500 290
aeroplane 0.0409 61 19 160 69
aeroplane 0.0404 9 46 87 72
aeroplane 0.0403 353 4 403 44
aeroplane 0.0394 388 0 492 39
aeroplane 0.0393 0 0 52 58
aeroplane 0.0390 455 33 480 56
aeroplane 0.0389 3 120 19 140
aeroplane 0.0388 354 1 396 23
aeroplane 0.0385 62 27 203 108
aeroplane 0.0380 163 54 218 68
aeroplane 0.0378 383 38 500 282
aeroplane 0.0378 318 30 398 60
aeroplane 0.0370 0 63 28 100
aeroplane 0.0368 364 45 492 143
aeroplane 0.0367 332 0 396 29
aeroplane 0.0366 40 21 410 130
aeroplane 0.0362 448 37 500 70
aeroplane 0.0362 7 78 46 91
aeroplane 0.0359 89 218 487 307
aeroplane 0.0351 357 34 413 58
aeroplane 0.0350 14 76 55 88
aeroplane 0.0349 191 29 479 267
aeroplane 0.0348 74 47 161 69
aeroplane 0.0343 391 26 500 94
aeroplane 0.0342 266 34 366 60
aeroplane 0.0337 0 113 21 143
aeroplane 0.0336 60 27 115 68
aeroplane 0.0333 330 0 461 43
aeroplane 0.0330 402 15 445 49
aeroplane 0.0323 257 27 412 109
aeroplane 0.0320 475 29 498 56
aeroplane 0.0319 437 0 499 39
aeroplane 0.0308 439 47 486 59
aeroplane 0.0306 47 45 93 71
aeroplane 0.0304 462 29 488 47
aeroplane 0.0304 436 39 461 55
aeroplane 0.0302 18 57 65 71
aeroplane 0.0302 84 50 188 78
aeroplane 0.0301 126 42 333 102
aeroplane 0.0297 0 124 33 143
aeroplane 0.0295 401 44 460 68
aeroplane 0.0292 59 49 104 69
aeroplane 0.0291 361 23 422 47
aeroplane 0.0289 371 39 445 58
aeroplane 0.0287 45 2 258 66
aeroplane 0.0285 0 76 80 135
aeroplane 0.0284 31 49 172 138
aeroplane 0.0284 5 20 207 162
aeroplane 0.0280 1 71 95 101
aeroplane 0.0274 0 64 44 126
aeroplane 0.0272 16 52 49 71
aeroplane 0.0271 360 162 495 274
aeroplane 0.0270 411 42 497 198
aeroplane 0.0269 123 33 195 68
aeroplane 0.0269 217 47 247 63
aeroplane 0.0267 194 43 300 68
aeroplane 0.0265 379 18 440 42
aeroplane 0.0265 427 30 491 52
aeroplane 0.0264 0 44 171 85
aeroplane 0.0264 438 0 477 59
aeroplane 0.0263 165 4 402 59
aeroplane 0.0262 392 0 458 27
aeroplane 0.0261 30 45 101 80
aeroplane 0.0261 72 36 264 149
aeroplane 0.0258 396 39 431 58
aeroplane 0.0258 0 188 386 295
aeroplane 0.0251 159 35 236 68
aeroplane 0.0248 6 62 53 76
aeroplane 0.0246 6 84 152 286
aeroplane 0.0245 191 51 229 68
aeroplane 0.0245 7 47 39 70
aeroplane 0.0243 8 128 34 139
aeroplane 0.0243 278 7 384 58
aeroplane 0.0243 0 31 28 94
aeroplane 0.0242 346 0 392 13
aeroplane 0.0241 0 11 32 59
aeroplane 0.0241 58 43 154 81
aeroplane 0.0240 350 5 429 84
aeroplane 0.0240 404 51 454 62
aeroplane 0.0236 373 41 416 57
aeroplane 0.0235 427 16 468 62
aeroplane 0.0233 459 33 498 94
aeroplane 0.0231 359 8 387 28
aeroplane 0.0231 30 0 329 240
aeroplane 0.0226 440 24 494 47
aeroplane 0.0224 263 50 401 135
aeroplane 0.0223 6 206 172 281
aeroplane 0.0222 0 74 33 91
aeroplane 0.0222 356 27 402 49
aeroplane 0.0221 53 20 95 71
aeroplane 0.0221 418 0 476 32
aeroplane 0.0220 396 24 440 45
aeroplane 0.0217 470 15 493 46
aeroplane 0.0216 6 72 89 89
aeroplane 0.0216 405 20 446 37
aeroplane 0.0213 0 61 22 87
aeroplane 0.0212 28 81 63 90
aeroplane 0.0211 450 18 481 55
aeroplane 0.0211 151 52 179 66
aeroplane 0.0210 316 35 490 101
aeroplane 0.0210 258 222 379 249
aeroplane 0.0210 252 33 482 183
aeroplane 0.0208 7 95 136 201
aeroplane 0.0207 431 48 459 61
aeroplane 0.0206 316 43 365 57
aeroplane 0.0203 174 32 333 68
aeroplane 0.0203 68 62 201 158
aeroplane 0.0203 164 49 195 67
aeroplane 0.0203 163 37 359 149
aeroplane 0.0200 24 7 76 70
aeroplane 0.0200 365 92 492 216
aeroplane 0.0200 29 51 59 70
aeroplane 0.0200 397 28 428 52
boat 0.0549 3 0 66 74
boat 0.0388 58 7 196 68
boat 0.0346 0 11 29 84
boat 0.0317 65 33 178 65
boat 0.0291 0 0 45 26
boat 0.0256 19 0 105 79
boat 0.0248 53 1 126 77
boat 0.0213 456 0 500 65
boat 0.0206 0 104 19 146
boat 0.0200 7 17 94 59
car 0.1119 152 56 185 71
car 0.0856 245 42 318 61
car 0.0715 132 58 180 70
car 0.0690 117 57 160 70
car 0.0650 372 0 413 16
car 0.0644 0 42 27 74
car 0.0636 206 50 246 65
car 0.0592 113 53 180 69
car 0.0513 380 0 441 34
car 0.0511 388 0 433 15
car 0.0477 246 48 295 61
car 0.0472 1 0 23 30
car 0.0459 0 0 29 63
car 0.0430 87 48 169 69
car 0.0371 224 49 259 62
car 0.0368 99 54 152 68
car 0.0364 407 0 442 15
car 0.0337 134 54 197 73
car 0.0333 240 49 275 61
car 0.0320 454 0 500 39
car 0.0307 0 17 23 56
car 0.0283 64 47 99 70
car 0.0277 213 47 270 64
car 0.0272 372 0 410 31
car 0.0266 473 0 500 49
car 0.0266 0 46 26 99
car 0.0265 368 0 393 17
car 0.0264 411 0 440 31
car 0.0262 280 41 316 60
car 0.0260 389 0 411 19
car 0.0255 141 60 184 75
car 0.0251 75 51 118 68
car 0.0244 124 53 147 70
car 0.0243 2 0 42 36
car 0.0243 478 0 500 25
car 0.0241 385 0 403 15
car 0.0241 476 37 500 58
car 0.0230 247 54 298 64
car 0.0230 61 8 110 66
car 0.0217 393 0 461 19
car 0.0208 416 0 434 14
car 0.0205 7 0 86 79
car 0.0203 461 114 489 130
car 0.0203 398 0 422 18
car 0.0201 477 20 499 53
car 0.0200 222 37 323 66
person 0.1355 388 298 403 313
person 0.0570 391 302 401 312
person 0.0363 182 107 204 133
person 0.0353 384 301 398 314
person 0.0288 374 295 403 313
person 0.0268 474 112 491 131
person 0.0267 385 296 409 310
person 0.0264 311 116 324 136
person 0.0251 380 0 406 25
person 0.0243 360 0 408 42
person 0.0240 412 0 437 25
person 0.0240 366 114 378 134
person 0.0225 385 0 416 33
person 0.0225 396 15 429 54
person 0.0212 389 0 438 49
person 0.0210 416 9 446 52
person 0.0208 0 0 28 32
person 0.0205 403 113 417 133
person 0.0201 391 297 405 307
