aeroplane 0.8317 24 148 484 283
aeroplane 0.1262 10 144 241 207
aeroplane 0.1194 0 132 391 227
aeroplane 0.1050 135 185 219 208
aeroplane 0.0988 351 172 487 234
aeroplane 0.0981 0 34 495 270
aeroplane 0.0865 338 167 489 281
aeroplane 0.0856 167 189 213 206
aeroplane 0.0847 152 163 482 252
aeroplane 0.0727 36 169 227 210
aeroplane 0.0724 110 184 417 282
aeroplane 0.0718 4 179 90 209
aeroplane 0.0704 96 179 205 207
aeroplane 0.0637 43 180 147 208
aeroplane 0.0620 218 175 500 301
aeroplane 0.0531 150 193 204 208
aeroplane 0.0529 139 189 198 205
aeroplane 0.0519 2 151 95 207
aeroplane 0.0495 0 112 500 375
aeroplane 0.0438 0 133 18 171
aeroplane 0.0416 408 180 490 236
aeroplane 0.0395 142 188 231 218
aeroplane 0.0394 87 170 302 274
aeroplane 0.0382 5 101 272 212
aeroplane 0.0374 127 177 253 211
aeroplane 0.0353 188 190 217 206
aeroplane 0.0350 169 183 247 208
aeroplane 0.0307 6 111 110 202
aeroplane 0.0302 95 159 288 209
aeroplane 0.0288 0 194 49 209
aeroplane 0.0282 385 196 491 295
aeroplane 0.0282 161 184 208 201
aeroplane 0.0280 340 230 495 304
aeroplane 0.0276 180 185 218 201
aeroplane 0.0273 41 173 100 209
aeroplane 0.0270 393 158 492 253
aeroplane 0.0268 88 179 236 221
aeroplane 0.0267 436 189 486 234
aeroplane 0.0262 180 188 204 208
aeroplane 0.0259 0 131 38 171
aeroplane 0.0254 126 193 188 208
aeroplane 0.0250 0 119 83 182
aeroplane 0.0249 40 154 152 207
aeroplane 0.0243 121 189 179 204
aeroplane 0.0242 0 142 58 198
aeroplane 0.0236 272 145 486 230
aeroplane 0.0232 123 181 294 226
aeroplane 0.0228 366 175 469 215
aeroplane 0.0224 141 168 216 205
aeroplane 0.0215 0 187 36 207
aeroplane 0.0214 141 184 195 200
aeroplane 0.0209 139 168 331 215
aeroplane 0.0208 45 190 135 214
aeroplane 0.0208 369 189 467 232
aeroplane 0.0204 53 191 251 258
aeroplane 0.0204 170 188 272 219
aeroplane 0.0202 294 95 308 114
aeroplane 0.0201 1 142 55 167
bicycle 0.0270 13 158 500 320
bicycle 0.0209 236 178 500 302
boat 0.0291 28 39 500 313
car 0.3275 49 188 89 209
car 0.1312 456 189 485 232
car 0.0581 48 182 128 209
car 0.0568 26 184 97 209
car 0.0386 0 194 41 210
car 0.0341 49 183 73 207
car 0.0316 371 194 406 232
car 0.0305 439 178 488 235
car 0.0275 453 213 490 234
car 0.0241 0 187 29 207
person 0.0380 78 0 494 300
person 0.0239 50 115 486 375
train 0.0352 43 118 500 375
