aeroplane 0.8732 9 86 484 195
aeroplane 0.3517 468 171 499 219
aeroplane 0.2736 229 303 311 319
aeroplane 0.1664 444 172 500 210
aeroplane 0.1622 406 143 500 208
aeroplane 0.1411 466 144 500 171
aeroplane 0.1349 0 102 300 191
aeroplane 0.1305 466 151 500 201
aeroplane 0.1228 0 118 34 167
aeroplane 0.1086 0 151 35 175
aeroplane 0.0994 426 165 500 225
aeroplane 0.0976 434 164 495 197
aeroplane 0.0960 260 304 311 316
aeroplane 0.0903 0 137 25 171
aeroplane 0.0885 0 117 25 149
aeroplane 0.0883 7 88 117 176
aeroplane 0.0854 434 179 488 197
aeroplane 0.0810 210 117 494 198
aeroplane 0.0806 0 144 54 173
aeroplane 0.0790 467 171 500 190
aeroplane 0.0789 4 0 492 171
aeroplane 0.0789 356 123 496 199
aeroplane 0.0735 449 138 500 187
aeroplane 0.0719 436 184 474 196
aeroplane 0.0717 467 154 499 178
aeroplane 0.0708 0 120 82 176
aeroplane 0.0697 463 119 500 170
aeroplane 0.0656 467 166 500 183
aeroplane 0.0654 2 98 45 162
aeroplane 0.0637 0 155 62 179
aeroplane 0.0612 432 145 500 170
aeroplane 0.0603 0 144 35 164
aeroplane 0.0587 4 89 83 151
aeroplane 0.0583 456 173 492 194
aeroplane 0.0550 0 132 55 165
aeroplane 0.0528 194 279 316 316
aeroplane 0.0518 477 135 500 168
aeroplane 0.0502 1 159 48 175
aeroplane 0.0502 0 114 43 146
aeroplane 0.0501 0 98 500 277
aeroplane 0.0492 449 163 500 186
aeroplane 0.0484 0 145 169 203
aeroplane 0.0481 464 175 500 201
aeroplane 0.0478 0 147 91 189
aeroplane 0.0475 0 81 211 174
aeroplane 0.0469 0 176 95 208
aeroplane 0.0450 0 152 18 174
aeroplane 0.0444 292 73 496 204
aeroplane 0.0427 0 129 41 155
aeroplane 0.0422 408 82 497 200
aeroplane 0.0419 0 117 160 179
aeroplane 0.0418 449 151 489 166
aeroplane 0.0417 427 119 498 172
aeroplane 0.0400 252 301 303 314
aeroplane 0.0400 0 167 90 197
aeroplane 0.0394 0 255 26 284
aeroplane 0.0393 366 149 500 228
aeroplane 0.0385 0 121 61 154
aeroplane 0.0383 205 295 311 317
aeroplane 0.0374 3 221 33 232
aeroplane 0.0367 436 184 500 219
aeroplane 0.0366 422 185 455 196
aeroplane 0.0359 8 123 38 149
aeroplane 0.0345 471 193 500 220
aeroplane 0.0341 0 157 45 198
aeroplane 0.0332 408 181 468 197
aeroplane 0.0331 0 155 23 185
aeroplane 0.0323 457 190 500 231
aeroplane 0.0323 0 163 38 181
aeroplane 0.0321 8 217 29 229
aeroplane 0.0321 425 150 490 190
aeroplane 0.0315 461 207 500 222
aeroplane 0.0311 99 129 420 200
aeroplane 0.0311 396 173 482 197
aeroplane 0.0310 4 222 30 241
aeroplane 0.0309 436 184 456 197
aeroplane 0.0305 451 137 500 163
aeroplane 0.0301 4 219 22 236
aeroplane 0.0300 228 300 309 333
aeroplane 0.0299 229 303 273 317
aeroplane 0.0298 4 138 45 158
aeroplane 0.0298 448 198 500 220
aeroplane 0.0296 463 146 487 166
aeroplane 0.0292 2 117 33 137
aeroplane 0.0287 0 222 23 252
aeroplane 0.0280 180 250 336 309
aeroplane 0.0270 0 216 34 236
aeroplane 0.0270 3 88 55 137
aeroplane 0.0267 439 156 494 179
aeroplane 0.0265 441 185 484 199
aeroplane 0.0260 466 132 498 157
aeroplane 0.0252 0 168 150 226
aeroplane 0.0247 222 182 267 198
aeroplane 0.0244 11 132 37 163
aeroplane 0.0243 0 118 22 135
aeroplane 0.0243 2 211 21 228
aeroplane 0.0239 480 119 500 158
aeroplane 0.0238 349 0 492 206
aeroplane 0.0236 229 7 477 201
aeroplane 0.0232 11 144 54 161
aeroplane 0.0232 347 214 500 273
aeroplane 0.0232 192 269 230 277
aeroplane 0.0221 472 116 493 140
aeroplane 0.0220 136 192 168 200
aeroplane 0.0220 0 227 28 290
aeroplane 0.0220 0 183 99 228
aeroplane 0.0219 15 163 67 175
aeroplane 0.0218 203 167 320 196
aeroplane 0.0218 448 173 479 197
aeroplane 0.0216 0 207 36 229
aeroplane 0.0216 55 135 257 185
aeroplane 0.0215 250 312 304 323
aeroplane 0.0214 273 307 313 319
aeroplane 0.0213 15 157 65 171
aeroplane 0.0212 223 299 292 315
aeroplane 0.0212 216 142 500 242
aeroplane 0.0211 321 154 500 269
aeroplane 0.0211 3 163 80 180
aeroplane 0.0210 208 150 444 202
aeroplane 0.0209 436 171 484 191
aeroplane 0.0209 388 265 490 283
aeroplane 0.0209 8 151 55 167
aeroplane 0.0205 7 157 112 183
aeroplane 0.0205 13 117 36 143
aeroplane 0.0203 413 219 499 250
aeroplane 0.0201 242 307 312 325
aeroplane 0.0201 285 148 500 196
boat 0.0455 224 71 257 92
boat 0.0440 208 284 313 315
boat 0.0406 177 267 323 316
boat 0.0385 373 264 480 283
boat 0.0345 224 70 258 112
boat 0.0334 24 0 500 206
boat 0.0315 369 250 494 282
boat 0.0281 0 181 114 217
boat 0.0272 471 116 500 170
boat 0.0266 75 227 106 237
boat 0.0263 291 265 358 279
boat 0.0242 193 269 235 277
boat 0.0223 476 116 500 139
boat 0.0223 203 209 500 276
boat 0.0220 70 228 108 241
boat 0.0201 0 88 461 284
bottle 0.0366 185 117 200 143
bottle 0.0309 168 117 184 144
bottle 0.0275 153 117 168 144
bottle 0.0249 288 120 300 138
bottle 0.0216 174 118 191 144
bottle 0.0204 158 117 175 144
bottle 0.0204 290 117 307 143
bottle 0.0200 318 118 333 144
car 0.0833 469 151 500 181
car 0.0599 473 162 500 185
car 0.0391 476 138 500 175
car 0.0331 0 150 15 177
car 0.0291 0 122 21 174
car 0.0232 0 156 27 201
car 0.0224 0 157 24 175
car 0.0216 484 120 500 169
chair 0.0285 318 0 488 199
chair 0.0215 106 0 485 207
person 0.0368 268 117 286 142
person 0.0348 286 117 301 143
person 0.0311 200 118 217 140
person 0.0296 184 116 200 144
person 0.0294 256 119 269 145
person 0.0260 261 118 279 143
person 0.0244 203 121 216 136
person 0.0240 209 121 221 136
person 0.0239 474 168 500 227
person 0.0238 1 85 473 333
person 0.0238 472 134 500 193
person 0.0237 152 116 168 145
person 0.0225 435 184 452 199
person 0.0225 189 118 205 142
person 0.0213 276 117 293 143
person 0.0210 0 91 212 193
person 0.0207 217 120 227 139
