bottle 0.1613 469 73 496 120
bottle 0.1342 462 47 486 92
bottle 0.0968 460 48 494 119
bottle 0.0904 470 69 491 104
bottle 0.0794 480 71 500 124
bottle 0.0700 488 76 500 119
bottle 0.0637 476 75 497 105
bottle 0.0618 457 0 495 116
bottle 0.0507 465 77 486 116
bottle 0.0462 469 50 496 97
bottle 0.0443 459 50 477 90
bottle 0.0442 247 239 290 270
bottle 0.0422 48 30 70 65
bottle 0.0408 446 66 500 122
bottle 0.0389 40 29 76 79
bottle 0.0368 464 60 483 101
bottle 0.0347 257 191 300 265
bottle 0.0333 458 91 500 121
bottle 0.0315 38 32 63 66
bottle 0.0312 469 76 500 94
bottle 0.0302 478 43 500 104
bottle 0.0294 261 158 303 247
bottle 0.0276 254 228 307 268
bottle 0.0274 454 80 472 115
bottle 0.0263 270 200 311 267
bottle 0.0261 265 241 298 267
bottle 0.0257 250 211 291 269
bottle 0.0253 456 78 500 106
bottle 0.0252 486 74 500 98
bottle 0.0247 51 29 90 83
bottle 0.0245 487 54 500 103
bottle 0.0240 466 53 500 165
bottle 0.0237 469 17 500 108
bottle 0.0232 56 34 75 72
bottle 0.0226 457 40 495 87
bottle 0.0225 453 63 478 114
bottle 0.0225 258 125 280 158
bottle 0.0216 457 64 474 101
bottle 0.0214 27 31 64 83
bottle 0.0213 295 357 333 375
bottle 0.0210 277 196 307 245
bottle 0.0204 464 42 483 75
bottle 0.0204 424 78 499 131
bottle 0.0203 449 26 485 106
cat 0.2704 249 126 305 270
cat 0.0655 251 132 302 204
cat 0.0285 257 158 305 213
cat 0.0217 245 175 305 249
chair 0.1934 144 4 287 127
chair 0.1635 0 0 137 64
chair 0.1547 202 185 400 372
chair 0.1514 360 118 500 375
chair 0.1378 154 107 290 368
chair 0.1344 174 4 483 139
chair 0.1251 404 238 498 375
chair 0.1120 141 54 358 325
chair 0.1037 10 2 177 95
chair 0.1014 44 0 263 126
chair 0.1012 50 98 425 373
chair 0.0900 275 190 492 375
chair 0.0851 122 5 258 185
chair 0.0822 354 262 420 372
chair 0.0751 91 72 248 357
chair 0.0698 318 7 483 128
chair 0.0654 205 291 386 369
chair 0.0653 0 3 500 330
chair 0.0643 250 255 431 375
chair 0.0638 163 126 257 304
chair 0.0631 167 241 345 373
chair 0.0620 62 3 144 59
chair 0.0589 135 0 206 123
chair 0.0588 45 0 208 71
chair 0.0579 18 78 194 355
chair 0.0575 10 0 189 196
chair 0.0569 402 16 490 138
chair 0.0537 338 225 463 375
chair 0.0528 200 0 354 135
chair 0.0525 256 46 479 149
chair 0.0504 82 188 286 373
chair 0.0493 212 7 421 219
chair 0.0492 184 189 277 370
chair 0.0485 449 248 500 359
chair 0.0479 101 0 188 115
chair 0.0463 71 0 278 285
chair 0.0457 301 222 403 375
chair 0.0440 152 39 247 131
chair 0.0437 1 0 109 19
chair 0.0434 237 11 415 117
chair 0.0434 284 4 496 261
chair 0.0425 358 53 488 147
chair 0.0417 0 0 126 135
chair 0.0416 6 0 73 55
chair 0.0415 246 178 347 373
chair 0.0414 181 15 260 128
chair 0.0398 132 158 244 369
chair 0.0392 130 0 229 74
chair 0.0392 223 64 421 139
chair 0.0383 37 0 102 60
chair 0.0383 321 134 486 286
chair 0.0383 225 262 331 372
chair 0.0383 0 0 37 47
chair 0.0381 20 260 332 373
chair 0.0365 86 13 212 180
chair 0.0362 149 259 268 371
chair 0.0351 387 161 500 315
chair 0.0351 131 301 314 371
chair 0.0351 347 91 499 218
chair 0.0338 97 0 140 57
chair 0.0338 345 290 496 372
chair 0.0337 210 15 305 124
chair 0.0331 128 0 177 98
chair 0.0331 474 251 500 324
chair 0.0330 199 269 293 373
chair 0.0329 47 9 126 76
chair 0.0327 414 303 498 375
chair 0.0323 118 106 250 235
chair 0.0316 221 143 307 264
chair 0.0313 31 0 121 29
chair 0.0312 435 0 494 124
chair 0.0305 25 14 82 68
chair 0.0304 42 59 238 224
chair 0.0297 53 4 117 49
chair 0.0295 267 144 385 284
chair 0.0294 401 112 500 273
chair 0.0294 389 80 500 172
chair 0.0293 375 280 435 375
chair 0.0290 91 0 162 82
chair 0.0285 342 150 440 305
chair 0.0284 274 23 381 143
chair 0.0282 166 1 293 65
chair 0.0280 3 211 234 374
chair 0.0278 311 85 481 166
chair 0.0275 43 26 91 74
chair 0.0273 0 14 51 54
chair 0.0273 0 1 91 34
chair 0.0267 376 5 500 182
chair 0.0261 426 211 499 336
chair 0.0260 408 54 488 120
chair 0.0260 37 0 140 17
chair 0.0256 210 136 397 244
chair 0.0256 134 94 286 170
chair 0.0255 171 172 266 271
chair 0.0254 0 11 60 128
chair 0.0254 141 143 223 299
chair 0.0250 42 22 113 55
chair 0.0248 263 148 421 353
chair 0.0245 23 306 257 371
chair 0.0244 135 0 214 44
chair 0.0243 82 100 198 207
chair 0.0241 127 0 344 82
chair 0.0241 2 27 69 59
chair 0.0240 160 133 323 241
chair 0.0239 0 0 345 204
chair 0.0239 150 7 241 101
chair 0.0238 256 1 465 89
chair 0.0238 459 295 500 375
chair 0.0237 376 26 466 128
chair 0.0236 351 238 500 321
chair 0.0235 0 15 116 259
chair 0.0233 0 0 42 18
chair 0.0232 1 30 47 96
chair 0.0228 77 0 135 36
chair 0.0226 410 338 498 374
chair 0.0226 389 117 498 191
chair 0.0226 141 30 184 113
chair 0.0225 82 23 144 74
chair 0.0223 403 281 467 375
chair 0.0223 82 124 204 320
chair 0.0221 143 122 284 206
chair 0.0218 297 274 379 375
chair 0.0218 134 71 220 218
chair 0.0216 131 33 168 109
chair 0.0215 380 145 499 234
chair 0.0214 61 23 160 168
chair 0.0214 368 271 411 329
chair 0.0214 159 78 236 135
chair 0.0213 310 291 426 374
chair 0.0212 189 50 238 126
chair 0.0208 304 68 453 128
chair 0.0207 365 315 428 372
chair 0.0205 51 79 177 192
chair 0.0204 158 5 237 43
chair 0.0204 134 0 175 55
chair 0.0204 364 261 472 359
chair 0.0202 76 6 120 62
chair 0.0202 465 267 500 342
chair 0.0202 120 140 325 297
chair 0.0201 196 323 352 375
diningtable 0.0223 417 78 500 123
dog 0.2098 250 125 305 264
dog 0.1043 181 0 273 27
dog 0.1005 146 0 272 47
dog 0.0809 154 0 254 19
dog 0.0622 219 1 274 19
dog 0.0441 239 128 301 207
dog 0.0418 165 0 222 15
dog 0.0318 159 0 212 25
dog 0.0293 153 3 242 36
dog 0.0271 186 0 231 18
dog 0.0235 148 0 198 14
person 0.6791 173 50 399 370
person 0.3460 164 109 309 373
person 0.2444 242 117 356 363
person 0.2233 220 111 305 320
person 0.2231 313 120 481 374
person 0.2201 248 128 307 273
person 0.1994 153 9 307 256
person 0.1276 162 118 294 254
person 0.1225 259 69 417 327
person 0.1165 168 11 411 187
person 0.1011 251 112 394 267
person 0.1003 159 9 287 131
person 0.0938 200 2 465 272
person 0.0786 217 128 299 232
person 0.0762 78 44 309 369
person 0.0688 179 85 330 231
person 0.0672 167 0 281 60
person 0.0650 154 36 379 137
person 0.0641 188 24 316 187
person 0.0590 214 14 299 125
person 0.0574 169 96 257 228
person 0.0561 237 102 309 217
person 0.0560 125 80 257 347
person 0.0528 243 176 330 278
person 0.0509 229 48 361 243
person 0.0490 180 134 259 279
person 0.0484 254 127 299 198
person 0.0440 306 140 399 309
person 0.0433 219 53 361 147
person 0.0399 154 27 251 198
person 0.0358 200 92 281 216
person 0.0350 153 0 226 30
person 0.0347 254 117 330 226
person 0.0337 153 68 377 174
person 0.0332 183 69 434 221
person 0.0326 207 0 272 34
person 0.0322 211 91 384 163
person 0.0316 213 0 290 83
person 0.0304 221 124 377 200
person 0.0302 244 221 302 276
person 0.0294 294 98 382 231
person 0.0290 270 124 360 245
person 0.0285 194 62 332 126
person 0.0280 213 5 285 50
person 0.0278 245 191 327 349
person 0.0276 253 204 315 270
person 0.0269 377 47 500 353
person 0.0268 264 82 342 205
person 0.0266 341 140 441 282
person 0.0254 149 98 307 170
person 0.0246 206 45 248 124
person 0.0244 184 25 256 135
person 0.0239 139 0 228 14
person 0.0235 458 0 496 94
person 0.0234 230 0 278 26
person 0.0229 212 134 267 243
person 0.0228 217 70 300 181
person 0.0224 254 123 291 172
person 0.0223 196 87 252 132
person 0.0219 215 61 263 128
person 0.0217 152 95 210 211
person 0.0216 176 0 330 41
person 0.0216 210 78 303 135
person 0.0213 235 118 310 172
person 0.0211 183 128 265 209
person 0.0209 166 5 250 42
person 0.0205 219 123 264 200
person 0.0203 206 43 282 160
person 0.0200 294 146 347 255
pottedplant 0.0250 431 53 497 121
pottedplant 0.0215 145 100 172 177
sofa 0.4586 149 10 470 364
sofa 0.4084 138 11 465 149
sofa 0.2199 143 0 335 126
sofa 0.1661 0 0 142 68
sofa 0.1114 47 5 265 117
sofa 0.0957 167 188 469 372
sofa 0.0754 139 0 264 94
sofa 0.0714 62 5 345 242
sofa 0.0557 238 63 500 316
sofa 0.0513 167 120 413 278
sofa 0.0482 204 0 500 214
sofa 0.0430 153 68 398 223
sofa 0.0388 246 37 500 159
sofa 0.0379 137 0 270 47
sofa 0.0279 270 78 500 219
sofa 0.0264 251 129 468 268
sofa 0.0254 94 50 338 185
tvmonitor 0.1247 0 0 136 64
tvmonitor 0.0800 9 20 105 59
tvmonitor 0.0741 17 32 88 68
tvmonitor 0.0583 0 0 180 133
tvmonitor 0.0507 39 32 128 69
tvmonitor 0.0489 47 27 93 66
tvmonitor 0.0484 0 19 91 96
tvmonitor 0.0469 44 29 72 66
tvmonitor 0.0402 27 26 111 82
tvmonitor 0.0364 10 35 67 84
tvmonitor 0.0308 47 14 140 59
tvmonitor 0.0307 0 6 114 193
tvmonitor 0.0289 6 27 67 153
tvmonitor 0.0289 31 18 70 64
tvmonitor 0.0264 58 26 138 84
tvmonitor 0.0234 0 57 34 132
tvmonitor 0.0228 24 28 79 107
tvmonitor 0.0224 8 44 167 208
tvmonitor 0.0221 0 39 40 83
tvmonitor 0.0202 76 41 127 80
