bicycle 0.0255 17 226 313 328
boat 0.0301 242 0 343 58
bottle 0.0293 144 265 191 333
bottle 0.0284 25 262 137 331
bottle 0.0279 3 254 65 333
bottle 0.0239 78 265 126 332
car 0.0954 352 0 497 56
car 0.0663 0 0 29 18
car 0.0607 270 0 500 86
car 0.0552 244 0 297 40
car 0.0492 352 0 429 26
car 0.0439 0 0 40 32
car 0.0438 253 4 432 59
car 0.0427 342 2 456 42
car 0.0412 249 0 295 18
car 0.0385 98 0 139 13
car 0.0310 360 0 497 25
car 0.0309 240 0 328 29
car 0.0297 237 1 353 54
car 0.0293 222 0 268 41
car 0.0269 383 17 499 66
car 0.0258 359 0 421 14
car 0.0253 117 0 147 13
car 0.0215 1 0 40 8
car 0.0213 203 0 319 40
car 0.0212 0 0 14 17
car 0.0211 422 39 500 75
car 0.0203 78 0 147 15
dog 0.6854 235 23 500 333
dog 0.1298 264 2 500 189
dog 0.0520 203 71 395 333
dog 0.0400 249 30 420 153
dog 0.0371 203 175 493 333
dog 0.0358 118 12 488 235
dog 0.0279 247 49 342 171
dog 0.0254 239 25 393 239
dog 0.0227 198 0 500 102
horse 0.6679 4 8 273 332
horse 0.2302 184 0 482 329
horse 0.0682 0 176 310 333
horse 0.0665 274 147 498 332
horse 0.0537 0 0 226 205
horse 0.0393 315 222 497 333
horse 0.0252 259 127 397 333
horse 0.0240 277 231 367 332
horse 0.0227 128 37 268 275
horse 0.0213 380 34 500 333
horse 0.0200 0 9 126 306
motorbike 0.0281 115 0 141 13
person 0.2409 381 2 499 160
person 0.1963 19 0 49 54
person 0.1396 432 28 498 155
person 0.1344 37 0 84 29
person 0.1306 14 0 64 67
person 0.1303 29 0 52 41
person 0.1279 32 0 77 53
person 0.1173 344 10 499 233
person 0.1050 286 216 347 333
person 0.1019 348 0 499 95
person 0.1019 21 0 66 35
person 0.0994 416 0 499 112
person 0.0984 6 0 85 165
person 0.0937 1 0 58 115
person 0.0862 1 0 46 42
person 0.0779 38 1 61 33
person 0.0750 0 51 107 333
person 0.0748 402 0 499 56
person 0.0739 8 1 168 222
person 0.0730 400 0 478 18
person 0.0717 4 63 83 238
person 0.0700 284 9 500 143
person 0.0698 5 147 86 332
person 0.0604 231 2 256 38
person 0.0597 453 0 498 57
person 0.0594 367 0 498 35
person 0.0570 20 3 40 41
person 0.0568 194 154 344 333
person 0.0561 355 1 458 46
person 0.0541 458 0 499 25
person 0.0519 456 63 498 153
person 0.0516 48 0 94 18
person 0.0507 15 309 51 333
person 0.0487 422 0 496 24
person 0.0487 13 0 99 37
person 0.0476 37 1 121 50
person 0.0474 24 0 123 120
person 0.0473 245 0 291 47
person 0.0472 25 0 47 29
person 0.0470 280 15 461 85
person 0.0461 6 127 167 333
person 0.0460 233 0 277 41
person 0.0446 451 33 499 120
person 0.0434 20 193 122 331
person 0.0428 446 0 490 17
person 0.0423 6 0 47 15
person 0.0417 31 0 56 22
person 0.0410 162 229 336 333
person 0.0403 358 0 451 18
person 0.0401 54 107 260 331
person 0.0401 0 40 53 191
person 0.0389 53 0 137 16
person 0.0382 36 4 61 58
person 0.0382 454 0 474 19
person 0.0380 439 24 488 97
person 0.0379 47 3 247 232
person 0.0376 0 0 70 22
person 0.0375 7 0 33 34
person 0.0369 15 32 122 179
person 0.0364 380 0 431 22
person 0.0353 2 86 38 170
person 0.0348 0 119 21 160
person 0.0347 88 0 136 13
person 0.0343 7 270 63 333
person 0.0340 332 3 418 47
person 0.0340 411 44 499 227
person 0.0336 17 0 41 24
person 0.0323 149 169 270 333
person 0.0323 445 0 470 22
person 0.0323 1 222 69 331
person 0.0322 45 2 70 34
person 0.0319 135 255 201 333
person 0.0317 0 82 57 333
person 0.0317 7 0 99 76
person 0.0312 350 0 434 30
person 0.0308 422 34 479 132
person 0.0306 365 0 425 15
person 0.0305 240 5 261 35
person 0.0304 19 224 203 330
person 0.0300 38 0 50 18
person 0.0298 229 0 251 26
person 0.0295 0 99 26 177
person 0.0294 42 1 141 28
person 0.0291 398 1 443 17
person 0.0289 259 321 310 332
person 0.0288 435 0 465 18
person 0.0288 121 0 138 12
person 0.0287 337 18 449 137
person 0.0286 405 0 430 19
person 0.0285 28 0 44 18
person 0.0282 6 273 136 331
person 0.0279 0 91 44 213
person 0.0279 262 171 341 333
person 0.0278 247 0 279 27
person 0.0278 56 5 158 143
person 0.0277 433 17 495 69
person 0.0273 55 205 150 331
person 0.0272 0 302 76 332
person 0.0268 228 0 297 22
person 0.0264 154 49 247 187
person 0.0263 45 267 220 329
person 0.0263 475 80 500 158
person 0.0262 211 0 252 40
person 0.0260 426 0 456 22
person 0.0259 442 41 472 100
person 0.0258 43 0 60 20
person 0.0258 31 13 53 58
person 0.0257 248 22 349 136
person 0.0255 109 243 233 329
person 0.0252 450 0 483 31
person 0.0251 237 8 266 46
person 0.0250 44 2 90 70
person 0.0248 286 2 427 56
person 0.0246 0 2 23 53
person 0.0245 416 0 478 39
person 0.0241 0 0 39 85
person 0.0238 11 7 30 42
person 0.0237 163 91 303 333
person 0.0237 411 1 437 22
person 0.0237 324 21 411 52
person 0.0236 472 0 500 47
person 0.0236 249 9 273 39
person 0.0235 251 12 284 52
person 0.0231 144 268 177 333
person 0.0229 383 10 483 70
person 0.0229 53 0 98 30
person 0.0227 2 37 43 121
person 0.0227 441 84 489 156
person 0.0226 236 36 317 160
person 0.0225 110 0 132 12
person 0.0224 399 5 472 25
person 0.0223 124 27 265 255
person 0.0220 18 98 118 259
person 0.0219 414 11 460 23
person 0.0219 9 103 58 176
person 0.0219 249 12 426 181
person 0.0219 244 0 264 23
person 0.0218 317 5 387 45
person 0.0217 388 0 416 18
person 0.0216 425 39 467 103
person 0.0214 13 0 93 13
person 0.0213 18 0 38 15
person 0.0212 401 31 491 65
person 0.0210 150 0 472 257
person 0.0210 306 9 408 105
person 0.0209 298 19 369 57
person 0.0208 68 0 108 15
person 0.0207 431 0 469 29
person 0.0205 346 0 398 39
person 0.0204 54 2 79 33
person 0.0204 122 267 299 330
person 0.0203 294 11 344 63
train 0.0317 245 0 500 67
train 0.0217 219 0 338 29
train 0.0202 14 63 263 220
train 0.0201 0 1 238 125
