aeroplane 0.0498 0 0 500 273
aeroplane 0.0299 18 136 500 375
boat 0.0263 105 60 381 212
boat 0.0228 104 0 500 285
bottle 0.2961 312 26 334 104
bottle 0.0821 158 25 192 87
bottle 0.0778 311 29 329 76
bottle 0.0533 163 30 187 74
bottle 0.0438 317 33 336 76
bottle 0.0348 297 23 331 81
bottle 0.0345 314 20 377 119
bottle 0.0311 286 24 331 112
bottle 0.0307 310 28 335 55
bottle 0.0286 304 38 315 73
bottle 0.0274 169 23 192 60
bottle 0.0273 162 18 214 68
bottle 0.0268 0 308 25 373
bottle 0.0250 303 31 322 78
bottle 0.0247 0 155 22 224
bottle 0.0233 0 252 18 292
bottle 0.0232 311 23 353 101
bottle 0.0200 311 46 335 83
car 0.0618 112 98 376 221
car 0.0302 0 227 19 270
car 0.0248 0 246 18 283
car 0.0244 147 314 286 374
car 0.0241 47 301 317 375
chair 0.0888 1 127 59 236
chair 0.0833 12 298 186 371
chair 0.0744 6 169 163 372
chair 0.0598 4 266 278 371
chair 0.0582 312 217 500 375
chair 0.0513 393 169 500 375
chair 0.0495 385 280 500 373
chair 0.0478 9 214 104 370
chair 0.0439 0 155 56 284
chair 0.0416 3 287 108 373
chair 0.0411 2 171 49 243
chair 0.0410 437 241 500 375
chair 0.0371 1 289 48 375
chair 0.0352 121 75 286 251
chair 0.0345 30 333 176 373
chair 0.0336 0 159 96 234
chair 0.0334 0 181 26 254
chair 0.0321 0 196 58 260
chair 0.0317 453 118 500 283
chair 0.0309 2 122 101 315
chair 0.0303 445 180 500 318
chair 0.0300 340 315 500 372
chair 0.0290 97 306 299 373
chair 0.0285 0 209 27 270
chair 0.0279 0 170 22 227
chair 0.0278 1 210 47 286
chair 0.0268 464 127 498 232
chair 0.0264 0 137 33 237
chair 0.0261 454 218 498 301
chair 0.0259 0 214 15 286
chair 0.0253 0 339 85 374
chair 0.0252 3 314 69 373
chair 0.0251 455 301 499 375
chair 0.0241 177 258 500 374
chair 0.0240 0 239 16 313
chair 0.0235 487 122 500 207
chair 0.0230 0 140 297 349
chair 0.0224 476 115 500 276
chair 0.0223 60 225 346 375
chair 0.0220 0 207 21 248
chair 0.0216 72 314 184 374
chair 0.0214 473 230 500 294
chair 0.0213 484 241 500 301
chair 0.0213 389 142 453 269
chair 0.0212 2 195 96 238
chair 0.0205 48 303 134 375
chair 0.0201 426 321 497 373
diningtable 0.0348 0 247 300 375
diningtable 0.0212 204 225 492 375
diningtable 0.0205 5 168 486 354
person 0.1957 156 21 223 92
person 0.0978 158 26 193 86
person 0.0962 350 135 492 374
person 0.0595 182 26 220 88
person 0.0430 279 138 460 363
person 0.0425 419 125 495 329
person 0.0410 0 0 174 375
person 0.0408 170 52 216 88
person 0.0390 382 138 465 306
person 0.0383 352 139 438 291
person 0.0367 0 0 376 369
person 0.0362 317 49 498 312
person 0.0321 123 17 500 373
person 0.0287 147 7 185 73
person 0.0279 34 1 126 59
person 0.0272 170 33 191 76
person 0.0265 174 23 207 76
person 0.0264 285 137 438 264
person 0.0261 482 124 500 221
person 0.0257 305 24 336 121
person 0.0244 212 82 470 239
person 0.0239 196 44 217 87
person 0.0234 0 133 18 179
person 0.0230 198 24 233 89
person 0.0225 157 318 199 374
person 0.0223 0 119 26 194
person 0.0221 162 47 185 87
person 0.0218 450 107 500 364
person 0.0210 154 349 182 375
person 0.0209 284 142 373 287
person 0.0204 213 347 277 375
pottedplant 0.0465 155 9 235 91
pottedplant 0.0249 69 108 92 163
pottedplant 0.0235 283 139 374 256
pottedplant 0.0225 67 116 83 159
pottedplant 0.0212 487 122 500 214
tvmonitor 0.8681 131 85 281 209
tvmonitor 0.2455 17 0 134 226
tvmonitor 0.2123 3 109 70 225
tvmonitor 0.1853 4 0 42 44
tvmonitor 0.1600 12 46 85 223
tvmonitor 0.1543 154 19 227 93
tvmonitor 0.1392 65 137 107 208
tvmonitor 0.1351 10 123 120 223
tvmonitor 0.1231 48 62 103 211
tvmonitor 0.1110 3 111 47 197
tvmonitor 0.1078 61 40 291 225
tvmonitor 0.1076 137 31 271 178
tvmonitor 0.1028 1 56 45 101
tvmonitor 0.0960 383 144 442 170
tvmonitor 0.0863 1 117 48 158
tvmonitor 0.0853 143 10 260 105
tvmonitor 0.0839 214 89 283 201
tvmonitor 0.0834 26 0 218 178
tvmonitor 0.0783 65 96 102 198
tvmonitor 0.0753 3 5 72 107
tvmonitor 0.0743 39 0 103 138
tvmonitor 0.0730 299 22 333 122
tvmonitor 0.0729 4 41 70 168
tvmonitor 0.0715 32 77 179 219
tvmonitor 0.0708 362 143 440 194
tvmonitor 0.0702 131 87 210 193
tvmonitor 0.0675 5 0 96 65
tvmonitor 0.0673 49 39 95 156
tvmonitor 0.0668 54 75 89 173
tvmonitor 0.0661 287 19 356 128
tvmonitor 0.0633 64 71 131 206
tvmonitor 0.0600 3 144 51 228
tvmonitor 0.0587 66 58 88 92
tvmonitor 0.0586 22 112 247 230
tvmonitor 0.0572 77 5 225 116
tvmonitor 0.0566 4 48 63 113
tvmonitor 0.0558 3 0 47 87
tvmonitor 0.0553 381 142 441 228
tvmonitor 0.0529 137 87 273 152
tvmonitor 0.0515 15 61 43 97
tvmonitor 0.0498 2 0 20 40
tvmonitor 0.0498 187 14 247 91
tvmonitor 0.0493 49 50 89 97
tvmonitor 0.0488 0 97 66 165
tvmonitor 0.0485 64 2 139 181
tvmonitor 0.0482 16 45 87 106
tvmonitor 0.0467 66 84 94 159
tvmonitor 0.0463 1 59 16 100
tvmonitor 0.0455 53 1 157 111
tvmonitor 0.0454 23 0 130 80
tvmonitor 0.0453 3 68 45 153
tvmonitor 0.0445 28 82 82 196
tvmonitor 0.0441 156 125 402 225
tvmonitor 0.0440 41 135 103 221
tvmonitor 0.0420 312 147 427 193
tvmonitor 0.0420 137 20 223 139
tvmonitor 0.0417 137 77 226 124
tvmonitor 0.0415 53 142 84 211
tvmonitor 0.0406 173 96 272 189
tvmonitor 0.0405 11 119 43 149
tvmonitor 0.0404 284 141 435 215
tvmonitor 0.0384 28 4 89 99
tvmonitor 0.0380 0 302 35 375
tvmonitor 0.0380 55 58 92 125
tvmonitor 0.0378 132 86 199 135
tvmonitor 0.0373 6 62 34 97
tvmonitor 0.0372 64 150 89 205
tvmonitor 0.0371 234 116 278 203
tvmonitor 0.0366 110 88 185 212
tvmonitor 0.0365 0 10 56 219
tvmonitor 0.0356 270 22 326 118
tvmonitor 0.0351 12 151 80 215
tvmonitor 0.0349 130 88 175 172
tvmonitor 0.0347 39 52 76 122
tvmonitor 0.0341 81 141 108 197
tvmonitor 0.0332 54 64 79 94
tvmonitor 0.0331 228 89 281 133
tvmonitor 0.0325 1 172 20 220
tvmonitor 0.0322 38 27 76 98
tvmonitor 0.0312 324 145 412 178
tvmonitor 0.0311 292 145 381 200
tvmonitor 0.0311 186 33 366 198
tvmonitor 0.0308 343 144 441 251
tvmonitor 0.0307 9 0 61 56
tvmonitor 0.0307 40 84 76 163
tvmonitor 0.0305 304 19 371 104
tvmonitor 0.0304 24 71 92 152
tvmonitor 0.0297 164 53 223 105
tvmonitor 0.0296 0 0 17 63
tvmonitor 0.0291 174 13 350 110
tvmonitor 0.0288 0 132 85 192
tvmonitor 0.0285 436 125 497 266
tvmonitor 0.0284 210 90 276 118
tvmonitor 0.0281 130 143 286 205
tvmonitor 0.0275 258 5 380 138
tvmonitor 0.0274 0 45 21 103
tvmonitor 0.0273 484 124 500 204
tvmonitor 0.0273 0 0 216 81
tvmonitor 0.0272 0 35 46 82
tvmonitor 0.0271 0 23 39 113
tvmonitor 0.0271 0 15 46 60
tvmonitor 0.0268 1 114 16 154
tvmonitor 0.0266 77 139 143 202
tvmonitor 0.0265 7 86 63 140
tvmonitor 0.0263 7 72 132 305
tvmonitor 0.0262 0 56 10 104
tvmonitor 0.0260 0 183 71 228
tvmonitor 0.0259 77 111 117 193
tvmonitor 0.0257 0 341 44 375
tvmonitor 0.0256 0 0 9 55
tvmonitor 0.0254 196 87 279 142
tvmonitor 0.0249 51 116 98 179
tvmonitor 0.0248 156 25 191 81
tvmonitor 0.0246 255 104 396 206
tvmonitor 0.0244 11 61 67 96
tvmonitor 0.0240 68 124 96 189
tvmonitor 0.0238 98 40 215 206
tvmonitor 0.0238 187 115 307 212
tvmonitor 0.0237 57 157 75 202
tvmonitor 0.0235 208 16 244 78
tvmonitor 0.0234 32 0 83 58
tvmonitor 0.0234 0 110 25 162
tvmonitor 0.0234 8 113 33 146
tvmonitor 0.0233 0 0 134 38
tvmonitor 0.0233 161 84 275 123
tvmonitor 0.0232 64 108 89 179
tvmonitor 0.0232 236 20 278 103
tvmonitor 0.0232 215 19 256 90
tvmonitor 0.0232 233 94 273 161
tvmonitor 0.0231 19 45 55 99
tvmonitor 0.0231 87 84 145 192
tvmonitor 0.0230 51 347 131 374
tvmonitor 0.0229 64 41 99 116
tvmonitor 0.0225 129 83 175 126
tvmonitor 0.0223 0 0 194 287
tvmonitor 0.0223 135 85 158 164
tvmonitor 0.0221 4 135 48 171
tvmonitor 0.0219 464 122 497 218
tvmonitor 0.0217 22 118 77 177
tvmonitor 0.0216 102 0 186 103
tvmonitor 0.0215 48 54 69 93
tvmonitor 0.0214 310 145 390 244
tvmonitor 0.0213 395 139 446 186
tvmonitor 0.0213 235 92 274 114
tvmonitor 0.0212 6 123 32 158
tvmonitor 0.0210 130 50 204 161
tvmonitor 0.0210 2 0 39 21
tvmonitor 0.0209 2 158 31 217
tvmonitor 0.0207 0 101 116 182
tvmonitor 0.0206 393 135 491 219
tvmonitor 0.0206 56 108 80 185
tvmonitor 0.0206 126 128 177 185
tvmonitor 0.0204 16 162 166 232
tvmonitor 0.0203 19 123 46 155
tvmonitor 0.0202 75 149 103 184
tvmonitor 0.0200 68 156 94 192
