chair 0.0559 346 3 493 212
chair 0.0550 340 258 431 405
chair 0.0454 282 197 434 407
chair 0.0407 69 262 161 404
chair 0.0377 405 71 493 218
chair 0.0353 6 52 99 218
chair 0.0318 72 203 220 407
chair 0.0317 153 217 430 403
chair 0.0314 0 119 151 211
chair 0.0313 401 0 494 135
chair 0.0313 1 6 185 214
chair 0.0278 34 263 134 407
chair 0.0252 352 123 493 214
chair 0.0238 6 2 93 132
chair 0.0232 323 5 476 115
chair 0.0218 11 188 153 407
chair 0.0210 58 0 226 78
chair 0.0205 379 184 500 384
chair 0.0204 363 299 426 406
chair 0.0200 298 220 436 323
pottedplant 0.0250 194 1 309 76
pottedplant 0.0216 101 380 134 405
sofa 0.9201 17 8 478 204
sofa 0.8709 70 209 443 390
sofa 0.7926 50 111 468 358
sofa 0.0556 69 202 249 399
sofa 0.0512 5 2 166 216
sofa 0.0438 93 278 377 388
sofa 0.0344 21 113 252 206
sofa 0.0313 307 3 492 208
sofa 0.0305 45 166 325 342
sofa 0.0291 177 212 439 326
sofa 0.0290 315 125 486 209
sofa 0.0278 19 52 348 242
sofa 0.0272 111 206 381 300
sofa 0.0257 246 212 428 291
sofa 0.0251 242 128 436 199
sofa 0.0235 131 90 190 106
sofa 0.0218 217 91 500 219
sofa 0.0202 52 0 286 197
