boat 0.0858 7 96 232 234
boat 0.0382 0 30 289 322
boat 0.0221 0 14 231 207
bottle 0.0767 241 152 255 208
bottle 0.0631 107 133 120 175
bottle 0.0629 101 132 116 177
bottle 0.0421 54 36 68 83
bottle 0.0377 78 77 92 106
bottle 0.0364 41 0 63 68
bottle 0.0355 71 30 97 106
bottle 0.0341 43 0 65 28
bottle 0.0336 312 69 327 108
bottle 0.0333 14 0 150 252
bottle 0.0331 75 70 86 100
bottle 0.0307 58 15 94 94
bottle 0.0306 47 31 67 90
bottle 0.0300 74 53 86 96
bottle 0.0279 51 4 67 49
bottle 0.0279 43 25 56 78
bottle 0.0256 103 235 120 293
bottle 0.0251 58 30 71 78
bottle 0.0240 46 20 78 100
bottle 0.0235 80 25 115 101
bottle 0.0235 52 0 67 27
bottle 0.0234 40 15 66 100
bottle 0.0229 69 57 78 94
bottle 0.0228 73 61 101 103
bottle 0.0225 70 75 78 101
bottle 0.0222 0 0 257 277
bottle 0.0221 71 10 87 38
bottle 0.0212 316 68 331 103
bottle 0.0207 314 66 325 92
bottle 0.0205 65 37 82 96
chair 0.7036 163 142 216 242
chair 0.6249 45 145 100 252
chair 0.5597 105 137 155 250
chair 0.4164 1 148 39 237
chair 0.3748 79 134 117 249
chair 0.3064 4 147 70 244
chair 0.3022 89 144 140 253
chair 0.2859 89 165 158 334
chair 0.2630 79 242 157 370
chair 0.2576 142 147 171 242
chair 0.2208 0 158 41 302
chair 0.2178 239 132 286 221
chair 0.2171 152 147 191 238
chair 0.2136 39 151 76 242
chair 0.1986 60 128 131 239
chair 0.1890 70 133 102 158
chair 0.1740 22 146 92 226
chair 0.1721 24 155 51 238
chair 0.1705 68 131 104 176
chair 0.1678 72 133 107 223
chair 0.1638 81 147 168 269
chair 0.1631 348 431 375 500
chair 0.1537 307 429 372 500
chair 0.1396 62 137 94 222
chair 0.1340 13 162 109 268
chair 0.1315 150 173 170 244
chair 0.1259 0 130 28 217
chair 0.1227 128 144 156 232
chair 0.1226 40 140 127 288
chair 0.1222 119 134 152 157
chair 0.1220 106 212 156 351
chair 0.1203 168 66 221 236
chair 0.1201 0 191 32 364
chair 0.1199 119 139 188 249
chair 0.1185 47 150 89 213
chair 0.1162 113 133 152 194
chair 0.1155 51 147 162 375
chair 0.1129 330 447 373 500
chair 0.1127 109 137 139 226
chair 0.1112 9 148 50 214
chair 0.1048 164 145 207 201
chair 0.1032 35 157 60 235
chair 0.1026 38 121 114 227
chair 0.1023 90 151 114 241
chair 0.1015 2 179 50 249
chair 0.1013 92 167 125 257
chair 0.1007 240 144 283 193
chair 0.0976 3 181 66 351
chair 0.0956 100 135 125 234
chair 0.0925 48 137 104 200
chair 0.0904 239 153 255 217
chair 0.0893 236 71 295 227
chair 0.0890 0 121 55 221
chair 0.0848 86 119 160 226
chair 0.0836 129 148 220 263
chair 0.0834 0 158 20 212
chair 0.0823 70 132 90 170
chair 0.0801 154 154 176 231
chair 0.0797 1 414 58 497
chair 0.0795 86 131 128 208
chair 0.0793 31 149 67 207
chair 0.0790 29 165 48 223
chair 0.0766 119 136 166 213
chair 0.0754 136 139 178 207
chair 0.0752 13 163 39 228
chair 0.0746 50 173 136 257
chair 0.0735 47 154 78 198
chair 0.0734 0 205 37 279
chair 0.0724 113 173 152 262
chair 0.0718 214 140 292 241
chair 0.0712 39 222 148 362
chair 0.0709 174 144 235 219
chair 0.0694 113 131 145 169
chair 0.0685 0 118 19 191
chair 0.0680 227 147 271 216
chair 0.0677 0 85 34 228
chair 0.0675 0 169 24 271
chair 0.0675 140 153 158 228
chair 0.0674 41 162 59 214
chair 0.0672 36 228 172 456
chair 0.0660 64 131 84 191
chair 0.0660 164 135 231 300
chair 0.0659 78 128 119 189
chair 0.0650 68 130 80 174
chair 0.0649 37 193 138 314
chair 0.0647 280 149 335 292
chair 0.0646 99 130 117 211
chair 0.0633 162 154 183 217
chair 0.0620 42 150 70 188
chair 0.0618 70 132 82 156
chair 0.0617 33 194 91 251
chair 0.0615 115 149 146 209
chair 0.0612 111 247 157 317
chair 0.0605 80 157 103 226
chair 0.0601 71 228 220 422
chair 0.0600 34 156 53 208
chair 0.0596 110 136 130 203
chair 0.0594 54 131 81 202
chair 0.0585 63 166 106 257
chair 0.0582 164 175 205 238
chair 0.0578 131 133 155 194
chair 0.0578 13 101 102 249
chair 0.0578 122 254 158 352
chair 0.0571 0 197 30 242
chair 0.0568 193 149 228 238
chair 0.0565 146 113 206 233
chair 0.0563 236 148 261 195
chair 0.0563 12 197 67 250
chair 0.0558 177 146 212 191
chair 0.0555 15 146 67 187
chair 0.0554 173 122 213 211
chair 0.0545 73 159 96 223
chair 0.0543 92 133 113 156
chair 0.0543 308 466 374 500
chair 0.0543 139 133 155 157
chair 0.0533 96 202 154 298
chair 0.0532 197 364 294 500
chair 0.0529 334 395 375 500
chair 0.0526 105 130 121 193
chair 0.0526 0 418 159 496
chair 0.0525 2 148 35 193
chair 0.0523 70 147 98 197
chair 0.0518 0 141 51 182
chair 0.0509 0 396 33 496
chair 0.0507 189 146 215 215
chair 0.0502 71 133 91 151
chair 0.0500 246 146 300 284
chair 0.0494 135 159 153 219
chair 0.0484 91 209 135 349
chair 0.0484 44 165 66 230
chair 0.0483 113 132 125 173
chair 0.0480 87 131 105 169
chair 0.0469 157 148 188 193
chair 0.0468 141 142 156 201
chair 0.0464 149 155 209 313
chair 0.0463 0 211 25 319
chair 0.0459 135 133 153 170
chair 0.0458 215 151 243 233
chair 0.0458 115 136 135 182
chair 0.0456 205 149 261 232
chair 0.0454 88 171 105 235
chair 0.0450 170 148 196 181
chair 0.0449 147 162 164 228
chair 0.0448 50 151 72 179
chair 0.0444 262 156 315 307
chair 0.0441 69 164 128 331
chair 0.0438 123 166 150 240
chair 0.0432 32 152 56 186
chair 0.0432 0 185 18 237
chair 0.0430 0 183 35 228
chair 0.0428 60 144 75 183
chair 0.0426 88 149 105 209
chair 0.0425 24 175 43 233
chair 0.0425 244 158 277 218
chair 0.0424 125 137 151 173
chair 0.0424 239 100 286 188
chair 0.0422 274 199 356 319
chair 0.0421 138 170 165 254
chair 0.0420 25 139 84 192
chair 0.0417 100 132 117 169
chair 0.0417 70 137 78 155
chair 0.0413 26 157 50 198
chair 0.0410 258 178 295 295
chair 0.0409 96 130 111 172
chair 0.0409 170 150 197 217
chair 0.0408 4 129 147 337
chair 0.0404 195 191 325 497
chair 0.0404 82 150 100 200
chair 0.0403 121 135 141 179
chair 0.0401 106 154 123 213
chair 0.0397 68 158 91 194
chair 0.0396 132 135 152 151
chair 0.0388 347 227 374 353
chair 0.0386 238 147 258 179
chair 0.0384 94 137 113 198
chair 0.0383 269 206 301 306
chair 0.0383 1 129 35 175
chair 0.0381 0 142 26 179
chair 0.0375 296 219 373 335
chair 0.0375 282 86 313 173
chair 0.0367 17 172 35 220
chair 0.0366 110 165 130 217
chair 0.0365 121 209 281 500
chair 0.0365 7 163 28 211
chair 0.0363 110 228 158 286
chair 0.0362 64 167 92 237
chair 0.0361 130 153 148 204
chair 0.0360 301 142 369 310
chair 0.0360 40 153 60 177
chair 0.0359 174 87 223 184
chair 0.0358 69 99 112 199
chair 0.0358 53 163 81 232
chair 0.0358 145 184 172 262
chair 0.0357 346 472 375 498
chair 0.0357 0 477 39 498
chair 0.0353 0 218 53 265
chair 0.0353 0 457 47 498
chair 0.0352 85 133 105 150
chair 0.0352 62 138 77 168
chair 0.0350 124 130 162 179
chair 0.0348 247 426 375 498
chair 0.0347 239 140 282 169
chair 0.0346 149 144 203 181
chair 0.0346 0 210 24 252
chair 0.0346 125 241 227 361
chair 0.0344 113 134 134 156
chair 0.0344 48 153 63 181
chair 0.0343 181 114 243 241
chair 0.0343 103 170 123 238
chair 0.0340 164 178 181 232
chair 0.0339 20 151 45 185
chair 0.0339 46 213 100 253
chair 0.0338 83 133 118 162
chair 0.0338 194 148 213 193
chair 0.0337 70 239 132 325
chair 0.0335 56 161 76 205
chair 0.0334 55 163 95 200
chair 0.0333 0 165 27 196
chair 0.0331 50 165 70 214
chair 0.0331 109 281 158 369
chair 0.0330 146 146 163 202
chair 0.0329 29 111 73 212
chair 0.0326 279 82 326 237
chair 0.0325 83 201 122 263
chair 0.0323 50 152 93 188
chair 0.0321 86 423 224 496
chair 0.0318 0 102 56 324
chair 0.0318 96 128 152 176
chair 0.0316 201 151 216 203
chair 0.0316 48 137 78 178
chair 0.0315 151 149 170 203
chair 0.0314 110 164 157 224
chair 0.0313 16 156 36 199
chair 0.0309 128 148 150 183
chair 0.0308 146 193 168 238
chair 0.0306 144 136 154 153
chair 0.0304 142 186 158 239
chair 0.0301 113 155 135 194
chair 0.0300 191 138 276 216
chair 0.0299 48 177 75 247
chair 0.0299 284 91 304 158
chair 0.0296 66 136 74 164
chair 0.0292 254 162 289 240
chair 0.0292 10 149 43 173
chair 0.0291 238 151 275 179
chair 0.0290 147 192 202 246
chair 0.0289 0 155 23 184
chair 0.0289 281 204 314 308
chair 0.0288 92 266 156 341
chair 0.0287 20 165 65 216
chair 0.0286 316 352 375 500
chair 0.0285 190 250 257 424
chair 0.0285 210 137 249 199
chair 0.0285 117 124 163 158
chair 0.0284 122 154 140 204
chair 0.0283 129 196 181 249
chair 0.0283 80 187 120 301
chair 0.0281 237 122 284 166
chair 0.0281 0 366 81 494
chair 0.0281 251 91 315 229
chair 0.0280 72 128 113 152
chair 0.0280 202 292 279 471
chair 0.0280 55 145 71 169
chair 0.0279 1 72 26 182
chair 0.0279 129 134 146 154
chair 0.0277 225 22 319 241
chair 0.0274 49 298 175 387
chair 0.0273 292 75 326 157
chair 0.0273 315 476 363 498
chair 0.0272 11 216 85 391
chair 0.0272 172 160 261 279
chair 0.0271 64 162 83 205
chair 0.0271 124 135 140 153
chair 0.0270 63 158 114 206
chair 0.0269 71 167 90 214
chair 0.0268 11 137 37 187
chair 0.0268 16 187 36 238
chair 0.0268 290 230 327 315
chair 0.0267 127 188 162 264
chair 0.0267 162 200 244 322
chair 0.0267 287 48 375 333
chair 0.0267 0 166 109 406
chair 0.0266 181 150 198 193
chair 0.0264 302 21 373 228
chair 0.0264 243 171 260 220
chair 0.0262 53 171 104 222
chair 0.0262 104 211 162 261
chair 0.0262 130 172 147 222
chair 0.0262 175 133 221 182
chair 0.0262 263 196 288 277
chair 0.0262 83 187 100 238
chair 0.0262 178 161 259 389
chair 0.0261 145 135 160 156
chair 0.0261 98 175 116 238
chair 0.0261 249 120 332 271
chair 0.0260 91 136 104 154
chair 0.0260 141 128 158 166
chair 0.0259 79 136 229 351
chair 0.0255 173 140 205 176
chair 0.0253 265 78 307 195
diningtable 0.5289 55 139 187 250
diningtable 0.4199 106 141 168 249
diningtable 0.4080 139 145 215 241
diningtable 0.2902 23 147 112 247
diningtable 0.1880 0 151 66 238
diningtable 0.1665 14 143 172 302
diningtable 0.1641 112 136 206 220
diningtable 0.1479 47 130 147 225
diningtable 0.1462 47 162 144 259
diningtable 0.1312 81 142 237 294
diningtable 0.1310 80 150 156 241
diningtable 0.1120 116 161 199 247
diningtable 0.1050 169 148 261 242
diningtable 0.1028 21 104 226 241
diningtable 0.0909 72 159 171 340
diningtable 0.0854 0 139 244 356
diningtable 0.0726 209 138 299 227
diningtable 0.0657 141 118 310 245
diningtable 0.0563 63 112 188 209
diningtable 0.0518 76 130 124 167
diningtable 0.0509 58 210 223 375
diningtable 0.0469 0 163 124 276
diningtable 0.0441 135 149 166 225
diningtable 0.0422 103 130 151 170
diningtable 0.0420 9 78 120 257
diningtable 0.0415 129 182 186 242
diningtable 0.0394 132 146 188 208
diningtable 0.0364 155 97 244 234
diningtable 0.0355 71 126 149 182
diningtable 0.0354 68 225 178 317
diningtable 0.0347 144 143 303 330
diningtable 0.0342 30 187 300 392
diningtable 0.0338 116 143 164 188
diningtable 0.0332 173 75 285 228
diningtable 0.0323 114 157 165 209
diningtable 0.0313 118 82 227 271
diningtable 0.0305 5 116 113 212
diningtable 0.0283 101 229 242 310
diningtable 0.0269 127 165 175 217
diningtable 0.0247 76 142 124 185
diningtable 0.0246 91 98 153 177
diningtable 0.0246 136 171 246 263
diningtable 0.0245 76 174 169 269
diningtable 0.0236 0 24 219 218
diningtable 0.0235 289 7 373 96
diningtable 0.0232 214 47 341 232
diningtable 0.0231 106 123 176 180
diningtable 0.0225 129 140 182 177
diningtable 0.0221 0 85 346 431
diningtable 0.0215 92 151 143 196
diningtable 0.0214 94 130 122 158
diningtable 0.0214 116 181 165 233
diningtable 0.0211 100 133 131 165
diningtable 0.0208 0 52 295 284
diningtable 0.0203 139 191 174 239
diningtable 0.0202 186 146 363 260
diningtable 0.0200 193 178 318 274
diningtable 0.0200 225 105 315 208
diningtable 0.0200 150 152 201 204
person 0.3315 89 75 118 105
person 0.1086 0 417 31 494
person 0.1041 85 77 105 105
person 0.0688 86 74 126 121
person 0.0617 233 148 254 216
person 0.0617 94 81 127 109
person 0.0589 82 67 131 104
person 0.0572 74 93 123 227
person 0.0554 0 25 286 454
person 0.0510 79 79 97 104
person 0.0497 80 73 120 158
person 0.0463 100 132 116 159
person 0.0446 71 57 117 105
person 0.0433 9 43 121 254
person 0.0414 92 44 127 104
person 0.0405 106 134 121 159
person 0.0391 102 72 122 106
person 0.0387 76 82 111 107
person 0.0374 96 86 121 168
person 0.0361 125 38 141 107
person 0.0341 5 41 64 233
person 0.0327 93 91 154 238
person 0.0322 72 87 96 106
person 0.0316 88 55 109 104
person 0.0315 75 81 90 103
person 0.0310 103 140 114 156
person 0.0305 81 75 159 170
person 0.0299 65 86 72 108
person 0.0295 115 88 137 107
person 0.0295 127 69 138 105
person 0.0292 87 84 127 191
person 0.0289 94 88 114 144
person 0.0285 47 56 113 214
person 0.0282 98 108 117 153
person 0.0280 112 80 126 107
person 0.0279 80 60 101 105
person 0.0272 86 66 149 128
person 0.0271 88 77 108 130
person 0.0258 26 0 130 194
person 0.0255 111 142 120 156
person 0.0254 69 86 77 108
person 0.0251 101 85 122 115
person 0.0246 66 0 236 246
person 0.0245 92 65 105 98
person 0.0245 100 47 145 108
person 0.0243 73 33 104 108
person 0.0238 57 81 66 107
person 0.0237 39 13 113 147
person 0.0236 74 64 95 108
person 0.0231 99 141 108 155
person 0.0231 0 33 191 314
person 0.0230 0 420 20 478
person 0.0229 65 41 135 101
person 0.0229 109 72 139 108
person 0.0226 70 85 82 104
person 0.0221 50 75 61 107
person 0.0220 95 127 121 188
person 0.0212 116 139 124 155
person 0.0209 56 59 67 100
person 0.0204 56 56 128 142
person 0.0201 51 44 69 105
person 0.0201 109 137 122 151
person 0.0200 120 82 134 104
pottedplant 0.2925 295 0 347 32
pottedplant 0.1281 339 0 375 19
pottedplant 0.1243 311 1 355 21
pottedplant 0.1119 293 0 375 23
pottedplant 0.0881 238 151 260 218
pottedplant 0.0848 293 7 350 53
pottedplant 0.0755 292 1 323 33
pottedplant 0.0719 337 0 375 34
pottedplant 0.0677 235 151 251 206
pottedplant 0.0674 42 2 67 82
pottedplant 0.0647 253 0 373 34
pottedplant 0.0628 51 23 69 82
pottedplant 0.0614 297 10 331 35
pottedplant 0.0605 289 2 365 73
pottedplant 0.0557 232 156 246 207
pottedplant 0.0528 40 0 66 35
pottedplant 0.0528 306 0 331 28
pottedplant 0.0469 234 41 297 227
pottedplant 0.0448 305 0 341 66
pottedplant 0.0442 316 0 352 56
pottedplant 0.0416 294 0 327 61
pottedplant 0.0407 276 0 334 29
pottedplant 0.0388 322 0 363 15
pottedplant 0.0383 8 0 125 265
pottedplant 0.0378 334 10 375 70
pottedplant 0.0377 331 5 368 26
pottedplant 0.0377 319 0 341 27
pottedplant 0.0376 311 16 348 34
pottedplant 0.0373 316 5 375 39
pottedplant 0.0370 47 8 64 62
pottedplant 0.0356 40 5 92 88
pottedplant 0.0349 303 11 358 39
pottedplant 0.0341 312 0 374 100
pottedplant 0.0333 340 0 358 20
pottedplant 0.0328 282 184 299 234
pottedplant 0.0324 306 5 331 50
pottedplant 0.0322 296 19 349 81
pottedplant 0.0322 17 0 105 118
pottedplant 0.0319 292 16 320 36
pottedplant 0.0317 254 0 375 240
pottedplant 0.0316 43 0 89 38
pottedplant 0.0313 220 0 325 238
pottedplant 0.0304 24 0 64 94
pottedplant 0.0304 344 0 365 28
pottedplant 0.0298 68 6 89 32
pottedplant 0.0294 103 236 120 294
pottedplant 0.0293 43 1 70 23
pottedplant 0.0291 333 0 352 22
pottedplant 0.0286 287 2 316 23
pottedplant 0.0284 126 36 140 84
pottedplant 0.0270 301 0 316 26
pottedplant 0.0270 355 0 374 31
pottedplant 0.0269 168 55 220 219
pottedplant 0.0260 252 40 321 219
pottedplant 0.0260 314 6 334 36
pottedplant 0.0257 302 16 373 200
pottedplant 0.0256 51 19 70 55
pottedplant 0.0251 281 0 362 128
pottedplant 0.0246 337 3 362 49
pottedplant 0.0243 281 170 309 245
pottedplant 0.0241 323 12 339 38
pottedplant 0.0239 48 7 69 42
pottedplant 0.0236 308 13 329 73
pottedplant 0.0236 342 11 368 40
pottedplant 0.0236 124 36 148 107
pottedplant 0.0234 325 20 360 38
pottedplant 0.0234 15 14 161 149
pottedplant 0.0233 46 23 109 101
pottedplant 0.0233 11 0 50 83
pottedplant 0.0232 47 44 66 81
pottedplant 0.0225 52 30 76 100
pottedplant 0.0223 304 14 321 45
pottedplant 0.0223 326 0 358 78
pottedplant 0.0222 61 3 90 21
pottedplant 0.0216 329 12 345 41
pottedplant 0.0216 0 0 67 294
pottedplant 0.0216 326 1 346 32
pottedplant 0.0216 44 27 68 106
pottedplant 0.0215 341 10 357 44
pottedplant 0.0214 312 15 327 46
pottedplant 0.0212 298 15 339 44
pottedplant 0.0208 276 0 334 70
pottedplant 0.0203 329 0 355 36
pottedplant 0.0202 298 14 316 46
sofa 0.6220 0 363 273 494
sofa 0.4406 0 205 279 489
sofa 0.1680 197 345 368 497
sofa 0.1481 304 427 373 500
sofa 0.1408 1 167 195 409
sofa 0.1330 89 337 337 496
sofa 0.1142 245 411 375 498
sofa 0.1105 0 206 29 369
sofa 0.1036 0 211 137 476
sofa 0.0913 236 140 309 239
sofa 0.0881 190 355 292 496
sofa 0.0874 3 201 62 376
sofa 0.0847 0 414 111 496
sofa 0.0847 0 414 31 498
sofa 0.0811 3 147 130 356
sofa 0.0780 245 236 375 493
sofa 0.0757 21 219 161 371
sofa 0.0740 109 205 342 490
sofa 0.0680 27 272 187 489
sofa 0.0674 1 393 60 500
sofa 0.0642 279 364 375 490
sofa 0.0636 73 273 264 478
sofa 0.0609 0 376 159 488
sofa 0.0581 265 179 370 332
sofa 0.0575 0 170 90 428
sofa 0.0542 245 157 354 293
sofa 0.0534 89 181 249 393
sofa 0.0471 0 0 323 429
sofa 0.0415 142 249 258 411
sofa 0.0413 0 306 106 483
sofa 0.0411 167 255 272 494
sofa 0.0402 254 307 375 415
sofa 0.0379 302 197 374 371
sofa 0.0350 268 258 374 390
sofa 0.0344 195 148 313 289
sofa 0.0338 65 356 239 462
sofa 0.0338 107 259 239 358
sofa 0.0334 191 151 301 475
sofa 0.0307 0 290 160 432
sofa 0.0306 74 422 229 495
sofa 0.0304 199 189 368 420
sofa 0.0299 183 298 269 434
sofa 0.0295 231 229 375 355
sofa 0.0286 303 267 375 464
sofa 0.0282 0 224 26 317
sofa 0.0276 195 308 360 441
sofa 0.0274 237 194 321 316
sofa 0.0274 138 168 257 342
sofa 0.0269 183 252 261 378
sofa 0.0268 5 213 122 316
sofa 0.0256 275 148 375 437
sofa 0.0252 213 272 312 486
sofa 0.0249 222 111 324 324
sofa 0.0228 0 455 49 497
sofa 0.0227 143 350 260 471
sofa 0.0222 207 89 338 244
sofa 0.0220 243 53 366 392
sofa 0.0204 205 240 286 370
sofa 0.0200 110 316 249 397
tvmonitor 0.5927 283 152 327 231
tvmonitor 0.2091 239 146 285 219
tvmonitor 0.1449 285 154 306 225
tvmonitor 0.1209 269 148 316 223
tvmonitor 0.1144 236 123 304 226
tvmonitor 0.1133 277 130 353 232
tvmonitor 0.0903 253 145 329 242
tvmonitor 0.0649 281 155 301 200
tvmonitor 0.0595 301 162 329 223
tvmonitor 0.0589 283 149 306 188
tvmonitor 0.0549 282 170 300 228
tvmonitor 0.0548 274 163 308 241
tvmonitor 0.0530 281 114 316 208
tvmonitor 0.0519 279 44 370 240
tvmonitor 0.0506 255 82 314 228
tvmonitor 0.0496 293 170 320 234
tvmonitor 0.0491 283 147 328 193
tvmonitor 0.0485 239 61 345 226
tvmonitor 0.0461 279 162 294 206
tvmonitor 0.0447 289 168 357 240
tvmonitor 0.0402 284 157 342 286
tvmonitor 0.0396 302 117 369 269
tvmonitor 0.0394 268 187 298 262
tvmonitor 0.0384 291 150 322 173
tvmonitor 0.0384 229 36 302 233
tvmonitor 0.0377 278 122 301 213
tvmonitor 0.0364 246 151 282 183
tvmonitor 0.0361 292 98 340 216
tvmonitor 0.0331 252 167 294 236
tvmonitor 0.0328 0 0 72 235
tvmonitor 0.0321 291 167 341 216
tvmonitor 0.0315 250 151 297 198
tvmonitor 0.0310 291 154 309 206
tvmonitor 0.0292 312 158 328 204
tvmonitor 0.0288 278 186 303 235
tvmonitor 0.0284 228 130 375 265
tvmonitor 0.0281 299 126 327 206
tvmonitor 0.0280 273 191 329 241
tvmonitor 0.0280 302 150 331 191
tvmonitor 0.0274 311 151 328 173
tvmonitor 0.0261 285 124 330 173
tvmonitor 0.0257 310 145 335 220
tvmonitor 0.0251 286 159 316 186
tvmonitor 0.0250 277 153 295 187
tvmonitor 0.0249 294 136 336 185
tvmonitor 0.0247 286 85 336 172
tvmonitor 0.0240 0 0 115 162
tvmonitor 0.0240 306 160 323 208
tvmonitor 0.0235 296 158 319 196
tvmonitor 0.0228 279 165 315 205
tvmonitor 0.0222 305 140 323 162
tvmonitor 0.0220 273 141 308 193
tvmonitor 0.0217 102 232 121 296
tvmonitor 0.0214 311 156 347 238
tvmonitor 0.0212 254 160 283 217
tvmonitor 0.0211 0 0 41 171
tvmonitor 0.0207 271 161 285 195
