bicycle 0.0235 25 41 67 55
boat 0.0278 350 163 386 226
boat 0.0261 43 38 79 54
boat 0.0237 363 150 399 216
boat 0.0210 370 170 388 214
bottle 0.0237 360 173 382 219
bottle 0.0201 487 170 500 210
bus 0.8999 149 153 293 236
bus 0.4172 15 173 47 212
bus 0.3058 35 176 91 205
bus 0.2696 0 165 18 208
bus 0.1860 19 174 80 213
bus 0.1550 0 164 42 208
bus 0.1459 53 177 94 217
bus 0.1138 8 172 33 209
bus 0.0914 37 166 98 222
bus 0.0897 215 160 292 239
bus 0.0882 15 176 99 237
bus 0.0835 15 150 55 208
bus 0.0750 14 151 93 209
bus 0.0673 120 188 127 200
bus 0.0669 49 168 113 207
bus 0.0666 25 139 129 227
bus 0.0619 18 173 61 200
bus 0.0596 47 176 74 202
bus 0.0594 151 157 224 232
bus 0.0577 11 169 45 191
bus 0.0570 51 155 161 232
bus 0.0525 145 166 197 225
bus 0.0507 84 169 126 221
bus 0.0499 126 188 134 200
bus 0.0498 0 167 28 219
bus 0.0498 113 174 132 205
bus 0.0488 66 141 270 228
bus 0.0472 58 176 89 201
bus 0.0464 135 184 144 199
bus 0.0437 83 167 147 206
bus 0.0433 96 174 133 200
bus 0.0409 113 190 121 200
bus 0.0409 0 138 13 217
bus 0.0409 115 171 146 201
bus 0.0407 107 165 139 215
bus 0.0397 6 125 40 209
bus 0.0389 50 185 81 204
bus 0.0377 4 166 34 195
bus 0.0376 117 177 128 198
bus 0.0366 122 183 133 196
bus 0.0361 15 153 41 195
bus 0.0336 0 0 471 375
bus 0.0319 44 171 99 195
bus 0.0313 112 184 125 195
bus 0.0303 90 153 174 215
bus 0.0299 127 183 139 197
bus 0.0293 140 186 149 202
bus 0.0293 247 160 290 229
bus 0.0282 123 176 136 199
bus 0.0274 121 163 150 210
bus 0.0272 132 173 145 199
bus 0.0270 18 165 50 182
bus 0.0257 40 180 58 203
bus 0.0242 110 180 121 196
bus 0.0241 3 164 38 181
bus 0.0235 250 189 299 237
bus 0.0233 103 188 112 198
bus 0.0229 152 187 168 223
bus 0.0228 197 192 291 236
bus 0.0226 103 183 118 194
bus 0.0224 142 141 254 217
bus 0.0215 12 129 67 192
bus 0.0211 46 136 92 197
bus 0.0209 20 163 37 184
bus 0.0208 0 152 35 238
bus 0.0203 104 157 212 230
bus 0.0200 39 188 64 204
car 0.8142 337 246 499 375
car 0.8085 26 198 89 243
car 0.7831 88 193 128 226
car 0.3981 15 174 47 211
car 0.3226 43 198 107 236
car 0.2247 55 180 93 222
car 0.1968 15 193 48 212
car 0.1857 66 189 119 222
car 0.1790 65 199 92 228
car 0.1747 0 161 16 209
car 0.1608 3 180 16 206
car 0.1535 21 199 55 214
car 0.1466 37 198 91 223
car 0.1429 21 174 88 208
car 0.1283 62 190 92 213
car 0.1138 12 185 32 210
car 0.1114 23 185 66 237
car 0.1110 103 191 130 217
car 0.1094 421 248 497 375
car 0.1088 15 196 30 214
car 0.1063 27 188 90 218
car 0.1048 24 196 47 229
car 0.1040 120 191 128 204
car 0.1037 16 196 92 279
car 0.1024 116 189 130 210
car 0.0884 100 189 130 205
car 0.0865 8 197 24 210
car 0.0837 122 189 133 200
car 0.0817 30 199 75 217
car 0.0792 56 178 94 202
car 0.0789 22 211 37 240
car 0.0788 74 184 131 232
car 0.0785 17 201 35 214
car 0.0768 6 195 17 212
car 0.0760 78 193 99 224
car 0.0758 8 183 57 214
car 0.0751 477 236 500 264
car 0.0747 0 189 14 210
car 0.0713 0 235 10 273
car 0.0702 16 197 80 228
car 0.0678 110 186 132 196
car 0.0675 126 191 134 203
car 0.0650 128 189 139 200
car 0.0645 84 188 130 212
car 0.0643 44 178 122 212
car 0.0637 122 190 138 203
car 0.0628 28 177 130 237
car 0.0617 98 184 125 195
car 0.0617 20 201 39 224
car 0.0616 111 188 135 203
car 0.0596 110 189 126 200
car 0.0586 114 193 140 208
car 0.0584 0 166 39 212
car 0.0575 4 239 35 327
car 0.0571 458 237 500 270
car 0.0518 122 187 140 197
car 0.0501 18 155 82 238
car 0.0499 81 176 142 216
car 0.0496 135 189 143 202
car 0.0495 26 189 52 213
car 0.0489 426 247 499 286
car 0.0489 71 208 93 238
car 0.0478 111 179 131 210
car 0.0477 380 251 500 326
car 0.0466 32 194 73 210
car 0.0465 111 194 122 205
car 0.0465 130 190 146 203
car 0.0463 462 256 499 335
car 0.0435 83 179 134 199
car 0.0431 60 183 108 209
car 0.0429 84 208 122 226
car 0.0427 129 187 146 197
car 0.0418 8 201 25 215
car 0.0416 124 194 149 207
car 0.0411 472 245 500 271
car 0.0408 0 236 17 264
car 0.0405 0 179 20 214
car 0.0405 346 309 500 375
car 0.0392 0 192 31 211
car 0.0386 89 183 116 194
car 0.0386 23 209 72 239
car 0.0378 115 177 144 203
car 0.0378 15 205 33 221
car 0.0373 99 195 140 221
car 0.0373 67 181 99 197
car 0.0366 13 209 75 321
car 0.0364 1 137 14 170
car 0.0361 453 241 499 299
car 0.0358 99 187 119 197
car 0.0353 463 236 500 256
car 0.0351 0 237 21 332
car 0.0349 35 219 88 246
car 0.0345 2 151 17 193
car 0.0343 85 188 119 204
car 0.0332 26 228 65 245
car 0.0331 0 199 22 213
car 0.0314 436 251 496 329
car 0.0309 341 282 434 375
car 0.0308 106 204 132 228
car 0.0306 80 181 98 212
car 0.0303 0 137 9 173
car 0.0302 23 214 48 244
car 0.0300 6 203 18 218
car 0.0296 70 201 113 228
car 0.0289 395 195 417 209
car 0.0289 229 99 247 125
car 0.0288 482 226 499 256
car 0.0288 53 206 87 245
car 0.0285 0 261 12 330
car 0.0280 9 208 35 241
car 0.0279 0 194 10 219
car 0.0279 9 189 35 219
car 0.0276 13 178 45 234
car 0.0275 0 134 11 199
car 0.0274 463 249 500 281
car 0.0272 75 209 106 227
car 0.0271 1 238 16 286
car 0.0270 2 222 17 259
car 0.0269 0 219 9 260
car 0.0268 4 209 18 244
car 0.0267 94 191 119 215
car 0.0267 0 284 16 326
car 0.0264 0 209 22 259
car 0.0261 71 177 100 217
car 0.0260 433 233 496 275
car 0.0255 480 288 500 335
car 0.0253 110 188 140 215
car 0.0250 462 285 500 358
car 0.0246 478 339 500 375
car 0.0243 6 204 25 222
car 0.0242 139 190 152 203
car 0.0242 0 184 68 250
car 0.0241 15 210 31 231
car 0.0239 254 180 293 239
car 0.0237 487 232 500 266
car 0.0231 10 230 35 246
car 0.0231 479 270 500 317
car 0.0230 101 192 114 203
car 0.0227 153 193 168 226
car 0.0227 13 220 32 241
car 0.0227 100 175 159 205
car 0.0227 21 226 39 246
car 0.0226 387 181 417 211
car 0.0225 4 236 31 254
car 0.0224 133 195 156 207
car 0.0224 408 195 433 209
car 0.0221 79 204 99 231
car 0.0220 447 317 500 374
car 0.0216 5 212 24 239
car 0.0216 0 0 478 375
car 0.0214 149 196 159 217
car 0.0213 0 225 10 309
car 0.0213 468 222 498 259
car 0.0210 17 233 96 265
car 0.0210 335 324 399 375
car 0.0206 10 200 51 220
car 0.0206 54 226 92 245
car 0.0204 5 178 42 203
car 0.0202 0 232 31 292
person 0.5118 300 186 316 233
person 0.1334 305 185 321 226
person 0.0788 316 188 330 223
person 0.0748 298 186 309 222
person 0.0713 294 201 312 235
person 0.0693 390 188 401 210
person 0.0629 22 207 37 234
person 0.0597 395 188 408 209
person 0.0580 122 190 134 206
person 0.0549 0 0 334 375
person 0.0532 24 206 48 242
person 0.0494 462 252 499 321
person 0.0492 404 186 417 209
person 0.0472 279 198 294 234
person 0.0466 383 185 393 211
person 0.0454 290 198 300 231
person 0.0439 411 185 426 210
person 0.0435 286 190 304 235
person 0.0430 118 188 135 213
person 0.0418 419 182 433 210
person 0.0415 309 180 323 218
person 0.0406 308 177 331 227
person 0.0406 133 190 144 204
person 0.0402 300 191 308 210
person 0.0398 455 273 498 375
person 0.0394 15 205 28 224
person 0.0390 19 199 43 237
person 0.0390 374 176 386 213
person 0.0382 474 177 490 209
person 0.0378 296 177 323 231
person 0.0372 427 182 441 210
person 0.0368 433 184 449 210
person 0.0367 15 210 29 234
person 0.0359 301 201 323 232
person 0.0357 317 204 331 231
person 0.0348 369 204 384 234
person 0.0342 363 203 379 229
person 0.0339 355 182 384 240
person 0.0336 385 179 404 213
person 0.0326 288 192 320 236
person 0.0322 130 193 144 211
person 0.0321 268 35 500 375
person 0.0314 275 185 296 234
person 0.0313 304 186 314 207
person 0.0311 118 199 136 225
person 0.0309 140 198 151 220
person 0.0309 402 194 421 210
person 0.0305 63 206 88 241
person 0.0304 320 186 335 218
person 0.0299 229 98 248 131
person 0.0297 391 171 413 211
person 0.0295 128 197 144 219
person 0.0292 284 175 311 237
person 0.0286 457 184 472 210
person 0.0286 479 322 500 367
person 0.0284 149 200 159 222
person 0.0284 349 207 364 241
person 0.0283 364 176 379 214
person 0.0277 481 173 497 210
person 0.0275 397 171 421 211
person 0.0270 466 186 480 210
person 0.0269 460 321 500 374
person 0.0266 441 185 455 210
person 0.0266 9 207 32 244
person 0.0265 374 200 385 224
person 0.0262 416 169 436 211
person 0.0262 141 194 151 212
person 0.0260 377 176 395 214
person 0.0260 384 198 394 219
person 0.0258 406 177 429 212
person 0.0253 321 200 337 226
person 0.0253 286 207 300 237
person 0.0249 309 196 333 235
person 0.0246 422 170 444 212
person 0.0245 394 195 409 216
person 0.0245 299 182 318 207
person 0.0243 367 175 386 223
person 0.0243 476 252 500 306
person 0.0241 428 73 439 91
person 0.0241 451 184 465 210
person 0.0240 469 254 496 289
person 0.0238 22 222 36 248
person 0.0238 141 189 150 205
person 0.0235 14 218 29 243
person 0.0235 437 254 495 339
person 0.0233 379 208 392 234
person 0.0231 417 192 436 210
person 0.0226 440 303 492 375
person 0.0223 448 250 500 297
person 0.0222 358 177 372 211
person 0.0221 387 200 401 224
person 0.0218 314 177 350 232
person 0.0217 153 197 168 228
person 0.0216 385 186 398 208
person 0.0215 291 189 300 216
person 0.0210 474 192 489 217
person 0.0205 267 201 290 237
person 0.0201 339 204 358 234
person 0.0200 333 176 373 233
pottedplant 0.1418 360 207 380 241
pottedplant 0.0357 357 205 375 234
pottedplant 0.0271 349 204 364 236
pottedplant 0.0270 351 185 384 239
pottedplant 0.0224 342 204 377 236
train 0.0471 147 137 358 235
train 0.0265 8 170 125 228
tvmonitor 0.0280 480 169 497 208
tvmonitor 0.0256 468 163 496 213
