bird 0.9403 3 76 325 331
bird 0.1761 166 0 253 96
bird 0.0864 54 93 328 233
bird 0.0828 0 128 374 500
bird 0.0820 0 0 48 43
bird 0.0803 171 0 209 98
bird 0.0731 0 2 17 46
bird 0.0713 163 90 328 208
bird 0.0614 78 2 231 92
bird 0.0569 134 0 212 98
bird 0.0564 0 189 29 219
bird 0.0545 174 0 250 52
bird 0.0544 0 0 130 51
bird 0.0484 237 85 323 254
bird 0.0462 0 4 72 54
bird 0.0444 202 78 327 314
bird 0.0415 0 0 33 26
bird 0.0409 0 172 257 326
bird 0.0407 216 78 323 183
bird 0.0406 4 4 199 80
bird 0.0352 146 12 283 123
bird 0.0350 0 164 39 222
bird 0.0307 346 143 374 250
bird 0.0297 186 0 254 22
bird 0.0297 0 6 242 123
bird 0.0286 318 73 374 302
bird 0.0280 358 135 374 238
bird 0.0278 252 70 358 273
bird 0.0274 0 147 72 308
bird 0.0270 0 216 121 317
bird 0.0268 53 321 353 484
bird 0.0267 34 0 113 16
bird 0.0263 0 0 351 212
bird 0.0256 150 79 300 162
bird 0.0247 168 0 205 55
bird 0.0237 0 0 61 21
bird 0.0231 0 190 323 399
bird 0.0229 193 30 326 154
bird 0.0229 1 90 69 255
bird 0.0227 68 246 228 329
bird 0.0224 364 152 374 248
bird 0.0216 344 95 374 212
bird 0.0212 0 179 56 232
bird 0.0204 15 1 91 39
bird 0.0202 344 174 374 292
bird 0.0201 360 141 373 195
bottle 0.0299 208 82 326 155
bottle 0.0201 233 84 316 128
pottedplant 0.0607 335 58 374 182
pottedplant 0.0293 317 18 374 169
pottedplant 0.0229 326 69 374 136
pottedplant 0.0226 343 16 374 133
pottedplant 0.0218 351 66 374 213
pottedplant 0.0203 363 93 374 201
