aeroplane 0.0409 265 124 348 159
aeroplane 0.0368 354 276 449 333
aeroplane 0.0318 326 113 351 131
bicycle 0.0284 17 7 500 252
bird 0.2085 170 0 196 19
bird 0.1224 336 0 364 13
bird 0.1138 70 0 107 50
bird 0.1007 166 0 217 22
bird 0.0952 410 277 446 333
bird 0.0913 151 0 200 21
bird 0.0696 374 277 446 333
bird 0.0628 302 0 375 11
bird 0.0536 65 0 100 33
bird 0.0498 70 2 152 53
bird 0.0424 330 0 391 13
bird 0.0371 159 0 186 19
bird 0.0368 166 0 256 17
bird 0.0342 172 3 203 23
bird 0.0340 165 0 199 33
bird 0.0323 177 1 227 14
bird 0.0315 1 286 19 325
bird 0.0313 124 0 193 24
bird 0.0302 160 7 198 23
bird 0.0283 319 0 360 8
bird 0.0280 61 0 164 84
bird 0.0270 82 2 108 37
bird 0.0268 340 4 377 15
bird 0.0261 72 0 129 32
bird 0.0260 73 0 127 79
bird 0.0258 38 0 112 56
bird 0.0258 344 0 374 11
bird 0.0250 63 0 102 14
bird 0.0249 414 302 439 333
bird 0.0244 64 0 197 35
bird 0.0242 324 0 363 17
bird 0.0241 66 0 84 39
bird 0.0236 311 278 452 332
bird 0.0235 53 0 90 39
bird 0.0232 77 0 113 24
bird 0.0221 428 295 448 332
bird 0.0216 187 1 238 21
bird 0.0210 94 0 236 22
bird 0.0210 232 50 261 67
bird 0.0207 86 5 115 47
bird 0.0205 415 282 436 327
car 0.0272 0 149 10 181
car 0.0201 62 1 219 83
chair 0.0322 59 0 244 135
chair 0.0220 66 0 170 48
chair 0.0211 73 1 188 28
chair 0.0202 121 127 219 218
cow 0.0623 330 0 369 14
cow 0.0206 233 75 255 100
cow 0.0206 224 74 256 124
dog 0.7986 79 5 252 223
dog 0.0813 174 67 253 169
dog 0.0677 69 6 232 127
dog 0.0546 96 102 236 220
dog 0.0500 0 284 19 317
dog 0.0445 198 73 253 140
dog 0.0333 203 87 249 176
dog 0.0327 233 76 255 106
dog 0.0296 185 86 244 202
dog 0.0212 116 63 250 130
dog 0.0206 160 37 268 192
dog 0.0204 81 0 392 245
person 0.0597 81 0 245 175
person 0.0530 69 0 159 106
person 0.0464 171 0 203 20
person 0.0360 142 0 217 17
person 0.0325 180 76 245 219
person 0.0320 47 0 125 107
person 0.0320 177 148 206 222
person 0.0273 157 110 234 221
person 0.0255 22 0 181 207
person 0.0238 67 0 105 44
person 0.0232 102 0 198 18
person 0.0216 203 118 245 194
person 0.0213 0 24 332 321
person 0.0204 124 160 152 213
sheep 0.0471 323 0 360 12
sheep 0.0390 0 280 19 319
sheep 0.0381 441 78 485 91
sheep 0.0290 333 0 396 13
sheep 0.0284 304 0 351 11
sheep 0.0238 0 0 47 18
