bottle 0.0230 0 267 284 366
bottle 0.0213 8 96 45 162
bottle 0.0201 9 76 65 161
cat 0.8490 11 17 497 358
cat 0.0798 119 243 500 357
cat 0.0540 281 28 491 322
cat 0.0431 3 2 195 146
cat 0.0427 11 35 173 315
cat 0.0365 162 119 497 368
cat 0.0363 31 8 305 302
cat 0.0306 0 18 112 283
cat 0.0290 16 4 469 176
cat 0.0275 362 50 499 281
cat 0.0256 9 142 144 285
cat 0.0232 43 152 229 285
cat 0.0231 8 277 259 363
cat 0.0230 18 0 429 85
cat 0.0224 37 14 282 104
cat 0.0222 35 45 227 116
cat 0.0219 37 197 171 284
cat 0.0218 162 1 473 64
cat 0.0207 214 205 500 332
chair 0.0592 4 1 156 115
chair 0.0463 0 41 112 302
chair 0.0374 5 27 95 170
chair 0.0316 8 129 95 286
chair 0.0257 7 25 186 338
chair 0.0240 4 63 154 146
chair 0.0213 0 0 115 79
chair 0.0209 25 13 212 97
diningtable 0.0602 0 33 488 334
diningtable 0.0207 0 28 338 223
dog 0.0302 0 0 138 61
person 0.0232 0 0 153 68
pottedplant 0.0327 4 2 150 215
pottedplant 0.0324 2 0 126 61
tvmonitor 0.0352 465 0 498 66
tvmonitor 0.0326 437 0 493 70
