aeroplane 0.8593 44 69 424 226
aeroplane 0.1717 260 136 433 223
aeroplane 0.0930 128 147 416 224
aeroplane 0.0601 78 70 355 177
aeroplane 0.0515 35 63 218 222
aeroplane 0.0465 322 163 431 219
aeroplane 0.0441 52 66 237 133
aeroplane 0.0406 213 88 429 235
aeroplane 0.0404 54 122 331 220
aeroplane 0.0360 7 69 480 334
aeroplane 0.0342 338 162 431 186
aeroplane 0.0340 32 71 142 202
aeroplane 0.0328 303 154 428 198
aeroplane 0.0290 216 165 411 220
aeroplane 0.0290 35 65 143 140
aeroplane 0.0266 132 66 317 125
aeroplane 0.0262 110 172 325 225
aeroplane 0.0236 299 79 425 218
aeroplane 0.0222 335 146 430 182
boat 0.0244 59 21 471 262
train 0.0267 91 0 435 241
train 0.0225 17 87 463 334
