bus 0.1018 407 174 500 206
bus 0.0410 444 177 499 216
bus 0.0222 436 178 500 198
bus 0.0215 397 143 484 208
car 0.9330 8 96 416 250
car 0.1216 63 93 385 195
car 0.0814 202 107 415 246
car 0.0671 12 93 167 245
car 0.0568 142 92 328 146
car 0.0567 258 105 414 169
car 0.0556 333 114 434 217
car 0.0551 12 96 96 208
car 0.0484 362 124 480 206
car 0.0460 299 121 418 242
car 0.0448 27 89 200 152
car 0.0430 350 157 488 212
car 0.0411 17 88 254 202
car 0.0396 402 176 495 203
car 0.0385 211 92 375 151
car 0.0347 407 170 450 204
car 0.0330 408 140 494 211
car 0.0329 272 91 460 235
car 0.0324 8 132 92 250
car 0.0306 167 98 434 180
car 0.0284 396 159 437 206
car 0.0283 0 174 25 195
car 0.0280 11 0 130 197
car 0.0278 81 96 265 157
car 0.0258 248 192 417 248
car 0.0256 454 180 500 220
car 0.0246 10 78 156 170
car 0.0239 325 158 440 239
car 0.0235 344 48 490 209
car 0.0225 1 195 159 250
car 0.0225 407 176 432 204
car 0.0224 0 169 22 188
car 0.0215 189 108 333 156
car 0.0212 409 162 498 196
car 0.0210 352 135 413 239
car 0.0209 404 151 465 206
car 0.0208 381 170 413 231
car 0.0202 8 174 347 252
car 0.0200 312 81 408 172
person 0.1061 270 137 297 156
person 0.0859 211 124 233 149
person 0.0746 11 59 406 265
person 0.0665 173 107 195 150
person 0.0581 208 111 242 149
person 0.0536 212 131 243 149
person 0.0482 11 3 160 193
person 0.0398 159 104 198 154
person 0.0398 261 136 288 153
person 0.0395 222 119 253 150
person 0.0390 173 106 217 152
person 0.0368 191 108 234 149
person 0.0367 257 130 300 155
person 0.0365 202 132 235 147
person 0.0347 15 0 130 117
person 0.0341 229 128 250 150
person 0.0323 36 0 254 214
person 0.0304 173 106 193 129
person 0.0295 135 102 194 171
person 0.0293 175 104 257 151
person 0.0282 237 125 289 153
person 0.0281 215 106 262 152
person 0.0261 270 124 310 157
person 0.0260 241 128 264 151
person 0.0259 169 107 189 139
person 0.0254 186 123 228 147
person 0.0248 138 104 184 148
person 0.0245 248 135 279 152
person 0.0240 232 113 271 152
person 0.0225 208 127 264 150
person 0.0220 115 99 220 206
person 0.0212 157 104 184 140
person 0.0207 217 136 256 149
person 0.0206 173 106 206 132
person 0.0206 20 64 124 171
person 0.0205 209 105 306 152
person 0.0202 165 106 190 123
