aeroplane 0.0329 316 270 494 331
aeroplane 0.0236 411 269 496 332
aeroplane 0.0218 445 270 475 286
bicycle 0.7206 20 0 198 334
bicycle 0.4368 95 0 387 334
bicycle 0.2554 65 110 196 334
bicycle 0.1633 0 10 170 222
bicycle 0.1367 180 1 203 28
bicycle 0.1104 131 34 293 331
bicycle 0.0881 0 8 93 198
bicycle 0.0760 20 78 149 293
bicycle 0.0705 67 1 191 207
bicycle 0.0677 282 212 317 243
bicycle 0.0514 74 183 253 333
bicycle 0.0449 150 0 204 30
bicycle 0.0448 30 8 182 133
bicycle 0.0354 0 3 68 51
bicycle 0.0338 0 0 35 37
bicycle 0.0309 6 63 104 257
bicycle 0.0308 2 210 214 332
bicycle 0.0305 176 235 500 330
bicycle 0.0279 73 254 203 333
bicycle 0.0268 86 0 243 148
bicycle 0.0257 0 95 347 332
bicycle 0.0249 173 9 209 30
bicycle 0.0246 285 169 490 332
bicycle 0.0242 0 0 25 26
bicycle 0.0235 115 181 200 334
bicycle 0.0232 0 130 208 274
bicycle 0.0232 86 229 348 330
bicycle 0.0231 123 0 340 172
bicycle 0.0208 112 80 213 295
bicycle 0.0208 12 0 294 117
bicycle 0.0202 28 130 117 268
boat 0.0271 40 182 82 243
boat 0.0256 170 266 500 334
boat 0.0214 86 116 500 334
bottle 0.0498 47 192 85 246
bottle 0.0356 326 165 353 192
bottle 0.0323 172 265 197 315
bottle 0.0319 104 0 146 32
bottle 0.0283 89 32 167 61
bottle 0.0213 65 202 84 243
bottle 0.0207 49 206 69 244
bottle 0.0204 55 207 77 245
car 0.2164 0 142 22 171
car 0.1227 0 139 39 170
car 0.0751 0 151 34 172
car 0.0690 109 0 204 30
car 0.0686 475 0 500 21
car 0.0632 92 1 177 53
car 0.0617 152 32 500 334
car 0.0546 460 0 500 29
car 0.0436 179 0 205 19
car 0.0410 74 6 203 124
car 0.0401 168 1 479 140
car 0.0375 1 113 41 173
car 0.0370 168 0 205 28
car 0.0362 430 1 497 55
car 0.0303 0 3 52 50
car 0.0262 3 6 167 74
car 0.0250 144 2 210 38
car 0.0249 291 0 500 110
car 0.0248 353 59 490 212
car 0.0243 72 2 218 70
car 0.0224 0 140 20 197
car 0.0220 210 1 346 52
car 0.0216 170 1 241 28
car 0.0211 455 0 500 15
car 0.0208 391 0 500 39
car 0.0203 111 2 334 109
chair 0.2164 135 0 467 334
chair 0.0710 94 35 169 164
chair 0.0614 284 211 315 241
chair 0.0491 188 0 376 261
chair 0.0486 262 38 497 307
chair 0.0466 241 204 268 230
chair 0.0463 11 0 156 185
chair 0.0455 0 0 55 157
chair 0.0427 77 116 199 334
chair 0.0394 170 263 199 329
chair 0.0383 168 232 224 332
chair 0.0381 171 124 306 329
chair 0.0370 77 0 200 148
chair 0.0357 36 122 92 246
chair 0.0354 277 0 355 113
chair 0.0349 101 215 193 334
chair 0.0343 158 146 413 334
chair 0.0340 190 201 278 329
chair 0.0337 120 130 265 331
chair 0.0336 344 1 500 232
chair 0.0335 175 273 374 332
chair 0.0332 198 0 401 144
chair 0.0327 172 228 323 332
chair 0.0326 310 273 333 304
chair 0.0324 111 147 190 289
chair 0.0306 152 240 207 334
chair 0.0301 340 57 457 269
chair 0.0292 92 267 203 333
chair 0.0291 102 49 324 334
chair 0.0287 4 0 80 109
chair 0.0286 282 126 469 334
chair 0.0275 237 52 401 332
chair 0.0265 0 0 50 75
chair 0.0264 152 239 268 330
chair 0.0261 111 13 216 218
chair 0.0261 34 0 188 100
chair 0.0253 396 73 423 105
chair 0.0252 4 3 84 49
chair 0.0252 118 271 307 330
chair 0.0248 93 19 166 101
chair 0.0244 169 235 478 330
chair 0.0239 261 4 455 209
chair 0.0238 0 31 37 180
chair 0.0224 1 91 152 330
chair 0.0214 102 69 169 210
chair 0.0208 173 275 252 334
chair 0.0206 376 80 472 234
chair 0.0202 168 282 220 333
dog 0.0642 193 3 356 114
dog 0.0492 165 0 386 187
dog 0.0280 165 0 425 334
motorbike 0.0954 181 0 203 28
person 0.3150 171 0 427 325
person 0.1714 313 6 494 308
person 0.1421 181 1 204 28
person 0.0839 133 0 313 296
person 0.0769 188 2 357 218
person 0.0723 0 132 20 168
person 0.0654 187 3 201 22
person 0.0640 469 185 484 216
person 0.0523 0 129 41 169
person 0.0504 380 0 500 246
person 0.0495 72 0 196 166
person 0.0472 164 0 206 29
person 0.0449 471 0 499 24
person 0.0423 95 12 222 292
person 0.0407 225 2 311 103
person 0.0406 343 120 491 334
person 0.0405 351 1 492 118
person 0.0396 413 0 500 152
person 0.0386 171 76 301 332
person 0.0380 281 0 431 246
person 0.0380 228 2 385 111
person 0.0342 186 0 204 14
person 0.0338 84 9 164 125
person 0.0336 420 45 499 223
person 0.0336 458 269 473 287
person 0.0335 416 171 494 328
person 0.0326 169 269 199 334
person 0.0322 185 29 288 248
person 0.0315 0 0 69 117
person 0.0307 109 4 212 116
person 0.0303 0 1 47 58
person 0.0302 291 0 486 160
person 0.0298 189 8 291 127
person 0.0297 435 0 495 55
person 0.0292 0 130 9 163
person 0.0288 125 0 281 175
person 0.0281 5 133 31 165
person 0.0275 265 1 376 176
person 0.0267 13 136 41 166
person 0.0266 425 70 446 104
person 0.0264 402 64 497 322
person 0.0248 301 0 399 111
person 0.0245 164 2 247 112
person 0.0242 374 1 445 111
person 0.0238 434 195 489 300
person 0.0230 54 195 87 247
person 0.0230 449 0 499 29
person 0.0229 11 136 82 251
person 0.0227 276 38 374 259
person 0.0227 474 0 500 47
person 0.0224 267 0 346 112
person 0.0223 396 72 422 105
person 0.0223 418 71 451 117
person 0.0222 10 5 79 46
person 0.0222 83 0 150 54
person 0.0222 433 4 495 100
person 0.0219 190 0 214 22
person 0.0217 357 2 444 54
person 0.0214 242 0 304 71
person 0.0205 333 164 355 192
pottedplant 0.0349 105 38 171 159
pottedplant 0.0229 0 0 38 163
sofa 0.2126 136 1 468 333
sofa 0.0385 201 0 408 120
tvmonitor 0.0623 90 0 187 59
tvmonitor 0.0528 103 0 150 32
tvmonitor 0.0442 191 0 373 178
tvmonitor 0.0403 429 0 498 102
tvmonitor 0.0402 330 0 500 144
tvmonitor 0.0371 89 18 169 69
tvmonitor 0.0328 395 0 496 65
tvmonitor 0.0328 85 0 164 95
tvmonitor 0.0274 357 0 465 66
tvmonitor 0.0222 222 4 361 112
tvmonitor 0.0205 119 0 187 31
tvmonitor 0.0201 122 2 146 31
tvmonitor 0.0200 246 1 451 100
