aeroplane 0.8134 20 122 468 245
aeroplane 0.1393 20 126 258 235
aeroplane 0.1304 0 203 55 225
aeroplane 0.1115 0 211 47 228
aeroplane 0.0959 0 193 41 211
aeroplane 0.0779 10 130 153 226
aeroplane 0.0772 0 188 72 225
aeroplane 0.0746 277 143 472 248
aeroplane 0.0682 1 132 86 226
aeroplane 0.0632 0 198 48 217
aeroplane 0.0557 0 209 56 237
aeroplane 0.0539 0 199 23 227
aeroplane 0.0513 0 223 39 238
aeroplane 0.0477 160 166 460 250
aeroplane 0.0474 0 215 32 235
aeroplane 0.0420 0 192 22 216
aeroplane 0.0390 0 166 52 225
aeroplane 0.0365 32 161 338 249
aeroplane 0.0348 356 171 474 253
aeroplane 0.0344 0 178 105 230
aeroplane 0.0333 368 211 458 247
aeroplane 0.0308 303 59 471 256
aeroplane 0.0304 415 220 438 250
aeroplane 0.0302 6 31 500 258
aeroplane 0.0297 0 193 38 235
aeroplane 0.0292 18 128 93 196
aeroplane 0.0292 6 217 54 231
aeroplane 0.0264 150 185 310 245
aeroplane 0.0261 391 215 442 250
aeroplane 0.0261 0 218 20 242
aeroplane 0.0249 19 214 59 224
aeroplane 0.0239 19 208 61 221
aeroplane 0.0206 181 211 284 246
aeroplane 0.0206 35 131 111 167
car 0.0509 29 13 493 268
car 0.0508 416 222 438 250
car 0.0283 380 218 439 250
car 0.0243 241 0 470 252
person 0.1299 376 216 399 249
person 0.0549 372 218 390 250
person 0.0409 377 213 429 250
person 0.0409 183 212 200 245
person 0.0403 347 221 363 250
person 0.0342 363 212 404 250
person 0.0286 387 217 409 250
person 0.0263 181 0 475 265
person 0.0262 362 217 382 249
person 0.0255 0 124 241 231
person 0.0254 0 0 253 313
person 0.0235 353 219 391 250
person 0.0221 350 218 372 250
train 0.0250 0 86 500 375
