bicycle 0.3188 359 0 498 90
bicycle 0.1807 324 0 440 88
bicycle 0.1032 289 0 408 75
bicycle 0.0958 307 0 359 46
bicycle 0.0600 325 0 381 47
bicycle 0.0535 354 1 410 79
bicycle 0.0512 336 0 394 68
bicycle 0.0452 451 0 498 82
bicycle 0.0389 370 40 494 98
bicycle 0.0387 346 0 403 43
bicycle 0.0382 385 1 469 75
bicycle 0.0346 381 0 458 33
bicycle 0.0324 431 24 496 90
bicycle 0.0302 295 7 351 57
bicycle 0.0300 418 2 494 72
bicycle 0.0290 283 213 473 432
bicycle 0.0256 0 260 36 328
bicycle 0.0238 1 222 62 360
bicycle 0.0223 318 24 476 107
bicycle 0.0220 366 22 434 89
bicycle 0.0216 364 0 431 59
boat 0.0468 71 297 429 410
boat 0.0380 61 13 146 113
boat 0.0295 249 333 432 421
boat 0.0284 79 310 268 384
boat 0.0277 307 164 470 441
boat 0.0265 107 206 228 301
boat 0.0244 176 179 208 256
boat 0.0243 279 273 450 426
boat 0.0236 73 287 341 376
boat 0.0221 78 224 406 375
bottle 0.0597 111 180 198 299
bottle 0.0567 322 274 359 339
bottle 0.0508 100 28 135 84
bottle 0.0397 338 272 370 339
bottle 0.0381 328 287 350 334
bottle 0.0357 66 13 93 75
bottle 0.0346 135 145 215 296
bottle 0.0310 321 284 344 327
bottle 0.0306 129 213 172 278
bottle 0.0305 176 180 208 259
bottle 0.0303 348 285 364 337
bottle 0.0295 338 285 357 335
bottle 0.0272 113 209 166 258
bottle 0.0266 177 155 238 308
bottle 0.0258 96 131 238 359
bottle 0.0255 115 34 137 81
bottle 0.0241 200 215 233 306
bottle 0.0239 315 284 332 322
bottle 0.0233 319 253 376 341
bottle 0.0230 108 31 135 65
bottle 0.0229 316 276 352 321
bottle 0.0225 107 161 165 272
bottle 0.0209 310 285 325 318
bottle 0.0201 311 298 324 325
bottle 0.0200 136 218 167 250
car 0.2579 0 294 49 432
car 0.1765 429 151 500 306
car 0.1325 344 35 500 134
car 0.1305 359 131 500 309
car 0.1278 72 2 217 75
car 0.1034 224 0 360 66
car 0.1031 51 4 314 154
car 0.0933 422 68 498 142
car 0.0870 341 81 500 172
car 0.0845 272 1 354 45
car 0.0821 62 11 169 112
car 0.0803 270 0 500 109
car 0.0772 68 0 163 33
car 0.0757 97 3 299 88
car 0.0738 426 73 500 219
car 0.0655 450 218 498 311
car 0.0652 450 120 500 267
car 0.0633 442 54 500 106
car 0.0628 307 182 491 321
car 0.0621 0 303 47 370
car 0.0617 390 65 497 118
car 0.0612 69 6 166 58
car 0.0603 97 0 221 43
car 0.0591 68 0 213 140
car 0.0571 392 12 500 115
car 0.0546 132 0 242 76
car 0.0538 452 69 500 164
car 0.0514 356 79 491 128
car 0.0513 380 196 495 302
car 0.0502 458 69 500 96
car 0.0501 430 142 498 232
car 0.0452 148 1 229 39
car 0.0440 117 0 186 32
car 0.0436 117 0 500 136
car 0.0434 17 317 49 407
car 0.0428 480 40 500 81
car 0.0420 477 59 500 100
car 0.0420 1 304 40 333
car 0.0416 65 19 137 86
car 0.0413 373 109 500 201
car 0.0410 168 0 325 52
car 0.0409 430 203 493 283
car 0.0400 325 129 480 211
car 0.0396 445 27 500 93
car 0.0377 346 93 474 149
car 0.0358 434 125 496 197
car 0.0348 101 0 169 20
car 0.0338 262 0 427 69
car 0.0336 464 46 500 98
car 0.0335 369 148 500 221
car 0.0335 458 65 500 124
car 0.0332 83 22 175 72
car 0.0320 249 4 333 38
car 0.0314 123 11 225 126
car 0.0313 105 23 220 87
car 0.0311 326 175 485 261
car 0.0301 414 63 500 96
car 0.0295 458 133 500 212
car 0.0285 408 93 500 162
car 0.0285 371 0 445 35
car 0.0277 464 125 499 153
car 0.0276 425 255 498 307
car 0.0274 134 9 211 48
car 0.0263 415 165 490 209
car 0.0259 69 11 136 34
car 0.0257 293 0 382 37
car 0.0255 0 308 26 345
car 0.0255 412 211 500 333
car 0.0253 453 268 500 319
car 0.0244 280 14 337 45
car 0.0242 454 168 500 221
car 0.0240 423 74 500 110
car 0.0238 349 0 420 37
car 0.0238 62 45 139 138
car 0.0238 65 0 111 61
car 0.0233 415 166 488 255
car 0.0233 10 335 47 380
car 0.0231 97 0 160 48
car 0.0230 366 70 473 105
car 0.0223 458 291 500 317
car 0.0222 377 0 417 22
car 0.0221 438 76 484 96
car 0.0218 452 62 498 87
car 0.0217 450 79 498 102
car 0.0216 422 0 493 36
car 0.0215 74 6 129 26
car 0.0213 348 101 455 181
car 0.0213 458 0 500 57
car 0.0212 370 0 493 49
car 0.0206 0 290 58 335
car 0.0206 84 0 146 19
car 0.0204 468 45 498 75
chair 0.0208 393 208 479 337
motorbike 0.8405 19 0 438 432
motorbike 0.4664 310 57 483 333
motorbike 0.3293 223 18 473 378
motorbike 0.3175 344 3 497 110
motorbike 0.3094 0 295 49 431
motorbike 0.2995 319 3 496 209
motorbike 0.2396 31 6 205 261
motorbike 0.2115 48 6 388 199
motorbike 0.2005 303 0 434 100
motorbike 0.1696 274 1 393 116
motorbike 0.1593 367 95 497 313
motorbike 0.1582 22 40 139 280
motorbike 0.1464 295 0 379 67
motorbike 0.1427 57 5 228 149
motorbike 0.1404 167 0 484 154
motorbike 0.1232 82 10 497 279
motorbike 0.1219 292 0 355 34
motorbike 0.1110 258 0 361 74
motorbike 0.0879 54 26 158 220
motorbike 0.0874 81 5 280 259
motorbike 0.0841 322 153 468 305
motorbike 0.0820 16 76 97 269
motorbike 0.0799 12 98 204 310
motorbike 0.0797 249 4 402 242
motorbike 0.0785 155 4 370 123
motorbike 0.0765 63 17 145 135
motorbike 0.0720 317 0 359 42
motorbike 0.0693 39 98 160 247
motorbike 0.0688 218 0 494 92
motorbike 0.0676 4 248 66 416
motorbike 0.0662 0 242 45 384
motorbike 0.0621 270 3 338 39
motorbike 0.0619 105 49 232 293
motorbike 0.0614 269 139 480 417
motorbike 0.0604 1 298 43 372
motorbike 0.0546 309 3 361 98
motorbike 0.0541 162 14 376 264
motorbike 0.0531 336 97 496 206
motorbike 0.0512 448 99 500 311
motorbike 0.0488 412 0 497 129
motorbike 0.0461 80 109 200 247
motorbike 0.0446 13 157 140 297
motorbike 0.0445 246 120 477 296
motorbike 0.0434 325 0 379 96
motorbike 0.0429 238 6 353 110
motorbike 0.0428 329 62 473 176
motorbike 0.0424 94 7 288 112
motorbike 0.0418 296 24 461 136
motorbike 0.0406 120 137 215 296
motorbike 0.0397 0 29 336 307
motorbike 0.0396 28 67 178 176
motorbike 0.0377 3 302 35 333
motorbike 0.0363 24 221 194 302
motorbike 0.0362 303 9 347 33
motorbike 0.0362 313 111 430 274
motorbike 0.0356 90 142 245 230
motorbike 0.0355 37 113 387 364
motorbike 0.0349 269 77 392 312
motorbike 0.0344 8 164 82 345
motorbike 0.0343 286 12 331 34
motorbike 0.0337 301 187 432 390
motorbike 0.0336 40 65 126 215
motorbike 0.0330 63 182 219 312
motorbike 0.0329 0 276 39 339
motorbike 0.0325 0 172 48 445
motorbike 0.0325 189 5 345 78
motorbike 0.0290 82 68 248 166
motorbike 0.0290 97 88 168 233
motorbike 0.0284 12 215 457 441
motorbike 0.0268 0 0 84 352
motorbike 0.0268 0 259 28 327
motorbike 0.0268 89 131 279 318
motorbike 0.0266 285 10 345 57
motorbike 0.0260 0 276 24 316
motorbike 0.0257 275 181 389 304
motorbike 0.0257 139 17 318 200
motorbike 0.0247 10 281 138 418
motorbike 0.0244 401 0 484 34
motorbike 0.0240 263 70 415 172
motorbike 0.0238 377 189 477 339
motorbike 0.0226 138 119 255 250
motorbike 0.0224 61 27 118 103
motorbike 0.0223 145 141 219 219
motorbike 0.0223 325 211 453 335
motorbike 0.0219 116 152 403 312
motorbike 0.0219 36 115 106 237
motorbike 0.0215 251 19 341 67
motorbike 0.0213 383 0 500 62
motorbike 0.0211 124 132 164 203
motorbike 0.0208 249 86 443 217
motorbike 0.0206 27 99 116 191
motorbike 0.0206 111 136 189 217
motorbike 0.0204 325 6 364 35
motorbike 0.0203 198 38 397 175
person 0.1163 0 221 20 313
person 0.1137 315 0 358 48
person 0.1076 286 0 332 31
person 0.0968 2 221 19 272
person 0.0963 305 0 330 26
person 0.0907 292 0 354 63
person 0.0873 464 125 499 213
person 0.0866 68 2 204 142
person 0.0866 306 0 353 29
person 0.0864 193 3 367 89
person 0.0839 328 0 354 35
person 0.0823 165 0 211 20
person 0.0783 247 1 344 63
person 0.0769 444 112 500 294
person 0.0756 34 15 134 201
person 0.0741 0 244 25 339
person 0.0733 134 2 332 134
person 0.0731 441 73 500 224
person 0.0718 132 0 211 23
person 0.0715 62 18 95 88
person 0.0711 145 0 193 18
person 0.0710 217 2 302 63
person 0.0697 230 0 274 35
person 0.0674 40 0 276 315
person 0.0661 0 266 20 321
person 0.0644 329 0 376 50
person 0.0644 301 0 336 42
person 0.0633 14 30 93 234
person 0.0631 228 2 326 43
person 0.0604 1 226 36 318
person 0.0587 311 0 388 111
person 0.0583 118 0 269 99
person 0.0572 408 70 500 265
person 0.0567 280 0 317 23
person 0.0547 151 0 213 43
person 0.0547 144 3 229 66
person 0.0544 466 127 498 159
person 0.0532 111 0 268 202
person 0.0515 207 2 286 41
person 0.0513 137 0 182 29
person 0.0512 449 4 498 92
person 0.0502 70 9 148 98
person 0.0489 136 0 171 19
person 0.0486 281 4 339 50
person 0.0479 1 302 24 344
person 0.0475 464 105 499 172
person 0.0472 137 0 375 324
person 0.0457 61 16 121 110
person 0.0457 339 0 365 39
person 0.0451 168 0 231 27
person 0.0448 239 0 324 27
person 0.0439 169 0 290 77
person 0.0430 227 0 250 34
person 0.0430 8 318 48 419
person 0.0430 3 300 37 355
person 0.0428 0 220 44 389
person 0.0422 275 0 319 41
person 0.0422 475 0 500 79
person 0.0414 368 0 429 79
person 0.0412 70 35 93 84
person 0.0411 90 23 132 85
person 0.0410 346 0 394 50
person 0.0403 67 15 150 168
person 0.0401 183 11 285 167
person 0.0394 298 0 319 23
person 0.0393 267 7 353 129
person 0.0390 439 141 493 231
person 0.0390 111 0 173 36
person 0.0381 397 0 443 32
person 0.0377 309 17 414 188
person 0.0373 164 1 252 39
person 0.0373 187 0 362 184
person 0.0371 107 5 190 60
person 0.0368 155 0 180 20
person 0.0368 264 6 393 262
person 0.0367 196 2 268 59
person 0.0366 4 227 26 279
person 0.0366 180 0 212 30
person 0.0363 110 139 194 285
person 0.0363 61 41 86 86
person 0.0360 356 0 408 69
person 0.0360 463 130 487 169
person 0.0354 122 47 222 239
person 0.0352 116 0 163 17
person 0.0351 262 117 426 406
person 0.0347 204 0 257 34
person 0.0345 59 50 78 88
person 0.0345 383 0 472 25
person 0.0343 316 0 394 32
person 0.0338 0 248 12 315
person 0.0335 160 0 198 33
person 0.0330 96 2 158 70
person 0.0326 438 39 494 107
person 0.0325 472 128 500 180
person 0.0322 85 25 111 83
person 0.0317 275 0 298 24
person 0.0317 350 2 377 44
person 0.0313 219 0 242 31
person 0.0307 339 0 355 30
person 0.0307 4 296 30 331
person 0.0306 280 12 326 34
person 0.0305 183 0 234 50
person 0.0305 95 143 112 192
person 0.0305 0 311 22 365
person 0.0304 321 0 343 28
person 0.0304 21 325 48 384
person 0.0303 472 67 500 162
person 0.0302 266 0 288 24
person 0.0301 256 0 282 26
person 0.0300 284 159 377 317
person 0.0300 196 0 217 28
person 0.0298 464 123 486 154
person 0.0297 134 0 173 59
person 0.0296 1 274 32 333
person 0.0295 0 332 18 388
person 0.0295 213 0 299 127
person 0.0294 466 0 498 47
person 0.0293 337 88 461 260
person 0.0292 229 4 281 82
person 0.0291 396 0 457 77
person 0.0289 124 12 174 82
person 0.0289 6 302 50 379
person 0.0289 110 31 133 74
person 0.0287 0 305 32 420
person 0.0287 374 0 415 35
person 0.0286 230 41 383 374
person 0.0284 101 119 171 252
person 0.0283 100 25 154 97
person 0.0282 158 143 208 219
person 0.0282 0 80 104 411
person 0.0279 475 107 500 155
person 0.0278 14 24 160 386
person 0.0278 143 0 231 131
person 0.0277 290 0 333 16
person 0.0275 0 247 22 289
person 0.0274 68 16 91 63
person 0.0269 415 5 480 86
person 0.0269 457 181 475 215
person 0.0269 222 0 262 25
person 0.0266 2 223 18 248
person 0.0266 71 96 127 226
person 0.0265 110 134 157 220
person 0.0265 265 9 321 80
person 0.0264 14 3 112 145
person 0.0264 334 0 372 24
person 0.0263 309 7 343 57
person 0.0262 96 31 116 79
person 0.0261 171 24 296 256
person 0.0260 425 196 475 285
person 0.0260 145 3 172 39
person 0.0259 295 11 324 48
person 0.0259 425 119 476 197
person 0.0258 469 53 498 93
person 0.0257 365 0 404 46
person 0.0256 425 153 473 224
person 0.0256 13 304 40 342
person 0.0255 462 132 490 192
person 0.0254 73 62 152 215
person 0.0253 133 0 161 30
person 0.0252 133 14 208 76
person 0.0250 176 104 193 143
person 0.0248 92 100 145 224
person 0.0248 437 150 460 182
person 0.0248 173 3 209 51
person 0.0247 135 0 156 17
person 0.0246 128 141 161 202
person 0.0245 73 50 126 140
person 0.0245 455 135 475 171
person 0.0245 203 0 226 29
person 0.0245 142 142 217 275
person 0.0244 279 13 338 100
person 0.0244 166 0 185 18
person 0.0243 245 8 299 81
person 0.0241 406 0 461 20
person 0.0240 287 45 500 446
person 0.0240 7 90 38 208
person 0.0239 76 26 97 75
person 0.0239 477 81 500 140
person 0.0237 412 0 480 36
person 0.0236 87 42 105 84
person 0.0235 124 0 150 22
person 0.0235 98 141 128 219
person 0.0234 462 197 499 289
person 0.0232 151 89 246 269
person 0.0232 30 336 49 373
person 0.0231 99 0 157 23
person 0.0230 441 0 488 34
person 0.0229 0 0 46 199
person 0.0228 460 178 484 216
person 0.0224 470 42 497 80
person 0.0224 444 148 469 181
person 0.0224 256 0 296 36
person 0.0222 71 9 92 34
person 0.0221 437 130 495 184
person 0.0218 117 39 137 83
person 0.0217 6 222 59 301
person 0.0216 470 90 494 136
person 0.0216 451 128 482 178
person 0.0216 345 9 391 107
person 0.0214 78 50 99 87
person 0.0213 141 141 189 216
person 0.0213 438 176 460 209
person 0.0213 388 0 437 52
person 0.0212 90 104 118 138
person 0.0212 60 82 138 157
person 0.0212 139 137 162 178
person 0.0211 164 6 188 39
person 0.0211 479 168 499 218
person 0.0210 178 118 192 150
person 0.0209 378 118 475 269
person 0.0209 64 55 94 86
person 0.0209 305 16 331 55
person 0.0207 469 72 498 109
person 0.0206 3 255 27 307
person 0.0206 102 144 122 194
person 0.0206 287 13 331 68
person 0.0206 4 169 74 306
person 0.0205 48 0 106 101
person 0.0204 66 11 87 46
person 0.0202 104 93 163 211
person 0.0202 434 157 454 184
person 0.0201 237 0 256 25
person 0.0201 7 221 26 255
person 0.0201 115 0 141 24
person 0.0200 117 21 183 119
pottedplant 0.0345 287 182 456 428
pottedplant 0.0289 103 196 222 309
pottedplant 0.0289 363 9 439 97
pottedplant 0.0286 313 197 390 339
pottedplant 0.0230 238 146 398 427
tvmonitor 0.0363 462 135 499 221
tvmonitor 0.0260 311 194 391 333
