aeroplane 0.0502 0 0 468 375
bicycle 0.0863 288 5 322 59
bicycle 0.0281 294 18 321 50
bicycle 0.0233 225 57 496 336
bicycle 0.0200 289 22 316 80
boat 0.0280 22 16 500 333
boat 0.0201 0 119 42 140
bottle 0.1413 227 194 248 243
bottle 0.1170 236 204 252 243
bottle 0.1124 223 199 240 243
bottle 0.0724 215 204 233 242
bottle 0.0620 208 195 240 246
bottle 0.0550 124 17 135 61
bottle 0.0541 240 217 259 245
bottle 0.0524 91 13 103 50
bottle 0.0479 231 209 248 250
bottle 0.0436 128 20 142 59
bottle 0.0433 222 194 245 226
bottle 0.0426 218 200 256 247
bottle 0.0395 117 18 128 53
bottle 0.0351 232 195 254 234
bottle 0.0316 234 196 264 247
bottle 0.0291 239 218 253 256
bottle 0.0291 110 20 121 49
bottle 0.0279 113 16 131 63
bottle 0.0263 97 115 113 154
bottle 0.0258 86 14 98 51
bottle 0.0258 199 199 231 241
bottle 0.0254 217 214 244 260
bottle 0.0254 221 225 239 256
bottle 0.0253 95 16 107 50
bottle 0.0251 243 222 263 258
bottle 0.0243 134 24 149 57
bottle 0.0241 206 199 236 229
bottle 0.0235 238 204 278 262
bottle 0.0221 118 13 140 68
bottle 0.0218 249 220 269 245
bottle 0.0204 103 122 118 159
bottle 0.0202 231 239 246 264
bottle 0.0200 109 26 123 60
car 0.0530 0 124 42 142
car 0.0322 252 106 500 375
car 0.0217 0 128 45 155
car 0.0203 0 123 25 148
chair 0.5697 185 153 244 235
chair 0.1333 252 137 342 210
chair 0.1242 152 147 227 241
chair 0.1136 166 145 249 271
chair 0.1121 44 229 77 256
chair 0.1054 184 188 234 232
chair 0.1024 152 147 191 222
chair 0.0930 244 160 320 218
chair 0.0898 443 225 500 356
chair 0.0894 42 208 75 254
chair 0.0869 62 195 110 253
chair 0.0867 43 229 77 282
chair 0.0850 215 156 308 231
chair 0.0759 171 155 286 318
chair 0.0732 193 154 271 210
chair 0.0715 40 176 69 257
chair 0.0711 177 136 290 234
chair 0.0700 55 216 115 257
chair 0.0699 206 171 258 239
chair 0.0682 194 152 244 197
chair 0.0675 136 148 195 245
chair 0.0674 249 133 355 267
chair 0.0670 249 142 304 203
chair 0.0670 248 173 324 202
chair 0.0661 54 147 115 255
chair 0.0660 236 174 283 233
chair 0.0657 177 171 226 242
chair 0.0643 48 194 87 256
chair 0.0576 325 140 500 354
chair 0.0568 43 226 94 302
chair 0.0562 239 152 284 210
chair 0.0549 164 205 314 352
chair 0.0545 252 168 296 200
chair 0.0544 102 133 184 249
chair 0.0521 202 145 328 269
chair 0.0519 190 157 229 214
chair 0.0518 391 260 500 353
chair 0.0503 219 226 500 356
chair 0.0471 166 172 276 246
chair 0.0452 50 188 117 279
chair 0.0449 148 164 181 244
chair 0.0444 230 120 305 217
chair 0.0442 288 132 350 190
chair 0.0430 64 130 146 255
chair 0.0428 156 167 204 232
chair 0.0427 8 146 63 271
chair 0.0424 50 237 113 289
chair 0.0420 195 194 251 247
chair 0.0416 214 129 424 346
chair 0.0415 224 199 257 254
chair 0.0404 46 246 81 306
chair 0.0399 368 230 500 322
chair 0.0399 252 167 273 199
chair 0.0398 259 114 319 203
chair 0.0391 75 171 117 250
chair 0.0387 29 154 80 263
chair 0.0386 455 277 499 355
chair 0.0383 64 134 106 225
chair 0.0382 177 162 212 224
chair 0.0380 265 137 388 220
chair 0.0379 238 179 313 257
chair 0.0376 236 194 278 254
chair 0.0374 0 110 84 375
chair 0.0359 164 150 239 193
chair 0.0357 152 246 428 363
chair 0.0356 199 177 237 227
chair 0.0350 228 171 306 211
chair 0.0349 253 102 294 202
chair 0.0345 216 154 252 208
chair 0.0341 46 228 97 264
chair 0.0334 0 118 40 341
chair 0.0331 194 156 217 191
chair 0.0329 161 170 188 227
chair 0.0326 264 177 304 200
chair 0.0323 69 189 95 238
chair 0.0323 64 121 106 184
chair 0.0323 218 183 244 229
chair 0.0321 34 126 119 298
chair 0.0303 177 181 242 294
chair 0.0301 112 184 152 249
chair 0.0299 197 186 267 225
chair 0.0298 33 194 83 309
chair 0.0297 188 202 227 228
chair 0.0295 68 229 101 254
chair 0.0295 71 196 150 254
chair 0.0293 50 155 89 241
chair 0.0293 183 194 200 225
chair 0.0293 59 227 127 270
chair 0.0293 124 166 173 251
chair 0.0293 244 119 279 196
chair 0.0288 411 143 500 360
chair 0.0285 209 156 239 191
chair 0.0284 257 83 422 262
chair 0.0283 181 178 204 223
chair 0.0283 88 146 264 281
chair 0.0282 95 186 137 250
chair 0.0279 40 197 110 353
chair 0.0278 170 180 194 228
chair 0.0276 175 204 235 239
chair 0.0276 72 191 90 225
chair 0.0276 211 195 234 229
chair 0.0273 59 209 92 255
chair 0.0273 310 133 345 184
chair 0.0272 51 196 75 246
chair 0.0267 226 159 247 196
chair 0.0266 60 229 83 257
chair 0.0264 205 199 265 235
chair 0.0259 47 247 71 289
chair 0.0258 266 155 320 204
chair 0.0257 24 167 58 259
chair 0.0256 169 155 194 212
chair 0.0256 237 61 360 243
chair 0.0255 197 153 233 180
chair 0.0253 195 195 245 221
chair 0.0251 232 156 264 206
chair 0.0251 44 115 179 305
chair 0.0251 164 272 337 357
chair 0.0249 277 132 429 190
chair 0.0248 0 125 96 262
chair 0.0244 197 173 367 372
chair 0.0244 42 196 60 245
chair 0.0243 15 172 72 320
chair 0.0239 175 191 192 223
chair 0.0238 53 124 94 206
chair 0.0237 244 161 267 200
chair 0.0236 165 207 312 275
chair 0.0234 132 149 175 223
chair 0.0233 41 232 78 335
chair 0.0233 0 123 43 141
chair 0.0230 420 229 498 303
chair 0.0230 171 47 299 238
chair 0.0230 179 159 203 208
chair 0.0230 153 188 226 250
chair 0.0228 227 176 250 221
chair 0.0228 160 189 194 251
chair 0.0228 66 191 83 224
chair 0.0226 174 198 219 265
chair 0.0225 84 190 202 282
chair 0.0225 231 196 297 234
chair 0.0222 80 173 175 253
chair 0.0221 52 240 85 286
chair 0.0221 229 187 247 213
chair 0.0220 318 135 500 230
chair 0.0218 221 177 241 204
chair 0.0218 250 172 353 225
chair 0.0218 178 200 205 238
chair 0.0218 460 357 500 374
chair 0.0217 445 347 500 375
chair 0.0217 223 188 240 212
chair 0.0216 62 171 144 295
chair 0.0215 101 216 159 258
chair 0.0214 48 237 80 264
chair 0.0214 187 163 212 201
chair 0.0213 46 218 140 283
chair 0.0212 432 299 495 354
chair 0.0211 56 235 108 258
chair 0.0211 326 246 481 341
chair 0.0211 158 127 361 314
chair 0.0210 241 214 304 262
chair 0.0210 229 178 246 203
chair 0.0208 89 19 104 58
chair 0.0205 102 204 274 338
chair 0.0204 238 165 258 200
chair 0.0202 226 239 344 346
chair 0.0202 156 171 223 302
chair 0.0200 141 199 187 249
diningtable 0.0643 131 158 240 234
diningtable 0.0454 94 133 194 240
diningtable 0.0436 172 182 270 270
diningtable 0.0339 64 127 163 245
diningtable 0.0321 115 180 256 249
diningtable 0.0319 88 134 257 258
diningtable 0.0272 178 205 242 259
diningtable 0.0253 193 195 251 231
diningtable 0.0244 170 209 250 286
diningtable 0.0227 122 127 222 222
diningtable 0.0215 57 181 192 256
diningtable 0.0203 68 119 208 204
motorbike 0.0232 287 6 321 94
person 0.1240 42 178 61 238
person 0.0756 41 187 68 257
person 0.0559 47 192 63 234
person 0.0490 0 0 222 375
person 0.0430 0 0 500 366
person 0.0428 280 91 500 375
person 0.0389 0 105 56 375
person 0.0328 263 92 277 118
person 0.0316 83 60 96 87
person 0.0284 59 195 71 228
person 0.0275 288 5 321 74
person 0.0274 290 2 313 31
person 0.0261 49 186 78 247
person 0.0254 113 68 129 99
person 0.0250 40 191 55 232
person 0.0246 413 219 478 249
person 0.0236 301 14 322 50
person 0.0217 76 54 90 83
person 0.0217 293 49 318 94
person 0.0215 294 3 319 44
person 0.0215 100 116 112 130
person 0.0213 92 15 103 41
person 0.0213 107 66 122 95
person 0.0210 42 179 54 217
person 0.0204 90 63 103 87
pottedplant 0.0353 223 193 251 236
pottedplant 0.0245 98 114 113 140
pottedplant 0.0237 94 16 103 33
pottedplant 0.0213 233 190 268 241
pottedplant 0.0212 99 115 114 128
sofa 0.7327 245 131 500 311
sofa 0.0994 308 181 500 338
sofa 0.0807 250 129 432 252
sofa 0.0719 116 141 234 247
sofa 0.0609 188 208 489 353
sofa 0.0459 59 127 182 254
sofa 0.0440 247 146 353 242
sofa 0.0384 290 135 485 227
sofa 0.0371 302 227 492 304
sofa 0.0352 46 94 500 358
sofa 0.0351 145 150 276 239
sofa 0.0351 337 245 500 341
sofa 0.0283 235 164 379 297
sofa 0.0262 249 230 418 300
sofa 0.0251 250 123 393 199
sofa 0.0218 272 261 471 329
sofa 0.0217 259 168 414 232
tvmonitor 0.0813 43 167 57 209
tvmonitor 0.0771 0 131 51 288
tvmonitor 0.0668 63 120 103 162
tvmonitor 0.0653 149 146 191 208
tvmonitor 0.0568 60 120 107 201
tvmonitor 0.0510 39 161 61 240
tvmonitor 0.0485 2 141 45 235
tvmonitor 0.0448 13 149 59 264
tvmonitor 0.0431 37 158 72 259
tvmonitor 0.0396 40 155 60 202
tvmonitor 0.0394 46 122 110 254
tvmonitor 0.0354 24 134 84 264
tvmonitor 0.0335 148 145 189 178
tvmonitor 0.0332 112 143 200 234
tvmonitor 0.0323 0 124 45 160
tvmonitor 0.0301 0 131 48 189
tvmonitor 0.0289 88 11 105 51
tvmonitor 0.0286 0 127 73 227
tvmonitor 0.0278 61 118 126 175
tvmonitor 0.0277 95 123 178 249
tvmonitor 0.0272 163 149 188 186
tvmonitor 0.0264 13 136 54 213
tvmonitor 0.0244 43 172 54 196
tvmonitor 0.0236 107 116 152 174
tvmonitor 0.0236 83 121 108 162
tvmonitor 0.0230 243 227 301 263
tvmonitor 0.0230 106 123 158 216
tvmonitor 0.0227 113 157 145 187
tvmonitor 0.0226 42 180 62 214
tvmonitor 0.0225 239 197 312 264
tvmonitor 0.0225 120 160 137 188
tvmonitor 0.0223 169 150 193 201
tvmonitor 0.0222 113 161 127 188
tvmonitor 0.0222 156 145 189 165
tvmonitor 0.0214 76 116 153 235
tvmonitor 0.0213 153 161 185 222
tvmonitor 0.0204 129 157 145 187
