bicycle 0.0522 127 227 355 374
bicycle 0.0236 180 263 499 373
boat 0.0299 303 175 499 370
boat 0.0287 430 283 497 374
boat 0.0270 297 268 500 367
boat 0.0264 272 309 487 371
bottle 0.5987 444 313 494 375
bottle 0.1347 191 130 269 264
bottle 0.1112 206 171 262 212
bottle 0.0917 197 159 274 226
bottle 0.0890 462 314 492 364
bottle 0.0804 210 144 305 265
bottle 0.0769 180 164 255 289
bottle 0.0704 221 174 265 231
bottle 0.0669 318 353 374 375
bottle 0.0666 445 357 488 374
bottle 0.0649 204 225 237 287
bottle 0.0620 235 179 269 244
bottle 0.0587 307 349 339 375
bottle 0.0586 199 173 253 242
bottle 0.0584 248 197 271 248
bottle 0.0554 203 249 228 285
bottle 0.0549 404 320 500 375
bottle 0.0527 219 172 256 199
bottle 0.0525 459 314 486 346
bottle 0.0514 213 214 246 281
bottle 0.0506 483 312 500 375
bottle 0.0495 453 332 488 375
bottle 0.0474 197 192 230 264
bottle 0.0473 244 325 289 374
bottle 0.0470 181 166 304 238
bottle 0.0457 292 347 357 375
bottle 0.0456 207 173 266 271
bottle 0.0447 183 171 249 218
bottle 0.0436 181 138 304 213
bottle 0.0422 194 165 259 196
bottle 0.0410 225 225 251 275
bottle 0.0397 221 202 256 267
bottle 0.0382 233 234 255 268
bottle 0.0382 241 183 263 212
bottle 0.0381 446 321 468 356
bottle 0.0380 242 167 277 233
bottle 0.0377 211 182 249 209
bottle 0.0376 244 194 266 227
bottle 0.0375 232 174 259 206
bottle 0.0372 194 196 218 248
bottle 0.0366 210 236 233 277
bottle 0.0361 441 338 457 371
bottle 0.0357 207 182 239 222
bottle 0.0343 447 344 472 375
bottle 0.0342 479 342 499 375
bottle 0.0338 453 317 479 360
bottle 0.0333 210 188 249 257
bottle 0.0329 216 148 257 208
bottle 0.0329 231 162 267 214
bottle 0.0328 441 347 497 375
bottle 0.0324 210 210 234 268
bottle 0.0324 452 314 480 337
bottle 0.0323 210 171 233 202
bottle 0.0321 327 349 353 375
bottle 0.0318 466 339 490 375
bottle 0.0317 209 170 253 190
bottle 0.0314 340 351 367 375
bottle 0.0305 221 223 240 266
bottle 0.0304 284 156 318 239
bottle 0.0304 229 178 290 270
bottle 0.0302 207 194 235 249
bottle 0.0302 168 178 221 271
bottle 0.0302 241 303 304 375
bottle 0.0295 174 159 263 205
bottle 0.0293 192 174 224 237
bottle 0.0292 198 244 218 279
bottle 0.0292 204 228 225 273
bottle 0.0287 251 188 270 224
bottle 0.0286 421 256 493 370
bottle 0.0286 232 212 259 262
bottle 0.0284 217 195 264 245
bottle 0.0283 193 213 226 283
bottle 0.0282 201 187 230 234
bottle 0.0278 185 187 238 247
bottle 0.0273 256 327 283 364
bottle 0.0271 215 190 260 211
bottle 0.0269 240 206 269 258
bottle 0.0266 265 329 288 368
bottle 0.0265 262 336 344 375
bottle 0.0262 236 190 259 225
bottle 0.0262 196 194 215 229
bottle 0.0261 197 161 234 214
bottle 0.0259 205 211 224 253
bottle 0.0258 237 201 259 240
bottle 0.0257 279 148 313 208
bottle 0.0255 251 162 289 231
bottle 0.0252 439 307 500 349
bottle 0.0249 221 184 265 206
bottle 0.0249 241 230 263 259
bottle 0.0248 209 165 298 204
bottle 0.0245 239 174 264 198
bottle 0.0245 186 181 215 244
bottle 0.0244 299 229 318 262
bottle 0.0243 157 152 256 241
bottle 0.0243 204 177 228 208
bottle 0.0239 217 234 257 281
bottle 0.0237 218 245 239 283
bottle 0.0236 249 179 283 252
bottle 0.0234 227 184 252 215
bottle 0.0233 192 196 209 235
bottle 0.0231 200 173 229 196
bottle 0.0230 472 357 500 375
bottle 0.0228 234 238 269 258
bottle 0.0226 205 208 279 248
bottle 0.0224 196 150 278 196
bottle 0.0219 288 205 319 260
bottle 0.0219 441 329 459 361
bottle 0.0218 219 198 261 218
bottle 0.0218 474 315 499 345
bottle 0.0217 227 214 248 255
bottle 0.0216 219 204 239 241
bottle 0.0216 454 264 500 374
bottle 0.0215 193 326 295 372
bottle 0.0215 211 183 297 225
bottle 0.0213 235 146 282 216
bottle 0.0211 195 177 248 202
bottle 0.0209 252 226 272 257
bottle 0.0208 213 192 243 218
bottle 0.0208 308 224 322 263
bottle 0.0204 228 204 250 241
bottle 0.0203 226 170 264 191
bottle 0.0203 219 168 243 196
bottle 0.0203 189 139 244 203
car 0.0900 128 113 467 364
car 0.0816 323 143 498 353
car 0.0392 404 144 499 289
car 0.0325 239 328 300 375
car 0.0322 347 149 500 245
car 0.0299 0 95 41 170
car 0.0267 352 179 495 303
car 0.0235 20 72 184 132
car 0.0218 173 328 318 375
car 0.0217 64 73 244 137
car 0.0216 235 348 312 375
car 0.0215 6 40 229 136
car 0.0202 266 133 485 264
chair 0.0770 123 216 345 375
chair 0.0677 136 298 316 372
chair 0.0399 32 255 291 373
chair 0.0394 185 255 330 371
chair 0.0347 238 284 310 375
chair 0.0341 0 133 261 356
chair 0.0336 0 102 42 177
chair 0.0324 225 322 297 375
chair 0.0320 221 203 323 317
chair 0.0302 241 335 332 375
chair 0.0277 20 299 217 371
chair 0.0266 225 312 447 370
chair 0.0254 96 0 482 369
chair 0.0249 157 327 303 375
chair 0.0248 59 110 233 235
chair 0.0245 126 260 248 371
chair 0.0242 26 202 198 346
chair 0.0237 116 1 299 231
chair 0.0233 217 232 474 375
chair 0.0231 350 109 374 157
chair 0.0231 68 173 222 320
chair 0.0220 8 0 248 146
chair 0.0215 26 151 197 290
chair 0.0200 141 152 334 288
diningtable 0.0504 55 206 331 375
diningtable 0.0387 125 165 459 375
diningtable 0.0238 199 185 321 262
person 0.8847 148 107 318 371
person 0.1739 186 117 325 290
person 0.1564 4 79 366 375
person 0.1212 250 142 322 268
person 0.1045 196 128 420 373
person 0.0952 225 108 314 243
person 0.0864 297 131 494 355
person 0.0819 132 160 252 355
person 0.0806 86 97 291 276
person 0.0788 195 115 287 237
person 0.0636 191 165 258 295
person 0.0557 232 148 335 364
person 0.0551 215 159 307 285
person 0.0474 105 201 298 375
person 0.0467 148 36 476 367
person 0.0459 27 121 228 371
person 0.0459 158 130 258 285
person 0.0422 207 105 307 179
person 0.0397 161 175 234 297
person 0.0395 256 111 317 212
person 0.0384 242 326 290 374
person 0.0384 280 345 343 375
person 0.0373 154 96 179 130
person 0.0367 138 88 179 130
person 0.0360 131 146 230 272
person 0.0358 128 106 310 210
person 0.0358 266 144 315 226
person 0.0347 249 103 297 168
person 0.0342 219 105 296 142
person 0.0323 172 77 209 130
person 0.0316 254 339 359 374
person 0.0310 99 141 275 244
person 0.0308 156 80 195 132
person 0.0302 0 0 48 69
person 0.0296 221 101 401 258
person 0.0296 265 182 316 261
person 0.0292 137 232 233 375
person 0.0287 163 97 186 131
person 0.0281 257 194 320 300
person 0.0276 251 144 300 220
person 0.0275 173 96 195 130
person 0.0269 281 151 323 240
person 0.0268 70 153 223 290
person 0.0266 324 350 391 375
person 0.0265 235 107 284 179
person 0.0256 199 140 328 219
person 0.0251 189 113 273 186
person 0.0244 219 191 316 328
person 0.0241 132 98 157 129
person 0.0240 303 344 360 375
person 0.0239 192 206 233 286
person 0.0238 121 96 172 130
person 0.0238 188 91 208 127
person 0.0231 231 97 349 183
person 0.0228 229 188 291 282
person 0.0227 220 103 269 166
person 0.0226 252 90 500 280
person 0.0225 271 126 362 263
person 0.0217 223 236 309 375
person 0.0214 146 50 391 229
person 0.0211 294 199 323 263
person 0.0211 226 325 318 375
person 0.0209 203 211 280 282
person 0.0204 192 106 274 139
person 0.0204 228 109 312 156
person 0.0204 177 198 216 278
person 0.0202 453 311 492 364
person 0.0201 344 357 395 375
person 0.0201 182 110 289 158
person 0.0200 2 0 95 126
pottedplant 0.0364 393 314 499 374
pottedplant 0.0354 374 106 403 162
pottedplant 0.0339 282 344 383 373
pottedplant 0.0288 350 108 374 158
sofa 0.1472 0 89 390 373
sofa 0.0687 0 34 296 254
sofa 0.0446 12 0 227 196
sofa 0.0404 0 105 42 180
sofa 0.0397 3 61 168 275
sofa 0.0379 4 71 276 179
sofa 0.0377 10 73 212 141
sofa 0.0375 35 116 308 311
sofa 0.0365 0 16 319 144
sofa 0.0308 0 0 500 192
sofa 0.0268 10 123 139 310
sofa 0.0262 6 0 157 143
sofa 0.0261 50 48 363 164
sofa 0.0256 23 125 198 258
sofa 0.0251 44 89 235 206
sofa 0.0237 82 0 484 350
sofa 0.0224 20 111 205 186
sofa 0.0215 3 100 84 243
tvmonitor 0.0387 243 327 292 375
tvmonitor 0.0309 0 0 83 165
tvmonitor 0.0300 0 0 53 126
tvmonitor 0.0206 253 336 312 375
