bus 0.9446 65 66 428 291
bus 0.3174 385 103 455 265
bus 0.2875 386 185 448 263
bus 0.2350 345 91 443 263
bus 0.1814 370 102 434 213
bus 0.1455 406 100 484 264
bus 0.1435 277 72 440 243
bus 0.1327 437 123 499 263
bus 0.1234 181 64 403 243
bus 0.0863 451 187 497 264
bus 0.0837 301 94 418 214
bus 0.0640 395 110 446 212
bus 0.0613 348 111 421 193
bus 0.0490 389 164 489 258
bus 0.0441 69 65 259 279
bus 0.0421 313 127 407 275
bus 0.0396 265 101 397 279
bus 0.0386 358 190 479 264
bus 0.0377 377 106 414 185
bus 0.0360 384 6 500 263
bus 0.0341 69 87 158 218
bus 0.0336 403 128 433 197
bus 0.0311 309 109 500 268
bus 0.0311 391 112 428 193
bus 0.0309 246 65 410 189
bus 0.0294 75 60 383 185
bus 0.0290 190 117 470 280
bus 0.0251 407 135 449 234
bus 0.0243 291 83 377 192
bus 0.0240 467 212 499 262
bus 0.0232 420 120 473 226
bus 0.0226 305 86 455 175
bus 0.0220 336 173 437 250
bus 0.0215 157 69 298 254
bus 0.0208 421 210 498 263
bus 0.0204 405 185 450 242
bus 0.0200 331 133 432 234
car 0.1649 385 183 449 261
car 0.0822 318 185 387 212
car 0.0667 310 121 387 212
car 0.0526 461 248 499 263
car 0.0447 386 188 445 228
car 0.0444 391 173 415 195
car 0.0410 456 209 500 263
car 0.0408 291 184 389 224
car 0.0406 389 175 401 201
car 0.0395 363 121 402 199
car 0.0384 308 114 428 190
car 0.0381 392 181 429 197
car 0.0345 308 172 375 213
car 0.0295 390 188 434 203
car 0.0293 306 178 390 275
car 0.0292 322 184 373 203
car 0.0292 393 161 424 193
car 0.0284 333 143 393 204
car 0.0284 382 176 394 203
car 0.0284 481 235 498 261
car 0.0282 316 164 384 233
car 0.0273 263 161 397 222
car 0.0266 479 219 499 262
car 0.0261 339 192 445 277
car 0.0248 389 246 432 261
car 0.0247 366 211 392 267
car 0.0245 489 230 500 264
car 0.0243 384 171 439 205
car 0.0239 340 195 390 261
car 0.0234 336 178 390 229
car 0.0231 397 175 434 194
car 0.0230 388 185 406 205
car 0.0228 385 220 449 259
car 0.0228 260 202 394 286
car 0.0223 389 181 412 197
car 0.0219 382 166 409 197
car 0.0217 388 191 438 212
car 0.0216 486 245 500 264
car 0.0215 344 126 413 211
car 0.0213 301 157 378 201
car 0.0209 322 186 397 248
car 0.0208 381 185 398 206
car 0.0204 242 181 399 236
person 0.1771 256 118 305 200
person 0.1226 308 123 372 197
person 0.1209 262 115 356 200
person 0.1103 308 135 343 190
person 0.1048 210 146 234 196
person 0.1010 222 160 236 196
person 0.0878 216 165 231 200
person 0.0866 338 128 375 187
person 0.0834 190 151 207 197
person 0.0828 277 125 322 195
person 0.0736 350 140 386 190
person 0.0723 389 160 401 194
person 0.0688 311 152 336 190
person 0.0675 370 153 387 191
person 0.0633 263 120 295 174
person 0.0627 327 117 393 199
person 0.0626 242 119 287 198
person 0.0614 209 157 226 197
person 0.0603 191 145 227 200
person 0.0583 255 144 292 201
person 0.0564 362 144 392 195
person 0.0561 233 111 299 231
person 0.0554 296 127 334 190
person 0.0553 380 162 393 195
person 0.0549 231 138 263 197
person 0.0518 374 150 397 194
person 0.0514 260 165 279 201
person 0.0510 393 161 410 193
person 0.0504 361 152 382 189
person 0.0496 385 147 405 194
person 0.0483 228 163 243 195
person 0.0471 246 171 263 199
person 0.0461 343 148 372 188
person 0.0454 151 139 166 169
person 0.0453 268 120 289 157
person 0.0449 226 147 250 195
person 0.0446 294 147 323 195
person 0.0444 196 157 212 198
person 0.0444 399 162 418 193
person 0.0441 379 130 411 194
person 0.0421 220 145 237 187
person 0.0420 166 137 188 168
person 0.0401 255 118 286 165
person 0.0390 239 159 255 193
person 0.0379 177 139 207 198
person 0.0376 243 159 266 201
person 0.0376 319 136 357 188
person 0.0373 191 139 207 178
person 0.0373 250 153 274 200
person 0.0368 158 138 177 168
person 0.0367 220 120 273 209
person 0.0362 254 172 271 200
person 0.0360 224 174 240 200
person 0.0355 275 122 304 173
person 0.0333 393 130 426 196
person 0.0333 339 155 359 188
person 0.0330 185 144 203 181
person 0.0329 196 145 213 184
person 0.0328 411 158 426 194
person 0.0326 249 122 277 176
person 0.0320 237 175 259 196
person 0.0317 148 140 161 176
person 0.0314 329 125 365 178
person 0.0314 324 146 368 199
person 0.0306 230 168 263 198
person 0.0300 212 168 234 217
person 0.0288 289 132 316 188
person 0.0287 207 128 243 199
person 0.0287 369 138 387 180
person 0.0285 207 144 227 175
person 0.0284 292 156 312 197
person 0.0282 256 119 284 146
person 0.0281 153 129 184 168
person 0.0279 416 156 433 196
person 0.0278 201 155 232 216
person 0.0275 242 145 263 190
person 0.0274 269 146 310 204
person 0.0273 230 176 248 200
person 0.0273 282 123 302 157
person 0.0273 408 144 429 196
person 0.0267 245 176 277 203
person 0.0266 168 138 199 179
person 0.0265 392 144 410 185
person 0.0265 382 173 398 195
person 0.0260 318 124 348 172
person 0.0258 249 81 329 195
person 0.0257 244 180 266 207
person 0.0254 236 136 256 182
person 0.0244 225 167 246 207
person 0.0240 193 163 217 211
person 0.0239 389 153 418 190
person 0.0237 401 146 417 185
person 0.0235 252 143 272 182
person 0.0235 240 126 267 182
person 0.0234 197 169 218 198
person 0.0231 187 162 203 200
person 0.0228 258 150 280 189
person 0.0225 480 143 500 224
person 0.0223 358 128 383 180
person 0.0222 353 134 374 171
person 0.0219 307 160 329 197
person 0.0216 315 132 336 173
person 0.0215 230 139 247 179
person 0.0213 372 127 400 184
person 0.0212 190 170 209 213
person 0.0212 219 160 258 201
person 0.0211 292 124 311 162
person 0.0211 302 153 345 200
person 0.0211 364 136 380 170
person 0.0210 269 122 286 144
person 0.0207 183 134 202 169
person 0.0206 146 132 163 167
person 0.0206 158 129 203 171
person 0.0206 293 143 362 190
person 0.0204 283 124 366 175
person 0.0204 267 119 331 171
person 0.0203 345 131 368 169
person 0.0202 262 136 304 183
person 0.0201 208 174 229 200
person 0.0201 294 122 320 171
pottedplant 0.0227 444 105 500 271
pottedplant 0.0204 198 302 399 375
train 0.0314 387 189 449 221
train 0.0289 74 187 405 290
train 0.0239 84 81 500 298
train 0.0205 333 190 437 243
tvmonitor 0.0379 264 100 377 190
tvmonitor 0.0350 297 121 401 194
tvmonitor 0.0299 376 105 413 182
tvmonitor 0.0226 428 102 495 244
tvmonitor 0.0218 356 0 493 243
tvmonitor 0.0213 210 109 300 201
