aeroplane 0.0223 0 5 483 334
bicycle 0.0250 419 308 469 334
bicycle 0.0217 9 266 116 334
bird 0.0354 106 0 487 308
bird 0.0220 102 0 477 137
boat 0.0254 37 222 220 329
bottle 0.0437 151 135 184 194
bottle 0.0208 170 164 183 196
car 0.0497 359 286 396 314
car 0.0414 3 228 18 259
car 0.0345 145 128 235 217
car 0.0329 9 231 27 256
car 0.0326 0 307 24 334
car 0.0303 16 240 46 254
car 0.0300 355 280 412 320
car 0.0285 182 115 217 128
car 0.0275 0 306 47 334
car 0.0271 362 298 394 319
car 0.0268 421 316 468 333
car 0.0266 25 237 47 252
car 0.0256 19 236 35 254
car 0.0248 6 224 196 334
car 0.0245 0 225 22 269
car 0.0232 187 112 213 125
car 0.0232 2 301 78 333
car 0.0227 142 104 261 191
car 0.0225 3 230 31 263
car 0.0224 9 237 50 256
car 0.0218 361 295 413 333
car 0.0216 366 301 405 316
car 0.0207 0 316 37 334
car 0.0206 153 114 240 146
car 0.0203 177 107 218 127
chair 0.0304 30 266 147 334
chair 0.0261 59 295 138 332
chair 0.0259 56 273 119 333
cow 0.0274 260 253 350 312
dog 0.0462 266 258 321 297
dog 0.0228 260 252 362 302
motorbike 0.0231 24 254 156 334
person 0.7589 53 216 131 334
person 0.0963 63 215 185 323
person 0.0878 48 217 113 291
person 0.0821 217 198 232 232
person 0.0725 70 217 125 282
person 0.0683 70 219 107 236
person 0.0659 68 217 120 250
person 0.0658 55 218 76 244
person 0.0610 74 249 136 334
person 0.0594 187 143 227 192
person 0.0570 147 130 232 239
person 0.0562 60 218 93 235
person 0.0539 48 224 81 283
person 0.0522 423 262 471 334
person 0.0518 39 237 74 292
person 0.0514 198 168 227 192
person 0.0507 62 217 85 243
person 0.0497 71 218 95 243
person 0.0494 46 216 104 259
person 0.0487 129 207 229 305
person 0.0474 218 193 242 234
person 0.0446 215 240 230 283
person 0.0433 212 164 230 189
person 0.0426 92 221 134 292
person 0.0413 47 243 70 282
person 0.0412 45 252 62 282
person 0.0411 357 197 371 227
person 0.0411 225 180 251 232
person 0.0402 182 162 201 191
person 0.0401 23 236 106 332
person 0.0400 266 257 315 298
person 0.0397 195 154 219 188
person 0.0390 50 221 72 251
person 0.0388 25 165 148 321
person 0.0386 188 162 210 190
person 0.0385 151 248 183 306
person 0.0380 197 237 230 298
person 0.0374 85 221 123 262
person 0.0364 207 240 225 282
person 0.0351 170 139 221 201
person 0.0347 213 198 226 227
person 0.0342 179 149 208 190
person 0.0342 93 269 132 334
person 0.0339 49 253 91 331
person 0.0336 220 207 237 238
person 0.0335 85 230 158 332
person 0.0328 76 219 104 248
person 0.0324 155 136 189 194
person 0.0321 236 178 253 218
person 0.0321 202 159 226 187
person 0.0320 386 300 407 332
person 0.0318 60 220 75 234
person 0.0316 66 288 133 334
person 0.0314 175 119 258 230
person 0.0310 215 192 230 221
person 0.0308 136 242 153 277
person 0.0304 422 310 465 334
person 0.0298 143 130 191 219
person 0.0298 202 110 216 126
person 0.0297 210 183 232 226
person 0.0295 383 290 419 333
person 0.0294 91 219 118 247
person 0.0290 173 164 192 191
person 0.0289 197 239 217 276
person 0.0289 70 268 112 334
person 0.0287 37 250 74 321
person 0.0286 40 263 121 334
person 0.0285 53 218 105 243
person 0.0285 196 165 229 222
person 0.0278 266 261 289 296
person 0.0274 211 158 246 230
person 0.0273 212 171 230 201
person 0.0270 106 224 160 304
person 0.0269 128 241 146 277
person 0.0267 224 141 257 220
person 0.0265 95 229 125 277
person 0.0265 48 230 70 268
person 0.0263 189 148 212 183
person 0.0260 41 209 168 287
person 0.0257 170 148 195 190
person 0.0255 146 120 184 186
person 0.0255 184 201 197 225
person 0.0254 139 236 184 296
person 0.0252 49 213 84 250
person 0.0252 169 159 184 191
person 0.0251 270 268 299 298
person 0.0250 24 0 180 284
person 0.0249 206 137 247 201
person 0.0249 420 278 454 333
person 0.0248 76 218 102 231
person 0.0244 66 220 83 233
person 0.0244 173 158 231 190
person 0.0243 407 227 493 334
person 0.0242 56 0 240 209
person 0.0241 91 242 125 321
person 0.0240 392 268 426 330
person 0.0240 26 238 44 253
person 0.0240 413 295 477 334
person 0.0236 222 189 240 222
person 0.0236 73 219 92 233
person 0.0236 215 182 229 211
person 0.0236 100 228 124 259
person 0.0235 147 120 211 199
person 0.0234 482 170 498 204
person 0.0233 218 213 231 244
person 0.0233 277 263 308 296
person 0.0231 139 239 161 270
person 0.0230 113 220 156 274
person 0.0229 127 238 159 285
person 0.0226 138 200 152 225
person 0.0225 46 243 60 272
person 0.0225 141 247 160 281
person 0.0224 174 141 192 176
person 0.0222 0 218 126 309
person 0.0222 412 185 426 228
person 0.0220 121 237 140 269
person 0.0219 151 247 170 282
person 0.0218 373 273 420 325
person 0.0217 215 209 226 233
person 0.0215 182 166 221 186
person 0.0215 432 282 486 334
person 0.0215 164 150 185 195
person 0.0213 181 144 201 176
person 0.0212 423 303 445 332
person 0.0210 191 239 211 273
person 0.0209 45 234 59 254
person 0.0207 195 113 218 128
person 0.0205 287 259 323 296
person 0.0203 116 224 185 318
person 0.0202 102 220 122 247
person 0.0201 179 239 222 298
pottedplant 0.0751 419 254 479 334
pottedplant 0.0399 443 254 497 334
pottedplant 0.0336 412 261 454 332
pottedplant 0.0235 389 268 500 334
pottedplant 0.0228 265 319 316 334
pottedplant 0.0224 412 301 496 333
pottedplant 0.0206 273 107 304 128
pottedplant 0.0204 457 281 499 334
sheep 0.0355 140 0 500 307
sheep 0.0219 152 0 495 125
sheep 0.0216 238 0 459 207
train 0.8294 119 109 493 311
train 0.1353 136 118 284 300
train 0.1226 139 113 464 229
train 0.0794 131 171 233 296
train 0.0775 138 200 438 313
train 0.0578 137 119 230 255
train 0.0505 125 225 274 297
train 0.0413 88 109 225 311
train 0.0397 139 110 275 219
train 0.0383 354 129 493 327
train 0.0383 47 213 234 324
train 0.0381 402 145 496 265
train 0.0379 81 30 391 245
train 0.0376 0 22 500 334
train 0.0340 212 248 369 315
train 0.0306 91 213 327 311
train 0.0284 295 117 495 262
train 0.0274 144 106 401 186
train 0.0271 132 217 203 295
train 0.0264 41 2 270 213
train 0.0250 249 141 481 329
train 0.0248 265 249 437 319
train 0.0248 39 108 183 326
train 0.0242 173 165 456 265
train 0.0234 211 233 484 324
train 0.0219 405 187 494 325
train 0.0217 26 117 372 285
