bird 0.0512 158 404 203 457
bird 0.0460 93 363 395 490
bird 0.0403 242 4 384 157
bird 0.0389 277 131 400 500
bird 0.0383 146 404 209 482
bird 0.0356 129 370 209 467
bird 0.0356 217 275 270 319
bird 0.0353 269 342 398 496
bird 0.0349 0 84 70 166
bird 0.0337 109 380 263 481
bird 0.0324 164 235 197 309
bird 0.0320 83 274 294 478
bird 0.0318 165 227 233 309
bird 0.0311 129 185 247 486
bird 0.0291 191 300 399 495
bird 0.0280 210 405 384 496
bird 0.0277 213 279 229 322
bird 0.0254 185 374 354 480
bird 0.0254 75 399 314 496
bird 0.0250 172 190 298 487
bird 0.0241 203 176 396 428
bird 0.0238 174 182 245 340
bird 0.0235 193 236 281 357
bird 0.0234 160 212 271 390
bird 0.0232 289 60 399 335
bird 0.0231 276 20 398 217
bird 0.0229 209 289 223 323
bird 0.0226 323 286 399 490
bird 0.0226 197 262 278 320
bird 0.0221 126 411 234 493
bird 0.0218 154 367 249 468
bird 0.0216 161 322 318 478
bird 0.0216 202 223 234 312
bird 0.0215 87 326 228 479
bird 0.0212 158 234 217 434
bird 0.0211 217 217 234 259
bird 0.0210 177 236 247 431
bird 0.0210 219 56 363 394
bird 0.0210 201 216 333 383
bird 0.0209 152 101 270 454
bird 0.0208 157 368 204 450
boat 0.0230 340 63 399 199
bottle 0.0295 304 381 400 499
bottle 0.0280 32 0 378 144
bottle 0.0241 365 389 399 499
bottle 0.0234 288 17 395 175
bottle 0.0232 332 62 399 174
bottle 0.0217 314 207 400 491
bottle 0.0210 364 67 399 172
bottle 0.0206 0 108 49 161
car 0.0504 0 4 72 61
car 0.0471 0 4 125 73
car 0.0442 0 3 69 157
car 0.0326 26 2 91 32
car 0.0301 0 0 38 78
car 0.0297 0 348 65 497
car 0.0289 0 0 114 43
car 0.0275 0 81 78 156
car 0.0247 0 451 73 499
car 0.0229 0 412 98 498
car 0.0214 1 11 34 129
car 0.0210 37 2 85 21
car 0.0204 0 388 40 499
car 0.0204 142 171 190 211
cat 0.0339 113 318 400 499
cat 0.0236 224 0 400 220
chair 0.0806 0 6 266 167
chair 0.0671 91 6 352 159
chair 0.0541 18 3 257 95
chair 0.0461 0 12 156 240
chair 0.0445 129 1 335 103
chair 0.0440 218 6 356 151
chair 0.0428 0 25 93 394
chair 0.0387 1 22 81 196
chair 0.0387 77 2 208 85
chair 0.0349 141 0 213 98
chair 0.0346 229 0 317 92
chair 0.0331 161 1 258 100
chair 0.0329 7 12 175 125
chair 0.0305 252 0 328 132
chair 0.0298 132 10 246 130
chair 0.0293 0 77 87 160
chair 0.0281 0 2 52 162
chair 0.0277 193 6 283 113
chair 0.0268 245 0 385 219
chair 0.0265 186 0 341 220
chair 0.0263 1 73 74 298
chair 0.0241 241 0 380 105
chair 0.0238 164 0 296 62
chair 0.0230 41 0 202 49
chair 0.0225 243 11 295 119
chair 0.0223 242 0 320 48
chair 0.0218 160 42 276 123
chair 0.0210 149 0 283 161
chair 0.0205 264 3 336 79
chair 0.0200 124 121 213 219
person 0.0473 272 1 394 165
person 0.0395 327 1 397 195
person 0.0376 277 0 400 330
person 0.0359 0 20 69 163
person 0.0336 0 77 86 178
person 0.0333 0 480 37 500
person 0.0295 0 0 117 185
person 0.0280 0 84 33 159
person 0.0275 327 368 400 497
person 0.0246 311 0 397 105
person 0.0244 0 93 66 159
person 0.0239 305 125 400 500
person 0.0235 333 71 400 301
person 0.0234 0 461 36 500
person 0.0218 364 403 400 500
person 0.0200 350 0 394 79
pottedplant 0.5919 0 8 396 500
pottedplant 0.1244 4 31 184 498
pottedplant 0.0895 10 0 369 229
pottedplant 0.0697 24 243 400 499
pottedplant 0.0591 0 152 128 496
pottedplant 0.0587 225 40 400 494
pottedplant 0.0565 0 7 164 302
pottedplant 0.0548 32 10 279 133
pottedplant 0.0518 93 1 328 173
pottedplant 0.0499 1 274 183 496
pottedplant 0.0433 52 68 263 209
pottedplant 0.0391 50 0 219 253
pottedplant 0.0380 116 0 258 248
pottedplant 0.0362 5 28 237 178
pottedplant 0.0360 0 5 96 410
pottedplant 0.0348 123 87 213 209
pottedplant 0.0335 152 22 349 232
pottedplant 0.0329 2 353 264 490
pottedplant 0.0328 2 259 78 493
pottedplant 0.0316 0 55 116 247
pottedplant 0.0315 134 87 284 195
pottedplant 0.0298 239 13 400 296
pottedplant 0.0293 129 36 314 410
pottedplant 0.0278 59 192 200 487
pottedplant 0.0277 0 409 178 496
pottedplant 0.0276 132 44 246 176
pottedplant 0.0267 35 94 192 199
pottedplant 0.0264 73 67 249 460
pottedplant 0.0259 59 102 374 345
pottedplant 0.0258 152 56 321 158
pottedplant 0.0252 0 345 118 496
pottedplant 0.0247 2 142 72 379
pottedplant 0.0231 88 100 197 234
pottedplant 0.0226 158 60 230 199
pottedplant 0.0224 11 198 100 417
pottedplant 0.0215 22 98 134 365
pottedplant 0.0211 194 24 279 183
pottedplant 0.0207 94 26 187 194
pottedplant 0.0201 70 65 156 226
sheep 0.0266 49 406 226 494
train 0.0296 0 0 391 166
tvmonitor 0.0221 0 0 362 157
