aeroplane 0.0616 160 103 217 129
aeroplane 0.0407 163 101 206 117
aeroplane 0.0318 0 55 488 213
boat 0.7126 0 106 425 199
boat 0.1153 0 28 461 206
boat 0.0978 0 124 267 207
boat 0.0899 17 95 175 195
boat 0.0841 160 104 220 133
boat 0.0759 162 103 207 122
boat 0.0666 175 111 447 174
boat 0.0573 9 109 131 162
boat 0.0548 148 173 221 200
boat 0.0502 18 81 205 153
boat 0.0475 64 95 302 193
boat 0.0432 3 138 146 202
boat 0.0366 23 84 117 178
boat 0.0328 41 114 126 149
boat 0.0314 7 133 106 165
boat 0.0300 271 119 442 190
boat 0.0292 162 181 214 199
boat 0.0271 12 156 241 202
boat 0.0250 7 124 114 186
boat 0.0248 36 95 462 258
boat 0.0241 9 120 89 156
boat 0.0237 143 169 286 200
boat 0.0222 34 131 132 161
boat 0.0221 0 165 162 222
boat 0.0220 0 185 77 206
boat 0.0218 82 91 391 159
boat 0.0218 135 150 321 199
boat 0.0215 4 141 91 176
boat 0.0210 69 87 265 143
boat 0.0209 174 127 437 208
boat 0.0209 215 89 434 147
boat 0.0208 249 0 435 199
boat 0.0204 340 95 433 186
bottle 0.0736 78 116 118 142
bottle 0.0492 164 103 202 132
bottle 0.0344 101 117 121 143
bottle 0.0320 70 127 114 144
bottle 0.0256 54 122 121 146
motorbike 0.1184 13 96 126 151
person 0.6740 35 74 101 143
person 0.2316 22 78 123 169
person 0.1448 37 75 84 122
person 0.1282 33 88 72 144
person 0.1245 166 106 227 133
person 0.1177 31 103 123 147
person 0.1092 194 108 235 132
person 0.1038 153 142 173 178
person 0.0804 163 113 207 135
person 0.0701 37 82 168 140
person 0.0669 82 115 118 142
person 0.0660 33 100 58 142
person 0.0622 182 112 216 133
person 0.0569 55 84 87 132
person 0.0515 14 95 92 152
person 0.0512 39 79 64 113
person 0.0478 37 75 67 96
person 0.0473 57 89 104 143
person 0.0450 153 101 237 143
person 0.0439 164 115 189 136
person 0.0431 48 117 119 143
person 0.0431 163 104 194 131
person 0.0411 36 106 81 140
person 0.0393 101 116 120 140
person 0.0390 64 86 86 120
person 0.0385 189 116 208 136
person 0.0384 9 78 81 138
person 0.0378 201 108 235 155
person 0.0353 52 79 79 113
person 0.0348 32 81 61 126
person 0.0335 30 50 119 135
person 0.0333 41 76 85 98
person 0.0325 138 103 246 167
person 0.0322 193 114 222 135
person 0.0305 75 89 117 143
person 0.0298 147 147 163 174
person 0.0297 26 107 52 146
person 0.0297 65 86 96 129
person 0.0294 62 100 231 143
person 0.0282 162 107 180 130
person 0.0281 56 82 88 108
person 0.0275 44 109 69 139
person 0.0269 63 76 122 134
person 0.0268 57 111 164 147
person 0.0266 29 108 46 138
person 0.0264 35 78 57 105
person 0.0258 150 107 217 185
person 0.0254 149 138 181 195
person 0.0243 64 128 111 144
person 0.0237 39 89 109 122
person 0.0237 36 98 163 203
person 0.0237 213 129 231 164
person 0.0237 43 73 104 111
person 0.0233 140 152 152 170
person 0.0232 210 112 233 145
person 0.0226 11 77 231 179
person 0.0210 153 132 188 178
person 0.0210 68 85 92 112
person 0.0207 62 94 142 142
person 0.0207 39 83 79 105
person 0.0205 160 142 182 173
person 0.0205 188 140 209 168
person 0.0203 25 124 47 149
