aeroplane 0.0284 40 19 60 43
aeroplane 0.0227 42 24 70 47
bicycle 0.0768 261 342 322 379
bird 0.0249 42 16 257 142
boat 0.6956 48 30 354 413
boat 0.2610 178 349 318 413
boat 0.2050 230 318 337 405
boat 0.1653 42 28 114 209
boat 0.1274 45 32 79 120
boat 0.1172 45 22 161 302
boat 0.1101 242 355 322 410
boat 0.1089 77 253 336 402
boat 0.0994 136 316 327 406
boat 0.0961 253 331 325 392
boat 0.0854 228 374 308 412
boat 0.0667 42 20 89 152
boat 0.0649 44 35 261 229
boat 0.0618 38 23 162 137
boat 0.0529 263 347 315 377
boat 0.0502 54 35 216 365
boat 0.0498 260 345 306 396
boat 0.0497 189 366 300 406
boat 0.0466 50 31 68 113
boat 0.0441 265 343 340 408
boat 0.0438 23 24 79 202
boat 0.0428 42 24 102 101
boat 0.0422 123 152 312 405
boat 0.0367 34 8 124 114
boat 0.0353 250 386 310 414
boat 0.0349 252 367 303 405
boat 0.0329 189 287 346 396
boat 0.0315 23 9 221 171
boat 0.0309 38 19 65 102
boat 0.0301 82 14 392 236
boat 0.0296 55 45 169 203
boat 0.0294 56 33 72 93
boat 0.0282 58 44 78 116
boat 0.0274 0 317 41 364
boat 0.0270 0 324 17 367
boat 0.0264 40 17 84 73
boat 0.0263 87 0 277 339
boat 0.0262 390 335 417 362
boat 0.0261 29 46 123 343
boat 0.0259 258 353 299 384
boat 0.0257 177 224 364 408
boat 0.0252 56 33 90 112
boat 0.0245 264 370 340 418
boat 0.0239 244 391 291 411
boat 0.0232 26 2 76 125
boat 0.0232 277 359 304 412
boat 0.0230 43 52 80 189
boat 0.0228 55 142 139 345
boat 0.0226 3 165 267 388
boat 0.0214 262 363 303 390
boat 0.0213 268 377 302 411
boat 0.0203 0 29 135 187
boat 0.0202 187 384 296 414
boat 0.0200 71 118 272 279
bottle 0.0921 252 309 334 415
bottle 0.0555 262 349 303 375
bottle 0.0382 260 347 286 379
cat 0.0219 44 15 440 391
chair 0.0433 271 341 312 369
chair 0.0284 67 0 427 427
person 0.6317 261 308 331 376
person 0.2891 281 323 337 373
person 0.2859 271 306 310 364
person 0.2033 246 316 340 400
person 0.1661 303 327 337 368
person 0.1207 260 322 305 369
person 0.1076 283 318 311 374
person 0.0998 265 336 317 372
person 0.0826 283 316 334 351
person 0.0704 276 306 311 332
person 0.0654 203 307 320 408
person 0.0631 278 307 319 344
person 0.0609 260 345 302 379
person 0.0591 317 328 336 353
person 0.0548 322 330 340 365
person 0.0544 303 322 338 346
person 0.0536 259 336 304 413
person 0.0530 266 318 291 363
person 0.0520 292 328 317 369
person 0.0508 250 260 332 388
person 0.0501 290 340 328 372
person 0.0461 295 328 337 395
person 0.0436 276 332 306 384
person 0.0411 265 307 295 342
person 0.0389 289 312 315 354
person 0.0389 245 299 317 359
person 0.0382 275 306 299 352
person 0.0380 272 335 298 374
person 0.0374 260 333 287 370
person 0.0351 39 18 53 48
person 0.0326 297 297 342 364
person 0.0325 313 334 337 378
person 0.0322 279 350 321 374
person 0.0301 231 217 350 433
person 0.0298 273 331 311 361
person 0.0279 257 299 294 362
person 0.0276 282 306 304 343
person 0.0273 279 335 321 403
person 0.0272 259 351 281 376
person 0.0261 41 23 52 39
person 0.0253 286 344 307 381
person 0.0253 321 330 333 345
person 0.0252 43 18 58 65
person 0.0245 326 331 340 351
person 0.0244 293 312 330 335
person 0.0238 232 344 308 382
person 0.0224 301 317 326 353
person 0.0213 312 319 332 338
person 0.0211 252 351 288 385
person 0.0209 217 354 298 390
person 0.0207 305 315 337 333
person 0.0202 295 307 315 338
person 0.0200 314 325 328 343
sheep 0.0201 87 0 227 87
train 0.0225 43 0 440 393
