bird 0.0579 360 144 493 299
bird 0.0557 401 183 497 296
bird 0.0534 349 208 497 318
bird 0.0399 319 90 467 304
bird 0.0322 295 235 371 332
bird 0.0285 346 126 439 274
bird 0.0278 359 267 500 328
bird 0.0240 362 130 481 237
bird 0.0239 415 121 498 258
cow 0.7859 5 8 429 325
cow 0.1190 12 17 226 322
cow 0.0594 0 159 212 331
cow 0.0563 40 229 385 327
cow 0.0537 328 50 475 319
cow 0.0411 3 178 96 329
cow 0.0393 0 32 118 316
cow 0.0367 0 114 328 323
cow 0.0341 329 20 431 133
cow 0.0339 299 15 436 255
cow 0.0296 227 49 436 313
cow 0.0291 123 148 354 332
cow 0.0288 3 134 98 273
cow 0.0273 157 11 413 134
cow 0.0269 67 184 265 333
cow 0.0260 309 183 500 333
cow 0.0221 206 233 382 331
cow 0.0210 0 266 194 331
cow 0.0207 22 35 122 155
dog 0.0270 296 234 372 333
pottedplant 0.0296 122 9 337 152
pottedplant 0.0261 97 99 142 113
pottedplant 0.0252 88 95 133 108
pottedplant 0.0250 137 110 177 123
pottedplant 0.0244 124 111 163 124
pottedplant 0.0226 305 19 432 177
pottedplant 0.0210 97 90 142 103
pottedplant 0.0206 0 64 132 333
pottedplant 0.0205 106 110 153 124
sheep 0.0662 391 255 500 327
sheep 0.0617 397 204 497 309
sheep 0.0524 344 230 496 326
sheep 0.0381 265 132 399 329
sheep 0.0374 411 246 497 302
sheep 0.0349 412 225 495 282
sheep 0.0348 162 187 390 330
sheep 0.0306 281 226 376 333
sheep 0.0305 290 85 437 313
sheep 0.0290 25 5 124 109
sheep 0.0270 317 159 493 333
sheep 0.0269 275 219 467 333
sheep 0.0257 156 271 374 329
sheep 0.0257 348 175 445 303
sheep 0.0249 425 232 481 267
sheep 0.0248 414 269 480 327
sheep 0.0227 449 266 499 328
sheep 0.0222 366 265 483 307
sheep 0.0220 409 269 469 301
sheep 0.0212 304 201 397 328
sheep 0.0208 376 240 493 288
sheep 0.0201 57 257 398 333
train 0.0340 417 224 495 283
