boat 0.0224 0 359 49 375
bottle 0.0416 70 0 122 69
bottle 0.0376 79 41 112 117
bottle 0.0340 66 8 144 137
bottle 0.0260 13 37 128 151
car 0.0394 0 0 84 148
cat 0.7911 60 15 374 372
cat 0.0796 306 14 475 347
cat 0.0321 198 1 429 340
cat 0.0301 89 4 357 208
cat 0.0286 287 0 484 185
cat 0.0279 18 0 250 326
cat 0.0278 343 14 452 194
cat 0.0257 137 17 344 91
cat 0.0237 22 213 331 375
cat 0.0214 268 82 436 374
cat 0.0211 7 0 193 161
chair 0.0399 5 6 99 146
chair 0.0369 306 57 486 367
chair 0.0219 26 25 120 124
chair 0.0218 348 5 486 276
chair 0.0203 36 10 165 140
diningtable 0.0204 117 74 500 375
dog 0.0302 42 248 356 367
person 0.1073 66 0 125 118
person 0.0428 24 0 124 140
person 0.0371 79 44 112 117
person 0.0238 11 0 141 258
person 0.0206 0 308 26 375
tvmonitor 0.0587 67 0 128 114
tvmonitor 0.0418 64 0 122 65
tvmonitor 0.0305 19 16 128 138
tvmonitor 0.0276 1 0 81 131
tvmonitor 0.0253 112 6 386 72
tvmonitor 0.0250 91 14 267 97
tvmonitor 0.0240 354 0 489 178
tvmonitor 0.0226 72 12 397 115
tvmonitor 0.0217 72 7 204 121
