aeroplane 0.0463 222 245 257 259
aeroplane 0.0429 204 242 258 261
aeroplane 0.0305 159 132 460 255
aeroplane 0.0295 189 226 269 257
aeroplane 0.0287 227 235 259 260
aeroplane 0.0286 195 244 237 261
aeroplane 0.0261 195 241 251 271
aeroplane 0.0244 451 68 500 100
aeroplane 0.0228 233 248 257 262
aeroplane 0.0225 212 249 254 262
aeroplane 0.0220 195 239 236 255
aeroplane 0.0210 216 240 277 262
bicycle 0.0589 190 175 286 259
bicycle 0.0481 193 201 221 253
bicycle 0.0329 196 213 229 261
bicycle 0.0302 223 210 255 260
bicycle 0.0288 195 241 236 264
bicycle 0.0274 197 226 253 259
bicycle 0.0264 194 230 222 251
bicycle 0.0240 193 217 280 261
bicycle 0.0222 193 235 228 259
bird 0.0680 463 172 498 202
bird 0.0566 462 172 494 188
bird 0.0444 195 247 218 288
bird 0.0426 191 252 230 320
bird 0.0418 254 291 267 319
bird 0.0353 187 272 268 333
bird 0.0346 466 174 484 184
bird 0.0312 167 111 291 327
bird 0.0293 451 177 500 211
bird 0.0283 195 244 232 269
bird 0.0257 249 295 265 323
bird 0.0252 191 245 257 311
bird 0.0242 191 226 259 260
bird 0.0231 192 239 229 284
bird 0.0202 219 298 271 333
boat 0.1061 373 91 500 141
boat 0.0864 384 116 498 142
boat 0.0751 0 132 152 174
boat 0.0701 362 125 382 140
boat 0.0655 99 130 142 144
boat 0.0617 34 106 70 128
boat 0.0610 11 126 147 157
boat 0.0607 119 129 142 145
boat 0.0606 70 127 150 148
boat 0.0585 40 136 148 164
boat 0.0571 423 118 497 137
boat 0.0545 7 137 158 206
boat 0.0520 8 107 73 133
boat 0.0510 95 127 133 138
boat 0.0487 463 174 500 215
boat 0.0483 0 110 152 150
boat 0.0474 84 125 141 141
boat 0.0470 409 58 500 143
boat 0.0469 28 116 137 142
boat 0.0465 84 11 500 166
boat 0.0425 370 125 400 139
boat 0.0417 63 127 103 138
boat 0.0416 382 118 462 137
boat 0.0408 355 94 388 143
boat 0.0402 372 124 387 138
boat 0.0401 3 102 128 137
boat 0.0395 59 125 124 140
boat 0.0395 323 55 500 141
boat 0.0386 79 126 121 137
boat 0.0379 0 117 35 135
boat 0.0373 450 123 499 138
boat 0.0363 110 129 136 140
boat 0.0357 415 101 499 138
boat 0.0356 39 131 140 151
boat 0.0354 59 129 110 143
boat 0.0351 355 122 386 141
boat 0.0349 373 121 437 140
boat 0.0343 72 130 129 142
boat 0.0340 456 66 498 130
boat 0.0337 367 126 378 138
boat 0.0331 31 106 94 134
boat 0.0324 425 122 475 139
boat 0.0318 94 134 145 149
boat 0.0314 317 103 500 154
boat 0.0313 454 171 500 239
boat 0.0305 377 103 461 139
boat 0.0303 0 105 42 136
boat 0.0302 0 108 22 136
boat 0.0298 3 80 78 134
boat 0.0292 377 120 415 137
boat 0.0285 123 131 144 151
boat 0.0284 352 125 372 140
boat 0.0282 97 124 118 136
boat 0.0278 115 62 500 216
boat 0.0277 19 131 257 222
boat 0.0276 370 91 399 142
boat 0.0276 405 115 477 134
boat 0.0273 277 83 473 140
boat 0.0273 377 119 500 167
boat 0.0270 439 189 500 218
boat 0.0268 68 123 100 134
boat 0.0267 372 123 488 149
boat 0.0266 83 130 148 162
boat 0.0265 398 124 455 138
boat 0.0261 10 114 61 130
boat 0.0260 367 107 387 141
boat 0.0258 336 91 500 191
boat 0.0257 446 111 500 139
boat 0.0255 0 35 178 127
boat 0.0254 98 123 130 134
boat 0.0253 366 123 382 135
boat 0.0251 77 120 134 137
boat 0.0248 375 108 387 134
boat 0.0248 362 128 391 142
boat 0.0246 54 120 111 137
boat 0.0246 361 127 371 138
boat 0.0244 365 112 379 134
boat 0.0241 85 123 117 134
boat 0.0240 459 69 500 103
boat 0.0239 358 99 409 137
boat 0.0237 372 96 388 132
boat 0.0236 92 124 111 135
boat 0.0234 360 97 382 130
boat 0.0231 0 121 54 139
boat 0.0229 439 198 500 233
boat 0.0228 318 198 374 230
boat 0.0228 458 82 496 100
boat 0.0228 408 132 500 162
boat 0.0228 435 120 500 153
boat 0.0224 323 169 499 232
boat 0.0222 437 78 496 138
boat 0.0219 395 81 497 121
boat 0.0219 37 100 68 120
boat 0.0214 292 189 488 248
boat 0.0213 78 140 147 177
boat 0.0212 329 149 500 212
boat 0.0211 380 114 392 136
boat 0.0211 475 179 499 231
boat 0.0211 377 89 413 140
boat 0.0208 64 138 145 156
boat 0.0207 391 118 426 136
boat 0.0206 375 130 414 142
boat 0.0206 73 137 130 147
boat 0.0206 374 120 388 134
boat 0.0205 21 119 67 133
boat 0.0203 362 123 376 134
boat 0.0203 14 109 63 125
boat 0.0203 429 116 472 132
boat 0.0202 0 89 26 138
boat 0.0202 0 97 63 129
boat 0.0201 341 121 377 140
boat 0.0201 340 108 394 140
boat 0.0200 0 124 102 152
bottle 0.0255 464 174 500 215
bus 0.0376 0 0 500 333
car 0.0498 458 120 500 137
car 0.0402 433 117 500 138
car 0.0311 0 0 500 333
car 0.0310 109 96 305 232
car 0.0300 479 119 499 139
car 0.0287 462 82 498 100
car 0.0254 218 126 247 138
car 0.0221 451 62 500 115
car 0.0211 19 32 304 246
car 0.0205 299 128 321 136
car 0.0200 456 72 500 99
dog 0.8607 163 125 287 259
dog 0.0557 185 148 241 255
dog 0.0508 204 123 289 223
dog 0.0469 194 177 281 258
dog 0.0394 231 129 285 192
dog 0.0329 168 124 287 190
dog 0.0285 240 172 281 254
dog 0.0229 171 204 297 290
dog 0.0214 242 127 288 170
dog 0.0207 172 141 219 239
motorbike 0.0284 14 66 286 218
person 0.1055 464 172 483 196
person 0.1017 186 130 278 261
person 0.0991 0 0 221 317
person 0.0910 464 173 498 210
person 0.0711 469 68 494 98
person 0.0677 478 64 499 99
person 0.0645 467 176 480 186
person 0.0638 193 195 220 251
person 0.0635 490 63 500 100
person 0.0592 0 0 500 333
person 0.0585 366 130 379 141
person 0.0572 374 126 386 140
person 0.0474 222 165 283 260
person 0.0467 186 156 239 258
person 0.0451 142 123 290 294
person 0.0446 462 66 485 97
person 0.0368 360 129 372 140
person 0.0367 466 173 484 183
person 0.0348 463 54 499 99
person 0.0331 256 196 284 250
person 0.0331 376 121 386 137
person 0.0321 454 118 498 137
person 0.0319 239 199 282 260
person 0.0306 358 124 374 141
person 0.0295 58 135 289 240
person 0.0283 464 175 477 189
person 0.0282 195 243 221 277
person 0.0276 246 126 288 176
person 0.0270 463 69 499 121
person 0.0269 197 204 248 261
person 0.0269 0 69 214 219
person 0.0261 481 80 499 109
person 0.0260 470 81 494 105
person 0.0258 377 121 393 139
person 0.0256 460 78 490 100
person 0.0250 250 64 500 333
person 0.0249 480 175 500 216
person 0.0238 481 117 498 137
person 0.0237 195 250 210 279
person 0.0233 458 72 478 99
person 0.0231 460 174 476 201
person 0.0223 168 141 201 186
person 0.0222 216 203 268 261
person 0.0222 466 181 475 188
person 0.0212 469 183 495 216
person 0.0206 267 220 284 248
person 0.0201 457 171 483 206
sheep 0.0232 171 165 294 251
sofa 0.0792 94 129 305 250
train 0.0270 461 166 498 213
