bird 0.0289 58 207 175 292
bird 0.0281 0 202 83 309
bird 0.0276 0 224 355 313
bird 0.0272 305 182 500 324
bird 0.0264 30 240 219 306
bird 0.0242 292 244 490 310
bird 0.0237 414 191 496 296
chair 0.0203 247 274 483 328
dog 0.7578 8 6 500 302
dog 0.3454 337 131 493 212
dog 0.2808 322 6 495 194
dog 0.2316 313 143 499 281
dog 0.2054 222 15 500 240
dog 0.2014 0 194 161 303
dog 0.1614 293 84 495 212
dog 0.1508 236 2 492 135
dog 0.1096 370 0 500 136
dog 0.0947 2 72 146 297
dog 0.0907 343 0 495 55
dog 0.0869 337 108 497 179
dog 0.0855 11 12 240 296
dog 0.0818 4 136 103 275
dog 0.0803 346 46 489 156
dog 0.0796 251 194 500 303
dog 0.0749 0 190 339 296
dog 0.0731 391 67 496 197
dog 0.0723 0 201 90 279
dog 0.0719 180 80 495 328
dog 0.0666 446 0 500 122
dog 0.0640 330 182 497 257
dog 0.0560 320 6 491 87
dog 0.0515 81 8 483 179
dog 0.0505 397 1 499 85
dog 0.0480 60 223 257 292
dog 0.0464 317 128 426 220
dog 0.0462 310 150 472 230
dog 0.0451 342 171 500 224
dog 0.0442 12 23 134 220
dog 0.0432 391 196 497 302
dog 0.0372 310 189 422 292
dog 0.0369 192 7 444 98
dog 0.0348 396 142 497 205
dog 0.0321 432 2 500 63
dog 0.0321 0 164 152 236
dog 0.0300 357 193 491 231
dog 0.0297 314 32 434 153
dog 0.0289 272 2 465 49
dog 0.0284 259 100 455 285
dog 0.0272 83 156 474 302
dog 0.0266 65 198 186 300
dog 0.0264 10 78 344 333
dog 0.0256 126 228 328 290
dog 0.0254 269 114 403 208
dog 0.0249 0 174 100 329
dog 0.0237 17 218 434 319
dog 0.0237 290 71 468 145
dog 0.0236 355 120 472 161
dog 0.0232 393 188 493 218
dog 0.0229 393 173 493 208
dog 0.0228 63 5 403 112
dog 0.0225 317 241 497 311
dog 0.0224 78 16 334 274
dog 0.0221 44 143 156 272
dog 0.0218 256 30 417 192
dog 0.0215 27 140 210 301
dog 0.0212 352 128 452 191
dog 0.0204 314 76 420 197
dog 0.0201 0 187 123 251
person 0.0528 1 19 117 281
person 0.0443 416 0 498 82
person 0.0319 11 39 91 197
person 0.0309 436 0 494 56
person 0.0252 14 7 134 182
person 0.0216 424 15 495 154
person 0.0211 413 107 498 208
