bottle 0.4786 453 247 500 333
bottle 0.1612 409 239 498 333
bottle 0.1209 2 104 75 195
bottle 0.1092 255 267 361 333
bottle 0.0964 312 267 353 333
bottle 0.0736 348 227 447 334
bottle 0.0672 363 193 494 334
bottle 0.0623 454 290 500 333
bottle 0.0605 282 268 336 332
bottle 0.0575 321 266 347 318
bottle 0.0569 282 285 318 333
bottle 0.0551 1 87 87 277
bottle 0.0549 6 45 149 309
bottle 0.0543 473 248 500 316
bottle 0.0506 15 105 72 157
bottle 0.0476 250 295 353 332
bottle 0.0473 323 266 343 299
bottle 0.0460 201 234 475 332
bottle 0.0418 289 296 310 333
bottle 0.0416 289 266 408 334
bottle 0.0414 266 272 315 332
bottle 0.0414 426 278 500 334
bottle 0.0398 133 269 355 331
bottle 0.0380 268 146 445 334
bottle 0.0378 246 274 298 331
bottle 0.0378 0 74 133 200
bottle 0.0375 328 269 349 307
bottle 0.0374 246 319 306 333
bottle 0.0362 390 255 439 332
bottle 0.0360 313 260 480 332
bottle 0.0360 324 286 355 334
bottle 0.0358 461 309 499 333
bottle 0.0354 106 279 263 332
bottle 0.0339 299 293 330 334
bottle 0.0339 238 296 310 334
bottle 0.0331 311 291 338 334
bottle 0.0328 297 290 363 334
bottle 0.0326 125 282 162 334
bottle 0.0325 142 291 165 334
bottle 0.0317 284 321 337 333
bottle 0.0308 312 197 424 332
bottle 0.0289 422 255 481 324
bottle 0.0286 233 246 326 331
bottle 0.0280 9 272 227 331
bottle 0.0278 306 320 358 333
bottle 0.0278 319 282 377 332
bottle 0.0276 408 282 443 334
bottle 0.0276 143 316 174 334
bottle 0.0274 45 43 174 244
bottle 0.0272 336 296 358 334
bottle 0.0271 478 249 499 281
bottle 0.0267 112 321 161 333
bottle 0.0267 202 277 324 334
bottle 0.0267 139 302 251 332
bottle 0.0265 111 267 153 334
bottle 0.0264 155 283 234 331
bottle 0.0262 343 272 388 331
bottle 0.0262 270 293 303 334
bottle 0.0261 328 281 424 333
bottle 0.0252 20 102 114 246
bottle 0.0248 328 304 353 334
bottle 0.0247 145 267 184 331
bottle 0.0244 462 275 499 322
bottle 0.0242 316 270 336 307
bottle 0.0240 473 294 498 331
bottle 0.0236 184 268 232 330
bottle 0.0236 0 318 54 333
bottle 0.0231 191 301 298 332
bottle 0.0229 141 251 226 334
bottle 0.0229 0 300 73 334
bottle 0.0226 401 300 494 332
bottle 0.0222 467 250 498 269
bottle 0.0221 252 209 343 334
bottle 0.0221 453 308 479 334
bottle 0.0219 467 252 500 290
bottle 0.0218 295 235 365 333
bottle 0.0217 132 281 202 331
bottle 0.0217 448 318 500 332
bottle 0.0214 187 319 243 333
bottle 0.0214 302 255 342 325
bottle 0.0212 244 314 332 334
bottle 0.0210 336 271 355 307
bottle 0.0208 48 80 165 185
bottle 0.0208 97 245 165 334
bottle 0.0208 437 245 496 299
bottle 0.0207 3 247 66 334
bottle 0.0205 271 317 310 334
bottle 0.0204 113 293 146 334
bottle 0.0203 318 304 344 334
cat 0.0251 76 12 333 90
chair 0.0218 85 205 452 331
person 0.8499 1 14 458 331
person 0.1516 9 22 240 332
person 0.0696 0 73 110 334
person 0.0689 350 134 492 332
person 0.0514 248 45 420 334
person 0.0473 449 225 500 331
person 0.0392 236 175 451 332
person 0.0389 6 15 154 243
person 0.0369 183 24 352 292
person 0.0311 402 237 500 326
person 0.0305 18 4 437 169
person 0.0298 315 26 489 309
person 0.0286 161 97 322 332
person 0.0278 2 149 191 333
person 0.0278 185 282 341 332
person 0.0263 0 219 73 331
person 0.0254 178 57 282 273
person 0.0246 0 318 46 333
person 0.0239 243 41 366 245
person 0.0237 2 76 73 172
person 0.0231 140 16 367 185
person 0.0230 0 303 83 333
person 0.0223 76 241 413 331
person 0.0223 376 228 450 332
person 0.0216 107 20 285 270
person 0.0215 71 111 260 334
person 0.0215 182 126 260 250
person 0.0214 1 275 78 334
person 0.0210 215 15 457 226
person 0.0208 0 12 91 200
person 0.0207 38 62 171 297
person 0.0207 70 40 198 244
