bicycle 0.0370 102 248 275 352
boat 0.0280 0 26 500 351
bottle 0.0873 146 83 200 120
bottle 0.0829 139 83 212 143
bottle 0.0498 196 249 218 306
bottle 0.0492 154 83 184 116
bottle 0.0447 91 135 124 175
bottle 0.0370 134 85 234 168
bottle 0.0349 312 157 399 293
bottle 0.0295 170 360 221 375
bottle 0.0294 166 85 194 116
bottle 0.0270 131 81 179 143
bottle 0.0268 131 252 202 311
bottle 0.0267 134 113 220 156
bottle 0.0262 296 80 500 218
bottle 0.0253 197 330 218 373
bottle 0.0242 159 327 225 375
bottle 0.0240 155 83 194 102
bottle 0.0227 400 83 497 177
bottle 0.0225 147 88 172 122
bottle 0.0220 122 132 141 168
bottle 0.0214 122 218 182 314
bottle 0.0213 86 146 118 172
bottle 0.0210 119 130 150 179
car 0.0208 0 357 48 374
chair 0.0544 113 198 238 331
chair 0.0539 0 260 222 371
chair 0.0470 78 250 259 362
chair 0.0388 51 184 286 355
chair 0.0343 122 232 275 309
chair 0.0222 0 303 178 369
chair 0.0214 0 197 159 369
diningtable 0.1121 0 216 313 375
diningtable 0.0319 111 234 404 373
diningtable 0.0252 30 291 407 375
horse 0.7282 316 92 491 354
horse 0.1180 372 83 492 283
horse 0.0885 314 137 440 314
horse 0.0878 306 207 486 369
horse 0.0298 304 80 500 225
horse 0.0291 317 189 401 323
horse 0.0227 304 192 478 288
horse 0.0227 291 191 382 293
horse 0.0201 192 41 500 318
person 0.8380 115 101 262 339
person 0.7549 64 52 232 368
person 0.6688 15 24 179 363
person 0.2564 39 192 243 372
person 0.2068 0 29 349 375
person 0.1739 93 251 239 372
person 0.1298 145 198 246 356
person 0.1250 158 81 404 357
person 0.1154 142 260 221 369
person 0.1004 416 80 495 245
person 0.0938 95 82 212 258
person 0.0916 0 21 143 251
person 0.0869 109 83 253 206
person 0.0819 302 73 477 301
person 0.0773 102 173 311 370
person 0.0691 192 222 260 323
person 0.0674 129 245 225 320
person 0.0661 28 30 232 201
person 0.0606 112 127 190 258
person 0.0597 194 249 221 316
person 0.0562 138 259 306 370
person 0.0549 48 292 228 370
person 0.0544 0 81 114 372
person 0.0535 88 42 286 254
person 0.0529 346 14 500 374
person 0.0512 171 256 216 322
person 0.0503 3 22 81 148
person 0.0496 170 173 257 317
person 0.0495 155 122 255 253
person 0.0482 147 119 327 324
person 0.0472 64 99 151 257
person 0.0458 56 47 154 210
person 0.0451 171 246 244 340
person 0.0449 140 121 245 192
person 0.0435 341 81 493 230
person 0.0430 168 297 221 375
person 0.0415 314 111 407 270
person 0.0405 82 110 125 176
person 0.0396 0 21 45 144
person 0.0372 190 261 231 327
person 0.0367 263 228 489 375
person 0.0364 107 128 159 234
person 0.0359 100 193 195 355
person 0.0356 130 87 213 185
person 0.0345 70 34 130 179
person 0.0343 196 264 375 369
person 0.0342 418 82 494 148
person 0.0338 201 261 252 324
person 0.0335 374 87 500 171
person 0.0330 94 46 188 177
person 0.0328 39 21 124 151
person 0.0323 114 129 154 193
person 0.0320 185 203 333 333
person 0.0320 29 114 181 285
person 0.0316 4 191 80 371
person 0.0312 63 227 171 368
person 0.0311 201 0 500 375
person 0.0308 192 128 250 196
person 0.0304 118 27 237 186
person 0.0302 0 20 128 107
person 0.0300 158 274 209 320
person 0.0296 199 136 256 250
person 0.0295 83 130 126 200
person 0.0295 112 312 219 375
person 0.0291 104 147 169 280
person 0.0288 84 90 145 199
person 0.0284 310 182 431 366
person 0.0283 210 172 266 318
person 0.0282 121 158 200 319
person 0.0281 120 119 177 209
person 0.0280 0 10 174 138
person 0.0279 295 148 382 291
person 0.0279 2 76 40 166
person 0.0278 93 127 139 187
person 0.0277 9 25 61 99
person 0.0275 2 56 75 197
person 0.0274 141 78 347 237
person 0.0273 4 6 40 84
person 0.0269 205 148 380 333
person 0.0267 0 339 20 375
person 0.0266 315 251 401 375
person 0.0257 20 197 131 366
person 0.0255 11 3 60 60
person 0.0253 130 128 200 183
person 0.0251 98 86 169 189
person 0.0249 455 85 499 159
person 0.0243 178 266 233 368
person 0.0242 7 135 251 325
person 0.0238 234 215 357 365
person 0.0236 0 97 75 168
person 0.0232 156 260 197 311
person 0.0231 303 49 423 239
person 0.0230 68 164 157 338
person 0.0230 113 108 152 173
person 0.0228 133 105 247 165
person 0.0226 464 138 497 244
person 0.0224 94 88 134 167
person 0.0222 183 316 331 373
person 0.0222 169 124 223 190
person 0.0222 9 22 97 85
person 0.0221 197 247 217 293
person 0.0221 112 166 158 250
person 0.0221 312 272 467 372
person 0.0220 82 69 124 160
person 0.0219 128 136 231 284
person 0.0217 156 89 279 192
person 0.0216 0 0 26 65
person 0.0216 0 0 21 37
person 0.0215 7 86 127 175
person 0.0215 0 336 50 375
person 0.0214 453 85 500 255
person 0.0214 211 237 308 351
person 0.0214 287 227 369 357
person 0.0213 133 334 224 374
person 0.0211 277 108 421 351
person 0.0211 51 93 127 218
person 0.0209 123 131 146 162
person 0.0208 411 79 452 144
person 0.0208 0 313 31 375
person 0.0207 442 79 500 128
person 0.0206 112 45 447 273
person 0.0205 191 90 314 277
person 0.0203 0 112 42 200
person 0.0202 461 216 484 272
person 0.0201 175 98 243 185
sofa 0.0967 0 92 360 364
sofa 0.0320 78 184 303 343
