bottle 0.0207 1 132 20 178
car 0.0927 360 1 497 53
car 0.0276 429 0 493 48
car 0.0233 382 0 475 29
chair 0.7217 1 69 237 373
chair 0.1358 0 67 189 246
chair 0.1074 3 80 94 224
chair 0.0975 0 192 198 373
chair 0.0974 90 60 114 83
chair 0.0936 5 71 69 181
chair 0.0906 29 63 111 125
chair 0.0874 2 62 106 158
chair 0.0838 52 70 219 206
chair 0.0803 92 96 300 375
chair 0.0743 108 69 226 273
chair 0.0652 151 124 243 374
chair 0.0650 21 69 81 135
chair 0.0636 30 71 197 155
chair 0.0610 2 122 71 194
chair 0.0547 58 103 201 343
chair 0.0546 113 71 227 162
chair 0.0530 65 61 122 114
chair 0.0529 81 59 115 99
chair 0.0506 41 70 126 176
chair 0.0481 21 75 150 134
chair 0.0446 2 117 51 176
chair 0.0425 0 152 78 219
chair 0.0417 3 103 105 326
chair 0.0389 172 125 283 337
chair 0.0377 147 194 346 371
chair 0.0376 75 70 161 130
chair 0.0372 2 127 78 261
chair 0.0372 132 203 214 371
chair 0.0364 0 78 158 183
chair 0.0358 34 75 72 151
chair 0.0345 60 59 116 86
chair 0.0345 49 80 120 131
chair 0.0327 7 219 88 371
chair 0.0326 84 65 143 113
chair 0.0311 83 59 128 85
chair 0.0311 0 177 55 226
chair 0.0304 71 75 167 171
chair 0.0303 6 294 199 369
chair 0.0301 2 134 48 217
chair 0.0301 44 63 190 119
chair 0.0300 97 75 197 142
chair 0.0293 162 229 238 373
chair 0.0290 47 0 365 375
chair 0.0286 54 80 144 213
chair 0.0281 158 128 225 295
chair 0.0281 1 85 59 150
chair 0.0279 94 222 183 371
chair 0.0278 16 17 97 126
chair 0.0268 153 68 291 145
chair 0.0266 0 265 313 372
chair 0.0266 147 90 220 251
chair 0.0265 0 110 105 175
chair 0.0255 43 84 91 153
chair 0.0252 20 100 81 164
chair 0.0251 124 270 233 368
chair 0.0244 193 179 270 355
chair 0.0243 152 50 297 303
chair 0.0239 78 76 125 139
chair 0.0237 108 269 403 372
chair 0.0237 1 157 118 246
chair 0.0234 17 58 102 103
chair 0.0232 210 153 333 304
chair 0.0232 144 309 341 370
chair 0.0231 472 321 500 375
chair 0.0227 475 138 500 211
chair 0.0226 333 284 383 323
chair 0.0219 99 72 195 109
chair 0.0212 271 226 289 256
chair 0.0205 173 242 289 356
chair 0.0204 134 71 216 132
diningtable 0.0229 0 10 454 367
person 0.0280 244 347 301 375
person 0.0217 270 227 289 252
pottedplant 0.8493 260 2 500 375
pottedplant 0.2148 358 138 500 371
pottedplant 0.2070 121 44 450 375
pottedplant 0.2039 27 63 59 125
pottedplant 0.1842 312 1 390 111
pottedplant 0.1607 263 137 396 365
pottedplant 0.1419 268 345 300 375
pottedplant 0.1407 383 230 496 373
pottedplant 0.1400 202 17 382 354
pottedplant 0.1335 0 39 226 375
pottedplant 0.1164 408 41 498 188
pottedplant 0.1163 12 65 65 163
pottedplant 0.1130 396 35 500 342
pottedplant 0.1110 374 292 409 348
pottedplant 0.1068 282 3 460 248
pottedplant 0.0868 18 59 104 132
pottedplant 0.0816 271 225 455 374
pottedplant 0.0802 293 270 380 368
pottedplant 0.0765 259 338 347 371
pottedplant 0.0763 281 9 388 149
pottedplant 0.0763 315 328 362 364
pottedplant 0.0736 291 317 371 368
pottedplant 0.0726 371 285 420 368
pottedplant 0.0721 274 206 367 321
pottedplant 0.0711 315 294 415 371
pottedplant 0.0697 455 281 495 373
pottedplant 0.0689 428 201 499 349
pottedplant 0.0648 367 23 493 220
pottedplant 0.0642 306 2 380 64
pottedplant 0.0622 65 0 327 375
pottedplant 0.0622 10 59 53 128
pottedplant 0.0620 275 50 383 310
pottedplant 0.0611 452 52 500 163
pottedplant 0.0604 345 263 471 369
pottedplant 0.0581 372 298 500 374
pottedplant 0.0577 334 10 389 86
pottedplant 0.0573 430 120 500 272
pottedplant 0.0548 365 255 438 357
pottedplant 0.0513 434 261 496 364
pottedplant 0.0504 32 87 62 122
pottedplant 0.0504 244 343 314 373
pottedplant 0.0498 362 292 399 340
pottedplant 0.0498 324 300 371 368
pottedplant 0.0494 257 164 346 314
pottedplant 0.0493 319 0 357 50
pottedplant 0.0491 286 2 442 76
pottedplant 0.0491 391 15 500 111
pottedplant 0.0488 451 242 499 333
pottedplant 0.0487 31 62 53 107
pottedplant 0.0483 442 71 500 227
pottedplant 0.0476 447 191 500 305
pottedplant 0.0466 330 8 399 153
pottedplant 0.0465 368 298 389 331
pottedplant 0.0463 321 9 497 132
pottedplant 0.0445 284 53 367 171
pottedplant 0.0443 458 137 500 220
pottedplant 0.0438 378 54 458 184
pottedplant 0.0438 244 242 391 369
pottedplant 0.0430 224 155 327 334
pottedplant 0.0430 358 297 383 327
pottedplant 0.0421 385 49 490 138
pottedplant 0.0414 9 11 66 126
pottedplant 0.0399 345 296 393 367
pottedplant 0.0391 257 40 348 153
pottedplant 0.0388 292 164 369 300
pottedplant 0.0379 349 294 392 331
pottedplant 0.0379 356 265 415 344
pottedplant 0.0376 312 0 354 29
pottedplant 0.0375 337 272 400 355
pottedplant 0.0371 231 323 377 372
pottedplant 0.0365 322 5 401 53
pottedplant 0.0363 455 166 500 267
pottedplant 0.0358 372 299 401 331
pottedplant 0.0356 457 95 500 194
pottedplant 0.0353 326 335 355 364
pottedplant 0.0337 476 149 500 212
pottedplant 0.0336 192 171 365 375
pottedplant 0.0335 292 3 365 93
pottedplant 0.0334 288 40 352 119
pottedplant 0.0332 10 84 75 130
pottedplant 0.0331 350 33 417 181
pottedplant 0.0330 25 80 49 124
pottedplant 0.0325 276 238 338 320
pottedplant 0.0325 284 247 401 337
pottedplant 0.0319 430 316 494 374
pottedplant 0.0317 383 310 433 375
pottedplant 0.0317 328 57 458 307
pottedplant 0.0315 283 34 408 110
pottedplant 0.0309 235 294 430 375
pottedplant 0.0307 364 283 410 327
pottedplant 0.0301 230 224 308 355
pottedplant 0.0298 386 78 475 272
pottedplant 0.0297 360 243 480 329
pottedplant 0.0296 220 2 434 128
pottedplant 0.0295 210 52 315 152
pottedplant 0.0295 298 0 351 59
pottedplant 0.0291 466 53 499 120
pottedplant 0.0289 314 343 357 362
pottedplant 0.0288 211 163 491 375
pottedplant 0.0287 380 274 418 340
pottedplant 0.0284 339 40 398 104
pottedplant 0.0283 269 300 356 375
pottedplant 0.0282 280 57 334 143
pottedplant 0.0281 263 349 286 375
pottedplant 0.0281 308 0 434 42
pottedplant 0.0280 323 25 391 66
pottedplant 0.0278 287 58 377 100
pottedplant 0.0274 313 36 393 84
pottedplant 0.0273 427 130 499 205
pottedplant 0.0273 399 163 500 308
pottedplant 0.0268 270 230 314 300
pottedplant 0.0267 20 32 57 119
pottedplant 0.0263 274 322 330 374
pottedplant 0.0262 438 198 493 270
pottedplant 0.0261 462 207 499 268
pottedplant 0.0259 390 62 437 135
pottedplant 0.0258 187 1 341 130
pottedplant 0.0258 233 138 311 278
pottedplant 0.0256 316 328 406 366
pottedplant 0.0255 262 0 353 109
pottedplant 0.0253 437 78 492 167
pottedplant 0.0253 321 42 452 147
pottedplant 0.0251 254 42 354 254
pottedplant 0.0250 369 61 430 167
pottedplant 0.0250 419 91 485 194
pottedplant 0.0248 19 67 43 126
pottedplant 0.0246 338 287 387 323
pottedplant 0.0246 284 268 335 316
pottedplant 0.0245 17 15 126 139
pottedplant 0.0241 322 0 368 18
pottedplant 0.0240 400 54 454 121
pottedplant 0.0239 439 152 493 228
pottedplant 0.0237 389 323 471 372
pottedplant 0.0236 255 35 500 177
pottedplant 0.0235 271 353 315 375
pottedplant 0.0234 36 81 95 123
pottedplant 0.0233 373 172 452 319
pottedplant 0.0231 398 54 489 101
pottedplant 0.0231 333 3 358 38
pottedplant 0.0231 367 296 405 318
pottedplant 0.0230 217 62 321 249
pottedplant 0.0230 436 63 495 126
pottedplant 0.0224 0 35 51 143
pottedplant 0.0222 317 236 383 325
pottedplant 0.0221 419 54 472 123
pottedplant 0.0218 322 0 380 34
pottedplant 0.0214 286 326 432 375
pottedplant 0.0214 305 341 369 370
pottedplant 0.0212 329 269 379 339
pottedplant 0.0210 250 91 346 197
pottedplant 0.0210 267 113 372 230
pottedplant 0.0208 336 5 371 47
pottedplant 0.0206 315 193 377 294
pottedplant 0.0202 319 40 382 147
pottedplant 0.0201 295 32 343 97
pottedplant 0.0201 474 304 500 375
tvmonitor 0.0600 363 0 498 55
tvmonitor 0.0356 324 0 499 93
tvmonitor 0.0297 2 127 48 179
tvmonitor 0.0252 320 0 469 38
tvmonitor 0.0239 428 0 494 54
tvmonitor 0.0235 402 6 498 100
tvmonitor 0.0223 458 0 499 42
