bird 0.0339 70 235 111 280
boat 0.0201 228 171 269 191
bottle 0.3792 50 260 249 488
bottle 0.1218 20 238 171 490
bottle 0.1075 68 275 183 452
bottle 0.1071 53 308 135 482
bottle 0.0890 84 242 264 381
bottle 0.0884 37 346 205 484
bottle 0.0710 69 245 184 362
bottle 0.0633 13 74 269 500
bottle 0.0619 38 403 242 494
bottle 0.0583 54 379 167 480
bottle 0.0536 12 307 106 485
bottle 0.0504 44 266 136 404
bottle 0.0499 13 85 146 472
bottle 0.0488 77 345 352 492
bottle 0.0486 59 195 153 431
bottle 0.0481 111 299 270 473
bottle 0.0466 127 276 218 447
bottle 0.0434 150 248 285 362
bottle 0.0419 94 379 252 478
bottle 0.0415 33 398 138 495
bottle 0.0373 123 409 289 493
bottle 0.0372 88 255 166 406
bottle 0.0363 159 287 373 496
bottle 0.0340 100 302 222 394
bottle 0.0339 26 251 145 351
bottle 0.0333 1 246 127 442
bottle 0.0324 60 356 180 450
bottle 0.0323 70 233 111 280
bottle 0.0318 52 390 115 473
bottle 0.0311 62 320 172 417
bottle 0.0296 98 433 254 491
bottle 0.0296 124 367 224 461
bottle 0.0293 67 400 133 462
bottle 0.0293 150 257 244 418
bottle 0.0287 164 366 285 487
bottle 0.0286 93 344 224 421
bottle 0.0284 169 337 222 398
bottle 0.0282 122 226 352 386
bottle 0.0281 122 439 197 482
bottle 0.0278 143 340 202 399
bottle 0.0277 48 387 82 477
bottle 0.0274 119 316 170 386
bottle 0.0265 64 344 135 432
bottle 0.0265 108 277 160 355
bottle 0.0264 52 212 122 382
bottle 0.0262 108 223 239 318
bottle 0.0262 149 190 285 450
bottle 0.0260 122 329 245 405
bottle 0.0260 132 421 186 475
bottle 0.0256 106 259 206 379
bottle 0.0252 136 372 187 431
bottle 0.0250 110 337 160 400
bottle 0.0250 100 264 171 313
bottle 0.0247 136 390 177 468
bottle 0.0237 48 427 158 483
bottle 0.0234 55 374 97 458
bottle 0.0232 62 369 115 434
bottle 0.0232 184 410 357 494
bottle 0.0232 141 384 201 445
bottle 0.0231 99 423 209 475
bottle 0.0230 179 340 253 392
bottle 0.0229 77 326 159 475
bottle 0.0228 82 269 170 337
bottle 0.0226 121 358 172 414
bottle 0.0225 137 308 177 394
bottle 0.0225 345 0 375 24
bottle 0.0225 155 352 211 411
bottle 0.0223 101 313 150 382
bottle 0.0222 129 252 212 296
bottle 0.0219 128 257 182 318
bottle 0.0219 70 398 142 436
bottle 0.0214 151 371 210 429
bottle 0.0212 2 261 74 482
bottle 0.0211 151 314 192 394
bottle 0.0211 87 391 148 451
bottle 0.0210 99 403 160 462
bottle 0.0210 57 168 245 409
bottle 0.0209 58 46 316 228
bottle 0.0209 107 372 159 431
bottle 0.0209 123 332 193 379
bottle 0.0208 82 339 136 401
bottle 0.0208 39 352 91 497
bottle 0.0208 129 377 166 454
bottle 0.0206 106 378 193 500
bottle 0.0205 95 356 149 416
bottle 0.0204 108 321 178 472
bottle 0.0203 38 157 161 354
bottle 0.0202 62 339 111 405
bottle 0.0200 159 338 271 416
bottle 0.0200 75 407 122 485
chair 0.0530 287 0 363 26
chair 0.0447 218 0 292 31
chair 0.0380 138 0 218 24
chair 0.0361 265 0 375 44
chair 0.0356 197 0 325 36
chair 0.0299 174 337 375 496
chair 0.0289 291 0 374 81
chair 0.0284 291 51 375 293
chair 0.0251 196 0 374 156
chair 0.0223 238 242 374 500
chair 0.0214 0 334 167 496
chair 0.0208 120 0 251 30
chair 0.0202 220 0 370 90
chair 0.0202 198 0 258 31
person 0.8418 17 37 368 493
person 0.2094 29 254 366 487
person 0.1361 187 24 371 470
person 0.1216 262 21 375 311
person 0.0890 8 40 184 468
person 0.0677 307 8 374 250
person 0.0578 246 128 375 500
person 0.0551 41 11 369 238
person 0.0446 202 38 350 303
person 0.0393 183 269 373 496
person 0.0385 307 1 375 45
person 0.0368 135 229 342 456
person 0.0363 34 183 207 500
person 0.0360 319 0 375 27
person 0.0354 301 0 375 87
person 0.0337 0 68 146 347
person 0.0334 176 12 375 173
person 0.0318 123 83 307 470
person 0.0307 341 0 375 36
person 0.0296 165 49 324 222
person 0.0293 141 32 306 119
person 0.0276 339 0 374 78
person 0.0275 314 5 374 146
person 0.0264 228 217 371 396
person 0.0263 1 36 245 269
person 0.0263 298 76 375 374
person 0.0257 0 199 101 493
person 0.0252 250 72 339 262
person 0.0235 229 168 269 188
person 0.0232 78 34 230 121
person 0.0230 258 155 375 354
person 0.0229 278 0 372 171
person 0.0226 126 0 194 25
person 0.0224 192 27 349 129
person 0.0213 226 58 312 230
person 0.0205 103 25 316 322
person 0.0204 65 0 355 131
person 0.0201 130 1 161 23
person 0.0201 279 0 369 28
tvmonitor 0.0281 63 43 339 195
