bird 0.0230 309 0 332 40
bird 0.0213 319 0 332 49
bottle 0.0346 54 312 117 364
bottle 0.0329 0 153 14 211
bottle 0.0310 315 461 332 500
bottle 0.0275 98 328 165 370
bottle 0.0247 292 466 333 500
bottle 0.0207 85 336 174 389
bottle 0.0201 1 170 20 211
cat 0.5758 0 205 120 392
cat 0.1205 0 248 169 428
cat 0.0757 37 206 117 332
cat 0.0607 18 272 137 378
cat 0.0447 2 204 108 289
cat 0.0396 0 130 92 361
cat 0.0360 24 315 149 400
cat 0.0333 54 282 117 361
cat 0.0326 64 217 121 368
cat 0.0290 38 196 98 268
cat 0.0273 0 299 100 401
cat 0.0262 28 308 117 367
cat 0.0250 0 200 63 279
cat 0.0217 55 198 115 276
cat 0.0208 75 272 119 336
chair 0.1036 0 235 155 450
chair 0.0721 0 325 201 476
chair 0.0452 93 326 333 494
chair 0.0355 33 314 198 417
chair 0.0355 44 344 177 437
chair 0.0332 44 309 164 369
chair 0.0312 91 328 212 480
chair 0.0276 94 316 210 400
chair 0.0269 37 372 183 480
chair 0.0259 58 281 227 462
chair 0.0255 83 326 170 373
chair 0.0252 208 262 331 500
chair 0.0246 132 31 317 176
chair 0.0239 65 282 172 359
chair 0.0238 191 19 304 124
chair 0.0235 0 324 103 435
chair 0.0234 75 214 297 369
chair 0.0214 7 0 75 27
chair 0.0214 175 56 286 125
chair 0.0212 115 327 167 357
chair 0.0207 259 172 333 500
chair 0.0204 97 317 163 358
chair 0.0202 105 312 283 427
diningtable 0.1068 0 302 177 455
diningtable 0.0850 0 299 314 491
diningtable 0.0402 9 349 140 429
diningtable 0.0322 12 372 172 475
diningtable 0.0265 0 388 277 500
person 0.0294 0 134 16 214
person 0.0218 0 150 7 214
pottedplant 0.6383 0 18 295 382
pottedplant 0.3044 0 171 182 388
pottedplant 0.1710 1 33 142 366
pottedplant 0.1225 87 5 178 70
pottedplant 0.1225 3 175 319 469
pottedplant 0.1088 0 74 111 275
pottedplant 0.1041 2 54 178 234
pottedplant 0.1003 113 4 177 43
pottedplant 0.0985 75 18 291 163
pottedplant 0.0956 128 63 271 158
pottedplant 0.0939 40 201 160 355
pottedplant 0.0919 76 63 192 347
pottedplant 0.0859 2 8 201 168
pottedplant 0.0813 2 59 69 222
pottedplant 0.0774 56 0 188 50
pottedplant 0.0769 1 36 106 195
pottedplant 0.0743 88 207 174 340
pottedplant 0.0742 52 2 276 265
pottedplant 0.0736 20 3 194 97
pottedplant 0.0705 161 69 304 390
pottedplant 0.0666 153 29 283 127
pottedplant 0.0639 132 7 178 59
pottedplant 0.0605 1 10 77 153
pottedplant 0.0598 27 312 133 377
pottedplant 0.0596 65 182 252 346
pottedplant 0.0594 19 256 168 388
pottedplant 0.0590 104 0 153 45
pottedplant 0.0577 79 312 330 494
pottedplant 0.0571 46 0 170 321
pottedplant 0.0570 50 0 156 82
pottedplant 0.0542 5 91 204 310
pottedplant 0.0533 53 321 110 359
pottedplant 0.0528 309 461 332 500
pottedplant 0.0523 105 42 250 310
pottedplant 0.0513 0 0 119 95
pottedplant 0.0501 22 312 179 419
pottedplant 0.0489 0 289 189 475
pottedplant 0.0471 23 66 153 165
pottedplant 0.0471 28 331 152 393
pottedplant 0.0467 214 96 329 480
pottedplant 0.0454 129 0 181 94
pottedplant 0.0453 0 0 62 72
pottedplant 0.0447 44 55 234 172
pottedplant 0.0436 88 12 180 134
pottedplant 0.0434 56 91 127 271
pottedplant 0.0431 157 140 203 178
pottedplant 0.0426 8 18 141 127
pottedplant 0.0424 163 73 262 129
pottedplant 0.0423 57 115 318 324
pottedplant 0.0421 144 3 177 43
pottedplant 0.0418 113 54 308 201
pottedplant 0.0411 2 102 67 296
pottedplant 0.0405 0 0 33 44
pottedplant 0.0404 117 0 333 500
pottedplant 0.0401 49 2 134 43
pottedplant 0.0401 1 93 49 209
pottedplant 0.0392 67 194 184 435
pottedplant 0.0384 0 0 108 50
pottedplant 0.0383 100 94 171 322
pottedplant 0.0373 23 354 157 412
pottedplant 0.0363 106 50 203 171
pottedplant 0.0361 111 7 252 90
pottedplant 0.0360 121 0 165 67
pottedplant 0.0354 164 212 318 500
pottedplant 0.0353 71 288 186 373
pottedplant 0.0343 0 0 18 39
pottedplant 0.0341 9 102 126 218
pottedplant 0.0341 2 74 91 163
pottedplant 0.0341 116 3 203 66
pottedplant 0.0329 49 334 113 370
pottedplant 0.0325 89 0 133 45
pottedplant 0.0324 199 32 329 313
pottedplant 0.0321 100 0 147 79
pottedplant 0.0314 1 118 30 212
pottedplant 0.0309 0 158 102 264
pottedplant 0.0306 96 0 213 247
pottedplant 0.0306 104 235 166 380
pottedplant 0.0301 125 20 234 138
pottedplant 0.0300 122 211 218 332
pottedplant 0.0300 141 103 256 176
pottedplant 0.0298 56 189 123 342
pottedplant 0.0289 174 42 259 167
pottedplant 0.0286 304 420 332 500
pottedplant 0.0285 118 188 267 480
pottedplant 0.0282 34 20 140 216
pottedplant 0.0281 120 103 220 340
pottedplant 0.0281 164 85 297 181
pottedplant 0.0277 2 148 43 213
pottedplant 0.0271 85 27 153 187
pottedplant 0.0269 110 3 134 47
pottedplant 0.0268 13 0 75 40
pottedplant 0.0264 33 134 107 315
pottedplant 0.0264 287 451 333 499
pottedplant 0.0263 41 76 106 215
pottedplant 0.0261 149 75 220 157
pottedplant 0.0255 0 127 85 217
pottedplant 0.0253 55 323 162 372
pottedplant 0.0252 0 65 59 144
pottedplant 0.0251 318 448 333 499
pottedplant 0.0248 60 305 123 367
pottedplant 0.0247 95 73 177 205
pottedplant 0.0247 89 247 204 386
pottedplant 0.0246 35 71 117 132
pottedplant 0.0246 129 15 173 45
pottedplant 0.0244 0 0 55 31
pottedplant 0.0242 72 0 140 29
pottedplant 0.0237 165 9 302 253
pottedplant 0.0237 136 56 211 213
pottedplant 0.0237 107 17 147 46
pottedplant 0.0235 0 5 48 120
pottedplant 0.0235 128 0 159 45
pottedplant 0.0231 75 239 150 384
pottedplant 0.0231 76 8 150 53
pottedplant 0.0230 100 0 150 23
pottedplant 0.0230 2 105 77 182
pottedplant 0.0229 0 0 54 268
pottedplant 0.0227 131 0 176 31
pottedplant 0.0226 0 1 30 94
pottedplant 0.0223 138 118 213 176
pottedplant 0.0223 55 76 135 185
pottedplant 0.0222 172 142 197 176
pottedplant 0.0221 105 290 169 430
pottedplant 0.0219 98 85 156 173
pottedplant 0.0218 197 80 259 124
pottedplant 0.0217 78 133 161 290
pottedplant 0.0217 114 179 169 321
pottedplant 0.0216 46 293 112 399
pottedplant 0.0214 0 159 27 212
pottedplant 0.0212 144 1 174 24
pottedplant 0.0211 103 101 213 184
pottedplant 0.0207 52 6 130 157
pottedplant 0.0203 36 0 93 42
pottedplant 0.0202 272 415 332 500
pottedplant 0.0200 146 92 283 288
pottedplant 0.0200 73 0 123 81
tvmonitor 0.0692 0 315 176 481
tvmonitor 0.0463 0 399 166 493
tvmonitor 0.0382 0 349 126 430
tvmonitor 0.0306 0 196 128 480
tvmonitor 0.0279 38 335 177 397
tvmonitor 0.0234 69 325 168 372
tvmonitor 0.0234 0 373 110 474
