aeroplane 0.1282 17 25 427 317
boat 0.0417 77 76 335 284
boat 0.0306 53 18 500 319
boat 0.0270 0 256 377 370
bus 0.1302 19 14 79 75
bus 0.1239 81 41 350 295
bus 0.0550 2 0 39 57
bus 0.0527 40 0 78 59
bus 0.0507 66 37 74 49
bus 0.0473 57 36 66 47
bus 0.0472 47 12 72 49
bus 0.0461 17 0 88 48
bus 0.0455 56 23 76 55
bus 0.0403 14 0 50 64
bus 0.0399 65 29 73 45
bus 0.0393 70 34 78 49
bus 0.0391 56 27 66 43
bus 0.0347 58 31 71 42
bus 0.0339 17 4 44 45
bus 0.0306 40 22 66 54
bus 0.0280 33 9 75 43
bus 0.0278 49 22 81 74
bus 0.0277 49 27 58 41
bus 0.0268 49 35 58 45
bus 0.0258 63 14 81 52
bus 0.0254 23 21 83 42
bus 0.0251 37 0 107 81
bus 0.0243 19 9 36 40
bus 0.0237 56 24 71 39
bus 0.0235 26 15 40 38
bus 0.0229 26 10 55 46
bus 0.0222 64 25 77 40
bus 0.0221 50 30 64 40
bus 0.0216 70 30 81 44
car 0.8354 24 36 73 73
car 0.4240 80 56 354 296
car 0.2014 62 36 81 64
car 0.1705 51 38 78 62
car 0.1458 199 104 352 290
car 0.1171 0 34 26 66
car 0.1097 0 32 35 83
car 0.0821 66 46 85 70
car 0.0806 51 35 81 51
car 0.0804 33 50 75 71
car 0.0782 53 46 80 71
car 0.0733 68 35 79 52
car 0.0720 0 34 9 62
car 0.0710 22 32 55 66
car 0.0691 64 41 75 52
car 0.0672 9 36 57 78
car 0.0658 0 34 13 73
car 0.0638 4 34 34 55
car 0.0630 20 33 36 65
car 0.0620 41 35 73 58
car 0.0609 0 44 25 77
car 0.0585 63 36 77 47
car 0.0540 57 17 442 365
car 0.0517 42 29 81 72
car 0.0502 195 197 350 287
car 0.0488 0 31 92 77
car 0.0439 22 46 80 86
car 0.0425 0 39 21 58
car 0.0409 49 31 77 43
car 0.0401 52 34 71 47
car 0.0401 36 30 69 44
car 0.0390 25 43 52 74
car 0.0381 54 38 68 52
car 0.0368 60 33 82 43
car 0.0365 0 24 39 60
car 0.0341 15 32 42 46
car 0.0340 4 50 35 71
car 0.0339 6 53 30 81
car 0.0336 17 34 42 73
car 0.0334 16 0 76 75
car 0.0333 27 30 76 51
car 0.0326 19 34 38 49
car 0.0322 71 41 85 63
car 0.0296 9 26 66 62
car 0.0294 137 102 493 306
car 0.0294 270 132 357 280
car 0.0260 22 31 53 45
car 0.0252 68 54 90 68
car 0.0252 241 138 350 224
car 0.0243 25 34 43 53
car 0.0239 3 64 18 91
car 0.0236 0 69 24 88
car 0.0234 50 58 83 75
car 0.0227 0 32 21 48
car 0.0223 181 76 350 219
car 0.0219 0 51 19 69
car 0.0219 58 27 86 70
car 0.0219 2 31 49 50
car 0.0213 38 0 106 79
car 0.0212 5 5 42 67
car 0.0211 243 142 342 180
car 0.0211 14 21 36 57
car 0.0208 63 37 84 51
car 0.0205 40 28 89 48
chair 0.0362 82 71 308 289
person 0.1294 1 48 19 88
person 0.1234 0 39 8 76
person 0.1182 0 47 11 90
person 0.1152 0 36 26 85
person 0.0471 6 57 26 88
person 0.0271 0 68 18 88
person 0.0264 372 121 387 159
person 0.0245 75 142 89 181
person 0.0230 24 24 35 42
person 0.0217 14 27 29 47
person 0.0210 29 28 40 42
train 0.0351 62 0 345 333
train 0.0334 120 149 364 290
