bird 0.0369 242 53 266 95
bird 0.0258 0 279 123 333
bird 0.0238 8 236 130 328
bird 0.0208 10 273 235 328
bottle 0.0248 372 13 457 132
dog 0.0253 0 0 38 40
horse 0.8013 81 47 312 326
horse 0.7888 268 12 452 332
horse 0.6968 171 23 388 330
horse 0.2394 244 36 349 318
horse 0.1587 253 46 340 187
horse 0.1208 45 55 199 318
horse 0.1173 240 6 455 189
horse 0.0625 321 114 458 333
horse 0.0525 310 58 461 233
horse 0.0523 26 8 468 327
horse 0.0502 103 47 245 247
horse 0.0487 245 53 340 126
horse 0.0487 279 62 360 224
horse 0.0412 234 25 357 153
horse 0.0407 331 10 451 166
horse 0.0388 68 273 306 327
horse 0.0377 61 185 304 329
horse 0.0372 206 134 373 332
horse 0.0363 12 133 122 332
horse 0.0342 123 90 256 322
horse 0.0317 163 273 354 329
horse 0.0311 121 39 332 181
horse 0.0309 222 66 339 237
horse 0.0280 179 50 273 145
horse 0.0273 315 228 461 330
horse 0.0271 180 47 272 245
horse 0.0269 74 118 150 286
horse 0.0268 318 18 466 98
horse 0.0263 201 239 334 331
horse 0.0259 192 94 282 315
horse 0.0238 249 193 343 333
horse 0.0231 223 99 320 314
horse 0.0223 244 54 334 92
horse 0.0221 268 270 462 328
horse 0.0212 63 8 283 170
horse 0.0210 86 122 214 333
person 0.0610 458 320 500 332
person 0.0592 435 304 500 332
person 0.0432 0 0 36 51
person 0.0424 476 305 500 333
person 0.0411 8 112 130 329
person 0.0378 236 108 347 333
person 0.0368 237 53 273 104
person 0.0365 7 0 61 54
person 0.0354 348 9 446 41
person 0.0334 0 1 26 37
person 0.0327 477 217 499 260
person 0.0319 0 245 29 310
person 0.0311 262 318 314 332
person 0.0310 3 0 72 88
person 0.0283 367 16 459 54
person 0.0277 287 178 358 333
person 0.0273 0 279 95 333
person 0.0272 421 16 463 71
person 0.0272 0 290 20 333
person 0.0269 459 289 500 333
person 0.0267 196 190 274 330
person 0.0266 467 195 499 259
person 0.0264 422 285 498 333
person 0.0264 15 22 62 92
person 0.0254 430 318 488 332
person 0.0254 327 10 379 131
person 0.0254 285 101 361 297
person 0.0253 287 0 444 165
person 0.0253 196 47 264 179
person 0.0251 347 14 382 85
person 0.0250 344 3 392 51
person 0.0247 461 310 489 333
person 0.0243 19 211 120 331
person 0.0238 55 312 80 333
person 0.0235 3 42 34 93
person 0.0234 0 248 23 288
person 0.0225 3 15 46 93
person 0.0225 433 324 500 333
person 0.0225 185 54 276 277
person 0.0218 0 276 21 313
person 0.0217 350 13 415 56
person 0.0217 337 18 371 101
person 0.0216 0 274 47 333
person 0.0213 28 2 75 67
person 0.0212 296 56 343 123
person 0.0209 346 13 457 81
person 0.0207 381 301 485 332
person 0.0203 239 0 361 161
person 0.0203 427 304 472 333
train 0.0321 0 12 376 324
