boat 0.0286 0 6 204 457
bottle 0.8034 13 32 90 427
bottle 0.3873 91 7 224 500
bottle 0.1317 21 6 167 462
bottle 0.0672 0 213 89 445
bottle 0.0621 45 46 112 407
bottle 0.0533 114 90 223 373
bottle 0.0405 14 34 59 204
bottle 0.0385 9 294 88 418
bottle 0.0348 10 40 77 275
bottle 0.0332 33 35 70 180
bottle 0.0329 166 108 222 400
bottle 0.0323 4 56 36 279
bottle 0.0309 97 102 182 427
bottle 0.0288 37 37 66 101
bottle 0.0283 64 221 94 418
bottle 0.0279 101 182 218 340
bottle 0.0276 94 209 224 430
bottle 0.0260 35 37 56 130
bottle 0.0256 43 42 76 228
bottle 0.0253 4 31 46 169
bottle 0.0249 0 0 17 72
bottle 0.0247 102 198 162 332
bottle 0.0245 100 168 137 348
bottle 0.0242 5 150 32 355
bottle 0.0240 49 37 70 128
bottle 0.0239 81 20 194 333
bottle 0.0232 89 126 121 329
bottle 0.0221 58 31 93 210
bottle 0.0220 72 117 103 337
bottle 0.0218 148 188 209 333
bottle 0.0215 28 38 53 103
bottle 0.0214 0 49 18 295
bottle 0.0210 0 1 10 53
bottle 0.0208 5 331 70 445
bottle 0.0208 38 186 142 459
bottle 0.0204 69 19 109 190
bottle 0.0204 18 220 60 420
bottle 0.0202 88 219 123 408
diningtable 0.0277 0 321 120 486
diningtable 0.0236 0 213 129 445
diningtable 0.0235 3 364 93 458
person 0.0385 151 34 221 396
person 0.0251 0 1 21 86
tvmonitor 0.1093 90 0 221 500
tvmonitor 0.0339 117 74 223 358
tvmonitor 0.0321 81 11 223 238
