bicycle 0.0411 303 361 375 464
bicycle 0.0367 0 443 38 499
bird 0.1953 327 415 375 461
bird 0.1525 329 408 374 441
bird 0.0769 337 406 375 429
bird 0.0685 307 406 375 475
bird 0.0619 0 410 109 494
bird 0.0511 340 390 375 451
bird 0.0499 334 436 373 461
bird 0.0349 347 398 374 426
bird 0.0348 354 408 375 440
bird 0.0345 336 419 375 447
bird 0.0309 0 451 136 500
bird 0.0309 330 421 354 463
bird 0.0304 331 382 375 428
bird 0.0288 333 445 368 464
bird 0.0274 6 473 82 500
bird 0.0273 342 413 366 453
bird 0.0268 343 403 364 433
bird 0.0264 343 428 375 455
bird 0.0257 329 408 360 428
bird 0.0256 8 437 92 490
bird 0.0249 326 411 353 441
bird 0.0244 327 416 347 455
bird 0.0242 351 414 373 454
bird 0.0241 328 396 364 452
bird 0.0232 329 433 375 491
bird 0.0231 57 480 133 500
bird 0.0222 32 480 79 499
bird 0.0218 274 417 375 490
boat 0.0962 338 53 348 107
boat 0.0517 334 50 351 113
boat 0.0346 340 54 363 107
boat 0.0215 332 24 361 112
boat 0.0210 324 51 349 123
boat 0.0205 343 7 372 111
chair 0.7354 204 284 282 414
chair 0.7148 86 306 183 441
chair 0.2127 141 292 271 424
chair 0.1496 28 311 174 476
chair 0.1246 91 303 177 381
chair 0.1181 326 405 375 465
chair 0.1122 211 274 276 362
chair 0.1097 0 353 108 493
chair 0.0871 88 301 146 416
chair 0.0757 129 337 184 442
chair 0.0753 0 410 92 497
chair 0.0732 331 362 374 454
chair 0.0687 220 282 283 333
chair 0.0653 210 317 256 413
chair 0.0613 244 287 282 372
chair 0.0605 0 452 69 497
chair 0.0597 251 299 286 399
chair 0.0596 226 305 273 408
chair 0.0575 336 391 375 433
chair 0.0520 0 374 58 500
chair 0.0500 101 302 167 353
chair 0.0491 204 280 334 438
chair 0.0481 0 288 71 481
chair 0.0465 0 415 39 500
chair 0.0464 0 462 34 499
chair 0.0462 355 402 375 432
chair 0.0458 316 299 373 456
chair 0.0453 124 307 184 362
chair 0.0428 211 265 272 315
chair 0.0428 0 470 61 500
chair 0.0423 345 405 375 444
chair 0.0422 85 308 121 402
chair 0.0415 209 282 249 370
chair 0.0413 207 272 251 332
chair 0.0413 92 262 194 500
chair 0.0395 0 447 120 500
chair 0.0393 339 321 374 428
chair 0.0390 325 426 375 494
chair 0.0387 86 302 137 367
chair 0.0387 200 329 294 448
chair 0.0380 194 260 290 483
chair 0.0376 164 256 245 409
chair 0.0365 198 295 260 384
chair 0.0364 359 390 375 427
chair 0.0351 0 457 17 500
chair 0.0350 10 299 105 453
chair 0.0347 0 366 64 442
chair 0.0347 352 384 375 438
chair 0.0342 339 419 375 459
chair 0.0337 204 261 294 334
chair 0.0337 211 301 263 355
chair 0.0329 147 349 188 421
chair 0.0328 291 412 375 486
chair 0.0328 44 300 142 432
chair 0.0326 252 331 281 418
chair 0.0321 232 293 277 350
chair 0.0317 139 313 180 394
chair 0.0316 256 280 364 445
chair 0.0315 261 324 291 402
chair 0.0313 208 329 236 401
chair 0.0312 238 273 291 402
chair 0.0311 291 379 375 462
chair 0.0307 91 307 123 352
chair 0.0304 0 429 23 500
chair 0.0295 254 279 316 427
chair 0.0287 209 333 264 380
chair 0.0285 328 462 375 499
chair 0.0284 160 305 233 441
chair 0.0271 73 315 255 459
chair 0.0268 358 412 375 453
chair 0.0265 235 268 285 320
chair 0.0263 0 150 82 499
chair 0.0262 99 324 176 365
chair 0.0258 214 345 281 412
chair 0.0257 299 455 375 496
chair 0.0257 0 380 184 498
chair 0.0257 140 295 190 347
chair 0.0256 344 476 375 499
chair 0.0250 0 290 33 405
chair 0.0250 251 278 290 334
chair 0.0246 308 171 375 461
chair 0.0240 262 304 282 384
chair 0.0240 0 369 38 473
chair 0.0239 84 377 172 439
chair 0.0239 226 285 258 348
chair 0.0233 0 271 43 450
chair 0.0233 82 353 181 483
chair 0.0231 123 332 182 373
chair 0.0230 245 288 279 325
chair 0.0227 231 289 266 324
chair 0.0223 123 306 172 340
chair 0.0221 199 288 241 349
chair 0.0217 209 319 242 355
chair 0.0215 10 358 63 415
chair 0.0214 255 293 280 355
chair 0.0209 220 289 253 325
chair 0.0208 259 350 374 476
chair 0.0207 4 389 94 466
chair 0.0206 0 325 57 415
chair 0.0202 14 417 62 499
chair 0.0201 115 280 214 401
chair 0.0200 133 312 202 421
cow 0.0232 0 80 17 189
diningtable 0.0484 12 313 189 477
diningtable 0.0436 68 283 253 443
diningtable 0.0284 145 257 342 428
dog 0.0316 0 0 375 500
horse 0.0368 3 0 271 464
person 0.0473 0 0 151 452
person 0.0436 7 0 375 425
person 0.0362 62 225 179 471
person 0.0225 0 96 14 167
person 0.0213 8 41 92 216
person 0.0206 336 255 375 461
pottedplant 0.0320 205 246 287 412
pottedplant 0.0292 0 153 100 480
pottedplant 0.0207 0 260 51 419
sheep 0.0489 46 272 195 462
sheep 0.0422 337 435 375 462
sheep 0.0242 121 272 296 440
sofa 0.0447 26 286 209 457
train 0.0487 18 0 375 192
train 0.0342 4 0 367 433
tvmonitor 0.0206 0 10 54 74
