aeroplane 0.0262 0 0 479 375
aeroplane 0.0223 0 74 46 126
bird 0.0222 53 0 389 100
boat 0.0410 0 70 44 137
boat 0.0256 121 171 135 214
boat 0.0249 0 56 49 187
boat 0.0210 108 169 135 227
bottle 0.0323 70 10 180 89
bottle 0.0289 131 25 160 51
bottle 0.0248 110 20 162 59
bottle 0.0245 133 25 171 78
bottle 0.0230 137 27 164 62
bottle 0.0203 135 28 177 48
car 0.9447 86 290 188 372
car 0.1056 158 294 189 352
car 0.0593 164 295 186 329
car 0.0512 135 293 186 341
car 0.0506 44 295 157 375
car 0.0468 86 309 150 375
car 0.0435 174 306 190 350
car 0.0434 87 332 111 372
car 0.0397 153 295 184 312
car 0.0373 88 318 123 374
car 0.0353 81 333 193 375
car 0.0345 88 310 113 360
car 0.0331 165 309 187 356
car 0.0326 91 306 118 331
car 0.0312 100 298 124 331
car 0.0305 0 0 482 222
car 0.0295 94 295 131 358
car 0.0278 0 350 23 375
car 0.0261 140 294 172 308
car 0.0255 170 296 189 338
car 0.0255 105 295 181 330
car 0.0252 87 353 119 375
car 0.0247 107 297 134 319
car 0.0235 11 292 115 375
car 0.0235 79 290 292 375
car 0.0230 147 310 186 370
car 0.0222 88 312 111 337
car 0.0215 106 349 188 375
car 0.0210 0 47 45 207
car 0.0210 166 295 200 310
car 0.0208 83 363 125 375
car 0.0208 138 294 184 320
motorbike 0.0228 0 26 500 367
person 0.0540 3 0 170 308
person 0.0361 20 0 500 338
person 0.0328 157 300 188 368
person 0.0288 66 5 185 111
person 0.0209 473 247 500 317
person 0.0203 395 79 408 98
sheep 0.0408 20 0 445 86
train 0.0735 12 0 500 322
train 0.0451 0 73 44 149
train 0.0302 25 0 500 156
train 0.0262 1 56 58 181
train 0.0221 106 303 180 342
tvmonitor 0.0355 0 12 59 56
