bicycle 0.0274 0 27 434 319
bicycle 0.0229 174 59 500 307
bicycle 0.0203 17 58 279 224
bus 0.0376 416 108 498 227
bus 0.0245 8 114 145 237
bus 0.0212 5 105 82 242
bus 0.0204 71 134 144 235
car 0.9132 196 91 427 255
car 0.7678 73 194 137 238
car 0.3717 478 195 500 228
car 0.1685 474 171 500 228
car 0.1382 185 194 204 238
car 0.0987 312 99 441 245
car 0.0949 445 216 476 228
car 0.0894 470 214 499 228
car 0.0832 3 212 24 243
car 0.0830 234 87 451 195
car 0.0808 460 138 497 230
car 0.0755 461 216 491 227
car 0.0711 247 94 378 150
car 0.0679 193 189 215 240
car 0.0645 425 120 496 229
car 0.0622 75 195 110 233
car 0.0621 75 39 376 258
car 0.0613 177 197 198 236
car 0.0613 287 85 441 150
car 0.0599 456 186 498 228
car 0.0598 23 189 138 241
car 0.0571 84 194 175 234
car 0.0569 3 198 39 245
car 0.0558 320 101 431 174
car 0.0544 190 98 296 252
car 0.0535 0 0 483 333
car 0.0531 179 205 193 235
car 0.0512 214 97 294 160
car 0.0507 438 204 476 228
car 0.0501 440 214 466 228
car 0.0464 198 84 343 148
car 0.0456 49 201 123 239
car 0.0444 435 169 492 229
car 0.0428 365 119 436 246
car 0.0416 10 203 59 243
car 0.0411 363 94 472 224
car 0.0399 453 210 477 226
car 0.0399 59 172 160 233
car 0.0387 471 190 494 225
car 0.0371 466 206 481 227
car 0.0353 0 224 30 245
car 0.0351 72 204 95 236
car 0.0350 432 185 462 229
car 0.0349 439 200 458 227
car 0.0342 170 204 186 228
car 0.0338 73 223 111 238
car 0.0331 479 162 500 207
car 0.0329 205 111 500 333
car 0.0327 182 174 209 238
car 0.0326 327 117 425 154
car 0.0325 453 208 494 229
car 0.0323 199 96 270 192
car 0.0317 198 188 224 245
car 0.0315 351 83 476 167
car 0.0314 453 218 482 228
car 0.0311 197 126 262 261
car 0.0306 232 111 312 157
car 0.0305 129 195 192 230
car 0.0304 217 102 289 210
car 0.0299 70 210 84 234
car 0.0291 0 212 15 243
car 0.0290 171 111 252 242
car 0.0285 24 204 85 240
car 0.0282 406 134 432 171
car 0.0280 235 152 441 260
car 0.0278 184 209 200 241
car 0.0270 100 188 231 245
car 0.0268 113 197 140 235
car 0.0265 88 167 195 233
car 0.0263 167 200 191 232
car 0.0261 85 193 126 208
car 0.0260 468 198 499 215
car 0.0256 244 94 337 126
car 0.0255 442 191 482 231
car 0.0255 86 193 125 231
car 0.0254 74 194 102 218
car 0.0254 192 167 229 255
car 0.0251 462 197 489 229
car 0.0241 0 190 26 243
car 0.0239 481 211 500 231
car 0.0236 69 211 118 237
car 0.0234 467 183 496 211
car 0.0229 86 209 141 237
car 0.0227 155 193 199 234
car 0.0227 1 213 36 234
car 0.0225 375 97 440 195
car 0.0223 1 182 84 243
car 0.0222 393 115 435 181
car 0.0221 401 125 466 234
car 0.0220 350 95 435 150
car 0.0219 204 126 285 165
car 0.0218 145 208 177 222
car 0.0214 434 211 457 229
car 0.0212 127 202 145 232
car 0.0212 202 110 259 161
car 0.0210 0 158 43 247
car 0.0209 72 221 94 239
car 0.0206 77 195 119 213
car 0.0202 109 135 236 240
car 0.0201 84 223 130 238
car 0.0200 319 128 404 161
cow 0.0234 8 33 324 241
dog 0.0542 92 52 460 263
dog 0.0244 43 0 357 297
person 0.3560 253 113 289 152
person 0.3374 319 112 368 149
person 0.1706 7 213 29 244
person 0.1617 282 119 314 150
person 0.1460 266 115 296 151
person 0.1459 319 117 347 147
person 0.1419 301 99 374 149
person 0.1383 257 109 310 152
person 0.1253 0 0 178 299
person 0.1244 239 103 283 154
person 0.1171 275 108 338 151
person 0.0903 316 97 412 155
person 0.0898 0 0 500 265
person 0.0873 315 123 339 150
person 0.0868 328 104 385 152
person 0.0835 301 120 358 150
person 0.0715 259 96 359 149
person 0.0713 244 119 268 151
person 0.0694 294 117 338 147
person 0.0642 229 100 268 151
person 0.0635 327 113 354 144
person 0.0558 341 112 367 144
person 0.0554 225 98 304 158
person 0.0545 313 111 342 142
person 0.0538 6 203 42 243
person 0.0506 288 118 321 141
person 0.0484 306 125 328 150
person 0.0481 316 133 354 151
person 0.0476 347 117 374 147
person 0.0474 23 211 44 241
person 0.0473 275 124 296 152
person 0.0470 31 0 256 230
person 0.0461 429 179 454 230
person 0.0452 291 110 361 140
person 0.0435 221 95 253 151
person 0.0430 306 117 331 141
person 0.0426 331 126 374 147
person 0.0424 15 211 37 242
person 0.0420 357 100 408 153
person 0.0418 208 98 284 180
person 0.0412 250 113 275 145
person 0.0404 245 103 330 145
person 0.0399 465 196 481 226
person 0.0392 267 111 288 142
person 0.0386 284 127 330 151
person 0.0371 245 130 284 152
person 0.0353 309 104 373 183
person 0.0348 327 96 431 188
person 0.0347 280 115 308 136
person 0.0320 305 134 336 150
person 0.0318 192 100 279 228
person 0.0317 437 191 457 229
person 0.0315 42 211 58 238
person 0.0310 456 200 474 226
person 0.0304 445 198 466 228
person 0.0302 280 113 338 136
person 0.0296 32 211 50 240
person 0.0295 184 191 211 251
person 0.0294 479 0 499 34
person 0.0294 258 113 294 134
person 0.0293 114 200 139 234
person 0.0288 204 105 249 166
person 0.0288 0 207 23 247
person 0.0280 71 214 83 237
person 0.0279 12 192 56 244
person 0.0275 237 121 259 152
person 0.0274 72 200 95 234
person 0.0273 328 110 367 127
person 0.0271 298 119 338 135
person 0.0270 324 114 342 135
person 0.0266 434 185 474 230
person 0.0265 0 61 20 98
person 0.0260 354 109 386 147
person 0.0258 258 124 282 155
person 0.0251 264 117 301 138
person 0.0248 321 108 374 134
person 0.0245 193 182 219 240
person 0.0245 198 191 226 252
person 0.0244 306 93 392 133
person 0.0239 451 190 478 228
person 0.0238 368 95 434 166
person 0.0229 318 116 335 132
person 0.0227 437 0 495 64
person 0.0226 265 130 303 151
person 0.0226 361 124 381 149
person 0.0224 198 191 215 234
person 0.0223 39 202 63 238
person 0.0222 465 182 490 222
person 0.0218 275 112 292 135
person 0.0214 285 114 322 166
person 0.0211 421 169 448 229
person 0.0209 69 205 84 232
person 0.0207 252 110 289 125
person 0.0205 127 204 145 235
person 0.0204 316 111 351 124
person 0.0201 404 133 434 191
