aeroplane 0.0527 0 0 420 375
bird 0.0439 117 183 233 375
bird 0.0347 0 0 463 357
bird 0.0203 184 263 215 340
boat 0.0323 27 0 274 311
boat 0.0315 0 0 500 318
boat 0.0259 24 37 81 51
bus 0.1036 0 0 428 375
bus 0.0224 24 32 301 314
person 0.0499 0 0 221 375
sheep 0.8091 116 181 220 340
sheep 0.7617 12 188 132 309
sheep 0.7562 365 52 445 125
sheep 0.7531 297 5 396 92
sheep 0.7443 259 183 360 317
sheep 0.7335 252 7 296 85
sheep 0.6803 214 194 274 322
sheep 0.2716 222 184 318 320
sheep 0.2662 42 155 287 318
sheep 0.2200 310 31 437 105
sheep 0.2028 150 183 307 331
sheep 0.1399 108 252 135 321
sheep 0.1284 285 64 408 309
sheep 0.1262 194 131 365 332
sheep 0.1223 270 7 360 91
sheep 0.1184 130 184 217 255
sheep 0.1165 13 129 172 318
sheep 0.1152 111 251 153 325
sheep 0.1125 42 190 136 263
sheep 0.1095 186 220 279 338
sheep 0.1041 260 31 290 86
sheep 0.0970 363 95 384 123
sheep 0.0969 9 264 47 312
sheep 0.0935 11 248 98 311
sheep 0.0915 113 230 192 339
sheep 0.0870 107 202 161 327
sheep 0.0867 359 55 420 109
sheep 0.0850 93 101 391 329
sheep 0.0840 280 0 424 132
sheep 0.0815 173 190 254 324
sheep 0.0815 214 255 244 317
sheep 0.0805 297 207 360 321
sheep 0.0804 362 80 414 123
sheep 0.0768 16 40 334 346
sheep 0.0763 249 36 301 92
sheep 0.0754 457 343 498 373
sheep 0.0746 280 263 307 306
sheep 0.0707 320 1 397 62
sheep 0.0668 50 182 222 296
sheep 0.0643 384 55 452 103
sheep 0.0639 341 11 406 95
sheep 0.0639 74 188 144 313
sheep 0.0636 56 209 247 341
sheep 0.0627 125 259 161 320
sheep 0.0623 108 268 127 319
sheep 0.0621 252 185 350 255
sheep 0.0611 103 222 143 321
sheep 0.0609 381 0 455 117
sheep 0.0603 233 0 306 97
sheep 0.0589 279 19 327 87
sheep 0.0588 46 214 114 311
sheep 0.0588 340 4 398 44
sheep 0.0573 259 52 282 85
sheep 0.0559 162 218 220 342
sheep 0.0549 146 184 216 222
sheep 0.0519 7 243 144 323
sheep 0.0515 267 206 324 312
sheep 0.0505 365 102 404 122
sheep 0.0490 223 238 372 325
sheep 0.0473 212 253 271 323
sheep 0.0457 295 39 326 90
sheep 0.0453 338 68 428 122
sheep 0.0450 296 44 352 90
sheep 0.0446 256 6 294 44
sheep 0.0445 402 56 444 123
sheep 0.0435 9 275 33 311
sheep 0.0435 457 344 479 371
sheep 0.0435 361 74 390 125
sheep 0.0428 13 200 81 297
sheep 0.0428 295 52 313 86
sheep 0.0427 118 183 262 279
sheep 0.0421 213 197 272 254
sheep 0.0404 393 53 437 86
sheep 0.0401 272 250 356 318
sheep 0.0393 255 55 270 83
sheep 0.0380 389 52 500 116
sheep 0.0379 315 244 360 319
sheep 0.0377 334 23 464 289
sheep 0.0376 189 220 231 325
sheep 0.0371 129 255 219 340
sheep 0.0362 5 232 41 304
sheep 0.0360 288 185 361 271
sheep 0.0359 227 220 293 321
sheep 0.0358 2 265 23 314
sheep 0.0357 384 104 424 123
sheep 0.0352 372 57 399 90
sheep 0.0349 356 6 398 70
sheep 0.0348 271 245 305 314
sheep 0.0348 117 190 180 307
sheep 0.0346 355 47 400 89
sheep 0.0340 76 191 134 231
sheep 0.0328 80 271 98 303
sheep 0.0324 378 56 407 80
sheep 0.0324 390 54 432 72
sheep 0.0323 192 190 272 278
sheep 0.0322 248 2 284 62
sheep 0.0322 78 233 124 311
sheep 0.0317 371 50 422 88
sheep 0.0314 363 105 372 122
sheep 0.0310 214 268 234 314
sheep 0.0310 261 31 433 215
sheep 0.0309 208 223 255 316
sheep 0.0306 312 8 375 50
sheep 0.0304 385 84 445 123
sheep 0.0300 6 277 77 312
sheep 0.0300 342 13 494 129
sheep 0.0298 138 265 165 315
sheep 0.0297 192 259 225 336
sheep 0.0297 240 195 298 295
sheep 0.0293 103 10 491 375
sheep 0.0292 91 182 186 261
sheep 0.0288 170 33 374 273
sheep 0.0288 112 273 142 327
sheep 0.0283 0 205 153 361
sheep 0.0283 53 267 113 309
sheep 0.0282 174 186 218 238
sheep 0.0282 260 186 352 216
sheep 0.0277 319 5 396 30
sheep 0.0275 62 240 104 309
sheep 0.0274 354 8 398 27
sheep 0.0272 3 226 71 316
sheep 0.0272 247 0 327 73
sheep 0.0271 363 68 460 149
sheep 0.0262 121 0 383 114
sheep 0.0259 280 277 360 315
sheep 0.0259 262 68 291 86
sheep 0.0258 385 55 419 78
sheep 0.0257 403 104 444 122
sheep 0.0256 366 60 395 113
sheep 0.0255 365 20 400 89
sheep 0.0252 283 265 324 311
sheep 0.0252 308 61 461 131
sheep 0.0251 295 63 321 89
sheep 0.0250 336 59 416 94
sheep 0.0249 298 16 337 88
sheep 0.0249 106 286 125 315
sheep 0.0248 363 76 383 112
sheep 0.0246 363 99 428 123
sheep 0.0243 250 0 432 74
sheep 0.0243 253 31 276 84
sheep 0.0242 17 192 118 244
sheep 0.0242 87 193 138 260
sheep 0.0241 0 59 99 311
sheep 0.0238 366 0 402 42
sheep 0.0238 29 260 70 310
sheep 0.0238 417 85 444 122
sheep 0.0236 134 269 155 312
sheep 0.0236 344 66 402 109
sheep 0.0233 295 186 361 231
sheep 0.0232 251 62 261 81
sheep 0.0230 176 262 217 345
sheep 0.0229 313 9 353 38
sheep 0.0228 192 188 218 207
sheep 0.0227 114 274 171 332
sheep 0.0227 146 185 259 246
sheep 0.0226 114 184 205 230
sheep 0.0226 230 2 268 69
sheep 0.0226 243 253 275 323
sheep 0.0222 100 223 302 368
sheep 0.0221 267 113 373 292
sheep 0.0220 257 62 289 82
sheep 0.0219 301 0 349 74
sheep 0.0219 249 14 263 52
sheep 0.0216 278 0 378 63
sheep 0.0216 109 196 154 268
sheep 0.0214 44 257 99 304
sheep 0.0213 324 211 367 316
sheep 0.0213 205 262 231 323
sheep 0.0210 277 20 302 78
sheep 0.0210 336 68 361 90
sheep 0.0210 69 257 138 315
sheep 0.0209 88 260 121 318
sheep 0.0209 274 264 300 291
sheep 0.0209 102 288 113 310
sheep 0.0208 309 54 397 93
sheep 0.0207 88 279 103 304
sheep 0.0207 165 186 216 206
sheep 0.0205 29 278 102 314
sheep 0.0203 102 189 159 231
sheep 0.0201 271 50 294 86
train 0.0726 0 0 314 375
