aeroplane 0.0472 330 134 496 185
aeroplane 0.0362 456 154 500 186
aeroplane 0.0272 410 141 497 187
aeroplane 0.0272 477 153 500 180
aeroplane 0.0232 0 0 478 219
aeroplane 0.0220 96 48 113 73
aeroplane 0.0211 447 144 495 178
bird 0.8724 135 71 344 183
bird 0.4963 20 81 146 138
bird 0.2275 35 83 137 115
bird 0.2174 37 79 273 167
bird 0.1594 120 0 432 201
bird 0.1194 0 82 192 156
bird 0.0715 482 226 499 250
bird 0.0681 131 74 304 115
bird 0.0606 134 75 242 100
bird 0.0586 3 76 374 202
bird 0.0549 273 81 341 174
bird 0.0547 16 84 107 124
bird 0.0535 61 82 120 106
bird 0.0522 67 85 135 133
bird 0.0515 141 52 328 129
bird 0.0514 228 93 346 184
bird 0.0509 448 145 485 185
bird 0.0494 51 79 188 118
bird 0.0479 43 84 98 113
bird 0.0468 483 234 500 260
bird 0.0429 459 149 500 186
bird 0.0427 157 95 484 193
bird 0.0413 66 83 116 95
bird 0.0413 302 135 490 184
bird 0.0412 39 102 152 143
bird 0.0386 131 34 315 82
bird 0.0385 34 46 241 141
bird 0.0365 162 76 285 99
bird 0.0363 137 35 247 70
bird 0.0354 22 48 175 195
bird 0.0343 133 46 264 103
bird 0.0342 473 235 498 251
bird 0.0337 127 65 238 123
bird 0.0331 29 79 84 118
bird 0.0324 9 53 156 130
bird 0.0319 478 217 500 255
bird 0.0316 59 86 86 110
bird 0.0303 470 156 495 183
bird 0.0302 401 142 493 185
bird 0.0301 123 25 290 164
bird 0.0300 179 116 380 186
bird 0.0299 9 103 155 183
bird 0.0293 129 74 185 102
bird 0.0282 76 81 107 92
bird 0.0279 61 84 90 98
bird 0.0276 76 78 146 106
bird 0.0276 130 124 295 185
bird 0.0275 0 83 500 267
bird 0.0267 74 74 186 149
bird 0.0267 25 105 122 134
bird 0.0260 486 215 500 247
bird 0.0259 134 42 226 86
bird 0.0259 187 74 331 102
bird 0.0259 474 224 496 247
bird 0.0250 482 236 500 248
bird 0.0247 58 103 136 125
bird 0.0246 28 120 149 151
bird 0.0241 132 67 204 94
bird 0.0240 75 82 103 104
bird 0.0239 211 73 340 143
bird 0.0236 155 71 264 91
bird 0.0233 19 94 69 126
bird 0.0232 285 101 461 181
bird 0.0231 62 111 136 134
bird 0.0229 326 0 408 7
bird 0.0229 118 9 341 74
bird 0.0227 284 105 377 175
bird 0.0223 465 228 500 257
bird 0.0217 83 80 110 99
bird 0.0216 97 49 112 70
bird 0.0215 137 80 237 171
bird 0.0212 39 119 254 188
bird 0.0211 61 94 195 178
bird 0.0208 140 36 190 73
bird 0.0202 253 146 500 198
bird 0.0202 126 76 200 114
bird 0.0202 453 147 477 178
bird 0.0201 471 241 494 264
cat 0.0200 7 6 422 175
person 0.0300 0 0 218 238
person 0.0269 235 131 271 180
person 0.0232 0 0 411 211
