bicycle 0.0237 8 344 242 485
bird 0.0474 60 47 101 105
bird 0.0436 84 367 231 470
bird 0.0405 96 357 346 468
bird 0.0232 286 175 393 336
bird 0.0205 223 31 259 76
bird 0.0202 199 369 364 462
bottle 0.0237 284 166 391 307
car 0.0480 366 0 400 21
car 0.0347 383 0 400 24
car 0.0223 355 0 400 38
cat 0.0282 266 141 389 319
cat 0.0273 216 133 382 394
cat 0.0227 171 21 303 121
cat 0.0207 190 31 362 280
chair 0.0212 301 178 356 219
dog 0.7953 63 22 376 467
dog 0.0868 79 314 364 466
dog 0.0474 186 7 388 405
dog 0.0449 1 160 316 470
dog 0.0397 122 184 400 465
dog 0.0369 62 41 225 409
dog 0.0347 56 24 209 129
dog 0.0342 57 46 115 111
dog 0.0337 45 37 128 278
dog 0.0305 254 278 375 433
dog 0.0304 50 20 299 156
dog 0.0294 259 151 388 433
dog 0.0276 206 337 366 431
dog 0.0275 27 351 273 480
dog 0.0262 54 27 178 305
dog 0.0259 164 295 370 424
dog 0.0244 280 170 391 338
dog 0.0236 37 23 143 124
dog 0.0233 102 22 271 120
dog 0.0224 285 230 385 406
dog 0.0202 74 317 218 475
person 0.0282 342 0 400 41
person 0.0255 280 149 392 319
person 0.0232 0 170 33 273
person 0.0230 53 16 127 146
person 0.0214 255 78 388 368
person 0.0212 0 1 32 72
person 0.0208 0 1 19 47
person 0.0204 292 301 360 431
pottedplant 0.0650 0 19 96 279
pottedplant 0.0567 263 0 394 239
pottedplant 0.0466 275 6 397 139
pottedplant 0.0418 286 100 364 200
pottedplant 0.0411 323 7 399 182
pottedplant 0.0385 4 11 98 141
pottedplant 0.0367 267 23 359 190
pottedplant 0.0363 290 90 384 258
pottedplant 0.0357 221 14 363 123
pottedplant 0.0341 39 6 124 99
pottedplant 0.0339 247 0 351 94
pottedplant 0.0333 335 1 398 68
pottedplant 0.0323 291 112 348 175
pottedplant 0.0302 145 6 271 74
pottedplant 0.0295 304 122 353 202
pottedplant 0.0292 363 3 400 96
pottedplant 0.0291 342 2 399 125
pottedplant 0.0290 252 1 341 45
pottedplant 0.0287 179 10 393 166
pottedplant 0.0283 0 53 69 219
pottedplant 0.0276 247 0 400 52
pottedplant 0.0272 18 33 110 109
pottedplant 0.0270 3 1 109 81
pottedplant 0.0265 0 0 132 192
pottedplant 0.0257 0 1 63 73
pottedplant 0.0256 57 45 146 103
pottedplant 0.0256 215 5 321 80
pottedplant 0.0256 58 30 104 103
pottedplant 0.0251 260 0 303 62
pottedplant 0.0249 304 91 377 167
pottedplant 0.0234 0 39 72 127
pottedplant 0.0233 0 116 31 219
pottedplant 0.0232 0 119 68 272
pottedplant 0.0224 250 49 386 337
pottedplant 0.0223 321 103 361 183
pottedplant 0.0217 359 0 400 52
pottedplant 0.0217 125 7 226 62
pottedplant 0.0210 322 88 389 141
pottedplant 0.0208 247 7 328 155
pottedplant 0.0206 283 86 354 163
