bird 0.0222 412 2 496 55
bus 0.0363 445 0 500 161
car 0.0294 19 139 69 168
car 0.0281 384 1 500 50
car 0.0276 413 0 499 135
car 0.0253 0 70 22 106
car 0.0237 0 125 25 156
car 0.0226 2 147 41 165
car 0.0207 438 4 500 53
car 0.0203 0 130 50 168
person 0.1836 38 144 59 169
person 0.0483 30 145 47 170
person 0.0476 22 141 61 169
person 0.0475 46 146 65 166
person 0.0294 59 150 73 167
person 0.0293 118 207 162 229
person 0.0287 39 139 62 159
person 0.0282 15 97 144 351
person 0.0277 0 110 26 149
person 0.0261 36 139 70 167
person 0.0251 481 138 498 166
person 0.0215 434 0 491 59
person 0.0214 27 143 53 163
person 0.0211 32 118 55 149
person 0.0209 34 135 67 151
person 0.0208 15 146 43 167
person 0.0203 4 128 65 168
pottedplant 0.0361 0 297 18 331
pottedplant 0.0297 0 191 21 220
pottedplant 0.0217 0 295 35 329
pottedplant 0.0209 0 293 14 361
train 0.9026 20 61 487 359
train 0.4796 0 99 130 161
train 0.1385 0 117 82 163
train 0.1166 0 75 208 159
train 0.0868 0 96 62 156
train 0.0829 418 0 499 169
train 0.0699 2 36 106 155
train 0.0663 4 92 141 207
train 0.0560 334 60 483 297
train 0.0507 363 6 495 206
train 0.0427 10 85 148 318
train 0.0426 6 112 101 147
train 0.0414 0 46 169 132
train 0.0402 78 68 446 180
train 0.0384 0 53 398 254
train 0.0377 233 68 483 200
train 0.0351 30 97 94 157
train 0.0350 0 71 49 141
train 0.0342 36 101 174 148
train 0.0339 0 37 279 144
train 0.0334 2 141 71 171
train 0.0318 480 135 498 164
train 0.0314 0 117 28 152
train 0.0313 272 16 500 152
train 0.0311 420 65 491 183
train 0.0310 47 115 147 152
train 0.0309 1 62 72 124
train 0.0301 0 99 81 133
train 0.0295 160 72 431 147
train 0.0294 31 124 126 162
train 0.0294 376 81 482 215
train 0.0293 249 72 441 314
train 0.0291 37 0 500 128
train 0.0291 316 71 484 162
train 0.0281 12 80 292 202
train 0.0272 0 72 42 107
train 0.0251 3 79 113 135
train 0.0249 18 12 190 87
train 0.0235 181 0 486 303
train 0.0234 377 0 486 110
train 0.0222 440 6 495 130
train 0.0212 0 87 63 117
train 0.0210 80 74 318 143
train 0.0208 4 0 156 166
train 0.0201 0 121 49 157
train 0.0201 22 143 184 362
