aeroplane 0.0446 0 40 202 195
aeroplane 0.0401 113 113 215 183
aeroplane 0.0207 68 60 215 179
boat 0.0376 114 102 220 181
boat 0.0314 0 0 172 445
boat 0.0302 9 62 334 444
boat 0.0263 0 455 64 500
boat 0.0259 0 0 334 276
boat 0.0252 119 43 223 268
boat 0.0247 100 40 271 194
boat 0.0242 0 358 173 494
boat 0.0215 125 108 200 160
boat 0.0206 221 118 246 206
boat 0.0204 0 414 119 492
boat 0.0202 176 405 333 498
boat 0.0201 0 447 112 500
bottle 0.0300 176 426 195 500
bottle 0.0256 179 395 205 494
bottle 0.0242 173 436 302 491
bottle 0.0204 77 467 125 498
car 0.3971 117 178 217 293
car 0.2235 227 44 334 302
car 0.2069 226 32 331 177
car 0.1926 118 118 219 260
car 0.1891 0 94 101 235
car 0.1855 67 180 212 363
car 0.1848 124 177 253 361
car 0.1844 1 175 153 385
car 0.1484 260 205 332 336
car 0.1436 128 181 212 249
car 0.1412 16 189 166 307
car 0.1411 135 213 205 356
car 0.1390 193 65 334 417
car 0.1356 3 235 52 307
car 0.1335 38 202 158 274
car 0.1210 0 236 50 370
car 0.1184 5 143 146 264
car 0.1124 5 258 47 298
car 0.1103 123 194 189 275
car 0.1057 0 259 41 325
car 0.1038 130 17 334 194
car 0.1037 0 273 24 370
car 0.0986 0 177 82 305
car 0.0954 101 197 193 335
car 0.0943 0 95 193 253
car 0.0939 191 181 330 334
car 0.0906 0 114 81 175
car 0.0889 234 76 328 220
car 0.0883 258 198 329 263
car 0.0869 2 267 28 305
car 0.0857 125 133 210 189
car 0.0817 125 147 294 288
car 0.0817 0 64 96 182
car 0.0792 117 94 223 202
car 0.0789 0 280 17 338
car 0.0788 252 0 334 145
car 0.0759 0 68 209 382
car 0.0750 264 207 316 245
car 0.0741 0 134 110 335
car 0.0737 36 162 200 270
car 0.0730 119 214 160 273
car 0.0708 1 273 25 323
car 0.0699 266 231 328 285
car 0.0692 159 182 267 294
car 0.0690 7 264 31 295
car 0.0686 117 69 298 224
car 0.0672 4 210 68 292
car 0.0666 132 231 188 276
car 0.0654 0 151 89 227
car 0.0653 134 178 203 222
car 0.0653 135 213 208 284
car 0.0649 90 44 325 343
car 0.0648 0 122 58 164
car 0.0643 242 143 326 282
car 0.0630 0 318 15 383
car 0.0624 252 184 320 241
car 0.0624 244 91 329 159
car 0.0613 52 204 130 253
car 0.0613 89 186 170 276
car 0.0610 248 176 295 217
car 0.0596 10 188 121 268
car 0.0593 0 20 135 202
car 0.0582 136 155 203 197
car 0.0581 262 180 286 215
car 0.0568 117 261 216 364
car 0.0554 275 201 312 232
car 0.0550 7 216 118 296
car 0.0535 8 245 51 286
car 0.0531 41 188 95 232
car 0.0517 156 257 180 278
car 0.0510 303 240 334 304
car 0.0509 2 267 15 299
car 0.0501 26 174 84 220
car 0.0499 108 137 183 280
car 0.0494 125 0 251 273
car 0.0487 83 216 156 269
car 0.0485 35 59 250 236
car 0.0479 0 129 67 211
car 0.0459 11 258 40 286
car 0.0459 185 159 297 260
car 0.0457 281 221 334 312
car 0.0456 263 186 306 226
car 0.0448 283 245 332 288
car 0.0443 58 204 114 238
car 0.0440 260 246 318 303
car 0.0435 227 201 321 278
car 0.0429 137 145 200 180
car 0.0422 32 185 88 260
car 0.0413 0 307 17 354
car 0.0413 240 146 289 212
car 0.0409 46 185 76 224
car 0.0407 3 243 82 334
car 0.0407 0 92 60 149
car 0.0395 127 141 227 214
car 0.0393 237 180 299 235
car 0.0393 96 8 201 276
car 0.0390 146 249 182 277
car 0.0390 266 125 331 171
car 0.0389 1 76 58 125
car 0.0387 121 184 169 247
car 0.0386 282 198 309 216
car 0.0385 246 123 306 167
car 0.0384 0 170 64 220
car 0.0380 116 188 166 321
car 0.0380 2 158 73 202
car 0.0367 154 140 221 185
car 0.0359 190 78 316 250
car 0.0356 41 213 107 265
car 0.0353 282 215 314 242
car 0.0352 248 41 332 109
car 0.0350 294 212 334 280
car 0.0348 6 263 23 288
car 0.0347 9 263 53 341
car 0.0344 0 98 155 192
car 0.0343 157 229 211 278
car 0.0343 0 282 41 345
car 0.0342 152 170 236 265
car 0.0338 264 61 332 144
car 0.0334 0 236 24 305
car 0.0328 232 225 322 318
car 0.0325 1 211 35 294
car 0.0325 313 240 334 285
car 0.0325 0 257 18 306
car 0.0325 249 129 326 191
car 0.0321 241 105 295 181
car 0.0319 262 176 324 221
car 0.0318 0 300 25 331
car 0.0317 130 228 178 350
car 0.0313 267 95 323 132
car 0.0311 161 195 217 276
car 0.0311 189 128 309 214
car 0.0310 10 260 69 312
car 0.0310 39 178 78 208
car 0.0306 244 201 297 251
car 0.0302 51 199 78 226
car 0.0299 158 157 221 200
car 0.0296 302 238 333 272
car 0.0295 3 0 65 134
car 0.0293 224 81 305 184
car 0.0289 132 225 159 269
car 0.0287 212 31 284 183
car 0.0287 249 151 321 210
car 0.0286 15 252 47 278
car 0.0284 255 182 302 272
car 0.0281 0 115 15 162
car 0.0281 269 216 326 254
car 0.0280 156 176 220 217
car 0.0279 2 243 12 288
car 0.0273 147 95 294 185
car 0.0273 248 13 332 85
car 0.0272 108 58 248 185
car 0.0272 145 251 202 299
car 0.0271 3 261 17 289
car 0.0269 281 135 332 188
car 0.0267 232 70 318 137
car 0.0267 281 200 327 243
car 0.0266 278 138 333 263
car 0.0266 241 48 304 94
car 0.0266 150 255 171 280
car 0.0265 9 201 71 253
car 0.0265 212 171 288 223
car 0.0263 128 244 198 317
car 0.0263 74 206 108 228
car 0.0263 0 197 6 236
car 0.0262 166 199 217 353
car 0.0262 0 0 120 95
car 0.0261 72 210 158 315
car 0.0261 140 132 278 220
car 0.0261 4 225 52 274
car 0.0260 104 203 159 258
car 0.0259 21 168 121 233
car 0.0258 303 0 332 81
car 0.0256 221 120 246 204
car 0.0254 281 98 332 162
car 0.0254 194 0 322 96
car 0.0253 250 108 286 160
car 0.0252 24 20 167 295
car 0.0250 75 191 141 237
car 0.0250 3 281 30 312
car 0.0249 0 54 13 109
car 0.0246 223 109 289 210
car 0.0246 273 81 332 198
car 0.0245 129 238 168 303
car 0.0245 245 130 285 194
car 0.0243 318 337 334 371
car 0.0242 116 141 182 183
car 0.0241 51 122 194 224
car 0.0238 236 61 290 96
car 0.0238 289 204 314 226
car 0.0238 53 173 115 217
car 0.0238 99 231 166 359
car 0.0235 0 98 38 170
car 0.0233 55 202 100 229
car 0.0232 144 242 163 276
car 0.0231 284 230 334 268
car 0.0230 0 89 15 144
car 0.0229 23 229 87 283
car 0.0229 54 187 80 212
car 0.0229 0 220 11 283
car 0.0228 302 54 333 148
car 0.0227 0 278 17 303
car 0.0224 0 317 25 345
car 0.0222 278 225 312 247
car 0.0221 321 233 333 268
car 0.0221 44 194 80 243
car 0.0220 11 277 42 304
car 0.0218 157 62 313 158
car 0.0217 119 175 180 219
car 0.0215 17 263 49 290
car 0.0215 105 238 160 292
car 0.0215 81 165 92 205
car 0.0214 207 150 241 208
car 0.0213 154 200 205 315
car 0.0213 320 0 333 54
car 0.0213 168 259 190 278
car 0.0212 1 59 73 115
car 0.0211 302 254 332 283
car 0.0211 206 167 231 210
car 0.0211 154 96 282 348
car 0.0210 251 104 307 142
car 0.0209 186 174 241 253
car 0.0208 178 181 231 310
car 0.0208 293 114 334 179
car 0.0208 23 87 56 107
car 0.0208 2 160 52 266
car 0.0206 84 146 149 281
car 0.0205 80 188 103 207
car 0.0204 218 159 275 204
car 0.0203 188 204 302 297
car 0.0202 17 247 83 297
car 0.0202 0 120 33 159
car 0.0201 285 193 307 210
car 0.0200 239 73 269 95
car 0.0200 271 203 304 224
car 0.0200 199 170 248 216
chair 0.0228 0 426 111 496
motorbike 0.8931 5 189 159 465
motorbike 0.8406 182 180 329 453
motorbike 0.4047 128 187 293 424
motorbike 0.2861 224 194 329 382
motorbike 0.2122 268 228 333 362
motorbike 0.1754 0 257 48 399
motorbike 0.1722 67 145 319 469
motorbike 0.1568 52 188 206 391
motorbike 0.1292 255 213 333 444
motorbike 0.1230 134 203 239 371
motorbike 0.0899 0 201 140 354
motorbike 0.0881 0 232 99 408
motorbike 0.0841 18 105 241 400
motorbike 0.0835 0 285 24 382
motorbike 0.0832 0 221 66 366
motorbike 0.0770 172 179 310 322
motorbike 0.0722 112 197 213 443
motorbike 0.0689 301 251 334 362
motorbike 0.0649 0 315 36 402
motorbike 0.0626 187 231 279 473
motorbike 0.0599 0 316 17 405
motorbike 0.0555 253 247 318 377
motorbike 0.0552 284 245 331 333
motorbike 0.0530 169 236 233 401
motorbike 0.0508 91 218 180 424
motorbike 0.0459 0 288 134 453
motorbike 0.0439 144 246 212 412
motorbike 0.0437 147 50 334 421
motorbike 0.0427 2 269 31 334
motorbike 0.0357 1 205 268 500
motorbike 0.0350 49 268 157 476
motorbike 0.0337 282 282 333 348
motorbike 0.0336 123 276 185 463
motorbike 0.0333 7 256 42 308
motorbike 0.0310 162 283 252 467
motorbike 0.0305 0 331 16 379
motorbike 0.0300 0 305 65 444
motorbike 0.0295 94 301 162 468
motorbike 0.0282 216 270 332 484
motorbike 0.0277 9 349 163 469
motorbike 0.0274 260 253 317 320
motorbike 0.0266 265 267 307 354
motorbike 0.0262 309 277 333 330
motorbike 0.0256 0 0 172 500
motorbike 0.0243 182 221 300 359
motorbike 0.0240 290 298 330 382
motorbike 0.0239 310 283 333 370
motorbike 0.0239 0 384 114 469
motorbike 0.0238 140 311 215 453
motorbike 0.0236 91 275 197 370
motorbike 0.0233 9 270 53 356
motorbike 0.0230 0 299 47 366
motorbike 0.0223 72 291 224 469
motorbike 0.0209 180 200 232 345
motorbike 0.0207 211 256 314 349
motorbike 0.0203 262 282 334 390
motorbike 0.0202 118 247 334 500
motorbike 0.0200 270 298 327 360
motorbike 0.0200 177 327 288 450
person 0.1764 257 203 333 360
person 0.1598 2 218 61 387
person 0.0824 300 244 334 352
person 0.0803 159 213 232 371
person 0.0788 198 199 280 409
person 0.0712 4 178 106 395
person 0.0689 267 246 305 342
person 0.0632 280 244 319 341
person 0.0567 6 266 22 299
person 0.0537 1 272 30 364
person 0.0518 0 321 16 404
person 0.0507 213 165 309 378
person 0.0499 277 203 312 240
person 0.0497 0 68 140 482
person 0.0491 256 227 312 322
person 0.0484 303 222 334 313
person 0.0484 257 241 315 394
person 0.0461 272 223 321 291
person 0.0447 11 261 25 290
person 0.0446 313 240 334 330
person 0.0440 0 298 22 379
person 0.0438 176 178 258 304
person 0.0437 292 301 306 348
person 0.0432 270 235 333 468
person 0.0426 319 243 334 294
person 0.0425 293 265 327 373
person 0.0411 7 271 25 310
person 0.0410 98 215 171 375
person 0.0400 279 249 308 288
person 0.0400 30 189 145 413
person 0.0388 6 153 87 308
person 0.0387 314 275 334 365
person 0.0369 319 314 333 367
person 0.0361 8 259 31 302
person 0.0357 280 268 305 348
person 0.0354 255 193 306 296
person 0.0349 11 249 51 328
person 0.0346 312 286 331 337
person 0.0339 288 241 331 294
person 0.0333 0 383 16 408
person 0.0331 10 324 25 374
person 0.0331 53 188 75 224
person 0.0330 272 218 308 241
person 0.0327 4 266 37 333
person 0.0325 279 257 301 318
person 0.0323 287 256 303 298
person 0.0322 301 240 333 281
person 0.0322 83 73 334 478
person 0.0321 95 59 204 328
person 0.0320 16 256 44 287
person 0.0319 289 208 328 285
person 0.0319 295 206 312 240
person 0.0317 1 313 32 393
person 0.0316 259 195 308 243
person 0.0313 283 266 298 308
person 0.0307 286 280 302 327
person 0.0306 289 275 312 353
person 0.0304 270 254 300 298
person 0.0304 288 292 303 341
person 0.0300 260 179 287 233
person 0.0297 293 254 315 285
person 0.0296 292 282 307 328
person 0.0296 13 265 41 297
person 0.0292 143 232 160 274
person 0.0289 79 289 91 350
person 0.0287 287 209 304 244
person 0.0286 58 198 79 228
person 0.0283 10 267 50 367
person 0.0283 158 254 171 278
person 0.0281 313 267 331 319
person 0.0279 251 107 274 159
person 0.0278 21 328 35 371
person 0.0276 285 238 314 304
person 0.0275 290 201 309 234
person 0.0275 9 299 25 351
person 0.0275 272 211 319 257
person 0.0273 285 249 313 276
person 0.0273 314 303 330 354
person 0.0272 277 270 293 309
person 0.0270 273 210 298 237
person 0.0270 265 188 284 226
person 0.0267 0 256 66 470
person 0.0266 8 241 30 288
person 0.0265 280 201 305 229
person 0.0265 7 280 25 330
person 0.0263 307 248 326 289
person 0.0263 305 193 334 275
person 0.0262 8 253 19 283
person 0.0260 242 176 296 315
person 0.0259 247 193 290 253
person 0.0257 269 269 300 376
person 0.0256 264 210 285 238
person 0.0255 252 257 288 350
person 0.0254 15 231 48 292
person 0.0253 11 290 33 361
person 0.0253 308 281 324 328
person 0.0252 45 181 75 238
person 0.0247 15 252 31 282
person 0.0245 302 251 318 289
person 0.0245 275 263 295 293
person 0.0245 261 243 314 281
person 0.0244 206 122 288 325
person 0.0244 228 197 288 357
person 0.0240 273 270 297 330
person 0.0240 15 324 31 373
person 0.0240 165 258 183 279
person 0.0238 2 237 22 292
person 0.0238 285 199 306 220
person 0.0237 0 248 19 316
person 0.0234 274 48 290 74
person 0.0232 263 212 300 245
person 0.0230 74 197 151 360
person 0.0225 292 261 308 306
person 0.0225 271 273 288 317
person 0.0224 151 248 167 278
person 0.0224 32 239 46 274
person 0.0224 271 293 286 337
person 0.0224 288 216 316 241
person 0.0222 313 238 332 275
person 0.0221 240 315 254 363
person 0.0221 25 248 42 284
person 0.0220 4 0 248 429
person 0.0219 50 199 69 237
person 0.0219 181 201 222 285
person 0.0219 251 212 288 299
person 0.0216 206 169 226 210
person 0.0216 123 215 157 275
person 0.0216 267 193 290 242
person 0.0215 9 242 88 364
person 0.0214 261 218 311 268
person 0.0214 296 292 312 342
person 0.0212 304 218 315 245
person 0.0212 41 200 76 279
person 0.0210 162 256 176 278
person 0.0210 295 271 315 336
person 0.0210 69 204 107 237
person 0.0209 22 307 35 359
person 0.0208 277 224 302 248
person 0.0207 305 299 334 412
person 0.0206 25 333 39 368
person 0.0205 276 197 290 231
person 0.0204 265 235 295 308
person 0.0203 28 232 48 281
person 0.0202 47 188 84 258
person 0.0202 221 120 246 206
person 0.0202 271 49 288 89
person 0.0201 299 279 323 343
person 0.0200 288 237 321 274
person 0.0200 283 288 299 338
person 0.0200 302 281 318 330
train 0.0227 0 410 188 500
tvmonitor 0.0735 262 180 286 214
tvmonitor 0.0267 244 176 287 219
