aeroplane 0.0574 465 0 500 28
aeroplane 0.0303 384 82 454 136
aeroplane 0.0238 429 0 497 31
bird 0.4909 349 84 388 117
bird 0.2654 282 7 313 31
bird 0.1779 346 83 406 132
bird 0.1480 347 85 371 115
bird 0.1170 391 82 429 136
bird 0.1152 350 100 391 119
bird 0.1004 362 82 425 124
bird 0.0975 334 84 362 118
bird 0.0905 329 84 381 122
bird 0.0812 344 84 383 104
bird 0.0717 338 84 362 102
bird 0.0646 361 89 397 122
bird 0.0632 346 106 397 128
bird 0.0612 283 1 335 31
bird 0.0465 385 87 408 125
bird 0.0444 344 84 453 136
bird 0.0406 372 98 396 123
bird 0.0378 477 2 500 33
bird 0.0378 323 83 358 132
bird 0.0362 351 99 377 128
bird 0.0343 341 99 398 145
bird 0.0326 374 84 396 113
bird 0.0324 345 95 381 115
bird 0.0321 333 85 353 106
bird 0.0296 361 83 392 106
bird 0.0277 377 84 413 115
bird 0.0259 347 93 367 123
bird 0.0255 278 0 313 42
bird 0.0250 280 10 300 33
bird 0.0235 317 83 394 139
bird 0.0232 339 90 355 125
bird 0.0219 466 0 500 47
bird 0.0219 330 90 351 125
bird 0.0211 480 15 499 50
boat 0.8237 50 32 500 331
boat 0.2218 0 207 43 234
boat 0.1202 0 194 61 235
boat 0.1015 54 90 325 334
boat 0.0953 194 0 500 114
boat 0.0914 47 164 154 238
boat 0.0908 27 157 137 314
boat 0.0874 42 166 122 200
boat 0.0856 0 171 85 235
boat 0.0844 64 0 500 166
boat 0.0795 321 21 497 242
boat 0.0781 323 5 490 133
boat 0.0761 247 37 490 310
boat 0.0743 338 85 494 152
boat 0.0713 18 167 123 228
boat 0.0710 344 83 494 305
boat 0.0694 466 0 500 27
boat 0.0663 69 173 156 330
boat 0.0639 0 208 82 238
boat 0.0637 24 129 131 238
boat 0.0633 0 26 378 229
boat 0.0613 4 204 47 224
boat 0.0599 37 161 469 315
boat 0.0548 10 169 101 299
boat 0.0534 1 193 35 231
boat 0.0524 315 83 485 202
boat 0.0521 0 202 89 259
boat 0.0507 345 105 397 140
boat 0.0496 402 0 492 121
boat 0.0476 28 59 191 315
boat 0.0475 64 154 225 329
boat 0.0455 32 166 95 215
boat 0.0451 99 241 500 329
boat 0.0451 414 101 497 268
boat 0.0442 313 14 399 129
boat 0.0437 28 105 182 222
boat 0.0409 52 158 222 250
boat 0.0402 322 269 500 329
boat 0.0397 325 54 459 136
boat 0.0384 39 164 182 207
boat 0.0362 97 271 333 332
boat 0.0357 0 209 128 328
boat 0.0354 299 91 452 164
boat 0.0349 373 31 482 142
boat 0.0335 459 0 497 45
boat 0.0331 428 0 497 50
boat 0.0329 0 217 31 234
boat 0.0324 11 205 60 229
boat 0.0317 313 88 403 225
boat 0.0314 391 84 500 179
boat 0.0301 0 87 116 334
boat 0.0301 0 173 41 237
boat 0.0296 295 0 492 64
boat 0.0293 333 92 402 146
boat 0.0286 220 176 498 333
boat 0.0285 53 144 288 277
boat 0.0279 414 161 500 322
boat 0.0275 25 197 108 231
boat 0.0271 145 0 437 262
boat 0.0271 19 204 379 334
boat 0.0267 9 269 155 333
boat 0.0263 8 105 91 230
boat 0.0262 224 118 500 259
boat 0.0262 348 110 438 144
boat 0.0261 0 198 39 217
boat 0.0261 413 112 500 147
boat 0.0255 165 271 430 331
boat 0.0255 340 0 447 102
boat 0.0254 372 84 467 134
boat 0.0253 46 166 86 199
boat 0.0251 0 221 77 287
boat 0.0250 11 8 320 135
boat 0.0246 39 78 275 240
boat 0.0236 23 205 61 218
boat 0.0234 368 111 488 235
boat 0.0233 289 2 372 114
boat 0.0233 455 266 498 327
boat 0.0232 338 103 447 242
boat 0.0230 269 82 420 276
boat 0.0227 42 128 216 199
boat 0.0227 14 22 195 209
boat 0.0226 25 185 77 237
boat 0.0226 10 163 73 213
boat 0.0219 430 296 500 323
boat 0.0219 87 166 282 239
boat 0.0217 317 71 404 162
boat 0.0217 397 124 498 156
boat 0.0214 0 184 23 221
boat 0.0214 403 260 500 329
boat 0.0214 391 99 493 138
boat 0.0212 0 192 119 242
boat 0.0210 50 178 139 218
boat 0.0209 31 161 105 193
boat 0.0205 346 0 385 39
boat 0.0203 324 116 409 151
boat 0.0202 42 141 106 200
boat 0.0201 47 174 97 236
boat 0.0201 444 123 500 142
bottle 0.0401 346 107 397 141
bottle 0.0261 44 166 95 201
bottle 0.0253 374 160 391 188
person 0.0703 350 89 394 137
person 0.0414 378 161 395 186
person 0.0376 391 82 432 138
person 0.0371 298 188 318 215
person 0.0355 224 224 252 238
person 0.0323 334 80 398 151
person 0.0286 429 178 454 206
person 0.0234 51 169 81 199
person 0.0228 231 221 247 237
person 0.0228 224 221 240 236
person 0.0212 351 108 376 137
person 0.0204 215 223 234 237
person 0.0202 0 177 44 230
