boat 0.0212 110 219 481 301
bottle 0.0297 0 5 101 281
car 0.6525 461 48 498 98
car 0.1759 465 70 496 97
car 0.1397 382 51 407 65
car 0.1340 451 47 500 134
car 0.1221 463 65 499 117
car 0.1169 397 52 500 105
car 0.0959 0 0 75 88
car 0.0948 465 48 497 75
car 0.0879 349 50 383 94
car 0.0851 412 44 497 148
car 0.0808 430 66 500 105
car 0.0787 306 46 369 95
car 0.0769 340 45 491 114
car 0.0703 1 49 20 83
car 0.0653 1 37 47 98
car 0.0651 365 52 400 67
car 0.0627 438 45 498 79
car 0.0625 1 0 100 152
car 0.0620 1 0 56 57
car 0.0603 385 53 423 65
car 0.0551 468 43 499 56
car 0.0550 0 49 26 103
car 0.0534 368 48 410 64
car 0.0514 357 51 385 74
car 0.0512 457 37 500 71
car 0.0509 432 34 500 95
car 0.0507 2 2 116 54
car 0.0498 454 51 485 90
car 0.0486 358 50 409 82
car 0.0484 383 17 492 97
car 0.0476 325 47 392 97
car 0.0452 479 45 498 61
car 0.0437 456 56 474 84
car 0.0416 346 51 421 103
car 0.0398 386 47 406 61
car 0.0386 377 50 412 73
car 0.0384 474 35 500 55
car 0.0379 0 46 44 79
car 0.0373 356 52 483 92
car 0.0369 391 50 419 62
car 0.0361 461 49 495 63
car 0.0357 1 38 72 139
car 0.0340 1 40 74 75
car 0.0336 456 49 475 73
car 0.0334 3 51 30 76
car 0.0331 0 21 75 64
car 0.0331 358 50 390 63
car 0.0328 301 46 500 152
car 0.0325 297 16 485 102
car 0.0321 462 84 500 103
car 0.0312 455 66 474 95
car 0.0308 0 70 23 98
car 0.0306 17 0 123 102
car 0.0306 453 66 484 102
car 0.0305 461 54 492 81
car 0.0303 459 14 500 107
car 0.0301 469 74 500 141
car 0.0300 285 49 312 91
car 0.0296 2 79 36 102
car 0.0294 186 0 235 42
car 0.0291 466 30 500 61
car 0.0290 399 71 500 120
car 0.0285 8 57 63 107
car 0.0284 374 49 436 70
car 0.0282 285 21 362 97
car 0.0280 21 2 181 62
car 0.0279 361 52 388 87
car 0.0278 281 49 303 79
car 0.0277 474 46 500 85
car 0.0276 296 44 375 130
car 0.0272 282 45 341 93
car 0.0269 181 1 301 50
car 0.0263 476 76 499 106
car 0.0251 255 19 408 90
car 0.0247 2 61 44 130
car 0.0247 0 6 72 37
car 0.0246 346 1 492 137
car 0.0244 0 8 59 185
car 0.0243 371 57 452 100
car 0.0243 0 0 47 33
car 0.0242 478 90 500 125
car 0.0241 405 52 428 65
car 0.0237 199 0 235 14
car 0.0235 441 86 500 129
car 0.0235 0 58 16 104
car 0.0233 468 80 493 115
car 0.0233 182 13 355 88
car 0.0232 44 4 119 43
car 0.0231 87 2 273 56
car 0.0230 333 45 363 91
car 0.0229 7 32 81 97
car 0.0226 345 0 445 87
car 0.0222 352 50 378 64
car 0.0221 340 48 375 62
car 0.0220 410 49 426 62
car 0.0216 362 52 381 69
car 0.0216 371 54 450 75
car 0.0214 172 1 219 47
car 0.0212 393 58 443 70
car 0.0212 405 49 417 63
car 0.0211 462 91 500 110
car 0.0211 0 86 46 159
car 0.0210 344 46 383 68
car 0.0208 382 41 493 80
car 0.0207 0 28 25 83
car 0.0204 454 75 492 95
car 0.0201 7 54 44 72
car 0.0200 374 0 467 71
motorbike 0.9430 0 0 500 297
motorbike 0.1419 335 47 492 243
motorbike 0.1010 412 52 498 171
motorbike 0.0727 252 15 491 274
motorbike 0.0716 3 2 141 197
motorbike 0.0637 356 48 492 138
motorbike 0.0586 5 13 87 155
motorbike 0.0523 19 0 119 113
motorbike 0.0514 5 63 87 197
motorbike 0.0496 456 71 500 146
motorbike 0.0491 77 0 500 169
motorbike 0.0419 4 97 94 257
motorbike 0.0398 271 35 491 167
motorbike 0.0345 275 37 385 113
motorbike 0.0314 0 0 332 127
motorbike 0.0306 3 9 282 263
motorbike 0.0303 424 49 500 266
motorbike 0.0299 0 133 141 271
motorbike 0.0289 297 43 431 130
motorbike 0.0236 192 36 357 108
motorbike 0.0234 41 4 162 102
motorbike 0.0228 0 21 55 209
motorbike 0.0226 50 4 236 188
motorbike 0.0226 397 101 500 228
motorbike 0.0219 355 81 498 173
motorbike 0.0214 127 160 500 295
motorbike 0.0214 228 34 380 142
motorbike 0.0209 238 12 361 96
motorbike 0.0207 0 174 372 304
person 0.0851 2 71 19 102
person 0.0798 8 76 26 103
person 0.0625 20 79 36 102
person 0.0608 4 65 30 102
person 0.0607 0 0 68 54
person 0.0576 0 0 22 34
person 0.0565 27 80 43 102
person 0.0555 291 59 311 94
person 0.0531 12 65 38 102
person 0.0502 0 0 38 44
person 0.0431 22 66 45 102
person 0.0429 3 50 43 102
person 0.0392 49 0 94 52
person 0.0343 356 49 384 96
person 0.0336 7 86 35 103
person 0.0314 78 6 99 36
person 0.0304 466 78 497 128
person 0.0293 283 37 375 142
person 0.0289 62 4 107 64
person 0.0285 440 70 496 140
person 0.0285 0 52 19 107
person 0.0282 0 0 62 22
person 0.0281 72 1 106 44
person 0.0277 78 3 122 51
person 0.0271 201 0 230 32
person 0.0270 283 52 305 88
person 0.0264 288 49 321 95
person 0.0258 23 1 105 93
person 0.0258 36 0 82 39
person 0.0257 310 44 400 168
person 0.0252 56 0 152 114
person 0.0249 478 93 500 132
person 0.0244 0 0 32 16
person 0.0238 334 47 364 93
person 0.0238 205 0 228 16
person 0.0230 305 60 325 92
person 0.0229 62 2 89 43
person 0.0227 24 9 78 72
person 0.0225 0 4 23 58
person 0.0223 344 51 367 89
person 0.0221 56 6 78 39
person 0.0221 20 88 49 102
person 0.0219 283 10 371 103
person 0.0213 335 42 462 145
person 0.0211 31 75 49 100
person 0.0210 8 0 192 269
person 0.0208 393 48 407 63
person 0.0206 10 8 39 35
person 0.0205 452 70 483 107
person 0.0204 84 4 107 34
person 0.0201 305 46 354 96
person 0.0200 254 38 354 167
pottedplant 0.0327 383 4 419 64
pottedplant 0.0253 0 6 105 300
pottedplant 0.0237 0 167 114 270
pottedplant 0.0214 398 8 421 58
train 0.0231 98 199 482 291
