bird 0.0357 0 298 14 354
bird 0.0285 0 305 26 357
bird 0.0252 314 225 335 314
bird 0.0232 0 373 124 455
bird 0.0210 256 321 335 402
bird 0.0201 212 1 276 36
bottle 0.0447 194 439 209 500
bottle 0.0224 197 443 207 474
dog 0.0311 316 225 335 320
person 0.0307 316 222 335 326
sheep 0.8094 0 0 149 433
sheep 0.6628 122 17 294 437
sheep 0.4171 48 0 246 441
sheep 0.3759 184 0 335 405
sheep 0.1541 100 68 215 439
sheep 0.1296 239 126 335 406
sheep 0.1163 125 199 277 427
sheep 0.0837 0 0 140 224
sheep 0.0821 58 87 151 436
sheep 0.0698 0 223 117 415
sheep 0.0672 0 0 52 28
sheep 0.0647 267 197 334 398
sheep 0.0645 1 92 75 407
sheep 0.0607 3 205 62 401
sheep 0.0545 239 2 335 82
sheep 0.0501 0 0 40 50
sheep 0.0501 82 0 204 54
sheep 0.0494 0 268 28 356
sheep 0.0494 0 0 75 87
sheep 0.0449 256 0 334 22
sheep 0.0447 204 0 335 53
sheep 0.0446 10 227 209 446
sheep 0.0444 0 2 33 85
sheep 0.0439 0 0 131 55
sheep 0.0409 242 291 332 404
sheep 0.0400 125 318 273 438
sheep 0.0382 180 238 334 410
sheep 0.0371 50 3 177 76
sheep 0.0365 188 161 277 400
sheep 0.0365 0 291 76 406
sheep 0.0361 304 0 335 47
sheep 0.0360 3 15 98 314
sheep 0.0353 127 112 197 403
sheep 0.0350 1 3 63 184
sheep 0.0346 196 258 273 414
sheep 0.0341 119 2 228 70
sheep 0.0339 72 0 179 275
sheep 0.0338 54 295 139 427
sheep 0.0331 0 287 17 358
sheep 0.0321 69 215 129 427
sheep 0.0320 0 249 38 396
sheep 0.0316 280 0 335 40
sheep 0.0315 1 45 59 291
sheep 0.0314 274 0 333 137
sheep 0.0313 116 2 193 44
sheep 0.0301 119 329 197 443
sheep 0.0295 212 0 279 26
sheep 0.0295 1 3 126 110
sheep 0.0292 45 0 164 165
sheep 0.0291 10 344 135 427
sheep 0.0288 123 0 195 25
sheep 0.0288 87 0 179 123
sheep 0.0287 71 334 152 440
sheep 0.0284 140 0 296 50
sheep 0.0281 84 118 143 355
sheep 0.0275 135 0 316 259
sheep 0.0270 0 0 29 23
sheep 0.0255 234 0 305 26
sheep 0.0255 299 214 335 399
sheep 0.0253 285 4 335 79
sheep 0.0248 212 212 240 232
sheep 0.0246 0 46 335 500
sheep 0.0246 315 0 335 70
sheep 0.0246 213 229 239 244
sheep 0.0243 224 2 307 40
sheep 0.0241 266 0 305 17
sheep 0.0238 307 0 335 22
sheep 0.0236 129 243 193 434
sheep 0.0234 225 433 247 500
sheep 0.0232 20 68 120 383
sheep 0.0229 0 270 14 336
sheep 0.0228 82 2 159 43
sheep 0.0226 108 237 169 430
sheep 0.0226 32 0 235 218
sheep 0.0226 43 13 142 321
sheep 0.0225 0 235 18 348
sheep 0.0221 1 1 90 42
sheep 0.0219 0 0 16 34
sheep 0.0218 318 2 334 41
sheep 0.0214 194 332 282 431
sheep 0.0211 277 0 319 17
sheep 0.0211 157 293 297 416
sheep 0.0211 140 115 253 381
sheep 0.0209 90 190 189 453
sheep 0.0208 212 221 240 238
sheep 0.0207 47 2 135 42
sheep 0.0205 38 0 104 25
sheep 0.0203 196 261 223 280
sheep 0.0201 231 227 301 398
sheep 0.0200 141 0 214 128
sheep 0.0200 203 231 227 245
sheep 0.0200 102 111 171 407
