aeroplane 0.0772 0 2 113 78
aeroplane 0.0758 6 0 288 472
aeroplane 0.0695 0 6 112 169
aeroplane 0.0361 0 1 60 93
aeroplane 0.0350 0 0 69 44
aeroplane 0.0346 0 10 281 194
aeroplane 0.0266 0 0 242 117
bicycle 0.0301 343 108 375 195
bird 0.1239 307 111 335 194
bird 0.0858 0 18 269 470
bird 0.0662 0 1 54 36
bird 0.0501 298 116 327 174
bird 0.0410 331 110 355 193
bird 0.0405 0 3 36 28
bird 0.0388 277 106 365 191
bird 0.0347 2 16 111 209
bird 0.0345 300 122 324 146
bird 0.0319 307 127 324 198
bird 0.0305 313 151 324 200
bird 0.0300 16 93 142 194
bird 0.0277 290 118 319 151
bird 0.0267 308 102 345 162
bird 0.0260 0 6 40 62
bird 0.0255 0 32 162 334
bird 0.0254 336 128 374 194
bird 0.0223 326 119 347 191
bird 0.0213 0 10 28 40
bird 0.0205 339 133 355 190
bird 0.0203 10 69 221 228
boat 0.0394 0 0 99 67
boat 0.0325 0 7 36 64
boat 0.0294 0 2 62 135
boat 0.0268 0 17 28 88
boat 0.0230 0 14 32 38
bus 0.0203 0 80 40 184
car 0.0275 300 114 321 131
car 0.0234 0 0 58 163
car 0.0227 0 21 28 94
car 0.0224 0 27 15 79
car 0.0220 1 154 14 198
car 0.0201 289 109 328 137
chair 0.0226 0 0 223 485
chair 0.0223 0 3 49 141
dog 0.0514 298 116 325 152
dog 0.0251 302 108 338 149
person 0.2260 308 112 326 188
person 0.1762 310 114 325 152
person 0.0739 309 119 322 143
person 0.0632 315 113 343 196
person 0.0609 304 110 331 158
person 0.0594 312 141 325 198
person 0.0557 301 118 319 141
person 0.0387 299 117 323 172
person 0.0370 304 113 325 134
person 0.0335 313 116 331 176
person 0.0322 304 123 314 139
person 0.0309 298 112 321 150
person 0.0272 311 118 320 134
person 0.0257 314 110 331 143
person 0.0230 316 137 331 195
person 0.0224 334 132 353 197
person 0.0220 325 129 347 197
person 0.0211 324 115 339 164
sheep 0.4530 17 115 235 478
sheep 0.3775 143 111 318 336
sheep 0.1660 14 49 336 402
sheep 0.1421 311 83 372 194
sheep 0.1042 345 101 375 187
sheep 0.1002 305 103 340 195
sheep 0.0944 116 123 246 202
sheep 0.0686 206 177 319 330
sheep 0.0679 265 90 366 195
sheep 0.0669 92 97 295 472
sheep 0.0654 122 116 285 247
sheep 0.0651 116 115 208 240
sheep 0.0638 121 125 196 175
sheep 0.0637 329 109 365 194
sheep 0.0633 237 110 328 318
sheep 0.0581 165 32 339 296
sheep 0.0560 127 122 185 155
sheep 0.0541 115 125 174 201
sheep 0.0502 153 255 237 349
sheep 0.0500 152 117 303 188
sheep 0.0489 118 110 241 382
sheep 0.0473 293 108 330 173
sheep 0.0472 155 242 293 340
sheep 0.0458 133 123 171 147
sheep 0.0455 0 288 234 462
sheep 0.0454 295 111 360 188
sheep 0.0443 214 103 337 200
sheep 0.0442 109 185 234 466
sheep 0.0426 357 111 374 172
sheep 0.0392 274 112 328 188
sheep 0.0379 194 119 375 297
sheep 0.0376 17 176 124 468
sheep 0.0372 295 119 318 138
sheep 0.0359 300 90 344 159
sheep 0.0348 298 119 325 208
sheep 0.0346 16 370 168 462
sheep 0.0330 351 85 374 163
sheep 0.0325 77 105 201 196
sheep 0.0316 65 368 222 462
sheep 0.0311 158 78 360 219
sheep 0.0309 33 106 207 239
sheep 0.0296 337 108 358 180
sheep 0.0294 125 125 155 146
sheep 0.0292 116 134 166 178
sheep 0.0269 151 143 238 330
sheep 0.0268 276 13 368 188
sheep 0.0253 312 134 352 199
sheep 0.0250 132 122 161 140
sheep 0.0247 259 153 316 332
sheep 0.0246 334 137 375 197
sheep 0.0244 5 62 178 266
sheep 0.0244 151 125 243 173
sheep 0.0239 234 0 365 263
sheep 0.0237 115 120 166 160
sheep 0.0234 260 111 324 156
sheep 0.0233 153 89 375 500
sheep 0.0229 329 70 370 173
sheep 0.0228 340 40 375 195
sheep 0.0227 294 124 318 147
sheep 0.0225 151 239 242 423
sheep 0.0221 0 101 82 469
sheep 0.0221 283 93 338 136
sheep 0.0217 270 116 323 269
sheep 0.0214 195 110 305 251
sheep 0.0214 352 113 372 149
sheep 0.0213 97 116 162 186
sheep 0.0210 175 149 317 433
sheep 0.0210 160 251 225 300
sheep 0.0204 3 108 121 221
sheep 0.0203 71 22 349 221
sheep 0.0201 311 107 329 129
sheep 0.0201 179 143 274 330
sheep 0.0200 361 66 375 169
train 0.0915 311 72 374 192
train 0.0409 341 62 375 182
train 0.0408 277 67 375 148
train 0.0325 266 32 372 190
train 0.0277 357 67 375 165
train 0.0275 0 0 360 337
train 0.0268 327 30 371 175
train 0.0233 302 90 367 146
train 0.0220 286 82 340 124
