bicycle 0.2048 0 214 263 375
bicycle 0.0501 68 199 386 375
bottle 0.0489 421 251 498 373
bottle 0.0450 365 292 492 373
bottle 0.0421 78 111 116 187
bottle 0.0389 388 234 473 370
bottle 0.0313 395 322 439 365
bottle 0.0307 436 306 491 375
bottle 0.0299 420 190 499 343
bottle 0.0268 392 322 476 373
bottle 0.0261 480 240 499 272
bottle 0.0254 75 125 103 181
bottle 0.0237 101 120 126 184
bottle 0.0229 454 274 500 375
bottle 0.0223 421 262 467 338
bottle 0.0216 92 112 120 177
bottle 0.0213 61 352 144 375
bottle 0.0212 438 260 487 343
bottle 0.0209 70 306 129 375
car 0.0580 0 179 73 303
car 0.0374 417 1 495 64
car 0.0326 449 0 499 31
car 0.0297 412 16 497 117
car 0.0288 339 51 499 122
car 0.0249 4 241 78 306
car 0.0243 479 68 500 103
car 0.0243 478 0 500 24
car 0.0238 14 209 63 294
car 0.0224 272 31 500 138
car 0.0218 479 54 500 86
car 0.0205 413 80 498 119
car 0.0205 451 37 499 108
car 0.0201 0 257 67 295
cat 0.2709 0 294 71 375
cat 0.0546 378 308 494 375
cat 0.0422 419 269 498 375
cat 0.0415 290 318 487 372
cat 0.0409 429 324 496 375
cat 0.0274 388 221 468 366
cat 0.0270 0 323 27 352
cat 0.0261 337 210 495 375
cat 0.0258 30 293 69 357
cat 0.0244 457 312 499 374
cat 0.0219 3 295 63 342
chair 0.2928 35 195 244 373
chair 0.1775 199 187 259 327
chair 0.1642 143 183 249 369
chair 0.1325 6 270 88 372
chair 0.1321 32 289 240 373
chair 0.0983 0 293 157 374
chair 0.0973 218 188 260 276
chair 0.0847 193 179 330 375
chair 0.0829 187 215 274 372
chair 0.0733 218 186 281 323
chair 0.0730 242 294 271 375
chair 0.0694 186 186 244 291
chair 0.0677 60 258 163 375
chair 0.0671 42 268 115 373
chair 0.0646 1 191 98 371
chair 0.0642 116 234 230 375
chair 0.0621 32 236 99 357
chair 0.0615 214 273 272 375
chair 0.0605 245 163 379 375
chair 0.0603 201 185 258 249
chair 0.0573 161 181 237 314
chair 0.0550 15 249 134 365
chair 0.0523 264 222 350 373
chair 0.0509 75 322 239 373
chair 0.0493 204 261 325 370
chair 0.0468 271 272 385 372
chair 0.0462 126 292 256 375
chair 0.0462 235 191 273 274
chair 0.0458 175 252 246 375
chair 0.0457 29 280 79 356
chair 0.0442 235 282 298 375
chair 0.0434 94 256 350 375
chair 0.0421 176 289 288 375
chair 0.0419 69 264 96 347
chair 0.0406 11 285 66 362
chair 0.0396 47 273 92 352
chair 0.0394 175 209 454 375
chair 0.0392 117 338 230 373
chair 0.0370 237 185 301 302
chair 0.0363 253 273 331 375
chair 0.0352 68 281 131 373
chair 0.0345 99 125 276 348
chair 0.0344 265 318 406 374
chair 0.0331 205 292 250 374
chair 0.0328 195 186 257 215
chair 0.0322 36 184 102 327
chair 0.0321 65 282 105 362
chair 0.0307 185 184 242 233
chair 0.0306 17 261 92 336
chair 0.0289 207 204 247 309
chair 0.0287 60 340 194 372
chair 0.0285 38 157 253 297
chair 0.0280 167 182 235 255
chair 0.0280 168 225 232 345
chair 0.0278 3 289 80 336
chair 0.0275 206 162 275 265
chair 0.0275 234 191 260 254
chair 0.0269 245 188 260 220
chair 0.0265 185 295 235 373
chair 0.0259 222 187 257 236
chair 0.0258 25 211 82 317
chair 0.0256 4 330 178 375
chair 0.0246 210 294 424 375
chair 0.0236 57 210 141 348
chair 0.0236 180 172 272 237
chair 0.0231 233 197 307 370
chair 0.0230 48 159 122 309
chair 0.0228 78 271 114 339
chair 0.0226 228 238 281 364
chair 0.0222 190 227 235 320
chair 0.0218 63 315 120 371
chair 0.0217 63 267 138 340
chair 0.0217 268 295 311 371
chair 0.0216 230 293 265 360
chair 0.0215 212 181 286 240
chair 0.0215 47 232 230 330
chair 0.0214 0 234 67 355
chair 0.0212 47 342 138 375
chair 0.0211 0 170 65 329
chair 0.0211 211 324 272 375
chair 0.0210 253 192 293 273
chair 0.0204 174 340 263 374
chair 0.0200 0 116 122 322
chair 0.0200 219 189 256 213
chair 0.0200 244 301 265 355
diningtable 0.0312 38 177 435 375
dog 0.6375 279 161 497 374
dog 0.3328 0 301 69 375
dog 0.1267 3 274 99 374
dog 0.1186 277 151 395 347
dog 0.0904 257 174 357 367
dog 0.0814 273 162 376 280
dog 0.0684 0 318 47 372
dog 0.0629 277 287 498 375
dog 0.0626 268 250 386 370
dog 0.0526 23 288 78 365
dog 0.0470 277 169 434 249
dog 0.0446 346 226 500 371
dog 0.0402 434 340 500 375
dog 0.0397 0 325 26 365
dog 0.0391 0 317 127 375
dog 0.0336 283 158 363 226
dog 0.0289 293 216 425 375
dog 0.0286 0 313 65 352
dog 0.0277 359 303 500 371
dog 0.0256 454 358 500 374
dog 0.0211 0 322 37 343
dog 0.0209 275 186 335 301
dog 0.0207 300 174 474 276
dog 0.0206 0 346 73 375
person 0.9042 38 79 242 372
person 0.6543 280 94 496 370
person 0.1967 17 220 236 374
person 0.1626 275 82 427 304
person 0.1508 61 84 126 200
person 0.1505 6 265 166 375
person 0.1328 71 121 427 371
person 0.1316 53 81 220 216
person 0.1288 119 148 252 369
person 0.1288 274 73 500 228
person 0.1076 21 205 134 371
person 0.0998 356 171 498 370
person 0.0926 51 78 173 301
person 0.0905 248 169 387 369
person 0.0879 40 80 160 179
person 0.0853 105 84 188 197
person 0.0802 27 88 137 251
person 0.0792 282 80 393 231
person 0.0609 290 160 496 267
person 0.0582 368 87 500 279
person 0.0577 39 143 127 306
person 0.0577 0 110 159 375
person 0.0567 132 84 252 283
person 0.0556 5 281 100 375
person 0.0553 281 143 379 271
person 0.0490 135 80 249 190
person 0.0480 302 74 474 155
person 0.0460 335 75 419 203
person 0.0457 279 198 358 368
person 0.0437 61 188 75 211
person 0.0432 0 127 34 174
person 0.0421 143 89 186 176
person 0.0419 397 239 495 375
person 0.0413 281 174 302 208
person 0.0400 392 152 500 257
person 0.0393 109 82 184 142
person 0.0391 88 106 122 186
person 0.0389 62 190 80 216
person 0.0382 141 65 477 305
person 0.0374 312 76 395 152
person 0.0354 9 130 38 165
person 0.0352 152 89 203 190
person 0.0351 373 78 500 187
person 0.0328 0 319 34 371
person 0.0326 441 248 500 375
person 0.0326 433 0 500 22
person 0.0322 335 73 399 125
person 0.0317 175 71 387 230
person 0.0314 111 96 156 176
person 0.0313 360 75 408 146
person 0.0308 98 118 128 191
person 0.0306 276 154 306 208
person 0.0304 281 155 361 219
person 0.0302 392 168 475 228
person 0.0301 8 126 53 170
person 0.0300 0 59 244 178
person 0.0296 56 180 79 214
person 0.0296 451 296 497 375
person 0.0292 445 0 467 21
person 0.0289 262 72 357 201
person 0.0287 124 97 174 181
person 0.0286 300 133 477 223
person 0.0285 307 83 370 182
person 0.0277 261 181 322 314
person 0.0260 371 79 425 181
person 0.0259 185 177 464 375
person 0.0257 71 183 310 375
person 0.0251 57 174 96 224
person 0.0251 58 188 78 230
person 0.0246 375 72 419 134
person 0.0243 5 172 28 192
person 0.0242 189 134 338 370
person 0.0239 59 187 93 215
person 0.0236 184 77 273 196
person 0.0234 75 100 143 221
person 0.0229 377 90 459 223
person 0.0226 2 159 30 187
person 0.0225 1 145 31 182
person 0.0224 75 158 139 205
person 0.0223 60 347 140 374
person 0.0223 234 75 412 182
person 0.0218 302 87 341 159
person 0.0218 57 79 323 257
person 0.0217 1 301 42 361
person 0.0216 431 0 469 26
person 0.0216 400 170 490 314
person 0.0215 21 132 46 164
person 0.0214 278 184 298 213
person 0.0213 458 0 490 25
person 0.0212 110 122 148 200
person 0.0211 296 245 500 375
person 0.0210 91 119 168 199
person 0.0209 274 124 339 218
person 0.0204 436 0 480 40
person 0.0203 311 160 440 238
person 0.0203 151 84 182 147
person 0.0201 362 98 407 182
person 0.0201 122 65 315 203
person 0.0201 263 145 402 221
person 0.0201 157 81 198 153
pottedplant 0.2523 47 81 124 193
pottedplant 0.2417 3 67 114 167
pottedplant 0.1408 61 79 118 148
pottedplant 0.1241 26 74 113 136
pottedplant 0.1212 75 82 120 124
pottedplant 0.0980 20 76 187 176
pottedplant 0.0917 0 67 41 123
pottedplant 0.0897 0 66 72 137
pottedplant 0.0884 5 18 150 181
pottedplant 0.0773 43 83 102 159
pottedplant 0.0760 0 22 92 147
pottedplant 0.0746 123 0 217 94
pottedplant 0.0707 58 102 119 169
pottedplant 0.0632 0 95 81 169
pottedplant 0.0619 63 78 159 161
pottedplant 0.0610 63 122 100 181
pottedplant 0.0605 0 54 144 130
pottedplant 0.0558 62 9 217 114
pottedplant 0.0552 53 36 223 189
pottedplant 0.0507 47 77 174 128
pottedplant 0.0482 57 111 90 168
pottedplant 0.0470 32 0 213 74
pottedplant 0.0458 99 86 122 120
pottedplant 0.0458 1 0 46 67
pottedplant 0.0453 128 24 216 142
pottedplant 0.0451 22 0 113 104
pottedplant 0.0440 63 77 107 122
pottedplant 0.0437 50 95 83 162
pottedplant 0.0436 0 0 26 28
pottedplant 0.0426 63 0 158 95
pottedplant 0.0426 40 79 85 140
pottedplant 0.0410 0 0 37 43
pottedplant 0.0403 0 70 21 114
pottedplant 0.0400 74 91 112 161
pottedplant 0.0396 156 6 207 87
pottedplant 0.0388 90 91 117 128
pottedplant 0.0386 9 70 97 114
pottedplant 0.0384 77 82 104 118
pottedplant 0.0380 78 84 137 183
pottedplant 0.0377 0 85 19 126
pottedplant 0.0376 62 128 85 162
pottedplant 0.0369 4 71 33 111
pottedplant 0.0364 85 81 134 144
pottedplant 0.0332 4 0 72 83
pottedplant 0.0331 0 58 75 100
pottedplant 0.0325 75 121 104 171
pottedplant 0.0324 71 127 92 163
pottedplant 0.0310 0 19 161 92
pottedplant 0.0305 36 121 83 159
pottedplant 0.0300 0 0 46 19
pottedplant 0.0300 31 65 80 126
pottedplant 0.0297 55 129 77 160
pottedplant 0.0296 0 30 44 102
pottedplant 0.0287 24 45 232 130
pottedplant 0.0283 177 31 209 93
pottedplant 0.0281 58 75 133 114
pottedplant 0.0281 23 71 60 128
pottedplant 0.0278 89 83 121 106
pottedplant 0.0274 36 84 102 120
pottedplant 0.0274 68 113 97 159
pottedplant 0.0274 70 89 97 123
pottedplant 0.0273 58 85 91 127
pottedplant 0.0271 15 72 47 118
pottedplant 0.0270 73 97 112 132
pottedplant 0.0264 1 83 33 129
pottedplant 0.0263 0 0 122 61
pottedplant 0.0260 127 74 218 179
pottedplant 0.0256 126 13 255 194
pottedplant 0.0254 0 108 22 129
pottedplant 0.0246 38 87 72 153
pottedplant 0.0238 89 83 172 121
pottedplant 0.0237 0 10 57 129
pottedplant 0.0234 83 87 129 115
pottedplant 0.0229 103 95 122 129
pottedplant 0.0228 0 0 21 56
pottedplant 0.0218 0 69 50 100
pottedplant 0.0215 38 82 66 128
pottedplant 0.0207 182 56 200 92
pottedplant 0.0204 2 39 67 90
pottedplant 0.0204 20 118 109 156
pottedplant 0.0203 15 82 37 123
pottedplant 0.0200 12 103 97 143
sofa 0.1755 248 135 500 375
sofa 0.1163 0 111 340 373
sofa 0.0205 243 93 467 234
train 0.0227 255 31 500 142
train 0.0220 204 0 500 325
tvmonitor 0.5618 0 122 75 178
tvmonitor 0.2154 4 116 112 192
tvmonitor 0.1767 63 168 104 198
tvmonitor 0.1748 59 87 122 201
tvmonitor 0.1239 0 85 91 169
tvmonitor 0.1061 0 127 50 165
tvmonitor 0.1057 57 137 116 197
tvmonitor 0.1023 0 79 185 207
tvmonitor 0.0818 0 131 27 168
tvmonitor 0.0731 6 146 93 183
tvmonitor 0.0698 60 159 123 206
tvmonitor 0.0672 7 144 125 205
tvmonitor 0.0645 33 126 103 182
tvmonitor 0.0635 0 118 76 253
tvmonitor 0.0616 61 164 103 186
tvmonitor 0.0613 0 120 65 150
tvmonitor 0.0600 62 174 90 204
tvmonitor 0.0587 6 165 81 197
tvmonitor 0.0527 46 167 110 217
tvmonitor 0.0505 21 125 72 158
tvmonitor 0.0486 30 157 114 188
tvmonitor 0.0471 412 1 497 110
tvmonitor 0.0447 59 180 107 207
tvmonitor 0.0429 0 142 21 183
tvmonitor 0.0428 0 82 126 274
tvmonitor 0.0421 0 130 40 187
tvmonitor 0.0417 8 136 67 196
tvmonitor 0.0407 33 123 77 173
tvmonitor 0.0403 62 183 83 210
tvmonitor 0.0391 58 128 95 187
tvmonitor 0.0385 1 165 19 192
tvmonitor 0.0383 0 169 74 303
tvmonitor 0.0370 59 155 97 194
tvmonitor 0.0358 0 174 25 196
tvmonitor 0.0357 0 158 45 195
tvmonitor 0.0356 8 176 82 214
tvmonitor 0.0346 61 184 74 205
tvmonitor 0.0338 40 142 109 238
tvmonitor 0.0333 0 125 35 152
tvmonitor 0.0319 58 173 77 200
tvmonitor 0.0311 430 0 494 61
tvmonitor 0.0306 454 0 499 41
tvmonitor 0.0305 7 123 48 141
tvmonitor 0.0290 60 189 96 206
tvmonitor 0.0283 50 125 84 178
tvmonitor 0.0267 30 149 79 202
tvmonitor 0.0267 60 159 102 177
tvmonitor 0.0266 5 153 73 177
tvmonitor 0.0263 1 163 32 186
tvmonitor 0.0257 18 122 63 142
tvmonitor 0.0255 71 142 104 191
tvmonitor 0.0248 0 117 42 138
tvmonitor 0.0245 444 42 499 80
tvmonitor 0.0241 9 138 77 168
tvmonitor 0.0239 424 22 495 80
tvmonitor 0.0235 61 123 129 236
tvmonitor 0.0234 20 152 85 229
tvmonitor 0.0234 0 158 68 216
tvmonitor 0.0233 35 124 68 150
tvmonitor 0.0233 54 171 88 221
tvmonitor 0.0231 56 167 88 191
tvmonitor 0.0229 2 109 82 144
tvmonitor 0.0223 8 167 101 256
tvmonitor 0.0219 6 121 32 134
tvmonitor 0.0218 42 167 106 286
tvmonitor 0.0217 8 132 39 160
tvmonitor 0.0217 0 174 39 206
tvmonitor 0.0214 51 125 122 169
tvmonitor 0.0213 62 142 85 173
tvmonitor 0.0207 452 10 499 85
tvmonitor 0.0207 9 119 47 133
tvmonitor 0.0206 0 178 23 208
tvmonitor 0.0206 57 138 78 168
tvmonitor 0.0205 273 140 300 208
tvmonitor 0.0205 61 152 86 181
tvmonitor 0.0202 44 127 71 159
tvmonitor 0.0202 0 104 38 158
