bird 0.0207 324 221 434 295
bird 0.0201 131 249 340 310
dog 0.8811 109 23 440 315
dog 0.0787 104 27 196 150
dog 0.0725 269 85 434 294
dog 0.0580 104 28 240 231
dog 0.0417 106 29 413 150
dog 0.0377 251 226 421 291
dog 0.0351 122 184 425 300
dog 0.0311 305 175 413 296
dog 0.0303 114 34 353 237
dog 0.0279 150 64 437 198
dog 0.0215 339 139 430 296
dog 0.0205 218 74 442 159
horse 0.0540 102 25 177 130
person 0.0513 104 25 186 134
person 0.0385 108 24 158 92
person 0.0302 104 21 230 170
person 0.0286 144 25 187 89
person 0.0253 133 24 204 153
person 0.0230 114 25 177 72
person 0.0212 296 71 446 270
person 0.0211 107 38 243 315
person 0.0204 323 91 441 129
person 0.0201 316 188 413 294
