bird 0.5127 117 223 200 428
bird 0.2209 126 225 193 346
bird 0.1688 146 225 192 259
bird 0.1395 147 258 205 420
bird 0.1237 96 250 219 489
bird 0.0922 93 294 185 456
bird 0.0896 132 227 192 288
bird 0.0888 137 224 226 383
bird 0.0774 80 183 189 451
bird 0.0711 150 336 208 421
bird 0.0705 132 319 156 343
bird 0.0689 158 239 201 367
bird 0.0686 125 103 220 401
bird 0.0677 95 317 331 493
bird 0.0612 126 231 282 435
bird 0.0572 106 312 202 416
bird 0.0535 91 357 212 484
bird 0.0521 91 239 157 425
bird 0.0518 170 228 214 348
bird 0.0509 150 218 217 318
bird 0.0504 97 315 150 444
bird 0.0504 96 380 128 431
bird 0.0497 135 302 184 343
bird 0.0487 132 269 189 333
bird 0.0460 151 218 203 276
bird 0.0453 166 228 193 251
bird 0.0445 128 295 197 372
bird 0.0426 146 243 193 324
bird 0.0422 149 369 197 422
bird 0.0402 159 235 191 261
bird 0.0400 132 260 180 394
bird 0.0393 155 311 189 418
bird 0.0380 140 317 161 347
bird 0.0375 154 223 187 244
bird 0.0366 150 275 193 352
bird 0.0365 74 209 203 353
bird 0.0365 161 224 198 300
bird 0.0356 149 226 176 251
bird 0.0354 159 222 209 258
bird 0.0352 133 289 207 493
bird 0.0349 166 281 202 353
bird 0.0339 170 259 210 400
bird 0.0336 159 226 180 259
bird 0.0328 127 250 161 333
bird 0.0326 135 310 170 353
bird 0.0321 140 316 182 396
bird 0.0316 117 356 215 429
bird 0.0312 136 305 151 339
bird 0.0306 142 260 212 338
bird 0.0300 130 293 230 402
bird 0.0294 99 410 249 495
bird 0.0292 128 304 160 344
bird 0.0289 109 304 179 367
bird 0.0288 95 345 130 438
bird 0.0286 166 301 198 414
bird 0.0285 125 318 147 344
bird 0.0276 97 381 169 496
bird 0.0263 172 368 210 418
bird 0.0260 173 229 191 263
bird 0.0251 143 307 199 356
bird 0.0250 35 312 197 481
bird 0.0249 104 222 199 302
bird 0.0249 136 211 191 252
bird 0.0248 171 295 187 342
bird 0.0246 139 380 211 434
bird 0.0245 100 141 182 358
bird 0.0235 166 239 191 332
bird 0.0233 19 246 314 500
bird 0.0231 124 236 174 308
bird 0.0230 127 278 157 354
bird 0.0226 134 289 167 378
bird 0.0223 150 239 191 274
bird 0.0222 141 313 172 339
bird 0.0220 95 363 167 432
bird 0.0219 113 312 164 427
bird 0.0215 168 232 191 286
bird 0.0214 89 183 150 349
bird 0.0208 130 285 171 340
bird 0.0206 174 298 212 372
bird 0.0204 122 220 181 266
bird 0.0202 120 329 177 497
bird 0.0200 163 287 188 360
boat 0.0508 159 383 208 419
boat 0.0276 179 381 209 411
boat 0.0265 171 397 204 419
bottle 0.0448 156 390 185 417
bottle 0.0368 155 370 190 417
bottle 0.0272 174 387 202 418
bottle 0.0268 168 389 191 417
bottle 0.0264 159 329 185 417
bottle 0.0262 121 48 315 224
bottle 0.0247 166 376 182 416
bottle 0.0241 128 50 265 164
bottle 0.0235 155 380 177 413
bottle 0.0231 131 381 208 494
bottle 0.0215 172 375 186 417
chair 0.0248 218 401 331 496
chair 0.0236 119 282 334 495
person 0.9117 106 40 331 495
person 0.1948 92 139 245 500
person 0.0737 85 254 314 491
person 0.0686 117 72 211 371
person 0.0437 23 0 249 471
person 0.0419 103 224 200 500
person 0.0388 240 29 333 461
person 0.0350 123 50 233 227
person 0.0331 59 133 183 463
person 0.0320 168 38 313 121
person 0.0301 126 45 304 290
person 0.0269 267 55 333 260
person 0.0261 194 43 333 259
person 0.0253 35 286 185 491
person 0.0233 131 35 262 126
person 0.0220 123 49 325 174
person 0.0215 126 101 193 310
person 0.0203 161 170 334 451
train 0.0558 123 45 332 232
