aeroplane 0.0337 0 0 488 380
bicycle 0.0206 467 243 499 308
boat 0.0620 0 35 232 315
boat 0.0536 0 157 249 239
boat 0.0317 0 0 363 242
boat 0.0250 0 92 266 234
boat 0.0240 254 121 500 217
boat 0.0223 0 162 162 222
boat 0.0222 7 163 89 184
bus 0.2583 2 162 236 240
bus 0.1499 1 170 291 308
bus 0.1328 0 0 495 380
bus 0.1122 242 146 491 232
bus 0.0823 213 149 500 298
bus 0.0686 4 16 269 308
bus 0.0318 0 177 177 266
bus 0.0284 239 75 500 258
bus 0.0241 248 149 350 252
bus 0.0233 103 157 253 239
bus 0.0221 358 199 480 306
bus 0.0201 165 186 409 319
car 0.9357 205 241 356 318
car 0.9185 358 240 467 310
car 0.9139 1 246 122 311
car 0.9071 66 245 228 316
car 0.5374 247 242 441 315
car 0.4831 0 231 30 279
car 0.4481 469 223 498 307
car 0.2703 0 244 28 306
car 0.2356 476 223 499 273
car 0.1794 54 250 136 311
car 0.1468 458 231 489 301
car 0.1466 0 236 46 296
car 0.1440 395 229 491 307
car 0.1381 0 260 45 311
car 0.1204 5 237 37 267
car 0.1187 0 231 35 253
car 0.1077 0 272 22 312
car 0.1076 3 195 295 314
car 0.1056 228 236 349 290
car 0.1038 0 251 36 274
car 0.1026 449 237 477 298
car 0.1021 103 239 225 286
car 0.1002 0 221 197 302
car 0.0971 298 243 338 263
car 0.0969 0 236 59 269
car 0.0932 478 216 499 252
car 0.0920 65 248 183 296
car 0.0882 462 240 479 278
car 0.0860 262 235 296 244
car 0.0858 63 246 121 283
car 0.0851 173 245 232 284
car 0.0837 457 244 475 287
car 0.0830 15 243 51 262
car 0.0787 99 245 186 274
car 0.0778 244 232 306 249
car 0.0768 87 246 134 282
car 0.0753 363 242 393 277
car 0.0733 237 244 282 262
car 0.0730 462 226 487 274
car 0.0707 14 238 48 255
car 0.0690 464 235 480 265
car 0.0690 441 241 470 285
car 0.0665 229 236 306 261
car 0.0664 276 238 350 316
car 0.0661 96 249 127 271
car 0.0655 297 241 346 280
car 0.0650 0 209 39 265
car 0.0636 202 246 319 297
car 0.0633 180 246 219 262
car 0.0624 476 254 499 306
car 0.0604 0 258 33 291
car 0.0602 0 236 98 289
car 0.0601 467 219 500 239
car 0.0595 146 235 180 244
car 0.0590 23 240 57 253
car 0.0585 133 245 183 260
car 0.0585 364 240 420 280
car 0.0585 267 237 290 247
car 0.0579 5 243 85 272
car 0.0565 22 248 62 266
car 0.0560 263 230 297 241
car 0.0559 458 218 500 269
car 0.0558 441 228 489 279
car 0.0558 125 244 221 271
car 0.0558 125 238 193 257
car 0.0555 196 248 256 292
car 0.0554 29 246 67 259
car 0.0554 260 244 303 260
car 0.0550 458 245 477 266
car 0.0544 74 248 125 271
car 0.0543 1 227 71 259
car 0.0539 308 242 351 303
car 0.0539 285 244 321 260
car 0.0525 149 241 187 253
car 0.0518 231 242 263 263
car 0.0511 166 246 201 259
car 0.0502 368 240 459 275
car 0.0502 360 244 397 298
car 0.0499 449 247 466 271
car 0.0497 168 241 197 252
car 0.0496 116 245 157 260
car 0.0493 126 232 194 249
car 0.0492 181 248 229 268
car 0.0491 256 240 296 253
car 0.0490 295 241 330 255
car 0.0485 222 243 300 270
car 0.0483 0 258 23 277
car 0.0480 135 240 174 252
car 0.0471 469 225 496 256
car 0.0468 103 246 138 261
car 0.0458 12 237 81 256
car 0.0457 282 239 338 258
car 0.0457 0 285 72 318
car 0.0456 0 260 16 303
car 0.0455 476 213 500 235
car 0.0453 277 235 306 245
car 0.0448 198 246 232 261
car 0.0440 80 248 125 301
car 0.0433 33 240 67 252
car 0.0433 105 245 150 272
car 0.0432 360 249 383 286
car 0.0432 2 181 118 290
car 0.0431 121 240 153 253
car 0.0429 31 244 118 273
car 0.0428 242 241 279 255
car 0.0427 151 243 211 263
car 0.0423 162 235 192 245
car 0.0421 191 242 257 273
car 0.0418 366 242 404 263
car 0.0418 0 271 78 310
car 0.0418 369 239 401 255
car 0.0412 355 234 437 290
car 0.0410 186 240 218 252
car 0.0408 202 248 240 279
car 0.0406 286 232 346 253
car 0.0404 338 213 500 307
car 0.0403 248 235 282 246
car 0.0397 430 242 470 305
car 0.0397 272 242 297 255
car 0.0395 462 229 485 251
car 0.0393 166 244 187 255
car 0.0392 284 238 303 248
car 0.0391 441 229 500 311
car 0.0391 460 241 477 258
car 0.0389 249 226 312 244
car 0.0389 158 237 220 257
car 0.0384 225 246 254 268
car 0.0384 0 175 244 269
car 0.0383 133 236 163 246
car 0.0383 38 155 261 236
car 0.0383 437 243 464 266
car 0.0381 449 231 483 265
car 0.0378 89 247 123 261
car 0.0373 0 284 38 310
car 0.0372 86 240 159 267
car 0.0372 174 244 194 255
car 0.0371 249 229 327 254
car 0.0369 7 255 41 282
car 0.0369 300 235 338 248
car 0.0367 12 247 54 277
car 0.0367 412 238 466 285
car 0.0365 282 242 304 256
car 0.0363 286 241 318 254
car 0.0356 215 249 248 268
car 0.0355 464 207 500 247
car 0.0354 185 235 288 305
car 0.0351 69 236 99 246
car 0.0348 82 236 166 318
car 0.0348 104 237 166 257
car 0.0346 210 246 239 260
car 0.0341 142 245 244 291
car 0.0335 257 237 347 271
car 0.0334 151 239 173 248
car 0.0334 52 240 83 250
car 0.0332 445 244 475 262
car 0.0329 344 240 385 281
car 0.0329 145 239 165 248
car 0.0328 184 249 236 309
car 0.0327 242 239 262 259
car 0.0326 158 239 181 249
car 0.0325 127 243 148 255
car 0.0325 162 242 234 269
car 0.0319 258 238 315 257
car 0.0318 278 240 294 251
car 0.0316 72 246 111 260
car 0.0316 208 247 280 278
car 0.0315 183 244 202 255
car 0.0315 92 250 167 284
car 0.0315 467 208 499 225
car 0.0314 167 239 188 249
car 0.0313 108 241 141 253
car 0.0312 69 240 100 250
car 0.0310 437 240 466 254
car 0.0310 134 243 157 255
car 0.0309 68 275 139 321
car 0.0309 287 236 318 245
car 0.0308 224 202 465 300
car 0.0308 53 236 124 256
car 0.0304 332 244 364 301
car 0.0302 449 243 468 257
car 0.0301 203 241 233 253
car 0.0301 0 214 25 256
car 0.0300 2 223 21 247
car 0.0300 462 250 480 298
car 0.0300 180 235 207 245
car 0.0299 0 251 92 358
car 0.0299 353 245 376 291
car 0.0297 270 239 286 250
car 0.0295 104 251 123 266
car 0.0293 49 246 84 258
car 0.0292 448 240 475 254
car 0.0290 472 242 500 280
car 0.0290 0 247 201 346
car 0.0286 287 240 301 252
car 0.0284 140 242 166 254
car 0.0281 54 236 84 246
car 0.0281 24 244 100 262
car 0.0280 185 239 231 260
car 0.0280 452 247 465 263
car 0.0278 224 247 244 263
car 0.0277 382 250 462 297
car 0.0274 85 240 117 251
car 0.0274 189 235 219 245
car 0.0273 384 239 419 253
car 0.0273 222 235 269 264
car 0.0273 305 243 328 259
car 0.0271 191 244 212 255
car 0.0270 7 225 106 266
car 0.0270 175 239 194 249
car 0.0268 68 244 85 253
car 0.0267 198 244 221 255
car 0.0266 99 225 244 274
car 0.0265 48 232 115 250
car 0.0265 138 240 157 249
car 0.0261 237 234 269 248
car 0.0261 57 244 119 264
car 0.0261 24 235 59 248
car 0.0260 29 280 114 318
car 0.0260 252 237 274 249
car 0.0258 226 232 278 253
car 0.0257 25 234 114 260
car 0.0257 39 243 62 254
car 0.0256 442 245 459 261
car 0.0256 461 235 478 250
car 0.0254 271 233 308 253
car 0.0253 68 240 86 250
car 0.0253 381 241 407 256
car 0.0252 111 229 336 312
car 0.0251 85 264 127 286
car 0.0249 278 230 307 240
car 0.0249 0 243 61 319
car 0.0249 433 217 493 251
car 0.0246 86 236 117 245
car 0.0245 35 248 79 264
car 0.0245 119 244 141 256
car 0.0244 60 244 78 253
car 0.0243 11 214 92 246
car 0.0238 420 239 451 253
car 0.0238 206 244 228 256
car 0.0236 81 236 147 258
car 0.0229 360 238 391 255
car 0.0228 371 241 435 265
car 0.0228 253 230 286 241
car 0.0228 321 242 380 273
car 0.0225 256 148 325 197
car 0.0225 348 231 395 272
car 0.0224 75 244 93 253
car 0.0224 293 238 312 249
car 0.0223 106 246 126 257
car 0.0222 49 244 70 254
car 0.0222 317 238 381 296
car 0.0221 166 231 235 251
car 0.0221 310 241 344 254
car 0.0220 20 232 92 251
car 0.0219 36 236 69 247
car 0.0218 216 250 232 266
car 0.0218 367 237 421 258
car 0.0218 100 246 119 256
car 0.0218 234 235 259 254
car 0.0217 378 239 397 250
car 0.0217 205 248 226 266
car 0.0215 185 239 202 249
car 0.0214 416 242 454 261
car 0.0214 374 236 401 247
car 0.0213 53 238 95 258
car 0.0212 177 247 191 257
car 0.0212 372 238 391 251
car 0.0211 301 238 324 250
car 0.0210 433 242 454 256
car 0.0210 93 240 135 262
car 0.0209 224 251 270 271
car 0.0209 45 249 71 260
car 0.0208 263 239 277 251
car 0.0208 30 245 52 263
car 0.0208 74 265 148 308
car 0.0208 481 201 498 225
car 0.0208 0 294 32 313
car 0.0207 373 241 388 255
car 0.0206 445 246 485 271
car 0.0206 230 239 249 260
car 0.0206 319 243 344 274
car 0.0205 97 256 140 280
car 0.0204 112 245 134 257
car 0.0204 382 236 410 245
car 0.0203 269 242 287 257
car 0.0202 434 235 486 257
car 0.0202 215 242 244 276
car 0.0200 327 258 351 302
cat 0.0533 0 0 500 380
cow 0.0763 0 0 476 277
person 0.0747 0 0 212 380
person 0.0450 448 242 477 304
person 0.0446 354 246 374 282
person 0.0445 0 0 500 305
person 0.0340 344 246 367 284
person 0.0332 339 245 358 285
person 0.0328 338 242 371 302
person 0.0281 227 244 249 270
person 0.0262 220 248 240 272
person 0.0231 98 243 137 287
person 0.0230 225 247 238 266
person 0.0209 330 245 350 278
person 0.0206 16 245 50 284
person 0.0204 459 241 493 307
sheep 0.0810 0 0 500 353
train 0.0898 0 0 385 380
train 0.0789 34 201 343 315
train 0.0751 8 35 222 303
train 0.0660 245 145 500 232
train 0.0650 0 154 250 238
train 0.0638 34 91 500 310
train 0.0596 193 194 495 312
train 0.0255 43 154 378 256
train 0.0231 251 149 334 247
