chair 0.5838 167 150 469 458
chair 0.1687 142 152 319 461
chair 0.1259 247 105 405 435
chair 0.1187 301 167 464 447
chair 0.1058 154 57 366 400
chair 0.0956 135 279 278 460
chair 0.0924 131 184 237 458
chair 0.0829 153 247 396 462
chair 0.0766 130 307 193 449
chair 0.0661 208 176 375 400
chair 0.0648 223 273 488 465
chair 0.0645 0 99 428 472
chair 0.0470 99 205 204 453
chair 0.0461 275 158 375 355
chair 0.0435 143 362 316 460
chair 0.0428 232 333 367 463
chair 0.0426 223 257 318 457
chair 0.0398 27 228 269 447
chair 0.0347 293 158 424 310
chair 0.0347 245 217 355 442
chair 0.0345 141 239 212 438
chair 0.0324 115 345 397 469
chair 0.0320 339 159 451 352
chair 0.0303 122 344 238 458
chair 0.0301 22 93 183 456
chair 0.0291 178 211 275 434
chair 0.0268 366 257 473 456
chair 0.0262 55 293 178 439
chair 0.0253 161 33 500 348
chair 0.0246 56 205 365 494
chair 0.0241 184 278 255 469
chair 0.0229 133 198 349 353
chair 0.0226 311 329 468 459
chair 0.0215 215 88 373 327
chair 0.0212 362 155 474 280
chair 0.0200 321 167 413 221
diningtable 0.0526 52 197 492 491
diningtable 0.0225 0 0 500 451
person 0.7615 145 24 402 458
person 0.1476 138 56 277 454
person 0.0669 141 18 348 289
person 0.0501 238 52 359 372
person 0.0416 150 25 320 148
person 0.0408 19 15 334 462
person 0.0374 217 0 500 482
person 0.0353 136 48 227 372
person 0.0334 154 21 255 206
person 0.0259 84 55 216 448
person 0.0258 186 20 363 200
person 0.0203 267 23 368 192
sofa 0.3037 104 103 481 468
