bus 0.9154 90 72 316 288
bus 0.8717 374 105 500 211
bus 0.6887 20 104 91 201
bus 0.3634 317 110 384 197
bus 0.1764 89 84 199 272
bus 0.1531 267 94 488 227
bus 0.1340 6 98 64 194
bus 0.1220 333 130 392 213
bus 0.1178 71 94 158 205
bus 0.1156 303 89 369 213
bus 0.1131 425 112 494 207
bus 0.1042 28 118 87 165
bus 0.0984 196 73 318 236
bus 0.0975 0 78 38 197
bus 0.0971 129 93 397 256
bus 0.0954 0 94 18 195
bus 0.0873 0 85 141 214
bus 0.0859 255 78 318 208
bus 0.0855 319 100 438 213
bus 0.0850 464 0 499 96
bus 0.0841 338 108 382 173
bus 0.0814 461 108 500 181
bus 0.0784 89 115 168 187
bus 0.0647 88 75 188 193
bus 0.0646 90 81 256 157
bus 0.0625 304 111 338 184
bus 0.0607 377 106 469 172
bus 0.0587 363 17 495 203
bus 0.0565 374 142 459 211
bus 0.0534 272 96 337 211
bus 0.0523 432 0 497 104
bus 0.0519 350 112 410 192
bus 0.0511 83 124 125 190
bus 0.0509 87 189 314 293
bus 0.0482 51 120 91 185
bus 0.0481 270 96 312 189
bus 0.0477 392 152 500 208
bus 0.0449 26 122 69 188
bus 0.0434 476 0 500 74
bus 0.0419 316 111 354 175
bus 0.0416 25 102 83 142
bus 0.0399 2 120 32 200
bus 0.0396 1 102 51 167
bus 0.0394 375 111 439 194
bus 0.0372 112 70 320 122
bus 0.0372 88 120 163 256
bus 0.0367 381 111 420 168
bus 0.0362 24 114 51 177
bus 0.0345 108 69 317 186
bus 0.0327 323 111 398 160
bus 0.0316 96 119 159 164
bus 0.0305 28 120 49 158
bus 0.0303 44 71 219 209
bus 0.0289 221 68 315 173
bus 0.0285 34 136 96 203
bus 0.0281 318 138 345 179
bus 0.0279 83 105 129 165
bus 0.0273 57 121 89 161
bus 0.0272 29 103 83 125
bus 0.0269 225 77 343 288
bus 0.0266 351 119 377 174
bus 0.0266 223 98 306 212
bus 0.0265 308 41 397 208
bus 0.0258 40 125 76 170
bus 0.0257 9 117 45 183
bus 0.0257 481 4 499 47
bus 0.0256 467 22 497 77
bus 0.0249 379 127 410 164
bus 0.0245 23 61 118 191
bus 0.0244 331 116 360 171
bus 0.0243 378 131 411 195
bus 0.0243 409 82 500 287
bus 0.0243 34 106 105 174
bus 0.0241 359 0 495 93
bus 0.0238 1 123 21 180
bus 0.0229 362 104 397 175
bus 0.0226 7 100 93 160
bus 0.0224 254 105 302 188
bus 0.0222 383 150 396 168
bus 0.0222 450 115 490 190
bus 0.0221 376 115 406 178
bus 0.0221 451 104 500 151
bus 0.0220 460 107 499 135
bus 0.0220 320 137 354 195
bus 0.0216 335 134 357 178
bus 0.0216 88 89 165 159
bus 0.0216 384 142 404 167
bus 0.0213 167 94 311 167
bus 0.0213 358 135 379 177
bus 0.0211 375 129 431 175
bus 0.0211 83 155 132 203
bus 0.0210 369 156 377 170
bus 0.0210 72 129 90 160
bus 0.0209 55 112 159 168
bus 0.0207 355 109 384 161
bus 0.0202 68 124 92 176
bus 0.0202 346 139 381 197
bus 0.0200 276 76 386 240
car 0.6654 314 159 352 214
car 0.6209 342 165 383 216
car 0.2498 325 161 372 212
car 0.2225 316 159 348 191
car 0.1483 184 132 224 166
car 0.1265 311 123 374 210
car 0.1029 88 120 171 197
car 0.0960 307 162 334 211
car 0.0954 94 120 169 163
car 0.0912 334 162 356 196
car 0.0901 97 119 216 174
car 0.0892 324 159 353 181
car 0.0879 342 165 375 194
car 0.0804 318 154 399 216
car 0.0782 371 164 403 215
car 0.0759 352 165 384 198
car 0.0755 322 161 366 186
car 0.0710 376 152 500 216
car 0.0660 362 171 436 212
car 0.0657 308 166 323 206
car 0.0633 359 165 391 211
car 0.0582 377 162 399 192
car 0.0570 312 160 344 179
car 0.0569 335 161 357 178
car 0.0563 297 161 326 218
car 0.0561 353 164 388 184
car 0.0551 358 136 457 214
car 0.0546 310 175 370 218
car 0.0492 340 161 373 175
car 0.0488 97 103 248 162
car 0.0476 350 178 404 218
car 0.0461 343 194 383 216
car 0.0458 380 157 424 214
car 0.0456 137 125 234 167
car 0.0437 302 167 318 210
car 0.0420 293 157 358 224
car 0.0404 373 186 455 218
car 0.0389 334 172 355 209
car 0.0371 379 155 407 198
car 0.0361 100 154 166 185
car 0.0359 369 165 390 200
car 0.0359 466 92 498 111
car 0.0358 90 156 171 202
car 0.0358 353 163 376 177
car 0.0340 308 160 332 184
car 0.0334 418 174 500 214
car 0.0329 380 160 399 179
car 0.0327 327 158 379 178
car 0.0322 477 87 500 114
car 0.0320 375 169 401 201
car 0.0318 379 149 431 192
car 0.0314 316 191 347 218
car 0.0313 349 157 403 200
car 0.0309 23 120 85 212
car 0.0308 359 162 387 175
car 0.0300 383 156 404 184
car 0.0299 304 156 371 197
car 0.0299 321 198 360 216
car 0.0289 93 138 222 209
car 0.0278 383 170 457 204
car 0.0278 329 158 351 174
car 0.0276 334 158 388 194
car 0.0275 321 157 345 174
car 0.0272 292 164 313 216
car 0.0268 480 2 499 43
car 0.0263 379 157 413 176
car 0.0262 87 135 179 235
car 0.0261 387 182 495 222
car 0.0261 187 147 226 170
car 0.0254 325 155 356 170
car 0.0248 384 151 423 170
car 0.0245 372 162 397 173
car 0.0244 356 166 373 182
car 0.0241 358 161 395 192
car 0.0241 382 157 396 175
car 0.0241 303 164 317 191
car 0.0241 327 149 362 198
car 0.0239 309 150 357 187
car 0.0236 375 164 390 177
car 0.0236 463 101 499 116
car 0.0236 340 158 356 172
car 0.0234 342 160 354 176
car 0.0228 377 166 387 181
car 0.0228 460 108 499 125
car 0.0223 374 164 403 182
car 0.0217 163 131 246 177
car 0.0215 341 128 415 216
car 0.0212 363 166 379 182
car 0.0211 55 127 92 204
car 0.0208 359 160 373 171
car 0.0203 380 190 430 215
car 0.0202 334 163 426 222
car 0.0202 355 155 379 166
car 0.0201 347 164 363 179
car 0.0200 326 183 389 219
person 0.3941 130 126 165 158
person 0.1582 186 131 225 161
person 0.1562 220 127 237 152
person 0.1496 135 126 190 159
person 0.1339 217 127 230 144
person 0.1334 202 124 226 142
person 0.1328 198 128 228 149
person 0.1251 105 123 169 165
person 0.1229 171 133 218 173
person 0.1187 466 162 499 194
person 0.1175 212 129 234 155
person 0.1145 194 123 220 145
person 0.1122 168 132 199 168
person 0.1107 253 130 267 173
person 0.1057 181 133 203 165
person 0.1007 186 118 230 153
person 0.0945 194 126 240 162
person 0.0899 155 130 221 160
person 0.0855 221 127 255 159
person 0.0822 237 128 257 160
person 0.0818 246 128 265 183
person 0.0808 459 135 497 209
person 0.0806 165 149 204 179
person 0.0734 229 126 263 186
person 0.0726 204 121 234 146
person 0.0716 219 127 242 170
person 0.0684 209 126 234 140
person 0.0662 165 131 190 159
person 0.0661 190 119 216 138
person 0.0661 225 128 246 153
person 0.0654 186 139 210 173
person 0.0634 150 131 181 156
person 0.0610 215 123 230 138
person 0.0605 120 128 147 158
person 0.0595 109 124 200 181
person 0.0590 131 126 222 171
person 0.0584 151 136 206 171
person 0.0577 173 128 221 152
person 0.0528 251 129 271 191
person 0.0527 158 120 196 164
person 0.0524 145 125 169 152
person 0.0519 466 160 500 225
person 0.0518 246 128 264 158
person 0.0511 137 135 175 157
person 0.0466 185 126 200 147
person 0.0459 189 131 229 190
person 0.0459 223 128 235 142
person 0.0452 173 131 197 153
person 0.0451 228 131 249 170
person 0.0449 182 115 227 140
person 0.0449 119 124 167 189
person 0.0435 199 118 228 137
person 0.0425 126 125 154 150
person 0.0414 149 127 202 152
person 0.0410 181 120 208 155
person 0.0402 166 141 192 174
person 0.0396 177 115 216 165
person 0.0393 159 129 213 197
person 0.0382 200 129 245 183
person 0.0380 462 160 486 190
person 0.0374 179 145 215 179
person 0.0370 187 124 200 140
person 0.0368 210 134 235 176
person 0.0367 112 113 207 161
person 0.0363 138 133 182 194
person 0.0361 40 201 59 231
person 0.0360 165 162 190 193
person 0.0353 226 129 263 149
person 0.0350 188 121 206 136
person 0.0343 237 137 255 181
person 0.0334 163 159 197 183
person 0.0333 97 111 178 197
person 0.0326 454 169 498 204
person 0.0324 29 125 48 160
person 0.0321 179 155 203 190
person 0.0318 214 118 245 158
person 0.0311 178 131 192 150
person 0.0309 445 162 491 219
person 0.0303 161 129 195 148
person 0.0300 222 124 238 138
person 0.0298 146 137 170 164
person 0.0297 188 153 207 185
person 0.0296 220 126 253 141
person 0.0294 166 111 229 149
person 0.0291 239 165 253 192
person 0.0289 239 130 256 149
person 0.0282 455 163 475 195
person 0.0282 106 140 170 177
person 0.0278 34 199 53 232
person 0.0277 202 139 226 172
person 0.0275 178 127 196 144
person 0.0273 159 140 178 166
person 0.0272 160 129 176 148
person 0.0271 134 94 229 189
person 0.0264 250 127 270 155
person 0.0263 105 153 170 192
person 0.0260 170 131 184 149
person 0.0256 29 135 50 173
person 0.0254 208 119 233 134
person 0.0254 476 141 499 184
person 0.0249 197 119 258 147
person 0.0247 211 179 233 204
person 0.0244 174 115 248 200
person 0.0242 159 121 217 143
person 0.0241 140 117 213 151
person 0.0236 159 158 186 177
person 0.0229 467 175 494 212
person 0.0229 176 125 204 137
person 0.0226 215 175 231 197
person 0.0225 125 139 165 161
person 0.0224 169 128 188 144
person 0.0223 196 155 217 185
person 0.0220 133 121 158 142
person 0.0220 28 197 43 232
person 0.0219 389 153 413 183
person 0.0219 239 126 273 171
person 0.0218 257 164 269 192
person 0.0216 166 152 224 188
person 0.0216 486 161 500 195
person 0.0214 217 172 230 191
person 0.0213 239 132 270 152
person 0.0213 191 150 221 177
person 0.0211 217 121 271 155
person 0.0211 449 142 487 199
person 0.0209 478 173 500 215
person 0.0207 127 140 197 176
person 0.0204 378 169 422 220
person 0.0203 234 170 247 192
person 0.0203 149 125 181 139
person 0.0202 228 146 252 193
person 0.0201 199 149 227 190
person 0.0201 152 127 168 145
person 0.0200 113 121 157 153
pottedplant 0.0320 459 171 497 227
pottedplant 0.0313 388 198 427 231
pottedplant 0.0304 372 201 427 286
pottedplant 0.0240 14 0 141 87
pottedplant 0.0200 366 216 406 284
sheep 0.0220 4 7 134 176
sheep 0.0217 24 64 343 366
train 0.0210 381 147 440 177
tvmonitor 0.0836 88 119 172 185
tvmonitor 0.0458 101 122 162 162
tvmonitor 0.0373 106 93 244 166
tvmonitor 0.0244 154 112 263 178
