bottle 0.0238 4 70 29 122
chair 0.0896 4 0 430 236
chair 0.0689 15 11 402 139
chair 0.0483 4 0 237 317
chair 0.0469 0 44 111 332
chair 0.0384 246 175 454 332
chair 0.0346 2 0 385 77
chair 0.0319 224 269 412 328
chair 0.0309 6 159 176 332
chair 0.0307 0 0 56 117
chair 0.0294 351 197 495 331
chair 0.0292 1 8 88 234
chair 0.0280 12 0 176 205
chair 0.0262 6 145 85 331
chair 0.0244 168 0 386 180
chair 0.0235 6 88 80 268
chair 0.0223 329 230 451 328
chair 0.0213 77 68 287 222
chair 0.0208 412 218 499 331
dog 0.7742 112 143 243 332
dog 0.0967 27 132 222 332
dog 0.0781 106 140 237 231
dog 0.0750 117 117 319 299
dog 0.0534 209 174 413 332
dog 0.0441 102 144 205 197
dog 0.0430 217 271 396 328
dog 0.0335 101 143 167 182
dog 0.0297 155 193 244 332
dog 0.0221 126 145 220 180
dog 0.0203 57 177 142 328
person 0.6268 236 87 429 331
person 0.4548 80 137 236 332
person 0.4373 81 42 441 332
person 0.3553 321 56 477 332
person 0.2894 397 38 500 332
person 0.2437 121 99 312 328
person 0.1627 47 46 260 320
person 0.1365 367 0 499 197
person 0.1058 9 4 429 197
person 0.0992 290 95 412 286
person 0.0974 43 85 402 238
person 0.0856 215 92 378 226
person 0.0810 9 113 153 332
person 0.0712 236 18 462 228
person 0.0605 191 17 390 275
person 0.0599 177 88 481 257
person 0.0577 300 0 487 136
person 0.0544 418 0 497 54
person 0.0507 209 93 339 182
person 0.0469 0 61 25 137
person 0.0465 376 0 486 110
person 0.0456 297 97 378 222
person 0.0431 428 69 498 196
person 0.0422 262 93 385 185
person 0.0370 346 0 448 121
person 0.0369 440 0 500 94
person 0.0368 174 27 492 150
person 0.0348 2 69 20 109
person 0.0343 161 101 326 211
person 0.0342 334 126 434 280
person 0.0330 226 94 364 149
person 0.0326 454 0 499 34
person 0.0322 311 85 500 235
person 0.0315 279 92 364 127
person 0.0315 412 23 499 133
person 0.0311 316 0 407 118
person 0.0310 123 83 376 190
person 0.0309 354 163 494 332
person 0.0300 340 174 432 329
person 0.0297 0 229 76 329
person 0.0297 96 8 344 258
person 0.0291 4 5 83 154
person 0.0284 425 99 497 262
person 0.0282 460 82 500 169
person 0.0271 243 0 413 154
person 0.0270 0 53 16 122
person 0.0269 480 0 500 32
person 0.0268 382 81 477 248
person 0.0264 424 0 500 19
person 0.0264 216 108 338 317
person 0.0260 394 0 499 31
person 0.0260 0 34 22 112
person 0.0258 25 188 124 332
person 0.0255 460 46 499 126
person 0.0254 0 45 45 192
person 0.0252 377 0 472 50
person 0.0251 294 78 411 160
person 0.0241 337 0 370 28
person 0.0239 217 115 269 167
person 0.0234 476 0 500 57
person 0.0234 236 165 378 332
person 0.0231 306 42 416 199
person 0.0228 305 139 389 239
person 0.0224 217 104 303 155
person 0.0217 340 79 435 211
person 0.0213 432 57 497 143
person 0.0208 287 93 373 154
person 0.0207 295 92 337 108
person 0.0206 454 95 500 218
person 0.0202 187 120 282 234
person 0.0201 255 96 333 143
pottedplant 0.0371 14 3 371 115
pottedplant 0.0357 6 0 158 204
pottedplant 0.0325 2 0 76 82
pottedplant 0.0260 2 0 93 159
pottedplant 0.0234 3 0 103 49
pottedplant 0.0226 1 0 46 65
pottedplant 0.0212 61 18 302 195
sofa 0.2218 58 75 477 330
sofa 0.1394 0 1 437 269
sofa 0.0855 6 112 158 327
sofa 0.0684 35 129 308 304
sofa 0.0558 3 6 350 138
sofa 0.0477 6 82 323 235
sofa 0.0346 172 159 471 332
