bicycle 0.6240 18 0 340 500
bicycle 0.0453 12 237 318 500
bicycle 0.0389 55 0 139 88
bicycle 0.0277 0 3 188 500
bicycle 0.0209 69 0 125 40
bird 0.0367 121 152 231 500
bird 0.0351 12 0 90 153
bird 0.0210 291 0 342 34
bottle 0.1125 268 0 329 126
bottle 0.0693 220 2 337 138
bottle 0.0591 274 11 306 121
bottle 0.0357 175 1 342 196
bottle 0.0349 298 8 341 113
bottle 0.0275 272 0 301 80
bottle 0.0269 261 0 342 213
bottle 0.0252 176 90 278 455
bottle 0.0240 252 1 303 119
bottle 0.0239 185 164 254 336
bottle 0.0238 188 25 324 383
bottle 0.0223 290 0 342 23
bottle 0.0223 140 0 190 174
bottle 0.0220 284 28 321 127
bottle 0.0217 248 4 323 79
bottle 0.0209 311 1 342 21
bottle 0.0203 186 155 310 325
cat 0.1009 0 0 46 141
cat 0.0466 138 2 342 157
cat 0.0318 119 202 231 500
chair 0.3296 26 1 338 500
chair 0.0928 29 0 202 447
chair 0.0846 177 88 339 500
chair 0.0802 272 0 340 128
chair 0.0742 229 203 341 500
chair 0.0593 46 0 336 264
chair 0.0550 69 248 342 500
chair 0.0538 96 47 289 430
chair 0.0518 7 24 132 490
chair 0.0496 51 4 154 175
chair 0.0481 218 2 342 373
chair 0.0417 175 322 342 497
chair 0.0395 272 311 338 500
chair 0.0387 174 210 295 497
chair 0.0376 66 144 242 487
chair 0.0345 308 5 342 117
chair 0.0325 201 399 333 495
chair 0.0301 32 0 183 235
chair 0.0245 283 205 342 482
chair 0.0240 0 0 120 270
chair 0.0236 4 325 242 500
chair 0.0236 153 7 342 206
chair 0.0235 233 308 309 497
chair 0.0226 0 0 75 410
chair 0.0225 255 409 342 498
chair 0.0212 206 147 338 327
chair 0.0209 283 377 328 500
chair 0.0209 166 129 305 377
chair 0.0208 265 0 342 291
chair 0.0207 75 9 224 269
chair 0.0203 22 220 159 499
chair 0.0200 211 304 282 495
dog 0.0952 0 0 39 146
dog 0.0307 0 0 74 157
dog 0.0211 86 266 234 495
person 0.1277 41 11 284 497
person 0.1088 264 0 336 126
person 0.0947 0 0 45 144
person 0.0639 217 0 339 155
person 0.0504 47 0 155 233
person 0.0492 232 0 341 317
person 0.0471 267 0 304 118
person 0.0463 8 0 99 165
person 0.0456 5 0 100 363
person 0.0359 5 0 60 91
person 0.0356 265 348 325 500
person 0.0340 74 2 186 316
person 0.0338 20 0 71 142
person 0.0312 0 0 26 103
person 0.0310 67 0 237 200
person 0.0302 1 0 65 217
person 0.0302 35 0 64 78
person 0.0274 286 0 342 23
person 0.0263 243 0 342 76
person 0.0261 160 145 251 500
person 0.0256 44 8 112 189
person 0.0256 36 0 55 57
person 0.0255 107 50 213 500
person 0.0252 30 0 97 88
person 0.0250 0 0 15 47
person 0.0247 116 0 322 184
person 0.0237 92 0 149 175
person 0.0235 37 0 78 51
person 0.0232 292 0 339 101
person 0.0229 117 5 226 312
person 0.0229 34 0 91 30
person 0.0218 172 17 296 337
person 0.0216 231 0 308 101
person 0.0214 129 11 189 205
person 0.0211 55 0 125 28
person 0.0210 21 0 54 71
person 0.0207 173 13 319 126
pottedplant 0.0442 49 0 154 205
pottedplant 0.0390 50 0 134 85
pottedplant 0.0279 42 0 113 134
pottedplant 0.0259 45 0 121 48
pottedplant 0.0256 74 0 142 141
tvmonitor 0.0959 277 0 341 129
tvmonitor 0.0446 309 6 341 122
tvmonitor 0.0276 206 3 342 164
tvmonitor 0.0236 293 53 339 129
