car 0.0304 425 234 467 257
cow 0.7804 227 36 458 329
cow 0.7637 13 96 279 334
cow 0.2463 341 214 418 334
cow 0.1871 217 158 424 331
cow 0.1619 75 77 439 342
cow 0.1115 121 124 274 330
cow 0.0774 314 130 442 331
cow 0.0748 11 173 97 324
cow 0.0539 241 101 346 328
cow 0.0518 181 181 284 331
cow 0.0498 2 218 298 330
cow 0.0430 13 113 134 314
cow 0.0416 3 213 55 337
cow 0.0415 199 190 354 331
cow 0.0388 343 36 471 291
cow 0.0362 50 146 218 330
cow 0.0354 6 222 39 305
cow 0.0336 170 247 301 330
cow 0.0331 7 241 135 330
cow 0.0307 372 245 417 333
cow 0.0299 331 183 405 300
cow 0.0287 253 38 470 190
cow 0.0287 189 241 406 329
cow 0.0264 383 76 472 248
cow 0.0253 2 220 26 300
cow 0.0239 366 209 452 329
cow 0.0234 273 201 376 332
cow 0.0209 0 93 87 342
cow 0.0205 419 64 465 130
cow 0.0205 61 114 257 272
pottedplant 0.0449 13 0 280 342
pottedplant 0.0281 335 109 383 120
pottedplant 0.0278 254 62 297 119
pottedplant 0.0259 288 110 328 121
pottedplant 0.0242 375 34 467 133
pottedplant 0.0222 323 109 364 120
pottedplant 0.0208 247 35 461 180
pottedplant 0.0204 325 119 375 132
pottedplant 0.0202 419 60 465 126
