bird 0.0211 300 106 342 145
bird 0.0207 177 138 306 324
bird 0.0203 299 235 446 288
boat 0.0209 0 0 500 277
car 0.0252 481 226 500 249
cat 0.0393 0 0 493 324
horse 0.8764 290 160 452 291
horse 0.8395 172 178 310 286
horse 0.6628 57 172 173 281
horse 0.3860 189 162 428 282
horse 0.3387 90 175 274 284
horse 0.3113 62 191 122 282
horse 0.2630 311 137 419 265
horse 0.1558 113 165 174 284
horse 0.1298 84 139 178 252
horse 0.1061 113 136 332 278
horse 0.0915 28 92 309 278
horse 0.0775 32 157 240 273
horse 0.0737 365 157 452 273
horse 0.0715 166 199 202 264
horse 0.0703 200 158 320 260
horse 0.0701 168 192 278 263
horse 0.0690 56 202 100 276
horse 0.0644 247 172 327 286
horse 0.0634 123 115 466 288
horse 0.0557 169 200 226 282
horse 0.0540 23 190 101 275
horse 0.0540 298 187 385 286
horse 0.0503 128 185 191 286
horse 0.0502 8 208 66 265
horse 0.0494 67 213 160 284
horse 0.0452 26 91 171 275
horse 0.0447 43 141 144 250
horse 0.0401 0 163 156 271
horse 0.0383 299 220 440 289
horse 0.0358 166 197 225 244
horse 0.0339 288 189 447 248
horse 0.0339 200 212 344 289
horse 0.0327 120 206 156 282
horse 0.0314 153 152 291 324
horse 0.0292 186 201 286 236
horse 0.0282 125 221 170 279
horse 0.0270 145 197 186 268
horse 0.0233 16 0 413 284
horse 0.0225 325 165 478 257
horse 0.0221 302 128 500 324
horse 0.0208 9 203 137 284
horse 0.0200 340 174 422 242
motorbike 0.0231 19 212 60 254
person 0.6710 357 135 404 240
person 0.5458 108 139 163 242
person 0.4762 225 153 260 240
person 0.2762 345 139 431 266
person 0.2679 229 156 283 250
person 0.2628 245 163 304 243
person 0.2368 0 210 21 258
person 0.2278 79 137 174 273
person 0.1603 80 141 142 245
person 0.1458 231 161 310 284
person 0.1131 202 151 264 256
person 0.1022 310 132 411 230
person 0.1019 370 152 442 248
person 0.0993 6 216 27 255
person 0.0988 370 152 410 231
person 0.0943 113 142 145 225
person 0.0942 132 144 176 232
person 0.0847 118 226 155 281
person 0.0828 4 209 40 260
person 0.0783 459 222 471 248
person 0.0782 59 162 119 278
person 0.0779 0 205 12 249
person 0.0709 2 205 17 237
person 0.0683 67 216 108 278
person 0.0662 406 159 448 222
person 0.0633 112 168 155 260
person 0.0632 170 199 195 244
person 0.0628 275 168 319 233
person 0.0616 11 211 62 260
person 0.0615 13 217 38 254
person 0.0576 167 133 312 285
person 0.0573 0 0 421 324
person 0.0567 462 225 471 240
person 0.0559 483 223 498 248
person 0.0559 93 163 148 273
person 0.0557 464 223 479 247
person 0.0547 234 155 257 218
person 0.0538 473 224 491 247
person 0.0532 333 136 386 228
person 0.0531 101 145 135 230
person 0.0530 428 224 443 249
person 0.0521 211 189 266 239
person 0.0515 38 69 173 259
person 0.0512 362 134 394 200
person 0.0506 287 133 453 267
person 0.0492 64 181 110 250
person 0.0489 314 131 358 222
person 0.0486 10 208 27 239
person 0.0474 129 143 164 209
person 0.0474 122 205 169 283
person 0.0468 120 139 151 204
person 0.0466 67 146 115 237
person 0.0464 256 143 324 258
person 0.0463 175 191 249 259
person 0.0462 484 144 498 168
person 0.0462 315 105 338 137
person 0.0460 161 184 198 241
person 0.0452 390 152 437 217
person 0.0441 169 196 218 249
person 0.0436 452 225 465 248
person 0.0426 141 155 172 216
person 0.0406 264 178 311 262
person 0.0399 42 125 126 245
person 0.0393 240 163 275 232
person 0.0383 216 151 248 232
person 0.0379 171 212 218 284
person 0.0367 365 134 420 213
person 0.0366 299 200 358 288
person 0.0366 85 147 123 228
person 0.0361 485 213 498 242
person 0.0357 245 219 297 285
person 0.0357 238 155 255 178
person 0.0354 33 214 55 246
person 0.0347 467 224 477 239
person 0.0342 170 222 197 284
person 0.0341 442 226 456 248
person 0.0338 25 214 46 248
person 0.0335 144 165 181 240
person 0.0335 166 148 239 238
person 0.0334 299 163 384 268
person 0.0333 0 201 9 232
person 0.0331 391 221 436 290
person 0.0329 383 188 442 286
person 0.0327 126 152 184 279
person 0.0326 169 215 185 251
person 0.0322 281 183 324 249
person 0.0320 112 231 130 252
person 0.0320 215 223 231 248
person 0.0318 333 144 361 218
person 0.0316 476 219 489 239
person 0.0315 409 175 450 247
person 0.0315 488 203 500 248
person 0.0307 272 175 333 284
person 0.0306 476 151 491 170
person 0.0302 232 182 261 232
person 0.0299 145 141 206 237
person 0.0297 254 169 291 232
person 0.0294 114 222 129 247
person 0.0294 53 193 97 262
person 0.0292 389 180 439 249
person 0.0292 219 236 238 251
person 0.0292 28 209 74 265
person 0.0290 60 222 75 251
person 0.0283 388 151 421 202
person 0.0283 306 105 342 154
person 0.0283 82 219 101 258
person 0.0283 295 207 418 289
person 0.0280 99 230 113 256
person 0.0280 18 210 35 236
person 0.0279 398 155 421 184
person 0.0279 117 233 139 267
person 0.0278 107 233 123 252
person 0.0277 376 136 411 192
person 0.0276 470 208 494 244
person 0.0275 64 221 80 254
person 0.0271 123 238 149 277
person 0.0271 343 157 399 223
person 0.0268 405 149 448 194
person 0.0264 259 173 279 207
person 0.0260 109 227 122 246
person 0.0259 172 218 191 262
person 0.0256 221 5 500 324
person 0.0255 241 196 263 230
person 0.0252 488 222 500 255
person 0.0251 88 219 105 254
person 0.0251 313 111 354 170
person 0.0249 126 149 146 187
person 0.0249 479 200 500 251
person 0.0249 0 187 14 265
person 0.0248 2 190 17 223
person 0.0248 230 239 247 251
person 0.0248 279 163 308 211
person 0.0245 189 182 236 236
person 0.0243 476 209 490 234
person 0.0243 423 227 436 249
person 0.0243 431 226 449 248
person 0.0242 147 164 170 197
person 0.0242 457 228 465 241
person 0.0241 0 195 32 250
person 0.0241 62 221 85 274
person 0.0241 140 220 183 283
person 0.0241 243 164 262 205
person 0.0239 0 32 18 70
person 0.0238 132 232 156 275
person 0.0238 285 166 305 201
person 0.0236 76 204 103 260
person 0.0236 484 128 499 163
person 0.0236 468 217 477 234
person 0.0233 47 136 173 217
person 0.0232 96 235 115 271
person 0.0232 248 162 274 211
person 0.0232 461 213 483 245
person 0.0227 375 121 460 231
person 0.0227 157 156 192 227
person 0.0226 372 141 399 188
person 0.0224 311 180 360 237
person 0.0223 0 126 23 206
person 0.0222 230 230 247 248
person 0.0222 145 223 160 251
person 0.0221 444 223 470 248
person 0.0220 238 189 282 262
person 0.0219 208 217 227 249
person 0.0219 100 179 137 257
person 0.0218 240 237 254 251
person 0.0218 232 156 256 170
person 0.0218 138 224 163 277
person 0.0217 374 189 422 262
person 0.0217 455 225 469 242
person 0.0216 486 148 500 175
person 0.0216 108 233 145 285
person 0.0216 288 152 356 251
person 0.0215 0 201 53 277
person 0.0215 174 241 193 282
person 0.0213 0 207 17 221
person 0.0213 81 227 121 281
person 0.0212 401 142 479 250
person 0.0212 139 222 153 255
person 0.0210 0 180 20 232
person 0.0208 126 229 147 264
person 0.0208 112 147 135 201
person 0.0206 118 220 135 249
person 0.0205 291 170 310 199
person 0.0204 407 217 447 285
person 0.0202 163 222 178 250
person 0.0202 52 217 68 246
person 0.0201 0 232 25 259
person 0.0200 464 223 475 235
person 0.0200 287 164 302 187
person 0.0200 381 146 440 190
train 0.0259 0 0 480 290
train 0.0214 277 127 492 246
tvmonitor 0.0282 0 13 69 49
