boat 0.0235 434 165 495 277
car 0.0279 459 65 486 76
car 0.0228 461 66 477 77
cat 0.6975 78 89 313 320
cat 0.1401 84 138 233 306
cat 0.0997 15 0 102 33
cat 0.0869 79 203 272 326
cat 0.0631 49 50 289 230
cat 0.0595 146 125 291 311
cat 0.0464 31 0 71 33
cat 0.0457 0 0 71 42
cat 0.0434 0 1 303 287
cat 0.0420 203 92 312 185
cat 0.0391 141 88 305 209
cat 0.0318 76 162 161 286
cat 0.0302 13 0 197 51
cat 0.0267 193 93 311 263
cat 0.0257 81 197 214 293
cat 0.0256 8 0 141 162
cat 0.0255 2 0 114 57
cat 0.0234 1 35 283 161
cat 0.0207 162 197 298 284
chair 0.3538 86 86 303 327
chair 0.1777 173 84 472 333
chair 0.1724 119 234 461 330
chair 0.1703 318 74 479 332
chair 0.1596 78 203 304 330
chair 0.0958 18 29 410 322
chair 0.0867 399 61 500 333
chair 0.0792 181 267 432 328
chair 0.0701 245 202 471 333
chair 0.0657 74 236 222 328
chair 0.0645 147 237 309 326
chair 0.0531 54 182 202 333
chair 0.0529 172 145 347 333
chair 0.0512 373 136 480 333
chair 0.0463 215 210 305 321
chair 0.0458 409 194 494 333
chair 0.0409 344 222 482 333
chair 0.0371 84 273 254 331
chair 0.0366 224 186 374 333
chair 0.0358 15 0 189 169
chair 0.0352 12 198 144 333
chair 0.0325 288 264 467 330
chair 0.0321 51 1 264 219
chair 0.0309 0 113 257 318
chair 0.0303 260 79 410 333
chair 0.0300 155 232 240 333
chair 0.0285 38 186 500 333
chair 0.0280 304 229 427 333
chair 0.0275 285 149 445 319
chair 0.0269 25 0 168 37
chair 0.0262 438 168 500 286
chair 0.0260 380 241 455 330
chair 0.0253 11 0 198 83
chair 0.0228 22 241 170 322
chair 0.0216 51 95 288 201
chair 0.0214 432 236 499 333
chair 0.0214 201 296 422 333
chair 0.0213 208 250 352 329
chair 0.0201 279 206 388 327
chair 0.0201 478 239 499 259
chair 0.0200 354 89 428 245
diningtable 0.0516 60 123 500 333
dog 0.0925 11 0 111 34
dog 0.0410 18 1 177 41
dog 0.0360 32 0 68 34
dog 0.0355 0 0 83 47
dog 0.0285 9 0 145 148
dog 0.0213 17 0 129 74
person 0.0226 460 67 473 78
person 0.0225 27 0 65 34
person 0.0220 463 70 472 78
sofa 0.0410 0 20 483 328
sofa 0.0352 5 0 171 176
tvmonitor 0.1172 406 71 498 300
tvmonitor 0.0519 387 82 472 255
tvmonitor 0.0437 428 100 495 254
tvmonitor 0.0362 330 75 472 313
tvmonitor 0.0331 412 67 494 201
