bicycle 0.8824 50 0 418 369
bicycle 0.4157 263 2 419 266
bicycle 0.2181 172 0 397 298
bicycle 0.2064 8 0 156 356
bicycle 0.1462 67 14 249 327
bicycle 0.1177 343 63 421 178
bicycle 0.1161 326 6 426 201
bicycle 0.0904 158 2 317 236
bicycle 0.0821 206 0 401 161
bicycle 0.0786 372 67 423 136
bicycle 0.0613 337 21 424 122
bicycle 0.0573 101 0 236 229
bicycle 0.0518 33 113 186 359
bicycle 0.0503 96 76 327 289
bicycle 0.0502 307 54 414 156
bicycle 0.0428 347 0 467 153
bicycle 0.0426 307 77 408 259
bicycle 0.0405 83 109 201 309
bicycle 0.0397 59 192 273 364
bicycle 0.0396 88 163 396 290
bicycle 0.0388 281 18 390 199
bicycle 0.0380 333 1 500 262
bicycle 0.0373 51 169 469 375
bicycle 0.0363 112 0 301 151
bicycle 0.0359 258 143 395 258
bicycle 0.0359 289 6 349 165
bicycle 0.0332 0 0 389 210
bicycle 0.0320 116 105 426 256
bicycle 0.0319 330 69 425 119
bicycle 0.0319 190 3 272 124
bicycle 0.0303 226 25 479 339
bicycle 0.0269 366 47 456 194
bicycle 0.0237 0 121 314 363
bicycle 0.0228 211 7 312 153
bicycle 0.0218 161 3 250 153
bicycle 0.0213 79 77 209 227
bicycle 0.0210 65 200 165 359
bicycle 0.0206 318 46 399 122
bicycle 0.0200 122 108 210 262
bird 0.0216 46 267 465 363
boat 0.0290 320 2 436 68
boat 0.0241 342 0 476 112
boat 0.0214 321 5 403 48
bottle 0.1045 61 34 86 76
bottle 0.0720 310 247 336 271
bottle 0.0585 376 7 418 84
bottle 0.0481 361 0 425 104
bottle 0.0442 323 4 379 107
bottle 0.0425 340 15 375 92
bottle 0.0412 319 6 377 42
bottle 0.0384 476 20 499 69
bottle 0.0319 189 232 208 265
bottle 0.0298 198 240 218 268
bottle 0.0297 184 228 202 266
bottle 0.0297 390 0 430 74
bottle 0.0257 292 113 311 173
bottle 0.0252 379 45 396 77
bottle 0.0251 317 14 362 36
bottle 0.0245 386 38 404 75
bottle 0.0243 178 215 207 274
bottle 0.0237 329 10 378 65
bottle 0.0234 375 30 401 79
bottle 0.0232 182 242 239 284
bottle 0.0229 382 24 409 77
bottle 0.0229 181 226 218 283
bottle 0.0227 350 12 375 68
bottle 0.0219 307 233 340 273
bottle 0.0219 196 242 234 273
bottle 0.0212 447 0 482 48
bottle 0.0211 299 117 314 161
bottle 0.0209 322 1 380 28
bottle 0.0209 470 14 493 54
bottle 0.0209 470 35 498 65
bottle 0.0209 8 237 72 370
bottle 0.0208 281 176 301 209
bottle 0.0208 335 13 373 37
bottle 0.0206 409 0 442 67
bottle 0.0204 190 236 223 265
bottle 0.0201 284 102 308 178
bottle 0.0200 375 73 417 95
car 0.0551 3 0 148 294
car 0.0415 375 0 415 16
car 0.0301 5 3 146 131
car 0.0265 434 0 495 72
car 0.0244 11 0 198 185
car 0.0242 358 0 476 104
car 0.0222 358 0 416 26
car 0.0218 262 2 411 92
car 0.0215 75 1 212 130
cat 0.0228 175 258 245 286
chair 0.0937 321 6 391 137
chair 0.0723 299 0 423 170
chair 0.0536 335 9 423 113
chair 0.0523 289 2 353 148
chair 0.0485 0 4 125 375
chair 0.0467 253 46 411 280
chair 0.0441 328 63 418 185
chair 0.0386 328 13 372 97
chair 0.0372 315 7 363 118
chair 0.0362 234 0 372 154
chair 0.0353 355 0 472 132
chair 0.0299 379 73 422 117
chair 0.0290 368 68 423 174
chair 0.0277 392 74 426 147
chair 0.0273 276 0 390 108
chair 0.0269 413 0 491 131
chair 0.0266 216 52 301 180
chair 0.0254 287 54 354 203
chair 0.0245 340 19 388 102
chair 0.0238 7 1 190 240
chair 0.0236 353 72 418 106
chair 0.0234 201 4 296 125
chair 0.0233 9 234 71 373
chair 0.0228 343 88 425 259
chair 0.0224 256 0 345 112
chair 0.0215 267 157 383 267
chair 0.0214 360 34 417 94
chair 0.0211 388 76 418 105
chair 0.0211 50 39 168 274
chair 0.0208 5 141 104 375
chair 0.0201 307 136 405 264
diningtable 0.0220 330 10 435 89
person 0.1883 397 45 419 89
person 0.0988 393 45 423 112
person 0.0914 374 17 423 107
person 0.0903 339 7 419 122
person 0.0732 375 57 423 119
person 0.0640 1 0 146 333
person 0.0618 416 0 488 98
person 0.0539 391 13 427 90
person 0.0516 377 50 422 93
person 0.0490 389 35 422 81
person 0.0448 397 61 420 103
person 0.0447 456 2 495 77
person 0.0438 69 0 205 230
person 0.0435 394 0 465 112
person 0.0398 405 41 422 77
person 0.0363 443 0 484 67
person 0.0359 469 18 499 75
person 0.0350 410 2 449 77
person 0.0344 391 73 425 135
person 0.0327 324 3 374 65
person 0.0325 409 23 443 97
person 0.0324 401 30 418 72
person 0.0318 386 44 406 78
person 0.0310 384 74 420 108
person 0.0308 424 13 465 96
person 0.0306 105 0 185 130
person 0.0305 364 44 414 109
person 0.0285 55 36 90 81
person 0.0284 361 69 421 101
person 0.0281 476 35 499 71
person 0.0272 315 3 366 103
person 0.0268 467 0 494 46
person 0.0263 481 0 500 69
person 0.0257 391 50 421 75
person 0.0256 385 60 422 84
person 0.0255 417 54 433 81
person 0.0252 123 0 223 149
person 0.0248 255 0 345 130
person 0.0243 382 70 422 90
person 0.0243 371 29 410 89
person 0.0242 391 45 455 107
person 0.0242 162 0 249 127
person 0.0236 397 60 433 117
person 0.0234 213 0 312 128
person 0.0234 401 54 425 85
person 0.0232 411 47 437 87
person 0.0226 40 0 161 184
person 0.0223 490 17 500 61
person 0.0223 439 32 485 105
person 0.0217 16 0 124 131
person 0.0212 460 0 485 53
person 0.0211 368 70 408 89
person 0.0210 416 48 449 105
person 0.0210 110 7 150 98
person 0.0209 476 0 499 34
person 0.0202 120 75 138 97
pottedplant 0.0541 57 35 89 77
pottedplant 0.0346 59 164 236 369
pottedplant 0.0270 54 54 92 76
pottedplant 0.0263 64 222 163 365
pottedplant 0.0253 50 249 333 361
pottedplant 0.0243 13 144 143 375
pottedplant 0.0229 179 246 243 286
pottedplant 0.0209 55 274 226 361
pottedplant 0.0201 107 2 154 104
tvmonitor 0.0494 331 2 422 98
tvmonitor 0.0463 412 0 490 81
tvmonitor 0.0447 4 0 148 261
tvmonitor 0.0396 374 0 422 82
tvmonitor 0.0354 442 0 484 62
tvmonitor 0.0350 324 2 379 83
tvmonitor 0.0302 373 0 415 24
tvmonitor 0.0259 352 3 414 58
tvmonitor 0.0239 314 3 368 50
tvmonitor 0.0232 320 0 405 43
tvmonitor 0.0224 105 0 161 110
tvmonitor 0.0219 9 223 69 371
tvmonitor 0.0212 355 1 482 69
tvmonitor 0.0207 277 0 370 77
tvmonitor 0.0206 2 249 31 326
tvmonitor 0.0205 368 0 424 41
