boat 0.0251 0 311 172 371
boat 0.0214 124 310 353 371
boat 0.0205 166 262 496 370
bottle 0.0986 132 289 165 346
bottle 0.0652 184 348 229 375
bottle 0.0609 167 302 187 346
bottle 0.0446 140 309 164 344
bottle 0.0444 194 357 243 374
bottle 0.0405 121 284 168 367
bottle 0.0393 159 337 235 375
bottle 0.0317 166 286 196 347
bottle 0.0317 148 297 167 338
bottle 0.0294 150 318 257 375
bottle 0.0288 152 292 185 348
bottle 0.0287 209 347 236 375
bottle 0.0284 164 299 202 365
bottle 0.0259 139 277 179 345
bottle 0.0247 161 306 179 345
bottle 0.0243 151 355 229 375
bottle 0.0229 202 347 225 374
bottle 0.0219 158 333 340 375
bottle 0.0213 114 290 154 349
bottle 0.0206 199 335 241 375
bottle 0.0202 106 272 180 350
bottle 0.0200 128 298 199 366
bottle 0.0200 141 288 162 330
car 0.2477 276 3 491 80
car 0.1947 268 2 499 149
car 0.1434 2 0 56 19
car 0.1250 210 0 252 16
car 0.1206 213 4 412 75
car 0.1067 154 0 454 114
car 0.1041 134 3 349 74
car 0.0992 6 0 112 30
car 0.0945 464 0 500 40
car 0.0879 286 0 500 41
car 0.0805 4 2 124 54
car 0.0790 474 0 499 27
car 0.0766 166 0 256 18
car 0.0760 309 0 435 19
car 0.0754 22 0 209 64
car 0.0752 58 0 115 28
car 0.0736 139 0 334 39
car 0.0734 1 8 18 60
car 0.0707 217 0 316 18
car 0.0704 14 0 182 38
car 0.0697 4 4 178 121
car 0.0660 371 1 500 60
car 0.0615 1 0 26 21
car 0.0612 0 0 49 38
car 0.0595 277 4 415 52
car 0.0580 290 2 400 31
car 0.0577 66 1 161 31
car 0.0555 215 0 417 39
car 0.0551 439 2 500 60
car 0.0550 2 121 74 248
car 0.0547 149 1 245 33
car 0.0538 199 0 270 23
car 0.0537 206 2 311 30
car 0.0525 0 0 29 64
car 0.0512 244 0 303 16
car 0.0501 415 0 499 36
car 0.0496 439 0 500 23
car 0.0494 66 0 230 42
car 0.0490 259 3 356 31
car 0.0490 347 0 470 16
car 0.0468 425 1 498 118
car 0.0455 5 9 98 152
car 0.0448 249 0 357 92
car 0.0448 227 5 355 50
car 0.0443 2 54 101 274
car 0.0438 101 1 200 36
car 0.0431 330 1 458 29
car 0.0421 290 0 394 84
car 0.0417 138 0 267 61
car 0.0391 27 0 370 88
car 0.0388 0 4 24 33
car 0.0375 2 129 38 216
car 0.0358 154 0 297 24
car 0.0353 33 0 83 18
car 0.0343 459 0 500 90
car 0.0339 0 0 85 82
car 0.0329 218 8 376 136
car 0.0329 0 16 12 72
car 0.0328 1 0 131 216
car 0.0323 47 4 139 41
car 0.0322 0 7 39 26
car 0.0318 316 5 431 71
car 0.0312 268 0 378 20
car 0.0309 462 0 491 22
car 0.0309 478 5 500 49
car 0.0307 203 2 310 57
car 0.0301 367 0 427 15
car 0.0290 267 1 318 16
car 0.0286 328 1 390 16
car 0.0286 254 29 411 116
car 0.0285 136 3 219 45
car 0.0283 367 0 500 26
car 0.0278 1 129 23 175
car 0.0276 300 24 450 89
car 0.0276 386 0 453 14
car 0.0276 238 0 274 16
car 0.0275 1 112 73 184
car 0.0262 252 1 323 24
car 0.0248 2 7 57 63
car 0.0239 102 0 202 99
car 0.0238 167 5 281 43
car 0.0236 190 0 300 95
car 0.0236 403 0 500 15
car 0.0236 346 26 472 76
car 0.0234 285 1 332 16
car 0.0232 319 9 399 29
car 0.0231 332 8 454 44
car 0.0229 456 8 498 29
car 0.0221 370 13 417 26
car 0.0216 463 0 500 12
car 0.0216 244 0 304 36
car 0.0214 136 0 225 21
car 0.0212 0 91 147 176
car 0.0212 0 31 23 64
car 0.0208 163 0 212 17
car 0.0208 0 57 148 150
car 0.0204 140 0 183 16
car 0.0200 232 0 256 18
car 0.0200 0 128 23 257
motorbike 0.9347 1 0 494 375
motorbike 0.3659 289 3 493 258
motorbike 0.1901 209 0 495 145
motorbike 0.1123 49 0 411 132
motorbike 0.1037 0 0 49 23
motorbike 0.0875 7 7 220 375
motorbike 0.0740 1 15 143 302
motorbike 0.0694 58 4 232 114
motorbike 0.0678 0 0 42 46
motorbike 0.0662 417 61 500 223
motorbike 0.0590 9 1 223 166
motorbike 0.0570 0 174 185 374
motorbike 0.0558 78 0 215 74
motorbike 0.0548 374 29 500 267
motorbike 0.0536 6 103 85 261
motorbike 0.0491 1 103 107 347
motorbike 0.0463 0 300 175 372
motorbike 0.0458 171 0 354 209
motorbike 0.0427 88 1 265 195
motorbike 0.0422 301 35 500 166
motorbike 0.0378 345 71 497 375
motorbike 0.0373 257 17 407 164
motorbike 0.0370 1 0 327 88
motorbike 0.0368 27 181 499 373
motorbike 0.0367 2 233 104 375
motorbike 0.0349 400 128 500 246
motorbike 0.0336 338 130 497 272
motorbike 0.0334 426 31 498 168
motorbike 0.0331 238 21 366 129
motorbike 0.0303 268 28 456 112
motorbike 0.0297 308 102 485 193
motorbike 0.0294 151 2 200 47
motorbike 0.0265 0 252 280 372
motorbike 0.0259 241 52 359 178
motorbike 0.0246 306 180 488 262
motorbike 0.0232 144 24 342 115
motorbike 0.0232 270 59 447 147
motorbike 0.0227 1 0 81 47
motorbike 0.0223 8 96 130 217
motorbike 0.0221 30 23 172 226
motorbike 0.0220 258 38 429 284
motorbike 0.0217 157 55 338 141
person 0.0911 77 0 112 26
person 0.0643 52 0 109 29
person 0.0599 300 1 481 178
person 0.0595 414 7 500 161
person 0.0557 0 0 23 29
person 0.0554 285 0 419 101
person 0.0537 74 0 151 24
person 0.0528 268 15 387 136
person 0.0477 0 0 13 77
person 0.0450 10 0 65 23
person 0.0429 1 0 48 55
person 0.0416 0 125 26 213
person 0.0415 9 0 128 117
person 0.0408 93 1 203 111
person 0.0399 10 2 99 46
person 0.0396 148 0 190 46
person 0.0389 41 2 121 43
person 0.0384 303 28 405 171
person 0.0381 112 3 301 101
person 0.0370 361 0 485 114
person 0.0347 32 0 87 27
person 0.0340 388 74 500 375
person 0.0338 27 0 57 21
person 0.0326 0 16 21 100
person 0.0322 49 0 171 111
person 0.0319 2 11 42 86
person 0.0310 0 116 48 222
person 0.0305 0 3 74 70
person 0.0305 169 16 194 47
person 0.0302 69 1 167 49
person 0.0301 7 0 32 19
person 0.0296 156 0 180 34
person 0.0281 328 0 388 24
person 0.0281 245 25 356 168
person 0.0279 63 0 87 24
person 0.0277 335 0 432 20
person 0.0276 40 0 75 19
person 0.0274 202 3 334 112
person 0.0267 413 212 496 375
person 0.0266 78 0 351 254
person 0.0261 446 0 500 130
person 0.0261 0 340 23 375
person 0.0261 111 0 191 38
person 0.0261 9 131 64 208
person 0.0258 378 31 489 187
person 0.0251 456 97 500 174
person 0.0248 455 65 500 148
person 0.0248 365 0 425 15
person 0.0245 340 13 391 27
person 0.0245 278 1 323 26
person 0.0244 2 6 27 46
person 0.0238 1 135 22 188
person 0.0236 414 118 498 283
person 0.0236 479 127 500 170
person 0.0234 439 7 493 85
person 0.0233 222 28 363 296
person 0.0232 16 79 120 236
person 0.0232 3 114 84 237
person 0.0230 143 9 256 134
person 0.0230 16 0 116 23
person 0.0229 161 1 221 52
person 0.0229 163 0 187 22
person 0.0226 359 13 410 26
person 0.0224 177 19 201 47
person 0.0223 251 79 348 247
person 0.0221 91 1 127 25
person 0.0220 129 0 199 67
person 0.0220 456 122 500 217
person 0.0217 37 0 63 26
person 0.0217 475 343 500 375
person 0.0215 1 146 31 236
person 0.0214 0 103 43 172
person 0.0211 266 39 380 236
person 0.0205 167 0 222 28
person 0.0204 165 0 199 37
person 0.0204 377 4 414 20
person 0.0203 283 0 360 32
person 0.0203 468 8 496 47
person 0.0202 325 13 372 28
person 0.0201 188 75 343 357
person 0.0200 150 7 174 43
person 0.0200 436 115 494 189
person 0.0200 51 0 79 28
tvmonitor 0.0388 320 0 411 27
tvmonitor 0.0281 340 0 407 16
tvmonitor 0.0229 336 4 394 20
