bird 0.0384 160 92 476 375
boat 0.0252 95 83 500 375
car 0.0209 72 302 87 334
person 0.1372 67 143 94 221
person 0.0824 69 189 94 268
person 0.0755 5 0 84 173
person 0.0744 74 193 89 241
person 0.0649 74 178 90 223
person 0.0583 68 194 83 241
person 0.0578 65 170 88 232
person 0.0543 81 194 95 238
person 0.0492 66 183 84 222
person 0.0488 72 258 90 299
person 0.0448 268 47 286 72
person 0.0387 76 163 97 223
person 0.0385 71 141 92 189
person 0.0378 269 54 284 80
person 0.0378 3 0 145 268
person 0.0350 15 2 64 73
person 0.0344 79 151 96 198
person 0.0336 67 116 96 194
person 0.0331 64 146 87 196
person 0.0313 190 0 221 40
person 0.0310 80 205 96 256
person 0.0303 69 254 92 326
person 0.0295 74 208 91 261
person 0.0288 267 46 281 66
person 0.0286 56 1 79 36
person 0.0283 56 0 91 53
person 0.0276 57 136 91 257
person 0.0268 5 4 44 88
person 0.0263 63 195 76 240
person 0.0261 270 57 278 72
person 0.0260 264 35 285 62
person 0.0257 56 350 80 375
person 0.0256 70 189 93 217
person 0.0254 269 59 285 105
person 0.0246 43 0 71 31
person 0.0245 26 0 79 114
person 0.0244 62 187 75 220
person 0.0243 23 0 120 141
person 0.0242 64 2 84 43
person 0.0240 39 0 78 54
person 0.0237 59 156 79 216
person 0.0236 205 0 240 38
person 0.0232 30 0 75 16
person 0.0228 67 222 95 298
person 0.0224 59 149 75 192
person 0.0223 87 193 103 233
person 0.0219 7 82 79 254
person 0.0217 83 24 97 63
person 0.0210 22 0 76 34
person 0.0206 67 208 82 260
person 0.0205 39 2 63 37
person 0.0204 84 41 96 85
person 0.0204 48 5 68 43
person 0.0203 66 17 80 57
person 0.0201 0 0 21 38
person 0.0200 2 0 36 61
pottedplant 0.0332 130 58 490 375
pottedplant 0.0254 370 56 494 336
pottedplant 0.0208 413 104 496 295
train 0.7332 6 0 224 353
train 0.1198 68 0 498 358
train 0.0883 1 0 223 165
train 0.0647 265 34 290 61
train 0.0489 66 10 209 241
train 0.0446 28 94 357 375
train 0.0386 120 0 217 137
train 0.0358 257 43 294 109
train 0.0352 171 22 486 199
train 0.0335 14 0 148 223
train 0.0329 117 78 276 352
train 0.0290 177 96 447 375
train 0.0275 268 63 287 113
train 0.0262 6 0 95 80
train 0.0247 161 0 242 107
train 0.0243 272 82 284 110
train 0.0241 260 17 295 61
train 0.0241 260 35 300 70
train 0.0239 253 0 301 60
train 0.0237 198 0 275 98
train 0.0227 30 0 99 131
train 0.0224 268 50 290 71
train 0.0208 45 0 431 169
train 0.0203 0 71 235 243
train 0.0201 14 0 138 56
train 0.0200 264 45 296 63
