bird 0.0791 277 1 468 110
bird 0.0744 208 40 248 80
bird 0.0740 419 0 468 20
bird 0.0437 308 1 458 55
bird 0.0331 384 1 468 49
bird 0.0291 143 20 254 82
bird 0.0276 384 0 465 24
bird 0.0265 359 0 472 84
bird 0.0237 182 35 244 74
bird 0.0235 210 60 250 80
bird 0.0234 411 0 460 32
bird 0.0233 274 0 396 63
bird 0.0211 223 43 250 74
bird 0.0207 146 287 208 314
bird 0.0201 183 49 249 82
bottle 0.0305 134 26 240 69
bottle 0.0218 172 37 246 70
bottle 0.0201 147 277 205 314
chair 0.1880 118 33 442 262
chair 0.1341 47 107 332 291
chair 0.0796 212 92 452 244
chair 0.0707 300 105 473 282
chair 0.0707 142 123 474 301
chair 0.0680 24 108 160 291
chair 0.0598 232 9 422 230
chair 0.0586 278 101 446 174
chair 0.0546 0 0 449 333
chair 0.0520 133 25 249 82
chair 0.0496 300 36 467 230
chair 0.0484 149 80 440 192
chair 0.0448 75 88 311 212
chair 0.0429 227 100 391 166
chair 0.0405 245 65 456 160
chair 0.0395 22 166 235 310
chair 0.0391 25 58 209 245
chair 0.0363 128 41 258 116
chair 0.0352 333 107 453 220
chair 0.0331 366 133 481 282
chair 0.0318 77 41 284 175
chair 0.0311 17 144 104 282
chair 0.0295 262 109 412 203
chair 0.0293 86 239 489 320
chair 0.0291 22 230 208 294
chair 0.0290 128 47 215 147
chair 0.0271 262 106 417 152
chair 0.0267 447 306 500 333
chair 0.0262 445 319 500 332
chair 0.0259 43 247 235 308
chair 0.0251 231 42 360 191
chair 0.0247 202 222 472 295
chair 0.0240 354 63 476 212
chair 0.0237 116 91 280 174
chair 0.0236 309 108 399 145
chair 0.0235 241 55 325 157
chair 0.0234 313 226 479 288
chair 0.0229 171 43 246 77
chair 0.0222 0 48 128 284
chair 0.0214 124 246 326 309
chair 0.0208 28 216 382 309
chair 0.0204 210 61 325 228
chair 0.0204 146 56 265 155
chair 0.0200 133 55 227 91
dog 0.0826 416 0 470 16
dog 0.0341 195 43 250 80
dog 0.0221 365 0 467 16
person 0.5167 76 5 468 293
person 0.2669 163 0 460 190
person 0.2423 117 20 269 214
person 0.1986 63 89 269 300
person 0.1573 129 17 262 108
person 0.1493 134 8 329 156
person 0.1259 84 117 156 179
person 0.0949 146 29 250 82
person 0.0925 32 112 177 287
person 0.0909 245 0 471 134
person 0.0786 60 113 158 229
person 0.0665 214 16 401 153
person 0.0648 91 109 178 208
person 0.0632 145 5 396 98
person 0.0623 415 0 469 21
person 0.0560 79 101 195 252
person 0.0549 90 67 212 206
person 0.0512 190 36 249 80
person 0.0507 173 28 342 226
person 0.0495 33 34 198 208
person 0.0477 162 34 280 159
person 0.0448 82 62 307 188
person 0.0446 221 17 315 143
person 0.0403 16 64 152 234
person 0.0398 0 21 344 197
person 0.0390 242 0 443 72
person 0.0359 127 41 224 139
person 0.0341 236 54 362 156
person 0.0332 213 44 252 85
person 0.0330 186 37 261 131
person 0.0323 323 0 482 200
person 0.0317 372 0 472 54
person 0.0317 298 0 427 112
person 0.0315 215 86 328 172
person 0.0307 95 0 238 146
person 0.0301 237 0 349 120
person 0.0299 372 0 464 28
person 0.0293 65 78 149 179
person 0.0288 182 0 369 68
person 0.0286 68 107 217 178
person 0.0276 356 4 473 128
person 0.0273 211 40 274 174
person 0.0271 154 1 291 81
person 0.0270 80 108 133 163
person 0.0254 302 0 470 40
person 0.0253 116 115 166 173
person 0.0241 172 53 256 90
person 0.0235 103 85 174 178
person 0.0233 387 0 465 15
person 0.0226 126 92 265 196
person 0.0219 192 66 266 197
person 0.0217 103 125 139 171
person 0.0216 182 11 257 86
person 0.0214 413 0 474 44
person 0.0210 34 101 137 196
person 0.0200 18 10 280 127
person 0.0200 221 0 318 87
pottedplant 0.0284 99 104 134 127
sofa 0.5520 54 58 483 301
sofa 0.0855 19 141 392 303
sofa 0.0548 33 84 347 240
tvmonitor 0.0225 99 104 134 128
