aeroplane 0.0599 3 26 362 239
aeroplane 0.0381 437 84 481 99
aeroplane 0.0364 276 75 437 223
aeroplane 0.0293 345 79 483 195
aeroplane 0.0278 41 120 352 239
aeroplane 0.0259 0 88 290 218
aeroplane 0.0233 154 76 380 221
bicycle 0.1391 276 113 359 228
bicycle 0.0328 272 157 346 227
bicycle 0.0249 101 125 385 224
bicycle 0.0243 44 0 347 92
bicycle 0.0239 47 0 223 148
bicycle 0.0225 306 173 362 227
bicycle 0.0214 19 99 308 205
bicycle 0.0204 294 142 378 226
bicycle 0.0200 337 108 483 217
bird 0.0466 0 207 61 236
bird 0.0430 0 206 22 238
bird 0.0358 0 143 360 312
bird 0.0317 0 206 37 248
bird 0.0308 0 207 38 226
bird 0.0262 4 118 301 250
bird 0.0216 7 209 56 224
boat 0.0349 0 0 500 275
boat 0.0329 434 83 482 100
boat 0.0303 32 0 186 155
boat 0.0251 0 129 306 222
boat 0.0235 39 0 116 65
boat 0.0228 428 84 482 117
boat 0.0200 30 27 146 130
chair 0.0250 306 165 341 226
chair 0.0204 319 161 356 227
dog 0.6444 277 82 359 223
dog 0.1481 280 86 353 163
dog 0.0521 267 104 313 215
dog 0.0381 314 82 349 145
dog 0.0374 207 97 373 229
dog 0.0363 314 116 350 196
dog 0.0358 271 89 328 179
dog 0.0349 351 112 375 153
dog 0.0309 285 77 392 174
dog 0.0257 274 84 338 138
dog 0.0256 240 74 336 218
dog 0.0236 267 64 431 210
dog 0.0232 332 91 372 158
dog 0.0228 321 100 354 173
dog 0.0220 324 106 371 212
dog 0.0205 296 81 346 121
dog 0.0201 306 83 377 150
motorbike 0.0239 17 6 393 226
person 0.2725 280 80 356 227
person 0.0861 302 122 357 228
person 0.0607 269 115 315 224
person 0.0511 317 147 349 225
person 0.0404 273 72 418 231
person 0.0398 341 91 434 211
person 0.0397 280 139 327 225
person 0.0396 0 4 437 326
person 0.0352 342 82 389 141
person 0.0351 326 82 372 142
person 0.0347 277 151 309 220
person 0.0308 298 153 344 228
person 0.0301 360 81 477 191
person 0.0294 322 125 354 209
person 0.0285 244 88 315 215
person 0.0284 194 97 277 209
person 0.0267 138 85 366 219
person 0.0265 253 124 299 216
person 0.0261 277 113 308 187
person 0.0256 331 155 360 223
person 0.0252 297 81 377 168
person 0.0250 284 123 313 203
person 0.0238 41 10 165 119
person 0.0233 308 123 347 196
person 0.0222 424 160 445 184
person 0.0222 313 80 358 134
person 0.0221 345 103 386 165
person 0.0217 71 0 187 94
person 0.0210 329 80 395 170
person 0.0208 221 121 293 214
sheep 0.0605 278 125 356 225
sheep 0.0317 263 66 377 266
sheep 0.0284 0 204 24 237
sofa 0.0227 254 89 434 221
train 0.0484 1 123 329 243
train 0.0437 0 207 82 241
train 0.0411 0 174 324 263
train 0.0375 0 206 134 248
train 0.0297 0 74 407 267
train 0.0279 0 200 226 273
train 0.0247 0 196 49 240
train 0.0240 0 167 182 235
train 0.0202 0 203 317 314
train 0.0200 285 86 462 219
