aeroplane 0.8234 3 98 477 235
aeroplane 0.3185 236 114 480 258
aeroplane 0.2533 0 94 282 213
aeroplane 0.2243 293 176 484 257
aeroplane 0.2197 43 125 397 212
aeroplane 0.1623 205 149 238 163
aeroplane 0.1544 1 211 129 252
aeroplane 0.1386 281 225 346 261
aeroplane 0.1326 202 231 248 243
aeroplane 0.1293 383 123 477 151
aeroplane 0.1174 197 234 260 265
aeroplane 0.1125 2 211 60 253
aeroplane 0.1114 1 201 34 231
aeroplane 0.1064 344 202 486 256
aeroplane 0.1048 251 223 288 238
aeroplane 0.1039 132 150 344 213
aeroplane 0.0986 288 115 484 194
aeroplane 0.0959 200 231 256 253
aeroplane 0.0920 191 192 283 218
aeroplane 0.0856 337 129 487 239
aeroplane 0.0844 0 86 500 375
aeroplane 0.0832 126 253 192 271
aeroplane 0.0776 82 0 493 265
aeroplane 0.0748 246 202 291 239
aeroplane 0.0739 347 121 482 169
aeroplane 0.0736 211 228 250 240
aeroplane 0.0736 250 227 275 238
aeroplane 0.0728 3 93 142 202
aeroplane 0.0691 133 150 448 240
aeroplane 0.0685 304 201 348 217
aeroplane 0.0680 218 150 248 161
aeroplane 0.0673 236 195 286 212
aeroplane 0.0665 207 225 268 242
aeroplane 0.0652 0 193 48 247
aeroplane 0.0649 0 143 270 231
aeroplane 0.0622 0 200 83 242
aeroplane 0.0618 61 226 129 252
aeroplane 0.0568 241 228 267 237
aeroplane 0.0564 236 232 264 241
aeroplane 0.0563 5 202 54 225
aeroplane 0.0555 0 170 171 233
aeroplane 0.0554 277 220 391 262
aeroplane 0.0539 191 90 489 207
aeroplane 0.0537 260 216 289 237
aeroplane 0.0536 388 220 484 256
aeroplane 0.0528 211 220 292 243
aeroplane 0.0522 222 149 237 163
aeroplane 0.0512 295 202 329 216
aeroplane 0.0502 204 147 261 163
aeroplane 0.0491 241 216 279 241
aeroplane 0.0487 158 174 312 213
aeroplane 0.0484 4 225 43 254
aeroplane 0.0483 226 193 288 224
aeroplane 0.0473 247 231 273 240
aeroplane 0.0472 0 187 74 222
aeroplane 0.0471 300 195 369 218
aeroplane 0.0455 0 91 82 152
aeroplane 0.0452 4 195 33 217
aeroplane 0.0448 244 230 259 240
aeroplane 0.0437 387 130 479 190
aeroplane 0.0433 282 199 341 218
aeroplane 0.0432 254 230 288 240
aeroplane 0.0412 13 23 436 186
aeroplane 0.0412 0 176 81 210
aeroplane 0.0412 252 198 289 214
aeroplane 0.0408 409 168 441 192
aeroplane 0.0408 23 157 243 208
aeroplane 0.0407 219 194 273 213
aeroplane 0.0406 196 214 267 244
aeroplane 0.0406 0 186 189 260
aeroplane 0.0402 9 232 60 252
aeroplane 0.0400 451 238 486 257
aeroplane 0.0399 197 140 246 165
aeroplane 0.0398 251 211 289 232
aeroplane 0.0396 250 229 263 241
aeroplane 0.0394 159 187 227 215
aeroplane 0.0390 292 33 485 251
aeroplane 0.0388 0 209 42 237
aeroplane 0.0387 197 199 280 228
aeroplane 0.0384 0 180 41 223
aeroplane 0.0382 230 151 264 160
aeroplane 0.0378 212 145 244 161
aeroplane 0.0372 249 194 322 220
aeroplane 0.0368 0 190 23 224
aeroplane 0.0362 13 202 51 216
aeroplane 0.0362 0 45 192 195
aeroplane 0.0360 383 128 451 146
aeroplane 0.0358 11 219 88 252
aeroplane 0.0357 210 195 404 256
aeroplane 0.0353 252 201 287 225
aeroplane 0.0347 307 205 330 219
aeroplane 0.0340 68 197 101 206
aeroplane 0.0340 252 212 274 236
aeroplane 0.0339 265 138 432 195
aeroplane 0.0336 320 160 364 188
aeroplane 0.0336 0 77 156 151
aeroplane 0.0335 220 230 240 243
aeroplane 0.0334 216 249 262 263
aeroplane 0.0334 231 227 283 243
aeroplane 0.0334 248 144 394 216
aeroplane 0.0333 239 233 258 243
aeroplane 0.0329 362 44 482 207
aeroplane 0.0327 385 173 489 264
aeroplane 0.0326 378 112 471 144
aeroplane 0.0324 8 240 49 255
aeroplane 0.0324 0 192 53 217
aeroplane 0.0323 208 230 234 241
aeroplane 0.0323 215 186 292 213
aeroplane 0.0321 193 225 278 261
aeroplane 0.0318 75 219 140 249
aeroplane 0.0311 5 222 52 243
aeroplane 0.0309 201 187 334 221
aeroplane 0.0309 245 210 343 252
aeroplane 0.0306 298 218 447 257
aeroplane 0.0303 0 126 49 169
aeroplane 0.0301 198 152 227 160
aeroplane 0.0301 131 236 265 270
aeroplane 0.0297 200 126 238 167
aeroplane 0.0296 0 146 90 209
aeroplane 0.0296 314 140 489 306
aeroplane 0.0294 221 225 244 238
aeroplane 0.0294 65 192 98 204
aeroplane 0.0293 287 153 426 225
aeroplane 0.0293 168 198 218 215
aeroplane 0.0291 259 190 349 217
aeroplane 0.0289 168 255 199 268
aeroplane 0.0288 191 246 266 273
aeroplane 0.0286 122 252 221 275
aeroplane 0.0286 380 152 464 189
aeroplane 0.0285 232 230 245 243
aeroplane 0.0283 0 135 195 203
aeroplane 0.0283 6 208 69 231
aeroplane 0.0281 325 156 388 190
aeroplane 0.0281 21 207 60 219
aeroplane 0.0281 280 201 321 215
aeroplane 0.0280 403 125 464 141
aeroplane 0.0278 295 231 370 261
aeroplane 0.0277 233 225 250 237
aeroplane 0.0277 156 254 188 269
aeroplane 0.0277 194 254 233 267
aeroplane 0.0277 2 230 86 262
aeroplane 0.0277 227 148 246 160
aeroplane 0.0272 264 200 302 214
aeroplane 0.0271 354 104 486 153
aeroplane 0.0270 121 240 189 273
aeroplane 0.0270 213 219 355 263
aeroplane 0.0269 292 206 324 218
aeroplane 0.0268 8 196 44 212
aeroplane 0.0265 9 215 70 241
aeroplane 0.0265 210 168 354 212
aeroplane 0.0264 5 208 221 280
aeroplane 0.0264 115 112 303 205
aeroplane 0.0262 24 203 61 214
aeroplane 0.0261 229 199 306 231
aeroplane 0.0261 100 175 361 254
aeroplane 0.0261 230 235 264 247
aeroplane 0.0258 0 183 26 211
aeroplane 0.0257 245 225 260 237
aeroplane 0.0256 273 218 293 237
aeroplane 0.0255 307 198 331 215
aeroplane 0.0251 169 182 261 215
aeroplane 0.0249 442 226 486 257
aeroplane 0.0248 0 158 56 206
aeroplane 0.0248 0 150 40 171
aeroplane 0.0248 235 214 312 242
aeroplane 0.0247 188 203 292 255
aeroplane 0.0245 199 115 226 140
aeroplane 0.0245 326 132 337 156
aeroplane 0.0245 221 145 252 159
aeroplane 0.0245 279 198 361 254
aeroplane 0.0244 0 132 23 167
aeroplane 0.0243 189 172 409 236
aeroplane 0.0243 395 160 446 193
aeroplane 0.0242 218 221 251 235
aeroplane 0.0241 0 95 58 182
aeroplane 0.0239 220 154 251 164
aeroplane 0.0239 238 96 440 170
aeroplane 0.0239 399 163 484 197
aeroplane 0.0236 3 51 90 171
aeroplane 0.0234 242 159 338 185
aeroplane 0.0233 131 256 166 269
aeroplane 0.0233 273 163 370 216
aeroplane 0.0231 268 224 298 238
aeroplane 0.0230 417 170 439 188
aeroplane 0.0230 413 129 476 146
aeroplane 0.0229 199 248 239 265
aeroplane 0.0229 0 144 50 187
aeroplane 0.0228 161 195 200 210
aeroplane 0.0228 295 156 375 183
aeroplane 0.0227 0 162 40 183
aeroplane 0.0227 182 255 209 268
aeroplane 0.0226 37 187 108 207
aeroplane 0.0224 20 242 64 254
aeroplane 0.0224 295 202 358 235
aeroplane 0.0224 105 94 415 190
aeroplane 0.0223 175 194 240 217
aeroplane 0.0223 200 142 289 164
aeroplane 0.0223 277 213 348 244
aeroplane 0.0223 203 113 383 200
aeroplane 0.0222 424 209 485 255
aeroplane 0.0221 298 224 340 238
aeroplane 0.0221 77 176 302 224
aeroplane 0.0221 409 121 475 169
aeroplane 0.0220 0 98 48 149
aeroplane 0.0220 328 135 337 150
aeroplane 0.0220 249 237 266 250
aeroplane 0.0220 103 170 263 212
aeroplane 0.0219 182 191 322 237
aeroplane 0.0219 269 39 463 168
aeroplane 0.0218 240 226 327 255
aeroplane 0.0218 309 151 487 205
aeroplane 0.0218 1 83 73 128
aeroplane 0.0217 314 204 361 218
aeroplane 0.0217 0 204 27 255
aeroplane 0.0217 141 250 189 266
aeroplane 0.0217 0 138 40 161
aeroplane 0.0216 269 203 334 237
aeroplane 0.0214 256 194 284 210
aeroplane 0.0214 374 161 405 192
aeroplane 0.0214 230 221 258 234
aeroplane 0.0213 327 175 363 191
aeroplane 0.0213 161 201 198 213
aeroplane 0.0210 55 177 158 206
aeroplane 0.0209 238 152 257 162
aeroplane 0.0208 417 168 457 191
aeroplane 0.0207 0 167 21 206
aeroplane 0.0204 244 221 269 233
aeroplane 0.0203 244 150 283 161
aeroplane 0.0202 302 222 344 250
aeroplane 0.0202 247 213 278 226
aeroplane 0.0202 10 198 84 217
aeroplane 0.0201 59 202 136 246
aeroplane 0.0200 18 197 54 210
aeroplane 0.0200 188 152 212 161
bird 0.0222 249 247 260 261
boat 0.0662 78 221 122 250
boat 0.0516 284 228 345 260
boat 0.0485 250 204 288 239
boat 0.0260 256 212 291 231
boat 0.0228 381 161 405 192
boat 0.0215 341 0 486 169
bottle 0.0237 116 32 188 61
car 0.0792 1 202 27 236
car 0.0656 3 206 34 251
car 0.0524 0 267 21 306
car 0.0466 2 219 22 253
car 0.0434 5 228 35 254
car 0.0433 456 236 484 257
car 0.0388 382 163 404 191
car 0.0379 213 196 264 216
car 0.0369 0 264 20 287
car 0.0364 2 222 40 242
car 0.0329 4 240 40 256
car 0.0321 1 237 156 364
car 0.0285 0 197 17 244
car 0.0261 248 198 284 233
car 0.0248 254 196 284 219
car 0.0245 402 177 435 191
car 0.0235 2 236 26 257
car 0.0208 219 204 261 217
car 0.0204 389 169 409 190
car 0.0202 0 281 21 324
chair 0.0210 305 0 485 105
person 0.0750 423 168 441 192
person 0.0357 407 169 438 191
person 0.0261 243 230 252 241
person 0.0259 390 168 406 192
person 0.0255 0 199 20 260
person 0.0247 0 203 12 245
person 0.0241 404 171 418 192
person 0.0236 291 0 493 261
person 0.0230 281 223 303 254
person 0.0218 234 230 245 241
person 0.0212 16 27 194 203
person 0.0211 249 220 263 236
person 0.0204 373 0 480 136
sofa 0.0333 84 96 495 375
train 0.1572 195 243 262 266
train 0.1566 281 226 343 262
train 0.1555 76 221 123 250
train 0.1221 126 254 189 271
train 0.0428 194 253 254 267
train 0.0285 0 0 498 253
train 0.0231 285 241 334 262
tvmonitor 0.0233 366 0 484 90
