aeroplane 0.0229 0 0 463 328
bird 0.0223 67 0 474 303
boat 0.3761 0 225 193 269
boat 0.2565 0 188 337 269
boat 0.1816 2 230 102 269
boat 0.1780 242 192 292 244
boat 0.1688 0 137 480 277
boat 0.1576 316 217 499 265
boat 0.1441 122 175 496 270
boat 0.1120 218 193 487 258
boat 0.1103 1 10 366 283
boat 0.1093 315 255 364 268
boat 0.1067 3 226 56 269
boat 0.1013 15 228 116 254
boat 0.0965 184 188 305 245
boat 0.0946 12 212 164 256
boat 0.0936 0 218 342 291
boat 0.0894 304 252 376 271
boat 0.0868 405 234 494 261
boat 0.0844 2 238 24 271
boat 0.0753 342 255 380 267
boat 0.0753 241 191 369 245
boat 0.0708 9 223 47 251
boat 0.0696 123 191 335 255
boat 0.0661 470 233 489 256
boat 0.0659 173 224 260 247
boat 0.0656 319 248 385 267
boat 0.0651 0 190 114 265
boat 0.0645 23 233 150 258
boat 0.0636 33 220 282 265
boat 0.0632 183 231 218 244
boat 0.0629 326 250 369 264
boat 0.0613 257 194 285 235
boat 0.0601 333 252 396 269
boat 0.0599 288 244 373 267
boat 0.0596 54 236 189 266
boat 0.0575 183 230 270 253
boat 0.0570 172 231 225 250
boat 0.0558 66 230 177 254
boat 0.0552 16 226 72 247
boat 0.0550 0 229 33 265
boat 0.0547 47 229 98 246
boat 0.0544 344 251 381 263
boat 0.0535 0 240 75 272
boat 0.0522 196 231 235 244
boat 0.0516 475 237 498 259
boat 0.0512 0 139 245 270
boat 0.0511 332 236 500 272
boat 0.0503 188 235 224 248
boat 0.0502 455 234 490 260
boat 0.0500 376 232 483 255
boat 0.0480 172 233 196 250
boat 0.0478 222 83 486 261
boat 0.0476 366 242 486 264
boat 0.0475 3 217 83 250
boat 0.0474 90 223 172 249
boat 0.0473 5 237 251 278
boat 0.0470 31 222 106 247
boat 0.0469 332 259 374 272
boat 0.0449 130 230 156 247
boat 0.0446 215 231 251 244
boat 0.0442 3 189 47 261
boat 0.0428 249 192 310 229
boat 0.0419 109 229 195 252
boat 0.0417 350 260 389 272
boat 0.0408 323 236 404 263
boat 0.0406 120 234 160 249
boat 0.0403 167 218 289 255
boat 0.0398 161 233 208 251
boat 0.0395 468 235 486 248
boat 0.0394 39 169 278 243
boat 0.0393 47 232 137 251
boat 0.0390 210 236 255 247
boat 0.0390 21 189 192 249
boat 0.0389 356 258 384 268
boat 0.0387 166 233 237 260
boat 0.0386 338 252 359 270
boat 0.0383 99 210 139 235
boat 0.0379 297 238 370 260
boat 0.0378 467 241 493 261
boat 0.0374 445 221 496 260
boat 0.0371 182 185 275 226
boat 0.0369 249 193 289 213
boat 0.0368 177 207 278 245
boat 0.0367 4 237 49 259
boat 0.0364 359 256 393 266
boat 0.0364 36 233 91 249
boat 0.0363 175 231 203 245
boat 0.0358 228 208 402 259
boat 0.0357 188 238 265 258
boat 0.0356 426 233 489 254
boat 0.0356 239 215 296 245
boat 0.0355 173 219 500 310
boat 0.0354 204 228 266 246
boat 0.0352 96 235 204 259
boat 0.0351 77 212 151 244
boat 0.0345 0 240 14 276
boat 0.0342 256 231 289 244
boat 0.0342 120 228 174 248
boat 0.0341 441 247 489 261
boat 0.0337 157 237 192 249
boat 0.0335 404 206 494 260
boat 0.0333 195 239 222 258
boat 0.0330 340 244 361 259
boat 0.0330 308 250 354 262
boat 0.0328 75 228 151 247
boat 0.0326 265 192 298 237
boat 0.0322 60 219 155 262
boat 0.0322 340 255 386 275
boat 0.0320 2 224 23 260
boat 0.0320 255 218 283 242
boat 0.0319 482 227 496 253
boat 0.0317 21 182 497 319
boat 0.0317 310 258 351 272
boat 0.0317 335 240 377 264
boat 0.0316 3 227 37 246
boat 0.0316 245 194 282 224
boat 0.0315 0 210 78 279
boat 0.0315 330 229 418 254
boat 0.0314 104 236 144 248
boat 0.0311 110 232 145 244
boat 0.0310 469 219 493 251
boat 0.0308 265 192 287 223
boat 0.0308 58 234 112 250
boat 0.0307 128 225 152 242
boat 0.0307 188 226 226 241
boat 0.0306 0 214 40 258
boat 0.0305 145 173 319 238
boat 0.0305 357 254 383 264
boat 0.0304 285 237 426 268
boat 0.0303 125 232 147 245
boat 0.0302 323 242 362 255
boat 0.0302 114 0 500 332
boat 0.0301 463 233 490 244
boat 0.0301 0 247 129 270
boat 0.0297 113 214 141 233
boat 0.0296 4 135 89 264
boat 0.0296 208 172 406 241
boat 0.0295 341 242 375 255
boat 0.0295 228 236 264 247
boat 0.0295 313 251 343 264
boat 0.0294 238 0 407 267
boat 0.0293 196 231 216 252
boat 0.0293 234 231 262 243
boat 0.0292 334 247 413 264
boat 0.0290 119 221 156 245
boat 0.0288 168 222 227 243
boat 0.0288 322 144 490 260
boat 0.0287 4 247 46 270
boat 0.0285 331 248 362 273
boat 0.0282 3 178 72 251
boat 0.0281 196 246 223 264
boat 0.0281 86 233 265 266
boat 0.0281 159 241 197 253
boat 0.0280 340 245 368 270
boat 0.0279 83 235 130 249
boat 0.0279 182 241 285 264
boat 0.0278 209 233 275 250
boat 0.0278 404 224 496 252
boat 0.0277 214 241 265 253
boat 0.0275 488 233 500 262
boat 0.0274 267 232 297 243
boat 0.0273 273 194 308 244
boat 0.0271 101 242 210 267
boat 0.0270 2 163 154 258
boat 0.0270 239 233 257 245
boat 0.0270 338 56 488 275
boat 0.0269 136 235 164 249
boat 0.0268 60 210 223 250
boat 0.0268 244 230 272 243
boat 0.0268 174 240 212 253
boat 0.0267 356 191 500 258
boat 0.0264 68 69 318 257
boat 0.0264 367 259 389 269
boat 0.0263 0 232 415 353
boat 0.0263 151 184 268 251
boat 0.0263 122 224 145 239
boat 0.0262 252 236 472 285
boat 0.0261 215 222 294 249
boat 0.0260 329 244 355 259
boat 0.0259 251 233 275 246
boat 0.0259 187 245 245 265
boat 0.0259 180 184 239 242
boat 0.0257 331 251 352 267
boat 0.0257 190 0 337 257
boat 0.0257 246 228 308 246
boat 0.0257 247 233 265 245
boat 0.0256 206 226 246 240
boat 0.0256 111 222 134 237
boat 0.0253 81 249 198 270
boat 0.0253 437 229 495 248
boat 0.0253 280 221 439 258
boat 0.0251 440 239 500 264
boat 0.0249 245 180 315 249
boat 0.0248 309 257 342 266
boat 0.0248 145 238 202 255
boat 0.0247 0 255 33 274
boat 0.0246 350 245 376 258
boat 0.0245 355 210 475 250
boat 0.0245 218 186 273 244
boat 0.0242 342 235 376 247
boat 0.0242 225 230 408 270
boat 0.0242 147 232 179 244
boat 0.0240 187 224 225 264
boat 0.0240 186 184 254 210
boat 0.0240 403 236 454 248
boat 0.0239 287 224 380 254
boat 0.0239 306 241 348 253
boat 0.0239 50 201 147 234
boat 0.0238 247 206 287 230
boat 0.0238 351 255 371 270
boat 0.0237 143 227 316 266
boat 0.0237 344 254 363 275
boat 0.0236 82 218 202 263
boat 0.0236 142 226 220 251
boat 0.0235 179 228 197 242
boat 0.0234 366 262 390 274
boat 0.0234 266 221 290 242
boat 0.0234 345 247 362 262
boat 0.0230 318 252 345 270
boat 0.0229 360 251 396 261
boat 0.0228 390 227 465 246
boat 0.0228 161 232 188 244
boat 0.0227 72 237 162 257
boat 0.0226 353 242 393 253
boat 0.0224 11 242 106 264
boat 0.0224 345 237 368 251
boat 0.0223 436 237 482 259
boat 0.0222 309 241 359 275
boat 0.0220 81 195 256 261
boat 0.0220 229 229 250 242
boat 0.0220 319 243 348 258
boat 0.0219 125 219 148 236
boat 0.0217 299 233 366 252
boat 0.0217 351 236 395 247
boat 0.0217 1 15 162 271
boat 0.0216 474 215 500 264
boat 0.0216 412 127 493 261
boat 0.0216 151 236 175 249
boat 0.0216 38 239 96 254
boat 0.0216 428 235 477 248
boat 0.0216 464 227 495 264
boat 0.0215 281 249 389 276
boat 0.0215 248 204 276 243
boat 0.0214 444 232 481 243
boat 0.0214 16 230 69 261
boat 0.0213 408 230 450 243
boat 0.0213 214 196 289 230
boat 0.0213 336 231 379 255
boat 0.0212 473 224 491 244
boat 0.0212 123 240 166 252
boat 0.0211 178 201 222 251
boat 0.0208 193 187 245 202
boat 0.0207 469 228 486 242
boat 0.0207 168 214 245 238
boat 0.0205 161 191 396 276
boat 0.0205 42 211 122 252
boat 0.0204 144 242 187 252
boat 0.0203 65 186 159 242
boat 0.0202 329 236 360 247
boat 0.0202 352 264 391 279
boat 0.0202 458 233 481 247
boat 0.0201 405 246 494 273
boat 0.0200 207 204 251 250
boat 0.0200 93 213 196 244
bottle 0.0295 1 172 50 259
bottle 0.0217 101 211 128 234
car 0.0267 0 37 500 299
car 0.0259 188 184 245 205
car 0.0210 278 232 303 243
person 0.0874 23 224 46 244
person 0.0582 49 227 86 246
person 0.0553 35 227 65 246
person 0.0540 21 223 58 248
person 0.0487 31 225 51 244
person 0.0465 49 227 73 240
person 0.0435 176 231 191 249
person 0.0431 53 225 93 239
person 0.0421 12 0 489 302
person 0.0405 43 227 59 243
person 0.0389 198 231 215 247
person 0.0385 14 225 42 256
person 0.0382 40 227 99 251
person 0.0367 71 230 101 246
person 0.0358 23 223 81 242
person 0.0348 45 228 71 253
person 0.0340 105 233 127 245
person 0.0337 25 227 79 253
person 0.0334 474 226 490 246
person 0.0323 61 226 73 238
person 0.0320 52 0 224 264
person 0.0319 115 234 127 247
person 0.0317 180 231 200 248
person 0.0315 113 233 135 245
person 0.0312 184 187 201 218
person 0.0311 193 232 210 247
person 0.0307 173 236 185 249
person 0.0304 126 232 138 247
person 0.0302 286 196 307 230
person 0.0301 85 232 110 245
person 0.0296 64 227 83 244
person 0.0295 206 231 220 248
person 0.0293 59 223 79 234
person 0.0291 100 235 113 248
person 0.0289 73 227 90 244
person 0.0288 246 227 261 245
person 0.0282 280 228 292 244
person 0.0281 113 223 129 239
person 0.0279 287 227 301 242
person 0.0278 128 228 149 247
person 0.0278 106 224 123 239
person 0.0277 91 232 104 248
person 0.0276 55 228 66 238
person 0.0274 91 226 139 248
person 0.0274 282 238 293 248
person 0.0274 216 231 231 247
person 0.0273 270 218 285 243
person 0.0265 67 226 81 238
person 0.0263 125 224 138 241
person 0.0263 99 235 129 250
person 0.0261 46 228 57 239
person 0.0259 241 232 254 245
person 0.0258 77 227 100 240
person 0.0258 282 236 298 246
person 0.0255 82 229 96 243
person 0.0254 247 235 260 248
person 0.0252 89 231 128 243
person 0.0252 188 184 208 213
person 0.0248 77 225 89 238
person 0.0246 55 224 72 235
person 0.0245 412 220 426 242
person 0.0244 286 210 304 239
person 0.0240 118 0 284 262
person 0.0238 271 235 291 246
person 0.0237 102 229 114 241
person 0.0235 272 196 294 232
person 0.0235 184 186 213 226
person 0.0233 67 227 123 249
person 0.0232 251 218 272 243
person 0.0229 281 202 308 243
person 0.0228 9 222 31 247
person 0.0227 143 233 159 248
person 0.0227 53 217 82 243
person 0.0225 93 230 103 243
person 0.0224 222 232 238 245
person 0.0223 162 233 182 246
person 0.0223 471 233 482 246
person 0.0223 287 237 300 247
person 0.0222 244 213 264 242
person 0.0222 112 236 128 253
person 0.0221 72 222 92 234
person 0.0220 45 225 63 236
person 0.0220 233 232 247 245
person 0.0215 20 228 37 243
person 0.0213 253 232 269 247
person 0.0213 120 235 147 249
person 0.0211 59 220 91 230
person 0.0211 264 230 278 246
person 0.0211 472 214 492 243
person 0.0210 69 225 105 238
person 0.0209 22 228 46 262
person 0.0208 409 199 430 244
person 0.0208 241 223 254 241
person 0.0207 155 235 166 248
person 0.0205 97 232 115 253
person 0.0203 84 225 96 238
person 0.0203 62 222 109 244
person 0.0202 406 227 417 243
person 0.0202 295 224 307 242
pottedplant 0.0692 380 279 430 375
pottedplant 0.0690 331 263 405 375
pottedplant 0.0428 394 279 429 346
pottedplant 0.0366 231 275 281 375
pottedplant 0.0319 364 271 402 362
pottedplant 0.0317 157 277 228 375
pottedplant 0.0308 292 262 355 375
pottedplant 0.0285 349 268 389 365
pottedplant 0.0271 195 273 266 375
pottedplant 0.0264 91 280 162 375
pottedplant 0.0248 377 276 426 328
pottedplant 0.0244 2 171 46 245
pottedplant 0.0238 143 281 193 375
pottedplant 0.0227 236 271 276 337
pottedplant 0.0220 393 280 426 312
pottedplant 0.0217 190 283 230 375
pottedplant 0.0217 283 267 329 374
pottedplant 0.0215 250 273 289 354
pottedplant 0.0204 122 281 173 375
pottedplant 0.0201 254 266 320 375
pottedplant 0.0200 402 284 438 365
train 0.0781 11 0 482 279
train 0.0422 167 219 235 246
train 0.0369 0 212 483 375
tvmonitor 0.0219 0 10 65 56
