bicycle 0.0231 162 215 457 327
bottle 0.0228 142 191 175 217
car 0.7300 112 118 445 330
car 0.2710 257 112 324 136
car 0.0997 264 112 320 126
car 0.0898 224 113 325 173
car 0.0888 182 122 347 190
car 0.0862 240 122 420 194
car 0.0838 218 109 329 145
car 0.0828 167 121 443 247
car 0.0672 452 317 500 332
car 0.0656 308 123 446 326
car 0.0598 147 131 323 283
car 0.0532 129 110 383 206
car 0.0507 322 121 442 204
car 0.0475 440 307 500 333
car 0.0425 112 135 242 272
car 0.0397 475 306 500 333
car 0.0389 459 293 500 333
car 0.0380 338 126 428 156
car 0.0352 282 113 321 132
car 0.0348 267 123 319 139
car 0.0345 261 116 332 158
car 0.0333 170 106 309 178
car 0.0333 0 13 413 333
car 0.0328 256 99 320 129
car 0.0317 259 112 361 143
car 0.0314 142 116 272 199
car 0.0303 295 115 326 128
car 0.0299 370 176 458 325
car 0.0274 270 107 316 120
car 0.0272 347 129 427 244
car 0.0270 276 121 434 166
car 0.0257 250 125 318 145
car 0.0256 358 128 427 174
car 0.0244 183 91 341 147
car 0.0240 430 284 498 333
car 0.0238 0 290 19 327
car 0.0226 79 121 329 231
car 0.0225 26 21 298 255
car 0.0224 95 158 214 326
car 0.0216 240 89 412 146
car 0.0200 94 149 204 248
motorbike 0.0937 127 129 425 330
motorbike 0.0635 122 173 221 329
motorbike 0.0328 338 143 445 328
motorbike 0.0286 108 141 273 330
motorbike 0.0227 99 209 375 330
motorbike 0.0211 97 222 203 330
person 0.1934 252 155 290 187
person 0.1428 230 154 283 188
person 0.1342 133 124 366 325
person 0.1291 286 154 315 191
person 0.1155 234 143 308 190
person 0.1087 292 149 337 192
person 0.0935 115 133 252 327
person 0.0844 41 71 442 333
person 0.0806 274 128 334 194
person 0.0791 265 145 314 193
person 0.0790 213 157 231 191
person 0.0766 232 157 261 187
person 0.0652 220 157 238 189
person 0.0605 270 158 296 188
person 0.0594 130 139 222 273
person 0.0590 239 116 327 184
person 0.0558 221 140 270 191
person 0.0557 311 156 335 193
person 0.0557 121 196 221 332
person 0.0539 142 182 180 208
person 0.0501 216 148 250 190
person 0.0498 322 160 340 193
person 0.0494 309 141 351 198
person 0.0486 138 165 187 218
person 0.0480 208 148 236 192
person 0.0455 160 117 308 270
person 0.0452 252 156 274 184
person 0.0438 179 135 295 198
person 0.0437 147 124 253 241
person 0.0418 149 169 183 204
person 0.0399 227 160 251 189
person 0.0394 290 131 375 193
person 0.0373 186 142 230 197
person 0.0365 104 152 194 301
person 0.0338 47 131 192 329
person 0.0338 164 133 223 204
person 0.0331 305 152 330 187
person 0.0330 194 130 259 194
person 0.0323 186 146 282 295
person 0.0320 166 170 186 200
person 0.0318 221 143 298 226
person 0.0318 143 146 210 215
person 0.0315 244 166 285 187
person 0.0308 331 140 374 198
person 0.0297 250 149 293 205
person 0.0297 140 189 177 219
person 0.0291 271 125 443 333
person 0.0289 347 138 389 198
person 0.0288 209 165 225 194
person 0.0284 256 153 309 181
person 0.0281 130 158 197 248
person 0.0280 321 175 343 194
person 0.0279 221 117 359 264
person 0.0275 461 289 499 332
person 0.0266 330 164 346 193
person 0.0265 305 126 403 207
person 0.0264 201 156 231 202
person 0.0255 247 123 340 227
person 0.0253 274 158 329 193
person 0.0252 280 115 320 143
person 0.0250 349 202 438 330
person 0.0249 130 180 174 236
person 0.0249 307 164 328 194
person 0.0247 470 289 495 319
person 0.0242 158 175 188 210
person 0.0239 173 171 191 200
person 0.0239 326 152 349 194
person 0.0235 358 136 410 197
person 0.0234 348 161 364 197
person 0.0234 478 291 500 329
person 0.0232 158 167 180 196
person 0.0231 149 186 192 203
person 0.0230 71 185 159 324
person 0.0229 163 160 200 206
person 0.0229 141 176 200 204
person 0.0225 169 267 200 327
person 0.0222 297 165 317 194
person 0.0222 146 147 275 207
person 0.0221 350 235 376 308
person 0.0220 332 129 415 243
person 0.0220 81 116 211 270
person 0.0217 131 111 224 218
person 0.0213 370 143 388 180
person 0.0212 284 163 306 192
person 0.0212 211 170 234 193
person 0.0209 174 121 217 187
person 0.0208 221 156 258 199
person 0.0207 195 160 270 195
person 0.0207 264 164 288 191
person 0.0205 277 262 295 283
person 0.0203 315 145 336 184
person 0.0203 341 165 356 194
person 0.0202 177 266 191 283
person 0.0201 68 142 158 268
person 0.0200 200 165 218 193
person 0.0200 251 150 342 197
pottedplant 0.0547 0 226 21 258
pottedplant 0.0340 0 223 22 284
pottedplant 0.0230 5 222 28 254
train 0.0456 121 201 443 325
train 0.0308 350 126 425 149
