bottle 0.0861 451 81 472 125
bottle 0.0644 13 169 62 260
bottle 0.0440 10 133 77 251
bottle 0.0390 480 106 496 132
bottle 0.0387 66 57 82 94
bottle 0.0349 461 132 499 199
bottle 0.0328 56 58 75 94
bottle 0.0312 393 236 499 311
bottle 0.0297 474 105 491 127
bottle 0.0283 449 88 489 128
bottle 0.0273 456 239 499 304
bottle 0.0264 468 97 494 129
bottle 0.0246 9 214 64 261
bottle 0.0241 459 96 480 126
bottle 0.0220 480 241 499 290
bottle 0.0208 25 159 77 223
bottle 0.0208 443 199 460 223
bottle 0.0203 355 218 500 277
bottle 0.0203 7 170 45 247
chair 0.1624 45 280 352 331
chair 0.1277 0 289 161 332
chair 0.1162 148 290 339 333
chair 0.1004 8 241 349 329
chair 0.0706 6 231 164 328
chair 0.0574 220 230 500 329
chair 0.0568 77 4 370 332
chair 0.0536 227 298 335 331
chair 0.0525 102 257 342 317
chair 0.0493 206 271 353 333
chair 0.0470 157 277 500 333
chair 0.0464 166 222 348 316
chair 0.0449 38 158 400 326
chair 0.0432 64 246 231 322
chair 0.0431 68 289 257 328
chair 0.0387 5 202 102 325
chair 0.0368 342 235 500 317
chair 0.0340 0 265 225 333
chair 0.0339 270 302 332 333
chair 0.0331 103 120 317 318
chair 0.0323 101 233 311 301
chair 0.0320 430 306 500 333
chair 0.0315 242 229 341 331
chair 0.0313 229 290 400 331
chair 0.0309 0 269 101 333
chair 0.0305 59 288 139 329
chair 0.0298 280 299 393 331
chair 0.0290 61 210 153 319
chair 0.0262 63 298 185 330
chair 0.0258 356 285 500 333
chair 0.0243 1 177 222 325
chair 0.0239 40 246 121 333
chair 0.0231 19 306 125 332
chair 0.0231 271 267 334 333
chair 0.0231 133 181 371 305
chair 0.0223 456 316 500 332
chair 0.0218 271 296 478 333
chair 0.0217 0 300 88 331
chair 0.0210 257 222 381 309
chair 0.0202 73 269 163 333
chair 0.0201 455 282 500 333
chair 0.0200 0 285 59 330
chair 0.0200 140 272 265 333
chair 0.0200 37 284 104 333
diningtable 0.0737 11 228 415 329
diningtable 0.0313 26 275 500 333
diningtable 0.0251 0 206 184 325
diningtable 0.0244 187 215 500 333
diningtable 0.0207 5 178 156 239
person 0.0840 14 2 443 263
person 0.0555 348 210 500 316
person 0.0478 51 60 68 94
person 0.0326 343 118 499 305
person 0.0323 54 56 78 95
person 0.0314 66 58 82 94
person 0.0275 2 14 96 133
person 0.0256 254 234 279 280
person 0.0247 45 60 63 93
person 0.0224 457 151 498 224
person 0.0223 421 0 500 149
pottedplant 0.0457 449 77 474 128
pottedplant 0.0270 452 69 494 129
pottedplant 0.0254 436 11 494 131
pottedplant 0.0206 457 0 497 61
tvmonitor 0.8338 112 17 348 231
tvmonitor 0.0885 330 0 468 228
tvmonitor 0.0781 2 0 138 233
tvmonitor 0.0774 188 178 282 228
tvmonitor 0.0770 208 37 351 218
tvmonitor 0.0752 331 124 401 221
tvmonitor 0.0696 433 123 498 224
tvmonitor 0.0644 107 38 263 168
tvmonitor 0.0618 86 26 500 274
tvmonitor 0.0610 127 28 348 141
tvmonitor 0.0606 321 119 485 225
tvmonitor 0.0530 9 122 81 230
tvmonitor 0.0506 22 28 232 228
tvmonitor 0.0448 109 120 366 233
tvmonitor 0.0415 382 0 499 233
tvmonitor 0.0410 279 82 361 218
tvmonitor 0.0400 194 169 340 224
tvmonitor 0.0394 450 101 499 203
tvmonitor 0.0389 401 121 467 221
tvmonitor 0.0373 462 134 499 191
tvmonitor 0.0371 312 56 416 225
tvmonitor 0.0371 22 88 116 225
tvmonitor 0.0365 112 176 274 229
tvmonitor 0.0328 111 31 227 116
tvmonitor 0.0326 352 80 434 219
tvmonitor 0.0323 344 87 498 285
tvmonitor 0.0315 102 81 195 219
tvmonitor 0.0313 10 37 80 135
tvmonitor 0.0296 105 74 281 219
tvmonitor 0.0293 273 35 361 164
tvmonitor 0.0292 5 162 153 229
tvmonitor 0.0288 418 77 483 213
tvmonitor 0.0288 263 175 340 228
tvmonitor 0.0284 191 186 250 225
tvmonitor 0.0280 384 95 450 213
tvmonitor 0.0276 0 13 326 283
tvmonitor 0.0270 240 179 281 227
tvmonitor 0.0269 453 145 500 215
tvmonitor 0.0267 17 16 116 160
tvmonitor 0.0267 466 106 499 172
tvmonitor 0.0264 0 0 201 149
tvmonitor 0.0261 10 115 79 168
tvmonitor 0.0259 67 87 150 221
tvmonitor 0.0258 265 125 343 230
tvmonitor 0.0257 65 191 358 303
tvmonitor 0.0257 87 30 207 154
tvmonitor 0.0256 5 23 84 201
tvmonitor 0.0251 437 79 490 179
tvmonitor 0.0244 22 121 173 230
tvmonitor 0.0244 101 184 193 232
tvmonitor 0.0244 305 152 418 228
tvmonitor 0.0237 104 22 313 96
tvmonitor 0.0237 288 22 420 174
tvmonitor 0.0235 164 181 238 225
tvmonitor 0.0229 27 76 73 132
tvmonitor 0.0224 454 84 495 142
tvmonitor 0.0223 12 91 77 146
tvmonitor 0.0221 405 154 496 221
tvmonitor 0.0220 346 127 390 197
tvmonitor 0.0219 409 127 448 205
tvmonitor 0.0219 437 77 489 131
tvmonitor 0.0211 438 128 492 180
tvmonitor 0.0210 109 134 190 233
tvmonitor 0.0208 436 4 496 133
tvmonitor 0.0201 235 95 417 230
