bicycle 0.0260 339 0 375 54
bicycle 0.0201 276 0 375 49
bird 0.0589 0 117 101 351
bird 0.0447 5 218 96 345
bird 0.0394 0 113 46 183
bird 0.0351 6 155 167 347
bird 0.0282 15 249 139 343
bird 0.0228 0 100 74 231
bird 0.0207 11 84 87 283
bottle 0.0502 124 160 177 187
bottle 0.0480 130 142 194 182
bottle 0.0349 146 157 185 180
bottle 0.0327 139 159 213 203
bottle 0.0259 141 137 190 167
bottle 0.0241 153 147 181 175
bottle 0.0237 154 164 189 186
bottle 0.0231 162 167 224 222
bottle 0.0222 137 155 169 182
bottle 0.0217 155 145 222 189
bottle 0.0210 174 95 199 132
bottle 0.0209 125 156 155 183
bottle 0.0204 144 123 202 164
bottle 0.0202 158 140 185 167
cow 0.0477 8 68 169 354
cow 0.0296 6 154 250 377
cow 0.0281 22 4 237 316
cow 0.0253 0 185 140 352
cow 0.0207 74 94 375 453
dog 0.0713 0 120 38 167
dog 0.0586 15 10 275 344
dog 0.0415 0 128 18 165
dog 0.0397 0 109 48 188
dog 0.0363 108 101 350 500
dog 0.0318 2 84 64 277
dog 0.0232 0 131 28 179
horse 0.0993 115 90 295 460
horse 0.0745 59 171 261 382
horse 0.0353 47 40 299 360
horse 0.0289 131 174 325 380
horse 0.0281 35 185 356 500
motorbike 0.7603 140 159 273 377
motorbike 0.0742 144 188 202 381
motorbike 0.0615 121 179 229 306
motorbike 0.0608 90 76 329 374
motorbike 0.0443 65 179 247 358
motorbike 0.0336 166 184 238 344
motorbike 0.0336 191 179 263 344
motorbike 0.0319 129 253 242 381
motorbike 0.0234 174 178 292 292
motorbike 0.0215 167 211 308 368
person 0.8495 139 66 273 361
person 0.2212 136 160 216 347
person 0.2212 129 77 215 185
person 0.1887 168 71 197 129
person 0.1686 151 71 209 158
person 0.1551 121 66 253 241
person 0.1288 120 89 209 321
person 0.1246 138 77 262 164
person 0.1239 178 133 264 344
person 0.1113 167 62 194 107
person 0.0980 157 71 234 136
person 0.0945 158 56 203 133
person 0.0910 111 132 252 284
person 0.0898 46 56 254 370
person 0.0831 175 170 231 347
person 0.0742 123 151 188 186
person 0.0730 127 45 199 154
person 0.0689 127 149 192 297
person 0.0644 169 54 195 88
person 0.0617 79 163 232 366
person 0.0611 142 240 156 298
person 0.0558 214 165 279 334
person 0.0548 127 107 188 182
person 0.0544 218 87 282 253
person 0.0519 110 31 267 185
person 0.0513 171 69 199 95
person 0.0489 198 189 231 305
person 0.0483 124 173 175 337
person 0.0474 175 61 225 119
person 0.0469 139 77 184 165
person 0.0466 76 65 368 500
person 0.0465 87 47 227 292
person 0.0460 164 67 191 93
person 0.0459 183 75 261 123
person 0.0452 187 177 223 291
person 0.0436 126 111 209 228
person 0.0424 8 0 142 354
person 0.0423 21 149 191 354
person 0.0407 149 84 197 132
person 0.0404 146 175 212 284
person 0.0399 158 100 242 323
person 0.0393 202 181 251 325
person 0.0387 145 201 194 364
person 0.0373 131 164 173 186
person 0.0364 197 137 279 269
person 0.0362 162 75 192 151
person 0.0357 165 70 186 117
person 0.0348 139 232 158 325
person 0.0347 127 156 226 244
person 0.0342 168 57 216 94
person 0.0341 97 115 178 346
person 0.0340 141 191 175 289
person 0.0327 128 187 165 286
person 0.0324 169 86 212 132
person 0.0323 174 73 209 107
person 0.0322 172 80 200 115
person 0.0315 131 155 216 204
person 0.0310 190 75 283 196
person 0.0309 150 99 202 178
person 0.0295 209 75 294 329
person 0.0287 183 166 225 238
person 0.0286 137 144 209 189
person 0.0285 142 217 165 292
person 0.0284 146 165 183 185
person 0.0283 139 55 189 124
person 0.0281 172 93 199 126
person 0.0279 170 103 332 378
person 0.0271 171 51 207 115
person 0.0267 176 170 213 276
person 0.0259 200 61 247 116
person 0.0257 267 64 374 414
person 0.0256 165 85 188 128
person 0.0251 153 241 168 283
person 0.0248 181 65 207 84
person 0.0245 153 54 193 101
person 0.0242 149 44 281 141
person 0.0242 234 132 274 232
person 0.0241 141 262 156 320
person 0.0240 144 232 161 282
person 0.0237 195 65 234 134
person 0.0236 193 174 234 256
person 0.0236 148 270 189 383
person 0.0234 142 218 173 333
person 0.0233 154 123 244 239
person 0.0233 56 58 154 336
person 0.0233 222 185 259 287
person 0.0233 111 0 349 354
person 0.0230 181 69 222 97
person 0.0229 165 31 197 100
person 0.0229 234 170 274 266
person 0.0228 120 105 181 265
person 0.0227 170 145 231 220
person 0.0227 70 179 145 344
person 0.0225 143 120 192 170
person 0.0222 198 62 226 89
person 0.0219 242 157 281 243
person 0.0216 164 191 201 291
person 0.0215 180 199 212 308
person 0.0214 177 267 190 309
person 0.0212 209 176 243 274
person 0.0210 154 164 207 232
person 0.0204 194 271 207 319
person 0.0204 128 67 168 148
person 0.0203 0 0 243 500
person 0.0202 213 75 282 124
person 0.0200 146 286 162 334
person 0.0200 219 253 232 304
sheep 0.0272 0 101 105 354
sheep 0.0200 0 135 87 500
