bottle 0.1758 387 0 415 38
bottle 0.1429 365 21 390 54
bottle 0.1289 346 8 364 53
bottle 0.0972 475 2 499 39
bottle 0.0895 414 4 437 38
bottle 0.0888 353 7 389 53
bottle 0.0848 404 1 431 39
bottle 0.0707 352 15 371 53
bottle 0.0699 381 1 397 38
bottle 0.0685 374 0 407 48
bottle 0.0575 361 16 383 49
bottle 0.0556 321 62 358 112
bottle 0.0524 372 17 394 50
bottle 0.0518 368 9 389 43
bottle 0.0517 365 5 399 55
bottle 0.0505 464 5 483 38
bottle 0.0489 331 1 375 55
bottle 0.0484 397 3 420 39
bottle 0.0385 386 0 438 50
bottle 0.0338 326 76 350 113
bottle 0.0336 321 66 348 99
bottle 0.0328 430 0 460 37
bottle 0.0315 472 2 495 26
bottle 0.0278 407 0 448 43
bottle 0.0265 333 7 350 50
bottle 0.0246 359 11 385 36
bottle 0.0244 348 8 372 39
bottle 0.0233 332 68 357 104
bottle 0.0222 317 68 333 98
bottle 0.0221 350 0 413 61
bottle 0.0207 464 3 498 54
bottle 0.0205 440 0 500 27
bottle 0.0203 420 0 443 33
car 0.0325 16 3 90 57
car 0.0280 32 31 83 47
car 0.0267 23 23 88 50
car 0.0212 27 13 74 45
car 0.0208 27 0 134 70
chair 0.7442 136 101 289 344
chair 0.6041 361 138 498 364
chair 0.5271 377 44 452 109
chair 0.4947 7 79 165 257
chair 0.4279 106 72 246 288
chair 0.3813 395 101 500 294
chair 0.3789 204 47 279 101
chair 0.2668 109 68 218 196
chair 0.2658 31 62 222 225
chair 0.2539 379 84 471 232
chair 0.2471 379 47 465 182
chair 0.2462 423 111 500 217
chair 0.2161 182 83 288 267
chair 0.2118 240 49 290 96
chair 0.2087 338 96 457 310
chair 0.2035 100 63 209 132
chair 0.1697 257 56 292 91
chair 0.1670 147 93 251 246
chair 0.1648 197 50 283 177
chair 0.1626 195 85 359 327
chair 0.1616 373 137 481 263
chair 0.1608 18 69 119 158
chair 0.1515 401 43 494 203
chair 0.1429 116 89 206 158
chair 0.1363 40 64 179 156
chair 0.1283 0 82 256 320
chair 0.1261 99 49 291 191
chair 0.1204 122 56 265 112
chair 0.1199 245 95 417 348
chair 0.1176 62 93 194 274
chair 0.1137 400 147 497 238
chair 0.1117 221 27 287 96
chair 0.1116 247 18 295 88
chair 0.1107 207 50 239 98
chair 0.1091 176 96 246 208
chair 0.1077 348 73 446 216
chair 0.1068 78 60 241 154
chair 0.1060 351 173 451 348
chair 0.1034 0 89 100 175
chair 0.1029 102 71 181 168
chair 0.1020 447 135 498 214
chair 0.1001 418 188 497 335
chair 0.0991 239 45 269 88
chair 0.0968 318 52 376 96
chair 0.0960 260 71 291 92
chair 0.0931 381 33 486 133
chair 0.0930 0 95 50 243
chair 0.0922 442 60 500 202
chair 0.0891 360 46 426 101
chair 0.0889 223 48 265 95
chair 0.0864 424 34 500 142
chair 0.0864 317 108 407 272
chair 0.0858 316 26 412 99
chair 0.0836 379 7 461 99
chair 0.0797 341 7 368 54
chair 0.0794 126 79 203 111
chair 0.0774 205 77 311 210
chair 0.0753 204 49 226 78
chair 0.0748 425 1 463 41
chair 0.0742 133 59 210 103
chair 0.0734 312 137 429 350
chair 0.0730 418 168 500 271
chair 0.0725 201 45 253 88
chair 0.0719 365 33 402 97
chair 0.0708 431 165 495 217
chair 0.0705 377 176 461 296
chair 0.0703 454 102 499 182
chair 0.0699 134 85 212 136
chair 0.0697 321 61 361 103
chair 0.0696 239 104 336 260
chair 0.0694 106 88 175 139
chair 0.0686 345 2 423 102
chair 0.0685 96 67 199 98
chair 0.0674 145 56 252 177
chair 0.0669 338 31 450 94
chair 0.0662 59 89 165 172
chair 0.0652 88 100 263 208
chair 0.0643 112 98 162 157
chair 0.0638 400 115 469 211
chair 0.0635 116 98 189 217
chair 0.0635 404 33 453 97
chair 0.0634 261 216 500 361
chair 0.0633 189 55 258 108
chair 0.0632 426 240 499 375
chair 0.0631 212 37 300 127
chair 0.0622 324 4 384 83
chair 0.0614 1 97 45 181
chair 0.0610 374 5 429 86
chair 0.0609 247 0 325 89
chair 0.0609 365 196 432 311
chair 0.0604 247 53 277 91
chair 0.0597 347 32 453 154
chair 0.0594 387 72 460 114
chair 0.0594 414 151 483 211
chair 0.0589 457 37 498 125
chair 0.0576 196 102 274 225
chair 0.0574 215 126 304 305
chair 0.0565 450 169 499 234
chair 0.0564 473 118 500 183
chair 0.0562 224 65 301 103
chair 0.0555 158 65 217 111
chair 0.0545 23 82 100 139
chair 0.0544 295 106 370 263
chair 0.0541 433 118 493 181
chair 0.0535 345 5 388 66
chair 0.0535 0 182 223 372
chair 0.0534 204 17 321 106
chair 0.0529 59 67 110 104
chair 0.0525 239 44 266 68
chair 0.0524 362 21 392 63
chair 0.0520 167 87 222 179
chair 0.0515 213 66 272 97
chair 0.0512 316 17 362 90
chair 0.0511 320 59 416 107
chair 0.0506 375 64 432 105
chair 0.0500 57 68 138 140
chair 0.0498 416 5 452 49
chair 0.0497 205 72 284 112
chair 0.0496 365 136 435 281
chair 0.0491 343 57 391 98
chair 0.0490 351 92 494 186
chair 0.0480 0 47 123 193
chair 0.0478 124 90 202 120
chair 0.0478 204 75 261 101
chair 0.0476 358 2 405 77
chair 0.0474 341 264 499 366
chair 0.0472 373 57 402 100
chair 0.0464 310 81 414 212
chair 0.0463 154 76 205 106
chair 0.0462 2 97 75 151
chair 0.0457 212 44 266 67
chair 0.0453 97 18 309 132
chair 0.0452 386 41 447 79
chair 0.0451 445 286 499 375
chair 0.0450 104 37 228 109
chair 0.0450 87 187 287 363
chair 0.0449 133 108 220 190
chair 0.0442 245 67 298 94
chair 0.0437 223 47 260 63
chair 0.0436 371 66 391 100
chair 0.0436 155 180 415 349
chair 0.0433 51 66 179 110
chair 0.0430 31 70 113 112
chair 0.0422 396 168 467 217
chair 0.0422 378 91 457 125
chair 0.0421 341 27 494 224
chair 0.0416 189 133 262 202
chair 0.0414 155 213 292 344
chair 0.0413 49 118 149 256
chair 0.0410 250 55 317 106
chair 0.0409 374 204 446 274
chair 0.0409 406 58 452 111
chair 0.0404 208 49 233 67
chair 0.0403 247 75 303 117
chair 0.0403 374 40 414 92
chair 0.0403 7 97 96 248
chair 0.0402 24 96 149 201
chair 0.0399 0 63 139 375
chair 0.0397 213 49 242 72
chair 0.0393 195 48 225 104
chair 0.0392 128 35 277 96
chair 0.0392 179 140 272 247
chair 0.0391 247 0 276 53
chair 0.0389 385 100 449 205
chair 0.0387 183 90 264 170
chair 0.0382 296 58 362 93
chair 0.0381 340 63 363 96
chair 0.0378 11 77 81 125
chair 0.0378 264 57 335 93
chair 0.0378 187 63 267 140
chair 0.0376 5 59 103 132
chair 0.0374 228 48 278 78
chair 0.0374 449 177 500 306
chair 0.0372 83 73 160 153
chair 0.0372 277 15 385 94
chair 0.0372 183 113 238 182
chair 0.0371 436 53 493 115
chair 0.0367 381 49 424 85
chair 0.0364 231 44 346 116
chair 0.0364 370 129 496 205
chair 0.0363 352 214 498 321
chair 0.0361 332 71 442 116
chair 0.0360 371 223 427 281
chair 0.0359 156 72 262 118
chair 0.0359 237 45 260 59
chair 0.0358 253 91 324 217
chair 0.0357 401 103 500 173
chair 0.0355 426 79 499 157
chair 0.0354 463 30 500 185
chair 0.0351 309 73 364 115
chair 0.0349 223 49 253 74
chair 0.0349 317 63 352 89
chair 0.0348 155 45 235 98
chair 0.0347 91 103 166 254
chair 0.0346 455 175 499 207
chair 0.0345 389 0 426 47
chair 0.0344 321 206 404 356
chair 0.0339 260 47 314 89
chair 0.0339 201 53 218 91
chair 0.0338 104 68 167 127
chair 0.0336 262 66 304 89
chair 0.0333 408 1 482 96
chair 0.0333 293 170 376 337
chair 0.0332 384 164 452 248
chair 0.0332 56 80 111 156
chair 0.0331 131 79 269 140
chair 0.0331 387 87 469 161
chair 0.0330 465 154 500 218
chair 0.0329 390 300 500 375
chair 0.0329 349 15 376 56
chair 0.0328 449 223 500 347
chair 0.0322 347 99 417 248
chair 0.0320 202 50 221 67
chair 0.0320 335 154 479 232
chair 0.0320 351 67 373 98
chair 0.0320 213 219 381 347
chair 0.0318 254 49 286 81
chair 0.0317 171 60 209 99
chair 0.0315 325 161 500 291
chair 0.0315 204 12 260 93
chair 0.0314 61 68 101 91
chair 0.0314 155 97 207 170
chair 0.0314 203 95 288 129
chair 0.0313 180 97 238 156
chair 0.0313 176 28 367 163
chair 0.0310 215 78 328 118
chair 0.0308 360 68 383 98
chair 0.0304 71 66 131 112
chair 0.0301 225 52 251 88
chair 0.0301 319 49 363 79
chair 0.0300 137 93 189 112
chair 0.0300 115 110 176 182
chair 0.0300 466 139 499 192
chair 0.0300 207 181 288 340
chair 0.0300 177 115 218 193
chair 0.0300 239 4 269 64
chair 0.0299 400 46 437 93
chair 0.0298 151 79 199 129
chair 0.0298 257 66 292 109
chair 0.0298 243 176 334 336
chair 0.0297 331 5 358 54
chair 0.0295 301 7 482 129
chair 0.0295 92 100 150 166
chair 0.0293 0 61 60 172
chair 0.0292 229 55 274 108
chair 0.0292 261 83 353 117
chair 0.0292 1 72 41 132
chair 0.0292 32 135 167 327
chair 0.0291 0 110 31 204
chair 0.0290 117 93 159 125
chair 0.0289 152 61 210 86
chair 0.0288 421 9 443 42
chair 0.0287 324 80 399 115
chair 0.0285 6 140 65 252
chair 0.0283 401 12 459 65
chair 0.0282 270 71 301 87
chair 0.0282 213 145 268 215
chair 0.0281 250 44 271 76
chair 0.0279 386 157 450 210
chair 0.0279 316 61 333 89
chair 0.0278 403 204 492 289
chair 0.0276 227 96 282 203
chair 0.0276 414 25 451 77
chair 0.0275 27 55 147 122
chair 0.0274 141 121 269 194
chair 0.0274 417 45 450 93
chair 0.0273 248 67 340 182
chair 0.0272 126 96 191 140
chair 0.0271 422 80 498 117
chair 0.0270 276 44 390 117
chair 0.0270 197 158 284 276
chair 0.0268 281 83 374 206
chair 0.0266 296 63 310 86
chair 0.0264 430 8 453 42
chair 0.0263 276 240 387 342
chair 0.0260 234 37 307 77
chair 0.0260 143 87 196 106
chair 0.0259 376 76 411 103
chair 0.0259 436 140 479 204
chair 0.0257 257 68 355 108
chair 0.0257 39 234 265 345
chair 0.0256 68 62 150 96
chair 0.0256 249 68 275 95
chair 0.0255 169 96 253 135
chair 0.0255 176 73 215 104
chair 0.0254 420 109 475 177
chair 0.0254 231 47 252 58
chair 0.0254 400 46 490 108
chair 0.0253 220 41 269 60
chair 0.0253 69 99 133 158
chair 0.0252 208 52 223 66
chair 0.0251 376 183 424 261
chair 0.0250 0 138 117 301
chair 0.0250 478 147 500 184
chair 0.0249 393 89 494 133
chair 0.0247 122 92 169 113
chair 0.0246 82 34 170 122
chair 0.0246 189 62 236 124
chair 0.0246 388 47 416 77
chair 0.0245 421 12 465 86
diningtable 0.5801 137 78 449 340
diningtable 0.4215 72 79 351 303
diningtable 0.3658 247 83 457 235
diningtable 0.3607 266 108 496 361
diningtable 0.3415 179 84 388 239
diningtable 0.2952 59 63 480 226
diningtable 0.2321 327 90 470 303
diningtable 0.1871 21 68 271 255
diningtable 0.1421 196 67 467 180
diningtable 0.1099 4 118 500 375
diningtable 0.0956 311 112 493 223
diningtable 0.0919 299 49 481 198
diningtable 0.0874 272 92 388 286
diningtable 0.0863 169 134 355 365
diningtable 0.0824 378 63 500 375
diningtable 0.0774 140 89 355 190
diningtable 0.0739 317 42 434 98
diningtable 0.0713 316 5 407 95
diningtable 0.0712 182 103 321 283
diningtable 0.0664 106 55 376 171
diningtable 0.0654 203 85 320 213
diningtable 0.0648 35 159 303 335
diningtable 0.0585 346 12 384 55
diningtable 0.0519 303 88 429 213
diningtable 0.0508 359 6 447 95
diningtable 0.0504 211 40 325 95
diningtable 0.0482 292 74 446 144
diningtable 0.0467 19 0 420 322
diningtable 0.0454 316 123 419 247
diningtable 0.0452 308 53 383 97
diningtable 0.0436 333 1 394 56
diningtable 0.0432 267 41 384 95
diningtable 0.0428 212 75 378 149
diningtable 0.0427 237 122 410 207
diningtable 0.0404 234 115 341 245
diningtable 0.0399 210 40 464 139
diningtable 0.0367 347 4 411 69
diningtable 0.0364 351 103 485 172
diningtable 0.0362 185 0 500 255
diningtable 0.0358 221 49 364 106
diningtable 0.0330 181 92 305 160
diningtable 0.0328 247 19 423 100
diningtable 0.0325 283 160 475 281
diningtable 0.0317 262 62 385 112
diningtable 0.0299 322 91 471 155
diningtable 0.0291 258 2 375 86
diningtable 0.0286 385 0 467 49
diningtable 0.0285 341 0 447 55
diningtable 0.0282 219 12 345 88
diningtable 0.0279 244 77 398 120
diningtable 0.0270 191 74 330 129
diningtable 0.0255 284 12 500 116
diningtable 0.0254 374 0 414 49
diningtable 0.0249 355 15 402 50
diningtable 0.0240 326 38 406 71
diningtable 0.0220 0 212 266 360
diningtable 0.0219 288 48 364 88
diningtable 0.0218 299 32 393 83
diningtable 0.0217 33 22 390 148
person 0.0620 424 0 466 49
person 0.0472 479 2 499 30
person 0.0437 472 0 500 43
person 0.0424 359 1 402 50
person 0.0414 408 0 453 45
person 0.0389 382 0 460 81
person 0.0384 19 0 292 303
person 0.0324 321 0 359 56
person 0.0321 244 0 309 19
person 0.0311 332 0 375 55
person 0.0290 360 0 482 128
person 0.0274 483 1 496 20
person 0.0263 319 0 397 85
person 0.0258 255 0 333 85
person 0.0252 227 0 304 85
person 0.0251 350 0 430 82
person 0.0250 179 0 305 128
person 0.0218 436 0 487 64
person 0.0214 284 0 363 85
person 0.0201 29 10 56 41
pottedplant 0.1132 433 1 463 37
pottedplant 0.0976 249 0 289 24
pottedplant 0.0925 469 2 499 40
pottedplant 0.0772 247 0 280 41
pottedplant 0.0651 416 1 454 39
pottedplant 0.0616 439 0 485 39
pottedplant 0.0543 385 0 440 68
pottedplant 0.0509 246 0 308 77
pottedplant 0.0495 421 8 441 39
pottedplant 0.0492 421 0 471 48
pottedplant 0.0472 356 9 396 51
pottedplant 0.0463 375 0 421 47
pottedplant 0.0423 391 0 461 93
pottedplant 0.0408 228 0 298 105
pottedplant 0.0389 463 5 489 35
pottedplant 0.0378 454 5 473 37
pottedplant 0.0374 458 0 496 52
pottedplant 0.0366 341 3 385 51
pottedplant 0.0360 239 0 283 65
pottedplant 0.0355 475 1 500 24
pottedplant 0.0351 394 0 458 46
pottedplant 0.0346 253 0 273 20
pottedplant 0.0322 428 0 495 77
pottedplant 0.0302 349 0 414 78
pottedplant 0.0285 361 1 398 37
pottedplant 0.0270 248 3 266 38
pottedplant 0.0259 226 0 264 53
pottedplant 0.0253 219 0 273 84
pottedplant 0.0235 240 0 314 34
pottedplant 0.0234 459 3 494 24
pottedplant 0.0218 236 0 306 19
sofa 0.3841 1 65 195 251
sofa 0.2719 91 62 208 116
sofa 0.2163 23 62 191 168
sofa 0.1635 75 66 217 148
sofa 0.1405 10 70 142 207
sofa 0.1175 0 91 303 292
sofa 0.0898 9 50 259 142
sofa 0.0597 94 36 255 122
sofa 0.0381 18 24 138 151
sofa 0.0351 0 175 165 336
sofa 0.0321 341 21 481 105
sofa 0.0302 149 25 306 103
sofa 0.0285 15 23 222 112
sofa 0.0285 106 50 216 96
sofa 0.0276 67 1 214 156
sofa 0.0263 219 18 375 101
sofa 0.0224 11 179 145 274
sofa 0.0212 0 231 163 302
tvmonitor 0.0466 427 0 490 51
tvmonitor 0.0394 428 0 469 37
tvmonitor 0.0345 324 0 403 66
tvmonitor 0.0299 451 0 497 66
tvmonitor 0.0288 389 0 464 42
tvmonitor 0.0261 415 0 498 85
tvmonitor 0.0234 431 0 499 28
tvmonitor 0.0216 362 0 442 54
tvmonitor 0.0208 0 124 33 204
