bird 0.0232 12 134 134 250
bottle 0.0202 59 84 155 236
car 0.0259 0 415 22 442
car 0.0246 0 421 44 442
cat 0.7617 1 9 457 432
cat 0.2674 13 5 425 218
cat 0.0551 37 5 426 108
cat 0.0412 0 58 347 310
cat 0.0381 2 16 136 240
cat 0.0324 180 6 402 133
cat 0.0308 112 6 377 80
cat 0.0264 328 40 490 396
cat 0.0260 77 64 325 184
cat 0.0248 213 7 419 233
cat 0.0247 3 44 185 334
cat 0.0240 1 105 113 235
cat 0.0235 0 90 257 442
cat 0.0234 233 3 409 86
cat 0.0226 176 53 486 415
cat 0.0217 81 23 376 148
cat 0.0208 10 4 255 79
cat 0.0207 4 0 85 204
cat 0.0205 41 102 159 236
cat 0.0204 59 79 213 229
