bird 0.0275 157 11 297 42
bird 0.0249 193 7 397 47
bird 0.0222 322 36 366 83
cow 0.0779 390 123 500 335
cow 0.0753 318 47 498 315
cow 0.0366 431 35 500 335
cow 0.0346 452 146 500 306
cow 0.0344 0 31 111 331
cow 0.0272 460 259 499 335
cow 0.0223 5 120 97 276
cow 0.0215 412 220 499 335
dog 0.0420 395 50 500 277
dog 0.0312 457 55 499 142
sheep 0.6774 15 23 496 335
sheep 0.0911 327 6 499 152
sheep 0.0894 268 28 496 327
sheep 0.0830 411 11 499 138
sheep 0.0755 374 23 500 279
sheep 0.0709 449 35 500 149
sheep 0.0639 3 30 203 335
sheep 0.0522 3 1 139 178
sheep 0.0519 385 0 497 71
sheep 0.0504 201 6 491 108
sheep 0.0485 312 13 490 88
sheep 0.0449 261 0 427 35
sheep 0.0442 7 12 100 138
sheep 0.0438 237 17 416 80
sheep 0.0431 442 0 500 104
sheep 0.0431 63 6 490 157
sheep 0.0422 347 63 495 199
sheep 0.0417 391 52 500 161
sheep 0.0375 0 22 114 288
sheep 0.0374 458 0 499 64
sheep 0.0371 120 7 291 48
sheep 0.0353 350 0 495 40
sheep 0.0334 326 137 500 335
sheep 0.0330 360 30 500 117
sheep 0.0328 18 0 130 101
sheep 0.0308 202 0 479 237
sheep 0.0302 273 4 451 61
sheep 0.0293 115 17 394 86
sheep 0.0289 157 1 388 33
sheep 0.0280 320 28 431 92
sheep 0.0279 427 44 498 118
sheep 0.0268 374 137 484 286
sheep 0.0266 430 63 498 197
sheep 0.0266 30 0 182 37
sheep 0.0265 474 28 500 95
sheep 0.0262 8 57 95 201
sheep 0.0262 223 5 398 48
sheep 0.0262 313 2 418 47
sheep 0.0258 102 17 267 79
sheep 0.0251 321 37 369 81
sheep 0.0250 0 150 413 335
sheep 0.0249 475 0 500 51
sheep 0.0242 183 228 500 332
sheep 0.0241 354 0 413 41
sheep 0.0241 169 12 285 39
sheep 0.0235 436 0 494 49
sheep 0.0234 6 2 143 48
sheep 0.0231 61 276 283 331
sheep 0.0230 301 2 433 115
sheep 0.0224 473 48 500 126
sheep 0.0222 2 0 79 101
sheep 0.0221 5 6 238 113
sheep 0.0218 52 16 153 128
sheep 0.0217 451 31 500 86
sheep 0.0216 212 274 465 331
sheep 0.0216 82 11 200 91
sheep 0.0214 326 98 487 251
sheep 0.0208 134 6 423 60
sheep 0.0205 479 38 500 77
sheep 0.0200 306 6 399 76
