aeroplane 0.0465 160 139 310 184
aeroplane 0.0409 12 101 126 146
aeroplane 0.0378 20 122 316 261
aeroplane 0.0348 77 137 314 204
aeroplane 0.0340 33 100 495 333
aeroplane 0.0237 0 99 19 127
aeroplane 0.0231 233 140 313 199
aeroplane 0.0228 436 312 500 333
aeroplane 0.0215 2 103 31 123
aeroplane 0.0213 67 106 277 169
bird 0.7882 244 139 303 182
bird 0.7209 63 108 121 142
bird 0.0825 67 112 97 142
bird 0.0802 37 105 134 147
bird 0.0716 88 109 118 137
bird 0.0696 64 104 120 127
bird 0.0678 65 121 115 141
bird 0.0653 247 140 274 170
bird 0.0572 246 145 280 182
bird 0.0559 234 99 303 184
bird 0.0459 248 140 293 158
bird 0.0455 54 74 121 143
bird 0.0447 69 107 178 151
bird 0.0442 261 143 304 172
bird 0.0436 239 134 345 181
bird 0.0423 63 123 91 142
bird 0.0421 237 136 308 219
bird 0.0397 72 105 112 119
bird 0.0384 80 125 312 190
bird 0.0368 96 116 121 139
bird 0.0354 196 135 312 183
bird 0.0353 65 108 88 130
bird 0.0347 23 12 500 287
bird 0.0314 82 124 122 140
bird 0.0312 63 132 106 144
bird 0.0310 60 29 141 139
bird 0.0306 242 158 299 183
bird 0.0293 191 0 500 225
bird 0.0287 251 139 274 152
bird 0.0284 91 106 120 122
bird 0.0279 69 106 95 121
bird 0.0277 252 137 289 150
bird 0.0266 58 105 230 162
bird 0.0266 62 105 127 171
bird 0.0265 225 135 290 176
bird 0.0265 250 138 289 171
bird 0.0262 244 140 271 158
bird 0.0251 76 117 122 135
bird 0.0244 265 140 301 160
bird 0.0242 245 134 306 162
bird 0.0234 99 110 121 130
bird 0.0229 243 132 417 185
bird 0.0221 75 129 119 144
bird 0.0205 64 122 80 140
bird 0.0204 2 89 127 143
bird 0.0204 27 49 126 138
bird 0.0204 66 130 79 143
bird 0.0204 65 77 198 150
bird 0.0203 169 107 301 177
bird 0.0203 85 119 118 149
bird 0.0202 69 110 84 123
car 0.0204 0 228 19 268
cat 0.0314 0 0 400 191
cat 0.0255 0 0 467 333
dog 0.0380 21 0 357 198
dog 0.0217 49 5 500 291
person 0.0532 38 40 122 141
person 0.0454 11 4 441 301
person 0.0278 11 8 170 256
person 0.0274 8 117 343 323
person 0.0214 0 82 89 333
person 0.0202 3 108 224 273
sofa 0.0265 0 0 496 333
train 0.0240 378 315 500 333
