bicycle 0.0274 197 172 243 214
bird 0.0328 174 369 312 465
bird 0.0322 73 9 320 272
bird 0.0282 258 424 302 463
bird 0.0268 137 338 330 477
bird 0.0256 181 412 312 474
bird 0.0236 211 302 315 463
bird 0.0230 108 65 315 417
bird 0.0217 184 313 212 336
bird 0.0203 169 312 215 350
boat 0.0261 184 218 255 270
boat 0.0234 186 153 253 255
bottle 0.0381 80 200 294 435
bottle 0.0271 74 38 86 84
bottle 0.0236 189 151 246 268
bottle 0.0218 170 283 266 396
bottle 0.0216 149 226 281 374
bottle 0.0212 73 9 98 83
bottle 0.0207 158 90 300 376
bottle 0.0207 32 0 85 180
bottle 0.0205 176 210 262 313
bottle 0.0205 292 45 310 145
cat 0.1215 18 227 310 476
cat 0.0468 141 330 319 474
cat 0.0364 164 397 295 467
cat 0.0282 9 10 330 437
cat 0.0277 168 219 314 467
cow 0.0274 63 3 323 244
diningtable 0.0372 143 154 252 230
diningtable 0.0324 95 214 279 323
diningtable 0.0293 103 182 271 277
diningtable 0.0258 111 106 279 231
dog 0.0909 205 137 237 183
dog 0.0249 258 420 299 461
dog 0.0230 199 401 311 467
dog 0.0217 204 182 242 213
horse 0.0214 0 237 328 500
person 0.4896 203 133 241 211
person 0.0884 206 137 239 177
person 0.0669 179 132 252 215
person 0.0604 22 0 112 225
person 0.0586 207 148 230 212
person 0.0555 7 0 321 457
person 0.0502 215 125 244 198
person 0.0460 205 140 223 182
person 0.0431 224 133 242 187
person 0.0430 9 0 108 386
person 0.0375 201 161 244 227
person 0.0339 206 136 234 158
person 0.0326 14 0 217 298
person 0.0305 0 318 15 363
person 0.0301 214 140 234 194
person 0.0299 142 117 249 227
person 0.0296 227 108 255 187
person 0.0283 203 146 217 187
person 0.0281 0 439 12 494
person 0.0279 205 106 261 204
person 0.0277 23 221 32 275
person 0.0275 220 126 240 173
person 0.0255 205 166 222 210
person 0.0247 209 172 238 213
person 0.0243 188 137 225 214
person 0.0241 224 132 238 164
person 0.0232 22 25 79 273
person 0.0226 199 131 286 219
person 0.0221 216 135 242 160
person 0.0211 0 327 29 428
person 0.0205 0 402 15 495
person 0.0200 224 156 242 207
person 0.0200 182 123 239 187
pottedplant 0.1061 146 91 167 171
pottedplant 0.1055 228 111 242 154
pottedplant 0.0907 126 310 309 469
pottedplant 0.0892 228 102 249 162
pottedplant 0.0797 163 121 172 170
pottedplant 0.0738 137 125 148 169
pottedplant 0.0679 143 51 172 172
pottedplant 0.0641 277 13 313 185
pottedplant 0.0632 148 116 164 168
pottedplant 0.0631 165 120 177 170
pottedplant 0.0617 140 114 151 168
pottedplant 0.0579 239 75 265 168
pottedplant 0.0568 226 117 239 145
pottedplant 0.0550 18 174 317 497
pottedplant 0.0548 145 119 158 169
pottedplant 0.0546 138 99 156 170
pottedplant 0.0530 156 119 168 170
pottedplant 0.0525 216 109 248 157
pottedplant 0.0520 231 77 254 164
pottedplant 0.0519 159 106 176 170
pottedplant 0.0511 158 312 283 424
pottedplant 0.0502 30 0 122 228
pottedplant 0.0499 193 108 250 207
pottedplant 0.0498 82 277 156 334
pottedplant 0.0486 6 327 284 469
pottedplant 0.0469 227 129 237 153
pottedplant 0.0447 236 111 250 161
pottedplant 0.0446 58 244 227 352
pottedplant 0.0433 308 132 325 176
pottedplant 0.0432 275 90 295 180
pottedplant 0.0430 233 18 272 174
pottedplant 0.0426 98 0 263 201
pottedplant 0.0423 214 80 248 186
pottedplant 0.0417 66 288 202 365
pottedplant 0.0415 64 310 262 411
pottedplant 0.0408 223 118 240 163
pottedplant 0.0401 124 135 249 216
pottedplant 0.0397 44 0 182 188
pottedplant 0.0396 150 325 251 402
pottedplant 0.0389 89 422 195 491
pottedplant 0.0388 112 278 148 321
pottedplant 0.0377 245 91 272 173
pottedplant 0.0377 44 262 283 391
pottedplant 0.0374 26 0 108 88
pottedplant 0.0356 156 362 294 466
pottedplant 0.0353 96 158 232 241
pottedplant 0.0352 32 369 238 479
pottedplant 0.0350 130 120 153 170
pottedplant 0.0350 241 105 258 169
pottedplant 0.0349 73 222 205 314
pottedplant 0.0348 224 57 265 188
pottedplant 0.0348 156 72 178 173
pottedplant 0.0344 132 129 145 167
pottedplant 0.0343 140 66 250 213
pottedplant 0.0341 77 0 140 158
pottedplant 0.0338 89 292 180 344
pottedplant 0.0329 107 13 164 176
pottedplant 0.0328 169 119 183 169
pottedplant 0.0322 211 116 239 148
pottedplant 0.0321 265 120 278 170
pottedplant 0.0320 146 0 182 176
pottedplant 0.0318 147 320 226 378
pottedplant 0.0314 219 121 233 141
pottedplant 0.0313 304 72 326 182
pottedplant 0.0311 45 13 326 433
pottedplant 0.0309 184 250 316 481
pottedplant 0.0307 221 126 243 147
pottedplant 0.0306 87 267 145 313
pottedplant 0.0301 98 111 272 234
pottedplant 0.0299 57 197 273 339
pottedplant 0.0299 153 78 169 156
pottedplant 0.0299 253 15 297 178
pottedplant 0.0297 193 62 278 209
pottedplant 0.0296 78 186 207 277
pottedplant 0.0291 187 0 302 223
pottedplant 0.0286 290 46 317 176
pottedplant 0.0284 133 83 180 175
pottedplant 0.0282 204 120 244 167
pottedplant 0.0281 168 98 190 173
pottedplant 0.0273 234 110 268 174
pottedplant 0.0271 279 91 307 184
pottedplant 0.0267 111 295 157 329
pottedplant 0.0263 262 91 284 175
pottedplant 0.0263 174 322 238 372
pottedplant 0.0263 239 0 317 201
pottedplant 0.0262 117 66 191 192
pottedplant 0.0261 274 33 297 164
pottedplant 0.0260 292 0 327 185
pottedplant 0.0259 99 448 187 494
pottedplant 0.0258 86 134 202 217
pottedplant 0.0258 163 100 172 155
pottedplant 0.0255 135 112 150 153
pottedplant 0.0255 225 109 246 140
pottedplant 0.0255 116 98 163 171
pottedplant 0.0254 149 340 214 388
pottedplant 0.0251 48 315 188 390
pottedplant 0.0249 217 130 233 148
pottedplant 0.0247 21 250 144 349
pottedplant 0.0246 156 291 276 381
pottedplant 0.0246 138 121 177 168
pottedplant 0.0246 78 240 135 307
pottedplant 0.0245 106 296 246 368
pottedplant 0.0245 273 118 290 178
pottedplant 0.0244 75 228 146 361
pottedplant 0.0244 117 339 260 439
pottedplant 0.0242 19 219 199 382
pottedplant 0.0241 60 0 114 107
pottedplant 0.0238 168 314 229 357
pottedplant 0.0237 210 2 253 171
pottedplant 0.0237 154 114 170 153
pottedplant 0.0236 233 106 252 146
pottedplant 0.0236 38 199 161 342
pottedplant 0.0234 20 0 112 42
pottedplant 0.0233 34 0 77 84
pottedplant 0.0227 204 126 235 155
pottedplant 0.0227 231 124 245 168
pottedplant 0.0225 109 219 284 484
pottedplant 0.0225 291 100 319 187
pottedplant 0.0222 100 309 196 359
pottedplant 0.0222 246 279 313 460
pottedplant 0.0221 223 97 237 147
pottedplant 0.0221 124 107 242 192
pottedplant 0.0221 174 87 233 215
pottedplant 0.0220 202 302 304 443
pottedplant 0.0220 148 102 165 145
pottedplant 0.0220 167 316 238 444
pottedplant 0.0216 118 278 143 308
pottedplant 0.0215 53 148 267 275
pottedplant 0.0213 223 132 245 159
pottedplant 0.0213 228 82 243 149
pottedplant 0.0212 64 350 203 442
pottedplant 0.0211 179 212 255 272
pottedplant 0.0211 227 112 234 138
pottedplant 0.0210 139 21 164 161
pottedplant 0.0210 146 46 203 208
pottedplant 0.0209 230 84 283 179
pottedplant 0.0209 127 139 149 167
pottedplant 0.0208 309 128 329 197
pottedplant 0.0208 87 102 185 188
pottedplant 0.0208 65 303 161 357
pottedplant 0.0208 91 279 134 321
pottedplant 0.0207 305 3 328 146
pottedplant 0.0207 221 116 232 136
pottedplant 0.0207 213 124 228 141
pottedplant 0.0206 144 103 159 143
pottedplant 0.0206 255 110 277 174
pottedplant 0.0206 220 133 231 152
pottedplant 0.0205 108 377 259 468
pottedplant 0.0202 298 124 323 188
pottedplant 0.0202 114 217 195 269
pottedplant 0.0200 198 228 257 280
pottedplant 0.0200 82 60 150 193
sofa 0.0264 0 79 321 471
train 0.0420 0 265 324 500
tvmonitor 0.0333 13 165 330 500
