bird 0.0484 75 200 333 331
bird 0.0432 0 60 155 322
bird 0.0368 128 253 285 334
bird 0.0340 108 220 260 313
bird 0.0268 91 175 282 300
bottle 0.0621 0 181 142 322
bottle 0.0412 0 231 98 313
bottle 0.0311 166 279 256 330
bottle 0.0282 187 266 333 336
bottle 0.0254 0 164 76 295
bottle 0.0242 48 216 170 310
bottle 0.0240 74 175 158 297
bottle 0.0228 0 248 62 303
bottle 0.0221 20 248 151 333
bottle 0.0214 53 163 134 314
bottle 0.0210 96 253 241 336
cat 0.5604 0 0 333 365
cat 0.1740 0 14 181 317
cat 0.1424 0 0 148 206
cat 0.0713 57 4 296 164
cat 0.0672 225 0 331 344
cat 0.0529 39 7 173 166
cat 0.0514 3 14 70 197
cat 0.0405 80 0 245 270
cat 0.0371 101 5 260 91
cat 0.0361 172 0 329 205
cat 0.0353 0 107 134 380
cat 0.0340 148 68 332 332
cat 0.0324 76 99 297 297
cat 0.0319 0 193 211 373
cat 0.0311 68 170 319 356
cat 0.0308 12 72 126 185
cat 0.0296 20 0 215 113
cat 0.0290 82 5 144 79
cat 0.0264 166 3 319 96
cat 0.0256 66 0 163 113
cat 0.0249 0 0 123 120
cat 0.0241 78 21 161 240
cat 0.0221 272 0 330 175
dog 0.3530 7 0 331 363
dog 0.1191 123 197 331 336
dog 0.0958 0 0 121 314
dog 0.0664 187 244 329 336
dog 0.0512 198 83 333 338
dog 0.0474 0 8 101 193
dog 0.0441 1 47 64 267
dog 0.0440 21 153 333 452
dog 0.0345 0 86 122 243
dog 0.0304 90 110 328 314
dog 0.0204 249 210 333 334
person 0.0812 0 11 118 321
person 0.0626 0 170 113 325
person 0.0487 1 94 67 307
person 0.0250 169 278 263 331
person 0.0243 80 245 287 341
person 0.0227 0 56 262 500
person 0.0224 315 259 333 342
person 0.0224 6 50 87 266
person 0.0221 0 107 26 199
person 0.0203 54 211 236 317
pottedplant 0.0418 0 229 96 314
pottedplant 0.0290 0 175 77 306
pottedplant 0.0274 0 162 125 349
pottedplant 0.0247 0 34 173 500
sofa 0.0201 11 173 333 500
