aeroplane 0.0309 0 0 500 312
bottle 0.0797 88 60 110 90
bottle 0.0675 78 60 101 89
bottle 0.0613 81 58 114 100
bottle 0.0542 70 63 90 90
bottle 0.0448 67 55 103 92
bottle 0.0273 103 60 120 93
bottle 0.0268 71 68 111 88
bottle 0.0245 96 56 114 88
bottle 0.0233 270 317 313 334
chair 0.4198 103 87 155 147
chair 0.3294 95 88 139 138
chair 0.2807 70 102 105 143
chair 0.2146 120 85 160 127
chair 0.2104 85 96 124 141
chair 0.2103 120 95 166 152
chair 0.1774 236 137 277 196
chair 0.1635 141 103 176 151
chair 0.1591 76 81 133 144
chair 0.1564 106 96 147 132
chair 0.1542 106 83 135 120
chair 0.1504 94 100 117 135
chair 0.1495 63 79 112 142
chair 0.1437 137 118 167 153
chair 0.1394 146 98 172 129
chair 0.1357 294 269 399 334
chair 0.1325 109 85 151 114
chair 0.1262 91 86 122 128
chair 0.1250 84 63 152 140
chair 0.1244 118 117 174 156
chair 0.1192 127 86 158 109
chair 0.1136 70 93 159 155
chair 0.1069 66 94 98 133
chair 0.1066 91 111 151 156
chair 0.1044 68 39 132 138
chair 0.1041 142 91 162 124
chair 0.0988 84 103 109 136
chair 0.0973 132 91 156 126
chair 0.0968 143 106 165 141
chair 0.0959 113 109 156 146
chair 0.0938 114 90 139 125
chair 0.0913 110 82 132 106
chair 0.0895 101 94 182 181
chair 0.0873 378 236 500 335
chair 0.0868 97 88 130 115
chair 0.0861 133 113 157 149
chair 0.0826 358 203 442 251
chair 0.0814 38 199 147 275
chair 0.0809 66 47 109 123
chair 0.0808 175 90 207 113
chair 0.0798 217 139 271 212
chair 0.0792 211 264 443 335
chair 0.0791 124 100 147 131
chair 0.0784 165 90 207 149
chair 0.0782 145 128 169 153
chair 0.0777 172 105 215 172
chair 0.0761 150 119 180 153
chair 0.0741 90 119 188 233
chair 0.0736 96 68 130 120
chair 0.0728 114 107 140 136
chair 0.0722 138 118 192 157
chair 0.0706 65 100 85 130
chair 0.0702 87 124 175 171
chair 0.0692 81 64 116 128
chair 0.0688 89 95 110 127
chair 0.0685 133 90 192 153
chair 0.0678 59 98 203 261
chair 0.0670 124 111 148 145
chair 0.0652 104 105 141 146
chair 0.0651 93 84 116 112
chair 0.0636 99 107 123 139
chair 0.0626 135 87 176 125
chair 0.0617 73 78 123 116
chair 0.0607 116 101 177 132
chair 0.0604 101 76 159 121
chair 0.0585 133 105 160 127
chair 0.0570 208 141 253 204
chair 0.0566 152 138 243 252
chair 0.0553 158 129 178 153
chair 0.0551 62 116 118 156
chair 0.0550 243 138 292 212
chair 0.0548 99 108 141 128
chair 0.0547 39 33 117 142
chair 0.0540 61 138 269 281
chair 0.0534 55 74 95 134
chair 0.0529 12 126 138 277
chair 0.0523 60 98 75 129
chair 0.0520 46 122 168 186
chair 0.0512 122 98 212 170
chair 0.0501 154 122 207 153
chair 0.0501 78 104 127 157
chair 0.0500 155 107 178 139
chair 0.0495 57 98 94 147
chair 0.0494 77 99 100 130
chair 0.0479 59 111 181 164
chair 0.0479 11 153 84 277
chair 0.0477 273 188 446 248
chair 0.0476 102 237 431 331
chair 0.0473 81 85 140 110
chair 0.0471 241 138 268 178
chair 0.0469 278 229 421 335
chair 0.0469 90 67 117 109
chair 0.0468 169 130 183 153
chair 0.0467 351 198 447 307
chair 0.0461 133 132 193 167
chair 0.0460 26 100 85 139
chair 0.0458 150 107 212 208
chair 0.0453 73 102 121 128
chair 0.0453 155 91 202 126
chair 0.0449 142 108 173 124
chair 0.0443 42 101 112 149
chair 0.0442 102 126 159 150
chair 0.0441 123 143 196 246
chair 0.0439 282 110 359 208
chair 0.0431 393 207 444 243
chair 0.0428 100 83 144 105
chair 0.0426 169 130 221 209
chair 0.0424 58 134 152 169
chair 0.0423 251 203 438 270
chair 0.0422 108 118 158 167
chair 0.0421 246 155 366 233
chair 0.0416 191 183 452 319
chair 0.0416 298 276 494 333
chair 0.0414 118 109 157 127
chair 0.0413 52 91 84 135
chair 0.0408 149 271 359 332
chair 0.0408 37 56 178 218
chair 0.0403 79 199 254 302
chair 0.0401 228 168 407 265
chair 0.0394 86 93 133 120
chair 0.0394 156 121 247 200
chair 0.0394 208 161 247 221
chair 0.0393 148 91 172 119
chair 0.0391 55 98 129 175
chair 0.0389 0 81 34 136
chair 0.0381 182 149 280 238
chair 0.0376 145 196 259 279
chair 0.0375 181 139 241 212
chair 0.0374 117 170 190 277
chair 0.0372 105 60 134 109
chair 0.0365 123 73 162 112
chair 0.0364 164 105 187 145
chair 0.0363 1 104 19 138
chair 0.0363 162 128 204 186
chair 0.0360 33 164 118 272
chair 0.0359 8 84 78 138
chair 0.0358 62 85 104 113
chair 0.0357 157 100 240 172
chair 0.0355 413 266 499 334
chair 0.0354 165 125 188 155
chair 0.0350 107 115 148 135
chair 0.0349 360 202 436 228
chair 0.0349 150 74 217 152
chair 0.0345 144 158 304 266
chair 0.0344 341 168 444 241
chair 0.0344 23 136 142 215
chair 0.0343 220 136 324 215
chair 0.0341 88 52 181 157
chair 0.0340 148 145 205 228
chair 0.0338 105 79 207 144
chair 0.0337 257 142 312 216
chair 0.0336 95 134 190 190
chair 0.0326 350 160 385 223
chair 0.0324 67 22 109 79
chair 0.0324 47 96 73 131
chair 0.0319 6 119 104 206
chair 0.0317 100 176 376 313
chair 0.0315 238 120 309 199
chair 0.0314 217 177 330 254
chair 0.0311 63 91 85 120
chair 0.0310 2 97 50 137
chair 0.0309 138 137 188 190
chair 0.0309 85 166 218 265
chair 0.0308 216 171 258 227
chair 0.0308 64 103 95 122
chair 0.0307 323 200 436 238
chair 0.0306 62 67 117 109
chair 0.0306 11 43 95 161
chair 0.0304 152 97 178 122
chair 0.0304 261 158 347 210
chair 0.0303 89 193 173 283
chair 0.0303 202 135 260 179
chair 0.0301 125 93 163 116
chair 0.0301 215 137 281 173
chair 0.0296 2 132 75 234
chair 0.0295 141 124 178 146
chair 0.0294 238 221 385 310
chair 0.0292 377 213 447 263
chair 0.0292 111 69 130 100
chair 0.0292 0 40 126 240
chair 0.0292 94 117 120 142
chair 0.0291 117 123 160 144
chair 0.0290 37 162 177 234
chair 0.0289 8 112 83 145
chair 0.0287 228 163 286 213
chair 0.0286 122 129 154 153
chair 0.0286 258 126 400 218
chair 0.0285 383 235 490 280
chair 0.0285 0 125 53 285
chair 0.0282 99 61 123 102
chair 0.0282 90 119 144 144
chair 0.0282 0 84 14 143
chair 0.0281 66 127 141 151
chair 0.0278 169 91 194 111
chair 0.0278 128 84 185 111
chair 0.0278 61 97 107 121
chair 0.0278 185 135 225 195
chair 0.0276 0 53 47 140
chair 0.0276 190 122 280 196
chair 0.0276 147 132 185 156
chair 0.0275 135 239 273 322
chair 0.0275 128 113 165 130
chair 0.0275 208 186 249 237
chair 0.0274 117 117 142 151
chair 0.0274 89 103 124 123
chair 0.0273 246 168 304 213
chair 0.0272 6 94 110 175
chair 0.0270 9 113 43 134
chair 0.0267 162 94 189 131
chair 0.0263 75 93 104 114
chair 0.0263 167 93 184 121
chair 0.0263 253 259 366 335
chair 0.0262 99 111 129 152
chair 0.0261 64 131 117 149
chair 0.0261 262 138 291 200
chair 0.0260 1 116 34 137
chair 0.0259 114 80 140 99
chair 0.0257 57 86 77 126
chair 0.0256 12 80 131 140
chair 0.0255 73 100 109 116
chair 0.0255 358 195 415 241
chair 0.0254 156 92 180 116
chair 0.0253 33 231 178 312
chair 0.0253 152 107 211 143
chair 0.0251 167 104 183 133
chair 0.0250 84 88 120 105
chair 0.0250 338 153 398 239
chair 0.0249 126 119 165 139
chair 0.0248 348 256 455 335
chair 0.0247 239 150 312 246
chair 0.0245 309 299 412 333
chair 0.0245 138 104 190 130
chair 0.0243 359 178 403 230
chair 0.0242 139 86 161 105
chair 0.0241 42 210 99 275
chair 0.0241 128 198 202 261
chair 0.0240 469 279 500 335
chair 0.0239 170 83 216 132
chair 0.0238 68 116 85 145
chair 0.0238 284 295 371 333
chair 0.0237 140 179 192 241
chair 0.0236 164 219 297 308
chair 0.0236 93 36 132 101
chair 0.0236 55 106 78 132
chair 0.0235 168 139 189 156
chair 0.0234 0 118 80 330
chair 0.0233 376 205 468 291
chair 0.0231 219 172 295 229
chair 0.0230 110 209 164 278
chair 0.0230 292 163 397 231
chair 0.0230 203 134 220 153
chair 0.0229 221 143 253 185
chair 0.0229 101 77 127 99
chair 0.0229 54 28 111 107
chair 0.0229 245 183 307 227
chair 0.0227 32 86 72 132
chair 0.0226 53 98 69 125
chair 0.0226 318 267 376 326
chair 0.0225 254 143 280 195
chair 0.0225 216 157 244 196
chair 0.0225 145 89 174 103
chair 0.0224 0 177 175 288
chair 0.0223 29 128 123 175
chair 0.0223 10 120 57 135
chair 0.0222 64 108 90 138
chair 0.0220 362 152 396 217
chair 0.0219 352 216 417 248
chair 0.0218 212 256 325 335
chair 0.0218 79 115 114 143
chair 0.0217 194 179 271 295
chair 0.0217 194 158 234 222
chair 0.0216 103 59 159 105
chair 0.0215 98 223 199 292
chair 0.0215 173 153 216 224
chair 0.0215 61 70 91 112
chair 0.0214 11 113 70 133
chair 0.0213 367 190 500 251
chair 0.0213 315 175 419 268
chair 0.0212 248 187 335 239
chair 0.0212 322 108 463 304
chair 0.0211 189 207 377 269
chair 0.0211 88 19 163 133
chair 0.0210 81 268 293 330
chair 0.0209 430 222 500 328
chair 0.0209 103 77 155 100
chair 0.0209 21 121 88 160
chair 0.0209 36 107 68 128
chair 0.0208 178 129 233 171
chair 0.0208 67 128 96 147
chair 0.0207 167 189 251 241
chair 0.0207 83 121 126 148
chair 0.0207 41 154 210 335
chair 0.0206 74 126 128 173
chair 0.0206 51 253 239 312
chair 0.0205 59 111 75 138
chair 0.0205 208 116 244 170
chair 0.0205 246 186 352 295
chair 0.0203 5 96 28 134
chair 0.0202 251 166 328 199
chair 0.0202 166 138 207 163
diningtable 0.1290 96 91 191 149
diningtable 0.1150 132 98 201 154
diningtable 0.0742 55 88 157 141
diningtable 0.0606 83 111 208 162
diningtable 0.0480 36 64 125 138
diningtable 0.0457 125 90 194 131
diningtable 0.0404 39 100 126 140
diningtable 0.0356 79 54 188 148
diningtable 0.0353 130 89 243 147
diningtable 0.0334 63 127 206 174
diningtable 0.0323 136 112 225 176
diningtable 0.0309 220 125 345 182
diningtable 0.0304 189 110 309 166
diningtable 0.0295 181 131 304 187
diningtable 0.0284 21 105 144 152
diningtable 0.0266 178 92 311 149
diningtable 0.0265 113 131 210 168
diningtable 0.0260 154 101 214 146
diningtable 0.0259 50 63 167 125
diningtable 0.0252 160 143 277 203
diningtable 0.0235 56 116 308 217
diningtable 0.0229 164 116 258 189
diningtable 0.0211 113 101 275 173
diningtable 0.0207 108 138 245 187
diningtable 0.0206 47 68 259 165
person 0.1159 392 234 498 333
person 0.0793 70 60 91 88
person 0.0695 72 59 111 89
person 0.0427 447 242 499 335
person 0.0402 279 53 294 76
person 0.0349 318 68 331 86
person 0.0347 44 16 500 335
person 0.0341 253 314 306 335
person 0.0327 0 0 186 327
person 0.0314 89 56 109 88
person 0.0282 458 282 500 335
person 0.0279 283 55 298 73
person 0.0271 64 19 146 130
person 0.0261 67 52 84 85
person 0.0248 294 59 306 76
person 0.0242 302 66 315 80
person 0.0232 313 71 325 86
person 0.0227 457 231 500 303
person 0.0220 144 8 156 28
person 0.0217 299 107 334 151
person 0.0213 140 11 152 28
person 0.0208 293 127 320 159
person 0.0200 299 60 315 76
pottedplant 0.5363 174 104 213 152
pottedplant 0.1710 179 123 203 153
pottedplant 0.1309 305 8 344 36
pottedplant 0.0997 175 91 207 129
pottedplant 0.0964 176 90 205 111
pottedplant 0.0871 166 94 219 165
pottedplant 0.0731 168 119 183 149
pottedplant 0.0715 196 110 215 146
pottedplant 0.0672 268 312 305 335
pottedplant 0.0632 159 112 205 152
pottedplant 0.0539 166 110 189 148
pottedplant 0.0478 184 107 214 136
pottedplant 0.0445 66 41 105 89
pottedplant 0.0384 172 109 198 143
pottedplant 0.0373 200 129 216 154
pottedplant 0.0343 191 125 216 149
pottedplant 0.0322 195 105 224 153
pottedplant 0.0306 183 99 213 125
pottedplant 0.0305 167 123 219 154
pottedplant 0.0297 90 34 171 140
pottedplant 0.0296 203 120 220 147
pottedplant 0.0292 171 133 205 150
pottedplant 0.0282 206 300 308 333
pottedplant 0.0282 188 284 330 333
pottedplant 0.0277 279 5 354 39
pottedplant 0.0277 29 18 128 134
pottedplant 0.0277 173 110 211 128
pottedplant 0.0271 198 100 215 131
pottedplant 0.0268 64 60 102 108
pottedplant 0.0265 122 62 200 150
pottedplant 0.0257 245 306 304 335
pottedplant 0.0255 178 140 205 162
pottedplant 0.0245 137 101 227 155
pottedplant 0.0239 0 0 49 18
pottedplant 0.0226 65 7 111 72
pottedplant 0.0223 1 0 29 23
pottedplant 0.0220 171 96 199 121
pottedplant 0.0219 67 58 93 82
pottedplant 0.0216 173 103 211 120
pottedplant 0.0211 324 9 347 36
pottedplant 0.0209 167 91 217 118
pottedplant 0.0206 38 0 106 86
pottedplant 0.0205 186 125 208 159
sofa 0.6405 27 132 191 274
sofa 0.4088 292 229 497 335
sofa 0.1861 114 211 500 335
sofa 0.1545 22 157 367 294
sofa 0.1272 273 269 432 332
sofa 0.0948 55 100 172 219
sofa 0.0902 269 197 462 314
sofa 0.0824 93 99 192 172
sofa 0.0783 0 173 207 318
sofa 0.0757 367 206 478 303
sofa 0.0748 201 247 445 330
sofa 0.0673 18 107 275 335
sofa 0.0587 357 200 443 265
sofa 0.0578 20 192 170 276
sofa 0.0514 40 134 280 243
sofa 0.0507 64 171 234 284
sofa 0.0484 379 233 500 317
sofa 0.0470 256 184 457 261
sofa 0.0444 8 220 296 322
sofa 0.0438 22 59 149 158
sofa 0.0419 83 113 220 220
sofa 0.0415 39 146 189 223
sofa 0.0413 354 156 491 335
sofa 0.0406 246 153 420 244
sofa 0.0402 240 125 376 217
sofa 0.0396 0 88 490 310
sofa 0.0383 24 104 165 169
sofa 0.0376 345 172 453 298
sofa 0.0371 348 188 477 248
sofa 0.0357 63 81 203 155
sofa 0.0330 373 209 467 256
sofa 0.0323 160 131 295 229
sofa 0.0314 57 227 222 286
sofa 0.0294 5 95 208 195
sofa 0.0291 138 174 450 274
sofa 0.0286 132 143 261 212
sofa 0.0275 380 221 484 267
sofa 0.0272 204 145 352 210
sofa 0.0271 316 158 456 251
sofa 0.0271 117 157 327 241
sofa 0.0267 202 167 361 230
sofa 0.0253 21 250 207 311
sofa 0.0218 136 91 255 182
sofa 0.0217 0 51 182 294
sofa 0.0214 217 114 323 232
sofa 0.0205 268 123 442 294
tvmonitor 0.8285 288 104 356 168
tvmonitor 0.3212 474 224 499 254
tvmonitor 0.1580 449 221 498 254
tvmonitor 0.0825 284 69 365 163
tvmonitor 0.0807 423 222 496 268
tvmonitor 0.0694 463 223 487 251
tvmonitor 0.0683 64 30 114 117
tvmonitor 0.0625 248 104 363 189
tvmonitor 0.0597 400 227 500 301
tvmonitor 0.0562 74 58 113 92
tvmonitor 0.0547 278 119 293 155
tvmonitor 0.0515 306 105 359 149
tvmonitor 0.0478 437 219 486 249
tvmonitor 0.0456 381 212 491 263
tvmonitor 0.0448 459 222 498 279
tvmonitor 0.0409 296 110 339 151
tvmonitor 0.0399 348 142 365 171
tvmonitor 0.0374 293 111 389 188
tvmonitor 0.0373 212 181 248 221
tvmonitor 0.0361 326 109 355 150
tvmonitor 0.0349 190 149 224 207
tvmonitor 0.0340 73 21 145 132
tvmonitor 0.0333 269 130 377 210
tvmonitor 0.0322 467 209 499 259
tvmonitor 0.0318 468 221 496 244
tvmonitor 0.0312 65 22 112 81
tvmonitor 0.0307 281 112 326 155
tvmonitor 0.0290 274 110 314 168
tvmonitor 0.0289 467 235 500 256
tvmonitor 0.0288 294 112 320 144
tvmonitor 0.0277 85 43 117 94
tvmonitor 0.0274 95 55 124 103
tvmonitor 0.0272 226 96 348 154
tvmonitor 0.0272 274 115 297 166
tvmonitor 0.0264 341 133 369 175
tvmonitor 0.0254 327 81 396 182
tvmonitor 0.0245 285 136 362 172
tvmonitor 0.0245 285 123 348 159
tvmonitor 0.0240 446 229 481 252
tvmonitor 0.0236 315 122 357 169
tvmonitor 0.0234 252 120 343 172
tvmonitor 0.0232 350 134 364 161
tvmonitor 0.0230 349 107 388 176
tvmonitor 0.0228 299 109 350 136
tvmonitor 0.0228 140 8 152 31
tvmonitor 0.0227 266 56 387 186
tvmonitor 0.0224 334 119 355 146
tvmonitor 0.0220 105 54 134 107
tvmonitor 0.0218 192 103 282 174
tvmonitor 0.0216 481 217 499 244
tvmonitor 0.0212 356 88 430 222
tvmonitor 0.0210 195 188 217 216
tvmonitor 0.0207 359 93 403 187
tvmonitor 0.0206 319 79 443 197
tvmonitor 0.0205 330 12 464 251
tvmonitor 0.0204 197 191 244 220
tvmonitor 0.0204 337 107 366 169
tvmonitor 0.0203 409 208 481 250
tvmonitor 0.0203 320 106 357 133
tvmonitor 0.0202 330 110 351 132
tvmonitor 0.0201 281 115 300 151
