bottle 0.0253 295 116 359 173
car 0.0519 287 117 358 171
car 0.0259 283 75 369 174
cat 0.7995 32 75 299 491
cat 0.0382 73 340 325 492
cat 0.0339 88 95 279 371
cat 0.0326 138 102 331 444
cat 0.0316 192 70 299 401
cat 0.0283 99 98 250 199
cat 0.0245 22 10 270 321
cat 0.0239 15 284 273 500
chair 0.2834 231 8 375 485
chair 0.2296 24 25 345 497
chair 0.0808 239 6 375 236
chair 0.0723 193 18 338 402
chair 0.0620 220 276 375 500
chair 0.0587 249 97 373 305
chair 0.0515 295 53 375 380
chair 0.0493 276 144 375 500
chair 0.0442 207 352 336 500
chair 0.0427 308 11 375 180
chair 0.0406 132 159 375 486
chair 0.0346 255 81 375 182
chair 0.0307 231 402 367 497
chair 0.0303 197 0 292 246
chair 0.0299 338 0 375 199
chair 0.0296 146 282 319 497
chair 0.0263 276 322 361 500
chair 0.0261 313 275 375 500
chair 0.0257 280 137 358 339
chair 0.0252 227 24 313 286
chair 0.0249 232 0 296 183
chair 0.0247 250 21 339 185
chair 0.0243 246 168 339 456
chair 0.0233 251 310 326 496
chair 0.0228 214 110 322 490
chair 0.0225 300 88 375 255
chair 0.0215 257 138 322 331
chair 0.0214 347 25 375 156
chair 0.0213 234 381 309 500
chair 0.0208 111 0 299 366
chair 0.0200 347 0 373 92
diningtable 0.0220 70 199 375 500
pottedplant 0.0225 325 343 374 500
tvmonitor 0.0364 285 92 369 175
tvmonitor 0.0274 294 119 354 167
tvmonitor 0.0213 308 47 374 192
