bicycle 0.0464 33 120 476 312
bus 0.0264 239 98 272 125
car 0.9453 69 122 445 269
car 0.1074 69 128 163 262
car 0.0735 69 113 252 275
car 0.0435 250 109 264 123
car 0.0429 47 122 123 264
car 0.0405 355 145 459 279
car 0.0369 0 2 410 254
car 0.0366 10 115 469 375
car 0.0364 74 172 93 204
car 0.0339 75 117 224 190
car 0.0320 92 118 349 208
car 0.0301 241 110 256 121
car 0.0299 239 101 269 125
car 0.0297 255 108 270 123
car 0.0292 253 121 453 278
car 0.0257 279 122 455 193
car 0.0245 246 113 269 125
car 0.0243 228 108 249 121
car 0.0237 225 100 253 125
car 0.0232 440 201 456 240
car 0.0223 235 113 257 125
car 0.0212 424 195 456 257
car 0.0208 332 134 463 229
car 0.0203 213 106 239 122
car 0.0200 210 95 249 123
dog 0.0500 64 22 459 297
dog 0.0255 24 96 422 375
person 0.0810 243 110 252 126
person 0.0809 226 135 248 169
person 0.0538 250 110 260 126
person 0.0538 238 109 246 126
person 0.0513 245 109 257 123
person 0.0472 76 100 90 141
person 0.0459 201 104 211 124
person 0.0450 75 171 92 201
person 0.0418 71 87 92 139
person 0.0400 218 133 245 160
person 0.0399 198 106 207 124
person 0.0360 300 171 318 190
person 0.0358 72 79 100 165
person 0.0356 208 131 248 172
person 0.0337 257 109 268 124
person 0.0336 159 136 178 173
person 0.0322 76 93 96 150
person 0.0317 81 82 99 121
person 0.0314 68 87 84 122
person 0.0310 214 135 237 174
person 0.0291 234 133 253 162
person 0.0272 25 29 444 320
person 0.0272 237 101 256 128
person 0.0266 220 135 251 190
person 0.0258 228 106 239 125
person 0.0248 206 102 219 124
person 0.0247 238 107 250 120
person 0.0234 165 134 185 166
person 0.0230 170 134 194 163
person 0.0227 182 128 248 159
person 0.0222 240 113 253 134
person 0.0222 73 153 93 199
person 0.0220 67 118 103 193
person 0.0214 230 100 249 128
person 0.0214 77 93 119 169
person 0.0212 235 105 245 120
person 0.0209 243 101 265 128
pottedplant 0.0333 69 82 97 137
pottedplant 0.0270 124 73 146 126
pottedplant 0.0223 460 67 499 130
sheep 0.0345 53 109 475 323
sofa 0.0405 46 64 477 298
sofa 0.0283 48 0 283 267
