bottle 0.0356 205 132 216 175
bottle 0.0313 131 133 182 193
bottle 0.0302 195 129 217 203
bottle 0.0287 123 124 189 237
bottle 0.0252 189 137 202 181
bottle 0.0244 138 125 197 178
bottle 0.0239 194 65 254 217
bottle 0.0230 191 131 210 188
bottle 0.0213 140 273 208 500
bottle 0.0212 133 313 151 416
bottle 0.0207 120 130 161 201
bottle 0.0206 136 104 179 174
bottle 0.0205 111 123 167 263
chair 0.0312 200 84 311 482
chair 0.0279 38 182 254 484
chair 0.0247 115 244 226 499
chair 0.0244 197 147 269 437
chair 0.0238 111 126 252 251
chair 0.0235 247 151 322 431
chair 0.0222 236 224 289 419
chair 0.0219 38 275 132 482
chair 0.0206 227 132 298 424
chair 0.0205 0 0 26 69
chair 0.0205 41 403 154 488
chair 0.0204 20 253 81 459
diningtable 0.0317 85 154 307 493
diningtable 0.0297 36 253 253 500
dog 0.0307 50 341 135 485
dog 0.0282 62 138 136 307
person 0.7919 109 6 246 485
person 0.5597 57 67 206 488
person 0.3385 54 110 141 488
person 0.1794 131 2 253 297
person 0.1166 2 3 274 451
person 0.0918 120 118 210 500
person 0.0742 65 130 153 357
person 0.0734 66 78 334 498
person 0.0699 150 87 270 494
person 0.0670 92 135 142 292
person 0.0630 89 80 224 363
person 0.0576 149 3 215 104
person 0.0503 199 38 213 81
person 0.0475 160 0 218 172
person 0.0460 93 0 247 179
person 0.0451 171 14 252 218
person 0.0446 122 300 156 500
person 0.0436 125 55 204 302
person 0.0436 89 125 168 252
person 0.0434 178 58 254 415
person 0.0405 87 134 167 471
person 0.0404 73 21 219 253
person 0.0374 101 132 161 335
person 0.0370 118 107 191 239
person 0.0366 128 10 203 207
person 0.0339 50 260 171 494
person 0.0332 8 120 107 470
person 0.0318 128 257 190 500
person 0.0315 4 0 45 69
person 0.0299 44 0 62 49
person 0.0299 125 130 186 355
person 0.0297 114 82 254 224
person 0.0296 185 1 215 86
person 0.0275 105 135 137 241
person 0.0270 155 0 191 90
person 0.0259 197 38 312 458
person 0.0248 158 32 171 101
person 0.0248 150 184 227 500
person 0.0247 0 0 15 51
person 0.0246 155 67 233 186
person 0.0245 313 0 333 50
person 0.0242 170 0 257 127
person 0.0242 180 73 238 227
person 0.0238 179 6 220 125
person 0.0238 53 113 146 272
person 0.0237 51 0 67 47
person 0.0234 149 7 175 100
person 0.0233 140 1 196 145
person 0.0232 132 315 151 431
person 0.0232 197 7 265 170
person 0.0231 36 0 55 48
person 0.0226 50 276 106 481
person 0.0222 138 113 219 219
person 0.0215 6 27 151 317
person 0.0213 70 80 204 208
person 0.0210 148 0 302 175
person 0.0206 166 33 219 92
person 0.0205 202 46 216 89
person 0.0204 99 317 145 497
sofa 0.1611 30 74 289 489
sofa 0.0249 85 100 261 277
tvmonitor 0.0220 0 0 25 58
