car 0.0256 2 113 90 148
car 0.0241 0 96 103 163
car 0.0207 1 76 88 140
cat 0.8628 0 81 400 322
cat 0.0703 313 105 478 334
cat 0.0578 11 93 218 327
cat 0.0487 254 113 394 318
cat 0.0379 5 78 320 194
cat 0.0371 5 119 91 247
cat 0.0367 142 118 369 309
cat 0.0305 0 93 163 215
cat 0.0286 74 81 273 150
cat 0.0274 0 101 123 334
cat 0.0257 24 13 405 202
cat 0.0240 117 0 476 334
cat 0.0232 58 203 388 314
cat 0.0214 169 248 360 310
cat 0.0213 283 117 376 264
cat 0.0202 1 209 162 334
chair 0.0376 9 0 458 334
chair 0.0284 332 96 491 334
diningtable 0.0308 0 22 500 314
tvmonitor 0.0373 0 70 221 213
tvmonitor 0.0315 3 76 179 157
tvmonitor 0.0256 3 10 357 188
tvmonitor 0.0235 0 88 116 181
tvmonitor 0.0201 0 56 278 150
