bicycle 0.0215 169 216 365 265
bus 0.1409 169 1 485 118
bus 0.0591 434 0 495 100
bus 0.0312 0 0 88 75
bus 0.0305 0 0 114 156
bus 0.0288 325 0 493 125
car 0.7364 0 34 150 148
car 0.5261 146 12 469 123
car 0.2816 33 18 326 130
car 0.1805 147 4 327 111
car 0.1592 180 56 339 125
car 0.1459 35 0 469 173
car 0.1090 0 25 24 64
car 0.1069 230 59 418 122
car 0.1064 9 0 147 99
car 0.1022 158 0 231 26
car 0.0986 1 5 80 63
car 0.0978 1 12 41 77
car 0.0970 152 0 242 85
car 0.0893 75 1 154 48
car 0.0860 0 35 54 81
car 0.0832 0 37 70 144
car 0.0819 0 44 21 90
car 0.0774 58 0 212 137
car 0.0772 175 0 270 23
car 0.0756 432 73 475 98
car 0.0736 8 2 136 54
car 0.0717 149 0 319 55
car 0.0716 0 17 95 95
car 0.0627 129 42 303 132
car 0.0624 130 31 242 116
car 0.0620 6 39 159 90
car 0.0612 1 44 45 126
car 0.0590 0 4 24 56
car 0.0581 190 0 286 15
car 0.0579 41 50 190 144
car 0.0548 434 0 493 101
car 0.0542 17 5 72 44
car 0.0536 147 25 219 81
car 0.0531 84 0 191 81
car 0.0519 0 20 31 50
car 0.0514 0 49 32 100
car 0.0492 0 33 89 57
car 0.0471 213 32 371 118
car 0.0455 0 12 23 105
car 0.0454 254 44 332 123
car 0.0452 4 0 44 51
car 0.0448 47 0 163 65
car 0.0423 0 42 93 66
car 0.0414 2 27 59 61
car 0.0408 165 0 219 17
car 0.0405 233 0 302 13
car 0.0397 20 31 67 46
car 0.0395 149 1 215 46
car 0.0392 159 0 194 24
car 0.0390 77 44 162 80
car 0.0390 1 40 32 67
car 0.0384 83 53 352 155
car 0.0380 143 0 199 33
car 0.0378 0 63 24 94
car 0.0376 280 62 325 118
car 0.0367 17 103 142 192
car 0.0366 139 0 285 32
car 0.0355 0 32 34 54
car 0.0350 160 7 209 25
car 0.0350 0 54 26 136
car 0.0349 160 44 222 86
car 0.0347 7 29 44 47
car 0.0343 436 46 477 98
car 0.0342 142 36 196 79
car 0.0340 146 6 192 71
car 0.0337 144 35 273 90
car 0.0334 1 52 30 80
car 0.0333 125 0 218 67
car 0.0330 0 18 55 48
car 0.0330 461 0 499 94
car 0.0325 275 37 480 110
car 0.0320 183 0 235 16
car 0.0311 112 2 169 46
car 0.0309 17 28 54 42
car 0.0302 14 21 84 53
car 0.0301 97 18 160 87
car 0.0301 270 0 349 14
car 0.0294 90 41 164 153
car 0.0287 0 51 38 69
car 0.0287 214 0 307 21
car 0.0287 216 73 368 135
car 0.0285 356 3 498 105
car 0.0285 211 71 316 121
car 0.0282 80 0 213 41
car 0.0266 212 1 382 51
car 0.0264 204 0 248 17
car 0.0264 370 60 385 86
car 0.0262 316 60 487 121
car 0.0258 5 27 124 69
car 0.0258 172 43 326 99
car 0.0256 270 80 441 138
car 0.0256 126 34 167 85
car 0.0255 81 34 161 65
car 0.0254 17 35 72 51
car 0.0252 363 61 382 82
car 0.0251 0 53 57 93
car 0.0248 459 52 475 89
car 0.0248 25 14 47 41
car 0.0245 154 8 188 26
car 0.0241 164 51 409 214
car 0.0239 20 88 172 152
car 0.0238 0 74 25 103
car 0.0234 67 0 108 47
car 0.0234 454 68 475 95
car 0.0233 0 87 52 144
car 0.0229 0 130 23 159
car 0.0226 142 0 420 76
car 0.0224 304 69 424 110
car 0.0223 41 0 88 50
car 0.0222 177 45 262 77
car 0.0221 256 0 497 87
car 0.0220 0 96 22 139
car 0.0219 181 3 291 91
car 0.0218 329 84 409 107
car 0.0210 424 63 485 97
car 0.0210 41 14 139 49
car 0.0208 435 70 477 88
car 0.0207 158 21 281 73
car 0.0207 396 73 466 105
car 0.0202 0 70 35 90
car 0.0202 442 0 488 47
car 0.0201 137 0 210 19
car 0.0201 4 41 55 58
car 0.0200 0 49 88 79
car 0.0200 372 63 384 78
car 0.0200 437 66 463 92
motorbike 0.7701 25 58 446 266
motorbike 0.3127 57 22 454 188
motorbike 0.1596 20 33 323 164
motorbike 0.1454 15 22 152 209
motorbike 0.1058 137 127 435 261
motorbike 0.0852 34 136 135 247
motorbike 0.0765 197 48 435 232
motorbike 0.0645 76 52 318 238
motorbike 0.0530 29 45 228 228
motorbike 0.0411 330 144 439 254
motorbike 0.0382 264 105 456 262
motorbike 0.0369 118 53 296 161
motorbike 0.0353 36 127 323 251
motorbike 0.0289 26 183 171 248
motorbike 0.0236 280 140 445 220
motorbike 0.0223 80 66 262 141
person 0.0661 195 11 453 167
person 0.0480 121 23 328 193
person 0.0393 159 47 352 257
person 0.0382 158 0 184 25
person 0.0370 473 0 500 71
person 0.0337 3 14 28 46
person 0.0310 272 0 311 13
person 0.0290 129 40 221 138
person 0.0288 152 43 261 133
person 0.0284 75 58 187 160
person 0.0281 0 0 22 42
person 0.0269 166 0 195 21
person 0.0266 474 0 499 33
person 0.0264 185 0 213 20
person 0.0248 16 22 36 46
person 0.0238 258 0 300 13
person 0.0238 73 0 105 48
person 0.0235 202 0 225 20
person 0.0233 180 40 216 87
person 0.0233 107 51 243 217
person 0.0226 144 5 159 33
person 0.0226 152 3 173 26
person 0.0210 56 65 199 234
person 0.0209 11 57 38 86
person 0.0206 284 0 302 12
person 0.0204 181 56 290 154
person 0.0204 218 82 373 244
person 0.0200 189 40 207 76
pottedplant 0.0359 70 0 108 45
pottedplant 0.0295 69 0 112 15
pottedplant 0.0274 64 0 105 25
train 0.0227 207 0 500 93
tvmonitor 0.0367 105 0 153 45
tvmonitor 0.0302 21 3 78 44
tvmonitor 0.0252 75 0 115 46
