bottle 0.4954 7 195 126 409
bottle 0.1349 5 175 74 344
bottle 0.1075 1 246 212 421
bottle 0.0965 0 99 272 428
bottle 0.0925 27 191 45 249
bottle 0.0793 4 188 119 298
bottle 0.0767 6 234 79 423
bottle 0.0731 33 188 76 253
bottle 0.0652 4 129 65 291
bottle 0.0649 25 252 151 395
bottle 0.0620 5 186 50 307
bottle 0.0567 96 214 171 378
bottle 0.0554 2 297 110 437
bottle 0.0553 27 183 56 265
bottle 0.0500 0 130 139 349
bottle 0.0479 45 170 81 232
bottle 0.0453 23 189 81 283
bottle 0.0444 13 174 47 251
bottle 0.0407 8 152 105 269
bottle 0.0402 34 190 49 243
bottle 0.0399 11 229 45 333
bottle 0.0396 3 207 56 389
bottle 0.0382 37 82 162 390
bottle 0.0374 46 193 90 250
bottle 0.0350 12 91 90 233
bottle 0.0349 86 295 183 402
bottle 0.0337 47 234 115 405
bottle 0.0328 22 192 36 242
bottle 0.0327 53 82 70 117
bottle 0.0322 52 187 76 246
bottle 0.0315 55 159 92 226
bottle 0.0304 46 148 84 215
bottle 0.0304 14 266 45 370
bottle 0.0304 54 170 82 209
bottle 0.0300 40 202 153 346
bottle 0.0298 57 184 78 214
bottle 0.0285 24 314 115 401
bottle 0.0283 3 252 134 500
bottle 0.0282 7 337 146 424
bottle 0.0280 0 154 44 266
bottle 0.0277 11 227 115 340
bottle 0.0276 64 151 112 206
bottle 0.0274 6 189 70 257
bottle 0.0268 0 229 38 359
bottle 0.0266 76 127 148 318
bottle 0.0261 60 182 112 236
bottle 0.0260 13 309 46 399
bottle 0.0248 28 161 100 240
bottle 0.0246 109 270 205 397
bottle 0.0243 20 256 55 358
bottle 0.0232 24 209 57 315
bottle 0.0232 44 173 102 218
bottle 0.0232 98 287 172 357
bottle 0.0228 0 0 145 454
bottle 0.0226 43 129 123 284
bottle 0.0224 52 138 100 195
bottle 0.0223 23 182 46 292
bottle 0.0221 19 172 61 234
bottle 0.0220 32 190 98 375
bottle 0.0216 0 188 37 249
bottle 0.0214 40 190 57 239
bottle 0.0211 0 229 41 293
bottle 0.0209 12 116 59 241
bottle 0.0209 84 306 117 402
bottle 0.0208 9 222 92 301
bottle 0.0201 76 14 142 152
bottle 0.0201 36 149 71 222
cat 0.8469 92 18 277 415
cat 0.1259 37 102 230 414
cat 0.0837 77 82 176 204
cat 0.0714 199 9 280 148
cat 0.0706 109 9 274 145
cat 0.0614 91 44 282 239
cat 0.0605 92 212 274 405
cat 0.0466 83 67 224 160
cat 0.0409 172 96 268 402
cat 0.0395 79 90 145 143
cat 0.0371 81 89 168 301
cat 0.0316 137 295 259 402
cat 0.0289 98 97 204 361
cat 0.0269 213 197 272 398
cat 0.0264 77 48 148 184
cat 0.0262 36 88 143 187
cat 0.0243 215 5 278 80
cat 0.0235 156 0 281 206
cat 0.0222 64 85 126 153
cat 0.0214 82 28 180 135
chair 0.0545 97 21 352 405
chair 0.0442 258 405 375 500
chair 0.0416 237 119 366 431
chair 0.0341 23 81 133 155
chair 0.0323 2 16 279 452
chair 0.0265 263 217 325 395
chair 0.0251 236 233 294 404
chair 0.0246 213 229 271 406
chair 0.0236 308 200 374 403
chair 0.0232 198 365 375 498
chair 0.0228 275 213 361 397
chair 0.0216 124 108 277 480
chair 0.0214 233 270 375 487
chair 0.0207 81 10 271 179
chair 0.0207 53 81 72 122
diningtable 0.0487 0 294 241 457
diningtable 0.0419 15 213 219 406
diningtable 0.0412 19 94 309 483
diningtable 0.0326 0 383 349 500
diningtable 0.0324 82 13 279 164
diningtable 0.0271 0 357 199 478
diningtable 0.0269 30 75 139 160
diningtable 0.0265 0 33 261 337
diningtable 0.0265 79 31 198 126
diningtable 0.0232 91 45 375 400
diningtable 0.0229 58 237 271 483
diningtable 0.0215 17 19 150 143
diningtable 0.0202 18 75 193 213
person 0.0201 196 245 256 410
pottedplant 0.0541 274 411 375 499
pottedplant 0.0287 31 0 88 114
pottedplant 0.0287 53 82 71 116
pottedplant 0.0239 0 0 35 164
pottedplant 0.0237 33 58 127 166
pottedplant 0.0237 32 12 117 139
pottedplant 0.0207 70 23 150 138
pottedplant 0.0207 29 76 73 119
pottedplant 0.0206 24 4 55 102
pottedplant 0.0205 0 0 282 500
pottedplant 0.0205 3 0 34 91
tvmonitor 0.1899 3 76 61 155
tvmonitor 0.1763 1 56 35 154
tvmonitor 0.1346 0 8 53 151
tvmonitor 0.1344 0 78 59 218
tvmonitor 0.0958 22 79 72 137
tvmonitor 0.0761 99 57 180 113
tvmonitor 0.0647 21 7 86 134
tvmonitor 0.0602 4 42 77 142
tvmonitor 0.0536 2 85 97 177
tvmonitor 0.0531 105 61 172 94
tvmonitor 0.0524 275 412 375 500
tvmonitor 0.0504 0 90 40 173
tvmonitor 0.0475 0 79 15 141
tvmonitor 0.0446 88 62 201 133
tvmonitor 0.0443 2 2 34 116
tvmonitor 0.0396 0 163 15 223
tvmonitor 0.0394 7 90 122 239
tvmonitor 0.0382 17 69 95 148
tvmonitor 0.0325 2 150 54 241
tvmonitor 0.0325 257 123 276 151
tvmonitor 0.0310 249 9 372 149
tvmonitor 0.0307 0 117 42 201
tvmonitor 0.0305 101 24 173 99
tvmonitor 0.0301 37 79 70 118
tvmonitor 0.0297 0 25 40 251
tvmonitor 0.0291 0 156 27 219
tvmonitor 0.0284 14 81 35 138
tvmonitor 0.0273 0 82 24 159
tvmonitor 0.0272 0 310 17 350
tvmonitor 0.0270 74 0 281 135
tvmonitor 0.0270 0 108 35 156
tvmonitor 0.0261 2 0 115 169
tvmonitor 0.0261 99 43 233 111
tvmonitor 0.0257 88 73 168 123
tvmonitor 0.0257 0 75 25 229
tvmonitor 0.0255 0 78 41 131
tvmonitor 0.0249 23 84 58 175
tvmonitor 0.0247 0 80 29 113
tvmonitor 0.0239 0 151 16 197
tvmonitor 0.0223 0 106 15 159
tvmonitor 0.0221 0 178 35 244
tvmonitor 0.0219 0 61 90 321
tvmonitor 0.0216 22 77 65 111
tvmonitor 0.0214 24 20 58 122
tvmonitor 0.0210 0 138 58 189
tvmonitor 0.0202 95 4 201 84
