aeroplane 0.0204 0 0 500 320
boat 0.0517 0 0 500 233
boat 0.0255 48 67 347 258
bus 0.0276 47 118 102 147
car 0.9343 53 148 302 261
car 0.9329 215 139 477 252
car 0.3360 60 127 93 145
car 0.1976 88 149 242 197
car 0.1537 47 127 77 147
car 0.1315 72 131 92 146
car 0.1157 130 163 378 257
car 0.0996 42 125 96 149
car 0.0842 41 125 67 149
car 0.0835 230 141 408 199
car 0.0664 178 166 307 258
car 0.0643 52 148 128 253
car 0.0608 302 173 475 247
car 0.0593 80 130 96 146
car 0.0580 88 132 106 143
car 0.0574 219 151 343 250
car 0.0573 40 115 498 255
car 0.0534 0 136 16 163
car 0.0502 224 146 295 194
car 0.0457 96 156 267 219
car 0.0453 153 151 243 186
car 0.0452 38 126 56 150
car 0.0432 143 145 286 197
car 0.0424 3 125 16 154
car 0.0414 0 96 299 240
car 0.0380 52 152 116 203
car 0.0377 295 144 398 175
car 0.0371 82 151 170 188
car 0.0340 0 124 10 167
car 0.0339 123 152 212 186
car 0.0330 100 133 118 143
car 0.0325 72 127 112 146
car 0.0325 12 129 32 147
car 0.0318 222 153 303 227
car 0.0312 228 145 311 175
car 0.0303 218 143 277 181
car 0.0300 358 148 471 258
car 0.0294 20 129 39 148
car 0.0293 68 149 132 192
car 0.0288 108 132 122 145
car 0.0282 0 146 14 162
car 0.0276 129 137 162 148
car 0.0274 464 122 497 139
car 0.0272 33 124 77 153
car 0.0267 129 143 163 153
car 0.0266 4 124 36 150
car 0.0265 479 110 498 141
car 0.0260 19 124 49 151
car 0.0259 50 156 103 231
car 0.0258 207 173 287 208
car 0.0254 72 125 92 141
car 0.0244 0 119 20 160
car 0.0242 373 115 402 143
car 0.0242 372 132 395 144
car 0.0241 164 173 255 206
car 0.0237 0 146 28 163
car 0.0233 186 146 258 176
car 0.0229 28 129 51 146
car 0.0227 56 147 211 221
car 0.0226 175 129 186 141
car 0.0225 144 132 168 142
car 0.0220 233 147 277 165
car 0.0219 181 128 193 141
car 0.0216 58 120 106 147
car 0.0216 110 139 174 156
car 0.0216 61 130 74 144
car 0.0215 451 125 487 139
car 0.0212 89 136 111 146
car 0.0211 156 132 176 141
car 0.0209 362 135 388 148
car 0.0207 169 130 179 141
car 0.0207 171 131 190 141
car 0.0205 3 122 22 145
car 0.0205 3 135 26 151
car 0.0205 383 120 404 141
car 0.0204 6 138 29 159
car 0.0201 166 132 184 141
person 0.0682 0 0 500 299
person 0.0675 148 149 230 181
person 0.0642 376 126 386 144
person 0.0582 0 0 189 338
person 0.0578 37 125 51 152
person 0.0508 380 119 394 143
person 0.0425 370 131 378 145
person 0.0350 13 130 28 150
person 0.0340 20 129 35 150
person 0.0336 110 132 119 146
person 0.0330 30 131 43 151
person 0.0325 44 86 300 266
person 0.0313 373 132 387 151
person 0.0310 81 155 100 181
person 0.0299 103 134 112 147
person 0.0278 384 119 401 142
person 0.0276 142 159 236 190
person 0.0275 370 117 391 147
person 0.0273 130 145 252 200
person 0.0267 166 132 173 144
person 0.0266 313 146 399 174
person 0.0263 371 141 388 161
person 0.0262 129 154 159 188
person 0.0262 174 132 182 144
person 0.0260 125 151 203 186
person 0.0260 186 151 234 180
person 0.0256 9 137 27 160
person 0.0253 181 129 189 143
person 0.0252 436 127 448 144
person 0.0249 368 146 391 168
person 0.0248 175 146 235 193
person 0.0245 89 150 106 178
person 0.0238 159 133 166 145
person 0.0237 102 155 125 188
person 0.0230 94 135 103 147
person 0.0228 190 150 255 189
person 0.0227 375 114 400 144
person 0.0224 86 150 97 171
person 0.0222 367 135 380 151
person 0.0218 95 149 115 183
person 0.0214 362 129 370 145
person 0.0205 118 157 140 188
person 0.0202 108 150 170 188
person 0.0201 116 132 125 146
