bottle 0.0236 265 65 293 106
bus 0.9262 105 132 208 215
bus 0.1589 72 146 89 174
bus 0.1428 32 146 42 163
bus 0.1227 27 134 46 162
bus 0.0796 37 150 46 165
bus 0.0774 22 128 48 176
bus 0.0765 25 140 44 172
bus 0.0761 55 144 92 178
bus 0.0716 221 157 240 168
bus 0.0694 209 153 247 173
bus 0.0655 180 140 269 217
bus 0.0641 214 156 234 169
bus 0.0634 75 136 89 162
bus 0.0600 28 151 35 165
bus 0.0597 217 154 244 166
bus 0.0569 232 158 249 168
bus 0.0560 223 160 236 171
bus 0.0550 47 146 67 176
bus 0.0536 36 146 49 160
bus 0.0509 171 136 211 203
bus 0.0507 226 155 254 166
bus 0.0506 72 151 85 168
bus 0.0504 198 149 262 177
bus 0.0474 25 139 37 161
bus 0.0469 192 130 256 168
bus 0.0468 217 147 258 169
bus 0.0467 43 140 74 181
bus 0.0443 25 80 60 167
bus 0.0425 234 161 244 171
bus 0.0408 242 159 257 169
bus 0.0403 67 138 92 170
bus 0.0398 228 154 265 174
bus 0.0391 19 136 66 172
bus 0.0390 204 138 240 180
bus 0.0390 220 126 257 177
bus 0.0386 215 138 243 169
bus 0.0386 98 66 229 217
bus 0.0383 31 107 74 171
bus 0.0376 242 162 253 173
bus 0.0371 185 137 209 157
bus 0.0370 226 150 236 163
bus 0.0369 65 126 245 222
bus 0.0368 69 147 87 163
bus 0.0366 156 132 211 177
bus 0.0365 210 158 223 174
bus 0.0360 125 132 208 165
bus 0.0360 215 150 240 163
bus 0.0359 47 123 89 175
bus 0.0358 79 154 92 173
bus 0.0358 240 155 252 169
bus 0.0353 62 138 106 179
bus 0.0349 23 134 92 181
bus 0.0347 26 121 51 162
bus 0.0340 38 142 58 172
bus 0.0340 227 133 252 168
bus 0.0336 218 149 230 163
bus 0.0336 202 146 249 166
bus 0.0333 201 129 245 158
bus 0.0324 19 149 26 167
bus 0.0317 201 150 234 175
bus 0.0312 235 142 258 173
bus 0.0310 231 124 257 164
bus 0.0309 41 125 154 218
bus 0.0302 180 136 211 176
bus 0.0300 61 153 72 167
bus 0.0295 236 146 246 162
bus 0.0291 212 154 223 169
bus 0.0279 10 135 30 175
bus 0.0278 47 149 59 161
bus 0.0277 21 71 84 182
bus 0.0276 232 132 249 156
bus 0.0275 7 124 36 186
bus 0.0275 74 145 85 160
bus 0.0270 75 149 92 168
bus 0.0268 153 127 253 204
bus 0.0264 35 142 101 195
bus 0.0263 17 138 26 162
bus 0.0262 217 146 235 159
bus 0.0259 251 165 260 176
bus 0.0258 177 127 232 168
bus 0.0255 79 142 91 165
bus 0.0247 203 153 228 187
bus 0.0247 239 141 252 162
bus 0.0245 224 146 241 159
bus 0.0245 223 137 238 156
bus 0.0242 60 149 78 162
bus 0.0240 106 139 139 210
bus 0.0236 204 141 269 169
bus 0.0233 201 153 213 175
bus 0.0231 81 144 125 201
bus 0.0229 188 144 217 206
bus 0.0226 73 139 87 153
bus 0.0226 141 144 226 212
bus 0.0225 76 132 90 148
bus 0.0225 29 134 52 150
bus 0.0225 186 148 210 185
bus 0.0219 20 124 41 163
bus 0.0219 214 137 230 156
bus 0.0215 211 121 258 158
bus 0.0214 34 29 113 170
bus 0.0213 41 93 87 169
bus 0.0213 204 152 239 197
bus 0.0212 54 149 63 161
bus 0.0206 252 82 296 179
bus 0.0202 20 131 57 156
car 0.8855 205 166 272 216
car 0.1922 71 148 88 176
car 0.1337 63 158 78 177
car 0.1322 70 154 83 178
car 0.1198 53 152 67 173
car 0.1196 54 147 83 176
car 0.1153 35 153 46 170
car 0.1097 49 153 61 172
car 0.1047 43 155 53 170
car 0.1007 293 166 312 180
car 0.0880 41 153 51 166
car 0.0852 46 146 71 175
car 0.0837 65 161 85 175
car 0.0774 288 166 305 180
car 0.0774 29 155 40 171
car 0.0760 63 153 84 170
car 0.0754 60 151 77 169
car 0.0748 205 163 226 200
car 0.0744 250 167 271 198
car 0.0709 46 155 60 167
car 0.0694 255 167 272 183
car 0.0677 56 161 74 175
car 0.0672 282 163 296 181
car 0.0661 72 158 90 180
car 0.0660 200 167 216 202
car 0.0634 32 155 41 166
car 0.0621 244 172 272 210
car 0.0613 61 154 93 176
car 0.0595 218 166 271 196
car 0.0587 64 148 90 166
car 0.0580 55 166 75 180
car 0.0560 62 166 84 180
car 0.0557 18 154 31 174
car 0.0550 247 167 267 182
car 0.0533 23 146 49 172
car 0.0525 232 165 265 180
car 0.0523 260 166 272 177
car 0.0513 216 162 245 172
car 0.0507 215 165 247 180
car 0.0503 206 164 241 208
car 0.0498 250 166 265 176
car 0.0498 212 162 233 175
car 0.0495 23 155 39 176
car 0.0491 44 160 63 173
car 0.0491 266 167 279 181
car 0.0489 260 169 268 181
car 0.0485 53 149 72 164
car 0.0477 43 151 58 162
car 0.0470 19 156 26 173
car 0.0469 278 156 307 181
car 0.0467 225 162 256 171
car 0.0456 205 158 268 175
car 0.0454 271 166 280 177
car 0.0444 220 164 240 173
car 0.0440 204 156 239 178
car 0.0432 236 162 264 172
car 0.0429 170 158 263 213
car 0.0425 8 151 22 187
car 0.0418 277 168 295 179
car 0.0417 208 160 224 180
car 0.0413 248 163 271 173
car 0.0412 283 164 317 181
car 0.0409 241 165 258 174
car 0.0406 209 164 234 183
car 0.0404 251 169 262 179
car 0.0402 48 150 65 163
car 0.0395 38 144 63 171
car 0.0392 7 147 32 177
car 0.0389 26 159 45 174
car 0.0388 35 159 54 174
car 0.0385 30 150 59 177
car 0.0382 245 158 276 180
car 0.0375 212 162 264 184
car 0.0367 183 159 212 206
car 0.0367 230 164 250 173
car 0.0363 36 152 50 162
car 0.0357 21 154 32 168
car 0.0357 50 162 84 181
car 0.0355 256 156 283 181
car 0.0355 40 155 67 182
car 0.0353 267 154 291 181
car 0.0350 260 164 278 174
car 0.0342 10 157 30 185
car 0.0331 237 155 262 167
car 0.0326 49 150 101 179
car 0.0318 4 148 24 210
car 0.0313 223 166 237 175
car 0.0310 243 168 254 177
car 0.0309 285 170 313 182
car 0.0307 40 166 64 179
car 0.0305 200 154 275 185
car 0.0302 38 150 83 184
car 0.0297 249 186 274 215
car 0.0297 43 161 75 187
car 0.0295 32 142 75 178
car 0.0293 240 168 272 187
car 0.0292 51 169 78 184
car 0.0290 2 170 21 214
car 0.0283 250 160 264 172
car 0.0282 259 168 278 188
car 0.0276 11 154 25 176
car 0.0276 80 157 92 176
car 0.0274 272 164 286 174
car 0.0272 299 167 322 179
car 0.0265 3 137 32 193
car 0.0259 202 157 215 183
car 0.0252 234 167 245 176
car 0.0249 17 159 38 182
car 0.0241 36 143 55 156
car 0.0240 61 160 89 189
car 0.0240 64 171 91 184
car 0.0238 195 152 217 198
car 0.0235 198 158 251 197
car 0.0231 247 156 269 168
car 0.0228 230 195 273 216
car 0.0227 199 151 229 206
car 0.0223 5 139 53 178
car 0.0221 234 162 277 204
car 0.0219 27 152 41 164
car 0.0214 269 171 294 184
car 0.0213 58 144 85 156
car 0.0210 487 183 500 213
car 0.0203 267 163 302 181
car 0.0201 29 165 55 180
person 0.2408 47 152 57 179
person 0.1919 53 154 64 179
person 0.1674 32 152 41 173
person 0.1651 63 156 72 179
person 0.1569 396 157 410 197
person 0.1522 379 151 395 194
person 0.1516 41 157 48 174
person 0.1480 49 155 57 171
person 0.1332 280 160 289 180
person 0.1102 278 165 284 180
person 0.1087 385 151 401 195
person 0.0952 70 157 83 182
person 0.0948 43 147 61 181
person 0.0923 100 180 111 213
person 0.0915 52 161 69 181
person 0.0912 74 159 87 192
person 0.0876 92 181 106 214
person 0.0875 42 158 56 175
person 0.0872 26 156 34 175
person 0.0872 45 158 59 187
person 0.0853 402 164 416 196
person 0.0819 61 161 74 188
person 0.0813 29 158 34 171
person 0.0775 40 157 51 182
person 0.0713 377 156 389 191
person 0.0696 13 152 27 184
person 0.0687 56 149 77 182
person 0.0668 23 153 34 179
person 0.0662 288 166 297 181
person 0.0640 32 155 48 175
person 0.0617 77 171 88 210
person 0.0616 297 167 309 181
person 0.0613 25 143 44 175
person 0.0610 29 155 42 181
person 0.0601 84 179 97 213
person 0.0586 388 149 411 197
person 0.0581 269 169 276 181
person 0.0564 32 146 51 177
person 0.0525 266 167 276 184
person 0.0513 386 169 406 195
person 0.0512 45 155 69 191
person 0.0510 53 153 63 167
person 0.0483 71 168 82 199
person 0.0482 104 179 119 211
person 0.0479 9 157 28 202
person 0.0453 275 153 292 183
person 0.0443 66 155 85 193
person 0.0426 378 149 405 201
person 0.0419 272 165 284 187
person 0.0408 103 184 112 205
person 0.0388 271 155 286 184
person 0.0375 69 166 86 186
person 0.0364 262 166 276 191
person 0.0363 19 144 38 179
person 0.0362 55 161 78 200
person 0.0357 38 140 66 185
person 0.0352 395 176 413 199
person 0.0343 203 167 228 207
person 0.0338 49 165 68 197
person 0.0329 356 161 370 189
person 0.0325 83 175 94 206
person 0.0324 412 166 425 187
person 0.0318 1 151 25 217
person 0.0314 45 8 143 146
person 0.0305 49 142 82 189
person 0.0304 366 165 376 189
person 0.0298 66 166 85 210
person 0.0293 13 151 37 190
person 0.0290 81 178 107 212
person 0.0287 242 26 500 375
person 0.0287 375 170 392 195
person 0.0284 351 161 362 188
person 0.0284 285 164 301 185
person 0.0283 379 176 399 199
person 0.0283 61 148 89 201
person 0.0283 70 155 94 212
person 0.0281 59 173 74 204
person 0.0277 30 156 61 182
person 0.0276 78 168 98 212
person 0.0276 401 175 421 198
person 0.0274 77 1 130 71
person 0.0269 82 0 185 125
person 0.0261 18 133 50 181
person 0.0261 406 159 428 193
person 0.0260 0 16 405 375
person 0.0258 280 157 302 183
person 0.0254 483 188 499 212
person 0.0242 258 169 276 201
person 0.0240 258 158 279 189
person 0.0236 5 171 27 212
person 0.0234 69 178 82 210
person 0.0233 419 168 432 183
person 0.0231 83 171 92 193
person 0.0225 0 0 197 362
person 0.0222 359 155 381 193
person 0.0222 351 155 373 192
person 0.0220 79 54 96 86
person 0.0219 365 171 378 196
person 0.0217 36 156 68 206
person 0.0210 81 162 92 181
person 0.0207 301 161 313 178
person 0.0206 22 157 48 194
person 0.0205 481 36 500 79
person 0.0204 400 153 415 185
person 0.0203 396 149 410 179
person 0.0201 290 155 311 183
pottedplant 0.1997 423 170 457 196
pottedplant 0.1259 409 167 427 195
pottedplant 0.1088 412 167 437 192
pottedplant 0.0734 407 167 451 198
pottedplant 0.0699 27 80 61 148
pottedplant 0.0698 257 86 290 144
pottedplant 0.0650 403 166 420 193
pottedplant 0.0624 378 146 401 195
pottedplant 0.0511 420 167 450 186
pottedplant 0.0485 383 155 404 191
pottedplant 0.0459 440 167 458 188
pottedplant 0.0419 403 163 431 200
pottedplant 0.0410 417 171 465 207
pottedplant 0.0407 413 171 430 200
pottedplant 0.0392 259 65 294 126
pottedplant 0.0335 376 159 391 187
pottedplant 0.0325 253 75 293 171
pottedplant 0.0325 394 155 419 199
pottedplant 0.0321 259 90 282 131
pottedplant 0.0319 266 88 288 121
pottedplant 0.0304 27 76 47 133
pottedplant 0.0303 438 171 465 195
pottedplant 0.0301 423 150 461 198
pottedplant 0.0276 28 72 41 112
pottedplant 0.0273 29 85 56 126
pottedplant 0.0260 429 166 461 183
pottedplant 0.0260 447 166 464 192
pottedplant 0.0248 388 151 435 194
pottedplant 0.0248 432 173 459 205
pottedplant 0.0236 276 84 293 118
pottedplant 0.0235 25 71 77 168
pottedplant 0.0231 446 165 456 181
pottedplant 0.0219 392 163 467 201
pottedplant 0.0213 427 169 440 182
pottedplant 0.0212 424 164 484 203
pottedplant 0.0211 423 175 449 205
pottedplant 0.0208 435 169 449 183
pottedplant 0.0204 428 161 454 190
train 0.0228 42 142 94 171
train 0.0207 145 151 212 191
train 0.0207 29 140 78 170
