bottle 0.0516 165 1 180 73
bottle 0.0423 88 21 101 77
cat 0.8741 116 61 296 463
cat 0.0497 21 91 238 462
cat 0.0450 109 70 219 169
cat 0.0444 116 249 305 452
cat 0.0398 104 73 182 212
cat 0.0357 105 64 298 234
cat 0.0299 8 147 164 426
cat 0.0261 214 105 309 444
cat 0.0214 70 103 161 232
cat 0.0209 117 78 221 417
cat 0.0209 107 78 163 126
cat 0.0207 91 58 249 317
cat 0.0205 128 339 267 447
chair 0.0304 11 16 250 463
chair 0.0285 4 132 155 447
chair 0.0256 30 0 140 250
chair 0.0254 0 136 172 255
chair 0.0232 38 116 149 233
chair 0.0204 20 164 143 232
chair 0.0201 0 304 186 472
diningtable 0.0506 4 159 151 243
diningtable 0.0423 36 58 213 246
diningtable 0.0390 17 56 301 353
diningtable 0.0278 25 234 205 466
diningtable 0.0261 113 72 291 274
diningtable 0.0256 0 156 251 490
diningtable 0.0223 14 99 185 308
diningtable 0.0211 0 182 134 268
person 0.0233 163 0 178 67
pottedplant 0.0395 163 1 181 73
pottedplant 0.0220 13 0 123 247
pottedplant 0.0214 148 0 177 78
tvmonitor 0.0448 5 0 109 251
tvmonitor 0.0419 246 0 333 91
tvmonitor 0.0413 232 17 331 132
tvmonitor 0.0341 0 148 162 249
tvmonitor 0.0316 230 0 333 48
tvmonitor 0.0295 208 36 332 273
tvmonitor 0.0253 247 37 328 104
tvmonitor 0.0244 273 134 332 285
tvmonitor 0.0242 207 62 321 161
tvmonitor 0.0238 3 115 106 235
tvmonitor 0.0217 121 59 333 229
tvmonitor 0.0216 235 73 329 220
tvmonitor 0.0201 1 46 181 307
