bird 0.0241 30 269 471 369
bird 0.0229 73 309 315 372
cat 0.0899 145 236 500 371
cat 0.0610 126 0 497 375
cat 0.0345 308 247 497 373
cat 0.0340 4 299 272 374
cat 0.0273 236 304 485 371
cat 0.0257 349 0 489 258
cat 0.0232 409 222 499 374
dog 0.8409 0 1 488 372
dog 0.0979 31 215 498 374
dog 0.0811 1 5 236 375
dog 0.0563 246 0 493 356
dog 0.0450 0 52 109 375
dog 0.0416 0 213 217 375
dog 0.0330 5 187 92 375
dog 0.0275 5 103 81 308
dog 0.0252 0 265 347 370
dog 0.0247 0 297 248 375
dog 0.0215 38 0 487 197
dog 0.0209 407 238 497 375
person 0.0361 0 0 111 328
person 0.0309 3 3 86 163
person 0.0209 456 297 498 375
