bottle 0.0354 196 232 208 266
bottle 0.0291 185 233 195 267
bottle 0.0287 181 232 191 266
bottle 0.0277 213 150 240 182
bottle 0.0261 192 233 203 264
bottle 0.0260 177 230 200 311
bottle 0.0237 185 272 198 305
bottle 0.0223 190 229 215 307
bottle 0.0221 221 284 252 304
bottle 0.0219 179 232 192 286
bottle 0.0217 188 230 206 295
bottle 0.0213 194 229 210 285
bottle 0.0211 189 281 202 308
bus 0.7954 0 29 363 442
bus 0.0772 263 37 362 397
bus 0.0697 0 51 111 422
bus 0.0395 259 45 362 212
bus 0.0337 5 101 64 353
bus 0.0250 155 54 350 400
bus 0.0237 20 43 219 394
bus 0.0228 45 150 346 393
bus 0.0227 307 35 366 236
bus 0.0212 0 66 44 398
car 0.1333 359 190 374 211
car 0.0706 366 186 375 213
car 0.0660 359 195 368 214
car 0.0503 4 47 114 355
car 0.0443 299 452 374 498
car 0.0415 295 154 332 182
car 0.0411 257 26 367 137
car 0.0379 362 193 371 208
car 0.0374 7 54 67 229
car 0.0359 303 163 334 185
car 0.0353 314 153 334 181
car 0.0346 307 149 332 172
car 0.0342 9 54 116 179
car 0.0341 355 182 375 218
car 0.0338 148 142 202 178
car 0.0333 358 195 375 224
car 0.0323 142 140 237 190
car 0.0320 290 162 316 183
car 0.0301 124 55 348 172
car 0.0300 342 409 373 500
car 0.0298 206 36 344 127
car 0.0298 302 11 369 168
car 0.0287 367 191 375 228
car 0.0280 277 427 375 499
car 0.0273 364 195 374 209
car 0.0256 0 346 143 422
car 0.0255 360 442 375 498
car 0.0249 236 56 358 171
car 0.0242 131 122 215 175
car 0.0229 361 198 372 215
car 0.0226 312 383 374 500
car 0.0220 362 187 375 204
car 0.0219 280 0 357 88
car 0.0218 139 41 303 124
car 0.0217 156 149 191 174
car 0.0213 304 138 337 183
car 0.0207 0 34 98 139
car 0.0207 4 198 66 417
cat 0.0354 6 82 65 309
chair 0.0221 206 149 242 182
chair 0.0202 154 108 206 146
person 0.1927 16 111 74 190
person 0.1351 45 138 72 182
person 0.1318 33 115 85 181
person 0.1177 28 137 70 188
person 0.0956 15 134 56 190
person 0.0939 9 66 88 185
person 0.0938 12 98 51 186
person 0.0881 91 60 134 165
person 0.0784 28 110 66 171
person 0.0755 138 60 183 91
person 0.0748 144 177 192 214
person 0.0665 32 123 59 181
person 0.0627 100 58 206 151
person 0.0613 38 138 65 174
person 0.0612 313 141 326 171
person 0.0600 120 146 160 175
person 0.0591 28 101 107 169
person 0.0581 43 59 133 170
person 0.0549 2 50 47 206
person 0.0549 35 128 75 166
person 0.0549 36 109 92 153
person 0.0533 307 139 321 171
person 0.0531 53 103 94 177
person 0.0489 44 130 80 202
person 0.0473 16 120 46 173
person 0.0467 302 129 325 177
person 0.0459 311 148 327 180
person 0.0457 300 133 315 173
person 0.0456 135 60 252 147
person 0.0452 4 78 34 187
person 0.0434 237 71 319 179
person 0.0421 50 118 81 174
person 0.0417 291 157 312 180
person 0.0408 297 115 319 174
person 0.0401 19 135 90 205
person 0.0399 141 146 163 176
person 0.0388 24 114 53 164
person 0.0388 41 57 253 176
person 0.0381 18 154 67 201
person 0.0378 61 76 116 180
person 0.0376 299 150 330 182
person 0.0375 130 58 216 120
person 0.0370 298 148 319 174
person 0.0370 77 55 178 172
person 0.0367 149 172 184 197
person 0.0366 7 114 59 256
person 0.0365 318 143 331 171
person 0.0364 246 113 301 177
person 0.0362 98 57 131 79
person 0.0358 136 143 186 179
person 0.0357 292 129 314 179
person 0.0350 53 136 87 180
person 0.0349 155 189 191 211
person 0.0347 16 161 50 188
person 0.0346 40 152 76 188
person 0.0343 318 150 333 182
person 0.0339 118 148 144 173
person 0.0338 267 286 289 303
person 0.0337 286 164 300 181
person 0.0335 46 134 76 160
person 0.0328 150 64 195 94
person 0.0326 29 131 48 177
person 0.0322 161 77 259 178
person 0.0321 136 143 154 175
person 0.0321 111 71 134 156
person 0.0319 38 116 59 163
person 0.0317 282 163 294 181
person 0.0316 5 413 57 500
person 0.0315 67 107 104 184
person 0.0315 247 154 280 182
person 0.0310 46 119 65 163
person 0.0306 313 133 333 177
person 0.0304 143 155 193 205
person 0.0303 7 51 103 250
person 0.0299 354 198 359 219
person 0.0295 66 123 92 178
person 0.0295 156 59 178 92
person 0.0289 164 143 243 183
person 0.0288 323 145 336 179
person 0.0280 145 61 195 142
person 0.0279 269 161 289 178
person 0.0276 48 116 109 193
person 0.0275 262 87 307 175
person 0.0275 299 119 335 174
person 0.0274 56 153 74 189
person 0.0274 32 144 54 187
person 0.0274 141 151 240 204
person 0.0274 285 137 323 182
person 0.0269 0 46 27 244
person 0.0267 255 286 282 303
person 0.0265 93 80 120 160
person 0.0263 16 136 39 182
person 0.0263 118 141 202 191
person 0.0263 183 83 303 173
person 0.0263 293 93 329 178
person 0.0262 305 155 323 185
person 0.0261 3 419 115 498
person 0.0260 246 138 284 184
person 0.0255 287 144 309 183
person 0.0254 83 123 98 166
person 0.0253 30 131 60 160
person 0.0253 16 39 144 141
person 0.0251 22 139 56 168
person 0.0250 256 155 297 182
person 0.0248 295 160 321 184
person 0.0247 31 113 48 156
person 0.0246 352 193 359 225
person 0.0243 78 106 121 176
person 0.0242 262 153 279 185
person 0.0241 263 126 313 179
person 0.0241 66 152 80 184
person 0.0239 62 233 113 290
person 0.0237 32 161 68 187
person 0.0237 25 151 61 182
person 0.0236 198 147 241 179
person 0.0236 355 193 368 226
person 0.0236 32 166 76 197
person 0.0235 277 153 305 183
person 0.0235 105 61 136 85
person 0.0231 54 123 96 162
person 0.0231 149 124 241 177
person 0.0230 312 123 327 165
person 0.0228 18 61 61 164
person 0.0228 61 145 83 176
person 0.0226 99 144 150 178
person 0.0225 41 147 60 191
person 0.0223 121 80 224 168
person 0.0222 254 120 299 151
person 0.0221 5 121 33 220
person 0.0221 11 145 55 219
person 0.0219 128 144 147 175
person 0.0219 89 123 104 165
person 0.0218 71 139 88 180
person 0.0217 3 462 23 500
person 0.0216 77 134 93 182
person 0.0215 71 113 96 165
person 0.0213 147 150 172 181
person 0.0213 149 164 183 186
person 0.0212 34 107 79 139
person 0.0211 304 141 328 166
person 0.0211 51 162 78 186
person 0.0211 102 76 153 175
person 0.0211 280 287 289 305
person 0.0209 214 152 242 181
person 0.0209 41 113 68 149
person 0.0207 280 163 290 186
person 0.0206 140 144 170 201
person 0.0205 138 112 206 179
person 0.0203 319 160 334 196
person 0.0203 115 61 163 88
person 0.0202 1 460 54 499
person 0.0202 35 59 62 86
person 0.0202 130 151 182 193
person 0.0201 1 426 36 500
sofa 0.0506 60 57 267 175
tvmonitor 0.0585 72 57 286 174
tvmonitor 0.0448 0 97 116 422
tvmonitor 0.0354 0 301 275 421
tvmonitor 0.0326 0 343 349 444
tvmonitor 0.0323 0 207 178 420
tvmonitor 0.0317 177 143 242 179
tvmonitor 0.0273 210 148 241 183
tvmonitor 0.0270 160 141 218 175
tvmonitor 0.0264 6 47 150 294
tvmonitor 0.0258 140 138 254 197
tvmonitor 0.0245 13 220 300 383
tvmonitor 0.0243 48 265 375 408
tvmonitor 0.0240 1 350 172 421
tvmonitor 0.0235 0 45 76 164
tvmonitor 0.0230 151 105 206 141
tvmonitor 0.0223 130 80 239 170
tvmonitor 0.0214 8 80 99 236
tvmonitor 0.0208 147 112 216 178
tvmonitor 0.0203 56 352 246 422
tvmonitor 0.0200 177 147 212 171
