car 0.8922 84 125 403 283
car 0.1824 258 125 395 263
car 0.0852 0 5 469 242
car 0.0691 282 117 386 217
car 0.0534 432 131 500 167
car 0.0526 0 112 432 375
car 0.0424 331 141 398 250
car 0.0387 80 139 261 270
car 0.0342 72 157 170 278
car 0.0304 0 77 307 262
car 0.0251 299 118 438 188
car 0.0250 155 117 377 219
car 0.0236 256 200 413 283
car 0.0229 313 125 418 234
car 0.0222 66 134 179 217
car 0.0216 281 176 404 264
car 0.0214 67 123 213 190
car 0.0209 337 140 399 194
car 0.0200 436 127 498 151
person 0.5388 290 123 349 265
person 0.2039 274 126 384 251
person 0.1061 297 161 337 265
person 0.0923 289 120 350 175
person 0.0690 309 120 352 207
person 0.0673 311 119 351 146
person 0.0618 294 119 339 149
person 0.0607 284 129 334 221
person 0.0561 0 0 397 375
person 0.0508 306 139 344 243
person 0.0491 255 122 343 202
person 0.0457 173 113 388 276
person 0.0433 257 127 334 165
person 0.0422 282 135 318 188
person 0.0400 311 117 356 167
person 0.0362 285 116 373 199
person 0.0355 266 117 354 157
person 0.0344 304 203 341 270
person 0.0327 328 120 358 145
person 0.0326 322 119 375 176
person 0.0300 306 131 392 219
person 0.0296 312 153 388 262
person 0.0293 300 119 337 137
person 0.0285 270 133 321 243
person 0.0281 216 123 350 172
person 0.0275 319 120 344 142
person 0.0274 284 132 329 151
person 0.0264 232 129 316 184
person 0.0255 213 131 311 164
person 0.0250 319 122 346 158
person 0.0246 303 118 380 155
person 0.0243 314 176 345 259
person 0.0240 328 126 352 167
person 0.0239 302 129 347 152
person 0.0223 336 130 394 187
person 0.0220 140 91 153 114
person 0.0220 286 169 321 242
person 0.0212 292 142 319 179
person 0.0212 289 121 326 160
person 0.0210 264 127 328 148
person 0.0209 305 132 345 173
person 0.0204 284 198 352 269
person 0.0200 182 134 309 178
sofa 0.0415 49 21 391 302
train 0.0257 78 130 500 332
tvmonitor 0.0239 0 12 69 54
