bird 0.0374 208 214 250 269
bird 0.0206 157 215 242 346
cat 0.6909 12 41 479 356
cat 0.4798 279 13 491 333
cat 0.3602 0 68 263 360
cat 0.2263 197 88 426 344
cat 0.2138 316 17 496 209
cat 0.1437 293 48 441 188
cat 0.1302 241 94 406 200
cat 0.1106 109 168 484 343
cat 0.1003 232 79 463 251
cat 0.0984 289 102 393 185
cat 0.0933 357 41 494 292
cat 0.0649 210 98 345 234
cat 0.0598 212 8 491 151
cat 0.0558 206 109 323 323
cat 0.0525 314 106 475 189
cat 0.0498 122 8 465 236
cat 0.0491 0 36 295 232
cat 0.0463 337 23 426 172
cat 0.0458 6 216 263 351
cat 0.0454 162 206 255 341
cat 0.0446 180 198 341 342
cat 0.0438 316 131 396 183
cat 0.0421 328 121 500 344
cat 0.0417 171 245 446 340
cat 0.0409 261 95 347 186
cat 0.0384 8 7 334 123
cat 0.0372 1 82 126 362
cat 0.0364 356 113 486 227
cat 0.0332 136 102 284 346
cat 0.0329 320 84 422 180
cat 0.0317 205 214 252 257
cat 0.0316 234 99 319 206
cat 0.0314 249 130 390 239
cat 0.0309 191 153 288 308
cat 0.0309 5 182 87 357
cat 0.0305 281 95 327 169
cat 0.0298 4 277 197 349
cat 0.0292 174 213 250 277
cat 0.0280 100 73 312 250
cat 0.0274 189 139 302 247
cat 0.0273 6 91 89 265
cat 0.0269 242 146 460 302
cat 0.0262 85 156 251 357
cat 0.0259 324 108 381 178
cat 0.0252 0 9 217 179
cat 0.0234 212 66 419 167
cat 0.0231 194 304 500 368
cat 0.0225 327 144 435 189
cat 0.0224 335 59 400 165
cat 0.0217 361 159 488 298
cat 0.0217 203 200 278 260
cat 0.0210 0 264 114 355
cat 0.0208 56 123 355 375
cat 0.0205 160 182 266 284
cat 0.0204 166 82 320 193
cat 0.0204 364 143 475 197
cat 0.0204 0 78 140 225
cat 0.0203 226 158 353 274
chair 0.0244 210 19 440 174
dog 0.1638 320 17 500 216
dog 0.0389 238 17 472 170
dog 0.0357 0 275 165 352
dog 0.0349 171 211 252 338
dog 0.0296 397 24 500 189
dog 0.0292 330 14 452 127
dog 0.0271 200 214 251 256
dog 0.0264 308 115 430 183
dog 0.0229 181 216 243 283
dog 0.0225 324 131 474 190
dog 0.0223 0 227 75 357
dog 0.0200 196 204 269 321
sheep 0.0203 0 228 57 364
