bird 0.0247 17 300 174 375
bottle 0.0545 369 192 386 234
bottle 0.0299 50 353 95 375
cat 0.4608 22 75 241 365
cat 0.0599 1 16 231 185
cat 0.0365 142 70 258 163
cat 0.0332 6 90 169 211
cat 0.0314 0 186 73 343
cat 0.0309 65 80 250 240
cat 0.0306 11 2 305 120
cat 0.0275 51 76 237 152
cat 0.0258 20 98 150 292
cat 0.0223 0 113 98 212
cat 0.0205 334 0 490 242
chair 0.0805 8 0 215 110
chair 0.0795 106 168 500 373
chair 0.0591 0 10 240 357
chair 0.0397 7 0 104 114
chair 0.0361 5 34 174 159
chair 0.0357 36 42 230 118
chair 0.0357 353 155 496 375
chair 0.0343 407 214 496 366
chair 0.0331 116 0 224 104
chair 0.0328 0 55 208 210
chair 0.0318 25 76 206 148
chair 0.0313 473 305 500 375
chair 0.0309 0 309 108 374
chair 0.0290 456 272 498 375
chair 0.0287 70 3 289 137
chair 0.0268 0 72 139 185
chair 0.0260 213 246 500 371
chair 0.0231 404 156 498 308
chair 0.0228 0 0 49 103
chair 0.0223 53 11 175 101
chair 0.0216 1 252 88 369
chair 0.0206 153 5 243 128
dog 0.4825 15 72 242 359
dog 0.0738 7 190 82 359
dog 0.0639 13 87 440 371
dog 0.0592 0 203 194 372
dog 0.0500 0 262 113 367
dog 0.0492 0 301 159 372
dog 0.0358 2 105 135 360
dog 0.0321 34 80 246 183
dog 0.0273 16 266 234 366
dog 0.0254 82 147 234 358
dog 0.0238 4 125 88 293
dog 0.0234 32 243 174 353
person 0.7830 127 10 492 367
person 0.1577 0 50 397 374
person 0.0632 318 5 468 285
person 0.0510 88 71 286 346
person 0.0500 0 319 119 375
person 0.0474 351 69 492 362
person 0.0362 0 343 89 374
person 0.0356 0 0 211 351
person 0.0331 216 11 390 269
person 0.0307 33 349 102 375
person 0.0281 234 10 416 94
person 0.0278 187 24 322 296
person 0.0270 80 9 484 197
person 0.0241 218 42 309 204
person 0.0237 346 72 442 249
person 0.0219 0 101 35 173
person 0.0215 27 337 131 374
person 0.0209 371 116 478 271
person 0.0204 168 249 499 367
pottedplant 0.0244 0 315 96 375
pottedplant 0.0207 5 1 69 101
pottedplant 0.0202 3 0 44 83
sofa 0.0287 0 20 500 375
tvmonitor 0.0225 0 88 108 171
