bicycle 0.0539 2 48 153 292
bicycle 0.0423 0 64 78 156
bicycle 0.0366 0 24 79 125
bicycle 0.0304 274 139 500 279
bicycle 0.0300 0 284 38 333
bicycle 0.0292 0 69 35 114
bicycle 0.0274 0 74 45 141
bicycle 0.0260 0 74 21 108
bicycle 0.0221 0 107 74 165
bicycle 0.0206 0 56 117 118
bicycle 0.0202 1 73 68 123
bird 0.4919 69 0 496 327
bird 0.4603 295 0 497 321
bird 0.3801 277 184 498 333
bird 0.3336 55 25 294 325
bird 0.1748 295 262 494 329
bird 0.1658 161 6 398 298
bird 0.1637 10 0 87 49
bird 0.1488 201 287 292 333
bird 0.1470 38 173 283 330
bird 0.1462 319 0 500 168
bird 0.1312 126 200 472 332
bird 0.1197 280 197 372 326
bird 0.1180 261 134 421 322
bird 0.1176 20 0 151 52
bird 0.1143 27 0 80 34
bird 0.0928 288 189 434 301
bird 0.0850 301 217 417 333
bird 0.0841 5 0 69 29
bird 0.0821 298 181 481 265
bird 0.0782 330 1 500 53
bird 0.0781 378 233 499 333
bird 0.0781 4 8 387 236
bird 0.0764 110 0 356 131
bird 0.0717 3 2 159 100
bird 0.0716 338 131 490 312
bird 0.0712 0 0 83 84
bird 0.0710 214 286 359 332
bird 0.0698 106 6 244 256
bird 0.0682 314 1 382 48
bird 0.0674 268 179 388 277
bird 0.0634 255 221 326 330
bird 0.0625 217 243 292 331
bird 0.0624 22 103 211 322
bird 0.0588 136 95 300 327
bird 0.0575 170 0 492 145
bird 0.0567 19 0 179 203
bird 0.0553 12 222 197 330
bird 0.0541 0 0 40 28
bird 0.0523 232 67 367 308
bird 0.0516 105 120 238 319
bird 0.0509 79 0 216 109
bird 0.0490 320 182 412 272
bird 0.0475 34 0 108 26
bird 0.0470 318 0 358 31
bird 0.0462 194 125 338 331
bird 0.0460 2 228 79 330
bird 0.0442 276 286 341 331
bird 0.0439 50 0 109 51
bird 0.0439 0 1 51 58
bird 0.0438 65 0 187 57
bird 0.0429 346 239 500 295
bird 0.0426 371 196 500 291
bird 0.0423 246 274 294 331
bird 0.0418 272 252 348 333
bird 0.0418 322 250 404 330
bird 0.0418 22 205 121 321
bird 0.0397 0 265 114 333
bird 0.0395 95 58 193 272
bird 0.0394 315 0 387 94
bird 0.0392 318 0 410 33
bird 0.0388 364 0 500 103
bird 0.0381 410 1 498 56
bird 0.0376 163 45 499 228
bird 0.0355 99 8 186 160
bird 0.0354 105 110 466 273
bird 0.0349 198 223 347 331
bird 0.0344 287 212 353 292
bird 0.0344 255 158 346 290
bird 0.0343 11 132 141 304
bird 0.0336 410 147 500 285
bird 0.0330 454 267 499 333
bird 0.0325 30 0 74 19
bird 0.0321 306 0 432 75
bird 0.0320 346 0 421 25
bird 0.0319 252 291 320 333
bird 0.0312 455 1 498 61
bird 0.0310 52 63 168 263
bird 0.0308 11 274 63 333
bird 0.0306 65 204 166 319
bird 0.0304 0 13 274 169
bird 0.0304 64 2 160 135
bird 0.0298 27 0 298 103
bird 0.0297 72 0 131 51
bird 0.0295 121 28 211 177
bird 0.0292 33 3 97 68
bird 0.0291 98 0 268 63
bird 0.0290 88 216 238 324
bird 0.0287 267 29 385 242
bird 0.0286 125 25 332 246
bird 0.0284 290 205 381 266
bird 0.0284 0 25 81 61
bird 0.0284 0 2 24 36
bird 0.0284 175 270 458 333
bird 0.0283 239 153 491 275
bird 0.0282 312 221 475 279
bird 0.0274 325 49 465 279
bird 0.0272 309 32 421 235
bird 0.0270 316 8 408 135
bird 0.0269 65 0 129 28
bird 0.0266 172 59 287 272
bird 0.0266 436 237 500 330
bird 0.0263 257 0 394 156
bird 0.0256 330 231 465 320
bird 0.0252 116 83 181 217
bird 0.0252 68 263 357 333
bird 0.0252 129 290 332 333
bird 0.0249 394 23 500 271
bird 0.0245 96 154 188 298
bird 0.0244 270 163 435 242
bird 0.0243 44 2 83 46
bird 0.0242 117 2 210 52
bird 0.0241 122 65 274 204
bird 0.0240 353 0 500 29
bird 0.0240 11 39 137 145
bird 0.0236 226 178 312 315
bird 0.0229 70 158 154 289
bird 0.0224 0 299 81 332
bird 0.0221 440 0 500 93
bird 0.0217 230 284 278 331
bird 0.0216 372 311 452 333
bird 0.0214 301 225 362 275
bird 0.0214 134 0 253 115
bird 0.0214 188 29 352 183
bird 0.0213 250 105 346 245
bird 0.0212 256 0 492 88
bird 0.0212 254 229 292 313
bird 0.0211 335 205 402 259
bird 0.0211 335 0 430 14
bird 0.0211 55 0 140 16
bird 0.0211 45 0 90 16
bird 0.0211 379 240 486 271
bird 0.0209 329 183 410 220
bird 0.0208 85 0 154 29
bird 0.0204 105 0 163 53
bird 0.0202 295 0 350 35
bird 0.0202 1 264 45 332
bird 0.0201 0 0 57 13
bird 0.0200 153 9 300 171
bird 0.0200 338 276 392 330
bird 0.0200 56 1 90 39
bottle 0.0317 241 139 272 179
car 0.0303 0 317 40 333
car 0.0302 0 312 24 333
car 0.0249 0 292 26 333
car 0.0205 0 110 19 150
cat 0.1634 317 0 498 255
cat 0.1191 48 186 272 331
cat 0.0391 127 144 309 333
chair 0.0610 316 23 500 284
chair 0.0381 0 30 113 197
chair 0.0371 0 60 163 259
chair 0.0314 244 209 305 324
chair 0.0310 2 9 98 130
chair 0.0292 4 87 94 221
chair 0.0264 0 107 126 323
chair 0.0246 229 186 293 300
chair 0.0230 253 222 291 286
chair 0.0226 11 62 137 163
chair 0.0217 249 176 322 280
chair 0.0216 5 127 96 275
chair 0.0212 0 1 28 65
chair 0.0209 210 215 281 333
chair 0.0209 0 97 46 160
chair 0.0205 304 162 500 260
chair 0.0205 0 5 54 102
dog 0.1602 319 0 499 275
dog 0.1012 58 159 274 331
dog 0.0489 66 226 342 332
dog 0.0255 139 3 336 49
dog 0.0241 351 11 500 165
dog 0.0240 318 0 358 22
dog 0.0231 92 1 241 52
dog 0.0229 310 31 419 138
dog 0.0218 91 291 316 333
person 0.1196 95 77 254 319
person 0.0683 25 80 194 311
person 0.0326 379 99 500 301
person 0.0278 165 121 291 309
person 0.0265 117 88 181 221
person 0.0247 0 119 18 160
person 0.0230 98 119 183 284
person 0.0219 0 273 46 333
person 0.0208 0 305 38 333
person 0.0204 67 184 134 296
sheep 0.2020 287 253 498 330
sheep 0.1793 319 280 398 332
sheep 0.1407 285 262 391 330
sheep 0.1064 315 286 487 333
sheep 0.1060 199 287 287 333
sheep 0.1017 261 279 431 333
sheep 0.1016 283 209 367 333
sheep 0.0797 116 0 367 132
sheep 0.0718 304 1 366 47
sheep 0.0591 243 0 355 50
sheep 0.0590 154 278 319 331
sheep 0.0578 0 0 71 24
sheep 0.0572 387 262 500 333
sheep 0.0559 354 300 483 331
sheep 0.0558 280 293 381 331
sheep 0.0549 0 0 39 43
sheep 0.0536 45 256 288 331
sheep 0.0523 298 0 352 32
sheep 0.0497 167 0 365 37
sheep 0.0489 311 305 391 332
sheep 0.0484 217 287 353 333
sheep 0.0467 28 0 70 34
sheep 0.0405 0 0 42 14
sheep 0.0390 313 0 386 77
sheep 0.0389 277 0 358 20
sheep 0.0370 288 0 419 42
sheep 0.0363 331 262 429 333
sheep 0.0348 313 274 366 329
sheep 0.0339 319 0 357 39
sheep 0.0338 291 280 346 333
sheep 0.0328 285 0 359 67
sheep 0.0324 126 2 353 65
sheep 0.0322 314 0 356 18
sheep 0.0304 256 1 399 109
sheep 0.0299 439 240 500 333
sheep 0.0297 195 310 291 333
sheep 0.0295 455 282 498 333
sheep 0.0284 327 281 387 315
sheep 0.0279 376 302 432 333
sheep 0.0278 2 228 98 328
sheep 0.0274 429 299 500 331
sheep 0.0270 316 317 381 332
sheep 0.0266 281 289 330 333
sheep 0.0266 344 299 408 333
sheep 0.0248 313 0 399 20
sheep 0.0248 247 0 396 202
sheep 0.0246 328 311 423 333
sheep 0.0234 152 299 262 331
sheep 0.0226 278 0 342 39
sheep 0.0221 372 288 452 331
sheep 0.0220 376 289 411 332
sheep 0.0219 361 315 477 333
sheep 0.0216 235 296 294 333
sheep 0.0216 373 317 418 332
sheep 0.0211 83 294 296 333
sheep 0.0204 263 289 314 333
sheep 0.0202 280 313 374 333
