boat 0.7446 2 25 358 440
boat 0.2714 324 383 368 419
boat 0.2662 224 157 305 413
boat 0.1730 238 155 286 338
boat 0.1669 36 223 355 432
boat 0.1468 70 38 188 412
boat 0.1302 145 134 355 426
boat 0.1295 354 141 367 178
boat 0.1258 0 349 54 388
boat 0.1065 292 369 367 422
boat 0.1057 167 156 208 188
boat 0.1036 18 84 136 409
boat 0.1033 0 345 30 385
boat 0.0933 110 14 159 176
boat 0.0930 188 162 207 187
boat 0.0927 11 101 234 424
boat 0.0908 0 338 16 382
boat 0.0881 0 190 33 209
boat 0.0867 37 6 277 201
boat 0.0817 116 46 220 412
boat 0.0808 346 139 366 168
boat 0.0803 260 169 357 424
boat 0.0753 0 187 49 213
boat 0.0729 0 342 94 390
boat 0.0686 115 138 129 193
boat 0.0685 16 193 46 206
boat 0.0674 171 260 184 297
boat 0.0671 148 117 259 410
boat 0.0670 0 363 33 389
boat 0.0669 64 0 191 247
boat 0.0668 0 183 29 204
boat 0.0636 173 156 284 367
boat 0.0610 178 141 204 190
boat 0.0601 218 368 368 426
boat 0.0598 336 143 368 173
boat 0.0594 66 19 186 144
boat 0.0586 0 317 363 428
boat 0.0576 4 346 34 367
boat 0.0573 0 157 16 205
boat 0.0570 335 395 368 421
boat 0.0569 4 182 108 401
boat 0.0568 0 28 184 310
boat 0.0562 181 174 208 190
boat 0.0543 253 152 281 173
boat 0.0537 0 321 135 403
boat 0.0531 166 165 196 185
boat 0.0531 163 264 368 432
boat 0.0524 0 323 41 384
boat 0.0518 3 357 42 383
boat 0.0506 148 148 204 187
boat 0.0499 119 18 149 131
boat 0.0497 165 147 228 354
boat 0.0496 31 194 45 209
boat 0.0491 0 171 36 210
boat 0.0486 0 190 20 219
boat 0.0485 326 352 367 425
boat 0.0483 126 7 156 88
boat 0.0483 346 153 368 178
boat 0.0480 7 184 41 200
boat 0.0479 0 180 16 213
boat 0.0474 257 155 278 291
boat 0.0473 182 161 218 188
boat 0.0469 246 157 279 179
boat 0.0468 56 145 112 363
boat 0.0462 7 197 43 213
boat 0.0456 0 235 204 409
boat 0.0454 309 395 359 420
boat 0.0451 246 291 271 330
boat 0.0447 3 226 72 395
boat 0.0439 207 149 287 288
boat 0.0435 194 166 225 186
boat 0.0434 0 136 19 211
boat 0.0433 110 4 176 105
boat 0.0431 313 307 368 424
boat 0.0428 61 35 144 314
boat 0.0427 49 133 155 376
boat 0.0427 335 142 360 161
boat 0.0425 213 38 314 380
boat 0.0424 304 197 365 420
boat 0.0423 27 350 84 388
boat 0.0422 317 398 345 420
boat 0.0415 109 148 127 206
boat 0.0415 103 0 301 397
boat 0.0405 96 15 221 187
boat 0.0404 104 171 119 210
boat 0.0404 193 157 210 184
boat 0.0399 1 169 23 201
boat 0.0398 0 302 17 387
boat 0.0397 331 378 366 403
boat 0.0397 358 142 368 194
boat 0.0397 115 40 368 278
boat 0.0394 212 159 349 332
boat 0.0394 33 44 187 185
boat 0.0392 181 156 256 312
boat 0.0391 169 229 186 299
boat 0.0390 16 357 200 416
boat 0.0384 149 371 333 425
boat 0.0380 225 394 320 422
boat 0.0379 164 127 208 185
boat 0.0379 170 280 188 301
boat 0.0377 19 0 148 230
boat 0.0377 120 106 176 364
boat 0.0374 349 125 368 181
boat 0.0374 0 363 60 396
boat 0.0369 170 176 198 190
boat 0.0367 226 153 335 255
boat 0.0366 0 180 55 204
boat 0.0365 262 298 364 420
boat 0.0363 324 384 352 412
boat 0.0363 0 303 65 386
boat 0.0362 31 198 45 215
boat 0.0361 0 143 46 209
boat 0.0361 334 150 363 166
boat 0.0361 192 171 210 192
boat 0.0358 264 396 345 423
boat 0.0354 341 372 368 422
boat 0.0353 103 347 348 429
boat 0.0349 263 378 350 420
boat 0.0349 168 167 214 299
boat 0.0348 24 188 40 202
boat 0.0348 117 10 168 64
boat 0.0346 23 198 42 215
boat 0.0344 234 149 281 174
boat 0.0340 87 369 275 424
boat 0.0340 260 152 276 184
boat 0.0339 270 152 285 172
boat 0.0334 177 145 231 184
boat 0.0334 32 188 45 202
boat 0.0332 149 163 176 186
boat 0.0327 261 158 285 177
boat 0.0322 341 137 364 157
boat 0.0318 146 151 168 184
boat 0.0315 342 137 356 167
boat 0.0315 334 134 368 163
boat 0.0312 121 0 358 158
boat 0.0311 102 117 154 366
boat 0.0311 245 166 275 306
boat 0.0310 145 129 204 355
boat 0.0310 80 143 278 353
boat 0.0309 0 352 364 500
boat 0.0308 3 339 23 367
boat 0.0307 113 160 131 198
boat 0.0307 171 150 192 188
boat 0.0306 255 180 285 318
boat 0.0306 166 148 201 177
boat 0.0305 338 380 360 417
boat 0.0304 175 385 260 415
boat 0.0302 90 153 102 197
boat 0.0302 330 140 346 162
boat 0.0301 193 174 225 190
boat 0.0301 0 376 32 395
boat 0.0300 24 360 106 402
boat 0.0297 100 152 124 220
boat 0.0297 331 406 366 423
boat 0.0297 0 178 44 230
boat 0.0294 155 211 302 414
boat 0.0293 111 29 186 222
boat 0.0293 256 145 281 163
boat 0.0291 278 149 292 171
boat 0.0290 255 149 280 229
boat 0.0289 27 91 139 189
boat 0.0288 353 374 367 411
boat 0.0288 205 165 233 185
boat 0.0287 94 139 130 203
boat 0.0286 240 160 270 176
boat 0.0285 187 186 248 391
boat 0.0282 188 318 341 417
boat 0.0281 301 400 337 420
boat 0.0280 4 344 53 370
boat 0.0278 338 140 351 159
boat 0.0277 11 351 45 373
boat 0.0276 163 177 192 292
boat 0.0275 26 185 49 199
boat 0.0274 70 97 126 334
boat 0.0271 8 174 29 198
boat 0.0270 265 148 281 167
boat 0.0269 326 140 339 162
boat 0.0268 0 191 14 235
boat 0.0267 283 138 297 170
boat 0.0266 155 176 178 297
boat 0.0266 34 192 41 207
boat 0.0264 110 21 139 129
boat 0.0263 66 112 188 207
boat 0.0262 356 133 366 163
boat 0.0261 0 324 17 366
boat 0.0261 10 345 27 373
boat 0.0261 259 167 272 268
boat 0.0260 94 151 116 206
boat 0.0260 186 177 216 284
boat 0.0260 220 386 299 417
boat 0.0260 193 170 205 207
boat 0.0259 33 207 41 226
boat 0.0259 243 154 289 256
boat 0.0257 35 201 49 215
boat 0.0256 162 2 271 343
boat 0.0256 222 162 244 176
boat 0.0254 265 163 292 267
boat 0.0254 161 165 181 186
boat 0.0254 193 158 235 183
boat 0.0254 244 142 287 169
boat 0.0252 249 150 311 340
boat 0.0251 99 50 161 271
boat 0.0249 340 103 365 178
boat 0.0249 246 151 268 172
boat 0.0248 173 280 187 293
boat 0.0247 166 142 210 246
boat 0.0246 313 393 341 414
boat 0.0246 345 138 367 198
boat 0.0245 346 163 367 184
boat 0.0245 245 150 284 190
boat 0.0245 0 374 70 413
boat 0.0244 210 162 235 179
boat 0.0243 239 152 279 209
boat 0.0243 51 362 125 394
boat 0.0243 102 200 112 252
boat 0.0243 0 278 102 382
boat 0.0241 128 128 218 188
boat 0.0240 199 159 220 182
boat 0.0240 153 40 233 303
boat 0.0240 46 125 209 277
boat 0.0239 11 30 102 313
boat 0.0239 1 163 75 328
boat 0.0235 185 150 208 213
boat 0.0234 190 92 299 263
boat 0.0234 47 17 122 182
boat 0.0233 9 369 51 388
boat 0.0231 132 24 148 106
boat 0.0231 322 152 368 177
boat 0.0231 155 168 204 190
boat 0.0231 8 341 33 360
boat 0.0230 0 366 21 396
boat 0.0230 0 196 33 226
boat 0.0230 134 293 150 316
boat 0.0230 0 343 21 409
boat 0.0229 0 102 29 206
boat 0.0229 28 199 38 218
boat 0.0228 105 159 123 198
boat 0.0228 104 181 118 228
boat 0.0227 196 179 226 279
boat 0.0227 131 262 149 325
boat 0.0227 113 165 252 308
boat 0.0226 292 391 345 418
boat 0.0226 72 0 232 115
boat 0.0225 0 263 43 395
boat 0.0225 69 149 185 241
boat 0.0224 247 263 273 337
boat 0.0224 25 126 130 216
boat 0.0223 15 188 60 209
boat 0.0222 44 376 129 409
boat 0.0222 4 153 106 251
boat 0.0221 156 157 187 180
boat 0.0221 261 152 281 200
boat 0.0221 127 12 169 140
boat 0.0220 85 174 212 390
boat 0.0220 35 358 75 382
boat 0.0220 10 180 26 205
boat 0.0219 135 279 147 318
boat 0.0219 4 204 36 222
boat 0.0219 70 77 223 221
boat 0.0218 321 142 334 162
boat 0.0218 314 130 364 173
boat 0.0218 19 171 182 329
boat 0.0218 161 176 186 189
boat 0.0217 37 188 49 201
boat 0.0216 102 178 114 216
boat 0.0216 188 144 215 184
boat 0.0215 97 167 119 277
boat 0.0215 55 82 117 265
boat 0.0215 324 135 353 165
boat 0.0214 234 161 268 268
boat 0.0213 182 150 211 176
boat 0.0213 241 388 357 429
boat 0.0213 277 158 291 176
boat 0.0212 92 156 106 203
boat 0.0211 168 142 220 198
boat 0.0211 14 347 43 364
boat 0.0210 114 142 178 188
boat 0.0210 249 170 356 286
boat 0.0209 37 204 46 219
boat 0.0209 330 148 347 167
boat 0.0209 91 199 113 291
boat 0.0209 262 157 274 211
boat 0.0209 254 148 272 165
boat 0.0209 133 18 158 118
boat 0.0208 11 365 77 390
boat 0.0207 194 146 250 183
boat 0.0207 182 383 240 407
boat 0.0207 0 296 187 448
boat 0.0207 127 29 143 114
boat 0.0206 105 143 129 237
boat 0.0206 337 161 363 173
boat 0.0205 262 145 289 175
boat 0.0205 0 167 64 221
boat 0.0203 40 368 81 388
boat 0.0203 274 147 287 167
boat 0.0203 16 348 70 379
boat 0.0203 256 154 271 193
boat 0.0202 354 138 368 222
boat 0.0202 102 178 127 205
boat 0.0201 251 168 299 283
chair 0.0214 87 8 283 167
person 0.0302 107 369 112 380
person 0.0283 105 366 112 383
person 0.0245 109 364 116 378
person 0.0204 120 341 127 372
person 0.0201 110 357 117 375
