bicycle 0.2730 142 8 180 58
bicycle 0.1204 141 23 169 57
bicycle 0.0570 140 22 153 58
bicycle 0.0470 144 31 183 61
bicycle 0.0312 218 121 361 261
bicycle 0.0215 160 23 183 58
bicycle 0.0200 136 29 149 55
bicycle 0.0200 132 18 156 55
boat 0.0211 0 75 148 265
car 0.0519 294 1 375 80
car 0.0502 0 1 71 94
car 0.0487 0 241 24 267
car 0.0456 329 0 375 55
car 0.0413 348 2 375 79
car 0.0370 4 0 59 39
car 0.0322 13 0 55 21
car 0.0307 351 0 375 27
car 0.0277 228 69 293 137
car 0.0259 190 67 273 134
car 0.0256 71 97 139 144
car 0.0233 357 6 375 60
car 0.0228 243 106 293 150
car 0.0223 254 80 292 124
car 0.0216 257 97 289 125
car 0.0207 355 9 375 126
chair 0.0229 253 103 372 242
diningtable 0.0361 223 96 375 276
diningtable 0.0235 259 182 371 271
diningtable 0.0214 0 100 122 285
motorbike 0.8702 53 83 241 440
motorbike 0.4206 171 71 280 247
motorbike 0.2913 78 87 262 271
motorbike 0.2711 140 6 183 57
motorbike 0.2321 177 32 345 240
motorbike 0.1458 133 51 262 392
motorbike 0.1377 206 90 289 212
motorbike 0.0942 223 87 361 247
motorbike 0.0927 140 20 162 55
motorbike 0.0922 58 107 174 297
motorbike 0.0921 255 73 298 207
motorbike 0.0892 113 21 282 222
motorbike 0.0821 161 111 247 265
motorbike 0.0723 231 79 293 172
motorbike 0.0576 182 73 284 169
motorbike 0.0539 68 95 196 212
motorbike 0.0523 156 138 245 427
motorbike 0.0482 126 104 230 244
motorbike 0.0443 16 53 143 405
motorbike 0.0439 240 75 288 136
motorbike 0.0428 1 63 199 255
motorbike 0.0421 95 86 375 463
motorbike 0.0411 93 0 331 323
motorbike 0.0395 238 17 366 200
motorbike 0.0385 47 128 130 269
motorbike 0.0382 243 98 288 193
motorbike 0.0346 212 88 277 146
motorbike 0.0345 247 62 298 154
motorbike 0.0338 182 26 283 128
motorbike 0.0328 209 109 278 169
motorbike 0.0320 206 126 314 251
motorbike 0.0292 50 154 212 341
motorbike 0.0286 40 256 249 434
motorbike 0.0260 151 303 245 427
motorbike 0.0243 69 100 142 243
motorbike 0.0240 168 163 274 271
motorbike 0.0224 36 157 140 335
motorbike 0.0222 57 53 161 199
motorbike 0.0217 165 106 270 198
motorbike 0.0213 83 66 247 198
person 0.8325 0 0 67 264
person 0.7699 262 0 366 259
person 0.7169 174 0 278 243
person 0.5937 145 0 180 56
person 0.3778 309 7 372 264
person 0.3344 215 5 317 240
person 0.2769 336 57 375 279
person 0.2117 263 53 310 228
person 0.1902 173 0 269 123
person 0.1552 144 17 166 56
person 0.1508 297 83 349 262
person 0.1455 141 8 157 52
person 0.1328 321 3 375 162
person 0.1283 35 43 248 455
person 0.1224 227 87 304 246
person 0.1218 195 105 258 255
person 0.1147 0 61 44 273
person 0.1070 152 0 198 46
person 0.1010 252 10 300 207
person 0.0959 0 0 71 111
person 0.0903 217 2 278 133
person 0.0884 146 0 165 48
person 0.0834 0 44 114 291
person 0.0833 131 17 275 362
person 0.0800 274 51 336 245
person 0.0796 291 0 375 431
person 0.0792 0 0 30 89
person 0.0772 266 0 325 193
person 0.0750 235 0 290 164
person 0.0732 214 0 375 353
person 0.0726 259 0 297 132
person 0.0697 0 0 92 445
person 0.0692 159 0 262 62
person 0.0688 267 0 370 78
person 0.0671 205 53 279 203
person 0.0668 169 0 215 53
person 0.0667 134 0 216 59
person 0.0667 265 0 290 78
person 0.0663 232 34 270 121
person 0.0645 51 123 131 286
person 0.0626 230 3 271 92
person 0.0605 292 187 352 264
person 0.0599 209 150 244 255
person 0.0595 139 20 153 56
person 0.0590 15 54 60 247
person 0.0583 259 77 285 117
person 0.0572 228 46 277 155
person 0.0562 234 58 251 101
person 0.0558 336 1 374 89
person 0.0556 157 12 176 59
person 0.0556 184 14 308 338
person 0.0554 243 5 281 106
person 0.0551 259 89 295 209
person 0.0548 261 57 293 154
person 0.0546 332 0 374 45
person 0.0533 31 73 150 335
person 0.0525 262 2 312 86
person 0.0520 269 111 303 231
person 0.0507 0 0 18 50
person 0.0507 58 19 187 313
person 0.0500 339 166 374 275
person 0.0496 76 103 166 296
person 0.0496 312 153 375 272
person 0.0472 165 1 189 55
person 0.0464 139 102 219 256
person 0.0438 180 0 351 178
person 0.0436 245 72 285 144
person 0.0421 178 0 234 97
person 0.0411 346 0 375 25
person 0.0411 0 8 20 136
person 0.0408 350 0 375 71
person 0.0398 178 92 239 246
person 0.0396 117 136 147 244
person 0.0390 160 0 181 44
person 0.0385 309 0 375 28
person 0.0382 110 0 233 267
person 0.0380 236 76 283 118
person 0.0378 231 54 258 115
person 0.0372 0 8 43 173
person 0.0371 247 0 275 21
person 0.0370 200 153 287 248
person 0.0369 139 0 162 61
person 0.0362 261 36 285 116
person 0.0361 30 0 72 83
person 0.0357 264 0 304 48
person 0.0349 219 185 249 252
person 0.0347 173 1 208 25
person 0.0345 170 0 187 34
person 0.0344 261 0 288 21
person 0.0332 354 0 374 41
person 0.0329 287 119 335 254
person 0.0328 1 0 43 47
person 0.0322 4 0 62 27
person 0.0321 242 0 283 59
person 0.0321 250 80 291 124
person 0.0313 231 91 277 181
person 0.0313 196 2 272 49
person 0.0309 0 188 58 268
person 0.0308 0 184 26 267
person 0.0308 194 184 243 256
person 0.0307 0 81 17 272
person 0.0307 268 36 302 168
person 0.0306 221 68 269 131
person 0.0300 297 183 328 260
person 0.0299 275 158 360 273
person 0.0296 0 139 81 282
person 0.0292 255 0 375 136
person 0.0291 7 0 68 60
person 0.0288 105 119 155 293
person 0.0288 0 0 30 25
person 0.0288 146 35 216 211
person 0.0287 0 60 16 121
person 0.0284 144 0 192 85
person 0.0272 334 27 375 121
person 0.0271 232 0 268 47
person 0.0270 252 97 292 157
person 0.0269 100 96 198 258
person 0.0268 36 22 73 111
person 0.0267 233 0 267 22
person 0.0267 313 24 355 190
person 0.0265 259 87 277 128
person 0.0264 221 0 263 67
person 0.0264 178 10 243 173
person 0.0264 169 0 234 30
person 0.0261 39 50 72 157
person 0.0260 165 0 194 25
person 0.0259 209 0 316 102
person 0.0258 171 24 186 59
person 0.0257 277 0 371 43
person 0.0257 187 138 229 248
person 0.0257 249 3 272 79
person 0.0256 265 0 302 25
person 0.0253 198 51 279 120
person 0.0253 359 73 374 119
person 0.0252 177 16 213 110
person 0.0252 202 208 250 262
person 0.0250 326 204 372 272
person 0.0249 348 64 375 129
person 0.0249 265 21 282 91
person 0.0248 194 77 270 169
person 0.0248 260 0 273 17
person 0.0248 126 137 159 241
person 0.0247 231 59 258 87
person 0.0246 264 0 283 40
person 0.0245 221 107 263 197
person 0.0245 304 3 374 62
person 0.0245 9 153 46 264
person 0.0241 256 0 293 33
person 0.0241 0 42 27 162
person 0.0239 147 0 186 31
person 0.0238 245 0 275 39
person 0.0238 235 38 261 101
person 0.0237 302 8 346 150
person 0.0235 143 0 234 153
person 0.0235 174 1 185 25
person 0.0232 162 8 199 76
person 0.0232 328 59 367 179
person 0.0230 43 62 119 239
person 0.0229 10 0 130 210
person 0.0227 117 173 133 227
person 0.0227 145 0 156 38
person 0.0226 248 90 279 117
person 0.0226 1 119 30 267
person 0.0225 261 86 286 146
person 0.0224 266 0 279 18
person 0.0224 267 19 294 114
person 0.0224 171 114 219 236
person 0.0223 45 0 78 68
person 0.0223 25 123 55 253
person 0.0223 8 0 28 42
person 0.0221 23 16 73 159
person 0.0218 140 12 173 49
person 0.0218 258 12 275 87
person 0.0217 274 153 318 230
person 0.0215 315 29 349 130
person 0.0214 12 120 106 345
person 0.0213 269 33 285 81
person 0.0213 0 229 25 268
person 0.0212 209 111 247 208
person 0.0211 244 107 288 206
person 0.0211 0 86 16 138
person 0.0211 266 173 308 234
person 0.0211 0 30 17 103
person 0.0211 291 215 340 259
person 0.0209 208 60 259 104
person 0.0208 230 90 288 131
person 0.0207 253 0 269 17
person 0.0207 267 104 293 168
person 0.0205 220 117 255 140
person 0.0204 118 0 181 62
person 0.0203 123 0 283 90
person 0.0203 256 0 277 28
person 0.0203 22 0 58 39
person 0.0203 1 76 21 129
person 0.0202 257 0 280 11
person 0.0202 222 180 274 246
person 0.0201 1 0 16 27
person 0.0201 315 6 358 104
person 0.0200 49 60 72 103
person 0.0200 251 98 283 124
sofa 0.0911 229 16 375 239
