bicycle 0.2068 160 300 316 374
bicycle 0.1953 190 329 306 372
bicycle 0.0833 220 346 300 374
bicycle 0.0434 169 278 210 304
bicycle 0.0431 219 354 276 373
bicycle 0.0328 230 334 347 374
bicycle 0.0322 160 340 255 372
bicycle 0.0311 155 267 216 304
bicycle 0.0268 267 343 325 375
bird 0.0223 82 0 431 109
boat 0.0374 151 225 333 369
bottle 0.0235 208 211 279 253
bottle 0.0216 212 215 235 246
bus 0.0279 0 0 500 375
car 0.0448 190 350 285 375
car 0.0318 0 0 500 375
car 0.0242 482 229 500 240
car 0.0201 488 222 500 242
chair 0.0367 247 338 344 373
chair 0.0366 228 353 301 374
chair 0.0285 194 348 275 374
chair 0.0248 268 355 312 374
chair 0.0227 193 354 249 374
chair 0.0223 257 351 332 375
chair 0.0207 260 341 303 375
cow 0.0210 0 0 500 364
diningtable 0.0318 135 230 324 371
dog 0.0538 0 0 500 375
horse 0.6410 157 267 212 363
horse 0.1213 175 277 213 349
horse 0.1124 161 273 210 326
horse 0.1077 163 277 260 372
horse 0.0771 163 304 225 369
horse 0.0430 161 280 191 333
horse 0.0419 22 0 340 293
horse 0.0265 169 289 200 355
horse 0.0258 123 286 213 371
horse 0.0239 157 324 247 365
horse 0.0236 137 312 291 374
horse 0.0214 84 254 202 375
horse 0.0201 149 284 194 365
motorbike 0.0953 156 296 335 375
motorbike 0.0708 146 236 346 373
motorbike 0.0217 149 270 219 307
person 0.8361 203 212 299 371
person 0.7124 162 237 208 327
person 0.3329 176 237 205 297
person 0.3059 147 249 210 366
person 0.2574 178 277 306 374
person 0.2013 163 226 245 364
person 0.1982 196 322 303 375
person 0.1432 174 256 207 317
person 0.1175 232 282 297 375
person 0.1138 161 274 193 315
person 0.0859 137 201 208 325
person 0.0858 181 273 213 326
person 0.0854 242 326 295 373
person 0.0782 170 283 210 362
person 0.0717 183 240 208 280
person 0.0710 206 215 288 290
person 0.0696 168 276 210 311
person 0.0689 163 235 355 371
person 0.0653 180 272 203 308
person 0.0594 189 277 212 312
person 0.0593 160 280 181 314
person 0.0580 180 241 227 315
person 0.0580 231 216 297 328
person 0.0556 226 344 304 374
person 0.0549 192 346 284 374
person 0.0546 160 290 196 365
person 0.0541 204 267 268 372
person 0.0526 121 131 306 375
person 0.0509 15 0 500 342
person 0.0490 189 305 210 350
person 0.0458 156 248 189 311
person 0.0457 177 236 205 267
person 0.0449 203 226 262 335
person 0.0432 170 313 195 365
person 0.0431 197 301 215 344
person 0.0427 250 300 288 368
person 0.0417 169 257 227 352
person 0.0417 198 267 216 305
person 0.0402 259 304 305 375
person 0.0387 227 348 269 374
person 0.0386 246 215 294 288
person 0.0383 0 0 227 375
person 0.0382 164 244 197 300
person 0.0355 186 283 216 351
person 0.0355 272 242 369 373
person 0.0354 200 257 216 290
person 0.0348 244 229 309 370
person 0.0341 234 321 347 375
person 0.0339 178 298 247 375
person 0.0327 247 348 292 374
person 0.0322 226 214 289 263
person 0.0312 267 234 286 265
person 0.0304 188 257 211 300
person 0.0304 261 281 294 355
person 0.0303 264 336 301 375
person 0.0303 195 281 216 320
person 0.0297 166 328 187 365
person 0.0286 173 335 191 366
person 0.0286 225 325 275 373
person 0.0281 204 313 222 348
person 0.0280 246 321 280 365
person 0.0278 256 234 295 320
person 0.0274 254 218 286 265
person 0.0273 163 327 228 375
person 0.0272 200 247 216 277
person 0.0269 157 294 170 315
person 0.0266 122 228 229 375
person 0.0259 204 297 240 364
person 0.0257 192 240 217 283
person 0.0251 187 304 220 369
person 0.0251 207 348 255 373
person 0.0251 226 212 405 375
person 0.0250 253 325 283 354
person 0.0248 179 315 202 360
person 0.0243 207 251 223 281
person 0.0242 202 214 268 258
person 0.0233 197 327 259 372
person 0.0229 158 262 178 304
person 0.0226 171 265 196 305
person 0.0225 203 328 226 360
person 0.0225 176 233 222 278
person 0.0225 197 313 233 373
person 0.0222 212 216 235 251
person 0.0222 197 290 226 354
person 0.0220 192 347 231 375
person 0.0219 167 246 185 279
person 0.0216 198 322 217 357
person 0.0212 152 250 171 300
person 0.0209 262 227 308 297
person 0.0209 186 240 198 251
person 0.0206 164 266 186 303
person 0.0204 257 332 284 373
person 0.0204 201 243 227 307
person 0.0201 141 201 292 341
person 0.0201 1 293 35 369
person 0.0201 264 237 290 279
person 0.0200 156 280 168 307
pottedplant 0.0210 362 282 405 345
train 0.0328 24 0 401 287
train 0.0273 472 231 498 241
train 0.0210 104 0 500 126
