bird 0.0795 0 37 102 373
bird 0.0560 262 71 333 481
bird 0.0471 242 258 330 477
bird 0.0468 83 236 158 362
bird 0.0463 99 366 332 500
bird 0.0458 2 57 64 285
bird 0.0423 0 130 117 500
bird 0.0397 97 411 255 497
bird 0.0393 190 169 326 500
bird 0.0391 113 68 333 500
bird 0.0369 45 91 139 410
bird 0.0358 78 242 161 468
bird 0.0326 74 428 182 495
bird 0.0320 85 118 148 323
bird 0.0317 68 212 135 380
bird 0.0308 0 305 121 489
bird 0.0305 97 245 205 340
bird 0.0305 14 201 134 387
bird 0.0303 78 296 242 500
bird 0.0302 2 15 62 177
bird 0.0298 0 27 93 216
bird 0.0296 75 354 161 487
bird 0.0287 13 114 122 330
bird 0.0287 40 217 151 497
bird 0.0278 285 232 331 442
bird 0.0263 3 131 57 352
bird 0.0251 100 290 174 481
bird 0.0250 4 178 96 338
bird 0.0246 85 49 197 357
bird 0.0242 3 242 114 356
bird 0.0242 251 169 321 367
bird 0.0224 45 153 107 353
bird 0.0217 1 108 104 232
bird 0.0216 66 265 135 450
bird 0.0215 113 175 140 193
bird 0.0214 70 103 126 293
bird 0.0211 223 416 333 498
bird 0.0208 88 251 171 323
cat 0.5162 83 45 322 489
cat 0.2544 80 268 316 496
cat 0.0642 7 49 131 439
cat 0.0539 240 81 332 443
cat 0.0474 235 280 329 468
cat 0.0462 160 285 303 461
cat 0.0421 29 133 239 492
cat 0.0411 88 251 204 500
cat 0.0373 100 262 268 420
cat 0.0353 85 46 146 231
cat 0.0315 83 42 222 338
cat 0.0295 207 202 321 477
cat 0.0262 0 40 99 323
cat 0.0262 4 253 156 500
cat 0.0261 214 303 320 415
cat 0.0225 46 35 176 304
cat 0.0222 7 8 138 263
cat 0.0219 44 108 173 433
chair 0.1341 82 0 327 500
chair 0.0320 43 28 177 443
chair 0.0285 248 58 333 486
chair 0.0275 112 286 333 500
chair 0.0251 84 44 264 329
chair 0.0241 0 0 139 500
chair 0.0204 182 371 333 500
diningtable 0.0371 47 0 333 487
dog 0.1462 88 292 319 491
dog 0.0443 111 263 282 419
dog 0.0386 179 293 323 442
dog 0.0353 274 165 332 427
dog 0.0228 103 241 259 357
person 0.1325 112 314 326 495
person 0.1043 210 279 331 498
person 0.0536 170 399 322 496
person 0.0272 225 301 311 434
person 0.0254 261 331 331 500
person 0.0248 202 335 286 500
pottedplant 0.0203 0 25 156 500
sheep 0.1446 82 36 333 437
sheep 0.0723 259 65 333 435
sheep 0.0611 296 68 333 264
sheep 0.0575 313 71 333 168
sheep 0.0418 274 28 332 224
sheep 0.0368 235 67 332 236
sheep 0.0359 294 196 333 408
sheep 0.0356 0 23 79 336
sheep 0.0325 192 48 323 424
sheep 0.0290 285 80 331 179
sheep 0.0282 286 120 332 320
sheep 0.0276 85 103 303 327
sheep 0.0250 299 5 333 186
sheep 0.0246 239 15 327 182
sheep 0.0239 249 106 326 302
sheep 0.0237 178 37 327 226
sheep 0.0236 67 48 314 204
sheep 0.0206 307 33 332 154
