bird 0.0275 169 239 352 311
bird 0.0262 161 119 327 329
boat 0.0315 155 75 398 207
boat 0.0215 73 31 473 310
car 0.0245 132 3 259 51
car 0.0206 53 80 131 116
cow 0.0201 30 116 380 330
diningtable 0.0274 188 99 380 200
dog 0.0249 164 233 372 316
horse 0.6805 162 112 382 316
horse 0.1181 155 121 383 212
horse 0.0433 239 119 377 281
horse 0.0354 180 212 387 308
horse 0.0318 264 122 378 214
horse 0.0305 83 111 305 296
horse 0.0215 66 6 397 286
horse 0.0201 280 177 375 299
motorbike 0.0536 151 123 332 203
person 0.7005 215 18 292 201
person 0.5483 197 15 328 275
person 0.2191 237 93 299 206
person 0.1390 222 20 282 118
person 0.1385 185 97 344 215
person 0.1050 168 32 396 321
person 0.0839 212 92 280 209
person 0.0734 281 91 367 202
person 0.0729 258 114 304 202
person 0.0664 236 39 322 202
person 0.0652 218 21 275 71
person 0.0623 257 37 372 199
person 0.0596 155 113 336 316
person 0.0480 168 118 253 212
person 0.0480 342 0 395 74
person 0.0468 208 0 304 131
person 0.0467 164 47 312 204
person 0.0443 195 6 278 91
person 0.0439 112 81 130 114
person 0.0437 244 21 290 76
person 0.0437 297 1 374 104
person 0.0433 240 114 346 244
person 0.0427 158 117 268 283
person 0.0377 240 125 281 209
person 0.0372 231 3 345 145
person 0.0371 272 2 379 150
person 0.0357 204 111 252 203
person 0.0330 248 25 277 68
person 0.0323 0 0 26 66
person 0.0318 281 119 320 189
person 0.0311 240 29 280 93
person 0.0308 159 122 200 182
person 0.0304 247 146 297 205
person 0.0301 32 61 369 332
person 0.0286 260 119 350 199
person 0.0266 111 78 143 117
person 0.0257 231 0 431 120
person 0.0255 363 0 421 70
person 0.0253 302 0 459 103
person 0.0253 15 3 139 107
person 0.0253 93 0 350 256
person 0.0250 144 119 218 226
person 0.0246 294 122 348 183
person 0.0241 208 23 254 84
person 0.0240 281 133 376 261
person 0.0238 163 119 224 192
person 0.0233 362 0 394 60
person 0.0233 223 0 440 236
person 0.0230 230 20 261 64
person 0.0218 216 18 358 89
person 0.0211 271 73 336 190
person 0.0208 223 115 263 203
person 0.0207 235 15 279 60
person 0.0206 265 16 309 73
person 0.0206 187 119 234 182
person 0.0205 1 0 21 41
person 0.0204 347 81 375 109
person 0.0203 218 0 297 75
person 0.0201 163 10 284 152
train 0.0260 91 78 431 332
tvmonitor 0.0219 0 0 94 134
