bicycle 0.0208 126 228 407 330
bird 0.0369 133 316 189 332
bird 0.0266 10 165 41 215
bird 0.0241 116 298 187 333
bird 0.0222 129 308 173 333
bird 0.0200 112 230 206 330
boat 0.0354 6 194 32 218
boat 0.0294 368 305 434 333
boat 0.0265 3 174 35 219
boat 0.0238 4 191 35 244
car 0.0218 0 28 393 244
cat 0.0342 132 239 237 331
chair 0.0388 109 209 371 332
chair 0.0363 363 304 434 333
chair 0.0256 5 148 114 324
chair 0.0227 161 265 354 328
chair 0.0210 403 308 430 333
dog 0.5481 120 89 326 330
dog 0.4989 163 128 269 211
dog 0.2896 114 120 292 254
dog 0.2248 114 134 248 333
dog 0.1722 143 85 325 214
dog 0.1107 108 221 236 332
dog 0.0943 205 131 269 194
dog 0.0747 195 119 321 208
dog 0.0667 81 110 271 209
dog 0.0600 91 199 329 333
dog 0.0505 113 274 245 331
dog 0.0414 171 130 261 173
dog 0.0401 183 116 281 185
dog 0.0308 121 298 235 330
dog 0.0284 232 133 273 188
dog 0.0279 170 130 229 199
dog 0.0275 125 262 323 329
dog 0.0263 101 128 206 225
dog 0.0241 101 159 197 300
dog 0.0234 131 308 203 333
dog 0.0209 213 154 273 211
dog 0.0206 202 125 277 165
person 0.5511 123 86 327 329
person 0.2639 177 77 348 257
person 0.1961 157 80 301 209
person 0.1539 57 43 406 333
person 0.0926 223 74 400 327
person 0.0855 195 71 334 180
person 0.0784 173 118 333 201
person 0.0647 202 86 279 188
person 0.0497 211 104 313 232
person 0.0492 228 77 289 166
person 0.0479 232 114 277 174
person 0.0472 107 51 270 210
person 0.0467 7 141 148 331
person 0.0409 337 49 476 330
person 0.0392 200 0 490 333
person 0.0378 252 90 339 255
person 0.0367 16 124 234 293
person 0.0341 171 73 284 154
person 0.0340 20 165 38 197
person 0.0330 192 154 332 333
person 0.0312 223 105 266 163
person 0.0312 38 108 65 166
person 0.0311 168 95 261 192
person 0.0278 254 164 342 330
person 0.0274 221 76 267 143
person 0.0271 41 125 272 227
person 0.0260 7 165 38 218
person 0.0253 24 191 227 333
person 0.0250 289 116 432 333
person 0.0250 149 3 384 265
person 0.0247 232 100 331 171
person 0.0246 196 131 307 191
person 0.0245 11 28 305 239
person 0.0242 73 45 363 156
person 0.0227 118 64 312 146
person 0.0222 231 70 282 131
person 0.0217 25 110 60 180
person 0.0213 205 78 251 142
pottedplant 0.0465 5 97 136 321
pottedplant 0.0368 17 75 130 235
pottedplant 0.0318 35 76 107 172
pottedplant 0.0308 19 137 123 274
pottedplant 0.0261 36 96 70 170
pottedplant 0.0261 46 76 94 146
pottedplant 0.0230 53 75 88 121
pottedplant 0.0220 43 104 88 171
pottedplant 0.0211 5 127 114 225
sofa 0.1449 67 94 400 328
sofa 0.0405 132 114 356 237
sofa 0.0268 0 31 426 268
