aeroplane 0.0315 251 346 316 374
aeroplane 0.0312 194 353 266 375
aeroplane 0.0275 269 359 313 374
bird 0.4264 129 108 221 232
bird 0.3707 373 17 459 144
bird 0.3265 392 18 457 102
bird 0.3250 363 84 412 143
bird 0.2927 132 107 247 338
bird 0.2643 396 18 456 62
bird 0.2435 124 113 185 205
bird 0.2279 364 53 431 144
bird 0.2087 125 95 402 366
bird 0.2042 193 208 219 253
bird 0.1773 391 53 426 107
bird 0.1754 114 41 232 223
bird 0.1751 139 137 217 280
bird 0.1626 362 79 394 103
bird 0.1608 248 117 428 369
bird 0.1447 362 79 395 125
bird 0.1445 145 196 217 315
bird 0.1429 373 108 417 142
bird 0.1399 393 31 427 91
bird 0.1343 368 32 442 111
bird 0.1341 160 113 237 220
bird 0.1220 57 34 264 352
bird 0.1216 142 146 209 212
bird 0.1203 147 92 210 193
bird 0.1118 34 0 487 372
bird 0.1113 92 23 347 231
bird 0.1109 124 116 169 177
bird 0.1096 247 297 309 374
bird 0.1090 375 15 449 76
bird 0.1089 159 92 210 132
bird 0.1076 416 15 449 57
bird 0.1003 123 92 207 157
bird 0.0977 370 75 420 108
bird 0.0977 360 153 395 172
bird 0.0968 306 12 449 147
bird 0.0960 396 26 428 64
bird 0.0954 154 162 282 358
bird 0.0951 319 175 407 362
bird 0.0928 126 94 291 233
bird 0.0915 69 0 216 204
bird 0.0900 120 106 232 178
bird 0.0886 169 126 215 212
bird 0.0886 383 71 422 128
bird 0.0863 126 10 214 168
bird 0.0862 395 60 425 89
bird 0.0857 269 12 445 282
bird 0.0855 360 69 413 121
bird 0.0849 360 97 406 164
bird 0.0846 388 72 421 100
bird 0.0839 191 116 230 200
bird 0.0811 164 117 200 174
bird 0.0797 143 231 256 342
bird 0.0795 157 181 218 273
bird 0.0745 282 0 376 132
bird 0.0745 356 87 448 150
bird 0.0728 392 32 445 59
bird 0.0704 253 226 333 371
bird 0.0694 158 142 195 206
bird 0.0678 100 0 288 154
bird 0.0668 169 101 215 176
bird 0.0663 362 95 412 124
bird 0.0650 426 26 453 58
bird 0.0636 137 114 220 155
bird 0.0634 411 37 456 59
bird 0.0631 89 0 196 136
bird 0.0625 163 110 209 153
bird 0.0623 382 78 412 101
bird 0.0615 164 210 220 252
bird 0.0613 403 17 437 57
bird 0.0612 369 78 399 96
bird 0.0609 258 242 410 371
bird 0.0607 323 33 409 161
bird 0.0604 312 70 474 367
bird 0.0602 141 124 369 270
bird 0.0601 354 11 494 116
bird 0.0598 177 103 270 221
bird 0.0597 196 174 317 367
bird 0.0596 153 0 243 134
bird 0.0596 164 24 474 169
bird 0.0592 366 79 446 120
bird 0.0591 372 64 452 105
bird 0.0590 202 113 245 186
bird 0.0586 266 157 407 316
bird 0.0580 340 44 460 176
bird 0.0579 130 77 209 134
bird 0.0579 232 317 292 373
bird 0.0576 415 36 456 104
bird 0.0569 391 6 483 71
bird 0.0564 399 38 422 80
bird 0.0563 120 110 170 147
bird 0.0562 73 151 237 353
bird 0.0556 125 130 163 199
bird 0.0544 359 19 430 90
bird 0.0539 183 111 237 165
bird 0.0536 317 144 401 276
bird 0.0522 378 7 423 62
bird 0.0514 122 107 163 132
bird 0.0509 199 317 280 374
bird 0.0508 185 0 351 128
bird 0.0508 169 120 196 153
bird 0.0507 365 295 395 320
bird 0.0496 216 265 320 366
bird 0.0495 123 120 201 167
bird 0.0490 188 185 228 266
bird 0.0483 367 86 419 115
bird 0.0483 387 74 405 99
bird 0.0483 388 105 417 130
bird 0.0481 153 102 228 142
bird 0.0478 368 108 391 142
bird 0.0475 205 347 274 375
bird 0.0475 393 110 418 140
bird 0.0472 360 52 415 105
bird 0.0471 161 99 197 126
bird 0.0470 51 112 212 233
bird 0.0463 152 116 188 176
bird 0.0462 259 0 419 169
bird 0.0461 281 0 327 68
bird 0.0460 163 262 294 362
bird 0.0460 387 83 422 106
bird 0.0459 155 66 205 127
bird 0.0458 313 0 410 115
bird 0.0458 243 333 321 372
bird 0.0456 157 79 215 151
bird 0.0455 208 337 301 373
bird 0.0453 124 141 258 217
bird 0.0452 66 13 159 152
bird 0.0452 343 153 400 178
bird 0.0451 129 98 199 128
bird 0.0449 279 50 397 154
bird 0.0443 74 118 331 325
bird 0.0438 134 63 249 172
bird 0.0438 415 16 439 40
bird 0.0438 181 138 232 234
bird 0.0435 261 9 341 145
bird 0.0434 402 24 451 50
bird 0.0428 330 231 440 356
bird 0.0426 146 156 225 237
bird 0.0425 148 219 210 285
bird 0.0424 356 14 478 232
bird 0.0424 283 22 323 101
bird 0.0423 390 32 421 56
bird 0.0422 146 194 213 246
bird 0.0418 399 22 426 45
bird 0.0418 226 333 276 375
bird 0.0417 161 83 206 115
bird 0.0417 354 176 477 364
bird 0.0413 123 104 155 124
bird 0.0411 418 27 453 75
bird 0.0410 257 117 405 239
bird 0.0409 169 111 332 197
bird 0.0405 111 127 199 305
bird 0.0404 403 44 450 131
bird 0.0404 320 82 427 142
bird 0.0401 146 120 171 169
bird 0.0399 389 69 456 164
bird 0.0398 363 279 406 339
bird 0.0397 423 17 443 47
bird 0.0392 165 113 199 140
bird 0.0383 191 9 270 146
bird 0.0382 366 93 391 133
bird 0.0382 385 80 405 109
bird 0.0382 354 131 407 177
bird 0.0381 126 76 389 202
bird 0.0380 464 0 498 65
bird 0.0380 353 69 429 197
bird 0.0377 477 0 499 36
bird 0.0376 335 160 399 204
bird 0.0376 239 314 352 372
bird 0.0371 152 237 207 325
bird 0.0370 389 71 411 90
bird 0.0370 183 112 314 299
bird 0.0369 392 34 484 176
bird 0.0368 372 103 436 154
bird 0.0367 271 301 322 373
bird 0.0366 344 156 423 323
bird 0.0366 139 182 219 222
bird 0.0366 126 117 171 136
bird 0.0364 178 196 222 244
bird 0.0364 400 55 428 82
bird 0.0359 194 208 225 283
bird 0.0359 433 31 458 55
bird 0.0359 368 101 404 131
bird 0.0357 143 103 199 146
bird 0.0357 376 36 419 98
bird 0.0355 365 304 424 360
bird 0.0355 135 133 218 182
bird 0.0350 391 98 417 121
bird 0.0350 196 122 251 221
bird 0.0349 345 178 397 216
bird 0.0348 410 20 485 59
bird 0.0347 226 361 277 374
bird 0.0347 82 88 237 195
bird 0.0346 363 1 405 63
bird 0.0344 322 90 402 208
bird 0.0343 117 160 199 206
bird 0.0343 385 77 439 109
bird 0.0342 298 316 442 372
bird 0.0342 201 115 229 170
bird 0.0339 301 166 400 215
bird 0.0339 389 21 440 46
bird 0.0338 168 106 211 127
bird 0.0333 349 57 402 135
bird 0.0332 158 117 183 161
bird 0.0332 409 18 432 38
bird 0.0331 222 9 303 144
bird 0.0329 360 88 399 113
bird 0.0328 383 103 407 136
bird 0.0328 299 91 437 166
bird 0.0325 110 98 175 155
bird 0.0325 133 313 268 375
bird 0.0324 384 59 437 93
bird 0.0322 338 165 399 240
bird 0.0321 362 152 382 170
bird 0.0321 216 112 390 192
bird 0.0320 236 194 371 375
bird 0.0319 384 37 403 64
bird 0.0317 158 230 356 375
bird 0.0313 406 30 442 73
bird 0.0313 144 34 209 136
bird 0.0313 246 314 269 348
bird 0.0311 60 80 176 188
bird 0.0310 379 89 410 113
bird 0.0310 335 103 419 155
bird 0.0310 192 202 220 232
bird 0.0309 159 343 271 373
bird 0.0309 364 69 407 96
bird 0.0307 34 19 131 158
bird 0.0306 375 29 427 69
bird 0.0304 335 6 458 63
bird 0.0304 418 140 436 171
bird 0.0302 377 75 399 91
bird 0.0302 436 1 489 61
bird 0.0301 210 109 301 238
bird 0.0299 358 78 498 164
bird 0.0299 241 292 279 369
bird 0.0298 394 43 452 87
bird 0.0297 409 24 485 99
bird 0.0297 344 176 398 197
bird 0.0296 123 112 153 138
bird 0.0296 389 64 402 87
bird 0.0295 164 20 281 197
bird 0.0294 184 117 213 161
bird 0.0294 177 211 231 314
bird 0.0294 157 136 185 189
bird 0.0293 384 52 411 94
bird 0.0292 174 94 205 125
bird 0.0292 258 291 382 374
bird 0.0291 115 138 151 209
bird 0.0291 390 56 420 81
bird 0.0290 157 31 199 103
bird 0.0290 37 72 208 300
bird 0.0289 408 87 450 156
bird 0.0289 171 117 210 136
bird 0.0288 18 0 442 193
bird 0.0288 203 98 246 154
bird 0.0287 383 33 410 55
bird 0.0284 295 275 463 360
bird 0.0284 154 60 386 154
bird 0.0283 430 17 450 47
bird 0.0283 164 145 189 185
bird 0.0282 130 196 235 368
bird 0.0280 204 87 319 184
bird 0.0278 243 324 272 373
bird 0.0278 348 0 387 62
bird 0.0277 157 116 250 173
bird 0.0275 95 129 209 208
bird 0.0274 187 177 235 233
bird 0.0274 135 119 176 156
bird 0.0273 412 35 467 148
bird 0.0272 220 154 303 304
bird 0.0271 381 36 409 76
bird 0.0271 284 0 373 61
bird 0.0269 262 348 310 375
bird 0.0267 245 81 366 176
bird 0.0267 171 136 193 175
bird 0.0267 149 150 230 195
bird 0.0267 168 87 211 106
bird 0.0267 9 114 168 365
bird 0.0266 391 40 419 66
bird 0.0264 195 214 235 256
bird 0.0263 126 152 176 217
bird 0.0263 204 80 390 295
bird 0.0262 158 100 180 128
bird 0.0262 356 327 436 365
bird 0.0262 379 41 398 70
bird 0.0260 194 121 220 179
bird 0.0260 359 148 413 174
bird 0.0259 81 75 222 142
bird 0.0259 189 117 209 149
bird 0.0257 212 55 324 153
bird 0.0257 313 154 400 188
bird 0.0256 254 157 348 302
bird 0.0255 101 206 207 325
bird 0.0254 195 115 219 151
bird 0.0254 158 212 205 243
bird 0.0253 142 82 247 141
bird 0.0252 394 25 417 43
bird 0.0252 387 52 401 81
bird 0.0252 251 258 300 361
bird 0.0252 364 347 438 375
boat 0.0294 193 355 247 375
car 0.0682 467 357 500 374
car 0.0434 474 340 500 375
car 0.0320 440 352 500 375
person 0.0837 11 0 453 374
person 0.0314 0 0 220 375
