bottle 0.0253 36 16 95 64
bottle 0.0208 58 13 107 62
car 0.0219 74 0 384 132
cat 0.1294 4 21 298 498
cat 0.0389 1 78 130 460
cat 0.0313 0 6 164 235
cat 0.0294 12 61 211 310
cat 0.0277 214 27 399 235
cat 0.0258 5 135 72 351
cat 0.0255 0 112 120 306
cat 0.0251 36 4 343 324
cat 0.0251 139 82 280 201
cat 0.0234 2 9 149 125
cat 0.0200 98 65 243 226
chair 0.0243 178 33 356 125
chair 0.0239 1 8 212 157
chair 0.0234 113 0 384 121
chair 0.0233 0 42 151 325
chair 0.0226 134 25 295 123
dog 0.7584 1 57 371 500
dog 0.0821 154 34 375 419
dog 0.0694 217 72 371 332
dog 0.0522 9 36 207 468
dog 0.0447 149 61 373 233
dog 0.0419 238 85 390 491
dog 0.0315 1 119 120 472
dog 0.0295 258 118 358 413
dog 0.0269 0 366 123 470
dog 0.0265 0 298 293 500
dog 0.0262 259 103 365 280
dog 0.0243 48 6 393 233
dog 0.0235 247 17 396 268
dog 0.0221 5 172 72 432
dog 0.0201 3 273 77 474
person 0.1039 257 61 392 324
person 0.0618 312 69 398 264
person 0.0433 220 38 391 227
person 0.0401 231 66 359 138
person 0.0352 232 79 369 197
person 0.0324 305 103 399 368
person 0.0322 293 42 388 206
person 0.0321 342 85 398 214
person 0.0311 270 99 395 500
person 0.0310 177 27 382 147
person 0.0309 327 144 398 242
person 0.0281 323 3 398 185
person 0.0250 268 94 394 235
person 0.0249 247 71 318 111
person 0.0246 363 137 399 245
person 0.0246 45 9 124 62
person 0.0226 353 106 399 183
person 0.0224 282 63 344 101
person 0.0213 384 203 398 263
person 0.0201 245 85 344 276
pottedplant 0.0937 16 6 113 68
pottedplant 0.0319 3 9 136 144
pottedplant 0.0272 28 18 93 62
pottedplant 0.0252 22 0 69 64
pottedplant 0.0210 16 6 78 38
pottedplant 0.0204 2 16 120 93
sofa 0.1070 0 0 399 500
sofa 0.0370 128 23 390 160
train 0.0221 32 0 399 168
tvmonitor 0.0283 135 44 381 190
