aeroplane 0.1567 205 256 275 298
aeroplane 0.0287 212 70 428 313
aeroplane 0.0252 50 61 269 291
aeroplane 0.0249 0 0 459 333
bicycle 0.0974 78 259 116 297
bicycle 0.0872 74 214 188 295
bicycle 0.0824 78 257 165 296
bicycle 0.0811 198 197 315 300
bicycle 0.0784 204 251 277 298
bicycle 0.0386 59 248 250 298
bicycle 0.0328 181 248 338 303
bicycle 0.0243 89 228 299 301
bicycle 0.0213 74 270 135 299
bicycle 0.0208 75 243 134 298
bird 0.1100 121 271 163 295
bird 0.0780 81 258 167 295
bird 0.0335 219 252 276 299
bird 0.0323 142 255 293 298
bird 0.0315 121 252 167 297
bird 0.0314 138 277 163 296
bird 0.0295 245 276 273 298
boat 0.0724 203 258 275 296
boat 0.0477 234 280 275 297
boat 0.0475 233 265 274 297
boat 0.0349 0 0 489 333
boat 0.0293 205 256 252 287
boat 0.0277 217 279 284 301
boat 0.0242 239 287 277 299
boat 0.0200 123 285 166 297
bottle 0.0326 244 270 272 297
bottle 0.0318 200 156 225 173
bottle 0.0282 203 256 248 285
bottle 0.0223 149 90 174 125
bus 0.0730 0 0 489 333
bus 0.0234 46 26 409 216
chair 0.0469 229 258 273 298
chair 0.0294 205 255 257 294
chair 0.0254 241 268 271 297
diningtable 0.0374 0 229 351 323
diningtable 0.0307 94 246 292 299
diningtable 0.0283 43 158 291 299
person 0.9063 205 108 309 295
person 0.8432 85 88 180 296
person 0.4252 167 106 275 313
person 0.1881 210 158 274 298
person 0.1475 78 173 161 295
person 0.1105 201 112 309 202
person 0.0820 77 82 263 305
person 0.0807 32 48 174 310
person 0.0720 88 91 181 187
person 0.0650 208 227 273 295
person 0.0594 263 110 311 165
person 0.0567 236 98 387 318
person 0.0508 179 48 360 299
person 0.0493 79 254 166 297
person 0.0475 120 257 163 295
person 0.0465 3 77 118 310
person 0.0429 141 90 182 138
person 0.0417 105 91 181 130
person 0.0396 233 112 311 152
person 0.0391 0 3 488 298
person 0.0330 78 243 126 296
person 0.0314 277 110 305 151
person 0.0310 0 89 172 238
person 0.0286 89 160 234 299
person 0.0272 202 149 224 172
person 0.0262 0 0 244 312
person 0.0255 155 92 176 128
person 0.0242 248 114 304 182
person 0.0232 201 137 249 187
person 0.0215 123 93 176 159
person 0.0215 206 128 280 225
person 0.0213 120 271 147 296
person 0.0213 51 114 152 297
person 0.0202 285 115 362 240
train 0.0548 0 0 441 251
train 0.0225 87 42 500 333
train 0.0209 26 0 500 122
tvmonitor 0.0222 0 7 66 49
