aeroplane 0.0266 254 26 336 51
aeroplane 0.0244 291 31 337 52
aeroplane 0.0212 377 224 429 247
aeroplane 0.0200 258 363 315 375
bird 0.3769 269 139 309 222
bird 0.3267 258 136 334 264
bird 0.2520 270 307 317 375
bird 0.1991 246 134 343 338
bird 0.1856 236 113 433 340
bird 0.1799 259 142 403 271
bird 0.1718 153 25 407 350
bird 0.1303 170 120 309 375
bird 0.1178 96 1 359 238
bird 0.1051 255 200 329 370
bird 0.1038 127 0 217 118
bird 0.1033 44 0 293 324
bird 0.0982 198 26 460 247
bird 0.0975 244 92 348 245
bird 0.0969 279 304 325 332
bird 0.0954 235 227 307 375
bird 0.0945 161 0 205 63
bird 0.0917 287 143 310 203
bird 0.0906 76 0 199 135
bird 0.0898 125 0 274 203
bird 0.0885 85 149 194 346
bird 0.0884 114 0 207 70
bird 0.0883 142 0 328 117
bird 0.0859 19 0 500 361
bird 0.0847 91 0 168 55
bird 0.0838 271 135 323 196
bird 0.0837 275 271 329 362
bird 0.0827 261 184 380 371
bird 0.0820 78 111 243 375
bird 0.0788 279 261 325 328
bird 0.0774 121 119 214 339
bird 0.0727 136 74 211 224
bird 0.0718 218 135 257 201
bird 0.0716 150 130 249 366
bird 0.0712 225 112 320 265
bird 0.0700 265 27 341 52
bird 0.0697 280 191 430 255
bird 0.0688 229 133 306 210
bird 0.0688 232 9 360 97
bird 0.0676 273 255 307 322
bird 0.0661 249 4 345 50
bird 0.0650 50 138 168 317
bird 0.0642 150 48 238 206
bird 0.0637 59 0 209 237
bird 0.0634 298 28 334 48
bird 0.0631 172 31 354 174
bird 0.0629 131 201 205 365
bird 0.0625 42 38 171 206
bird 0.0607 109 18 235 271
bird 0.0606 274 109 370 232
bird 0.0603 101 129 183 276
bird 0.0603 270 227 443 361
bird 0.0601 372 190 420 249
bird 0.0591 159 103 237 246
bird 0.0590 169 119 309 241
bird 0.0589 288 138 336 205
bird 0.0589 307 148 443 256
bird 0.0569 259 6 486 99
bird 0.0567 146 0 235 83
bird 0.0565 63 223 159 352
bird 0.0555 215 14 324 138
bird 0.0551 274 157 324 251
bird 0.0549 136 47 267 309
bird 0.0542 170 0 247 60
bird 0.0530 268 342 313 375
bird 0.0528 398 197 420 228
bird 0.0527 199 200 280 373
bird 0.0523 182 0 278 100
bird 0.0516 282 259 301 297
bird 0.0516 366 171 477 269
bird 0.0515 378 231 477 353
bird 0.0513 271 146 343 228
bird 0.0512 96 61 183 197
bird 0.0510 64 108 156 240
bird 0.0502 122 44 227 159
bird 0.0493 29 62 180 289
bird 0.0491 264 325 301 375
bird 0.0490 26 61 130 191
bird 0.0489 31 176 135 315
bird 0.0488 219 60 375 201
bird 0.0485 281 303 307 327
bird 0.0482 208 294 318 375
bird 0.0478 251 288 340 375
bird 0.0470 211 118 247 191
bird 0.0466 106 176 151 238
bird 0.0462 201 129 279 273
bird 0.0459 120 139 394 316
bird 0.0453 23 252 186 367
bird 0.0452 231 167 325 304
bird 0.0451 30 132 130 266
bird 0.0450 283 301 319 322
bird 0.0450 280 86 421 250
bird 0.0448 255 0 390 75
bird 0.0443 226 0 296 27
bird 0.0439 106 180 145 201
bird 0.0436 213 146 243 192
bird 0.0432 272 136 302 188
bird 0.0428 150 18 427 138
bird 0.0422 102 0 187 38
bird 0.0421 388 194 419 236
bird 0.0418 279 25 337 44
bird 0.0414 272 283 318 337
bird 0.0412 284 171 463 290
bird 0.0412 272 176 363 249
bird 0.0411 256 278 405 362
bird 0.0410 203 132 358 227
bird 0.0409 154 122 199 199
bird 0.0406 85 71 176 105
bird 0.0403 359 2 497 59
bird 0.0392 285 260 314 308
bird 0.0391 147 111 180 186
bird 0.0391 275 0 351 40
bird 0.0389 148 66 217 111
bird 0.0388 85 0 150 35
bird 0.0387 195 0 255 80
bird 0.0385 388 198 433 257
bird 0.0380 112 257 223 366
bird 0.0379 161 231 242 375
bird 0.0377 248 121 401 194
bird 0.0376 135 240 291 375
bird 0.0375 247 137 313 181
bird 0.0373 256 34 388 121
bird 0.0371 262 359 313 374
bird 0.0371 263 196 320 255
bird 0.0367 202 0 284 53
bird 0.0366 35 286 143 330
bird 0.0366 190 87 276 221
bird 0.0364 8 27 199 150
bird 0.0364 269 328 288 370
bird 0.0360 215 56 443 154
bird 0.0360 244 331 316 373
bird 0.0359 281 2 437 52
bird 0.0359 401 197 493 332
bird 0.0358 342 275 495 358
bird 0.0358 80 0 270 94
bird 0.0357 191 0 209 32
bird 0.0355 280 288 345 331
bird 0.0355 140 0 194 56
bird 0.0352 188 0 231 72
bird 0.0352 404 212 455 270
bird 0.0350 272 136 300 160
bird 0.0349 212 124 278 210
bird 0.0345 100 0 174 22
bird 0.0344 217 123 268 178
bird 0.0343 401 146 494 283
bird 0.0343 292 140 317 194
bird 0.0341 72 0 130 52
bird 0.0341 267 146 298 204
bird 0.0339 196 134 231 201
bird 0.0338 123 9 169 81
bird 0.0337 138 118 282 198
bird 0.0336 181 65 359 141
bird 0.0336 346 180 435 288
bird 0.0334 259 82 391 183
bird 0.0332 364 0 480 104
bird 0.0332 38 85 183 172
bird 0.0331 91 179 147 269
bird 0.0328 270 300 338 341
bird 0.0328 268 178 337 305
bird 0.0325 298 3 402 102
bird 0.0324 104 50 321 154
bird 0.0324 328 247 461 347
bird 0.0324 167 334 185 365
bird 0.0322 238 0 394 36
bird 0.0318 273 304 392 375
bird 0.0316 55 177 144 235
bird 0.0316 287 211 422 317
bird 0.0315 374 316 500 374
bird 0.0314 270 222 309 301
bird 0.0314 65 0 171 91
bird 0.0314 106 75 178 118
bird 0.0313 293 1 340 30
bird 0.0313 226 154 246 192
bird 0.0308 270 212 333 262
bird 0.0306 0 309 144 372
bird 0.0306 60 73 211 144
bird 0.0303 120 70 207 104
bird 0.0302 147 0 207 35
bird 0.0301 238 143 281 212
bird 0.0301 293 2 373 48
bird 0.0300 58 167 329 360
bird 0.0300 95 31 256 113
bird 0.0300 290 55 404 96
bird 0.0299 167 125 216 197
bird 0.0298 339 111 487 258
bird 0.0295 145 83 180 159
bird 0.0294 340 204 427 247
bird 0.0293 227 0 312 15
bird 0.0293 349 92 437 227
bird 0.0292 135 73 191 120
bird 0.0290 95 117 167 223
bird 0.0288 108 58 179 99
bird 0.0286 158 340 222 371
bird 0.0286 288 160 326 223
bird 0.0284 107 157 152 215
bird 0.0284 40 135 183 217
bird 0.0283 69 113 209 194
bird 0.0283 258 24 342 73
bird 0.0282 158 13 201 97
bird 0.0282 158 312 204 373
bird 0.0281 162 345 191 367
bird 0.0281 276 141 370 194
bird 0.0281 305 182 328 212
bird 0.0279 132 110 171 180
bird 0.0278 264 349 297 373
bird 0.0278 268 16 394 56
bird 0.0278 145 105 171 125
bird 0.0277 307 71 405 198
bird 0.0277 116 0 155 41
bird 0.0276 287 48 480 112
bird 0.0276 258 0 350 15
bird 0.0276 219 92 265 152
bird 0.0275 337 0 445 86
bird 0.0274 74 65 208 112
bird 0.0274 413 352 437 375
bird 0.0274 328 0 377 44
bird 0.0272 285 40 350 86
bird 0.0272 160 316 300 372
bird 0.0272 155 47 203 107
bird 0.0272 428 1 498 62
bird 0.0271 0 12 211 375
bird 0.0270 367 345 440 374
bird 0.0269 313 27 333 44
bird 0.0269 249 0 316 33
bird 0.0268 298 265 318 303
bird 0.0268 192 0 253 38
bird 0.0267 212 126 233 159
bird 0.0266 400 205 422 243
bird 0.0266 17 111 159 195
bird 0.0264 81 57 153 98
bird 0.0263 178 207 463 373
bird 0.0263 150 69 232 135
bird 0.0263 0 339 20 374
bird 0.0262 310 26 326 40
bird 0.0262 278 137 315 179
bird 0.0261 301 6 335 40
bird 0.0260 406 201 423 228
bird 0.0260 200 105 256 200
bird 0.0260 307 185 496 351
bird 0.0259 41 180 182 263
bird 0.0258 285 293 299 316
bird 0.0258 25 0 326 144
bird 0.0258 109 136 244 215
bird 0.0258 115 172 170 261
bird 0.0257 129 88 172 154
bird 0.0257 82 0 443 102
bird 0.0256 280 136 305 168
bird 0.0254 159 68 250 105
bird 0.0254 136 7 192 101
bird 0.0253 176 0 212 48
bird 0.0253 20 159 158 241
bird 0.0252 103 22 182 95
bird 0.0252 150 73 207 171
bird 0.0250 267 333 352 375
bird 0.0249 273 257 354 335
bird 0.0248 287 303 356 324
bird 0.0248 190 175 291 311
bird 0.0247 290 154 312 187
bird 0.0247 213 66 276 109
bird 0.0247 151 112 170 152
bird 0.0246 217 0 313 75
bird 0.0246 44 284 90 336
bird 0.0246 147 133 181 219
bird 0.0245 401 359 442 375
bird 0.0245 291 161 309 210
bird 0.0245 177 132 247 199
bird 0.0244 222 129 297 164
bird 0.0243 244 0 298 49
bird 0.0243 143 347 207 375
bird 0.0243 150 91 316 172
bird 0.0243 229 52 354 96
bird 0.0242 458 300 497 371
bird 0.0241 271 203 311 238
bird 0.0241 229 319 297 374
bird 0.0240 250 160 306 271
bird 0.0239 318 22 333 39
bird 0.0239 304 139 353 197
bird 0.0238 193 0 219 42
bird 0.0237 374 165 421 233
bird 0.0237 218 0 264 66
bird 0.0236 258 258 299 330
bird 0.0235 73 185 155 301
bird 0.0234 316 193 395 243
bird 0.0233 292 281 322 323
bird 0.0233 374 323 444 368
bird 0.0233 196 54 257 98
bird 0.0232 85 176 153 213
bird 0.0232 113 0 166 15
bird 0.0232 262 241 319 342
bird 0.0231 353 58 376 87
bird 0.0231 223 113 285 155
bird 0.0231 86 97 142 117
bird 0.0231 90 100 172 168
bird 0.0230 70 160 209 238
bird 0.0230 393 193 414 220
bird 0.0228 405 220 427 247
bird 0.0228 68 65 141 107
bird 0.0228 12 213 181 331
bird 0.0227 193 0 341 43
bird 0.0226 63 267 276 367
boat 0.0330 38 0 183 166
boat 0.0277 31 0 305 321
person 0.0647 9 0 468 375
person 0.0244 0 0 341 258
