aeroplane 0.0366 0 0 488 375
bottle 0.0437 170 111 189 141
bottle 0.0229 473 236 500 310
bottle 0.0208 426 209 453 230
bottle 0.0202 459 247 487 277
car 0.0232 0 0 99 345
chair 0.6619 3 214 110 346
chair 0.4447 305 197 489 375
chair 0.2186 157 177 256 291
chair 0.2059 2 215 71 318
chair 0.1368 22 209 238 335
chair 0.1066 146 225 282 306
chair 0.1027 1 210 44 282
chair 0.1025 424 205 498 331
chair 0.1024 10 217 110 285
chair 0.0766 478 240 500 274
chair 0.0736 0 214 25 299
chair 0.0699 400 236 492 372
chair 0.0691 203 204 471 327
chair 0.0689 158 225 220 306
chair 0.0670 173 216 368 310
chair 0.0661 300 200 440 308
chair 0.0637 439 197 498 281
chair 0.0616 306 305 495 371
chair 0.0614 457 239 500 275
chair 0.0585 34 199 138 273
chair 0.0580 0 206 36 328
chair 0.0574 476 209 500 275
chair 0.0567 0 209 78 267
chair 0.0560 90 201 269 299
chair 0.0545 8 247 59 344
chair 0.0521 0 248 178 349
chair 0.0509 375 212 500 280
chair 0.0507 39 216 93 272
chair 0.0483 308 192 479 273
chair 0.0466 453 184 497 255
chair 0.0461 297 233 390 361
chair 0.0457 450 227 499 296
chair 0.0457 5 213 55 251
chair 0.0446 15 180 132 316
chair 0.0441 321 230 456 335
chair 0.0422 156 196 215 284
chair 0.0420 23 217 61 279
chair 0.0418 304 269 436 375
chair 0.0415 66 219 131 263
chair 0.0403 406 230 500 298
chair 0.0403 195 190 303 302
chair 0.0397 341 216 471 303
chair 0.0393 85 213 174 325
chair 0.0389 52 224 112 279
chair 0.0389 230 210 395 285
chair 0.0386 168 181 368 274
chair 0.0384 23 214 76 251
chair 0.0381 283 238 364 271
chair 0.0372 0 216 36 256
chair 0.0367 454 215 500 269
chair 0.0367 393 204 497 257
chair 0.0354 38 233 118 319
chair 0.0352 184 210 254 303
chair 0.0352 355 262 470 372
chair 0.0347 161 217 265 268
chair 0.0344 184 240 324 321
chair 0.0339 247 214 290 270
chair 0.0330 0 235 52 305
chair 0.0330 21 216 50 261
chair 0.0330 94 209 138 264
chair 0.0330 0 277 116 350
chair 0.0327 277 223 426 277
chair 0.0317 141 182 281 340
chair 0.0317 19 216 49 239
chair 0.0314 221 245 371 367
chair 0.0311 430 270 491 375
chair 0.0304 309 309 400 375
chair 0.0295 301 233 400 287
chair 0.0294 70 157 138 264
chair 0.0292 453 244 494 266
chair 0.0288 304 341 402 373
chair 0.0287 211 217 281 304
chair 0.0286 424 253 480 320
chair 0.0283 362 247 497 318
chair 0.0282 13 226 53 288
chair 0.0277 299 242 372 299
chair 0.0277 246 216 349 325
chair 0.0274 16 219 40 255
chair 0.0272 273 191 422 263
chair 0.0272 121 186 486 375
chair 0.0269 0 234 32 278
chair 0.0268 38 243 126 281
chair 0.0268 27 218 55 244
chair 0.0261 315 242 441 299
chair 0.0254 12 232 94 273
chair 0.0253 107 215 152 262
chair 0.0253 149 232 189 298
chair 0.0253 78 189 373 334
chair 0.0251 170 204 278 250
chair 0.0251 444 235 500 366
chair 0.0251 183 182 250 266
chair 0.0248 260 228 318 271
chair 0.0246 0 109 96 334
chair 0.0245 2 215 39 238
chair 0.0245 468 205 498 254
chair 0.0244 281 223 367 259
chair 0.0240 416 243 495 282
chair 0.0239 2 247 32 309
chair 0.0239 306 276 368 374
chair 0.0235 330 259 455 311
chair 0.0233 154 221 238 254
chair 0.0233 427 198 498 242
chair 0.0229 152 219 207 264
chair 0.0227 1 244 23 293
chair 0.0227 149 182 229 246
chair 0.0227 400 313 491 374
chair 0.0226 1 210 23 250
chair 0.0225 435 236 498 265
chair 0.0223 93 183 139 249
chair 0.0221 265 145 437 326
chair 0.0221 279 249 334 272
chair 0.0217 13 248 95 285
chair 0.0217 21 237 80 297
chair 0.0215 477 231 500 262
chair 0.0215 92 252 268 318
chair 0.0215 334 209 467 252
chair 0.0212 48 261 119 345
chair 0.0209 349 159 487 305
chair 0.0208 50 228 155 270
chair 0.0208 410 159 499 273
chair 0.0207 221 215 283 265
chair 0.0207 47 215 77 255
chair 0.0206 123 216 169 262
chair 0.0205 155 260 241 307
chair 0.0204 302 256 367 326
chair 0.0200 401 244 471 330
diningtable 0.0715 28 212 287 323
diningtable 0.0439 66 184 434 327
diningtable 0.0262 0 219 374 362
diningtable 0.0256 38 214 157 267
person 0.0560 257 68 500 373
person 0.0450 80 159 115 209
person 0.0415 304 159 487 352
person 0.0402 299 218 463 284
person 0.0390 0 0 500 340
person 0.0294 84 163 108 199
person 0.0237 75 166 100 211
person 0.0231 344 213 447 271
person 0.0226 0 107 141 321
person 0.0224 0 0 225 370
person 0.0203 176 111 196 142
pottedplant 0.0755 286 247 362 274
pottedplant 0.0414 307 247 355 265
pottedplant 0.0228 310 246 340 273
pottedplant 0.0211 283 250 330 269
pottedplant 0.0206 309 246 356 286
sofa 0.4271 308 200 491 375
sofa 0.0522 179 181 479 342
sofa 0.0433 0 198 195 327
sofa 0.0334 0 191 379 337
train 0.0530 0 0 496 325
train 0.0226 28 131 462 315
tvmonitor 0.8456 73 157 139 222
tvmonitor 0.4479 150 165 251 239
tvmonitor 0.1868 96 162 226 226
tvmonitor 0.0989 423 215 499 336
tvmonitor 0.0738 19 148 128 209
tvmonitor 0.0701 174 171 243 220
tvmonitor 0.0620 462 242 499 275
tvmonitor 0.0589 88 160 134 204
tvmonitor 0.0589 58 218 83 248
tvmonitor 0.0531 170 111 191 141
tvmonitor 0.0528 50 165 143 255
tvmonitor 0.0512 67 167 83 217
tvmonitor 0.0505 426 245 496 309
tvmonitor 0.0490 110 175 259 262
tvmonitor 0.0459 54 165 82 226
tvmonitor 0.0458 79 160 118 212
tvmonitor 0.0452 161 196 258 245
tvmonitor 0.0423 440 236 500 289
tvmonitor 0.0421 27 160 105 222
tvmonitor 0.0420 162 169 240 199
tvmonitor 0.0382 159 180 230 229
tvmonitor 0.0375 75 163 101 202
tvmonitor 0.0347 69 219 90 248
tvmonitor 0.0334 55 216 97 254
tvmonitor 0.0328 0 111 122 226
tvmonitor 0.0318 83 178 146 230
tvmonitor 0.0316 151 161 226 217
tvmonitor 0.0313 461 241 500 309
tvmonitor 0.0287 0 155 127 258
tvmonitor 0.0281 101 209 139 264
tvmonitor 0.0277 85 159 108 193
tvmonitor 0.0275 155 161 247 187
tvmonitor 0.0269 59 179 78 220
tvmonitor 0.0267 208 169 245 222
tvmonitor 0.0266 477 240 500 287
tvmonitor 0.0264 180 189 244 230
tvmonitor 0.0262 159 166 345 246
tvmonitor 0.0260 0 13 62 53
tvmonitor 0.0245 67 131 151 206
tvmonitor 0.0244 461 317 496 375
tvmonitor 0.0241 10 198 143 264
tvmonitor 0.0235 42 177 266 293
tvmonitor 0.0232 70 156 99 218
tvmonitor 0.0228 57 214 141 249
tvmonitor 0.0227 55 156 111 210
tvmonitor 0.0226 111 164 135 197
tvmonitor 0.0225 132 150 297 227
tvmonitor 0.0224 32 184 77 225
tvmonitor 0.0222 188 171 239 186
tvmonitor 0.0221 59 91 146 227
tvmonitor 0.0221 54 213 79 231
tvmonitor 0.0215 2 201 78 254
tvmonitor 0.0214 159 174 199 233
tvmonitor 0.0211 34 154 77 218
tvmonitor 0.0210 6 178 82 236
tvmonitor 0.0207 48 216 72 240
tvmonitor 0.0200 57 180 88 242
