aeroplane 0.0257 416 199 464 214
bicycle 0.0478 92 150 128 201
bird 0.0269 38 0 480 283
boat 0.7692 70 185 414 277
boat 0.1844 58 134 481 272
boat 0.1500 74 162 269 268
boat 0.0970 241 193 422 280
boat 0.0717 72 150 131 204
boat 0.0681 26 10 478 287
boat 0.0650 325 197 433 279
boat 0.0614 68 161 173 266
boat 0.0601 414 202 464 215
boat 0.0495 39 174 481 332
boat 0.0467 208 160 463 293
boat 0.0466 94 145 378 224
boat 0.0435 68 182 130 205
boat 0.0338 259 193 421 242
boat 0.0329 69 183 117 197
boat 0.0320 71 152 159 226
boat 0.0315 121 173 435 246
boat 0.0300 48 155 130 271
boat 0.0293 71 169 220 236
boat 0.0287 126 212 362 269
boat 0.0282 354 187 468 270
boat 0.0280 405 201 466 223
boat 0.0280 316 196 413 227
boat 0.0268 122 144 328 199
boat 0.0263 280 195 389 224
boat 0.0255 367 198 461 227
boat 0.0254 300 186 472 299
boat 0.0254 80 147 250 216
boat 0.0241 69 184 98 202
boat 0.0238 64 200 207 271
boat 0.0238 57 206 306 284
boat 0.0233 97 230 321 274
boat 0.0223 68 168 131 220
boat 0.0223 199 228 416 278
boat 0.0217 387 192 467 217
boat 0.0202 143 197 363 249
boat 0.0201 68 184 111 256
car 0.0595 84 150 127 167
car 0.0550 416 200 463 213
car 0.0313 1 146 18 166
car 0.0241 85 148 120 160
car 0.0238 3 151 31 165
chair 0.0563 85 149 130 199
chair 0.0332 86 150 125 173
chair 0.0288 101 152 125 188
chair 0.0238 106 156 129 201
dog 0.0227 31 0 441 308
person 0.0801 154 187 211 222
person 0.0655 185 194 211 237
person 0.0574 144 182 212 240
person 0.0418 182 193 211 217
person 0.0349 105 183 219 256
person 0.0341 169 194 205 235
person 0.0323 141 187 203 210
person 0.0295 162 199 191 237
person 0.0291 151 208 168 234
person 0.0287 167 205 185 234
person 0.0282 174 208 192 238
person 0.0272 112 162 213 229
person 0.0269 166 190 211 212
person 0.0264 194 204 213 237
person 0.0255 158 209 177 234
person 0.0250 102 154 127 201
person 0.0249 141 187 252 253
person 0.0248 152 196 183 235
person 0.0230 190 198 214 221
person 0.0221 141 186 187 229
person 0.0202 164 191 188 217
sheep 0.0335 35 0 472 303
tvmonitor 0.0237 251 193 415 264
