bird 0.0201 0 0 415 241
bus 0.0271 0 0 454 262
cat 0.0442 0 0 448 291
chair 0.0201 370 220 483 308
person 0.0425 34 139 50 166
person 0.0308 47 0 68 18
person 0.0269 401 156 426 182
person 0.0269 29 136 45 166
person 0.0263 0 0 233 288
person 0.0250 120 0 135 10
person 0.0245 0 10 474 309
person 0.0231 415 157 436 181
person 0.0222 39 138 56 163
person 0.0212 390 148 423 190
person 0.0202 443 0 493 64
pottedplant 0.0234 34 142 53 165
pottedplant 0.0205 0 14 301 113
sofa 0.0547 0 102 434 316
sofa 0.0524 4 173 304 266
sofa 0.0296 5 164 94 262
sofa 0.0285 376 211 478 310
sofa 0.0262 0 199 345 308
sofa 0.0226 7 178 173 255
train 0.0364 0 0 476 284
train 0.0232 0 0 500 109
tvmonitor 0.8637 386 140 467 209
tvmonitor 0.1165 17 0 402 62
tvmonitor 0.0803 419 140 500 209
tvmonitor 0.0763 384 79 469 211
tvmonitor 0.0683 0 2 424 313
tvmonitor 0.0656 392 113 438 144
tvmonitor 0.0640 390 148 461 186
tvmonitor 0.0612 451 0 500 138
tvmonitor 0.0608 430 143 466 201
tvmonitor 0.0606 0 148 397 306
tvmonitor 0.0598 380 129 500 228
tvmonitor 0.0446 392 170 465 206
tvmonitor 0.0428 374 0 483 210
tvmonitor 0.0402 390 124 463 178
tvmonitor 0.0386 390 144 433 197
tvmonitor 0.0373 342 143 447 207
tvmonitor 0.0361 389 152 426 184
tvmonitor 0.0358 100 0 323 38
tvmonitor 0.0352 388 139 461 166
tvmonitor 0.0347 376 162 480 242
tvmonitor 0.0343 417 139 468 181
tvmonitor 0.0326 412 114 435 142
tvmonitor 0.0323 3 0 293 128
tvmonitor 0.0310 31 6 220 60
tvmonitor 0.0308 385 203 416 230
tvmonitor 0.0274 427 169 467 208
tvmonitor 0.0270 427 116 441 142
tvmonitor 0.0263 419 141 463 157
tvmonitor 0.0258 432 0 500 80
tvmonitor 0.0255 385 198 404 227
tvmonitor 0.0254 436 123 447 141
tvmonitor 0.0251 439 152 462 179
tvmonitor 0.0245 422 112 444 145
tvmonitor 0.0243 9 0 150 56
tvmonitor 0.0240 379 179 458 231
tvmonitor 0.0237 391 141 436 156
tvmonitor 0.0236 436 143 465 163
tvmonitor 0.0236 296 131 389 217
tvmonitor 0.0233 392 114 411 143
tvmonitor 0.0225 382 128 455 155
tvmonitor 0.0222 316 121 433 222
tvmonitor 0.0218 389 105 442 161
tvmonitor 0.0218 403 210 418 232
tvmonitor 0.0217 458 0 499 59
tvmonitor 0.0216 387 142 419 164
tvmonitor 0.0215 410 108 446 148
tvmonitor 0.0214 432 113 450 145
tvmonitor 0.0212 438 161 463 189
tvmonitor 0.0209 383 201 468 250
tvmonitor 0.0205 388 201 448 232
tvmonitor 0.0203 385 197 413 216
tvmonitor 0.0202 388 162 417 194
