bicycle 0.0322 348 322 419 391
bird 0.5771 205 92 369 311
bird 0.1920 173 90 395 416
bird 0.1527 29 72 419 456
bird 0.1103 252 97 415 345
bird 0.0935 0 364 60 500
bird 0.0883 232 192 373 313
bird 0.0789 228 92 374 201
bird 0.0641 289 93 372 170
bird 0.0631 205 188 419 373
bird 0.0616 107 90 357 239
bird 0.0558 297 160 414 307
bird 0.0466 294 87 400 200
bird 0.0455 195 161 334 299
bird 0.0429 323 106 371 171
bird 0.0427 158 94 308 192
bird 0.0417 0 283 82 500
bird 0.0406 252 141 343 323
bird 0.0388 0 398 135 497
bird 0.0387 34 353 358 492
bird 0.0380 273 248 419 342
bird 0.0350 0 436 62 498
bird 0.0349 165 410 353 493
bird 0.0335 239 91 369 149
bird 0.0324 205 238 353 337
bird 0.0288 173 109 307 314
bird 0.0282 172 331 401 500
bird 0.0281 338 90 418 276
bird 0.0250 0 397 32 500
bird 0.0243 347 91 416 173
bird 0.0240 283 30 412 175
bird 0.0238 294 170 341 309
bird 0.0230 96 397 415 500
bird 0.0215 301 145 363 306
bird 0.0214 309 96 374 245
bird 0.0211 188 365 321 490
bird 0.0208 215 435 344 493
bird 0.0207 241 37 395 268
bird 0.0206 146 55 366 195
boat 0.0203 287 262 419 323
bottle 0.0412 0 348 47 500
bottle 0.0339 14 97 178 200
bottle 0.0338 231 337 419 497
bottle 0.0304 0 83 232 235
bottle 0.0264 259 265 419 465
bottle 0.0258 0 294 69 386
bottle 0.0252 0 314 89 491
bottle 0.0250 8 362 149 497
bottle 0.0240 0 389 30 499
bottle 0.0223 1 158 61 357
bottle 0.0221 274 273 419 371
bottle 0.0220 0 265 65 357
bottle 0.0216 265 84 370 138
bottle 0.0204 0 217 60 318
bottle 0.0204 0 327 58 395
bottle 0.0202 1 188 36 312
bottle 0.0200 1 251 19 301
car 0.0357 350 327 419 384
car 0.0352 328 272 419 377
car 0.0289 315 261 418 317
car 0.0214 0 96 18 149
chair 0.0455 241 299 419 499
chair 0.0367 326 274 419 489
chair 0.0322 353 324 418 400
chair 0.0286 368 325 419 485
chair 0.0257 346 330 419 367
chair 0.0242 0 283 84 391
chair 0.0226 261 409 419 497
chair 0.0224 309 313 419 387
chair 0.0223 0 292 50 500
chair 0.0207 0 243 52 402
chair 0.0203 382 334 419 442
person 0.7919 0 87 399 497
person 0.3207 190 86 402 467
person 0.1657 0 101 143 427
person 0.0989 0 101 294 377
person 0.0855 1 107 87 372
person 0.0707 268 109 418 387
person 0.0703 279 209 418 493
person 0.0696 90 91 386 334
person 0.0626 0 228 137 500
person 0.0569 4 94 243 274
person 0.0553 192 277 416 499
person 0.0487 67 97 222 199
person 0.0474 321 121 419 328
person 0.0460 1 289 74 500
person 0.0455 3 210 78 438
person 0.0425 288 217 419 369
person 0.0413 166 99 309 416
person 0.0399 0 0 16 44
person 0.0395 0 120 60 316
person 0.0348 0 278 323 500
person 0.0347 89 93 306 211
person 0.0342 111 111 266 285
person 0.0334 89 98 259 453
person 0.0329 2 132 177 311
person 0.0302 44 73 339 254
person 0.0299 0 118 18 176
person 0.0294 0 213 147 370
person 0.0288 380 212 418 299
person 0.0285 0 100 120 250
person 0.0278 334 245 419 399
person 0.0274 85 106 212 332
person 0.0270 385 66 418 163
person 0.0265 0 333 198 496
person 0.0261 0 0 38 45
person 0.0258 1 126 35 238
person 0.0251 0 140 17 198
person 0.0246 341 206 419 308
person 0.0236 0 0 20 86
person 0.0231 76 110 166 282
person 0.0220 166 211 343 490
person 0.0216 1 155 36 301
person 0.0215 348 249 419 300
person 0.0215 0 119 21 212
person 0.0212 183 162 269 342
person 0.0208 57 182 221 376
pottedplant 0.0447 341 0 418 100
pottedplant 0.0429 379 1 418 89
pottedplant 0.0393 352 147 418 300
pottedplant 0.0387 380 142 419 278
pottedplant 0.0334 277 2 419 75
pottedplant 0.0327 0 2 72 76
pottedplant 0.0287 331 0 419 51
pottedplant 0.0264 0 0 53 42
pottedplant 0.0261 259 0 390 47
pottedplant 0.0239 371 1 419 148
pottedplant 0.0225 264 2 353 71
pottedplant 0.0210 374 208 419 284
