bicycle 0.9438 24 17 481 311
bicycle 0.1002 345 73 483 318
bicycle 0.0562 249 23 336 115
bicycle 0.0527 47 28 288 265
bicycle 0.0517 153 21 410 281
bicycle 0.0498 29 26 147 204
bicycle 0.0471 33 24 135 102
bicycle 0.0466 204 20 346 86
bicycle 0.0388 229 48 460 306
bicycle 0.0344 193 214 490 313
bicycle 0.0340 47 24 367 127
bicycle 0.0325 236 247 434 310
bicycle 0.0263 306 13 492 228
bicycle 0.0252 25 5 440 178
bicycle 0.0251 19 11 188 282
bicycle 0.0239 379 99 476 260
bicycle 0.0236 102 20 333 80
bicycle 0.0233 254 16 396 136
bicycle 0.0233 404 134 496 316
bicycle 0.0224 337 242 490 313
bottle 0.2972 193 155 230 201
bottle 0.2098 186 155 229 234
bottle 0.1400 206 156 230 191
bottle 0.0793 235 182 256 227
bottle 0.0791 173 147 226 212
bottle 0.0725 201 159 234 226
bottle 0.0657 183 152 223 191
bottle 0.0631 221 186 239 222
bottle 0.0613 238 136 282 229
bottle 0.0576 230 188 247 224
bottle 0.0574 149 210 174 261
bottle 0.0562 331 103 362 156
bottle 0.0559 216 177 243 226
bottle 0.0508 187 155 227 176
bottle 0.0507 224 170 253 227
bottle 0.0502 215 189 233 226
bottle 0.0474 187 153 209 182
bottle 0.0463 281 82 311 134
bottle 0.0460 238 171 255 215
bottle 0.0455 270 193 290 219
bottle 0.0451 220 176 238 209
bottle 0.0435 158 147 228 260
bottle 0.0429 213 166 232 207
bottle 0.0404 236 164 265 227
bottle 0.0389 183 157 203 191
bottle 0.0364 227 180 260 242
bottle 0.0362 162 152 206 217
bottle 0.0357 246 114 297 215
bottle 0.0345 160 101 223 205
bottle 0.0331 107 94 136 178
bottle 0.0327 145 111 180 185
bottle 0.0323 203 182 229 232
bottle 0.0323 176 142 210 191
bottle 0.0308 213 202 232 233
bottle 0.0305 222 148 252 212
bottle 0.0305 206 173 242 244
bottle 0.0303 169 229 185 258
bottle 0.0290 217 148 272 252
bottle 0.0289 228 185 249 210
bottle 0.0281 207 152 238 206
bottle 0.0279 218 163 236 195
bottle 0.0269 158 121 200 193
bottle 0.0269 172 125 204 183
bottle 0.0266 270 174 296 215
bottle 0.0266 220 200 239 234
bottle 0.0264 260 151 294 215
bottle 0.0252 203 167 225 215
bottle 0.0252 182 147 201 175
bottle 0.0249 251 63 314 204
bottle 0.0244 138 92 193 211
bottle 0.0242 133 106 169 174
bottle 0.0242 207 157 225 178
bottle 0.0240 237 144 260 213
bottle 0.0235 194 190 232 243
bottle 0.0235 177 178 224 255
bottle 0.0231 331 121 354 155
bottle 0.0227 239 156 255 197
bottle 0.0225 224 200 254 245
bottle 0.0224 269 196 305 222
bottle 0.0223 181 157 256 244
bottle 0.0223 282 83 309 112
bottle 0.0221 182 115 230 202
bottle 0.0218 147 144 174 219
bottle 0.0217 312 83 418 161
bottle 0.0215 184 137 208 176
bottle 0.0210 223 227 267 249
bottle 0.0206 171 228 235 256
bottle 0.0205 191 148 205 167
bottle 0.0204 180 155 212 173
bottle 0.0202 295 90 379 184
car 0.0304 380 0 468 82
car 0.0251 276 13 427 84
car 0.0235 358 0 485 177
car 0.0226 42 30 148 74
car 0.0225 350 0 438 82
car 0.0219 415 0 493 88
chair 0.0631 36 27 131 125
chair 0.0533 295 71 448 307
chair 0.0506 25 23 147 236
chair 0.0438 267 29 408 280
chair 0.0383 21 115 142 267
chair 0.0370 314 17 455 239
chair 0.0355 248 21 337 91
chair 0.0340 0 31 108 274
chair 0.0331 20 27 95 147
chair 0.0317 39 29 95 89
chair 0.0301 36 171 162 264
chair 0.0278 30 6 127 90
chair 0.0272 39 30 132 70
chair 0.0271 242 15 361 236
chair 0.0270 251 19 335 153
chair 0.0265 361 55 474 245
chair 0.0264 314 61 413 178
chair 0.0249 338 78 436 208
chair 0.0248 403 155 495 321
chair 0.0243 14 86 93 235
chair 0.0242 285 29 431 159
chair 0.0225 236 116 393 319
chair 0.0213 255 83 350 265
chair 0.0212 259 51 334 210
chair 0.0208 169 248 382 309
chair 0.0204 28 73 136 181
diningtable 0.0247 46 173 442 281
diningtable 0.0209 71 222 452 309
person 0.0586 294 64 438 296
person 0.0363 344 28 479 280
person 0.0284 37 31 80 88
pottedplant 0.0381 252 22 337 120
pottedplant 0.0284 255 71 314 181
pottedplant 0.0254 24 59 161 267
pottedplant 0.0240 249 24 337 73
tvmonitor 0.0262 306 84 420 153
