aeroplane 0.2975 224 4 497 145
aeroplane 0.2158 137 5 478 270
aeroplane 0.0798 50 0 455 129
aeroplane 0.0670 395 1 496 138
aeroplane 0.0642 0 17 412 314
aeroplane 0.0508 184 48 436 139
aeroplane 0.0445 320 50 500 138
aeroplane 0.0282 321 6 494 209
aeroplane 0.0262 289 1 494 74
aeroplane 0.0215 362 78 500 144
bicycle 0.0715 8 183 162 335
bicycle 0.0634 48 209 238 334
bicycle 0.0457 49 231 157 332
bicycle 0.0278 84 222 142 310
bicycle 0.0269 108 224 392 331
boat 0.1791 101 66 500 326
boat 0.0946 163 9 500 115
boat 0.0697 69 128 212 326
boat 0.0545 48 223 289 332
boat 0.0495 198 17 413 88
boat 0.0463 83 216 200 327
boat 0.0439 194 46 388 115
boat 0.0401 0 11 361 198
boat 0.0377 136 280 194 314
boat 0.0374 132 254 199 320
boat 0.0361 179 4 390 66
boat 0.0356 117 175 216 320
boat 0.0308 94 149 301 330
boat 0.0307 108 151 192 275
boat 0.0299 52 268 219 331
boat 0.0297 154 175 500 335
boat 0.0284 246 1 472 69
boat 0.0281 157 17 300 93
boat 0.0276 6 262 156 332
boat 0.0269 94 201 197 284
boat 0.0265 51 220 157 335
boat 0.0264 279 3 476 145
boat 0.0259 105 188 191 247
boat 0.0237 206 0 395 134
boat 0.0209 204 34 500 201
boat 0.0207 89 210 140 295
boat 0.0204 112 272 298 331
bottle 0.0669 365 123 388 155
bottle 0.0426 323 146 406 237
bottle 0.0347 132 172 152 201
bottle 0.0337 353 168 403 237
bottle 0.0305 120 69 136 106
bottle 0.0254 134 179 164 201
bottle 0.0251 115 63 139 116
bottle 0.0250 130 128 161 202
bottle 0.0240 132 154 156 201
bottle 0.0230 168 122 197 184
car 0.1691 481 113 500 141
car 0.1398 1 2 162 156
car 0.1380 73 47 455 328
car 0.1031 94 14 423 128
car 0.0881 461 0 499 8
car 0.0746 27 5 238 118
car 0.0729 0 0 97 73
car 0.0557 2 5 84 46
car 0.0515 80 0 147 10
car 0.0512 8 2 133 97
car 0.0503 463 115 499 141
car 0.0498 0 4 64 121
car 0.0451 2 45 41 112
car 0.0407 0 0 83 15
car 0.0399 1 1 49 63
car 0.0387 0 65 25 101
car 0.0371 5 0 379 93
car 0.0368 0 0 142 39
car 0.0332 3 26 111 128
car 0.0329 0 36 48 162
car 0.0323 0 60 37 93
car 0.0321 440 101 499 141
car 0.0319 116 7 277 106
car 0.0318 45 0 148 13
car 0.0317 0 60 28 130
car 0.0314 0 25 51 86
car 0.0307 109 322 162 335
car 0.0297 421 115 495 143
car 0.0275 35 6 126 44
car 0.0273 74 56 135 116
car 0.0266 29 1 99 36
car 0.0263 85 131 218 287
car 0.0261 0 0 59 8
car 0.0261 0 49 69 88
car 0.0260 0 0 56 29
car 0.0260 479 91 500 142
car 0.0254 167 0 261 55
car 0.0250 456 74 498 143
car 0.0246 68 29 139 100
car 0.0242 0 75 20 118
car 0.0242 158 3 315 70
car 0.0242 370 0 500 148
car 0.0241 134 290 196 314
car 0.0237 51 1 145 29
car 0.0229 404 0 497 72
car 0.0217 11 48 125 102
car 0.0217 448 124 498 141
car 0.0215 0 56 75 127
car 0.0213 0 0 44 14
car 0.0212 106 0 134 9
car 0.0211 82 318 166 335
car 0.0209 435 0 500 10
car 0.0208 12 33 93 75
car 0.0206 0 0 20 39
chair 0.1006 193 6 234 74
chair 0.0952 70 229 145 333
chair 0.0546 206 10 233 61
chair 0.0425 189 9 230 47
chair 0.0350 97 231 235 329
chair 0.0305 189 33 238 85
chair 0.0297 187 10 214 62
chair 0.0276 25 226 121 334
chair 0.0268 29 272 149 335
chair 0.0250 128 113 192 197
chair 0.0244 193 14 218 48
chair 0.0239 84 269 142 335
chair 0.0237 171 10 224 70
chair 0.0217 308 165 415 248
chair 0.0213 191 20 220 75
chair 0.0207 112 69 191 190
chair 0.0206 125 280 205 327
chair 0.0203 65 282 194 332
chair 0.0202 121 117 222 228
diningtable 0.0879 61 185 382 335
diningtable 0.0442 0 80 352 335
diningtable 0.0372 0 210 256 335
person 0.8741 139 36 386 326
person 0.7296 16 10 151 335
person 0.5151 133 0 200 129
person 0.4904 52 24 276 335
person 0.3295 103 1 199 179
person 0.2292 156 0 230 115
person 0.2270 188 1 235 86
person 0.2051 29 0 170 174
person 0.1771 114 8 225 253
person 0.1654 2 3 118 194
person 0.1562 155 1 198 97
person 0.1527 120 30 183 206
person 0.1516 164 71 303 335
person 0.1446 367 123 388 155
person 0.1337 68 3 155 135
person 0.1244 173 0 231 58
person 0.1138 154 31 246 146
person 0.1132 107 0 180 117
person 0.1088 126 10 281 140
person 0.1016 52 1 202 267
person 0.0970 187 48 273 106
person 0.0886 191 21 251 102
person 0.0858 173 52 300 137
person 0.0853 149 46 365 203
person 0.0842 22 168 125 334
person 0.0839 126 43 222 162
person 0.0835 1 6 92 112
person 0.0803 187 5 212 48
person 0.0796 164 0 198 62
person 0.0760 178 2 207 56
person 0.0759 333 128 403 238
person 0.0740 99 85 235 331
person 0.0739 191 0 234 32
person 0.0720 217 48 399 255
person 0.0711 137 0 186 78
person 0.0681 65 209 146 335
person 0.0660 6 147 200 335
person 0.0651 144 50 255 226
person 0.0643 219 46 267 99
person 0.0634 174 17 215 102
person 0.0630 50 117 155 326
person 0.0626 30 6 125 112
person 0.0615 192 1 235 17
person 0.0605 127 101 191 213
person 0.0600 148 1 214 64
person 0.0583 125 0 176 15
person 0.0571 204 1 234 49
person 0.0560 166 0 215 33
person 0.0559 171 49 402 143
person 0.0551 208 20 499 307
person 0.0549 187 35 225 95
person 0.0528 112 74 164 215
person 0.0515 168 25 197 107
person 0.0506 92 83 143 235
person 0.0477 181 35 205 103
person 0.0472 22 5 106 72
person 0.0471 13 12 64 80
person 0.0467 60 14 428 216
person 0.0462 188 179 277 335
person 0.0461 147 155 358 328
person 0.0461 466 0 500 7
person 0.0454 294 107 405 247
person 0.0435 225 47 257 85
person 0.0419 114 200 217 327
person 0.0414 20 4 85 50
person 0.0413 122 0 179 29
person 0.0412 185 1 214 24
person 0.0407 362 122 393 174
person 0.0406 279 8 490 214
person 0.0406 200 32 239 93
person 0.0406 2 17 47 96
person 0.0403 121 1 179 56
person 0.0403 183 3 202 36
person 0.0383 161 0 196 26
person 0.0381 70 14 135 100
person 0.0380 171 1 215 16
person 0.0374 375 0 428 7
person 0.0363 146 0 187 15
person 0.0357 179 0 272 108
person 0.0353 169 39 236 108
person 0.0341 78 46 135 197
person 0.0339 134 118 169 195
person 0.0334 197 19 336 99
person 0.0334 205 1 235 25
person 0.0328 3 104 98 327
person 0.0326 100 0 150 9
person 0.0325 149 42 205 142
person 0.0324 72 0 209 80
person 0.0319 432 0 500 9
person 0.0315 40 9 81 63
person 0.0308 100 86 183 256
person 0.0308 228 46 283 84
person 0.0301 132 81 211 259
person 0.0300 55 13 109 79
person 0.0293 124 49 170 141
person 0.0292 351 124 394 202
person 0.0290 89 9 140 71
person 0.0290 46 5 115 50
person 0.0289 13 216 98 334
person 0.0284 189 42 208 83
person 0.0282 146 91 204 199
person 0.0280 227 46 264 65
person 0.0275 163 62 202 129
person 0.0274 170 3 194 43
person 0.0272 180 59 284 192
person 0.0270 128 111 158 185
person 0.0266 175 0 206 25
person 0.0265 121 58 259 126
person 0.0265 81 49 128 109
person 0.0259 217 48 306 103
person 0.0259 230 36 355 132
person 0.0254 101 122 134 213
person 0.0254 186 24 213 78
person 0.0253 90 54 135 147
person 0.0252 163 109 247 294
person 0.0252 49 0 181 55
person 0.0251 159 0 181 17
person 0.0250 126 82 169 183
person 0.0248 168 50 220 134
person 0.0246 88 0 170 12
person 0.0246 180 226 255 332
person 0.0242 117 0 156 12
person 0.0241 114 4 161 74
person 0.0241 140 0 210 19
person 0.0240 350 0 442 9
person 0.0239 74 3 129 57
person 0.0237 159 211 310 332
person 0.0237 39 11 63 54
person 0.0237 44 36 127 150
person 0.0233 213 0 232 14
person 0.0232 107 194 131 238
person 0.0232 216 41 245 82
person 0.0232 209 15 239 77
person 0.0232 238 121 409 320
person 0.0231 46 12 70 46
person 0.0229 148 0 188 46
person 0.0224 393 0 442 6
person 0.0224 77 1 161 28
person 0.0221 182 63 199 104
person 0.0218 138 0 229 36
person 0.0217 2 36 59 128
person 0.0216 128 1 250 76
person 0.0216 175 72 194 105
person 0.0215 29 8 60 67
person 0.0215 29 23 77 93
person 0.0214 213 0 238 39
person 0.0213 462 0 487 9
person 0.0212 102 158 132 243
person 0.0211 1 34 79 169
person 0.0210 137 38 187 123
person 0.0207 185 42 201 85
person 0.0205 190 10 221 38
person 0.0204 150 119 184 185
person 0.0202 168 0 235 21
person 0.0202 179 69 241 117
person 0.0202 213 221 289 334
person 0.0201 217 18 258 81
person 0.0200 423 0 496 130
train 0.0650 17 0 500 139
train 0.0562 0 4 439 283
train 0.0342 155 44 433 158
tvmonitor 0.0329 104 63 134 114
tvmonitor 0.0279 11 22 130 136
tvmonitor 0.0260 124 86 221 200
tvmonitor 0.0256 116 69 133 107
