bicycle 0.4866 4 0 490 280
bicycle 0.0931 56 72 474 234
bicycle 0.0909 0 18 367 194
bicycle 0.0721 115 20 500 192
bicycle 0.0520 109 0 358 111
bicycle 0.0334 243 3 464 168
bird 0.1943 266 3 351 71
bird 0.1206 267 0 314 62
bird 0.1030 245 0 301 69
bird 0.0872 273 0 310 28
bird 0.0841 304 6 355 66
bird 0.0788 285 0 343 27
bird 0.0638 308 0 352 25
bird 0.0559 94 1 364 94
bird 0.0534 271 0 367 40
bird 0.0526 263 0 300 41
bird 0.0514 221 0 271 71
bird 0.0463 276 20 349 58
bird 0.0458 269 0 289 28
bird 0.0434 285 33 344 72
bird 0.0421 253 5 282 68
bird 0.0394 259 0 329 30
bird 0.0374 336 0 493 84
bird 0.0364 302 0 327 24
bird 0.0360 234 0 366 132
bird 0.0348 270 0 417 74
bird 0.0337 294 48 339 73
bird 0.0331 320 0 386 28
bird 0.0329 292 1 320 27
bird 0.0328 130 2 279 80
bird 0.0325 240 0 289 37
bird 0.0311 356 3 386 66
bird 0.0308 0 0 36 31
bird 0.0271 262 13 288 66
bird 0.0264 126 1 202 72
bird 0.0262 234 0 262 64
bird 0.0257 157 1 232 72
bird 0.0254 367 0 407 63
bird 0.0253 465 0 499 28
bird 0.0252 313 0 356 46
bird 0.0236 204 0 346 77
bird 0.0236 270 16 300 64
bird 0.0232 270 13 342 43
bird 0.0231 259 0 283 29
bird 0.0227 282 7 315 31
bird 0.0226 281 0 330 55
bird 0.0220 260 20 278 64
bird 0.0218 239 10 276 72
bird 0.0217 253 179 405 254
bird 0.0215 347 0 405 31
bird 0.0211 316 21 349 67
bird 0.0209 279 11 336 32
bird 0.0208 336 0 379 60
bird 0.0204 275 97 375 222
bird 0.0201 129 3 157 70
car 0.0626 280 19 498 206
car 0.0585 0 1 344 142
car 0.0335 68 0 480 90
car 0.0267 301 46 500 140
car 0.0258 389 60 498 134
car 0.0233 454 59 497 118
cat 0.0622 280 108 490 254
cat 0.0463 306 184 482 252
cat 0.0454 403 0 453 72
cat 0.0433 3 102 186 267
cat 0.0399 2 205 167 267
cat 0.0359 9 176 221 265
cat 0.0353 6 115 96 269
cat 0.0326 414 112 495 253
cat 0.0323 368 133 483 252
cat 0.0298 410 0 494 85
cat 0.0264 460 0 498 72
cat 0.0224 461 177 499 256
cat 0.0213 325 114 462 213
chair 0.2565 0 5 500 287
chair 0.1255 208 18 493 247
chair 0.0947 7 24 192 253
chair 0.0821 42 40 373 241
chair 0.0759 76 124 476 256
chair 0.0732 303 69 499 258
chair 0.0505 7 55 285 308
chair 0.0454 284 0 500 182
chair 0.0399 138 3 322 224
chair 0.0355 221 0 362 182
chair 0.0347 11 0 300 170
chair 0.0341 0 166 335 291
chair 0.0316 146 166 500 288
chair 0.0311 0 119 211 289
chair 0.0291 2 70 126 276
chair 0.0291 108 0 424 165
chair 0.0286 223 61 383 260
chair 0.0267 265 30 384 191
chair 0.0256 154 85 309 199
chair 0.0253 8 147 478 332
chair 0.0252 269 115 474 306
chair 0.0236 175 48 346 171
chair 0.0227 443 0 500 89
chair 0.0226 373 0 410 65
chair 0.0221 264 78 344 194
chair 0.0214 260 15 347 153
chair 0.0214 454 102 500 210
chair 0.0211 266 87 471 184
chair 0.0209 112 3 314 114
chair 0.0206 0 0 120 209
chair 0.0204 200 0 231 58
chair 0.0201 341 109 448 231
cow 0.1212 1 0 106 72
cow 0.0404 398 0 465 71
cow 0.0353 420 0 492 78
cow 0.0205 0 0 37 82
diningtable 0.0369 0 111 500 333
diningtable 0.0245 57 214 489 322
dog 0.1310 0 0 135 111
dog 0.1054 0 0 102 73
dog 0.1043 2 0 159 223
dog 0.0820 0 6 468 252
dog 0.0611 10 0 292 109
dog 0.0602 281 68 496 255
dog 0.0585 270 0 315 28
dog 0.0544 5 161 287 264
dog 0.0538 4 24 94 168
dog 0.0485 212 139 485 255
dog 0.0457 0 82 182 268
dog 0.0401 77 97 301 256
dog 0.0385 5 73 88 241
dog 0.0376 17 0 176 75
dog 0.0343 242 189 436 252
dog 0.0324 53 176 415 261
dog 0.0317 420 83 500 236
dog 0.0312 163 98 390 254
dog 0.0309 0 37 81 75
dog 0.0291 407 0 442 69
dog 0.0290 127 1 227 77
dog 0.0274 26 208 236 262
dog 0.0273 407 0 495 96
dog 0.0272 266 81 394 240
dog 0.0270 174 86 289 241
dog 0.0265 2 78 143 181
dog 0.0261 325 193 468 253
dog 0.0254 10 30 122 76
dog 0.0254 308 0 387 22
dog 0.0249 454 0 497 79
dog 0.0246 372 97 485 233
dog 0.0239 0 46 152 134
dog 0.0238 122 136 181 207
dog 0.0233 8 59 278 210
dog 0.0232 193 3 261 71
dog 0.0231 112 192 289 255
dog 0.0224 35 102 214 228
dog 0.0222 263 92 341 223
dog 0.0221 2 15 71 107
dog 0.0217 424 146 497 256
dog 0.0215 462 163 498 254
dog 0.0205 190 193 359 253
dog 0.0202 2 38 41 119
dog 0.0201 293 114 430 210
horse 0.0897 0 0 101 71
person 0.0780 26 0 102 69
person 0.0763 129 30 156 82
person 0.0706 82 0 110 66
person 0.0663 1 2 42 68
person 0.0646 273 0 309 29
person 0.0628 238 2 278 70
person 0.0605 127 11 168 79
person 0.0593 224 1 266 69
person 0.0544 0 0 25 77
person 0.0522 1 27 19 72
person 0.0517 286 0 321 26
person 0.0504 190 1 231 70
person 0.0490 205 1 246 70
person 0.0427 114 3 154 72
person 0.0419 200 22 227 70
person 0.0398 2 8 74 85
person 0.0395 124 0 200 84
person 0.0378 66 0 123 69
person 0.0376 92 3 135 70
person 0.0358 0 3 21 45
person 0.0350 95 0 274 90
person 0.0349 207 179 226 209
person 0.0347 118 86 287 265
person 0.0345 47 1 84 67
person 0.0328 152 0 231 73
person 0.0319 294 0 339 24
person 0.0319 180 22 221 70
person 0.0313 18 3 217 222
person 0.0310 268 0 293 29
person 0.0300 249 15 274 68
person 0.0294 459 0 499 78
person 0.0288 218 0 336 84
person 0.0288 137 143 182 201
person 0.0287 476 0 499 30
person 0.0282 42 0 152 104
person 0.0275 234 19 261 68
person 0.0274 189 0 286 78
person 0.0272 438 1 489 72
person 0.0270 0 27 49 76
person 0.0268 135 26 184 76
person 0.0267 0 11 16 93
person 0.0261 129 42 165 94
person 0.0259 0 0 34 36
person 0.0244 78 0 196 114
person 0.0243 134 25 152 68
person 0.0242 465 0 500 43
person 0.0240 172 39 191 69
person 0.0233 94 0 176 73
person 0.0231 75 0 277 165
person 0.0228 199 38 218 71
person 0.0226 0 0 57 137
person 0.0222 456 95 500 246
person 0.0221 192 106 277 244
person 0.0219 166 0 313 106
person 0.0215 116 25 160 98
person 0.0210 462 108 498 198
person 0.0210 231 37 248 68
person 0.0205 84 34 108 65
person 0.0205 209 31 232 69
person 0.0204 473 131 500 196
person 0.0203 56 23 86 67
person 0.0202 134 43 158 77
person 0.0202 42 28 103 72
person 0.0200 422 4 466 72
pottedplant 0.0299 4 0 77 72
pottedplant 0.0293 459 0 498 75
pottedplant 0.0264 0 0 37 48
sheep 0.1911 264 1 350 73
sheep 0.1269 295 0 408 67
sheep 0.1064 241 0 316 72
sheep 0.0913 274 0 465 85
sheep 0.0727 336 0 443 67
sheep 0.0657 296 7 358 63
sheep 0.0629 180 0 352 86
sheep 0.0599 235 0 282 69
sheep 0.0540 273 0 484 155
sheep 0.0472 283 0 392 38
sheep 0.0470 318 0 380 59
sheep 0.0470 386 0 476 71
sheep 0.0455 186 0 273 72
sheep 0.0427 127 1 303 72
sheep 0.0413 266 0 379 128
sheep 0.0408 357 0 407 64
sheep 0.0398 269 18 328 65
sheep 0.0355 259 13 290 67
sheep 0.0354 395 0 439 69
sheep 0.0343 347 0 492 112
sheep 0.0339 119 0 212 76
sheep 0.0339 266 21 303 69
sheep 0.0325 179 0 398 135
sheep 0.0314 374 2 423 67
sheep 0.0310 156 0 229 73
sheep 0.0309 422 0 494 83
sheep 0.0308 11 0 168 121
sheep 0.0254 232 25 340 73
sheep 0.0245 338 9 396 66
sheep 0.0240 286 34 361 72
sheep 0.0206 309 24 383 66
train 0.0225 19 0 279 83
train 0.0221 119 0 374 78
