bicycle 0.0408 2 262 305 370
bicycle 0.0325 117 231 342 369
bicycle 0.0236 110 301 301 370
bicycle 0.0203 1 271 171 359
bird 0.0399 0 2 141 299
bird 0.0285 0 28 23 62
bird 0.0249 90 66 109 81
bird 0.0243 0 33 44 75
bird 0.0236 35 54 111 80
bird 0.0222 0 16 29 82
bird 0.0221 0 43 22 79
bird 0.0204 2 54 84 224
chair 0.4260 114 0 361 368
chair 0.0682 19 10 245 375
chair 0.0393 293 24 497 346
chair 0.0237 136 202 320 375
dog 0.0229 97 58 111 80
dog 0.0219 381 343 454 375
sheep 0.6890 288 254 500 375
sheep 0.4956 0 0 121 80
sheep 0.2653 132 0 465 360
sheep 0.1625 402 289 500 375
sheep 0.1573 79 12 290 367
sheep 0.1225 265 156 500 369
sheep 0.1131 107 185 344 375
sheep 0.1126 0 0 117 189
sheep 0.1072 2 0 45 57
sheep 0.0932 0 0 86 51
sheep 0.0907 16 12 206 368
sheep 0.0869 133 0 394 224
sheep 0.0859 146 250 461 374
sheep 0.0813 0 2 25 54
sheep 0.0743 369 258 500 354
sheep 0.0679 1 35 111 86
sheep 0.0648 329 311 500 372
sheep 0.0622 42 0 193 74
sheep 0.0621 410 334 499 373
sheep 0.0603 0 0 85 25
sheep 0.0519 0 24 108 350
sheep 0.0507 448 298 499 375
sheep 0.0481 53 0 113 77
sheep 0.0439 99 0 245 50
sheep 0.0423 49 0 264 179
sheep 0.0411 365 340 468 373
sheep 0.0403 180 98 363 375
sheep 0.0401 244 23 419 334
sheep 0.0392 289 328 469 375
sheep 0.0391 0 0 50 20
sheep 0.0369 0 27 26 54
sheep 0.0367 228 259 398 373
sheep 0.0358 0 57 83 92
sheep 0.0337 101 0 220 95
sheep 0.0324 0 14 72 93
sheep 0.0321 1 0 24 29
sheep 0.0306 98 0 352 135
sheep 0.0302 0 22 140 104
sheep 0.0295 76 12 122 81
sheep 0.0292 58 38 117 83
sheep 0.0287 470 314 500 375
sheep 0.0283 0 35 51 86
sheep 0.0282 151 0 307 46
sheep 0.0273 23 57 110 88
sheep 0.0272 296 271 385 375
sheep 0.0272 423 352 500 375
sheep 0.0267 18 0 222 121
sheep 0.0263 0 246 272 373
sheep 0.0250 79 66 110 80
sheep 0.0248 454 341 500 375
sheep 0.0245 293 0 496 315
sheep 0.0244 383 308 455 375
sheep 0.0242 478 334 500 375
sheep 0.0239 171 0 234 35
sheep 0.0236 306 242 482 330
sheep 0.0233 341 275 459 375
sheep 0.0233 0 1 36 105
sheep 0.0232 206 0 403 72
sheep 0.0228 408 259 499 326
sheep 0.0227 231 0 500 182
sheep 0.0224 84 0 161 61
sheep 0.0223 187 265 337 368
sheep 0.0223 421 305 481 374
sheep 0.0222 0 23 58 57
sheep 0.0222 291 342 416 372
sheep 0.0210 434 252 500 364
sheep 0.0208 26 0 140 46
sheep 0.0208 0 50 90 124
sheep 0.0206 453 358 500 374
sheep 0.0206 377 353 484 375
sheep 0.0202 397 335 454 375
sheep 0.0201 96 46 112 80
