bicycle 0.0201 93 144 143 194
boat 0.0784 0 0 102 81
boat 0.0219 0 45 86 83
bottle 0.0208 0 0 104 72
bus 0.9562 45 60 449 296
bus 0.1242 63 71 166 196
bus 0.1002 466 118 500 167
bus 0.0991 473 150 492 165
bus 0.0939 0 70 73 182
bus 0.0904 43 77 122 207
bus 0.0813 468 139 497 167
bus 0.0756 437 147 447 177
bus 0.0727 459 83 498 166
bus 0.0715 62 63 237 287
bus 0.0595 447 154 454 172
bus 0.0581 451 145 482 169
bus 0.0551 454 152 463 167
bus 0.0547 434 73 496 169
bus 0.0531 62 106 157 268
bus 0.0530 470 154 481 166
bus 0.0509 30 59 148 250
bus 0.0504 274 74 448 299
bus 0.0496 429 144 451 175
bus 0.0481 0 15 104 194
bus 0.0463 478 132 498 163
bus 0.0448 64 65 397 207
bus 0.0430 431 148 443 174
bus 0.0411 442 140 498 171
bus 0.0400 413 124 445 187
bus 0.0400 436 145 458 174
bus 0.0400 459 154 469 167
bus 0.0398 374 112 446 244
bus 0.0396 102 102 185 198
bus 0.0389 447 140 465 171
bus 0.0385 69 119 154 187
bus 0.0376 417 146 432 180
bus 0.0370 474 90 500 149
bus 0.0359 449 118 488 173
bus 0.0348 424 143 444 179
bus 0.0332 461 150 476 163
bus 0.0329 411 145 426 181
bus 0.0312 376 68 468 198
bus 0.0306 455 148 467 163
bus 0.0293 444 128 471 176
bus 0.0289 469 146 481 163
bus 0.0284 2 98 48 180
bus 0.0279 424 116 462 176
bus 0.0270 463 145 489 171
bus 0.0256 47 129 128 288
bus 0.0255 317 85 451 226
bus 0.0254 418 109 489 174
bus 0.0249 414 140 452 175
bus 0.0248 393 118 439 183
bus 0.0246 54 187 326 299
bus 0.0244 361 86 461 286
bus 0.0242 427 139 469 173
bus 0.0238 484 121 500 167
bus 0.0235 408 126 449 231
bus 0.0235 30 18 177 182
bus 0.0231 15 77 95 231
bus 0.0231 439 148 451 165
bus 0.0227 72 69 259 161
bus 0.0224 405 98 453 181
bus 0.0220 406 138 434 184
bus 0.0213 63 115 115 181
bus 0.0211 418 66 490 208
bus 0.0209 448 150 459 164
bus 0.0209 3 75 128 160
bus 0.0202 2 76 81 118
bus 0.0200 353 103 442 202
car 0.1802 472 149 494 165
car 0.0838 480 151 497 166
car 0.0836 453 152 462 173
car 0.0834 461 146 500 166
car 0.0809 471 155 482 168
car 0.0779 463 153 476 166
car 0.0714 469 150 485 163
car 0.0690 455 152 467 170
car 0.0668 446 152 454 175
car 0.0592 460 156 470 170
car 0.0555 448 152 458 171
car 0.0549 485 145 500 166
car 0.0521 65 115 163 198
car 0.0500 470 153 495 172
car 0.0488 450 146 480 172
car 0.0434 116 161 153 195
car 0.0428 0 170 35 187
car 0.0422 437 147 448 180
car 0.0410 109 140 158 194
car 0.0376 460 159 476 174
car 0.0367 81 132 146 188
car 0.0355 105 113 182 200
car 0.0325 463 161 483 172
car 0.0306 468 145 496 159
car 0.0269 458 149 494 175
car 0.0259 450 150 464 164
car 0.0246 491 162 500 197
car 0.0243 66 123 131 179
car 0.0241 103 123 162 179
car 0.0236 491 153 500 174
car 0.0227 0 160 24 186
car 0.0225 115 153 160 182
car 0.0224 53 230 257 297
car 0.0222 483 159 497 187
car 0.0221 60 121 146 250
car 0.0219 479 87 499 126
car 0.0218 0 170 25 202
car 0.0217 475 149 499 181
car 0.0215 120 150 158 172
car 0.0215 446 147 465 179
car 0.0215 79 156 155 198
car 0.0210 482 169 498 197
car 0.0210 7 157 29 181
car 0.0206 0 179 21 213
car 0.0201 478 137 500 166
chair 0.0234 3 0 100 158
person 0.0887 333 139 358 188
person 0.0830 258 170 269 192
person 0.0776 261 165 275 192
person 0.0634 331 153 351 188
person 0.0575 101 133 135 190
person 0.0548 191 174 205 205
person 0.0546 144 135 177 196
person 0.0521 107 136 130 170
person 0.0516 110 142 150 195
person 0.0500 256 171 270 206
person 0.0483 258 147 278 191
person 0.0482 123 135 163 190
person 0.0480 251 171 262 192
person 0.0478 347 144 362 186
person 0.0459 253 138 273 190
person 0.0457 327 156 341 189
person 0.0449 132 139 156 171
person 0.0433 231 128 249 159
person 0.0421 253 161 272 194
person 0.0416 230 128 250 183
person 0.0412 120 163 150 195
person 0.0402 237 128 271 190
person 0.0400 184 174 201 205
person 0.0392 131 149 157 185
person 0.0391 113 132 141 175
person 0.0389 125 147 150 177
person 0.0388 469 155 481 173
person 0.0376 119 122 159 175
person 0.0351 117 121 175 197
person 0.0340 125 133 149 165
person 0.0337 459 158 470 175
person 0.0337 355 146 371 184
person 0.0337 112 163 133 195
person 0.0334 491 149 500 179
person 0.0330 137 145 166 194
person 0.0327 244 151 265 191
person 0.0324 142 143 163 180
person 0.0313 225 163 238 185
person 0.0313 0 0 44 74
person 0.0311 325 139 349 186
person 0.0302 154 135 190 200
person 0.0296 6 0 113 85
person 0.0295 96 122 132 172
person 0.0294 110 144 131 186
person 0.0294 241 159 253 187
person 0.0293 257 167 278 210
person 0.0291 230 157 244 185
person 0.0286 152 140 171 186
person 0.0286 265 165 281 193
person 0.0276 238 144 253 186
person 0.0270 116 152 142 188
person 0.0264 134 129 166 173
person 0.0264 249 172 263 205
person 0.0263 222 210 239 248
person 0.0260 255 172 273 187
person 0.0260 176 172 197 201
person 0.0257 241 171 259 188
person 0.0255 97 135 119 167
person 0.0250 118 129 137 164
person 0.0248 222 135 244 186
person 0.0247 194 173 215 201
person 0.0240 101 138 154 171
person 0.0237 157 150 178 197
person 0.0234 254 184 271 217
person 0.0231 316 156 332 183
person 0.0231 472 158 491 184
person 0.0230 250 167 266 186
person 0.0228 362 149 377 182
person 0.0227 0 3 22 52
person 0.0226 451 158 462 182
person 0.0224 259 133 287 193
person 0.0223 219 164 231 185
person 0.0222 307 153 324 180
person 0.0216 0 0 24 32
person 0.0215 222 172 240 195
person 0.0213 120 145 157 166
person 0.0213 102 142 126 183
person 0.0211 445 156 454 184
person 0.0211 188 164 208 201
person 0.0209 257 130 272 176
person 0.0209 228 171 249 188
person 0.0207 243 168 270 194
person 0.0206 469 162 480 182
person 0.0206 164 150 201 204
person 0.0202 221 128 244 157
person 0.0201 348 137 375 188
pottedplant 0.0331 4 0 103 87
pottedplant 0.0219 0 0 108 180
pottedplant 0.0213 0 0 28 25
train 0.0371 462 146 500 171
train 0.0321 65 231 284 296
train 0.0262 45 196 358 298
train 0.0255 60 116 140 199
train 0.0205 446 138 500 167
tvmonitor 0.0251 327 135 363 186
tvmonitor 0.0226 105 115 194 197
