aeroplane 0.0231 404 155 433 166
boat 0.0407 121 89 195 129
boat 0.0397 453 128 465 165
boat 0.0374 456 132 469 167
boat 0.0306 475 154 494 170
boat 0.0286 481 152 500 170
boat 0.0267 448 125 476 176
boat 0.0260 34 49 74 60
boat 0.0255 469 158 487 171
boat 0.0247 460 146 469 168
boat 0.0246 465 150 497 173
boat 0.0234 454 142 463 167
boat 0.0215 443 134 500 174
boat 0.0214 454 142 493 171
boat 0.0213 462 157 478 171
boat 0.0204 27 42 85 57
boat 0.0204 17 59 36 72
boat 0.0201 31 63 45 73
boat 0.0201 446 138 458 165
bus 0.0411 0 0 500 375
car 0.9132 255 178 491 308
car 0.7849 126 174 306 266
car 0.7818 74 169 211 260
car 0.6088 180 177 427 291
car 0.3732 206 174 319 258
car 0.2683 152 173 242 270
car 0.2288 247 178 325 277
car 0.1395 266 177 315 212
car 0.1388 129 175 217 243
car 0.1294 255 180 322 233
car 0.1162 255 177 381 237
car 0.1114 173 184 276 272
car 0.1031 188 178 257 210
car 0.0991 281 180 441 231
car 0.0903 163 175 224 221
car 0.0848 275 178 353 214
car 0.0846 165 170 312 232
car 0.0783 182 176 217 205
car 0.0681 281 179 326 210
car 0.0680 298 184 400 221
car 0.0667 212 173 321 219
car 0.0663 64 159 282 281
car 0.0601 475 250 499 284
car 0.0590 333 180 488 236
car 0.0588 263 189 333 251
car 0.0580 75 178 149 255
car 0.0579 148 194 211 267
car 0.0495 276 188 310 218
car 0.0477 400 178 484 295
car 0.0458 229 185 297 276
car 0.0430 458 174 497 238
car 0.0417 112 167 255 222
car 0.0412 257 182 379 291
car 0.0404 0 0 442 219
car 0.0394 383 184 476 223
car 0.0393 143 174 213 205
car 0.0386 174 174 240 201
car 0.0376 189 184 224 213
car 0.0367 183 191 215 219
car 0.0364 465 231 481 269
car 0.0364 419 178 493 235
car 0.0364 348 185 447 220
car 0.0360 193 178 233 204
car 0.0355 289 181 336 230
car 0.0347 433 181 489 278
car 0.0342 1 193 20 214
car 0.0340 467 239 497 287
car 0.0334 147 98 492 295
car 0.0334 273 202 315 224
car 0.0332 280 177 320 196
car 0.0328 248 210 328 258
car 0.0322 293 181 333 200
car 0.0321 442 224 482 294
car 0.0319 279 191 321 228
car 0.0317 319 182 375 217
car 0.0317 187 198 227 217
car 0.0312 346 183 396 221
car 0.0311 176 183 210 214
car 0.0309 459 184 495 281
car 0.0308 48 77 280 259
car 0.0308 168 176 208 195
car 0.0304 299 182 344 212
car 0.0303 272 179 302 207
car 0.0299 234 177 299 212
car 0.0297 265 182 293 211
car 0.0295 271 174 333 202
car 0.0292 483 152 497 172
car 0.0291 265 208 308 229
car 0.0290 180 179 236 241
car 0.0288 286 197 329 218
car 0.0286 0 196 30 210
car 0.0285 42 162 169 251
car 0.0284 199 188 245 209
car 0.0280 4 201 38 217
car 0.0280 259 184 303 220
car 0.0277 489 150 500 173
car 0.0276 201 177 243 194
car 0.0273 268 176 307 194
car 0.0273 99 175 190 203
car 0.0272 462 235 483 287
car 0.0271 170 203 212 224
car 0.0257 152 180 204 229
car 0.0255 144 167 169 176
car 0.0252 480 195 499 232
car 0.0251 1 189 25 208
car 0.0251 299 178 332 192
car 0.0249 300 181 462 264
car 0.0247 470 241 489 277
car 0.0246 162 196 205 218
car 0.0246 462 209 483 266
car 0.0243 135 168 161 176
car 0.0242 204 180 253 203
car 0.0242 244 220 305 286
car 0.0237 199 198 243 216
car 0.0233 244 172 318 204
car 0.0228 257 187 299 248
car 0.0228 103 213 188 258
car 0.0227 287 193 369 228
car 0.0226 189 176 213 193
car 0.0224 139 173 169 184
car 0.0224 73 214 162 257
car 0.0223 123 176 164 191
car 0.0222 274 203 359 245
car 0.0222 304 179 327 205
car 0.0221 256 202 299 223
car 0.0219 449 193 483 269
car 0.0216 257 237 450 308
car 0.0214 110 174 174 194
car 0.0213 143 176 178 192
car 0.0210 156 171 171 179
car 0.0210 176 187 243 221
car 0.0206 159 167 181 176
car 0.0203 121 173 155 185
car 0.0201 192 186 273 218
car 0.0200 309 181 336 203
horse 0.0334 0 0 500 328
motorbike 0.0528 27 58 225 269
person 0.1082 0 0 211 368
person 0.0699 0 0 500 307
person 0.0532 202 179 252 209
person 0.0412 351 185 375 216
person 0.0359 342 183 367 213
person 0.0358 465 236 481 278
person 0.0326 223 181 250 209
person 0.0310 476 154 491 172
person 0.0294 349 183 393 221
person 0.0285 179 178 217 233
person 0.0283 216 178 264 205
person 0.0282 209 178 236 206
person 0.0281 235 182 258 209
person 0.0269 481 202 499 237
person 0.0266 479 157 490 169
person 0.0264 486 156 496 169
person 0.0261 185 186 213 221
person 0.0255 336 182 377 222
person 0.0248 49 0 288 193
person 0.0246 236 195 287 274
person 0.0241 242 183 267 209
person 0.0238 178 192 204 231
person 0.0229 257 183 282 210
person 0.0228 168 184 210 254
person 0.0223 272 190 299 228
person 0.0221 303 184 330 217
person 0.0220 358 191 382 223
person 0.0219 288 192 314 229
person 0.0218 374 186 397 218
person 0.0217 199 184 229 214
person 0.0215 167 84 189 120
person 0.0214 22 206 37 222
person 0.0214 205 193 238 217
person 0.0213 277 191 311 239
person 0.0211 366 185 390 215
person 0.0211 249 177 302 226
person 0.0210 392 189 413 222
person 0.0208 473 201 492 237
person 0.0204 451 236 480 293
train 0.0236 0 197 39 220
tvmonitor 0.0425 345 183 396 219
tvmonitor 0.0268 348 186 380 215
