aeroplane 0.0908 69 223 103 240
aeroplane 0.0591 87 165 107 189
aeroplane 0.0324 85 170 101 189
aeroplane 0.0304 83 227 105 242
aeroplane 0.0292 49 221 107 242
aeroplane 0.0273 0 127 43 169
aeroplane 0.0258 456 183 499 207
aeroplane 0.0255 85 178 110 189
aeroplane 0.0246 340 156 385 181
aeroplane 0.0240 80 154 117 190
aeroplane 0.0230 312 153 389 184
aeroplane 0.0225 84 221 104 238
aeroplane 0.0223 121 83 141 95
aeroplane 0.0221 359 156 382 181
aeroplane 0.0219 92 80 144 112
aeroplane 0.0218 107 81 142 92
aeroplane 0.0215 455 177 498 230
aeroplane 0.0211 98 84 139 98
aeroplane 0.0205 262 70 279 101
bird 0.4545 129 108 176 185
bird 0.4322 146 108 171 154
bird 0.2187 38 0 399 333
bird 0.1612 106 91 170 185
bird 0.1433 306 0 496 333
bird 0.1289 68 96 238 333
bird 0.1230 16 13 138 191
bird 0.1210 158 73 471 332
bird 0.1155 356 0 490 224
bird 0.1115 58 0 233 250
bird 0.1110 20 11 175 291
bird 0.1098 96 115 343 327
bird 0.1094 57 91 162 187
bird 0.1012 155 109 176 143
bird 0.0939 94 0 143 49
bird 0.0911 147 107 173 132
bird 0.0887 90 144 189 333
bird 0.0882 98 82 140 137
bird 0.0835 131 28 302 308
bird 0.0807 93 83 145 176
bird 0.0794 93 36 176 191
bird 0.0783 51 0 156 155
bird 0.0775 111 84 142 120
bird 0.0750 27 87 129 195
bird 0.0742 86 150 112 190
bird 0.0738 76 198 155 329
bird 0.0709 126 100 174 152
bird 0.0670 82 132 118 189
bird 0.0658 78 94 130 185
bird 0.0632 109 0 142 36
bird 0.0617 29 197 121 328
bird 0.0603 104 94 182 251
bird 0.0589 60 0 106 50
bird 0.0576 95 0 175 118
bird 0.0562 373 0 478 139
bird 0.0559 288 126 446 331
bird 0.0543 0 300 19 333
bird 0.0538 245 6 467 233
bird 0.0525 464 81 494 162
bird 0.0525 112 88 151 155
bird 0.0494 3 305 28 333
bird 0.0493 138 116 255 326
bird 0.0492 129 140 184 190
bird 0.0490 168 110 183 136
bird 0.0471 128 86 263 190
bird 0.0461 156 7 391 223
bird 0.0454 123 102 210 309
bird 0.0454 222 0 306 102
bird 0.0452 9 5 89 166
bird 0.0452 71 0 138 68
bird 0.0451 116 0 278 188
bird 0.0446 484 127 499 165
bird 0.0441 110 0 228 138
bird 0.0438 84 86 129 151
bird 0.0434 85 127 160 188
bird 0.0433 124 85 143 116
bird 0.0430 132 104 194 231
bird 0.0427 7 96 146 332
bird 0.0420 116 85 141 102
bird 0.0420 126 58 196 185
bird 0.0413 167 0 293 128
bird 0.0403 101 86 143 106
bird 0.0401 101 229 222 329
bird 0.0398 152 106 184 150
bird 0.0396 249 0 338 104
bird 0.0391 128 157 149 185
bird 0.0388 39 0 130 101
bird 0.0388 103 0 182 53
bird 0.0386 61 109 116 189
bird 0.0386 0 296 10 333
bird 0.0385 59 103 165 287
bird 0.0381 34 62 168 220
bird 0.0378 55 0 98 29
bird 0.0374 14 188 323 333
bird 0.0374 151 109 180 126
bird 0.0368 268 0 385 132
bird 0.0367 266 26 288 52
bird 0.0365 218 128 390 332
bird 0.0357 0 287 33 333
bird 0.0350 0 120 45 183
bird 0.0349 353 7 435 150
bird 0.0346 405 3 495 177
bird 0.0339 132 114 167 159
bird 0.0339 319 6 397 141
bird 0.0339 477 109 499 161
bird 0.0337 120 0 146 29
bird 0.0332 87 224 104 241
bird 0.0330 102 236 161 333
bird 0.0324 57 0 131 34
bird 0.0323 8 77 290 225
bird 0.0320 0 4 331 202
bird 0.0317 360 101 482 325
bird 0.0317 251 0 295 56
bird 0.0314 132 132 174 173
bird 0.0312 87 150 139 189
bird 0.0312 169 110 287 192
bird 0.0310 304 19 412 193
bird 0.0308 359 72 480 186
bird 0.0306 175 115 189 140
bird 0.0303 32 122 118 257
bird 0.0301 214 93 322 184
bird 0.0297 95 155 172 188
bird 0.0296 140 104 198 163
bird 0.0293 120 0 165 43
bird 0.0292 101 0 153 83
bird 0.0291 239 110 354 191
bird 0.0290 311 186 406 329
bird 0.0288 31 0 123 57
bird 0.0288 151 0 255 93
bird 0.0287 68 144 109 190
bird 0.0286 101 107 184 158
bird 0.0286 56 250 170 333
bird 0.0285 242 26 360 192
bird 0.0282 101 106 125 148
bird 0.0280 12 133 158 202
bird 0.0279 106 102 219 179
bird 0.0277 156 180 239 329
bird 0.0277 129 147 160 185
bird 0.0277 126 7 145 38
bird 0.0275 0 304 50 333
bird 0.0275 94 74 144 114
bird 0.0274 141 125 250 216
bird 0.0273 82 0 147 26
bird 0.0272 60 202 104 243
bird 0.0270 179 127 190 149
bird 0.0269 152 110 229 168
bird 0.0269 135 104 161 148
bird 0.0268 264 88 385 183
bird 0.0268 116 92 139 142
bird 0.0267 365 0 488 48
bird 0.0266 300 1 410 97
bird 0.0265 126 130 174 237
bird 0.0265 108 98 131 141
bird 0.0262 128 103 149 148
bird 0.0260 88 169 114 188
bird 0.0259 149 115 176 170
bird 0.0258 170 121 183 150
bird 0.0257 340 55 457 250
bird 0.0256 120 11 140 43
bird 0.0255 7 105 96 222
bird 0.0253 1 317 36 333
bird 0.0252 158 49 242 182
bird 0.0250 59 83 122 162
bird 0.0249 105 121 122 153
bird 0.0248 54 0 89 61
bird 0.0247 323 92 399 205
bird 0.0246 131 0 156 27
bird 0.0245 83 157 102 187
bird 0.0243 9 149 94 301
bird 0.0243 100 86 128 115
bird 0.0242 93 142 114 181
bird 0.0242 227 24 304 163
bird 0.0241 111 92 133 126
bird 0.0241 0 114 74 174
bird 0.0240 119 88 168 138
bird 0.0237 7 278 62 333
bird 0.0234 234 124 281 183
bird 0.0233 25 131 113 188
bird 0.0233 79 270 255 330
bird 0.0233 116 0 149 56
bird 0.0232 22 169 130 273
bird 0.0231 40 99 104 183
bird 0.0231 82 0 311 108
bird 0.0230 143 112 303 236
bird 0.0230 91 0 230 37
bird 0.0230 191 9 335 85
bird 0.0229 94 274 143 333
bird 0.0228 0 217 192 331
bird 0.0225 369 0 419 47
bird 0.0224 86 224 383 330
bird 0.0222 112 113 127 142
bird 0.0222 171 109 182 123
bird 0.0222 89 9 141 35
bird 0.0222 131 117 144 147
bird 0.0221 250 25 291 91
bird 0.0220 124 89 145 139
bird 0.0219 309 309 389 332
bird 0.0219 41 221 108 243
bird 0.0218 96 84 114 110
bird 0.0217 488 136 500 176
bird 0.0215 123 85 138 97
bird 0.0214 461 49 494 136
bird 0.0213 174 110 188 128
bird 0.0212 310 90 413 276
bird 0.0212 191 48 274 182
bird 0.0212 469 105 493 142
bird 0.0212 166 153 294 333
bird 0.0210 106 128 190 184
bird 0.0210 211 113 318 301
bird 0.0209 35 0 78 51
bird 0.0209 127 18 144 50
bird 0.0208 139 0 183 42
bird 0.0208 331 106 446 195
bird 0.0205 102 0 166 23
bird 0.0204 4 282 145 331
bird 0.0204 126 157 175 182
bird 0.0204 54 155 120 187
bird 0.0203 203 1 293 53
bird 0.0203 158 109 179 121
bird 0.0202 1 79 44 157
bird 0.0202 12 307 36 333
bird 0.0202 127 254 167 331
bird 0.0202 11 0 57 54
bird 0.0202 98 52 140 108
bird 0.0201 124 160 138 183
bird 0.0200 385 180 471 326
bird 0.0200 295 280 438 331
person 0.0403 0 0 463 311
person 0.0348 0 305 11 333
person 0.0290 239 0 500 333
person 0.0204 156 109 166 118
