bicycle 0.0600 172 24 297 227
bicycle 0.0506 197 59 297 359
bicycle 0.0426 249 106 298 255
bicycle 0.0374 191 85 297 199
bicycle 0.0219 273 117 298 240
boat 0.0444 59 391 298 500
boat 0.0337 204 408 296 499
boat 0.0244 237 469 291 499
boat 0.0225 15 404 60 442
boat 0.0221 212 456 294 499
bottle 0.1346 276 287 298 327
bottle 0.0439 216 387 294 500
bottle 0.0336 70 405 221 494
bottle 0.0310 280 295 297 363
bottle 0.0255 280 302 298 332
bottle 0.0249 282 208 298 270
bottle 0.0242 174 207 266 500
bottle 0.0210 187 52 258 166
car 0.1256 21 14 228 188
car 0.0748 26 1 117 73
car 0.0668 35 5 172 81
car 0.0544 119 0 272 201
car 0.0522 10 2 211 108
car 0.0440 101 18 246 148
car 0.0402 65 81 207 226
car 0.0371 21 5 123 146
car 0.0369 169 47 290 206
car 0.0347 96 6 217 86
car 0.0292 0 12 11 72
car 0.0270 62 0 167 54
car 0.0262 17 0 79 86
car 0.0259 182 110 290 218
car 0.0243 271 174 298 272
car 0.0228 9 12 100 110
car 0.0225 179 60 258 162
car 0.0223 153 105 246 222
car 0.0215 41 44 211 302
car 0.0203 87 149 197 240
chair 0.0591 10 5 59 72
chair 0.0382 160 14 298 176
chair 0.0284 17 19 80 77
chair 0.0282 244 64 298 220
chair 0.0259 18 25 56 59
chair 0.0247 269 118 298 267
chair 0.0231 209 93 298 199
chair 0.0212 213 24 288 185
motorbike 0.7272 25 2 282 494
motorbike 0.1368 30 270 293 496
motorbike 0.0729 167 38 295 484
motorbike 0.0484 201 346 295 496
motorbike 0.0468 167 23 267 187
motorbike 0.0465 86 21 230 434
motorbike 0.0447 80 0 276 240
motorbike 0.0441 89 361 298 498
motorbike 0.0435 21 6 111 315
motorbike 0.0419 19 0 225 300
motorbike 0.0335 152 401 295 496
person 0.1531 276 262 298 328
person 0.0821 271 216 298 334
person 0.0741 168 23 295 475
person 0.0563 273 261 298 381
person 0.0506 225 145 298 494
person 0.0495 0 0 12 73
person 0.0481 152 19 255 167
person 0.0460 41 0 216 352
person 0.0457 41 2 106 71
person 0.0440 20 5 72 73
person 0.0418 284 252 298 313
person 0.0409 251 173 298 387
person 0.0408 20 0 110 279
person 0.0403 173 17 228 57
person 0.0400 204 76 297 388
person 0.0398 166 20 270 275
person 0.0374 284 229 298 273
person 0.0367 17 0 146 475
person 0.0360 246 256 298 469
person 0.0353 89 12 222 164
person 0.0349 281 221 298 298
person 0.0341 5 5 53 70
person 0.0332 277 289 298 323
person 0.0321 186 0 294 204
person 0.0312 125 0 235 221
person 0.0312 193 218 287 500
person 0.0309 260 244 298 358
person 0.0276 30 1 98 147
person 0.0273 138 10 235 71
person 0.0262 80 59 201 228
person 0.0249 275 209 298 274
person 0.0247 1 0 26 73
person 0.0243 152 112 250 490
person 0.0242 91 5 169 68
person 0.0233 123 5 197 66
person 0.0232 170 27 236 143
person 0.0232 173 78 256 219
person 0.0229 25 74 101 480
person 0.0225 19 16 77 216
person 0.0222 218 311 298 490
person 0.0220 138 0 169 56
person 0.0218 67 10 177 133
person 0.0216 145 63 158 96
person 0.0212 42 15 114 202
person 0.0210 45 0 76 67
person 0.0209 279 285 298 363
person 0.0209 3 0 72 361
person 0.0208 144 87 216 225
person 0.0206 50 0 104 42
person 0.0205 33 61 92 270
pottedplant 0.0727 189 29 227 54
pottedplant 0.0354 172 19 280 146
pottedplant 0.0314 173 15 233 61
pottedplant 0.0301 233 386 296 500
pottedplant 0.0255 178 30 230 73
pottedplant 0.0226 27 352 236 492
pottedplant 0.0226 173 24 239 128
pottedplant 0.0225 228 323 298 480
pottedplant 0.0213 133 282 286 498
tvmonitor 0.0559 55 311 272 488
tvmonitor 0.0268 74 201 237 438
tvmonitor 0.0212 137 208 260 500
