boat 0.0231 190 36 253 66
cat 0.7886 1 135 296 495
cat 0.0840 61 129 274 294
cat 0.0738 188 129 294 445
cat 0.0607 130 141 270 252
cat 0.0523 7 76 300 331
cat 0.0514 113 143 279 421
cat 0.0382 153 122 300 316
cat 0.0346 0 254 180 496
cat 0.0339 104 129 241 221
cat 0.0322 79 145 226 250
cat 0.0316 82 311 325 498
cat 0.0302 47 244 285 455
cat 0.0300 5 73 233 241
cat 0.0280 170 136 245 224
cat 0.0249 147 133 235 193
cat 0.0241 1 324 120 500
cat 0.0236 26 142 240 382
cat 0.0236 1 289 65 497
cat 0.0227 176 152 275 292
cat 0.0215 182 128 294 233
cat 0.0212 168 131 229 172
cat 0.0202 235 170 298 421
chair 0.0705 10 61 315 500
chair 0.0463 0 123 257 286
chair 0.0357 243 106 334 445
chair 0.0321 276 102 339 292
chair 0.0315 1 101 118 279
chair 0.0300 277 269 341 437
chair 0.0258 239 310 342 475
chair 0.0222 0 160 152 297
chair 0.0222 0 124 67 316
chair 0.0207 33 150 173 253
chair 0.0204 128 406 275 498
chair 0.0204 0 74 87 392
chair 0.0200 263 126 324 335
diningtable 0.0338 0 117 266 253
diningtable 0.0233 29 70 312 312
dog 0.0247 43 355 297 495
person 0.0250 193 0 217 59
person 0.0245 211 395 252 438
pottedplant 0.0855 0 44 209 183
pottedplant 0.0816 54 75 101 106
pottedplant 0.0753 192 36 249 66
pottedplant 0.0743 0 21 286 139
pottedplant 0.0706 0 0 305 359
pottedplant 0.0679 0 62 122 215
pottedplant 0.0631 0 69 147 154
pottedplant 0.0554 40 66 129 108
pottedplant 0.0553 105 2 258 76
pottedplant 0.0540 187 11 246 62
pottedplant 0.0533 2 32 153 123
pottedplant 0.0495 0 91 214 253
pottedplant 0.0483 0 31 75 186
pottedplant 0.0439 28 0 285 90
pottedplant 0.0431 2 62 124 117
pottedplant 0.0430 165 26 250 71
pottedplant 0.0393 42 49 178 104
pottedplant 0.0392 0 82 72 257
pottedplant 0.0368 35 70 157 123
pottedplant 0.0333 16 99 163 183
pottedplant 0.0333 51 79 124 115
pottedplant 0.0318 192 38 227 62
pottedplant 0.0315 23 76 99 116
pottedplant 0.0307 0 101 14 143
pottedplant 0.0298 69 23 259 105
pottedplant 0.0289 30 78 196 144
pottedplant 0.0282 194 0 217 62
pottedplant 0.0281 4 0 156 304
pottedplant 0.0276 0 86 82 145
pottedplant 0.0261 64 82 95 108
pottedplant 0.0261 149 3 233 69
pottedplant 0.0256 106 51 161 83
pottedplant 0.0249 0 98 33 144
pottedplant 0.0242 61 73 94 98
pottedplant 0.0233 315 0 342 36
pottedplant 0.0232 54 54 129 96
pottedplant 0.0227 94 29 277 193
pottedplant 0.0216 70 52 157 89
pottedplant 0.0212 32 104 239 195
pottedplant 0.0210 18 35 109 176
pottedplant 0.0208 127 54 156 78
