bottle 0.0362 85 0 116 36
bottle 0.0265 384 359 452 372
bottle 0.0230 53 36 76 64
bottle 0.0210 31 49 58 76
cat 0.0961 40 37 72 68
cat 0.0445 20 37 71 75
cat 0.0331 33 49 70 71
chair 0.3152 2 311 52 374
chair 0.2527 384 258 499 372
chair 0.1941 124 253 500 369
chair 0.1884 2 312 107 374
chair 0.1857 198 339 350 375
chair 0.1548 29 157 498 362
chair 0.1062 3 306 190 372
chair 0.0977 166 322 372 371
chair 0.0961 162 341 278 372
chair 0.0933 252 296 494 371
chair 0.0919 160 350 237 374
chair 0.0915 21 319 57 373
chair 0.0898 100 84 167 158
chair 0.0850 247 177 499 359
chair 0.0843 0 315 31 372
chair 0.0809 305 236 499 375
chair 0.0743 2 265 85 375
chair 0.0730 378 151 500 373
chair 0.0685 110 339 312 375
chair 0.0683 39 312 302 369
chair 0.0674 131 84 169 137
chair 0.0670 128 343 240 371
chair 0.0659 0 340 60 374
chair 0.0646 0 270 287 371
chair 0.0645 0 0 410 367
chair 0.0612 183 286 419 375
chair 0.0589 254 338 393 374
chair 0.0545 0 338 25 375
chair 0.0501 0 356 46 373
chair 0.0486 88 333 443 375
chair 0.0483 212 342 295 374
chair 0.0453 392 316 500 372
chair 0.0449 0 34 74 87
chair 0.0433 154 323 245 371
chair 0.0424 240 333 329 371
chair 0.0404 0 264 45 375
chair 0.0404 439 268 499 375
chair 0.0403 344 248 457 365
chair 0.0390 100 311 236 373
chair 0.0386 0 157 230 356
chair 0.0385 288 347 365 375
chair 0.0382 0 51 63 80
chair 0.0373 6 66 32 84
chair 0.0372 0 305 69 353
chair 0.0358 162 271 314 364
chair 0.0353 14 346 53 374
chair 0.0347 110 154 333 374
chair 0.0342 182 353 266 375
chair 0.0340 385 341 495 371
chair 0.0339 428 357 500 374
chair 0.0336 312 341 420 372
chair 0.0336 4 245 171 368
chair 0.0331 0 311 39 348
chair 0.0330 16 40 70 76
chair 0.0328 312 354 381 375
chair 0.0325 95 273 245 365
chair 0.0318 277 329 351 372
chair 0.0316 25 332 48 373
chair 0.0312 306 272 422 375
chair 0.0311 32 321 79 374
chair 0.0309 0 0 114 262
chair 0.0309 245 349 345 375
chair 0.0305 22 335 136 372
chair 0.0305 395 262 496 319
chair 0.0304 215 356 270 374
chair 0.0302 65 78 500 305
chair 0.0294 204 292 329 375
chair 0.0292 170 301 291 374
chair 0.0291 0 192 112 375
chair 0.0288 264 296 346 375
chair 0.0288 0 62 45 84
chair 0.0288 318 120 500 295
chair 0.0287 201 331 261 375
chair 0.0286 8 9 163 337
chair 0.0286 13 333 40 372
chair 0.0282 0 0 67 77
chair 0.0280 446 341 499 375
chair 0.0279 4 67 22 87
chair 0.0273 14 320 39 360
chair 0.0273 77 62 153 184
chair 0.0273 16 342 92 374
chair 0.0271 404 124 499 264
chair 0.0269 222 252 362 375
chair 0.0265 9 58 47 78
chair 0.0263 175 334 220 375
chair 0.0263 0 53 41 95
chair 0.0262 0 22 106 78
chair 0.0261 40 308 92 369
chair 0.0259 235 257 443 352
chair 0.0258 363 235 499 325
chair 0.0253 174 125 400 355
chair 0.0251 146 356 217 373
chair 0.0250 464 317 500 374
chair 0.0250 97 109 142 168
chair 0.0245 293 334 494 375
chair 0.0244 93 121 173 163
chair 0.0240 277 277 380 375
chair 0.0240 114 347 200 374
chair 0.0239 15 358 65 374
chair 0.0238 386 353 492 375
chair 0.0236 31 61 122 218
chair 0.0233 92 94 188 190
chair 0.0232 175 351 209 375
chair 0.0231 456 133 499 204
chair 0.0230 218 127 500 243
chair 0.0229 55 54 160 231
chair 0.0225 31 34 164 170
chair 0.0224 0 29 54 72
chair 0.0223 50 334 247 375
chair 0.0222 362 282 442 375
chair 0.0221 388 264 454 358
chair 0.0221 148 86 169 126
chair 0.0220 0 65 29 92
chair 0.0217 334 358 394 374
chair 0.0217 42 40 235 332
chair 0.0216 190 354 233 375
chair 0.0214 295 310 373 375
chair 0.0213 350 134 500 220
chair 0.0212 121 323 209 370
chair 0.0210 109 48 175 151
chair 0.0208 259 340 312 372
chair 0.0207 36 328 61 371
chair 0.0203 125 94 155 143
chair 0.0201 29 55 59 76
chair 0.0200 339 314 433 372
chair 0.0200 93 13 183 172
diningtable 0.0714 0 297 333 375
diningtable 0.0696 0 222 500 374
diningtable 0.0317 0 157 363 323
diningtable 0.0303 0 95 469 357
diningtable 0.0223 3 26 123 78
person 0.2104 183 260 500 372
person 0.0751 25 266 386 370
person 0.0700 342 67 356 84
person 0.0549 228 66 247 81
person 0.0469 79 0 114 44
person 0.0449 257 344 346 375
person 0.0445 248 324 421 373
person 0.0404 342 68 367 81
person 0.0391 305 293 442 373
person 0.0364 172 279 372 362
person 0.0357 7 68 29 91
person 0.0342 239 303 359 374
person 0.0333 275 257 385 375
person 0.0299 348 69 362 82
person 0.0288 98 282 307 362
person 0.0275 39 36 72 73
person 0.0273 228 72 240 82
person 0.0269 356 66 371 83
person 0.0250 338 61 360 86
person 0.0247 217 68 248 84
person 0.0229 290 296 351 374
person 0.0223 25 0 281 340
person 0.0217 338 69 351 85
person 0.0204 88 0 116 30
person 0.0201 1 68 24 100
pottedplant 0.2982 78 23 109 53
pottedplant 0.1611 77 1 114 51
pottedplant 0.0858 391 358 484 373
pottedplant 0.0782 74 25 96 55
pottedplant 0.0780 81 15 111 44
pottedplant 0.0769 0 270 315 370
pottedplant 0.0606 211 343 310 374
pottedplant 0.0594 35 1 114 61
pottedplant 0.0565 61 26 119 59
pottedplant 0.0552 72 16 110 69
pottedplant 0.0545 79 0 106 33
pottedplant 0.0488 251 343 344 374
pottedplant 0.0478 110 294 148 310
pottedplant 0.0435 71 0 125 77
pottedplant 0.0428 94 298 217 373
pottedplant 0.0408 86 0 133 52
pottedplant 0.0398 409 349 500 374
pottedplant 0.0387 75 21 109 38
pottedplant 0.0372 90 0 169 58
pottedplant 0.0368 430 358 495 373
pottedplant 0.0359 6 0 135 197
pottedplant 0.0334 2 0 97 72
pottedplant 0.0332 19 1 116 128
pottedplant 0.0323 75 15 94 46
pottedplant 0.0316 105 287 158 369
pottedplant 0.0315 59 3 99 62
pottedplant 0.0309 422 357 472 374
pottedplant 0.0300 14 18 84 64
pottedplant 0.0300 31 34 107 68
pottedplant 0.0299 100 6 175 155
pottedplant 0.0298 70 30 81 53
pottedplant 0.0294 58 28 94 60
pottedplant 0.0286 55 0 155 159
pottedplant 0.0284 7 307 172 371
pottedplant 0.0278 44 27 80 69
pottedplant 0.0267 108 258 189 374
pottedplant 0.0262 86 1 116 35
pottedplant 0.0262 63 19 100 49
pottedplant 0.0260 386 348 463 374
pottedplant 0.0255 71 29 89 50
pottedplant 0.0250 398 364 472 375
pottedplant 0.0249 96 26 119 50
pottedplant 0.0237 65 33 86 56
pottedplant 0.0235 105 293 150 320
pottedplant 0.0234 122 291 146 307
pottedplant 0.0229 342 60 356 80
pottedplant 0.0228 405 353 465 371
pottedplant 0.0223 110 264 154 321
pottedplant 0.0222 339 70 350 82
pottedplant 0.0221 79 261 158 373
pottedplant 0.0219 81 23 115 86
pottedplant 0.0216 2 214 210 375
pottedplant 0.0214 104 17 120 48
pottedplant 0.0213 27 254 176 357
pottedplant 0.0208 116 294 150 347
pottedplant 0.0201 102 283 152 312
pottedplant 0.0201 112 0 199 60
pottedplant 0.0200 55 0 110 35
pottedplant 0.0200 113 313 144 372
sofa 0.1574 12 131 500 364
sofa 0.1504 60 238 500 372
tvmonitor 0.0827 417 0 480 100
tvmonitor 0.0591 0 0 88 71
tvmonitor 0.0543 416 34 460 92
tvmonitor 0.0495 134 84 166 129
tvmonitor 0.0472 432 0 469 55
tvmonitor 0.0444 5 35 74 73
tvmonitor 0.0403 413 1 451 89
tvmonitor 0.0401 2 9 95 158
tvmonitor 0.0394 0 0 434 357
tvmonitor 0.0358 3 0 131 215
tvmonitor 0.0329 0 34 78 105
tvmonitor 0.0285 214 349 324 375
tvmonitor 0.0258 457 0 498 72
tvmonitor 0.0248 13 24 94 61
tvmonitor 0.0247 0 0 41 60
tvmonitor 0.0244 21 62 134 181
tvmonitor 0.0242 166 0 419 112
tvmonitor 0.0241 148 85 168 123
tvmonitor 0.0238 418 0 496 55
tvmonitor 0.0230 411 59 457 92
tvmonitor 0.0201 0 56 59 110
