car 0.0241 216 0 284 21
chair 0.0528 6 195 85 333
chair 0.0426 0 280 78 333
chair 0.0408 462 275 500 333
chair 0.0406 418 184 497 332
chair 0.0401 449 212 500 333
chair 0.0388 7 140 153 328
chair 0.0339 19 224 201 333
chair 0.0339 451 301 500 333
chair 0.0323 404 269 499 333
chair 0.0298 332 179 497 333
chair 0.0297 394 111 500 333
chair 0.0285 474 193 500 333
chair 0.0283 2 268 178 331
chair 0.0265 454 319 500 332
chair 0.0264 0 174 54 297
chair 0.0259 361 6 496 271
chair 0.0251 19 244 79 332
chair 0.0235 115 210 399 329
chair 0.0227 392 301 497 331
chair 0.0224 0 53 101 320
chair 0.0224 29 198 302 333
chair 0.0217 1 165 98 266
chair 0.0216 434 314 500 333
chair 0.0212 55 198 155 327
chair 0.0211 464 202 498 298
chair 0.0210 0 306 80 332
chair 0.0209 261 208 405 325
diningtable 0.0513 44 215 408 333
diningtable 0.0315 6 49 500 296
diningtable 0.0209 205 190 438 333
diningtable 0.0202 2 177 366 302
person 0.0613 404 0 500 14
person 0.0497 368 0 460 13
person 0.0472 339 0 500 34
person 0.0413 453 0 500 13
person 0.0382 215 0 285 16
person 0.0372 426 0 500 24
person 0.0281 375 0 434 9
person 0.0263 358 0 440 21
person 0.0239 378 0 482 20
person 0.0220 402 0 447 12
person 0.0211 22 0 339 232
person 0.0209 463 0 500 25
person 0.0205 241 0 315 20
pottedplant 0.0424 336 31 483 305
pottedplant 0.0241 391 20 499 162
pottedplant 0.0238 112 34 415 333
pottedplant 0.0228 174 139 386 333
pottedplant 0.0219 262 169 428 333
pottedplant 0.0209 375 148 496 331
sofa 0.0213 23 129 426 333
tvmonitor 0.8940 133 17 378 196
tvmonitor 0.7690 2 0 146 195
tvmonitor 0.1529 296 162 391 282
tvmonitor 0.1128 0 11 321 205
tvmonitor 0.1083 0 182 45 247
tvmonitor 0.0981 261 31 376 189
tvmonitor 0.0977 97 163 206 233
tvmonitor 0.0968 188 158 393 289
tvmonitor 0.0797 11 0 140 94
tvmonitor 0.0696 3 104 155 218
tvmonitor 0.0678 112 164 277 227
tvmonitor 0.0676 123 172 376 255
tvmonitor 0.0582 14 148 141 231
tvmonitor 0.0577 135 19 339 122
tvmonitor 0.0571 2 154 74 211
tvmonitor 0.0569 354 14 497 214
tvmonitor 0.0562 68 5 500 236
tvmonitor 0.0561 17 8 263 125
tvmonitor 0.0543 128 95 403 212
tvmonitor 0.0501 1 1 146 47
tvmonitor 0.0498 1 133 19 169
tvmonitor 0.0492 258 20 460 203
tvmonitor 0.0486 133 185 402 323
tvmonitor 0.0461 0 169 51 224
tvmonitor 0.0448 478 275 499 303
tvmonitor 0.0436 146 4 313 80
tvmonitor 0.0427 127 27 266 176
tvmonitor 0.0419 227 198 397 270
tvmonitor 0.0411 296 27 370 154
tvmonitor 0.0405 5 102 148 328
tvmonitor 0.0401 2 140 79 187
tvmonitor 0.0400 7 0 86 33
tvmonitor 0.0399 473 273 500 330
tvmonitor 0.0396 0 137 36 190
tvmonitor 0.0388 105 164 194 202
tvmonitor 0.0370 263 157 400 234
tvmonitor 0.0361 0 122 36 171
tvmonitor 0.0357 0 160 22 191
tvmonitor 0.0356 283 18 381 99
tvmonitor 0.0352 0 126 22 186
tvmonitor 0.0351 164 161 362 223
tvmonitor 0.0346 343 11 497 119
tvmonitor 0.0345 159 28 305 68
tvmonitor 0.0343 0 186 41 217
tvmonitor 0.0341 7 5 79 147
tvmonitor 0.0332 24 152 109 211
tvmonitor 0.0327 165 184 317 241
tvmonitor 0.0323 264 220 407 287
tvmonitor 0.0316 0 161 36 205
tvmonitor 0.0312 24 0 161 13
tvmonitor 0.0312 84 141 159 230
tvmonitor 0.0309 252 57 389 268
tvmonitor 0.0307 167 181 257 228
tvmonitor 0.0304 168 41 295 139
tvmonitor 0.0302 112 75 411 289
tvmonitor 0.0301 2 133 125 198
tvmonitor 0.0299 60 134 133 224
tvmonitor 0.0287 289 150 455 305
tvmonitor 0.0285 5 132 199 256
tvmonitor 0.0285 359 1 499 45
tvmonitor 0.0285 5 0 144 24
tvmonitor 0.0282 310 161 391 217
tvmonitor 0.0282 475 256 500 305
tvmonitor 0.0281 190 20 316 55
tvmonitor 0.0277 1 180 62 279
tvmonitor 0.0277 99 123 325 240
tvmonitor 0.0276 140 33 300 90
tvmonitor 0.0274 152 0 306 30
tvmonitor 0.0272 6 54 90 176
tvmonitor 0.0266 8 37 364 318
tvmonitor 0.0265 5 2 53 47
tvmonitor 0.0263 296 193 357 282
tvmonitor 0.0260 110 139 226 207
tvmonitor 0.0260 7 0 81 75
tvmonitor 0.0258 119 151 207 195
tvmonitor 0.0257 273 110 385 194
tvmonitor 0.0254 0 0 110 15
tvmonitor 0.0251 73 22 185 175
tvmonitor 0.0250 60 0 142 131
tvmonitor 0.0248 133 172 222 228
tvmonitor 0.0248 73 127 500 333
tvmonitor 0.0247 73 158 215 268
tvmonitor 0.0247 0 99 122 173
tvmonitor 0.0247 237 0 280 16
tvmonitor 0.0247 3 116 90 168
tvmonitor 0.0246 124 0 284 53
tvmonitor 0.0246 288 17 423 139
tvmonitor 0.0242 1 136 31 162
tvmonitor 0.0237 0 5 205 290
tvmonitor 0.0233 23 145 123 289
tvmonitor 0.0229 80 0 188 72
tvmonitor 0.0227 173 22 278 50
tvmonitor 0.0226 303 61 390 195
tvmonitor 0.0225 95 163 143 225
tvmonitor 0.0223 163 10 462 109
tvmonitor 0.0219 459 300 500 332
tvmonitor 0.0219 0 170 21 204
tvmonitor 0.0218 120 109 204 223
tvmonitor 0.0216 231 13 358 151
tvmonitor 0.0215 139 33 218 162
tvmonitor 0.0215 2 170 89 250
tvmonitor 0.0214 0 190 23 224
tvmonitor 0.0213 38 155 177 211
tvmonitor 0.0211 36 155 74 210
tvmonitor 0.0209 218 1 372 75
tvmonitor 0.0208 0 183 27 208
tvmonitor 0.0206 157 0 367 44
tvmonitor 0.0206 142 315 230 333
tvmonitor 0.0206 171 184 227 219
tvmonitor 0.0204 1 169 32 194
tvmonitor 0.0202 158 201 348 266
tvmonitor 0.0202 220 30 317 63
tvmonitor 0.0201 8 74 181 178
tvmonitor 0.0200 104 160 163 217
