aeroplane 0.0835 30 95 340 323
aeroplane 0.0212 8 160 97 273
aeroplane 0.0207 0 0 373 255
bicycle 0.0874 0 459 33 499
bicycle 0.0689 0 417 34 500
bicycle 0.0213 0 358 58 500
boat 0.0622 0 468 32 500
boat 0.0581 8 39 245 279
boat 0.0393 0 2 375 305
bottle 0.3246 273 306 290 362
bottle 0.0531 268 315 282 361
bottle 0.0299 138 244 158 278
bottle 0.0245 278 307 294 353
car 0.8360 147 126 346 280
car 0.4736 75 117 281 309
car 0.3304 41 116 199 294
car 0.1970 20 138 104 267
car 0.1361 40 132 142 265
car 0.1020 0 75 349 316
car 0.0951 334 169 354 226
car 0.0919 17 151 77 242
car 0.0810 0 471 32 498
car 0.0641 58 126 183 219
car 0.0609 20 154 65 201
car 0.0489 251 149 352 272
car 0.0482 19 160 58 230
car 0.0451 25 158 63 182
car 0.0443 318 171 354 255
car 0.0432 47 176 107 270
car 0.0389 48 97 113 237
car 0.0382 338 168 356 205
car 0.0356 174 133 283 197
car 0.0347 180 141 227 183
car 0.0342 5 83 75 261
car 0.0339 21 141 81 192
car 0.0283 323 172 355 210
car 0.0277 300 171 351 277
car 0.0272 17 27 155 264
car 0.0261 11 115 127 301
car 0.0255 327 181 352 236
car 0.0252 330 146 358 220
car 0.0248 20 162 54 186
car 0.0242 14 203 104 271
car 0.0236 37 147 89 219
car 0.0231 19 121 66 181
car 0.0220 28 134 71 216
car 0.0206 32 151 67 175
car 0.0205 170 129 236 192
car 0.0204 24 167 60 192
chair 0.0425 0 468 34 500
motorbike 0.0223 45 73 367 316
person 0.8564 61 117 198 346
person 0.1974 152 120 192 291
person 0.1222 44 109 309 309
person 0.1017 25 11 224 355
person 0.0948 165 135 189 236
person 0.0849 234 147 265 187
person 0.0658 147 161 196 348
person 0.0657 256 145 274 190
person 0.0614 156 114 189 197
person 0.0604 112 128 190 282
person 0.0588 235 155 253 189
person 0.0526 179 46 355 292
person 0.0484 78 116 252 263
person 0.0447 76 254 203 347
person 0.0442 231 151 247 187
person 0.0439 75 173 159 349
person 0.0423 59 155 155 277
person 0.0409 46 152 112 294
person 0.0406 68 125 195 220
person 0.0381 161 161 188 267
person 0.0373 168 138 187 191
person 0.0370 161 129 215 287
person 0.0336 134 244 153 279
person 0.0327 219 141 278 187
person 0.0314 223 149 238 187
person 0.0304 0 60 328 479
person 0.0296 0 463 25 499
person 0.0287 220 145 249 185
person 0.0283 162 189 195 295
person 0.0282 0 0 375 309
person 0.0276 113 115 192 177
person 0.0264 14 44 116 243
person 0.0257 161 121 219 198
person 0.0257 159 252 197 352
person 0.0255 78 191 189 279
person 0.0251 64 184 107 272
person 0.0243 240 145 276 194
person 0.0243 218 142 233 183
person 0.0234 134 111 197 208
person 0.0232 0 89 122 339
person 0.0229 173 147 191 199
person 0.0228 172 133 214 185
person 0.0224 134 180 190 280
person 0.0223 102 198 191 347
person 0.0221 48 175 63 222
person 0.0221 174 134 191 181
person 0.0215 142 113 195 162
person 0.0214 88 196 104 236
person 0.0209 318 176 332 206
person 0.0209 322 176 338 209
person 0.0208 241 142 257 179
person 0.0205 180 144 198 181
person 0.0204 91 191 115 273
person 0.0204 154 213 190 331
person 0.0203 247 159 275 187
person 0.0202 161 148 187 205
pottedplant 0.0760 0 436 32 500
pottedplant 0.0444 0 380 36 500
pottedplant 0.0382 339 131 356 196
pottedplant 0.0327 342 152 355 193
pottedplant 0.0305 340 166 355 202
pottedplant 0.0262 0 455 22 497
pottedplant 0.0244 343 128 355 168
pottedplant 0.0226 336 149 357 214
pottedplant 0.0207 208 408 244 427
pottedplant 0.0202 331 129 356 174
train 0.0499 68 117 192 203
tvmonitor 0.0346 0 16 48 70
