bird 0.0201 101 251 307 315
bottle 0.1087 228 173 288 238
bottle 0.0852 225 151 254 194
bottle 0.0636 231 175 340 242
bottle 0.0550 301 176 340 226
bottle 0.0445 251 178 322 229
bottle 0.0414 227 159 265 218
bottle 0.0383 225 138 307 236
bottle 0.0352 292 176 350 245
bottle 0.0289 310 177 359 232
bottle 0.0288 265 153 346 237
bottle 0.0285 227 171 259 195
bottle 0.0277 254 176 289 227
bottle 0.0276 314 178 336 215
bottle 0.0268 289 182 331 229
bottle 0.0263 274 180 348 223
bottle 0.0259 238 178 282 217
bottle 0.0245 229 199 306 239
bottle 0.0230 265 187 288 223
bottle 0.0229 271 173 348 291
bottle 0.0218 305 182 330 218
bottle 0.0217 237 186 274 234
bottle 0.0206 272 194 295 225
cat 0.0391 353 193 452 308
cat 0.0370 313 175 391 291
cat 0.0343 308 125 382 190
cat 0.0303 119 137 341 327
cat 0.0298 227 109 312 236
cat 0.0285 309 126 379 159
cat 0.0279 313 181 386 240
cat 0.0271 227 24 328 120
cat 0.0263 295 123 374 232
cat 0.0236 242 85 326 204
cat 0.0226 349 193 381 230
chair 0.1844 60 25 459 333
chair 0.1197 18 4 162 295
chair 0.0928 186 25 403 156
chair 0.0820 140 181 441 326
chair 0.0808 3 0 261 327
chair 0.0769 292 146 444 333
chair 0.0750 263 33 421 225
chair 0.0654 306 42 408 149
chair 0.0632 263 54 464 325
chair 0.0564 59 9 302 206
chair 0.0532 253 221 429 325
chair 0.0502 33 117 165 333
chair 0.0488 27 0 203 173
chair 0.0431 267 275 419 331
chair 0.0428 77 84 252 332
chair 0.0427 322 74 439 269
chair 0.0399 282 183 395 317
chair 0.0397 312 68 405 197
chair 0.0389 145 0 302 133
chair 0.0384 265 26 384 133
chair 0.0379 166 258 455 333
chair 0.0375 176 0 436 261
chair 0.0363 346 108 472 291
chair 0.0352 317 18 404 114
chair 0.0343 74 169 338 323
chair 0.0323 6 65 107 297
chair 0.0321 338 25 423 135
chair 0.0317 305 125 393 228
chair 0.0296 55 6 158 148
chair 0.0279 328 20 481 240
chair 0.0274 307 259 456 332
chair 0.0267 355 143 427 241
chair 0.0266 69 3 226 119
chair 0.0265 28 55 178 208
chair 0.0265 68 21 211 264
chair 0.0262 49 134 122 275
chair 0.0262 256 193 355 316
chair 0.0261 233 20 397 95
chair 0.0260 271 18 456 150
chair 0.0254 40 215 193 330
chair 0.0246 100 8 184 135
chair 0.0245 7 0 106 213
chair 0.0238 316 227 410 329
chair 0.0222 383 32 467 155
chair 0.0218 326 117 440 214
chair 0.0210 303 200 500 320
chair 0.0206 60 97 155 258
chair 0.0206 143 0 212 92
chair 0.0204 132 7 244 108
chair 0.0204 240 133 422 225
chair 0.0202 36 268 206 329
dog 0.5934 107 23 439 320
dog 0.2964 169 22 335 131
dog 0.2088 155 20 352 232
dog 0.1851 314 138 458 322
dog 0.0953 225 32 408 246
dog 0.0864 150 154 457 312
dog 0.0830 76 24 270 275
dog 0.0805 212 32 358 177
dog 0.0733 301 98 418 279
dog 0.0655 89 12 380 143
dog 0.0651 318 229 456 321
dog 0.0626 126 92 392 270
dog 0.0617 310 125 386 177
dog 0.0578 242 41 328 144
dog 0.0553 301 195 434 309
dog 0.0551 73 200 394 317
dog 0.0541 220 85 323 146
dog 0.0537 210 66 383 140
dog 0.0496 271 154 393 247
dog 0.0440 106 111 316 322
dog 0.0413 281 105 389 163
dog 0.0412 206 72 334 246
dog 0.0400 154 161 379 243
dog 0.0396 130 73 300 140
dog 0.0360 262 97 328 145
dog 0.0351 200 172 412 268
dog 0.0349 159 9 264 114
dog 0.0337 222 162 330 237
dog 0.0334 336 171 424 286
dog 0.0333 241 92 369 148
dog 0.0330 111 70 241 243
dog 0.0293 186 7 437 171
dog 0.0284 243 131 366 226
dog 0.0276 212 11 316 111
dog 0.0270 129 71 342 179
dog 0.0268 246 66 348 192
dog 0.0266 313 126 382 153
dog 0.0261 307 114 417 209
dog 0.0260 284 97 386 222
dog 0.0252 186 90 310 130
dog 0.0250 341 181 420 239
dog 0.0233 350 199 459 301
dog 0.0221 126 166 334 280
dog 0.0216 263 67 318 141
dog 0.0209 278 112 360 145
dog 0.0205 117 69 234 155
dog 0.0203 126 41 253 136
dog 0.0202 106 105 193 237
person 0.1870 296 110 443 310
person 0.1132 249 58 412 289
person 0.1055 233 168 440 326
person 0.0677 310 124 387 233
person 0.0648 160 50 360 299
person 0.0537 233 81 370 247
person 0.0520 285 138 381 264
person 0.0461 283 172 393 303
person 0.0461 241 147 375 292
person 0.0426 240 160 361 240
person 0.0357 339 135 419 242
person 0.0321 306 153 366 231
person 0.0295 117 71 500 318
person 0.0292 178 168 360 274
person 0.0287 228 144 311 242
person 0.0260 130 15 227 129
person 0.0234 307 178 369 265
person 0.0232 326 177 374 232
person 0.0216 160 25 246 120
person 0.0212 369 305 406 333
sofa 0.2751 62 11 448 323
sofa 0.0525 42 0 347 207
sofa 0.0347 92 12 335 122
sofa 0.0267 205 108 447 239
sofa 0.0216 161 12 447 143
