aeroplane 0.0355 341 209 497 282
aeroplane 0.0308 357 177 494 266
aeroplane 0.0297 309 232 493 296
aeroplane 0.0283 79 3 241 53
aeroplane 0.0202 338 230 498 343
aeroplane 0.0202 302 149 500 283
bird 0.1631 120 21 297 237
bird 0.1417 122 10 286 138
bird 0.1272 153 102 302 274
bird 0.0769 78 137 307 253
bird 0.0677 177 137 435 256
bird 0.0478 114 14 498 246
bird 0.0455 115 2 279 60
bird 0.0416 25 0 329 261
bird 0.0398 208 3 297 126
bird 0.0345 156 5 394 132
bird 0.0339 170 0 287 92
bird 0.0322 32 8 269 111
bird 0.0306 394 225 434 257
bird 0.0274 25 136 203 249
bird 0.0262 155 6 262 44
bird 0.0251 138 105 492 293
bird 0.0249 212 0 254 28
bird 0.0244 86 4 228 47
bird 0.0235 150 0 235 27
bird 0.0227 164 72 266 134
bird 0.0214 21 104 123 241
bird 0.0209 96 1 195 28
bird 0.0205 214 1 488 121
bird 0.0203 206 2 279 53
bird 0.0201 4 0 160 243
bird 0.0200 111 0 259 35
boat 0.0378 280 178 494 267
boat 0.0322 234 150 481 249
boat 0.0243 389 215 470 254
boat 0.0220 347 247 495 299
boat 0.0220 341 160 499 247
boat 0.0204 0 249 22 281
boat 0.0203 367 205 495 258
bus 0.0296 389 211 474 258
car 0.0555 391 231 464 258
car 0.0410 416 241 463 256
car 0.0364 392 240 443 258
car 0.0301 384 228 486 269
car 0.0252 377 248 496 298
car 0.0252 397 222 492 255
car 0.0220 457 245 498 304
cat 0.6346 164 133 301 245
cat 0.3078 142 66 298 238
cat 0.0467 204 138 300 211
cat 0.0461 159 144 410 263
cat 0.0393 170 139 268 211
cat 0.0368 118 34 412 260
cat 0.0314 166 168 266 248
cat 0.0289 240 138 304 184
cat 0.0277 242 141 301 246
cat 0.0202 196 138 294 179
cat 0.0201 141 138 241 253
chair 0.1392 125 9 291 201
chair 0.0602 63 0 286 135
chair 0.0511 126 16 251 143
chair 0.0441 20 0 300 262
chair 0.0405 71 19 238 186
chair 0.0364 152 45 272 134
chair 0.0311 0 0 500 306
chair 0.0299 87 97 329 288
chair 0.0282 162 75 252 135
chair 0.0244 85 3 205 119
chair 0.0242 59 3 262 78
chair 0.0225 105 110 295 215
chair 0.0217 395 221 441 261
chair 0.0212 74 0 254 39
chair 0.0207 199 26 295 164
chair 0.0201 130 49 225 189
diningtable 0.0434 55 135 314 270
diningtable 0.0253 0 21 346 267
diningtable 0.0244 106 127 440 287
dog 0.0589 160 163 297 249
person 0.0680 0 6 371 375
person 0.0424 11 3 308 232
person 0.0295 393 237 427 258
person 0.0208 0 199 21 277
sofa 0.0367 56 0 500 330
train 0.0505 153 144 473 271
train 0.0311 378 221 470 258
train 0.0231 379 225 499 280
train 0.0227 381 202 497 258
tvmonitor 0.0221 155 117 311 301
