bicycle 0.0567 310 0 365 41
bicycle 0.0413 393 200 497 319
bicycle 0.0374 163 235 500 327
bicycle 0.0252 316 235 492 322
bicycle 0.0209 325 12 397 42
boat 0.0361 195 309 266 334
boat 0.0286 414 205 496 309
boat 0.0255 386 304 490 332
boat 0.0247 362 271 499 325
boat 0.0226 425 320 481 333
boat 0.0204 53 241 478 325
boat 0.0204 381 237 498 316
bottle 0.0222 191 306 218 334
bottle 0.0202 357 298 495 334
car 0.1395 142 3 371 105
car 0.0872 1 0 51 17
car 0.0743 26 0 353 81
car 0.0710 79 0 226 56
car 0.0630 0 56 94 88
car 0.0517 391 47 432 108
car 0.0488 73 0 153 21
car 0.0473 0 5 89 86
car 0.0461 347 0 438 41
car 0.0450 98 0 264 36
car 0.0427 133 0 211 28
car 0.0402 0 45 135 103
car 0.0379 479 54 500 80
car 0.0372 386 32 432 75
car 0.0349 0 45 82 76
car 0.0345 0 59 77 115
car 0.0343 0 0 174 77
car 0.0326 0 33 73 93
car 0.0313 0 49 49 106
car 0.0307 336 4 402 37
car 0.0285 0 22 69 66
car 0.0285 77 0 194 31
car 0.0285 391 50 430 71
car 0.0276 418 139 499 193
car 0.0258 0 30 142 82
car 0.0253 0 53 154 142
car 0.0247 372 27 434 58
car 0.0246 366 61 435 107
car 0.0246 384 44 426 65
car 0.0233 415 318 485 334
car 0.0221 0 58 88 157
car 0.0218 386 146 500 209
car 0.0215 419 123 499 158
car 0.0212 272 0 420 44
car 0.0211 363 38 429 67
car 0.0210 416 143 500 170
car 0.0202 0 61 23 92
car 0.0201 398 52 433 89
car 0.0200 368 237 500 316
chair 0.0328 193 309 263 334
motorbike 0.9213 5 11 500 328
motorbike 0.3912 308 4 438 108
motorbike 0.3460 73 0 204 64
motorbike 0.2996 375 2 490 130
motorbike 0.2560 71 0 295 78
motorbike 0.2387 35 0 155 65
motorbike 0.2086 104 3 465 109
motorbike 0.1952 366 2 434 93
motorbike 0.1885 304 0 410 68
motorbike 0.1854 292 3 440 188
motorbike 0.1570 258 12 500 130
motorbike 0.1506 386 29 433 105
motorbike 0.1430 218 0 372 110
motorbike 0.1390 336 2 498 269
motorbike 0.1385 139 6 334 96
motorbike 0.1354 11 6 324 112
motorbike 0.1277 385 4 437 68
motorbike 0.1134 0 30 163 228
motorbike 0.1076 77 0 151 52
motorbike 0.1075 20 0 220 90
motorbike 0.1069 364 105 499 319
motorbike 0.0986 327 1 431 50
motorbike 0.0980 305 1 367 49
motorbike 0.0975 290 0 358 88
motorbike 0.0932 0 25 403 213
motorbike 0.0899 82 0 156 25
motorbike 0.0876 4 3 117 81
motorbike 0.0805 97 0 148 18
motorbike 0.0802 412 59 499 212
motorbike 0.0791 0 7 175 131
motorbike 0.0750 352 0 469 57
motorbike 0.0743 349 33 428 108
motorbike 0.0734 395 177 496 312
motorbike 0.0717 258 0 491 77
motorbike 0.0675 328 13 436 72
motorbike 0.0672 385 2 427 44
motorbike 0.0665 481 49 498 79
motorbike 0.0617 2 45 98 154
motorbike 0.0574 0 33 116 109
motorbike 0.0544 316 6 390 94
motorbike 0.0521 396 132 500 229
motorbike 0.0493 309 0 356 32
motorbike 0.0489 115 0 142 21
motorbike 0.0451 58 0 136 37
motorbike 0.0438 91 0 198 29
motorbike 0.0435 5 45 239 176
motorbike 0.0405 0 37 246 305
motorbike 0.0403 331 29 443 150
motorbike 0.0353 68 17 144 63
motorbike 0.0340 359 4 422 37
motorbike 0.0339 189 38 346 118
motorbike 0.0336 3 72 95 216
motorbike 0.0334 358 25 419 84
motorbike 0.0332 373 9 423 53
motorbike 0.0328 125 0 162 21
motorbike 0.0320 207 1 405 182
motorbike 0.0320 325 24 409 63
motorbike 0.0317 284 4 335 71
motorbike 0.0312 388 11 500 83
motorbike 0.0308 308 17 362 79
motorbike 0.0302 365 38 437 76
motorbike 0.0301 241 29 500 321
motorbike 0.0294 107 6 150 26
motorbike 0.0293 305 6 346 26
motorbike 0.0291 35 170 500 327
motorbike 0.0284 282 8 393 133
motorbike 0.0278 344 19 466 93
motorbike 0.0277 386 6 423 29
motorbike 0.0275 0 108 155 266
motorbike 0.0269 365 49 436 91
motorbike 0.0266 363 108 496 208
motorbike 0.0266 377 60 500 148
motorbike 0.0264 356 13 401 55
motorbike 0.0260 2 162 95 317
motorbike 0.0257 86 26 277 96
motorbike 0.0256 55 31 290 135
motorbike 0.0256 384 16 423 38
motorbike 0.0247 0 83 149 176
motorbike 0.0231 317 14 372 59
motorbike 0.0230 0 195 165 320
motorbike 0.0226 35 60 229 132
motorbike 0.0222 83 3 313 183
motorbike 0.0211 65 0 205 150
motorbike 0.0211 423 147 498 266
motorbike 0.0209 121 7 164 26
motorbike 0.0208 129 53 304 126
motorbike 0.0201 296 3 342 50
motorbike 0.0201 369 19 405 38
person 0.6908 400 0 494 131
person 0.6562 220 0 295 102
person 0.4488 1 0 45 66
person 0.2813 368 1 494 199
person 0.1993 14 0 53 53
person 0.1590 162 2 313 84
person 0.1464 423 32 490 156
person 0.1441 7 0 100 64
person 0.1357 386 4 437 58
person 0.1291 0 11 27 68
person 0.1262 386 0 424 42
person 0.1257 391 1 500 64
person 0.1245 310 0 495 287
person 0.1244 23 0 72 56
person 0.1172 287 1 329 63
person 0.1115 309 0 359 55
person 0.1092 257 0 315 80
person 0.1049 288 0 387 95
person 0.1042 1 0 58 33
person 0.1037 339 0 431 90
person 0.1035 211 0 279 18
person 0.1000 355 0 398 40
person 0.0979 49 0 71 40
person 0.0952 330 0 402 64
person 0.0950 227 0 340 117
person 0.0946 281 0 342 88
person 0.0900 6 0 58 17
person 0.0890 270 0 451 136
person 0.0887 22 12 48 57
person 0.0887 203 0 327 193
person 0.0874 56 7 74 41
person 0.0856 449 2 500 73
person 0.0853 197 0 219 19
person 0.0850 36 0 64 40
person 0.0840 0 1 71 90
person 0.0824 298 0 340 46
person 0.0799 50 0 92 54
person 0.0788 65 0 120 57
person 0.0784 312 0 372 31
person 0.0768 304 0 351 27
person 0.0753 321 1 411 38
person 0.0734 361 0 432 47
person 0.0707 13 11 40 60
person 0.0698 265 0 301 61
person 0.0683 30 11 54 46
person 0.0635 117 0 446 272
person 0.0618 385 3 411 34
person 0.0612 294 0 331 26
person 0.0607 301 0 341 17
person 0.0599 481 46 499 79
person 0.0596 0 0 23 28
person 0.0586 445 9 499 126
person 0.0578 202 1 272 80
person 0.0577 206 0 248 22
person 0.0569 244 0 285 17
person 0.0569 295 2 320 54
person 0.0567 390 7 456 102
person 0.0555 201 0 230 17
person 0.0554 389 0 428 22
person 0.0530 20 17 38 51
person 0.0520 333 0 359 28
person 0.0511 401 0 450 45
person 0.0511 90 0 144 25
person 0.0506 235 0 291 29
person 0.0502 311 2 338 31
person 0.0501 330 0 377 44
person 0.0494 465 0 499 49
person 0.0494 462 28 500 106
person 0.0493 120 0 304 125
person 0.0492 23 0 126 42
person 0.0486 40 10 60 44
person 0.0480 342 0 389 29
person 0.0479 361 7 398 64
person 0.0478 28 0 66 15
person 0.0475 121 0 148 22
person 0.0468 124 0 239 62
person 0.0468 213 0 235 18
person 0.0467 79 0 123 26
person 0.0466 370 8 401 48
person 0.0465 371 0 422 27
person 0.0458 117 0 164 25
person 0.0456 186 0 228 22
person 0.0452 321 0 355 21
person 0.0452 476 0 499 29
person 0.0450 280 0 309 64
person 0.0448 206 0 254 55
person 0.0442 187 0 307 47
person 0.0440 40 0 61 22
person 0.0436 207 0 220 18
person 0.0436 289 0 324 15
person 0.0429 94 0 154 51
person 0.0427 378 36 441 133
person 0.0422 30 0 57 28
person 0.0413 81 0 136 41
person 0.0409 390 35 432 93
person 0.0409 143 0 164 23
person 0.0408 138 0 216 21
person 0.0408 100 0 127 20
person 0.0406 181 0 242 61
person 0.0396 60 0 99 37
person 0.0396 381 0 418 16
person 0.0392 479 15 500 78
person 0.0392 412 0 499 41
person 0.0390 0 21 44 93
person 0.0390 420 4 478 69
person 0.0389 201 0 263 30
person 0.0388 442 0 497 32
person 0.0379 24 2 50 37
person 0.0378 288 0 316 35
person 0.0372 0 0 30 112
person 0.0367 399 4 429 34
person 0.0367 178 1 248 27
person 0.0365 411 9 500 280
person 0.0363 249 0 298 43
person 0.0363 339 2 369 33
person 0.0362 473 50 496 78
person 0.0359 74 0 106 31
person 0.0359 11 0 43 24
person 0.0359 375 9 419 64
person 0.0358 303 5 328 39
person 0.0357 86 0 111 21
person 0.0356 322 9 376 75
person 0.0352 102 0 191 22
person 0.0349 460 60 497 151
person 0.0345 162 2 225 69
person 0.0340 0 1 35 19
person 0.0335 115 2 143 29
person 0.0329 87 0 350 194
person 0.0329 191 0 444 86
person 0.0328 267 0 322 26
person 0.0327 366 13 393 43
person 0.0326 266 0 304 17
person 0.0326 436 28 483 115
person 0.0322 5 6 29 46
person 0.0321 283 1 304 35
person 0.0319 130 2 158 29
person 0.0319 138 0 179 25
person 0.0316 118 0 204 33
person 0.0316 273 1 298 36
person 0.0311 43 0 125 22
person 0.0311 374 0 399 23
person 0.0311 4 1 19 17
person 0.0310 92 1 118 30
person 0.0306 226 10 264 83
person 0.0306 136 0 195 54
person 0.0302 52 15 69 45
person 0.0299 372 21 398 55
person 0.0298 464 0 499 17
person 0.0297 352 0 375 24
person 0.0295 229 0 261 18
person 0.0295 193 0 210 17
person 0.0295 0 20 15 70
person 0.0291 271 0 393 43
person 0.0291 397 46 423 76
person 0.0290 351 0 408 20
person 0.0290 158 0 223 33
person 0.0288 307 0 326 16
person 0.0288 218 0 272 46
person 0.0283 16 0 89 23
person 0.0279 176 0 257 100
person 0.0276 402 0 446 15
person 0.0275 351 6 377 36
person 0.0273 74 0 116 16
person 0.0272 326 0 384 20
person 0.0269 477 48 500 104
person 0.0269 52 0 66 18
person 0.0265 180 0 205 20
person 0.0263 416 4 449 63
person 0.0263 383 15 408 46
person 0.0262 470 32 497 77
person 0.0260 382 37 406 64
person 0.0260 302 0 318 16
person 0.0260 358 0 385 25
person 0.0260 390 11 416 47
person 0.0259 390 41 416 69
person 0.0258 249 1 275 27
person 0.0257 370 3 403 31
person 0.0256 399 44 446 113
person 0.0253 71 0 95 24
person 0.0253 394 19 435 74
person 0.0253 436 81 484 154
person 0.0252 223 0 379 238
person 0.0249 470 11 500 162
person 0.0247 315 14 349 59
person 0.0246 406 47 430 76
person 0.0246 480 0 497 17
person 0.0246 426 64 471 151
person 0.0246 215 7 260 24
person 0.0245 387 26 423 68
person 0.0245 367 22 406 78
person 0.0245 13 9 42 36
person 0.0243 105 1 140 42
person 0.0242 135 0 294 27
person 0.0242 3 52 140 179
person 0.0241 257 1 283 31
person 0.0240 146 2 170 29
person 0.0240 419 0 500 18
person 0.0235 373 39 398 68
person 0.0234 318 6 346 37
person 0.0233 51 0 78 22
person 0.0233 411 0 453 28
person 0.0230 23 16 249 270
person 0.0230 221 27 262 108
person 0.0230 388 0 425 7
person 0.0230 365 29 393 64
person 0.0229 346 0 483 35
person 0.0228 375 41 421 95
person 0.0228 110 4 213 108
person 0.0228 314 21 337 55
person 0.0226 63 0 86 26
person 0.0226 40 0 97 17
person 0.0226 9 1 27 16
person 0.0226 246 5 286 68
person 0.0222 391 50 416 81
person 0.0222 413 3 438 33
person 0.0220 397 0 420 14
person 0.0219 411 11 440 53
person 0.0218 348 29 428 172
person 0.0218 383 48 407 73
person 0.0218 164 0 203 23
person 0.0217 123 6 149 35
person 0.0213 110 0 133 18
person 0.0211 377 0 432 10
person 0.0211 313 19 360 95
person 0.0211 112 3 172 62
person 0.0211 315 18 406 129
person 0.0210 345 19 394 88
person 0.0209 238 0 337 47
person 0.0206 416 24 437 53
person 0.0206 389 0 473 18
person 0.0204 341 13 368 42
person 0.0204 360 19 387 48
person 0.0203 284 0 345 11
person 0.0203 264 0 289 21
person 0.0202 388 0 404 15
person 0.0202 148 0 187 18
person 0.0201 329 15 363 59
person 0.0200 303 0 340 7
pottedplant 0.0349 399 310 484 333
pottedplant 0.0246 418 319 481 333
pottedplant 0.0237 368 300 491 334
tvmonitor 0.0260 404 315 487 334
tvmonitor 0.0252 395 52 432 110
