bird 0.0243 3 2 59 88
bird 0.0240 11 0 114 96
bird 0.0226 44 376 225 453
bird 0.0214 13 320 270 454
cat 0.6844 6 6 355 469
cat 0.1588 37 5 357 250
cat 0.1110 156 13 347 214
cat 0.0553 15 12 294 171
cat 0.0551 234 14 364 175
cat 0.0442 29 70 227 458
cat 0.0397 111 58 303 451
cat 0.0397 8 0 120 154
cat 0.0383 190 20 331 127
cat 0.0371 7 0 113 299
cat 0.0355 219 19 375 276
cat 0.0309 7 6 69 234
cat 0.0298 230 1 335 102
cat 0.0282 18 0 151 96
cat 0.0253 171 41 351 418
cat 0.0251 169 117 309 214
cat 0.0247 65 229 347 457
cat 0.0244 0 0 79 449
cat 0.0244 287 0 372 132
cat 0.0230 230 69 340 222
cat 0.0229 46 2 209 81
cat 0.0224 83 51 304 205
cat 0.0211 170 3 308 80
cat 0.0210 75 1 352 128
cat 0.0207 0 0 239 302
chair 0.0336 100 8 388 500
chair 0.0310 246 76 381 468
dog 0.0311 15 3 151 81
pottedplant 0.0211 324 0 386 136
