aeroplane 0.0319 16 0 500 320
bicycle 0.0201 19 191 199 371
bird 0.0271 325 0 364 27
bird 0.0203 22 0 500 307
boat 0.0419 168 184 480 341
boat 0.0259 325 0 362 27
boat 0.0216 193 321 233 340
boat 0.0210 43 118 500 361
boat 0.0205 111 233 365 370
bottle 0.1907 239 289 256 334
bottle 0.1506 351 277 380 344
bottle 0.1283 319 250 331 282
bottle 0.1015 382 233 398 272
bottle 0.0962 237 307 255 341
bottle 0.0892 347 289 384 368
bottle 0.0848 342 339 401 375
bottle 0.0770 322 254 336 283
bottle 0.0743 311 244 324 281
bottle 0.0706 346 278 370 330
bottle 0.0649 425 236 443 260
bottle 0.0610 439 236 458 260
bottle 0.0607 332 251 348 281
bottle 0.0594 283 251 301 288
bottle 0.0577 339 249 355 281
bottle 0.0550 373 238 387 270
bottle 0.0546 235 312 249 338
bottle 0.0540 345 353 395 374
bottle 0.0525 374 335 427 374
bottle 0.0512 339 277 357 320
bottle 0.0507 237 289 248 327
bottle 0.0489 353 274 375 321
bottle 0.0469 304 244 318 281
bottle 0.0451 234 294 259 349
bottle 0.0441 222 317 236 338
bottle 0.0441 485 239 500 269
bottle 0.0434 242 292 261 323
bottle 0.0423 382 345 408 375
bottle 0.0405 341 260 356 296
bottle 0.0400 216 316 232 338
bottle 0.0393 363 345 390 375
bottle 0.0387 359 357 413 374
bottle 0.0380 483 249 498 279
bottle 0.0374 389 339 416 373
bottle 0.0367 359 244 383 270
bottle 0.0365 345 244 361 274
bottle 0.0363 375 340 399 373
bottle 0.0361 252 294 270 320
bottle 0.0352 197 320 226 339
bottle 0.0340 177 199 189 243
bottle 0.0338 319 252 339 295
bottle 0.0330 347 350 429 375
bottle 0.0327 368 283 385 325
bottle 0.0325 200 305 248 367
bottle 0.0321 292 251 305 286
bottle 0.0319 352 243 374 268
bottle 0.0313 473 254 491 277
bottle 0.0310 224 301 261 368
bottle 0.0308 326 1 357 27
bottle 0.0305 447 240 464 264
bottle 0.0295 337 264 363 324
bottle 0.0294 466 254 480 276
bottle 0.0287 405 338 427 373
bottle 0.0285 343 346 373 375
bottle 0.0283 347 271 363 307
bottle 0.0279 285 240 301 278
bottle 0.0279 226 305 237 327
bottle 0.0278 346 259 360 285
bottle 0.0272 323 245 352 287
bottle 0.0272 298 335 366 362
bottle 0.0271 347 325 383 372
bottle 0.0270 278 258 296 292
bottle 0.0269 427 236 454 265
bottle 0.0267 433 247 449 268
bottle 0.0266 419 236 435 264
bottle 0.0265 471 242 491 270
bottle 0.0261 29 60 40 86
bottle 0.0260 442 247 457 269
bottle 0.0260 459 259 471 279
bottle 0.0255 427 248 442 268
bottle 0.0255 37 83 51 114
bottle 0.0254 184 202 196 241
bottle 0.0254 262 245 277 280
bottle 0.0250 228 282 258 335
bottle 0.0249 233 321 247 347
bottle 0.0249 249 303 269 331
bottle 0.0248 304 243 338 310
bottle 0.0241 260 301 282 327
bottle 0.0241 226 294 238 325
bottle 0.0240 449 250 464 271
bottle 0.0240 236 301 278 370
bottle 0.0240 356 276 383 308
bottle 0.0239 334 260 348 291
bottle 0.0235 225 314 254 342
bottle 0.0233 349 265 376 304
bottle 0.0233 450 260 465 278
bottle 0.0231 303 339 386 370
bottle 0.0231 202 314 237 338
bottle 0.0230 352 312 376 345
bottle 0.0229 331 247 359 301
bottle 0.0228 344 255 381 319
bottle 0.0224 356 273 371 294
bottle 0.0221 487 253 500 286
bottle 0.0221 238 284 273 333
bottle 0.0220 235 311 257 369
bottle 0.0219 458 248 474 271
bottle 0.0217 341 252 365 292
bottle 0.0216 224 314 239 330
bottle 0.0215 384 357 431 374
bottle 0.0215 219 301 241 338
bottle 0.0214 469 261 495 282
bottle 0.0212 205 281 245 335
bottle 0.0211 479 259 500 282
bottle 0.0207 29 68 41 106
bottle 0.0206 221 311 232 329
bottle 0.0204 213 315 243 341
bottle 0.0200 288 239 319 307
car 0.0329 162 251 189 323
chair 0.1071 349 276 381 337
chair 0.0968 357 322 500 375
chair 0.0891 260 300 288 316
chair 0.0770 340 325 430 375
chair 0.0707 144 357 191 374
chair 0.0704 348 285 389 370
chair 0.0690 181 348 251 375
chair 0.0677 400 292 500 372
chair 0.0626 352 267 496 360
chair 0.0586 305 336 411 373
chair 0.0563 437 325 500 373
chair 0.0562 168 255 187 309
chair 0.0561 186 320 277 374
chair 0.0531 154 342 244 373
chair 0.0507 304 289 347 318
chair 0.0497 126 348 191 374
chair 0.0495 357 292 379 342
chair 0.0486 400 257 500 341
chair 0.0486 344 299 382 345
chair 0.0448 128 311 324 371
chair 0.0443 146 332 189 375
chair 0.0439 336 280 366 331
chair 0.0432 161 350 188 375
chair 0.0432 347 272 407 332
chair 0.0431 258 288 286 317
chair 0.0427 457 297 500 367
chair 0.0413 349 313 378 343
chair 0.0400 98 341 202 372
chair 0.0399 339 285 357 323
chair 0.0396 9 282 65 375
chair 0.0396 202 356 256 374
chair 0.0395 184 299 241 371
chair 0.0394 3 300 42 375
chair 0.0394 142 283 190 374
chair 0.0394 363 283 386 333
chair 0.0393 146 315 254 375
chair 0.0392 144 353 222 375
chair 0.0391 168 323 229 372
chair 0.0387 309 284 365 330
chair 0.0384 289 301 500 375
chair 0.0381 296 322 374 370
chair 0.0369 294 296 308 320
chair 0.0366 459 341 500 375
chair 0.0364 129 318 207 373
chair 0.0359 442 265 499 351
chair 0.0354 305 288 371 359
chair 0.0354 176 277 304 364
chair 0.0345 320 310 386 362
chair 0.0343 284 299 303 316
chair 0.0343 254 301 296 320
chair 0.0338 251 297 277 318
chair 0.0337 39 308 237 370
chair 0.0334 292 179 307 216
chair 0.0329 344 281 374 323
chair 0.0329 412 318 500 358
chair 0.0328 270 298 293 313
chair 0.0327 272 300 377 375
chair 0.0326 349 283 433 368
chair 0.0324 417 297 499 338
chair 0.0319 298 295 313 321
chair 0.0316 326 286 355 323
chair 0.0308 161 279 233 375
chair 0.0308 0 235 55 375
chair 0.0307 182 353 224 375
chair 0.0304 285 182 304 215
chair 0.0304 1 345 38 375
chair 0.0303 13 309 91 374
chair 0.0303 171 348 193 375
chair 0.0303 24 309 60 375
chair 0.0302 253 336 368 373
chair 0.0302 11 203 73 370
chair 0.0301 105 338 266 375
chair 0.0300 293 299 357 346
chair 0.0300 277 189 295 214
chair 0.0296 4 342 62 375
chair 0.0291 176 303 217 369
chair 0.0289 191 184 316 355
chair 0.0288 93 295 205 373
chair 0.0285 371 267 455 329
chair 0.0284 303 256 343 318
chair 0.0283 363 281 422 331
chair 0.0282 3 356 52 374
chair 0.0281 0 112 21 194
chair 0.0280 47 340 170 372
chair 0.0280 0 311 27 375
chair 0.0279 278 175 308 221
chair 0.0279 470 318 500 375
chair 0.0276 212 347 268 375
chair 0.0274 341 320 394 368
chair 0.0272 162 251 189 339
chair 0.0264 6 338 103 373
chair 0.0260 266 298 310 317
chair 0.0259 371 310 422 367
chair 0.0259 435 207 500 332
chair 0.0258 190 278 234 337
chair 0.0257 303 293 328 320
chair 0.0255 1 118 17 165
chair 0.0254 219 313 265 375
chair 0.0253 32 257 193 371
chair 0.0250 173 267 189 311
chair 0.0250 148 246 204 375
chair 0.0247 280 253 302 304
chair 0.0246 435 236 461 266
chair 0.0243 347 304 369 341
chair 0.0243 197 348 229 375
chair 0.0242 413 343 500 374
chair 0.0238 247 284 276 320
chair 0.0238 147 347 176 375
chair 0.0238 231 310 318 375
chair 0.0237 0 114 11 182
chair 0.0236 163 320 196 375
chair 0.0235 226 349 251 375
chair 0.0235 2 111 31 175
chair 0.0232 385 325 432 375
chair 0.0231 206 334 254 375
chair 0.0229 177 349 209 374
chair 0.0228 340 302 356 332
chair 0.0226 2 315 155 372
chair 0.0226 403 283 470 332
chair 0.0225 354 256 432 338
chair 0.0224 63 325 200 372
chair 0.0222 9 330 42 375
chair 0.0222 457 240 498 308
chair 0.0221 129 300 172 372
chair 0.0221 162 257 181 302
chair 0.0219 263 184 294 217
chair 0.0218 266 259 300 317
chair 0.0218 0 106 48 264
chair 0.0217 289 293 300 311
chair 0.0217 401 325 461 375
chair 0.0217 217 352 245 375
chair 0.0217 323 303 375 344
chair 0.0216 307 298 341 321
chair 0.0215 85 263 248 371
chair 0.0215 189 329 224 371
chair 0.0213 197 317 224 338
chair 0.0212 289 300 313 316
chair 0.0212 270 310 348 360
chair 0.0212 368 285 399 330
chair 0.0210 296 288 319 320
chair 0.0209 117 358 180 373
chair 0.0209 258 304 286 327
chair 0.0209 197 296 252 345
chair 0.0207 375 258 420 325
chair 0.0206 165 216 240 360
chair 0.0205 169 251 222 344
chair 0.0204 174 335 215 375
chair 0.0204 476 286 500 345
chair 0.0204 427 251 500 311
chair 0.0203 281 278 302 316
chair 0.0203 278 290 292 311
chair 0.0203 261 285 300 315
chair 0.0203 359 298 478 345
chair 0.0202 0 193 51 325
chair 0.0202 227 358 274 375
chair 0.0202 388 277 434 333
diningtable 0.3443 162 306 500 375
diningtable 0.1451 193 313 389 372
diningtable 0.1232 333 329 500 375
diningtable 0.1183 248 277 475 368
diningtable 0.1098 278 326 443 374
diningtable 0.0802 297 299 409 373
diningtable 0.0722 176 328 337 375
diningtable 0.0679 168 259 419 375
diningtable 0.0623 310 262 490 336
diningtable 0.0610 225 306 324 370
diningtable 0.0543 280 307 367 366
diningtable 0.0520 341 284 399 375
diningtable 0.0511 334 278 377 327
diningtable 0.0477 191 283 336 364
diningtable 0.0449 311 278 364 324
diningtable 0.0418 424 237 460 260
diningtable 0.0401 246 301 365 348
diningtable 0.0391 188 308 275 370
diningtable 0.0382 313 278 392 348
diningtable 0.0358 293 327 388 368
diningtable 0.0358 363 253 498 375
diningtable 0.0354 244 292 281 320
diningtable 0.0353 337 266 446 369
diningtable 0.0337 250 301 292 321
diningtable 0.0334 289 286 364 335
diningtable 0.0333 184 201 336 375
diningtable 0.0332 249 265 428 331
diningtable 0.0330 390 255 500 318
diningtable 0.0311 220 223 500 339
diningtable 0.0308 346 263 416 327
diningtable 0.0301 239 298 285 335
diningtable 0.0300 229 337 350 374
diningtable 0.0297 412 236 484 267
diningtable 0.0296 318 241 490 310
diningtable 0.0288 273 278 386 326
diningtable 0.0285 176 346 305 375
diningtable 0.0283 404 225 500 301
diningtable 0.0279 397 245 498 283
diningtable 0.0269 268 292 353 323
diningtable 0.0269 338 255 392 338
diningtable 0.0267 294 260 359 320
diningtable 0.0267 255 296 308 318
diningtable 0.0263 19 302 378 375
diningtable 0.0259 234 290 265 334
diningtable 0.0247 408 257 500 293
diningtable 0.0231 318 249 387 318
diningtable 0.0228 400 220 489 264
diningtable 0.0226 382 235 448 267
diningtable 0.0218 297 241 430 365
diningtable 0.0216 324 321 416 358
diningtable 0.0212 355 214 495 276
diningtable 0.0210 352 189 480 254
diningtable 0.0209 439 237 493 276
diningtable 0.0205 436 241 479 263
diningtable 0.0205 219 303 260 341
diningtable 0.0205 244 300 302 348
diningtable 0.0204 188 301 309 350
diningtable 0.0203 228 291 326 329
diningtable 0.0203 355 239 400 274
diningtable 0.0202 251 303 314 331
diningtable 0.0200 332 293 431 348
motorbike 0.0261 28 63 291 374
motorbike 0.0241 74 119 391 363
person 0.1253 352 280 380 343
person 0.0904 341 343 410 375
person 0.0727 406 246 498 351
person 0.0492 167 254 189 311
person 0.0466 319 253 500 350
person 0.0455 163 206 174 242
person 0.0449 344 264 385 334
person 0.0448 362 242 382 268
person 0.0443 35 108 174 375
person 0.0431 24 0 500 357
person 0.0411 335 266 372 326
person 0.0408 259 284 282 312
person 0.0392 286 223 299 251
person 0.0363 281 219 294 246
person 0.0350 206 204 224 234
person 0.0347 196 322 229 339
person 0.0346 316 260 355 321
person 0.0342 260 270 279 297
person 0.0337 226 213 237 237
person 0.0334 170 205 181 244
person 0.0334 177 204 189 247
person 0.0334 170 168 312 364
person 0.0323 412 263 453 281
person 0.0319 267 271 284 297
person 0.0310 279 197 293 218
person 0.0305 278 203 293 225
person 0.0303 266 278 285 306
person 0.0302 244 184 500 349
person 0.0300 254 277 287 318
person 0.0299 161 203 176 254
person 0.0297 310 343 392 373
person 0.0296 351 244 378 266
person 0.0287 193 202 205 238
person 0.0286 166 203 182 255
person 0.0285 237 275 265 326
person 0.0285 256 265 282 303
person 0.0277 260 255 278 292
person 0.0273 345 246 354 265
person 0.0271 274 202 286 218
person 0.0271 326 188 339 220
person 0.0270 269 258 283 291
person 0.0270 349 243 361 265
person 0.0265 139 256 151 281
person 0.0264 318 243 342 280
person 0.0261 199 205 214 235
person 0.0259 263 244 276 270
person 0.0256 179 191 189 235
person 0.0254 214 210 229 233
person 0.0254 206 194 225 225
person 0.0253 225 200 236 230
person 0.0253 0 91 93 375
person 0.0252 286 230 301 268
person 0.0246 253 283 271 313
person 0.0246 277 213 297 249
person 0.0245 264 258 289 298
person 0.0244 295 227 305 250
person 0.0244 264 233 277 258
person 0.0242 166 209 173 226
person 0.0241 262 200 277 219
person 0.0241 155 252 184 324
person 0.0241 269 250 304 311
person 0.0238 263 226 277 249
person 0.0237 272 226 284 250
person 0.0235 192 186 205 219
person 0.0234 327 243 351 278
person 0.0233 274 188 298 222
person 0.0233 159 207 169 239
person 0.0229 238 280 254 321
person 0.0227 286 212 299 234
person 0.0227 189 189 207 238
person 0.0227 317 189 332 221
person 0.0225 313 249 399 351
person 0.0225 337 240 357 277
person 0.0223 75 74 228 375
person 0.0223 180 189 198 242
person 0.0222 245 264 281 319
person 0.0222 175 203 182 228
person 0.0219 462 251 499 279
person 0.0218 458 265 476 281
person 0.0218 341 245 358 268
person 0.0217 273 213 286 239
person 0.0216 252 256 295 313
person 0.0216 0 0 262 375
person 0.0215 349 238 392 271
person 0.0214 194 194 220 236
person 0.0212 435 263 462 281
person 0.0210 367 241 379 263
person 0.0210 464 264 486 281
person 0.0209 450 264 470 281
person 0.0209 317 241 330 274
person 0.0207 252 195 271 220
person 0.0206 173 187 193 253
person 0.0206 161 254 181 297
person 0.0206 64 218 155 367
person 0.0205 311 191 325 223
person 0.0203 365 225 404 272
person 0.0203 338 249 348 265
person 0.0203 424 259 443 278
person 0.0203 141 226 204 367
person 0.0201 161 201 186 271
person 0.0201 348 226 435 332
person 0.0201 252 189 283 223
person 0.0201 286 201 300 226
person 0.0200 265 190 292 223
person 0.0200 185 192 196 232
pottedplant 0.6345 456 197 495 262
pottedplant 0.4331 184 159 302 195
pottedplant 0.4034 242 111 346 136
pottedplant 0.2774 190 156 282 181
pottedplant 0.1942 292 116 346 136
pottedplant 0.1633 184 143 324 183
pottedplant 0.1622 386 232 401 273
pottedplant 0.1615 460 224 484 260
pottedplant 0.1520 249 111 299 136
pottedplant 0.1468 264 166 302 180
pottedplant 0.1440 196 111 362 148
pottedplant 0.1435 203 162 304 183
pottedplant 0.1293 351 279 380 343
pottedplant 0.1243 192 156 246 176
pottedplant 0.1189 237 167 301 186
pottedplant 0.1167 185 119 345 169
pottedplant 0.1125 431 165 451 204
pottedplant 0.1020 225 169 307 209
pottedplant 0.0969 275 170 306 187
pottedplant 0.0916 289 176 307 207
pottedplant 0.0878 282 172 305 200
pottedplant 0.0866 247 163 308 195
pottedplant 0.0860 464 201 492 243
pottedplant 0.0851 231 164 290 180
pottedplant 0.0838 184 164 320 238
pottedplant 0.0790 457 214 489 250
pottedplant 0.0785 458 198 488 229
pottedplant 0.0776 431 210 500 262
pottedplant 0.0771 428 237 452 259
pottedplant 0.0765 190 160 226 180
pottedplant 0.0765 237 123 348 151
pottedplant 0.0764 404 193 415 225
pottedplant 0.0753 205 155 251 170
pottedplant 0.0723 426 237 442 259
pottedplant 0.0710 180 139 336 211
pottedplant 0.0688 187 157 249 192
pottedplant 0.0687 277 113 337 130
pottedplant 0.0683 467 218 497 263
pottedplant 0.0676 306 114 347 130
pottedplant 0.0675 274 117 354 144
pottedplant 0.0661 272 164 309 207
pottedplant 0.0657 483 236 498 263
pottedplant 0.0635 476 198 500 262
pottedplant 0.0633 222 153 288 201
pottedplant 0.0625 274 175 299 205
pottedplant 0.0593 320 252 334 280
pottedplant 0.0582 448 234 463 258
pottedplant 0.0577 318 117 349 135
pottedplant 0.0572 224 142 311 174
pottedplant 0.0564 236 128 338 173
pottedplant 0.0564 458 161 498 250
pottedplant 0.0561 253 174 301 203
pottedplant 0.0549 308 241 325 282
pottedplant 0.0549 440 237 459 258
pottedplant 0.0537 456 233 478 262
pottedplant 0.0534 487 214 500 261
pottedplant 0.0530 273 175 309 194
pottedplant 0.0522 283 169 302 184
pottedplant 0.0519 461 237 497 259
pottedplant 0.0512 198 173 291 202
pottedplant 0.0495 245 162 292 175
pottedplant 0.0492 312 251 328 280
pottedplant 0.0489 437 175 492 259
pottedplant 0.0486 232 149 320 191
pottedplant 0.0485 169 256 189 308
pottedplant 0.0481 480 224 500 273
pottedplant 0.0471 374 233 405 272
pottedplant 0.0471 275 165 298 178
pottedplant 0.0471 183 149 265 174
pottedplant 0.0463 290 170 307 194
pottedplant 0.0457 447 199 500 306
pottedplant 0.0455 452 223 462 248
pottedplant 0.0453 240 179 308 223
pottedplant 0.0451 266 178 291 204
pottedplant 0.0451 221 159 282 176
pottedplant 0.0451 437 240 448 256
pottedplant 0.0441 304 113 350 151
pottedplant 0.0439 248 110 279 133
pottedplant 0.0433 421 237 435 259
pottedplant 0.0432 449 234 500 277
pottedplant 0.0430 252 182 287 201
pottedplant 0.0430 439 235 471 261
pottedplant 0.0430 400 194 411 225
pottedplant 0.0422 468 232 490 264
pottedplant 0.0420 187 167 228 197
pottedplant 0.0418 456 203 480 239
pottedplant 0.0412 181 148 330 317
pottedplant 0.0406 239 286 257 321
pottedplant 0.0399 243 114 367 164
pottedplant 0.0397 390 233 407 267
pottedplant 0.0396 181 167 258 207
pottedplant 0.0396 246 176 295 192
pottedplant 0.0393 401 234 418 265
pottedplant 0.0393 192 164 222 189
pottedplant 0.0390 434 219 464 267
pottedplant 0.0389 312 243 335 285
pottedplant 0.0388 195 156 225 173
pottedplant 0.0387 486 195 500 244
pottedplant 0.0387 191 177 237 202
pottedplant 0.0385 192 184 296 219
pottedplant 0.0383 244 159 309 179
pottedplant 0.0382 193 183 208 202
pottedplant 0.0374 430 196 473 259
pottedplant 0.0373 266 166 293 189
pottedplant 0.0368 413 235 444 261
pottedplant 0.0367 310 116 341 140
pottedplant 0.0367 248 108 316 128
pottedplant 0.0367 232 177 284 202
pottedplant 0.0366 448 219 469 259
pottedplant 0.0364 243 112 305 156
pottedplant 0.0361 256 172 282 197
pottedplant 0.0361 195 185 220 200
pottedplant 0.0359 463 240 482 269
pottedplant 0.0357 279 168 295 180
pottedplant 0.0355 410 237 430 261
pottedplant 0.0355 195 175 218 195
pottedplant 0.0354 284 174 311 219
pottedplant 0.0354 206 153 285 172
pottedplant 0.0352 471 209 499 239
pottedplant 0.0351 212 148 408 205
pottedplant 0.0347 371 232 391 270
pottedplant 0.0347 447 232 457 249
pottedplant 0.0347 192 178 210 196
pottedplant 0.0346 212 155 257 178
pottedplant 0.0346 470 198 499 229
pottedplant 0.0346 247 187 279 206
pottedplant 0.0345 183 130 287 172
pottedplant 0.0344 403 151 415 182
pottedplant 0.0342 227 169 286 183
pottedplant 0.0342 191 169 238 183
pottedplant 0.0341 209 127 320 155
pottedplant 0.0339 360 152 371 176
pottedplant 0.0339 251 141 355 169
pottedplant 0.0334 318 121 345 146
pottedplant 0.0331 424 240 434 256
pottedplant 0.0330 142 101 381 160
pottedplant 0.0328 235 99 370 140
pottedplant 0.0328 190 84 359 128
pottedplant 0.0327 195 116 419 187
pottedplant 0.0327 460 197 487 213
pottedplant 0.0325 318 247 343 279
pottedplant 0.0322 234 286 265 330
pottedplant 0.0320 244 108 284 144
pottedplant 0.0315 206 154 238 179
pottedplant 0.0310 440 235 447 250
pottedplant 0.0309 444 217 481 265
pottedplant 0.0307 256 110 284 127
pottedplant 0.0304 430 235 438 251
pottedplant 0.0303 177 149 276 228
pottedplant 0.0298 310 249 339 304
pottedplant 0.0294 403 208 499 288
pottedplant 0.0294 304 113 331 137
pottedplant 0.0292 188 174 212 206
pottedplant 0.0290 417 161 448 222
pottedplant 0.0288 0 111 12 204
pottedplant 0.0288 378 214 412 268
pottedplant 0.0286 420 228 450 267
pottedplant 0.0283 443 235 459 250
pottedplant 0.0282 298 124 360 161
pottedplant 0.0282 203 178 256 202
pottedplant 0.0282 10 172 71 373
pottedplant 0.0281 435 237 452 251
pottedplant 0.0277 446 242 468 263
pottedplant 0.0275 303 126 348 144
pottedplant 0.0274 428 236 444 251
pottedplant 0.0273 258 152 314 214
pottedplant 0.0272 388 232 422 269
pottedplant 0.0272 394 187 412 225
pottedplant 0.0272 388 192 499 256
pottedplant 0.0268 205 184 224 202
pottedplant 0.0265 210 153 260 194
pottedplant 0.0264 406 197 419 227
pottedplant 0.0263 440 214 459 254
pottedplant 0.0262 297 178 312 208
pottedplant 0.0260 413 193 444 260
pottedplant 0.0259 364 157 374 176
pottedplant 0.0258 415 232 477 269
pottedplant 0.0257 304 120 371 140
pottedplant 0.0256 273 160 301 184
pottedplant 0.0254 407 221 460 262
pottedplant 0.0252 272 107 327 142
pottedplant 0.0252 271 167 287 179
pottedplant 0.0252 184 165 217 215
pottedplant 0.0251 269 113 314 135
pottedplant 0.0251 449 229 466 249
pottedplant 0.0251 258 191 279 213
pottedplant 0.0251 237 184 280 199
pottedplant 0.0250 356 291 381 330
pottedplant 0.0250 258 109 300 124
pottedplant 0.0249 0 240 14 335
pottedplant 0.0249 404 158 470 267
pottedplant 0.0248 185 142 235 180
pottedplant 0.0248 401 179 417 222
pottedplant 0.0248 215 185 279 205
pottedplant 0.0247 404 160 415 193
pottedplant 0.0247 248 185 291 214
pottedplant 0.0246 248 164 276 188
pottedplant 0.0246 463 137 497 223
pottedplant 0.0246 374 236 386 265
pottedplant 0.0246 396 195 426 261
pottedplant 0.0245 432 166 451 185
pottedplant 0.0243 271 194 288 214
pottedplant 0.0242 292 167 306 184
pottedplant 0.0242 363 241 383 264
pottedplant 0.0241 236 169 282 219
pottedplant 0.0241 183 151 219 191
pottedplant 0.0240 200 188 230 205
pottedplant 0.0239 230 154 272 167
pottedplant 0.0237 245 120 288 138
pottedplant 0.0236 211 108 310 136
pottedplant 0.0236 0 116 50 375
pottedplant 0.0234 208 187 235 201
pottedplant 0.0234 355 237 387 267
pottedplant 0.0233 271 108 405 140
pottedplant 0.0233 388 188 402 220
pottedplant 0.0232 397 234 438 266
pottedplant 0.0231 258 142 345 193
pottedplant 0.0230 299 138 417 217
pottedplant 0.0229 282 155 321 211
pottedplant 0.0228 472 245 500 262
pottedplant 0.0227 383 246 405 275
pottedplant 0.0227 189 183 227 207
pottedplant 0.0227 398 165 431 237
pottedplant 0.0226 364 225 399 273
pottedplant 0.0225 427 160 457 211
pottedplant 0.0224 265 157 316 190
pottedplant 0.0223 425 235 433 250
pottedplant 0.0223 356 145 373 179
pottedplant 0.0223 405 180 414 208
pottedplant 0.0222 378 179 414 251
pottedplant 0.0222 467 248 495 269
pottedplant 0.0221 285 232 316 287
pottedplant 0.0221 185 161 208 180
pottedplant 0.0219 433 216 451 255
pottedplant 0.0217 447 228 459 243
pottedplant 0.0216 403 248 418 270
pottedplant 0.0215 246 185 264 204
pottedplant 0.0214 405 205 415 240
pottedplant 0.0211 223 168 405 227
pottedplant 0.0211 406 232 417 256
pottedplant 0.0210 413 237 423 256
pottedplant 0.0210 234 178 283 190
pottedplant 0.0210 351 152 364 176
pottedplant 0.0210 300 248 320 286
pottedplant 0.0209 248 122 328 213
pottedplant 0.0209 188 183 199 197
pottedplant 0.0209 189 189 198 204
pottedplant 0.0209 280 125 332 172
pottedplant 0.0208 234 165 341 202
pottedplant 0.0208 440 228 447 244
pottedplant 0.0207 309 122 342 157
pottedplant 0.0205 453 212 462 237
pottedplant 0.0205 386 163 448 269
pottedplant 0.0205 239 166 276 198
pottedplant 0.0204 0 165 21 262
pottedplant 0.0203 277 114 377 193
pottedplant 0.0203 400 154 411 176
pottedplant 0.0203 398 189 419 240
pottedplant 0.0202 482 226 500 246
pottedplant 0.0202 178 184 201 246
pottedplant 0.0202 186 118 286 151
pottedplant 0.0201 465 227 500 247
pottedplant 0.0201 416 221 435 258
pottedplant 0.0200 243 180 272 213
train 0.0382 0 0 500 327
train 0.0343 137 113 459 351
train 0.0216 190 152 400 332
train 0.0214 28 26 282 359
tvmonitor 0.0891 178 164 317 303
tvmonitor 0.0623 283 253 300 289
tvmonitor 0.0599 181 164 320 227
tvmonitor 0.0525 196 241 230 289
tvmonitor 0.0468 189 193 269 311
tvmonitor 0.0449 187 219 233 307
tvmonitor 0.0375 277 248 304 295
tvmonitor 0.0371 213 204 304 320
tvmonitor 0.0354 424 236 458 263
tvmonitor 0.0333 178 231 240 340
tvmonitor 0.0315 248 221 305 308
tvmonitor 0.0295 320 171 409 221
tvmonitor 0.0288 252 247 283 300
tvmonitor 0.0282 271 221 310 289
tvmonitor 0.0278 0 14 59 57
tvmonitor 0.0261 201 237 238 312
tvmonitor 0.0258 256 246 302 292
tvmonitor 0.0253 189 262 233 331
tvmonitor 0.0246 264 252 290 295
tvmonitor 0.0245 196 190 231 236
tvmonitor 0.0243 186 179 244 212
tvmonitor 0.0243 195 315 232 339
tvmonitor 0.0240 281 246 318 286
tvmonitor 0.0232 455 245 500 282
tvmonitor 0.0231 360 229 407 270
tvmonitor 0.0225 356 178 405 218
tvmonitor 0.0219 198 238 286 310
tvmonitor 0.0218 248 179 306 217
tvmonitor 0.0217 175 146 396 251
tvmonitor 0.0217 190 282 257 336
tvmonitor 0.0214 187 251 257 323
tvmonitor 0.0214 206 179 307 238
tvmonitor 0.0213 298 240 330 281
tvmonitor 0.0213 409 250 470 281
tvmonitor 0.0206 202 288 240 344
tvmonitor 0.0205 291 253 309 282
tvmonitor 0.0201 190 186 227 215
tvmonitor 0.0200 173 189 225 306
