bird 0.0349 0 177 71 344
bottle 0.0918 134 0 220 105
bottle 0.0534 52 2 220 115
bottle 0.0321 0 65 21 135
bottle 0.0318 10 158 95 202
bottle 0.0311 133 0 217 14
bottle 0.0302 11 96 104 132
bottle 0.0260 139 0 213 27
bottle 0.0254 44 5 156 140
bottle 0.0234 119 9 261 125
bottle 0.0228 59 78 240 147
bottle 0.0206 151 0 197 11
bottle 0.0205 11 184 97 222
bottle 0.0201 142 0 212 61
cat 0.1098 0 227 73 375
chair 0.1394 0 0 78 137
chair 0.0882 2 0 133 197
chair 0.0598 14 1 471 375
chair 0.0417 12 0 188 125
chair 0.0364 7 6 335 220
chair 0.0355 361 182 493 375
chair 0.0351 0 2 66 77
chair 0.0328 0 0 41 154
chair 0.0284 19 0 103 115
chair 0.0267 353 211 433 375
chair 0.0250 31 10 76 101
chair 0.0246 2 53 39 136
chair 0.0235 0 73 128 151
chair 0.0227 399 0 497 136
chair 0.0221 11 21 65 118
chair 0.0200 0 93 104 136
dog 0.6738 11 96 410 367
dog 0.3160 25 97 279 270
dog 0.3023 13 87 190 343
dog 0.2926 71 90 418 258
dog 0.1711 200 92 410 228
dog 0.1643 5 193 81 375
dog 0.1400 220 95 408 359
dog 0.1002 2 64 326 202
dog 0.0986 0 222 153 375
dog 0.0718 112 106 329 232
dog 0.0711 42 125 262 375
dog 0.0583 38 114 191 231
dog 0.0502 87 94 273 179
dog 0.0481 0 279 99 375
dog 0.0406 85 126 242 249
dog 0.0368 177 93 365 176
dog 0.0368 50 154 184 264
dog 0.0318 78 256 407 371
dog 0.0314 192 156 375 230
dog 0.0305 213 116 326 231
dog 0.0296 0 174 158 254
dog 0.0285 5 170 213 291
dog 0.0277 282 130 414 235
dog 0.0257 10 298 193 372
dog 0.0242 284 92 420 195
dog 0.0231 0 310 72 374
dog 0.0231 77 157 366 335
dog 0.0222 131 94 298 152
dog 0.0218 106 179 278 257
dog 0.0218 185 135 375 286
dog 0.0217 265 83 476 287
dog 0.0213 142 162 318 233
dog 0.0206 59 196 224 269
person 0.3051 12 82 400 375
person 0.2644 0 99 177 314
person 0.2252 3 96 143 224
person 0.1549 0 113 110 375
person 0.1167 1 115 84 223
person 0.1090 0 23 108 207
person 0.0971 0 58 251 257
person 0.0931 3 185 198 375
person 0.0774 56 102 253 348
person 0.0744 0 102 52 205
person 0.0701 3 10 441 274
person 0.0669 12 94 223 197
person 0.0663 6 100 111 182
person 0.0586 0 143 104 277
person 0.0580 352 123 493 375
person 0.0562 51 111 167 244
person 0.0534 1 139 44 213
person 0.0497 0 133 53 309
person 0.0484 200 104 470 368
person 0.0441 5 148 104 206
person 0.0432 0 152 185 261
person 0.0429 4 17 203 186
person 0.0421 23 102 118 144
person 0.0403 1 159 40 244
person 0.0357 0 159 77 235
person 0.0326 290 117 425 375
person 0.0322 0 58 100 153
person 0.0320 22 102 158 168
person 0.0317 0 119 36 182
person 0.0309 5 82 69 175
person 0.0309 45 108 121 197
person 0.0307 69 178 337 373
person 0.0305 1 88 42 164
person 0.0285 469 320 500 375
person 0.0282 0 151 29 222
person 0.0274 25 113 82 189
person 0.0268 480 101 499 136
person 0.0265 0 164 20 204
person 0.0263 17 263 182 373
person 0.0262 212 96 477 239
person 0.0259 32 69 262 160
person 0.0254 489 101 500 137
person 0.0247 2 180 140 299
person 0.0246 52 96 140 130
person 0.0245 2 260 75 375
person 0.0240 14 167 89 212
person 0.0221 4 91 69 137
person 0.0219 0 158 66 202
person 0.0219 0 343 69 375
person 0.0217 321 200 399 375
person 0.0216 102 173 234 374
person 0.0206 54 102 171 145
sofa 0.0881 0 15 500 375
sofa 0.0278 127 108 473 336
sofa 0.0256 69 51 476 212
sofa 0.0233 0 0 384 183
tvmonitor 0.0295 0 55 23 139
