bicycle 0.0204 2 126 66 182
bird 0.0726 364 141 378 171
bird 0.0528 218 335 238 355
bird 0.0203 449 146 465 179
bus 0.0502 0 0 500 375
car 0.0508 0 137 22 181
car 0.0348 0 0 500 375
chair 0.0449 0 134 32 181
chair 0.0234 1 117 47 181
chair 0.0203 0 141 17 183
horse 0.8497 182 108 303 233
horse 0.3576 183 127 245 234
horse 0.1107 225 122 291 235
horse 0.0886 184 133 226 204
horse 0.0628 226 109 304 186
horse 0.0541 154 107 307 311
horse 0.0527 28 94 315 302
horse 0.0421 196 114 393 249
horse 0.0333 242 108 322 238
horse 0.0328 174 149 224 225
horse 0.0324 259 107 307 162
horse 0.0316 182 117 273 189
horse 0.0307 178 125 235 178
horse 0.0271 0 0 500 343
horse 0.0230 199 133 237 191
horse 0.0200 139 117 208 237
person 0.1007 180 128 234 235
person 0.0810 0 0 433 375
person 0.0546 272 104 303 163
person 0.0529 246 107 301 169
person 0.0521 363 142 379 167
person 0.0498 182 155 213 230
person 0.0460 225 136 250 174
person 0.0390 219 139 242 178
person 0.0381 188 134 222 189
person 0.0373 234 134 257 173
person 0.0354 218 334 237 360
person 0.0333 224 108 296 189
person 0.0323 14 21 173 299
person 0.0312 189 171 224 234
person 0.0310 214 140 233 180
person 0.0309 222 133 242 160
person 0.0297 237 124 259 153
person 0.0285 203 137 225 177
person 0.0283 243 128 264 168
person 0.0275 291 122 306 157
person 0.0269 228 130 248 152
person 0.0268 194 132 244 215
person 0.0266 284 124 303 167
person 0.0262 222 123 267 199
person 0.0260 235 126 298 239
person 0.0249 228 105 292 153
person 0.0248 8 115 63 179
person 0.0248 220 107 269 167
person 0.0247 199 159 242 238
person 0.0245 185 133 213 169
person 0.0221 15 41 120 166
person 0.0211 211 142 281 240
person 0.0210 191 147 221 220
person 0.0208 251 116 270 147
person 0.0208 361 144 373 166
person 0.0207 292 134 306 166
person 0.0205 242 119 266 146
person 0.0204 182 134 202 167
person 0.0204 1 73 72 184
pottedplant 0.0231 189 285 238 356
train 0.0277 61 99 313 248
tvmonitor 0.0237 0 8 78 54
