cat 0.0775 176 45 344 165
cat 0.0439 173 40 302 116
cat 0.0280 188 47 288 87
cat 0.0204 151 174 366 316
dog 0.7637 175 96 348 278
dog 0.1243 156 6 390 278
dog 0.0757 181 57 344 201
dog 0.0706 0 17 396 333
dog 0.0531 195 109 328 221
dog 0.0379 162 79 290 252
dog 0.0341 84 48 332 259
dog 0.0259 146 149 383 315
dog 0.0229 180 96 303 188
dog 0.0224 192 108 320 158
dog 0.0217 167 152 260 275
dog 0.0214 175 219 348 283
person 0.0234 0 285 29 333
pottedplant 0.0212 178 22 382 150
sofa 0.0814 24 10 500 305
