boat 0.0397 0 0 500 455
boat 0.0227 54 321 193 422
bottle 0.1391 195 158 217 216
bottle 0.1051 154 109 177 152
bottle 0.0914 206 160 223 217
bottle 0.0857 85 83 149 208
bottle 0.0792 214 170 231 217
bottle 0.0626 100 108 145 182
bottle 0.0626 90 110 114 172
bottle 0.0582 249 118 275 173
bottle 0.0525 268 120 290 174
bottle 0.0480 257 111 281 167
bottle 0.0467 90 64 138 111
bottle 0.0454 95 112 126 176
bottle 0.0438 148 111 175 176
bottle 0.0415 149 115 215 157
bottle 0.0381 79 147 99 201
bottle 0.0370 86 112 121 200
bottle 0.0355 183 159 200 207
bottle 0.0354 145 112 167 158
bottle 0.0351 126 119 165 208
bottle 0.0344 87 84 122 167
bottle 0.0342 106 123 152 212
bottle 0.0335 151 111 196 147
bottle 0.0324 491 414 500 500
bottle 0.0317 186 66 212 102
bottle 0.0295 109 123 138 191
bottle 0.0294 236 389 272 439
bottle 0.0289 225 62 248 96
bottle 0.0288 83 126 110 195
bottle 0.0284 240 64 253 95
bottle 0.0277 262 110 290 146
bottle 0.0277 85 93 110 155
bottle 0.0270 271 363 297 430
bottle 0.0269 93 75 123 116
bottle 0.0264 157 119 184 162
bottle 0.0263 438 435 457 466
bottle 0.0261 158 109 184 140
bottle 0.0259 226 170 247 215
bottle 0.0254 251 47 293 159
bottle 0.0253 246 64 259 94
bottle 0.0249 484 425 498 486
bottle 0.0248 482 452 499 500
bottle 0.0248 81 135 99 180
bottle 0.0246 195 184 219 217
bottle 0.0246 79 59 99 117
bottle 0.0245 123 114 147 163
bottle 0.0238 182 63 216 122
bottle 0.0235 112 126 131 175
bottle 0.0233 84 114 99 160
bottle 0.0232 94 129 115 182
bottle 0.0231 101 125 121 175
bottle 0.0231 137 124 151 167
bottle 0.0231 64 141 84 194
bottle 0.0231 460 425 496 499
bottle 0.0227 72 141 93 186
bottle 0.0226 468 462 495 500
bottle 0.0226 212 62 237 98
bottle 0.0219 143 128 164 173
bottle 0.0214 217 178 241 216
bottle 0.0213 76 78 102 145
bottle 0.0211 141 153 164 202
bottle 0.0210 84 66 106 113
bottle 0.0208 146 144 172 196
bottle 0.0206 257 57 284 93
bottle 0.0204 251 141 289 174
bottle 0.0204 251 58 273 94
bottle 0.0203 160 116 209 140
car 0.0431 22 11 478 447
car 0.0408 106 244 419 437
car 0.0374 88 324 303 435
car 0.0285 23 257 313 448
chair 0.0281 32 325 183 475
chair 0.0255 63 138 84 182
chair 0.0237 181 63 216 135
chair 0.0212 22 360 115 500
chair 0.0210 63 141 88 208
chair 0.0210 96 154 149 211
chair 0.0204 44 335 315 472
chair 0.0203 64 359 155 500
chair 0.0202 91 323 242 436
diningtable 0.0269 65 110 172 211
person 0.1573 74 46 150 206
person 0.1428 245 113 291 204
person 0.1380 193 150 220 216
person 0.1079 214 163 230 217
person 0.0822 247 118 280 177
person 0.0822 208 144 234 216
person 0.0812 206 153 223 215
person 0.0809 82 46 143 115
person 0.0788 183 128 227 215
person 0.0777 263 120 291 180
person 0.0740 207 114 287 215
person 0.0626 150 119 243 214
person 0.0559 226 111 272 199
person 0.0557 201 125 243 215
person 0.0547 168 146 221 208
person 0.0547 91 68 134 114
person 0.0544 83 99 169 211
person 0.0529 275 128 292 179
person 0.0476 228 65 295 191
person 0.0475 219 135 253 215
person 0.0462 66 40 213 208
person 0.0459 85 72 148 162
person 0.0457 21 6 500 500
person 0.0446 79 89 133 202
person 0.0442 145 146 204 204
person 0.0437 77 146 102 209
person 0.0405 102 87 151 196
person 0.0401 240 126 270 183
person 0.0395 100 116 218 210
person 0.0395 249 79 293 174
person 0.0394 181 153 207 210
person 0.0390 72 56 105 136
person 0.0370 170 83 290 207
person 0.0359 255 109 282 146
person 0.0348 18 4 165 428
person 0.0341 270 126 295 211
person 0.0337 252 130 285 194
person 0.0335 100 51 150 142
person 0.0334 149 108 176 153
person 0.0329 218 148 238 211
person 0.0327 77 61 128 129
person 0.0324 170 156 199 206
person 0.0324 65 120 103 208
person 0.0306 229 110 294 171
person 0.0304 65 77 106 185
person 0.0301 235 130 260 192
person 0.0298 63 49 138 149
person 0.0295 164 125 225 183
person 0.0294 290 43 500 500
person 0.0294 143 146 176 203
person 0.0292 149 35 266 202
person 0.0289 255 109 293 161
person 0.0288 111 62 145 112
person 0.0278 214 140 231 197
person 0.0278 0 0 282 472
person 0.0262 65 0 155 160
person 0.0252 268 367 298 441
person 0.0251 115 81 173 197
person 0.0251 141 98 195 193
person 0.0243 138 119 170 203
person 0.0240 179 138 264 214
person 0.0237 67 136 95 193
person 0.0237 78 75 115 157
person 0.0232 74 138 134 210
person 0.0230 215 174 243 217
person 0.0230 164 162 189 203
person 0.0228 81 52 115 112
person 0.0228 156 109 185 136
person 0.0223 278 138 292 205
person 0.0222 234 138 274 217
person 0.0219 232 145 257 215
person 0.0219 189 103 302 179
person 0.0219 200 149 227 195
person 0.0218 174 91 234 198
person 0.0218 142 159 164 204
person 0.0218 79 40 186 124
person 0.0217 197 83 259 196
person 0.0216 14 147 141 474
person 0.0216 178 135 208 194
person 0.0211 256 136 293 221
person 0.0209 0 69 82 469
person 0.0207 227 156 248 214
person 0.0207 240 58 284 155
person 0.0202 250 138 273 184
person 0.0200 279 166 293 217
person 0.0200 238 110 277 156
pottedplant 0.0888 146 121 226 211
pottedplant 0.0631 150 110 179 169
pottedplant 0.0525 147 114 188 199
pottedplant 0.0481 151 115 206 167
pottedplant 0.0466 101 110 208 212
pottedplant 0.0450 90 108 159 210
pottedplant 0.0440 86 47 142 111
pottedplant 0.0391 143 147 198 204
pottedplant 0.0367 62 100 87 160
pottedplant 0.0363 63 80 99 160
pottedplant 0.0341 170 146 224 216
pottedplant 0.0337 155 120 218 151
pottedplant 0.0327 46 6 172 215
pottedplant 0.0300 276 349 296 403
pottedplant 0.0285 144 133 213 186
pottedplant 0.0279 155 123 188 159
pottedplant 0.0279 123 125 177 203
pottedplant 0.0272 62 124 83 163
pottedplant 0.0256 70 37 143 136
pottedplant 0.0239 113 47 145 107
pottedplant 0.0232 73 116 106 198
pottedplant 0.0231 62 72 136 186
pottedplant 0.0231 63 108 75 152
pottedplant 0.0229 82 38 143 83
pottedplant 0.0219 149 143 204 175
pottedplant 0.0217 77 82 102 152
pottedplant 0.0217 146 138 188 166
pottedplant 0.0215 138 320 174 342
pottedplant 0.0213 143 131 179 184
pottedplant 0.0212 160 131 212 155
pottedplant 0.0212 275 135 294 178
pottedplant 0.0210 214 65 249 96
pottedplant 0.0208 103 151 152 211
pottedplant 0.0207 63 94 81 144
pottedplant 0.0206 70 106 91 153
sofa 0.0390 0 35 500 480
sofa 0.0262 0 207 370 451
tvmonitor 0.8298 290 257 486 442
tvmonitor 0.3110 1 243 71 457
tvmonitor 0.1153 0 255 62 373
tvmonitor 0.1060 2 342 81 493
tvmonitor 0.0935 7 270 143 456
tvmonitor 0.0920 235 327 290 434
tvmonitor 0.0824 4 409 88 500
tvmonitor 0.0790 58 13 293 206
tvmonitor 0.0702 167 309 293 420
tvmonitor 0.0686 144 116 223 209
tvmonitor 0.0670 293 263 378 420
tvmonitor 0.0567 47 309 183 429
tvmonitor 0.0537 236 376 273 436
tvmonitor 0.0485 398 268 486 440
tvmonitor 0.0483 151 119 224 155
tvmonitor 0.0481 114 99 287 204
tvmonitor 0.0451 20 13 496 445
tvmonitor 0.0447 5 403 82 461
tvmonitor 0.0447 466 355 499 455
tvmonitor 0.0447 74 317 277 415
tvmonitor 0.0430 223 35 296 187
tvmonitor 0.0430 0 241 101 346
tvmonitor 0.0413 149 288 413 434
tvmonitor 0.0399 84 20 289 129
tvmonitor 0.0393 270 351 298 426
tvmonitor 0.0392 305 261 488 324
tvmonitor 0.0392 242 377 299 438
tvmonitor 0.0386 10 323 59 457
tvmonitor 0.0377 265 111 500 453
tvmonitor 0.0374 260 281 342 434
tvmonitor 0.0371 287 425 325 445
tvmonitor 0.0368 5 255 233 429
tvmonitor 0.0365 7 298 67 393
tvmonitor 0.0364 104 249 323 428
tvmonitor 0.0364 148 109 211 171
tvmonitor 0.0362 82 414 133 455
tvmonitor 0.0362 222 287 307 428
tvmonitor 0.0361 24 264 61 349
tvmonitor 0.0361 238 330 279 401
tvmonitor 0.0353 257 340 303 430
tvmonitor 0.0349 248 305 500 500
tvmonitor 0.0348 343 320 500 444
tvmonitor 0.0343 56 322 183 387
tvmonitor 0.0341 287 262 359 357
tvmonitor 0.0341 172 125 223 147
tvmonitor 0.0341 184 28 294 145
tvmonitor 0.0333 379 268 480 312
tvmonitor 0.0326 351 248 480 298
tvmonitor 0.0314 25 450 88 500
tvmonitor 0.0306 4 248 66 319
tvmonitor 0.0301 299 271 479 363
tvmonitor 0.0298 283 425 373 459
tvmonitor 0.0298 0 234 168 377
tvmonitor 0.0292 137 322 187 395
tvmonitor 0.0291 249 27 296 154
tvmonitor 0.0288 23 233 112 405
tvmonitor 0.0281 0 372 53 454
tvmonitor 0.0276 174 57 250 138
tvmonitor 0.0275 4 256 44 348
tvmonitor 0.0272 38 382 93 488
tvmonitor 0.0272 0 292 109 420
tvmonitor 0.0266 20 318 117 487
tvmonitor 0.0260 292 265 379 316
tvmonitor 0.0257 45 0 187 237
tvmonitor 0.0257 157 114 214 145
tvmonitor 0.0256 167 130 218 155
tvmonitor 0.0247 51 377 90 456
tvmonitor 0.0247 275 383 496 488
tvmonitor 0.0246 149 204 476 451
tvmonitor 0.0241 155 82 230 152
tvmonitor 0.0239 2 396 50 489
tvmonitor 0.0239 0 351 175 479
tvmonitor 0.0238 6 92 151 437
tvmonitor 0.0237 172 63 284 171
tvmonitor 0.0236 46 407 132 486
tvmonitor 0.0230 195 345 310 436
tvmonitor 0.0230 463 396 496 482
tvmonitor 0.0229 364 226 489 285
tvmonitor 0.0228 0 388 35 468
tvmonitor 0.0227 490 417 500 481
tvmonitor 0.0227 218 355 280 431
tvmonitor 0.0225 408 381 498 487
tvmonitor 0.0224 281 420 342 451
tvmonitor 0.0222 48 0 309 90
tvmonitor 0.0222 205 389 286 436
tvmonitor 0.0221 127 37 237 139
tvmonitor 0.0218 292 330 362 424
tvmonitor 0.0214 240 42 285 133
tvmonitor 0.0214 330 267 437 309
tvmonitor 0.0213 374 254 492 342
tvmonitor 0.0213 138 320 180 343
tvmonitor 0.0213 0 288 49 496
tvmonitor 0.0212 314 418 403 450
tvmonitor 0.0209 446 459 498 500
tvmonitor 0.0208 124 315 193 425
tvmonitor 0.0207 144 98 219 141
tvmonitor 0.0207 0 374 111 465
tvmonitor 0.0207 163 104 246 187
tvmonitor 0.0207 56 332 149 458
tvmonitor 0.0204 65 397 139 462
tvmonitor 0.0202 267 369 306 441
tvmonitor 0.0201 51 341 95 429
