bird 0.0510 272 232 332 397
bird 0.0487 6 282 181 444
bird 0.0413 0 232 333 500
bird 0.0363 228 320 333 422
bird 0.0347 149 342 309 418
bird 0.0294 238 275 333 386
bird 0.0262 2 244 107 421
bird 0.0259 153 336 269 394
bird 0.0258 1 257 63 460
bird 0.0240 248 244 333 345
bird 0.0228 182 360 333 432
bird 0.0206 191 310 325 396
bird 0.0203 258 337 333 405
bottle 0.0265 125 292 181 349
bottle 0.0254 123 289 223 372
bottle 0.0251 290 358 327 383
bottle 0.0228 124 294 165 388
cat 0.2511 125 291 302 416
cat 0.2332 134 210 332 427
cat 0.1649 45 40 333 445
cat 0.1185 24 259 327 459
cat 0.0654 125 292 222 406
cat 0.0606 205 36 333 403
cat 0.0593 274 258 332 439
cat 0.0495 117 103 317 376
cat 0.0435 261 336 331 446
cat 0.0430 16 0 333 267
cat 0.0429 0 4 192 381
cat 0.0328 7 206 284 398
cat 0.0295 249 265 333 378
cat 0.0272 0 151 152 418
cat 0.0270 284 350 331 388
cat 0.0213 282 356 331 427
cat 0.0200 0 295 219 487
chair 0.0296 0 27 333 500
cow 0.0207 6 10 118 165
dog 0.4647 125 278 333 434
dog 0.1908 44 214 333 459
dog 0.0956 122 296 253 416
dog 0.0950 122 86 333 433
dog 0.0921 147 241 326 386
dog 0.0874 201 227 333 465
dog 0.0664 211 337 333 444
dog 0.0465 261 280 330 457
dog 0.0401 138 336 301 428
dog 0.0394 139 316 290 389
dog 0.0361 191 374 330 463
dog 0.0275 261 355 333 440
dog 0.0267 0 63 301 485
dog 0.0240 138 256 269 359
dog 0.0230 138 303 247 369
person 0.1988 156 232 332 439
person 0.1542 29 100 330 476
person 0.1098 194 92 333 420
person 0.0794 44 288 311 426
person 0.0787 250 193 333 437
person 0.0616 9 286 194 435
person 0.0492 125 291 216 400
person 0.0433 203 202 330 379
person 0.0379 0 265 333 500
person 0.0308 57 297 180 406
person 0.0307 212 279 332 500
person 0.0302 277 332 332 470
person 0.0286 289 360 324 383
person 0.0283 263 48 333 391
person 0.0277 145 209 313 347
person 0.0272 278 197 332 370
person 0.0246 121 336 333 494
person 0.0233 122 293 174 414
person 0.0227 253 296 327 464
person 0.0215 0 322 233 480
person 0.0205 307 197 333 313
sofa 0.0509 0 24 333 444
