aeroplane 0.8887 55 127 449 233
aeroplane 0.1666 65 129 280 226
aeroplane 0.1176 202 143 234 154
aeroplane 0.0931 59 132 177 215
aeroplane 0.0901 56 129 89 193
aeroplane 0.0831 306 142 369 158
aeroplane 0.0813 205 141 250 155
aeroplane 0.0713 297 138 445 188
aeroplane 0.0629 23 51 481 259
aeroplane 0.0585 378 141 445 180
aeroplane 0.0571 57 129 112 205
aeroplane 0.0550 329 142 363 157
aeroplane 0.0512 278 134 448 234
aeroplane 0.0474 330 146 374 159
aeroplane 0.0458 65 132 181 174
aeroplane 0.0429 211 135 264 155
aeroplane 0.0426 0 304 44 333
aeroplane 0.0400 108 135 190 166
aeroplane 0.0394 329 138 442 169
aeroplane 0.0386 398 141 444 168
aeroplane 0.0376 120 136 172 160
aeroplane 0.0374 183 139 246 157
aeroplane 0.0341 300 142 343 154
aeroplane 0.0329 292 140 380 164
aeroplane 0.0326 207 137 235 157
aeroplane 0.0317 243 135 265 154
aeroplane 0.0314 42 129 134 231
aeroplane 0.0309 343 143 378 156
aeroplane 0.0306 95 136 267 188
aeroplane 0.0303 389 138 434 163
aeroplane 0.0300 146 136 241 163
aeroplane 0.0273 101 320 143 332
aeroplane 0.0272 315 150 369 163
aeroplane 0.0270 292 137 366 154
aeroplane 0.0262 410 140 440 160
aeroplane 0.0260 301 146 344 159
aeroplane 0.0256 398 138 425 158
aeroplane 0.0248 414 151 444 169
aeroplane 0.0246 248 137 283 152
aeroplane 0.0246 210 144 242 158
aeroplane 0.0245 304 139 338 149
aeroplane 0.0244 178 136 274 162
aeroplane 0.0241 319 139 364 152
aeroplane 0.0234 74 130 164 159
aeroplane 0.0233 419 147 443 163
aeroplane 0.0233 344 143 364 159
aeroplane 0.0227 167 131 257 156
aeroplane 0.0227 105 315 135 331
aeroplane 0.0226 270 140 408 174
aeroplane 0.0222 259 142 295 153
aeroplane 0.0219 308 152 351 162
aeroplane 0.0217 395 154 444 172
aeroplane 0.0215 215 140 230 154
aeroplane 0.0215 354 147 388 160
aeroplane 0.0212 213 136 234 151
aeroplane 0.0209 11 121 473 333
aeroplane 0.0209 296 139 320 148
aeroplane 0.0208 353 137 459 227
aeroplane 0.0208 303 141 320 151
aeroplane 0.0205 408 138 430 154
aeroplane 0.0204 238 137 385 167
aeroplane 0.0203 339 145 397 162
aeroplane 0.0203 107 163 412 242
aeroplane 0.0200 26 129 100 199
boat 0.1077 45 317 86 332
boat 0.0983 0 320 43 332
boat 0.0640 85 321 140 332
boat 0.0638 41 318 130 333
boat 0.0617 60 128 86 193
boat 0.0591 0 310 37 333
boat 0.0578 15 316 93 333
boat 0.0562 49 315 75 330
boat 0.0498 66 320 119 332
boat 0.0422 20 319 70 332
boat 0.0415 50 324 150 333
boat 0.0414 41 323 100 333
boat 0.0407 60 318 98 333
boat 0.0361 0 325 56 333
boat 0.0350 0 305 22 331
boat 0.0338 0 305 86 332
boat 0.0281 91 315 136 330
boat 0.0270 70 313 143 333
boat 0.0264 65 130 81 174
boat 0.0254 34 312 76 332
boat 0.0241 0 277 85 333
boat 0.0238 59 317 73 329
boat 0.0235 57 314 76 325
boat 0.0228 62 315 83 332
boat 0.0224 0 292 42 333
boat 0.0223 0 296 137 333
boat 0.0213 10 315 52 329
boat 0.0207 23 270 149 333
boat 0.0206 37 306 95 333
boat 0.0204 86 267 145 333
boat 0.0203 73 315 111 328
car 0.0212 0 14 448 218
dog 0.0287 53 22 456 255
person 0.0223 261 133 500 233
person 0.0215 0 48 443 254
person 0.0210 55 317 67 328
sofa 0.0381 42 37 481 255
