aeroplane 0.0224 16 99 134 195
aeroplane 0.0210 21 89 197 170
bird 0.9537 38 96 429 372
bird 0.0617 28 219 131 363
bird 0.0525 363 0 488 109
bird 0.0522 35 182 202 375
bird 0.0510 459 0 500 29
bird 0.0422 0 176 37 206
bird 0.0421 34 265 178 368
bird 0.0419 359 0 435 96
bird 0.0401 277 94 433 373
bird 0.0378 423 0 497 66
bird 0.0356 0 0 39 29
bird 0.0356 39 174 133 318
bird 0.0337 473 0 500 44
bird 0.0334 164 50 190 83
bird 0.0333 37 302 266 370
bird 0.0327 33 248 311 372
bird 0.0304 84 94 403 169
bird 0.0294 151 50 196 92
bird 0.0293 430 84 482 121
bird 0.0293 348 53 494 149
bird 0.0290 235 97 425 172
bird 0.0283 283 0 455 105
bird 0.0282 456 1 500 76
bird 0.0281 301 177 479 375
bird 0.0276 376 58 500 118
bird 0.0272 210 95 481 225
bird 0.0272 435 91 460 120
bird 0.0271 51 170 161 270
bird 0.0266 0 161 40 218
bird 0.0263 325 91 495 173
bird 0.0260 422 67 497 124
bird 0.0259 390 1 433 82
bird 0.0256 35 135 129 255
bird 0.0253 12 263 103 375
bird 0.0251 0 1 21 37
bird 0.0249 361 56 444 93
bird 0.0244 0 175 116 375
bird 0.0242 124 1 166 66
bird 0.0240 321 44 488 113
bird 0.0238 7 0 468 268
bird 0.0235 0 177 31 228
bird 0.0233 139 47 217 105
bird 0.0232 196 21 500 362
bird 0.0231 331 209 430 375
bird 0.0229 130 13 157 60
bird 0.0228 397 0 466 79
bird 0.0225 141 35 187 96
bird 0.0222 330 84 487 332
bird 0.0218 114 10 157 80
bird 0.0218 0 0 71 15
bird 0.0217 136 223 452 373
bird 0.0217 164 49 216 90
bird 0.0214 452 56 498 119
bird 0.0213 21 0 125 128
bird 0.0212 430 0 496 32
bird 0.0210 314 0 423 78
bird 0.0209 361 32 408 92
bird 0.0209 433 6 497 109
bird 0.0207 112 2 181 116
bird 0.0202 257 55 500 197
bird 0.0200 0 149 68 205
