bicycle 0.0275 449 172 489 202
bicycle 0.0223 3 0 19 35
bicycle 0.0219 0 4 23 60
boat 0.0348 77 64 459 290
bus 0.9469 61 70 354 270
bus 0.0497 229 76 359 254
bus 0.0496 153 69 351 192
bus 0.0356 65 83 207 256
bus 0.0304 230 71 356 158
bus 0.0213 112 65 282 234
bus 0.0205 263 90 350 192
car 0.0256 342 208 356 249
car 0.0247 430 169 488 199
car 0.0217 1 13 22 56
car 0.0205 324 202 357 257
car 0.0200 345 211 355 232
motorbike 0.1479 462 173 488 197
person 0.2984 461 169 485 196
person 0.2522 220 131 240 163
person 0.1507 191 116 207 173
person 0.1434 459 167 476 194
person 0.1281 217 125 234 160
person 0.1092 240 133 266 161
person 0.1062 198 120 213 166
person 0.0978 212 118 239 166
person 0.0973 224 138 244 166
person 0.0945 219 123 256 162
person 0.0895 203 119 225 165
person 0.0726 209 128 222 167
person 0.0633 192 113 220 167
person 0.0616 216 140 235 170
person 0.0614 215 135 250 168
person 0.0572 187 121 201 172
person 0.0555 198 137 214 174
person 0.0536 76 191 88 231
person 0.0510 451 168 468 196
person 0.0505 445 167 479 196
person 0.0505 451 172 495 199
person 0.0487 227 140 269 165
person 0.0481 237 127 258 156
person 0.0473 238 121 275 163
person 0.0455 467 163 489 192
person 0.0434 274 109 310 167
person 0.0433 238 140 257 167
person 0.0426 275 132 294 165
person 0.0425 269 133 286 163
person 0.0413 261 133 277 161
person 0.0409 196 127 237 171
person 0.0382 220 147 251 167
person 0.0351 2 1 22 52
person 0.0348 224 120 246 155
person 0.0345 192 148 207 176
person 0.0340 387 160 401 195
person 0.0337 210 134 228 160
person 0.0332 250 132 281 162
person 0.0330 186 140 199 173
person 0.0325 262 114 295 166
person 0.0320 474 168 495 197
person 0.0318 380 161 394 195
person 0.0316 396 160 409 194
person 0.0313 249 128 271 156
person 0.0297 247 108 284 162
person 0.0297 280 128 303 165
person 0.0292 193 117 215 150
person 0.0291 249 140 270 168
person 0.0282 221 133 253 153
person 0.0277 465 165 482 187
person 0.0261 458 153 492 198
person 0.0258 181 132 192 170
person 0.0236 198 98 256 173
person 0.0234 441 169 461 197
person 0.0234 72 195 83 227
person 0.0233 207 147 222 176
person 0.0231 190 122 205 152
person 0.0225 226 107 270 161
person 0.0224 196 153 217 174
person 0.0222 290 126 310 166
person 0.0220 401 162 415 194
person 0.0219 375 163 386 193
person 0.0216 188 136 210 177
person 0.0212 452 169 476 185
person 0.0208 454 172 466 186
person 0.0203 189 114 208 143
person 0.0201 217 99 294 167
pottedplant 0.0206 0 2 25 17
train 0.0855 39 54 345 357
tvmonitor 0.0229 194 89 297 171
