bicycle 0.0231 0 0 24 19
bottle 0.0278 411 102 489 201
car 0.8825 19 0 494 320
car 0.1206 362 22 498 219
car 0.1203 408 69 498 208
car 0.0547 145 240 500 326
car 0.0506 410 10 500 154
car 0.0416 345 2 498 108
car 0.0377 239 0 493 269
car 0.0355 411 0 499 87
car 0.0322 273 26 500 173
car 0.0295 340 47 500 147
car 0.0277 418 75 497 143
car 0.0270 458 0 498 60
car 0.0262 297 0 499 60
car 0.0256 458 47 499 110
car 0.0250 390 59 500 129
car 0.0242 479 256 498 282
car 0.0236 460 14 499 90
car 0.0232 108 166 500 327
car 0.0230 322 73 500 188
car 0.0226 480 45 500 82
car 0.0217 194 273 465 327
car 0.0211 419 53 497 110
car 0.0204 455 65 500 137
car 0.0204 266 10 479 81
chair 0.0206 0 70 114 333
person 0.0759 369 57 499 273
person 0.0586 408 89 499 204
person 0.0364 278 38 477 269
person 0.0283 0 0 37 25
person 0.0272 100 66 241 333
person 0.0259 26 73 166 330
person 0.0258 34 0 113 117
person 0.0253 344 68 447 199
person 0.0243 11 0 63 57
person 0.0235 438 97 490 172
person 0.0226 12 4 86 135
person 0.0225 302 46 431 218
person 0.0225 38 0 76 54
person 0.0212 243 77 423 291
person 0.0200 454 80 500 159
pottedplant 0.0324 6 82 141 333
pottedplant 0.0290 2 297 76 333
pottedplant 0.0283 0 0 23 26
pottedplant 0.0282 0 0 26 56
pottedplant 0.0266 0 288 43 333
pottedplant 0.0256 0 303 23 333
pottedplant 0.0238 0 0 39 14
pottedplant 0.0221 0 3 19 40
pottedplant 0.0203 0 0 38 33
pottedplant 0.0202 19 307 63 333
pottedplant 0.0202 5 268 176 331
tvmonitor 0.0747 413 88 497 205
tvmonitor 0.0306 131 241 498 326
tvmonitor 0.0276 31 4 111 131
tvmonitor 0.0256 14 0 133 223
tvmonitor 0.0236 178 273 445 327
tvmonitor 0.0207 43 1 157 155
