bird 0.0386 221 56 499 279
bird 0.0209 212 176 500 279
bottle 0.0229 45 0 180 34
bottle 0.0219 2 1 80 35
bottle 0.0202 18 0 74 12
cat 0.0828 33 1 218 81
cat 0.0712 88 0 322 157
cat 0.0695 0 0 232 126
cat 0.0624 71 2 256 58
cat 0.0595 116 3 281 93
cat 0.0354 146 5 473 244
cat 0.0350 147 2 305 53
cat 0.0249 183 0 283 72
cat 0.0237 132 13 278 200
cat 0.0222 136 5 479 102
chair 0.0546 35 1 182 57
chair 0.0260 292 32 492 276
dog 0.6799 21 0 304 281
dog 0.0832 38 0 290 151
dog 0.0816 86 1 466 281
dog 0.0505 139 20 304 248
dog 0.0396 225 54 484 281
dog 0.0394 11 0 328 72
dog 0.0382 14 16 129 190
dog 0.0352 107 0 249 44
dog 0.0329 0 191 314 276
dog 0.0242 66 103 339 281
dog 0.0237 38 24 165 112
dog 0.0209 7 58 137 281
dog 0.0202 0 12 194 137
dog 0.0200 209 50 308 207
person 0.1227 8 0 167 84
person 0.1172 2 0 80 80
person 0.0877 6 2 152 158
person 0.0696 37 2 220 61
person 0.0505 19 0 109 67
person 0.0502 5 8 97 130
person 0.0457 1 0 77 23
person 0.0396 4 0 74 44
person 0.0377 37 1 148 50
person 0.0370 124 0 237 49
person 0.0339 95 1 193 43
person 0.0337 27 11 78 72
person 0.0319 2 0 114 249
person 0.0308 0 0 161 33
person 0.0303 25 0 70 30
person 0.0302 159 0 286 48
person 0.0299 234 23 461 264
person 0.0293 7 0 98 14
person 0.0266 23 40 118 167
person 0.0259 50 11 83 65
person 0.0255 16 1 117 26
person 0.0254 68 11 207 90
person 0.0252 0 0 38 37
person 0.0250 49 17 158 121
person 0.0238 179 2 282 95
person 0.0232 41 0 92 52
person 0.0228 6 29 71 76
person 0.0226 34 7 68 52
person 0.0206 22 0 78 12
person 0.0205 179 4 316 209
person 0.0203 94 0 405 281
person 0.0203 42 4 128 95
person 0.0200 109 0 243 99
person 0.0200 385 0 437 6
person 0.0200 2 17 49 80
pottedplant 0.0205 0 0 55 89
