aeroplane 0.8834 159 47 344 113
aeroplane 0.2447 165 65 286 116
aeroplane 0.0881 0 154 492 375
aeroplane 0.0855 262 47 346 106
aeroplane 0.0727 112 0 348 96
aeroplane 0.0612 166 70 257 101
aeroplane 0.0608 159 73 235 117
aeroplane 0.0414 0 0 500 323
aeroplane 0.0394 175 69 224 98
aeroplane 0.0393 300 44 341 98
aeroplane 0.0357 185 70 215 91
aeroplane 0.0340 174 32 442 125
aeroplane 0.0337 113 36 343 165
aeroplane 0.0309 295 46 336 65
aeroplane 0.0294 143 33 264 118
aeroplane 0.0264 208 7 336 122
aeroplane 0.0260 282 47 323 63
aeroplane 0.0260 192 66 278 95
aeroplane 0.0252 161 74 212 103
aeroplane 0.0248 50 7 410 120
aeroplane 0.0232 273 46 341 78
aeroplane 0.0231 178 10 296 107
aeroplane 0.0230 231 79 342 114
aeroplane 0.0222 190 68 237 93
aeroplane 0.0221 197 70 219 85
aeroplane 0.0218 292 40 392 118
aeroplane 0.0215 218 35 335 83
aeroplane 0.0209 254 38 337 69
aeroplane 0.0205 192 68 226 82
aeroplane 0.0200 167 72 211 89
boat 0.0972 33 184 366 365
boat 0.0728 5 219 200 375
boat 0.0712 5 304 192 371
boat 0.0408 0 5 500 328
boat 0.0288 130 23 483 118
boat 0.0259 157 30 495 234
boat 0.0240 20 0 359 129
boat 0.0229 455 271 500 342
boat 0.0222 447 267 500 312
boat 0.0220 253 0 500 375
boat 0.0209 10 27 327 229
boat 0.0202 22 194 240 312
bottle 0.0609 450 264 499 371
bottle 0.0432 477 307 498 360
bottle 0.0347 462 285 499 357
bottle 0.0329 472 313 493 350
bottle 0.0274 232 301 275 373
bottle 0.0268 480 326 500 370
bottle 0.0257 481 300 498 343
bottle 0.0249 257 317 325 368
bottle 0.0233 431 306 497 368
bottle 0.0228 157 293 205 372
bottle 0.0211 147 297 188 370
bottle 0.0211 250 306 299 371
bottle 0.0202 326 351 368 375
car 0.0485 4 194 198 375
car 0.0384 479 344 500 375
car 0.0318 172 0 331 127
chair 0.1158 269 264 500 372
chair 0.0701 136 289 287 375
chair 0.0570 444 258 500 371
chair 0.0495 249 307 431 375
chair 0.0489 396 297 499 375
chair 0.0450 331 317 500 373
chair 0.0449 456 298 498 375
chair 0.0405 4 315 186 373
chair 0.0370 28 245 214 374
chair 0.0313 474 312 500 374
chair 0.0301 418 239 500 347
chair 0.0286 170 311 334 374
chair 0.0276 157 331 279 373
chair 0.0267 98 356 185 375
chair 0.0266 72 342 184 372
chair 0.0264 406 338 500 373
chair 0.0255 457 347 500 375
chair 0.0237 309 340 428 372
chair 0.0228 277 339 386 373
chair 0.0220 145 308 189 374
chair 0.0217 154 266 228 375
chair 0.0207 484 330 500 375
chair 0.0205 93 317 187 373
chair 0.0204 130 359 181 374
chair 0.0201 194 199 301 283
diningtable 0.0337 0 189 435 375
diningtable 0.0315 68 291 270 375
diningtable 0.0255 26 235 312 375
diningtable 0.0236 147 260 410 375
person 0.8525 154 193 276 375
person 0.8195 266 208 496 371
person 0.1374 88 191 406 373
person 0.0867 25 193 273 375
person 0.0808 260 201 422 331
person 0.0742 250 231 393 375
person 0.0727 386 226 499 364
person 0.0600 162 193 343 307
person 0.0581 156 288 279 375
person 0.0547 166 194 251 290
person 0.0503 156 89 306 302
person 0.0446 389 203 500 305
person 0.0427 102 192 286 313
person 0.0417 188 92 495 370
person 0.0382 323 17 500 351
person 0.0371 136 190 282 265
person 0.0362 247 198 364 295
person 0.0347 164 40 355 186
person 0.0347 303 211 430 294
person 0.0339 281 191 494 283
person 0.0338 142 0 318 103
person 0.0338 464 308 499 375
person 0.0324 2 167 171 375
person 0.0312 161 245 346 372
person 0.0300 193 200 287 316
person 0.0282 180 267 465 375
person 0.0265 173 146 374 355
person 0.0262 327 209 409 273
person 0.0258 344 212 479 290
person 0.0250 0 68 314 365
person 0.0234 199 199 247 277
person 0.0231 117 27 140 56
person 0.0228 211 250 271 371
person 0.0222 175 193 241 246
person 0.0215 161 0 251 97
person 0.0206 379 133 500 347
person 0.0206 70 228 181 369
person 0.0201 432 233 499 329
person 0.0200 257 281 362 375
sofa 0.0242 101 215 310 375
tvmonitor 0.0648 3 194 187 375
tvmonitor 0.0595 261 334 325 375
tvmonitor 0.0384 11 274 181 371
tvmonitor 0.0358 324 352 374 375
tvmonitor 0.0322 283 340 347 375
tvmonitor 0.0311 257 333 390 374
tvmonitor 0.0267 0 322 193 375
tvmonitor 0.0263 254 312 333 372
tvmonitor 0.0214 7 214 103 369
tvmonitor 0.0212 266 339 302 375
