aeroplane 0.0651 0 7 500 361
bird 0.0353 264 165 377 375
bird 0.0234 251 280 386 375
boat 0.0783 32 27 500 363
boat 0.0279 0 10 390 226
boat 0.0256 34 0 286 342
bottle 0.1071 15 355 65 374
bottle 0.0812 4 336 88 373
bottle 0.0743 1 312 35 374
bottle 0.0689 0 356 47 374
bottle 0.0528 36 351 64 375
bottle 0.0514 23 342 71 375
bottle 0.0508 15 336 39 372
bottle 0.0491 0 328 22 374
bottle 0.0485 11 321 58 374
bottle 0.0450 31 350 108 375
bottle 0.0439 3 348 32 375
bottle 0.0422 19 348 49 375
bottle 0.0376 23 307 75 350
bottle 0.0369 42 355 88 375
bottle 0.0328 31 343 56 374
bottle 0.0292 10 310 40 361
bottle 0.0281 29 320 73 344
bottle 0.0273 14 325 83 360
bottle 0.0262 31 336 110 366
bottle 0.0253 40 345 74 371
bottle 0.0248 23 318 43 351
bottle 0.0239 34 338 68 365
bottle 0.0237 49 340 92 372
bottle 0.0224 34 320 74 374
bottle 0.0222 32 332 73 349
bottle 0.0221 1 310 21 358
bottle 0.0220 16 292 61 357
bottle 0.0219 43 323 74 348
bottle 0.0215 1 346 59 372
bottle 0.0214 55 316 77 347
bottle 0.0212 0 285 23 374
bottle 0.0200 175 104 201 149
bottle 0.0200 96 329 231 375
car 0.0280 4 0 148 248
car 0.0224 5 14 91 169
cat 0.2473 123 151 414 373
cat 0.1229 117 189 207 327
cat 0.0857 109 150 237 345
cat 0.0814 116 190 179 273
cat 0.0712 60 149 311 352
cat 0.0489 117 160 279 280
cat 0.0414 24 63 358 375
cat 0.0388 175 183 278 298
cat 0.0387 111 174 167 251
cat 0.0331 105 147 186 286
cat 0.0328 117 182 201 243
cat 0.0327 174 162 294 250
cat 0.0281 41 162 192 304
cat 0.0277 116 195 159 233
cat 0.0258 222 157 460 340
cat 0.0251 126 197 214 277
cat 0.0248 127 230 217 367
cat 0.0241 115 197 152 259
chair 0.1236 460 299 498 375
chair 0.0586 11 33 500 364
chair 0.0507 9 54 139 316
chair 0.0422 82 335 228 374
chair 0.0408 103 113 234 320
chair 0.0361 421 250 496 375
chair 0.0356 260 202 486 374
chair 0.0347 166 184 282 260
chair 0.0327 339 257 494 372
chair 0.0324 31 102 119 260
chair 0.0309 127 336 326 375
chair 0.0306 396 305 500 374
chair 0.0306 0 312 21 375
chair 0.0298 58 63 200 284
chair 0.0292 139 340 254 373
chair 0.0280 105 116 183 257
chair 0.0275 7 73 86 250
chair 0.0267 122 131 279 242
chair 0.0259 116 309 361 375
chair 0.0255 467 241 500 375
chair 0.0253 107 113 161 210
chair 0.0253 115 343 201 374
chair 0.0253 66 107 149 255
chair 0.0235 105 99 241 225
chair 0.0234 3 289 100 353
chair 0.0230 295 302 490 369
chair 0.0227 201 217 393 375
chair 0.0225 175 141 298 222
chair 0.0225 276 88 311 142
chair 0.0222 378 155 500 375
chair 0.0222 179 181 276 216
chair 0.0221 230 338 339 372
chair 0.0211 105 272 219 371
chair 0.0210 143 111 260 206
chair 0.0210 241 87 267 130
chair 0.0209 234 301 412 371
chair 0.0207 464 302 498 343
chair 0.0205 159 164 271 228
chair 0.0204 141 106 306 294
chair 0.0201 349 0 496 225
chair 0.0200 0 21 72 326
diningtable 0.0286 0 296 266 375
diningtable 0.0270 0 132 403 367
diningtable 0.0209 0 336 279 375
dog 0.4945 254 150 387 370
dog 0.4683 119 182 222 361
dog 0.3593 143 161 377 359
dog 0.1068 77 179 285 373
dog 0.1056 116 190 196 308
dog 0.0960 192 135 463 375
dog 0.0913 153 171 293 333
dog 0.0664 210 183 345 369
dog 0.0566 120 180 277 265
dog 0.0530 92 233 206 368
dog 0.0529 262 156 374 253
dog 0.0415 34 106 358 375
dog 0.0402 101 287 234 375
dog 0.0388 115 192 164 279
dog 0.0338 238 224 478 373
dog 0.0336 125 263 348 370
dog 0.0321 303 163 444 371
dog 0.0300 142 161 337 252
dog 0.0277 116 189 209 250
dog 0.0244 210 166 321 278
dog 0.0233 185 159 284 267
dog 0.0222 176 186 279 227
dog 0.0209 106 166 252 236
person 0.7077 9 230 92 372
person 0.3211 58 336 150 374
person 0.2132 1 210 147 367
person 0.1926 91 157 252 372
person 0.1837 0 193 64 365
person 0.1485 14 319 142 374
person 0.1473 0 110 109 370
person 0.1366 4 299 84 374
person 0.1084 31 232 96 327
person 0.1015 0 293 173 375
person 0.1012 0 177 33 374
person 0.0910 13 337 107 372
person 0.0858 3 211 38 311
person 0.0858 15 67 457 375
person 0.0840 4 231 83 311
person 0.0746 45 290 133 375
person 0.0743 29 177 214 359
person 0.0730 31 233 77 285
person 0.0690 142 121 165 172
person 0.0675 261 119 384 375
person 0.0626 104 195 198 369
person 0.0588 72 338 118 375
person 0.0571 0 343 187 375
person 0.0565 315 138 485 372
person 0.0552 0 150 48 317
person 0.0523 0 312 26 375
person 0.0518 83 337 200 373
person 0.0494 62 308 114 370
person 0.0477 1 193 36 275
person 0.0464 98 343 149 375
person 0.0450 0 356 33 374
person 0.0450 0 192 78 289
person 0.0441 0 75 201 375
person 0.0426 71 274 153 372
person 0.0420 49 246 109 350
person 0.0416 214 81 441 375
person 0.0415 45 318 227 375
person 0.0415 47 319 98 375
person 0.0409 58 230 138 369
person 0.0397 33 235 54 274
person 0.0385 141 104 174 169
person 0.0384 0 228 21 370
person 0.0383 0 319 58 372
person 0.0366 28 139 117 320
person 0.0363 13 223 63 285
person 0.0358 26 196 103 297
person 0.0351 90 315 140 373
person 0.0351 9 94 86 272
person 0.0337 132 111 166 181
person 0.0335 54 334 111 371
person 0.0325 0 178 364 375
person 0.0322 111 116 175 237
person 0.0318 0 349 58 375
person 0.0316 52 137 169 328
person 0.0315 1 275 35 363
person 0.0312 58 232 104 298
person 0.0302 49 349 111 375
person 0.0297 65 275 98 350
person 0.0289 117 199 161 261
person 0.0277 100 237 328 375
person 0.0273 144 118 181 194
person 0.0259 100 290 160 374
person 0.0259 65 343 100 375
person 0.0257 31 233 68 256
person 0.0254 47 226 90 281
person 0.0250 131 107 194 224
person 0.0247 60 339 106 361
person 0.0247 277 153 374 249
person 0.0245 83 212 152 359
person 0.0243 47 233 71 269
person 0.0239 25 256 229 370
person 0.0237 52 180 122 293
person 0.0236 4 147 62 259
person 0.0232 19 230 103 280
person 0.0224 27 238 66 306
person 0.0223 98 339 127 373
person 0.0220 55 236 77 273
person 0.0217 86 285 210 372
person 0.0214 151 151 184 214
person 0.0213 112 114 157 187
person 0.0212 43 279 92 360
person 0.0209 148 131 209 216
person 0.0208 138 121 157 161
person 0.0206 67 334 124 358
person 0.0205 81 353 135 373
person 0.0205 44 220 137 313
person 0.0205 30 284 77 348
person 0.0202 42 95 285 305
person 0.0200 126 126 167 210
sofa 0.0799 23 89 469 366
sofa 0.0224 33 229 294 375
train 0.0501 0 0 424 351
train 0.0234 0 153 482 375
tvmonitor 0.1194 462 298 500 375
tvmonitor 0.0436 7 10 141 283
tvmonitor 0.0296 46 115 119 250
tvmonitor 0.0263 461 339 500 375
tvmonitor 0.0247 2 49 71 186
tvmonitor 0.0244 18 99 129 223
tvmonitor 0.0224 2 98 68 257
