bicycle 0.0412 114 197 138 253
bicycle 0.0298 158 228 219 295
bird 0.0767 232 275 256 294
bird 0.0513 237 276 267 295
bird 0.0367 230 269 250 291
bird 0.0236 227 270 273 296
bus 0.0222 14 0 351 298
cat 0.0266 0 27 367 387
chair 0.0564 163 223 210 296
chair 0.0547 197 204 218 284
chair 0.0378 155 199 202 279
chair 0.0300 201 244 217 284
chair 0.0228 204 225 220 285
chair 0.0212 184 198 218 272
cow 0.0301 7 0 241 286
cow 0.0257 225 267 245 289
diningtable 0.0256 127 246 203 346
diningtable 0.0218 128 183 208 280
diningtable 0.0205 149 248 237 348
dog 0.6737 151 229 199 343
dog 0.0687 152 233 190 299
dog 0.0477 155 233 184 262
dog 0.0349 151 235 179 281
dog 0.0336 171 235 199 331
dog 0.0313 153 245 172 289
dog 0.0275 143 237 179 335
dog 0.0264 177 291 194 341
dog 0.0246 152 202 215 386
dog 0.0242 183 282 197 333
dog 0.0223 183 252 200 302
dog 0.0204 89 40 367 500
dog 0.0201 152 250 175 322
person 0.7997 154 159 213 301
person 0.3250 150 205 201 346
person 0.1488 155 178 175 239
person 0.0945 155 158 206 241
person 0.0893 179 186 215 288
person 0.0636 192 201 217 284
person 0.0566 157 174 189 249
person 0.0558 154 231 191 289
person 0.0521 155 168 180 217
person 0.0509 167 203 206 303
person 0.0493 166 162 194 187
person 0.0457 159 162 189 203
person 0.0452 154 192 168 237
person 0.0445 170 176 204 269
person 0.0408 152 197 177 271
person 0.0406 129 164 205 265
person 0.0401 153 237 174 282
person 0.0388 164 167 183 212
person 0.0387 155 202 172 245
person 0.0379 167 161 205 203
person 0.0374 147 144 221 370
person 0.0353 178 222 203 312
person 0.0352 175 157 217 258
person 0.0347 153 216 165 245
person 0.0344 153 233 180 260
person 0.0332 174 163 207 189
person 0.0320 115 197 138 252
person 0.0313 163 183 182 229
person 0.0310 171 160 234 307
person 0.0298 167 166 191 227
person 0.0292 143 170 169 249
person 0.0289 128 194 200 301
person 0.0275 166 162 183 195
person 0.0275 216 149 237 225
person 0.0272 158 203 188 276
person 0.0270 152 229 165 265
person 0.0261 188 164 208 206
person 0.0253 194 185 210 217
person 0.0251 154 227 174 252
person 0.0249 138 177 178 276
person 0.0248 160 233 186 270
person 0.0238 183 245 200 295
person 0.0238 185 221 209 290
person 0.0235 5 10 346 453
person 0.0233 220 167 234 223
person 0.0228 172 159 198 178
person 0.0227 0 20 49 83
person 0.0222 161 170 212 217
person 0.0221 171 235 190 279
person 0.0220 176 163 195 202
person 0.0214 151 244 166 290
person 0.0214 164 176 195 201
person 0.0212 151 155 254 273
person 0.0210 186 187 210 262
person 0.0208 177 241 196 288
person 0.0206 170 180 203 228
person 0.0204 161 164 178 198
person 0.0203 144 209 170 281
person 0.0201 194 155 228 237
pottedplant 0.2332 114 189 136 244
pottedplant 0.0848 109 159 137 252
pottedplant 0.0582 277 262 290 295
pottedplant 0.0436 282 266 295 296
pottedplant 0.0413 111 189 131 225
pottedplant 0.0387 120 180 135 226
pottedplant 0.0385 276 258 303 295
pottedplant 0.0384 266 258 292 295
pottedplant 0.0366 100 204 142 250
pottedplant 0.0358 279 240 309 297
pottedplant 0.0353 123 190 139 232
pottedplant 0.0353 288 266 303 295
pottedplant 0.0344 99 179 129 250
pottedplant 0.0307 269 240 299 297
pottedplant 0.0279 118 158 161 243
pottedplant 0.0262 279 273 301 294
pottedplant 0.0261 90 144 137 262
pottedplant 0.0242 114 187 139 219
pottedplant 0.0238 116 202 140 229
pottedplant 0.0235 117 199 154 253
pottedplant 0.0224 184 372 216 463
pottedplant 0.0216 290 249 308 294
pottedplant 0.0211 139 360 193 497
pottedplant 0.0207 91 193 138 241
pottedplant 0.0207 264 252 281 293
pottedplant 0.0206 113 178 123 217
pottedplant 0.0206 248 250 306 294
pottedplant 0.0205 98 141 126 237
pottedplant 0.0205 116 163 129 222
pottedplant 0.0203 25 165 154 251
sheep 0.0339 150 286 198 339
sheep 0.0328 228 270 252 290
sheep 0.0303 12 0 328 107
sheep 0.0243 0 0 360 500
sheep 0.0203 222 270 244 286
sofa 0.0864 146 182 223 291
sofa 0.0586 154 220 213 347
sofa 0.0317 131 165 220 346
sofa 0.0264 143 209 206 275
train 0.0489 0 189 129 269
train 0.0271 1 124 196 270
train 0.0258 7 36 88 239
train 0.0211 8 14 367 500
tvmonitor 0.0278 0 16 42 77
