bottle 0.0536 400 0 434 37
bottle 0.0322 391 0 422 37
bottle 0.0310 453 171 495 196
bottle 0.0303 411 0 446 38
bottle 0.0220 355 0 417 33
bottle 0.0216 406 0 474 23
car 0.0256 394 1 500 46
car 0.0229 475 115 500 136
person 0.5578 418 111 470 248
person 0.4051 430 113 490 268
person 0.2420 445 117 500 351
person 0.1950 453 132 500 259
person 0.1423 475 0 499 40
person 0.1198 453 213 500 346
person 0.1145 478 116 500 167
person 0.1049 444 0 497 40
person 0.0971 463 118 500 208
person 0.0740 486 3 500 42
person 0.0723 423 167 463 250
person 0.0640 435 161 481 247
person 0.0588 473 116 495 152
person 0.0565 400 0 434 40
person 0.0539 459 3 488 38
person 0.0534 393 89 486 260
person 0.0499 436 120 483 211
person 0.0479 2 110 45 181
person 0.0467 423 114 466 183
person 0.0467 461 117 482 150
person 0.0461 454 166 499 230
person 0.0458 453 8 478 40
person 0.0441 464 0 499 19
person 0.0422 459 117 493 158
person 0.0408 455 119 475 153
person 0.0399 391 0 420 35
person 0.0398 429 124 463 219
person 0.0393 389 122 497 351
person 0.0369 479 0 498 25
person 0.0357 398 135 470 290
person 0.0357 1 100 73 205
person 0.0354 395 0 500 41
person 0.0348 411 0 451 36
person 0.0341 439 0 487 16
person 0.0325 449 119 467 154
person 0.0324 438 111 485 170
person 0.0323 453 169 497 202
person 0.0322 469 123 498 177
person 0.0322 479 127 500 195
person 0.0320 438 3 476 40
person 0.0314 426 229 455 248
person 0.0295 458 175 499 302
person 0.0291 479 114 499 139
person 0.0280 422 149 500 229
person 0.0277 468 170 500 260
person 0.0274 7 36 83 197
person 0.0273 425 212 443 247
person 0.0271 456 126 472 164
person 0.0271 466 10 496 41
person 0.0270 24 109 73 179
person 0.0269 416 171 500 321
person 0.0267 479 172 500 207
person 0.0266 12 97 62 168
person 0.0265 439 119 460 153
person 0.0264 450 128 466 167
person 0.0259 426 200 456 248
person 0.0253 1 0 42 67
person 0.0252 379 0 445 34
person 0.0247 452 169 474 201
person 0.0242 244 0 322 10
person 0.0242 415 256 500 343
person 0.0240 430 115 453 146
person 0.0239 359 122 425 263
person 0.0228 0 117 25 176
person 0.0227 443 127 469 204
person 0.0226 334 47 481 336
person 0.0224 449 172 467 212
person 0.0223 413 169 439 246
person 0.0222 360 0 429 28
person 0.0216 420 127 452 232
person 0.0215 475 118 491 135
person 0.0212 422 125 461 148
person 0.0211 422 125 443 160
person 0.0210 6 119 32 161
person 0.0207 2 140 45 222
person 0.0203 448 153 487 205
person 0.0200 391 221 475 350
pottedplant 0.0998 426 0 488 38
pottedplant 0.0566 406 0 463 37
pottedplant 0.0509 396 0 495 50
pottedplant 0.0457 423 0 485 20
pottedplant 0.0413 393 0 436 38
pottedplant 0.0301 442 3 473 37
pottedplant 0.0271 245 0 328 11
pottedplant 0.0263 434 0 464 33
pottedplant 0.0228 379 0 451 52
pottedplant 0.0224 428 5 456 37
pottedplant 0.0210 451 0 478 24
train 0.8556 0 0 446 370
train 0.0567 467 115 500 160
train 0.0563 411 19 498 271
train 0.0420 369 1 494 192
train 0.0399 403 0 497 129
train 0.0390 9 0 245 334
train 0.0349 426 57 496 171
train 0.0343 451 47 498 122
train 0.0334 419 106 500 188
train 0.0293 444 113 500 167
train 0.0285 3 0 140 223
train 0.0283 4 3 90 170
train 0.0283 457 105 500 145
train 0.0281 454 69 498 147
train 0.0272 328 10 467 267
train 0.0258 7 143 85 307
train 0.0256 394 0 498 67
train 0.0250 468 116 499 136
train 0.0245 419 27 499 103
train 0.0243 292 36 427 304
train 0.0233 453 116 484 149
train 0.0205 369 87 493 243
train 0.0204 29 174 465 375
train 0.0200 480 85 498 119
tvmonitor 0.0439 396 297 455 342
