aeroplane 0.0215 0 36 400 300
bicycle 0.0428 84 155 319 257
bicycle 0.0355 0 88 18 121
boat 0.0286 46 2 88 45
boat 0.0220 44 0 87 23
car 0.0341 0 97 18 120
car 0.0269 0 106 26 120
cow 0.6524 218 158 327 255
cow 0.1351 87 111 102 132
cow 0.0948 264 178 323 253
cow 0.0681 217 158 309 216
cow 0.0514 281 183 326 228
cow 0.0509 218 159 286 193
cow 0.0482 230 139 375 262
cow 0.0474 217 163 270 246
cow 0.0420 84 106 106 134
cow 0.0384 0 79 19 121
cow 0.0365 305 182 323 209
cow 0.0349 127 170 336 273
cow 0.0340 235 164 299 243
cow 0.0340 221 198 299 253
cow 0.0339 83 114 98 132
cow 0.0325 250 170 326 218
cow 0.0320 297 181 325 219
cow 0.0295 357 172 397 208
cow 0.0260 216 159 256 207
cow 0.0260 201 140 338 300
cow 0.0253 364 181 392 204
cow 0.0246 282 200 329 253
cow 0.0227 297 183 322 202
cow 0.0219 286 167 397 274
cow 0.0212 272 182 323 210
horse 0.0582 86 116 105 131
person 0.1370 88 111 102 132
person 0.0610 0 88 16 119
person 0.0353 82 112 93 131
person 0.0350 0 80 26 119
person 0.0320 0 0 364 293
person 0.0315 1 98 23 120
person 0.0304 86 108 98 126
person 0.0275 13 100 30 119
person 0.0268 23 103 35 118
person 0.0264 94 108 107 128
person 0.0232 82 102 101 130
person 0.0220 374 278 398 300
person 0.0215 186 6 400 300
person 0.0204 98 106 108 122
pottedplant 0.0238 0 77 27 119
sheep 0.5404 21 132 93 199
sheep 0.3293 21 130 70 181
sheep 0.1439 47 140 90 204
sheep 0.0885 207 120 334 261
sheep 0.0749 20 135 46 177
sheep 0.0740 21 131 59 162
sheep 0.0587 12 91 103 199
sheep 0.0470 55 123 98 187
sheep 0.0425 36 130 93 175
sheep 0.0410 6 119 78 173
sheep 0.0405 9 129 106 246
sheep 0.0397 66 146 97 202
sheep 0.0384 17 133 30 166
sheep 0.0382 63 135 90 186
sheep 0.0358 19 148 38 177
sheep 0.0351 361 168 396 209
sheep 0.0350 15 131 36 177
sheep 0.0348 25 136 84 165
sheep 0.0341 8 128 52 172
sheep 0.0338 217 156 319 203
sheep 0.0326 52 150 77 200
sheep 0.0317 16 150 82 190
sheep 0.0303 365 181 391 205
sheep 0.0272 58 138 87 167
sheep 0.0247 39 137 78 188
sheep 0.0229 67 138 88 159
sheep 0.0227 16 153 31 176
sheep 0.0223 17 161 39 178
sheep 0.0216 20 129 85 152
sheep 0.0214 27 134 70 156
sheep 0.0207 45 167 96 199
sheep 0.0207 83 119 106 133
sheep 0.0206 51 168 68 198
sheep 0.0206 48 131 91 161
sheep 0.0203 16 132 40 153
sheep 0.0202 77 159 101 205
sheep 0.0200 86 114 104 127
