bottle 0.0307 0 275 21 333
bottle 0.0245 0 261 35 333
car 0.0454 265 59 425 126
cat 0.7430 14 95 274 224
cat 0.2134 0 94 366 283
cat 0.1154 15 97 139 217
cat 0.0878 128 156 274 207
cat 0.0763 9 112 166 296
cat 0.0724 81 130 283 215
cat 0.0639 5 242 35 332
cat 0.0598 6 137 251 325
cat 0.0584 18 98 92 163
cat 0.0547 50 83 284 174
cat 0.0498 44 138 166 227
cat 0.0435 48 162 282 249
cat 0.0423 7 124 106 233
cat 0.0414 23 94 86 133
cat 0.0358 5 245 29 299
cat 0.0355 10 12 319 219
cat 0.0354 16 94 179 148
cat 0.0301 17 195 266 283
cat 0.0262 6 96 52 143
cat 0.0259 151 173 259 206
cat 0.0239 11 155 142 248
cat 0.0236 36 101 124 136
cat 0.0233 0 85 122 178
cat 0.0214 26 96 77 119
cat 0.0209 54 99 148 153
cat 0.0202 123 146 271 270
cat 0.0202 140 178 281 249
cat 0.0202 55 96 145 126
chair 0.0862 17 82 491 309
chair 0.0698 1 192 278 331
chair 0.0694 266 12 494 135
chair 0.0559 6 240 70 333
chair 0.0495 38 77 309 190
chair 0.0465 4 244 37 333
chair 0.0459 6 114 162 309
chair 0.0448 269 45 415 127
chair 0.0389 24 29 444 225
chair 0.0332 10 188 84 332
chair 0.0315 264 11 350 124
chair 0.0288 274 63 481 144
chair 0.0288 95 82 485 204
chair 0.0267 0 27 288 313
chair 0.0262 0 264 146 331
chair 0.0256 431 0 497 114
chair 0.0252 166 2 310 112
chair 0.0248 362 0 500 162
chair 0.0246 0 270 22 333
chair 0.0238 82 30 313 167
chair 0.0227 60 58 294 133
chair 0.0222 205 27 500 234
chair 0.0220 22 39 204 204
chair 0.0219 35 168 244 292
chair 0.0215 173 55 302 132
chair 0.0214 163 143 495 315
chair 0.0209 115 77 325 156
chair 0.0205 17 224 170 318
chair 0.0201 10 271 246 328
diningtable 0.0307 0 144 410 333
diningtable 0.0214 0 47 350 223
person 0.0761 8 33 356 314
person 0.0488 1 243 32 322
person 0.0335 0 258 22 333
person 0.0238 1 251 21 305
sofa 0.0881 0 96 427 326
tvmonitor 0.1120 270 9 455 127
tvmonitor 0.0684 1 162 238 333
tvmonitor 0.0463 5 228 170 332
tvmonitor 0.0426 160 5 487 182
tvmonitor 0.0399 16 0 304 234
tvmonitor 0.0394 275 0 388 109
tvmonitor 0.0361 287 0 477 72
tvmonitor 0.0240 0 258 265 332
tvmonitor 0.0232 10 0 67 112
tvmonitor 0.0228 345 0 482 122
tvmonitor 0.0218 271 0 454 43
