aeroplane 0.0284 163 128 195 138
aeroplane 0.0274 141 128 181 139
aeroplane 0.0257 0 0 458 375
aeroplane 0.0223 137 131 174 141
bird 0.0326 290 1 315 29
bird 0.0247 109 0 490 237
boat 0.0324 0 0 500 320
car 0.0583 0 225 22 245
car 0.0302 0 357 32 375
car 0.0296 0 364 49 375
car 0.0286 3 127 23 141
car 0.0285 0 353 12 375
car 0.0267 16 365 72 375
car 0.0267 0 224 12 255
car 0.0214 37 365 96 375
person 0.0593 0 349 21 375
person 0.0469 0 0 405 375
person 0.0397 61 350 87 375
person 0.0391 0 353 12 375
person 0.0338 0 356 37 375
person 0.0328 376 182 401 225
person 0.0322 47 352 70 374
person 0.0316 38 355 60 375
person 0.0308 46 359 88 375
person 0.0280 30 360 69 375
person 0.0263 468 344 498 375
person 0.0260 372 199 386 229
person 0.0259 3 343 30 373
person 0.0252 22 353 47 375
person 0.0248 175 205 181 214
person 0.0237 207 200 212 209
person 0.0236 225 263 237 279
person 0.0233 56 345 78 371
person 0.0232 220 265 230 279
person 0.0227 24 223 34 238
person 0.0223 364 197 377 225
person 0.0221 373 183 389 223
person 0.0220 174 209 181 218
person 0.0216 75 354 101 375
person 0.0214 143 207 149 219
person 0.0214 176 202 181 210
person 0.0208 150 204 157 215
person 0.0204 206 204 212 213
person 0.0200 211 264 220 278
pottedplant 0.0426 464 287 497 358
pottedplant 0.0309 456 257 499 375
pottedplant 0.0305 465 319 493 358
pottedplant 0.0216 464 327 488 349
train 0.7840 136 207 305 253
train 0.2116 138 209 227 254
train 0.1374 364 179 409 234
train 0.1339 479 188 498 216
train 0.1216 0 191 329 375
train 0.1172 141 210 184 257
train 0.1130 299 185 323 228
train 0.1098 474 199 497 216
train 0.1094 56 216 94 240
train 0.1018 10 192 74 239
train 0.1011 32 225 59 237
train 0.0954 135 206 313 303
train 0.0933 2 178 43 240
train 0.0913 1 219 148 375
train 0.0842 1 199 21 237
train 0.0833 3 214 19 238
train 0.0831 64 204 97 243
train 0.0805 25 216 62 239
train 0.0779 48 224 77 237
train 0.0779 36 226 51 239
train 0.0759 0 187 26 243
train 0.0747 36 220 84 239
train 0.0742 32 197 98 239
train 0.0727 185 204 305 238
train 0.0714 0 356 80 375
train 0.0695 140 211 168 245
train 0.0685 1 223 20 243
train 0.0684 0 318 158 373
train 0.0681 476 173 500 220
train 0.0651 42 224 62 236
train 0.0645 57 219 75 240
train 0.0617 15 212 77 238
train 0.0600 0 340 101 373
train 0.0594 9 223 56 240
train 0.0592 22 227 48 237
train 0.0582 7 226 32 240
train 0.0574 5 191 129 240
train 0.0538 40 222 69 234
train 0.0525 64 198 129 239
train 0.0524 35 218 51 236
train 0.0501 335 206 344 222
train 0.0497 295 186 342 228
train 0.0497 379 182 405 225
train 0.0496 330 203 339 223
train 0.0483 68 213 86 237
train 0.0481 465 162 494 222
train 0.0476 0 347 53 375
train 0.0469 69 194 293 260
train 0.0469 55 224 67 239
train 0.0465 477 203 497 212
train 0.0461 3 278 107 375
train 0.0458 163 211 270 241
train 0.0456 133 168 318 261
train 0.0453 73 212 96 240
train 0.0452 45 227 57 239
train 0.0437 474 204 488 215
train 0.0433 16 150 302 278
train 0.0419 31 358 100 375
train 0.0416 17 361 69 374
train 0.0414 366 216 377 233
train 0.0413 0 207 55 241
train 0.0412 8 218 29 236
train 0.0412 32 190 179 252
train 0.0405 315 193 333 225
train 0.0395 0 225 36 246
train 0.0389 140 210 180 230
train 0.0382 476 179 492 211
train 0.0375 28 228 58 242
train 0.0370 15 229 46 242
train 0.0370 135 208 347 369
train 0.0359 30 218 45 235
train 0.0356 30 224 47 240
train 0.0350 0 164 84 241
train 0.0349 27 203 68 245
train 0.0343 23 222 50 233
train 0.0340 5 203 29 233
train 0.0338 34 347 110 374
train 0.0336 0 207 16 245
train 0.0333 286 190 327 234
train 0.0331 471 202 478 215
train 0.0330 246 203 301 237
train 0.0329 0 0 462 341
train 0.0326 3 148 139 249
train 0.0323 321 194 341 227
train 0.0320 368 218 388 235
train 0.0313 465 203 472 215
train 0.0308 362 217 370 232
train 0.0304 84 144 429 375
train 0.0303 13 188 139 283
train 0.0300 47 210 102 237
train 0.0299 466 195 500 219
train 0.0296 358 185 390 241
train 0.0294 321 183 401 231
train 0.0292 362 210 369 227
train 0.0289 359 195 382 234
train 0.0285 362 201 397 233
train 0.0281 487 191 500 218
train 0.0279 26 224 75 243
train 0.0278 0 218 14 238
train 0.0277 18 256 223 372
train 0.0275 366 208 377 229
train 0.0274 19 201 51 237
train 0.0273 337 203 349 219
train 0.0272 60 215 81 234
train 0.0267 8 201 41 239
train 0.0266 360 200 369 223
train 0.0266 105 214 121 232
train 0.0265 308 199 346 223
train 0.0265 8 301 67 372
train 0.0265 467 200 477 211
train 0.0262 333 155 442 238
train 0.0257 480 201 497 225
train 0.0256 464 198 471 212
train 0.0254 480 164 499 204
train 0.0252 298 191 310 220
train 0.0252 0 330 27 375
train 0.0250 45 209 70 240
train 0.0250 330 197 348 226
train 0.0249 173 220 276 251
train 0.0246 33 339 158 373
train 0.0244 372 210 384 232
train 0.0238 53 217 70 233
train 0.0238 82 203 140 245
train 0.0237 0 315 48 375
train 0.0236 369 157 483 370
train 0.0235 273 208 297 235
train 0.0234 99 214 112 232
train 0.0233 472 208 488 219
train 0.0233 0 215 34 238
train 0.0232 344 207 352 221
train 0.0230 314 205 341 222
train 0.0229 0 50 361 259
train 0.0229 355 191 373 230
train 0.0227 336 212 344 228
train 0.0226 67 215 119 237
train 0.0226 300 184 373 229
train 0.0225 379 178 424 234
train 0.0225 5 200 61 230
train 0.0223 18 210 40 231
train 0.0222 32 207 52 234
train 0.0221 369 218 405 233
train 0.0219 146 208 174 223
train 0.0219 328 196 342 216
train 0.0219 474 207 496 216
train 0.0218 143 210 212 233
train 0.0215 3 355 156 375
train 0.0212 0 353 31 375
train 0.0211 301 185 316 206
train 0.0208 464 184 495 245
train 0.0208 6 205 83 252
train 0.0207 358 213 385 236
train 0.0206 355 207 362 221
train 0.0205 299 187 332 204
train 0.0204 100 208 179 249
train 0.0203 472 209 495 225
train 0.0202 310 188 334 210
train 0.0201 200 195 315 255
train 0.0201 366 221 378 239
train 0.0201 3 178 105 322
