bicycle 0.0313 365 200 394 215
bicycle 0.0202 375 194 404 209
bird 0.0268 2 314 74 375
bird 0.0208 0 318 35 374
bird 0.0206 6 0 69 77
car 0.0312 422 198 486 254
car 0.0310 0 352 23 375
car 0.0305 482 208 500 248
car 0.0243 0 358 38 375
car 0.0200 0 327 24 375
cow 0.7151 11 138 445 269
cow 0.2294 0 50 500 251
cow 0.1355 0 142 477 375
cow 0.1068 237 136 457 253
cow 0.0735 405 133 489 254
cow 0.0723 346 138 467 255
cow 0.0700 7 158 259 276
cow 0.0542 478 160 500 187
cow 0.0485 467 160 500 214
cow 0.0411 375 180 491 254
cow 0.0403 394 159 461 255
cow 0.0389 8 164 127 269
cow 0.0356 459 165 498 248
cow 0.0346 419 193 475 255
cow 0.0252 0 103 297 253
cow 0.0251 436 178 493 252
cow 0.0250 385 71 498 259
cow 0.0244 0 206 181 278
cow 0.0243 472 162 498 178
cow 0.0234 4 117 100 251
cow 0.0223 165 187 416 255
cow 0.0211 23 0 131 89
cow 0.0209 5 0 68 86
cow 0.0203 36 195 362 271
motorbike 0.0235 424 202 477 252
person 0.0350 13 0 59 76
person 0.0305 34 0 75 69
person 0.0296 42 0 60 38
person 0.0265 2 0 36 75
person 0.0254 47 0 90 68
person 0.0233 0 0 22 40
person 0.0213 48 0 80 43
pottedplant 0.0590 38 129 473 375
pottedplant 0.0425 0 68 500 275
pottedplant 0.0308 301 132 397 166
pottedplant 0.0307 425 199 478 252
pottedplant 0.0300 315 141 500 264
pottedplant 0.0291 353 200 387 215
pottedplant 0.0286 333 200 375 216
pottedplant 0.0286 453 175 496 251
pottedplant 0.0258 327 189 370 204
pottedplant 0.0257 318 199 360 217
pottedplant 0.0246 275 131 405 183
pottedplant 0.0245 354 189 390 204
pottedplant 0.0233 6 0 67 86
pottedplant 0.0224 366 196 395 210
pottedplant 0.0222 376 187 407 204
pottedplant 0.0216 326 194 369 211
pottedplant 0.0208 467 164 500 239
pottedplant 0.0208 354 195 388 210
pottedplant 0.0200 328 176 373 192
sheep 0.0945 0 0 500 250
sheep 0.0204 226 0 469 230
