aeroplane 0.8747 64 114 495 285
aeroplane 0.2358 432 187 500 237
aeroplane 0.1737 397 140 497 254
aeroplane 0.1246 443 213 500 237
aeroplane 0.1131 103 167 426 274
aeroplane 0.1115 457 171 500 209
aeroplane 0.1003 477 170 500 202
aeroplane 0.0962 351 127 493 285
aeroplane 0.0922 422 152 500 225
aeroplane 0.0920 449 183 500 222
aeroplane 0.0857 367 128 490 213
aeroplane 0.0815 454 196 500 231
aeroplane 0.0784 69 107 289 167
aeroplane 0.0700 407 136 495 193
aeroplane 0.0691 181 187 219 222
aeroplane 0.0654 107 114 416 193
aeroplane 0.0638 460 189 500 205
aeroplane 0.0635 427 193 500 278
aeroplane 0.0621 189 245 229 260
aeroplane 0.0592 445 201 499 250
aeroplane 0.0571 136 109 379 165
aeroplane 0.0567 57 112 184 196
aeroplane 0.0558 111 201 307 267
aeroplane 0.0534 427 164 500 199
aeroplane 0.0481 199 124 471 202
aeroplane 0.0478 218 171 500 288
aeroplane 0.0469 353 202 500 279
aeroplane 0.0442 464 181 500 202
aeroplane 0.0441 269 131 492 228
aeroplane 0.0433 458 203 500 221
aeroplane 0.0430 387 135 475 174
aeroplane 0.0416 395 173 492 232
aeroplane 0.0415 468 164 500 194
aeroplane 0.0413 474 191 500 211
aeroplane 0.0411 458 196 500 215
aeroplane 0.0408 468 210 500 235
aeroplane 0.0403 438 190 499 210
aeroplane 0.0394 447 224 498 238
aeroplane 0.0367 451 148 499 205
aeroplane 0.0355 171 238 237 260
aeroplane 0.0352 231 293 321 317
aeroplane 0.0351 389 196 500 243
aeroplane 0.0350 437 219 485 236
aeroplane 0.0348 65 118 230 232
aeroplane 0.0347 472 188 500 226
aeroplane 0.0336 87 141 290 259
aeroplane 0.0327 51 91 350 250
aeroplane 0.0322 424 185 485 221
aeroplane 0.0316 439 203 483 233
aeroplane 0.0309 40 99 147 179
aeroplane 0.0303 88 181 219 261
aeroplane 0.0297 415 155 483 204
aeroplane 0.0290 40 13 413 298
aeroplane 0.0281 403 209 487 235
aeroplane 0.0278 329 135 484 186
aeroplane 0.0269 145 283 346 331
aeroplane 0.0261 35 128 152 214
aeroplane 0.0251 149 214 362 271
aeroplane 0.0250 440 223 500 262
aeroplane 0.0245 57 152 184 241
aeroplane 0.0240 460 205 489 233
aeroplane 0.0238 481 181 500 206
aeroplane 0.0237 183 190 253 221
aeroplane 0.0234 347 107 495 180
aeroplane 0.0233 461 175 495 197
aeroplane 0.0230 431 190 472 234
aeroplane 0.0225 428 144 500 182
aeroplane 0.0224 413 215 499 247
aeroplane 0.0223 394 133 432 177
aeroplane 0.0221 53 80 174 162
aeroplane 0.0221 363 136 446 169
aeroplane 0.0220 427 181 498 202
aeroplane 0.0219 441 190 484 203
aeroplane 0.0217 261 109 453 171
aeroplane 0.0215 459 172 500 188
aeroplane 0.0213 156 222 426 291
aeroplane 0.0211 296 121 434 196
aeroplane 0.0207 39 107 198 279
aeroplane 0.0200 464 154 500 228
boat 0.0830 219 289 330 323
boat 0.0264 197 292 232 335
boat 0.0246 233 294 319 315
boat 0.0200 169 285 335 332
bottle 0.1196 200 287 222 335
bottle 0.0247 208 293 228 331
car 0.0320 238 291 332 315
car 0.0235 436 198 500 291
car 0.0227 477 211 499 239
chair 0.0377 61 0 488 290
chair 0.0295 231 289 332 323
cow 0.0215 395 281 499 335
person 0.0330 198 301 219 335
person 0.0315 196 283 227 335
person 0.0301 483 254 500 288
person 0.0296 183 188 207 218
person 0.0296 202 286 218 329
person 0.0263 443 206 498 287
person 0.0257 204 282 225 316
person 0.0224 202 242 226 261
person 0.0222 460 242 500 290
person 0.0218 442 200 474 235
sofa 0.0296 40 0 359 272
sofa 0.0253 56 0 223 176
