aeroplane 0.0310 88 147 123 157
aeroplane 0.0238 442 270 459 279
aeroplane 0.0237 429 233 448 252
boat 0.7119 298 158 448 210
boat 0.6275 93 168 267 229
boat 0.3886 196 120 291 189
boat 0.3870 95 124 282 224
boat 0.3099 369 155 444 179
boat 0.2995 314 150 442 188
boat 0.2993 223 119 288 170
boat 0.2642 163 143 425 224
boat 0.2565 128 153 282 200
boat 0.2522 86 197 261 239
boat 0.2125 293 176 446 226
boat 0.2103 173 164 261 186
boat 0.2063 107 158 368 238
boat 0.1978 138 252 223 270
boat 0.1764 167 142 280 186
boat 0.1754 290 105 451 208
boat 0.1559 219 148 287 180
boat 0.1490 331 158 432 182
boat 0.1403 368 230 447 252
boat 0.1354 465 153 487 180
boat 0.1340 119 110 288 188
boat 0.1307 190 132 312 212
boat 0.1275 196 126 406 202
boat 0.1275 293 202 447 245
boat 0.1218 392 152 445 172
boat 0.1181 159 163 259 208
boat 0.1152 301 176 411 200
boat 0.1148 345 169 450 200
boat 0.1126 381 142 444 175
boat 0.1118 114 192 243 226
boat 0.1110 312 225 389 246
boat 0.1106 370 218 447 243
boat 0.1090 184 158 289 189
boat 0.1075 335 139 449 177
boat 0.1069 376 156 427 170
boat 0.1059 91 200 199 231
boat 0.1052 240 126 285 163
boat 0.1022 171 191 256 219
boat 0.1015 320 162 389 181
boat 0.0975 471 242 493 316
boat 0.0972 85 213 257 256
boat 0.0932 243 136 289 180
boat 0.0924 359 180 444 205
boat 0.0897 233 143 288 167
boat 0.0885 457 302 470 328
boat 0.0866 392 156 447 192
boat 0.0852 96 101 418 220
boat 0.0848 294 178 378 210
boat 0.0845 421 150 445 173
boat 0.0833 473 247 489 289
boat 0.0826 313 165 408 188
boat 0.0813 128 180 251 214
boat 0.0810 251 138 365 214
boat 0.0810 350 158 423 175
boat 0.0810 241 157 290 195
boat 0.0807 342 220 447 254
boat 0.0794 408 155 445 176
boat 0.0787 328 229 379 242
boat 0.0767 327 235 378 246
boat 0.0760 281 138 454 259
boat 0.0760 398 150 461 180
boat 0.0751 351 148 451 224
boat 0.0748 321 220 411 242
boat 0.0745 373 229 437 242
boat 0.0741 224 118 257 168
boat 0.0725 139 159 240 188
boat 0.0723 143 47 296 214
boat 0.0721 411 151 447 165
boat 0.0710 88 164 453 277
boat 0.0706 175 168 229 185
boat 0.0702 278 170 310 246
boat 0.0702 155 251 218 264
boat 0.0679 286 189 459 278
boat 0.0678 237 118 269 160
boat 0.0668 332 225 378 237
boat 0.0667 175 143 272 226
boat 0.0667 329 189 452 217
boat 0.0666 330 162 378 176
boat 0.0665 453 155 482 176
boat 0.0658 117 235 232 267
boat 0.0646 378 149 445 205
boat 0.0642 90 4 267 228
boat 0.0640 368 149 440 168
boat 0.0629 367 208 449 235
boat 0.0622 325 169 376 181
boat 0.0613 311 173 390 191
boat 0.0612 259 125 282 158
boat 0.0612 295 215 394 239
boat 0.0610 348 201 450 229
boat 0.0601 298 223 420 250
boat 0.0601 290 185 410 217
boat 0.0599 189 165 245 180
boat 0.0599 226 141 300 193
boat 0.0592 177 133 271 173
boat 0.0588 304 150 392 179
boat 0.0582 205 161 266 182
boat 0.0575 381 224 434 237
boat 0.0564 373 162 427 177
boat 0.0560 299 157 384 194
boat 0.0558 444 153 470 170
boat 0.0552 442 152 488 180
boat 0.0548 88 149 266 268
boat 0.0546 211 166 288 195
boat 0.0546 476 245 500 331
boat 0.0545 205 122 255 179
boat 0.0545 364 163 435 184
boat 0.0542 140 252 183 270
boat 0.0537 433 149 448 171
boat 0.0532 251 140 285 163
boat 0.0531 252 178 285 196
boat 0.0527 220 137 280 163
boat 0.0526 196 116 275 154
boat 0.0524 369 173 441 192
boat 0.0524 425 151 467 171
boat 0.0518 393 180 442 195
boat 0.0516 251 154 413 202
boat 0.0511 214 77 461 214
boat 0.0510 299 229 469 305
boat 0.0510 288 182 327 234
boat 0.0510 229 119 249 158
boat 0.0505 354 226 387 237
boat 0.0502 383 151 424 163
boat 0.0496 457 240 496 338
boat 0.0494 203 172 308 236
boat 0.0489 318 225 363 237
boat 0.0487 198 190 255 209
boat 0.0482 347 227 414 243
boat 0.0478 350 229 389 241
boat 0.0477 394 233 448 249
boat 0.0472 411 161 443 182
boat 0.0469 296 222 364 240
boat 0.0466 387 218 434 232
boat 0.0466 363 223 425 240
boat 0.0460 398 176 440 189
boat 0.0459 334 213 430 238
boat 0.0453 437 152 460 170
boat 0.0452 137 244 208 264
boat 0.0449 241 163 287 179
boat 0.0448 121 166 226 199
boat 0.0447 399 170 441 184
boat 0.0447 209 148 355 198
boat 0.0445 181 180 260 207
boat 0.0444 307 229 363 241
boat 0.0444 220 192 254 206
boat 0.0438 476 244 496 279
boat 0.0435 101 208 244 229
boat 0.0435 223 131 272 183
boat 0.0434 198 169 255 184
boat 0.0433 333 177 433 196
boat 0.0428 192 184 267 228
boat 0.0427 249 184 307 232
boat 0.0421 167 176 280 215
boat 0.0421 239 172 297 198
boat 0.0421 185 158 254 178
boat 0.0421 316 175 366 189
boat 0.0420 334 226 362 239
boat 0.0416 160 246 207 258
boat 0.0414 367 206 448 222
boat 0.0410 468 153 482 175
boat 0.0410 398 178 449 214
boat 0.0409 442 158 478 173
boat 0.0402 316 11 471 211
boat 0.0402 454 164 488 178
boat 0.0401 397 230 447 243
boat 0.0401 366 226 395 236
boat 0.0400 95 168 193 222
boat 0.0393 243 120 262 153
boat 0.0392 250 120 275 153
boat 0.0392 183 88 292 174
boat 0.0390 381 219 417 231
boat 0.0386 407 183 444 203
boat 0.0385 388 153 415 165
boat 0.0385 238 130 372 183
boat 0.0383 374 225 407 237
boat 0.0382 163 203 259 229
boat 0.0380 391 213 435 225
boat 0.0380 157 123 266 202
boat 0.0376 358 179 449 255
boat 0.0376 415 178 439 192
boat 0.0375 348 160 393 173
boat 0.0375 183 173 237 187
boat 0.0374 223 69 299 181
boat 0.0371 301 231 376 247
boat 0.0371 327 231 405 248
boat 0.0371 311 140 404 172
boat 0.0369 329 240 378 250
boat 0.0368 203 192 245 205
boat 0.0367 360 143 476 186
boat 0.0366 380 171 423 182
boat 0.0364 372 228 403 243
boat 0.0362 238 140 274 162
boat 0.0362 317 170 360 183
boat 0.0362 125 223 228 246
boat 0.0359 295 141 390 213
boat 0.0359 375 147 420 181
boat 0.0358 244 151 289 170
boat 0.0358 392 209 435 218
boat 0.0357 248 168 290 186
boat 0.0356 226 121 282 150
boat 0.0354 162 192 357 245
boat 0.0352 292 206 394 230
boat 0.0352 212 193 256 221
boat 0.0351 290 175 311 229
boat 0.0350 422 234 447 251
boat 0.0349 342 164 390 177
boat 0.0345 179 176 262 196
boat 0.0345 328 154 400 172
boat 0.0343 89 205 149 245
boat 0.0341 322 165 363 178
boat 0.0340 379 175 425 189
boat 0.0339 346 220 383 231
boat 0.0339 220 190 300 224
boat 0.0338 222 158 262 175
boat 0.0337 337 218 387 238
boat 0.0335 298 224 338 239
boat 0.0335 70 138 199 223
boat 0.0334 96 35 500 235
boat 0.0332 379 139 426 164
boat 0.0331 420 169 443 187
boat 0.0330 376 119 450 189
boat 0.0329 203 159 247 174
boat 0.0326 76 197 284 295
boat 0.0326 351 215 384 223
boat 0.0326 178 112 258 164
boat 0.0325 384 222 409 234
boat 0.0325 231 159 282 174
boat 0.0324 76 105 245 176
boat 0.0323 170 173 262 251
boat 0.0323 336 156 375 169
boat 0.0322 306 82 465 168
boat 0.0321 471 245 490 271
boat 0.0320 233 193 254 216
boat 0.0318 384 214 418 223
boat 0.0318 224 148 272 163
boat 0.0318 376 128 449 163
boat 0.0316 73 217 476 325
boat 0.0315 311 234 390 252
boat 0.0315 324 211 403 228
boat 0.0314 264 179 315 221
boat 0.0313 368 233 417 247
boat 0.0312 447 241 488 313
boat 0.0310 212 153 270 173
boat 0.0309 291 183 355 222
boat 0.0308 276 169 387 203
boat 0.0308 165 193 230 212
boat 0.0308 471 249 483 282
boat 0.0308 297 177 363 197
boat 0.0307 349 235 391 246
boat 0.0307 360 175 412 189
boat 0.0307 411 167 440 197
boat 0.0307 371 156 404 168
boat 0.0306 359 221 397 241
boat 0.0305 94 211 218 237
boat 0.0305 369 157 399 174
boat 0.0305 216 189 252 200
boat 0.0305 218 180 303 209
boat 0.0304 141 237 214 257
boat 0.0304 250 170 289 210
boat 0.0304 430 155 443 166
boat 0.0304 416 181 443 198
boat 0.0304 396 214 447 238
boat 0.0304 237 118 254 150
boat 0.0303 375 151 407 163
boat 0.0303 458 240 497 290
boat 0.0302 329 220 368 230
boat 0.0301 205 118 500 248
boat 0.0301 88 225 180 251
boat 0.0298 99 238 205 260
boat 0.0297 410 139 468 175
boat 0.0295 211 126 271 160
boat 0.0293 196 187 443 249
boat 0.0293 258 145 289 166
boat 0.0293 362 85 462 199
boat 0.0292 225 154 268 168
boat 0.0291 385 155 415 177
boat 0.0289 427 151 445 162
boat 0.0288 250 187 282 198
boat 0.0288 388 198 442 241
boat 0.0286 343 170 388 182
boat 0.0285 407 209 445 220
boat 0.0285 149 242 203 276
boat 0.0285 293 212 355 243
boat 0.0282 291 192 310 244
boat 0.0282 383 184 440 200
boat 0.0282 89 191 156 228
boat 0.0281 404 224 446 236
boat 0.0280 213 182 253 194
boat 0.0280 285 179 305 221
boat 0.0280 112 146 253 186
boat 0.0279 458 159 476 181
boat 0.0278 244 182 278 194
boat 0.0277 228 163 258 182
boat 0.0277 237 192 263 205
boat 0.0277 371 215 399 222
boat 0.0277 306 220 347 232
boat 0.0276 299 215 315 241
boat 0.0275 235 156 332 192
boat 0.0275 334 234 446 259
boat 0.0274 393 184 441 229
boat 0.0273 153 247 183 261
bottle 0.0546 331 164 374 178
bottle 0.0396 454 300 473 328
bottle 0.0343 169 166 203 187
bottle 0.0323 222 132 245 164
bottle 0.0271 327 163 353 181
bottle 0.0236 474 242 500 318
bottle 0.0232 349 161 374 178
bottle 0.0219 202 162 214 173
bottle 0.0207 139 181 161 204
car 0.0271 425 233 445 253
person 0.0803 456 303 471 327
person 0.0578 327 175 382 188
person 0.0557 443 270 454 283
person 0.0548 328 168 367 182
person 0.0489 322 164 379 185
person 0.0430 440 271 450 284
person 0.0420 471 254 489 304
person 0.0390 319 170 377 192
person 0.0388 446 272 454 282
person 0.0378 342 169 377 183
person 0.0362 189 194 224 213
person 0.0361 335 172 360 192
person 0.0349 344 171 367 192
person 0.0331 349 174 402 189
person 0.0320 431 233 447 253
person 0.0320 175 194 211 212
person 0.0309 442 274 449 282
person 0.0308 324 178 364 195
person 0.0305 53 12 500 339
person 0.0298 437 153 447 165
person 0.0293 401 172 418 188
person 0.0289 323 166 352 180
person 0.0283 377 176 411 191
person 0.0278 233 160 255 181
person 0.0277 199 192 229 207
person 0.0277 394 170 412 187
person 0.0274 381 225 394 236
person 0.0272 320 170 350 185
person 0.0268 353 172 375 193
person 0.0267 342 177 382 195
person 0.0266 243 145 265 168
person 0.0264 452 270 462 284
person 0.0258 181 192 222 205
person 0.0255 315 174 351 191
person 0.0251 378 169 410 183
person 0.0251 204 193 242 213
person 0.0250 233 142 254 169
person 0.0249 441 266 454 293
person 0.0248 210 159 238 176
person 0.0248 198 164 216 179
person 0.0244 221 152 242 174
person 0.0243 394 175 412 194
person 0.0240 200 193 215 205
person 0.0237 396 176 427 191
person 0.0237 411 172 430 188
person 0.0235 368 171 423 193
person 0.0235 199 191 221 202
person 0.0235 219 159 233 174
person 0.0230 388 159 414 181
person 0.0230 376 174 397 194
person 0.0230 139 180 155 197
person 0.0229 208 193 221 204
person 0.0224 205 191 229 201
person 0.0224 171 193 197 214
person 0.0221 144 180 159 192
person 0.0220 215 192 233 210
person 0.0219 175 194 231 219
person 0.0216 460 296 470 317
person 0.0215 202 161 231 176
person 0.0215 374 227 388 240
person 0.0215 0 0 248 288
person 0.0214 215 191 238 201
person 0.0213 187 196 213 220
person 0.0213 192 193 211 210
person 0.0212 224 137 249 168
person 0.0211 218 193 231 204
person 0.0210 350 164 384 179
person 0.0210 373 158 401 180
person 0.0204 368 174 390 194
person 0.0202 386 224 401 236
person 0.0200 219 192 243 210
