bird 0.0228 365 361 415 374
bottle 0.0272 176 167 192 212
car 0.9165 169 84 461 292
car 0.5037 136 73 237 146
car 0.2144 111 32 247 147
car 0.1929 158 83 290 144
car 0.1650 201 83 484 206
car 0.1398 159 78 255 189
car 0.1283 309 91 488 172
car 0.1195 210 90 304 139
car 0.1074 189 95 272 145
car 0.0903 91 11 496 270
car 0.0888 320 91 479 297
car 0.0887 143 113 220 150
car 0.0857 153 102 249 150
car 0.0842 162 87 307 214
car 0.0818 175 88 348 158
car 0.0811 167 92 232 224
car 0.0791 137 85 197 149
car 0.0724 362 51 493 169
car 0.0657 58 53 228 156
car 0.0616 66 3 314 139
car 0.0615 231 88 427 159
car 0.0614 277 76 470 143
car 0.0608 351 81 486 223
car 0.0595 310 5 500 158
car 0.0536 165 86 264 283
car 0.0530 132 57 293 130
car 0.0518 310 46 491 123
car 0.0499 112 76 211 163
car 0.0483 130 91 173 151
car 0.0477 0 1 360 210
car 0.0468 29 39 123 173
car 0.0447 355 154 474 290
car 0.0427 125 77 393 170
car 0.0389 117 30 407 138
car 0.0389 65 37 144 168
car 0.0388 205 85 281 123
car 0.0386 195 187 458 291
car 0.0383 271 91 399 141
car 0.0382 146 68 259 120
car 0.0371 187 91 338 277
car 0.0369 216 92 301 118
car 0.0366 0 29 206 168
car 0.0363 203 81 385 140
car 0.0352 258 112 491 236
car 0.0341 136 68 203 129
car 0.0330 114 75 152 148
car 0.0329 166 88 211 150
car 0.0309 60 82 185 166
car 0.0302 152 94 210 176
car 0.0289 0 52 500 375
car 0.0286 9 40 85 180
car 0.0284 167 118 222 165
car 0.0281 167 0 489 116
car 0.0270 363 109 488 160
car 0.0267 141 60 220 98
car 0.0252 142 99 213 138
car 0.0242 225 86 338 128
car 0.0240 173 117 216 208
car 0.0239 340 100 464 147
car 0.0239 205 41 460 123
car 0.0235 100 55 174 151
car 0.0235 318 130 484 210
car 0.0234 140 77 219 112
car 0.0228 137 111 169 153
car 0.0220 126 117 185 152
car 0.0215 171 83 225 133
car 0.0213 318 95 404 131
car 0.0209 394 125 486 266
car 0.0209 153 120 205 160
car 0.0209 294 231 475 296
car 0.0207 84 0 205 140
car 0.0204 389 0 499 135
car 0.0202 125 57 245 225
person 0.3576 213 94 251 142
person 0.1482 216 94 286 142
person 0.1209 284 98 320 139
person 0.1101 226 107 256 142
person 0.1058 208 85 239 134
person 0.0751 219 97 259 161
person 0.0727 211 85 235 115
person 0.0721 182 83 238 145
person 0.0711 253 92 319 135
person 0.0637 237 111 263 142
person 0.0594 251 123 288 140
person 0.0593 282 93 351 135
person 0.0570 237 110 286 140
person 0.0570 191 94 260 200
person 0.0563 272 98 303 139
person 0.0556 196 83 260 153
person 0.0551 231 121 269 140
person 0.0530 218 108 245 149
person 0.0498 275 108 295 140
person 0.0479 299 103 326 137
person 0.0478 249 117 272 141
person 0.0474 209 87 246 107
person 0.0444 268 115 289 139
person 0.0430 230 92 375 145
person 0.0423 208 86 274 116
person 0.0403 231 97 268 138
person 0.0390 261 118 282 140
person 0.0365 253 101 291 140
person 0.0346 184 106 248 152
person 0.0339 214 90 320 154
person 0.0327 222 87 249 123
person 0.0324 265 123 301 140
person 0.0320 202 83 231 122
person 0.0314 205 72 250 125
person 0.0312 208 84 239 100
person 0.0306 204 104 235 149
person 0.0299 211 95 267 124
person 0.0285 303 96 341 135
person 0.0280 279 115 308 140
person 0.0278 293 95 393 147
person 0.0276 291 114 324 141
person 0.0265 173 139 205 214
person 0.0265 277 86 332 127
person 0.0263 277 96 307 124
person 0.0260 286 98 328 119
person 0.0260 218 89 231 100
person 0.0259 230 88 305 127
person 0.0256 173 115 217 178
person 0.0253 208 88 227 106
person 0.0252 30 62 101 183
person 0.0251 204 96 227 138
person 0.0249 14 0 211 201
person 0.0247 280 94 321 110
person 0.0246 242 95 282 135
person 0.0245 294 109 350 137
person 0.0243 133 88 160 151
person 0.0242 222 95 291 120
person 0.0240 214 111 270 149
person 0.0239 174 121 204 154
person 0.0238 132 89 146 135
person 0.0234 259 110 311 139
person 0.0232 91 66 145 155
person 0.0227 175 157 193 213
person 0.0222 66 61 139 177
person 0.0221 212 106 251 130
person 0.0220 125 86 150 155
person 0.0220 265 95 302 110
person 0.0215 218 85 254 98
person 0.0214 176 91 215 152
person 0.0213 160 99 206 205
person 0.0213 223 105 264 128
person 0.0212 194 98 224 146
person 0.0212 266 98 292 132
person 0.0209 308 108 336 138
person 0.0209 214 91 259 110
person 0.0206 184 117 208 150
person 0.0202 218 98 259 116
person 0.0202 197 115 217 148
person 0.0202 211 89 292 209
person 0.0200 224 89 267 104
pottedplant 0.0274 120 255 147 343
pottedplant 0.0229 0 212 23 253
train 0.0319 39 0 500 195
tvmonitor 0.0555 231 93 299 136
tvmonitor 0.0325 230 93 298 114
