aeroplane 0.0692 110 20 193 106
aeroplane 0.0687 146 19 190 95
aeroplane 0.0650 163 21 188 43
aeroplane 0.0395 153 21 195 68
aeroplane 0.0370 63 0 210 163
aeroplane 0.0353 317 84 337 99
aeroplane 0.0340 329 90 500 168
aeroplane 0.0332 119 20 193 59
aeroplane 0.0311 289 77 490 145
aeroplane 0.0247 143 17 235 95
aeroplane 0.0245 50 0 160 92
aeroplane 0.0245 127 15 197 44
aeroplane 0.0242 470 254 496 269
aeroplane 0.0238 309 80 340 101
aeroplane 0.0231 91 4 246 106
aeroplane 0.0231 316 305 337 324
aeroplane 0.0225 326 84 341 94
aeroplane 0.0222 99 61 140 102
aeroplane 0.0218 284 159 341 208
aeroplane 0.0212 322 86 337 95
aeroplane 0.0203 234 0 267 8
aeroplane 0.0202 323 84 347 98
bird 0.3188 404 326 456 350
bird 0.0562 400 306 455 352
bird 0.0503 394 324 474 357
bird 0.0360 302 344 329 362
bird 0.0315 365 316 461 353
bird 0.0307 419 324 454 345
bird 0.0299 340 322 477 363
bird 0.0288 413 334 459 352
bird 0.0272 408 332 445 364
bird 0.0237 403 330 435 351
bird 0.0232 396 312 464 374
bird 0.0228 316 305 337 323
bird 0.0215 410 323 440 348
bird 0.0205 252 3 346 116
bird 0.0203 356 329 373 356
boat 0.7031 52 41 405 249
boat 0.3149 243 57 277 127
boat 0.3067 58 40 243 231
boat 0.2019 59 122 357 244
boat 0.1818 236 55 286 159
boat 0.1594 62 31 216 154
boat 0.1559 106 142 481 271
boat 0.1497 292 139 321 166
boat 0.1423 94 57 191 132
boat 0.1413 76 49 316 164
boat 0.1345 75 10 500 374
boat 0.1297 161 20 188 45
boat 0.1236 155 52 332 249
boat 0.1125 312 84 345 132
boat 0.1120 67 113 210 172
boat 0.1022 177 77 500 300
boat 0.0986 0 211 62 241
boat 0.0914 0 92 87 134
boat 0.0904 120 38 180 121
boat 0.0899 250 58 270 105
boat 0.0897 92 74 205 162
boat 0.0864 129 62 164 119
boat 0.0823 280 133 368 242
boat 0.0822 96 41 286 121
boat 0.0821 284 185 353 238
boat 0.0799 0 197 78 236
boat 0.0787 157 19 190 67
boat 0.0763 284 136 322 208
boat 0.0762 191 66 293 164
boat 0.0760 116 116 207 160
boat 0.0749 237 66 326 163
boat 0.0748 137 20 190 107
boat 0.0737 303 86 342 151
boat 0.0695 56 62 181 197
boat 0.0685 184 41 500 203
boat 0.0669 0 205 38 233
boat 0.0664 448 93 470 106
boat 0.0657 321 82 340 126
boat 0.0651 0 190 23 225
boat 0.0651 205 83 387 247
boat 0.0647 440 87 500 108
boat 0.0637 110 61 145 116
boat 0.0636 122 114 204 138
boat 0.0635 25 21 165 144
boat 0.0627 0 87 109 152
boat 0.0620 447 91 484 105
boat 0.0619 42 77 130 213
boat 0.0619 214 53 324 210
boat 0.0617 54 137 102 173
boat 0.0612 0 95 47 133
boat 0.0612 109 171 330 236
boat 0.0608 258 98 345 237
boat 0.0607 105 59 186 102
boat 0.0599 46 157 250 236
boat 0.0580 66 62 149 162
boat 0.0570 0 173 21 212
boat 0.0569 36 44 126 162
boat 0.0567 0 181 58 229
boat 0.0552 1 97 21 132
boat 0.0551 122 90 202 127
boat 0.0542 241 51 443 265
boat 0.0538 85 21 241 106
boat 0.0535 117 73 194 118
boat 0.0531 57 96 116 172
boat 0.0530 58 100 165 232
boat 0.0526 242 82 301 150
boat 0.0525 1 211 49 228
boat 0.0524 287 122 322 178
boat 0.0513 115 60 138 104
boat 0.0506 145 194 500 320
boat 0.0503 256 68 277 106
boat 0.0502 72 103 202 150
boat 0.0502 276 109 431 237
boat 0.0498 61 114 100 169
boat 0.0494 16 68 140 141
boat 0.0488 255 74 364 141
boat 0.0486 251 75 282 134
boat 0.0482 244 69 264 113
boat 0.0481 136 115 186 128
boat 0.0466 0 160 26 184
boat 0.0451 0 193 26 246
boat 0.0449 124 61 147 109
boat 0.0446 4 107 32 132
boat 0.0442 312 87 338 118
boat 0.0437 5 221 59 238
boat 0.0430 147 117 197 133
boat 0.0421 265 55 370 220
boat 0.0417 456 93 499 110
boat 0.0417 273 135 325 243
boat 0.0417 12 106 56 132
boat 0.0417 308 91 381 148
boat 0.0414 2 109 82 149
boat 0.0410 233 66 286 104
boat 0.0405 0 192 32 213
boat 0.0403 0 0 289 272
boat 0.0403 0 97 72 121
boat 0.0403 219 54 279 110
boat 0.0401 124 115 171 132
boat 0.0398 52 145 86 168
boat 0.0398 268 74 460 195
boat 0.0397 269 86 336 185
boat 0.0397 92 86 180 127
boat 0.0397 0 215 36 242
boat 0.0395 0 167 89 233
boat 0.0395 289 91 325 158
boat 0.0393 280 165 332 230
boat 0.0392 306 99 359 132
boat 0.0392 56 78 127 144
boat 0.0390 292 87 351 178
boat 0.0388 203 57 299 124
boat 0.0388 88 61 152 122
boat 0.0380 140 109 208 149
boat 0.0379 92 110 187 142
boat 0.0379 119 96 262 153
boat 0.0378 0 216 76 253
boat 0.0377 0 203 30 223
boat 0.0377 441 89 473 109
boat 0.0375 16 218 62 233
boat 0.0374 126 9 485 154
boat 0.0373 134 87 172 125
boat 0.0373 293 88 491 164
boat 0.0371 128 105 195 133
boat 0.0370 192 164 398 242
boat 0.0370 192 34 335 150
boat 0.0366 239 73 256 105
boat 0.0366 0 166 34 209
boat 0.0363 9 115 44 133
boat 0.0363 322 97 349 131
boat 0.0359 43 190 389 275
boat 0.0358 249 67 308 131
boat 0.0351 1 61 80 130
boat 0.0351 208 97 337 167
boat 0.0349 253 93 318 171
boat 0.0347 281 85 336 137
boat 0.0346 2 163 72 201
boat 0.0345 138 49 172 112
boat 0.0345 184 102 270 163
boat 0.0345 58 114 140 156
boat 0.0344 22 111 48 131
boat 0.0343 42 100 102 147
boat 0.0343 145 75 283 143
boat 0.0343 69 112 94 157
boat 0.0342 266 182 430 250
boat 0.0340 140 63 163 102
boat 0.0340 100 119 301 197
boat 0.0338 125 90 364 204
boat 0.0335 10 104 41 128
boat 0.0334 32 59 166 120
boat 0.0334 10 14 105 143
boat 0.0333 158 189 361 247
boat 0.0333 423 72 496 107
boat 0.0332 53 141 97 160
boat 0.0331 134 66 157 106
boat 0.0330 249 73 271 123
boat 0.0329 17 109 36 133
boat 0.0328 310 96 325 131
boat 0.0326 34 102 166 164
boat 0.0324 101 36 198 93
boat 0.0322 0 150 26 174
boat 0.0322 250 103 325 142
boat 0.0321 283 141 329 172
boat 0.0321 0 195 44 221
boat 0.0320 0 225 42 246
boat 0.0318 282 124 494 347
boat 0.0316 5 125 78 164
boat 0.0315 124 45 206 142
boat 0.0314 0 97 11 135
boat 0.0313 116 60 158 134
boat 0.0311 4 150 71 189
boat 0.0309 0 167 16 233
boat 0.0308 52 121 101 206
boat 0.0308 251 173 364 253
boat 0.0307 64 197 307 243
boat 0.0307 1 177 500 361
boat 0.0306 2 96 33 125
boat 0.0306 104 66 129 113
boat 0.0304 1 43 154 193
boat 0.0303 223 70 275 140
boat 0.0303 0 203 62 225
boat 0.0303 158 117 205 145
boat 0.0300 138 76 165 109
boat 0.0298 7 92 77 113
boat 0.0297 14 105 94 171
boat 0.0295 282 163 469 236
boat 0.0294 47 114 71 136
boat 0.0293 53 142 92 193
boat 0.0293 29 108 72 134
boat 0.0291 238 116 318 155
boat 0.0291 0 158 38 192
boat 0.0290 243 77 266 138
boat 0.0290 177 122 206 144
boat 0.0289 224 66 435 154
boat 0.0289 443 88 500 126
boat 0.0289 302 137 323 158
boat 0.0287 144 22 310 95
boat 0.0286 0 215 21 252
boat 0.0285 143 113 266 175
boat 0.0285 144 33 177 99
boat 0.0283 267 66 284 101
boat 0.0282 142 41 249 168
boat 0.0277 0 187 29 205
boat 0.0277 154 24 183 85
boat 0.0276 248 19 348 158
boat 0.0276 31 112 56 132
boat 0.0274 117 51 224 102
boat 0.0274 159 115 189 129
boat 0.0273 0 131 54 181
boat 0.0273 248 100 289 132
boat 0.0272 10 116 105 216
boat 0.0272 33 143 130 234
boat 0.0270 157 46 281 105
boat 0.0269 80 198 98 229
boat 0.0269 242 57 269 89
boat 0.0268 261 130 323 185
boat 0.0268 51 127 94 159
boat 0.0268 4 165 39 179
boat 0.0266 241 75 280 101
boat 0.0266 133 85 161 113
boat 0.0264 55 148 77 181
boat 0.0263 294 111 334 173
boat 0.0263 73 130 94 165
boat 0.0263 352 72 441 103
boat 0.0262 195 95 291 233
boat 0.0262 241 57 307 95
boat 0.0261 0 133 18 165
boat 0.0259 7 216 81 234
boat 0.0259 144 101 172 123
boat 0.0258 0 97 27 150
boat 0.0256 65 106 117 150
boat 0.0254 158 120 212 169
boat 0.0253 418 95 497 155
boat 0.0252 171 117 249 153
boat 0.0252 53 126 163 176
boat 0.0252 40 112 65 133
boat 0.0251 141 111 206 131
boat 0.0250 116 59 154 94
boat 0.0248 49 114 89 145
boat 0.0248 8 178 88 213
boat 0.0247 134 59 170 95
boat 0.0247 72 143 102 168
boat 0.0247 313 86 342 101
boat 0.0247 67 115 86 149
boat 0.0246 77 87 132 127
boat 0.0246 11 100 60 115
boat 0.0245 215 118 333 226
boat 0.0245 20 98 50 119
boat 0.0244 5 160 41 175
boat 0.0244 458 78 500 116
boat 0.0244 1 116 70 195
boat 0.0244 82 113 222 228
boat 0.0242 447 85 486 100
boat 0.0241 294 111 373 152
boat 0.0239 192 118 285 155
boat 0.0239 297 153 391 260
boat 0.0238 0 112 42 171
boat 0.0238 18 213 62 226
boat 0.0238 35 188 73 202
boat 0.0237 23 94 65 109
boat 0.0237 279 144 347 187
boat 0.0236 282 172 377 226
boat 0.0234 259 88 279 129
boat 0.0234 132 89 248 134
boat 0.0234 23 140 91 175
boat 0.0233 0 93 62 161
boat 0.0233 0 112 19 146
boat 0.0233 35 220 67 231
boat 0.0231 245 37 294 109
boat 0.0231 143 88 168 113
boat 0.0231 18 94 64 136
boat 0.0229 146 107 186 122
boat 0.0228 10 207 53 221
boat 0.0228 326 86 346 123
boat 0.0228 0 157 11 216
boat 0.0227 464 91 482 108
boat 0.0227 333 107 500 186
boat 0.0226 117 208 338 265
boat 0.0226 0 131 37 158
boat 0.0226 107 84 124 118
boat 0.0225 275 99 399 160
boat 0.0225 3 146 31 164
boat 0.0224 38 184 73 198
boat 0.0224 289 162 324 203
boat 0.0224 32 110 97 137
boat 0.0222 1 55 42 127
boat 0.0222 109 95 168 146
boat 0.0222 90 184 267 230
boat 0.0221 138 93 185 120
boat 0.0220 10 94 50 109
boat 0.0220 0 199 18 237
boat 0.0220 453 100 497 112
boat 0.0220 52 155 94 219
boat 0.0218 0 174 32 195
boat 0.0217 137 62 253 110
boat 0.0217 467 87 495 109
boat 0.0216 0 192 125 241
boat 0.0216 57 114 76 139
boat 0.0216 48 0 385 119
boat 0.0216 306 89 354 118
boat 0.0216 300 134 319 151
boat 0.0216 33 224 66 236
bottle 0.0966 138 79 163 121
bottle 0.0349 174 121 207 172
bottle 0.0331 180 130 204 165
bottle 0.0319 119 84 166 126
bottle 0.0315 137 93 157 124
bottle 0.0288 130 113 161 129
bottle 0.0288 129 92 146 123
bottle 0.0279 148 96 166 123
bottle 0.0261 127 75 155 123
bottle 0.0259 120 115 155 134
bottle 0.0251 73 118 100 165
bottle 0.0250 143 104 161 128
bottle 0.0240 120 95 135 123
bottle 0.0234 183 124 208 151
bottle 0.0220 115 73 140 123
bottle 0.0220 66 108 120 154
bottle 0.0207 129 74 145 115
bottle 0.0200 184 141 202 172
car 0.0807 287 191 350 237
car 0.0718 301 189 346 216
car 0.0640 444 94 472 108
car 0.0617 0 195 23 229
car 0.0526 306 195 352 225
car 0.0464 0 206 23 242
car 0.0443 294 186 341 208
car 0.0442 436 97 461 107
car 0.0392 426 97 450 107
car 0.0380 290 193 336 223
car 0.0372 429 88 480 107
car 0.0307 436 93 462 103
car 0.0299 422 95 439 105
car 0.0287 426 93 450 103
car 0.0279 312 218 352 237
car 0.0270 314 190 367 215
car 0.0268 412 97 439 106
car 0.0262 294 210 355 240
car 0.0257 454 93 497 151
car 0.0255 422 96 434 107
car 0.0252 409 93 439 102
car 0.0227 294 189 320 206
car 0.0215 410 88 464 106
car 0.0212 417 94 460 109
car 0.0210 460 99 500 114
car 0.0204 481 98 500 137
chair 0.0221 256 0 353 94
motorbike 0.1061 285 187 351 238
person 0.4447 352 188 370 237
person 0.3139 306 195 342 235
person 0.2343 329 204 348 235
person 0.2198 297 189 319 236
person 0.2094 305 191 326 230
person 0.2084 288 189 312 238
person 0.1742 301 188 317 222
person 0.1540 292 193 334 238
person 0.1297 340 206 355 234
person 0.1143 312 191 335 221
person 0.1094 317 199 350 232
person 0.0990 306 191 324 211
person 0.0965 283 174 327 237
person 0.0915 340 194 363 235
person 0.0851 320 193 341 220
person 0.0819 345 204 369 236
person 0.0815 293 189 313 218
person 0.0792 300 190 320 209
person 0.0778 196 157 216 182
person 0.0730 306 191 341 211
person 0.0712 309 189 364 233
person 0.0708 316 192 333 210
person 0.0624 274 183 309 241
person 0.0589 301 138 322 165
person 0.0564 290 152 322 225
person 0.0549 472 253 492 277
person 0.0546 302 189 333 205
person 0.0534 294 170 318 214
person 0.0509 276 149 341 239
person 0.0505 344 200 356 226
person 0.0491 329 200 350 222
person 0.0485 292 183 344 219
person 0.0483 323 213 355 234
person 0.0443 323 193 339 210
person 0.0441 351 191 365 219
person 0.0437 324 82 339 101
person 0.0421 356 199 377 236
person 0.0406 258 114 292 135
person 0.0401 326 199 368 238
person 0.0394 286 189 305 227
person 0.0388 291 140 321 196
person 0.0381 309 194 322 207
person 0.0363 320 209 344 237
person 0.0353 301 182 327 213
person 0.0353 330 195 351 213
person 0.0352 446 96 460 108
person 0.0349 327 86 338 98
person 0.0349 141 77 167 119
person 0.0338 203 153 222 181
person 0.0321 319 195 331 205
person 0.0317 366 196 386 231
person 0.0313 191 148 209 177
person 0.0311 315 189 349 204
person 0.0306 296 196 327 215
person 0.0301 276 113 293 133
person 0.0293 345 187 382 233
person 0.0290 351 186 373 213
person 0.0289 453 92 471 109
person 0.0284 335 215 362 235
person 0.0281 269 114 285 131
person 0.0277 306 208 328 238
person 0.0275 332 189 368 223
person 0.0272 188 139 207 172
person 0.0270 308 189 327 202
person 0.0268 201 149 214 174
person 0.0267 303 138 317 157
person 0.0264 284 137 306 164
person 0.0262 299 169 317 200
person 0.0260 438 96 455 105
person 0.0255 447 94 465 114
person 0.0254 349 213 376 239
person 0.0252 215 151 232 166
person 0.0250 295 185 310 209
person 0.0248 481 106 500 151
person 0.0246 319 85 335 102
person 0.0241 427 98 440 108
person 0.0239 211 151 223 170
person 0.0237 439 98 448 109
person 0.0236 192 138 216 180
person 0.0233 316 189 336 201
person 0.0231 191 166 216 179
person 0.0231 289 177 364 246
person 0.0224 344 194 359 212
person 0.0223 421 95 435 110
person 0.0223 260 105 280 131
person 0.0208 472 111 495 148
person 0.0204 290 138 316 162
person 0.0201 326 192 338 204
person 0.0201 143 126 161 160
person 0.0200 278 120 294 149
