bicycle 0.0295 427 0 499 67
bicycle 0.0209 0 108 35 162
bicycle 0.0205 477 0 500 23
bird 0.0640 142 20 488 202
bird 0.0531 134 110 467 291
bird 0.0488 271 19 495 167
bird 0.0458 357 37 490 157
bird 0.0426 18 0 500 274
bird 0.0362 71 7 183 57
bird 0.0348 414 46 496 166
bird 0.0283 93 7 179 39
bird 0.0261 363 0 490 112
bird 0.0242 327 56 492 269
bird 0.0234 63 42 208 273
bird 0.0226 339 206 446 300
bird 0.0208 245 8 472 76
car 0.2214 0 136 22 161
car 0.0608 0 125 33 162
car 0.0540 0 146 33 163
car 0.0469 0 139 49 162
car 0.0287 0 136 27 177
car 0.0284 0 119 17 164
car 0.0262 196 130 252 150
car 0.0254 195 131 220 154
car 0.0208 0 124 73 163
cat 0.0732 76 8 126 58
cat 0.0562 74 7 160 75
cat 0.0220 220 136 320 226
cat 0.0215 84 11 148 51
cow 0.1157 52 0 223 262
cow 0.0587 55 0 398 283
cow 0.0487 142 30 485 250
cow 0.0389 77 98 500 293
cow 0.0291 448 29 500 155
cow 0.0235 9 36 77 158
cow 0.0228 174 129 410 300
cow 0.0211 412 46 500 136
dog 0.0921 75 8 152 59
dog 0.0674 189 136 334 234
dog 0.0559 75 10 121 50
dog 0.0532 9 11 451 300
dog 0.0425 72 8 174 88
dog 0.0379 71 0 197 188
dog 0.0291 195 132 407 271
dog 0.0281 74 10 109 35
dog 0.0252 67 140 203 234
dog 0.0244 161 148 257 242
dog 0.0243 0 0 174 216
dog 0.0237 204 135 307 199
dog 0.0224 192 106 337 189
dog 0.0213 66 2 124 66
dog 0.0207 76 142 322 240
horse 0.5131 62 10 190 230
horse 0.0795 34 0 264 286
horse 0.0678 56 6 460 259
horse 0.0674 101 117 464 285
horse 0.0535 0 14 161 207
horse 0.0467 71 87 258 238
horse 0.0388 57 6 183 120
horse 0.0357 135 19 449 170
horse 0.0319 42 113 191 235
horse 0.0272 163 138 355 271
horse 0.0241 102 30 185 164
person 0.0730 76 7 124 53
person 0.0565 458 0 500 64
person 0.0537 60 0 182 170
person 0.0525 77 4 154 62
person 0.0490 14 0 447 290
person 0.0369 77 11 98 38
person 0.0365 69 0 107 45
person 0.0356 460 63 498 147
person 0.0341 82 9 123 35
person 0.0333 101 8 127 26
person 0.0303 90 5 131 43
person 0.0288 100 3 138 24
person 0.0287 475 0 499 28
person 0.0257 96 7 118 29
person 0.0254 474 8 500 74
person 0.0251 86 2 125 25
person 0.0238 481 27 498 64
person 0.0231 106 1 155 40
person 0.0220 467 23 496 64
person 0.0206 75 3 151 33
person 0.0206 55 2 96 47
person 0.0205 102 9 123 38
person 0.0204 119 4 139 22
pottedplant 0.0364 72 0 107 38
pottedplant 0.0339 74 4 91 35
pottedplant 0.0259 78 0 100 29
pottedplant 0.0215 85 3 113 22
sheep 0.0550 369 51 483 153
sheep 0.0511 242 49 485 150
sheep 0.0463 414 37 497 159
sheep 0.0419 119 0 490 285
sheep 0.0388 300 61 450 144
sheep 0.0350 201 47 478 221
sheep 0.0316 326 4 500 146
sheep 0.0263 250 90 436 147
sheep 0.0244 191 55 360 150
sheep 0.0239 279 59 383 148
sheep 0.0234 361 26 489 113
sheep 0.0219 217 71 405 136
sheep 0.0205 128 0 450 135
sheep 0.0203 186 51 274 150
sheep 0.0201 342 85 447 150
train 0.0447 48 79 500 300
train 0.0230 352 0 495 151
train 0.0216 348 7 496 66
