bicycle 0.1075 0 291 21 334
bicycle 0.0848 0 307 17 336
bicycle 0.0768 0 274 30 333
bicycle 0.0290 0 303 30 339
bicycle 0.0213 0 316 22 342
bird 0.0297 241 11 306 112
bird 0.0242 239 45 300 160
boat 0.0757 149 293 195 327
boat 0.0544 144 274 197 402
boat 0.0361 151 293 187 315
boat 0.0252 168 293 192 315
boat 0.0227 171 29 262 191
boat 0.0217 161 277 195 335
boat 0.0212 139 276 208 341
boat 0.0204 174 62 229 215
bottle 0.0477 248 47 302 125
bottle 0.0338 284 107 296 154
bottle 0.0303 265 58 299 159
bottle 0.0300 256 45 302 206
bottle 0.0272 245 11 313 112
bottle 0.0263 278 85 299 158
bottle 0.0242 288 106 298 152
bottle 0.0216 0 33 13 90
bottle 0.0207 273 40 304 116
car 0.0347 150 292 200 343
car 0.0346 151 293 188 323
car 0.0314 0 314 18 341
car 0.0243 215 283 225 304
car 0.0235 172 292 194 313
car 0.0221 219 281 229 304
chair 0.2973 142 297 197 403
chair 0.0597 147 290 193 362
chair 0.0364 145 337 193 395
chair 0.0349 146 312 188 382
chair 0.0298 145 313 169 394
chair 0.0295 132 284 208 476
chair 0.0292 170 309 201 395
chair 0.0275 151 299 185 338
chair 0.0226 137 323 163 404
diningtable 0.0278 124 306 202 401
person 0.6293 0 253 24 333
person 0.1679 0 289 16 335
person 0.1137 258 188 268 252
person 0.0978 11 264 30 323
person 0.0749 0 256 25 286
person 0.0735 22 280 34 319
person 0.0724 6 257 25 311
person 0.0667 256 187 271 275
person 0.0590 0 261 19 310
person 0.0574 6 275 24 331
person 0.0513 17 285 29 328
person 0.0504 239 1 308 155
person 0.0489 70 277 79 311
person 0.0480 28 284 38 320
person 0.0473 226 21 292 193
person 0.0465 55 249 65 309
person 0.0419 1 9 249 500
person 0.0414 0 287 37 338
person 0.0410 17 257 37 321
person 0.0409 17 260 30 305
person 0.0406 257 190 265 240
person 0.0401 215 266 223 303
person 0.0375 218 268 226 303
person 0.0368 0 239 44 330
person 0.0368 203 37 270 232
person 0.0354 279 111 289 155
person 0.0353 24 270 39 321
person 0.0350 244 206 253 251
person 0.0350 66 278 74 312
person 0.0345 18 54 28 107
person 0.0336 1 238 24 299
person 0.0336 58 269 68 313
person 0.0333 33 285 42 319
person 0.0328 0 253 18 277
person 0.0325 209 268 217 304
person 0.0321 0 254 34 305
person 0.0318 258 231 268 276
person 0.0318 63 256 74 308
person 0.0308 274 108 284 156
person 0.0301 201 265 211 307
person 0.0297 73 279 82 310
person 0.0297 68 260 80 313
person 0.0292 22 263 33 306
person 0.0290 249 195 258 250
person 0.0286 255 237 264 278
person 0.0283 260 191 268 215
person 0.0278 53 244 72 314
person 0.0275 176 19 251 214
person 0.0261 243 190 255 254
person 0.0258 269 75 296 179
person 0.0257 276 94 294 155
person 0.0255 0 305 12 336
person 0.0254 258 196 264 224
person 0.0251 153 304 167 339
person 0.0244 22 252 48 325
person 0.0243 246 0 327 257
person 0.0240 211 252 224 307
person 0.0240 259 181 279 277
person 0.0238 263 237 273 275
person 0.0237 255 202 265 267
person 0.0237 152 299 172 330
person 0.0234 241 210 248 250
person 0.0234 55 281 64 316
person 0.0231 247 16 298 114
person 0.0231 253 61 290 159
person 0.0229 47 247 63 312
person 0.0229 247 74 276 166
person 0.0225 71 254 79 297
person 0.0223 145 90 239 425
person 0.0223 245 182 264 263
person 0.0223 14 258 29 286
person 0.0222 7 257 19 274
person 0.0219 257 246 268 293
person 0.0215 30 269 43 320
person 0.0214 247 0 276 88
person 0.0212 5 251 21 269
person 0.0212 3 256 13 273
person 0.0210 81 284 89 309
person 0.0207 283 117 295 162
person 0.0207 73 262 82 304
person 0.0205 278 227 290 267
person 0.0205 0 250 22 434
person 0.0205 31 235 59 316
person 0.0204 270 91 289 163
person 0.0203 121 279 130 311
person 0.0203 9 242 19 264
person 0.0201 22 60 32 113
person 0.0201 289 111 299 155
person 0.0201 259 220 275 281
person 0.0201 86 283 94 310
person 0.0200 260 54 302 223
person 0.0200 261 204 273 269
pottedplant 0.0274 281 106 297 161
pottedplant 0.0224 279 104 299 191
pottedplant 0.0211 132 297 208 492
train 0.1660 173 6 328 345
train 0.1064 228 28 315 301
train 0.0958 0 0 204 500
train 0.0892 176 236 203 318
train 0.0865 184 234 213 313
train 0.0732 197 15 306 200
train 0.0727 143 245 203 396
train 0.0706 149 294 195 322
train 0.0678 47 0 296 321
train 0.0646 0 0 205 227
train 0.0640 190 260 207 311
train 0.0635 165 238 194 321
train 0.0598 188 23 278 283
train 0.0591 149 259 196 326
train 0.0554 228 93 288 291
train 0.0545 193 228 221 310
train 0.0451 208 161 328 303
train 0.0427 177 248 194 308
train 0.0422 175 57 247 328
train 0.0397 182 270 191 305
train 0.0391 237 29 308 169
train 0.0372 161 229 215 322
train 0.0363 164 292 194 314
train 0.0356 177 260 188 299
train 0.0356 184 126 291 308
train 0.0331 122 0 252 279
train 0.0324 188 264 198 309
train 0.0305 136 147 214 402
train 0.0296 211 246 224 308
train 0.0295 1 0 117 308
train 0.0294 7 20 85 202
train 0.0286 165 264 207 317
train 0.0281 209 82 262 289
train 0.0270 30 220 151 309
train 0.0268 265 76 324 299
train 0.0264 197 258 213 310
train 0.0263 224 170 262 281
train 0.0261 115 18 328 498
train 0.0259 179 213 229 312
train 0.0258 180 67 286 186
train 0.0248 222 68 322 187
train 0.0242 123 0 328 155
train 0.0240 45 0 160 318
train 0.0234 224 99 324 440
train 0.0233 233 185 327 274
train 0.0232 142 275 208 339
train 0.0228 186 164 237 335
train 0.0226 158 285 206 326
train 0.0217 173 270 192 315
train 0.0211 203 216 229 307
train 0.0210 187 264 220 311
train 0.0206 180 283 193 307
train 0.0205 75 0 261 176
tvmonitor 0.0273 174 68 224 216
tvmonitor 0.0230 146 341 196 396
tvmonitor 0.0206 249 22 315 118
