bird 0.0238 332 85 470 333
bird 0.0223 375 208 480 333
bird 0.0213 2 235 143 329
bird 0.0212 4 111 141 329
bird 0.0200 6 180 89 327
cat 0.0298 337 41 493 170
dog 0.6182 5 41 473 333
dog 0.1367 311 39 479 317
dog 0.0479 354 50 490 239
dog 0.0362 7 53 202 315
dog 0.0230 332 74 448 275
dog 0.0206 222 30 474 230
person 0.0669 344 43 490 291
person 0.0393 403 69 497 313
person 0.0383 417 57 495 217
person 0.0352 428 198 494 333
person 0.0329 430 154 492 288
person 0.0279 374 65 482 205
person 0.0218 438 211 485 282
person 0.0216 458 196 497 276
person 0.0214 7 52 151 268
person 0.0213 416 117 484 263
person 0.0213 396 97 468 226
person 0.0202 368 121 481 333
