boat 0.0384 76 335 280 491
boat 0.0249 72 417 296 500
boat 0.0215 1 330 172 496
bottle 0.8484 75 0 291 498
bottle 0.1889 257 32 365 489
bottle 0.1007 8 14 123 461
bottle 0.0994 166 0 360 500
bottle 0.0980 0 267 92 500
bottle 0.0587 75 1 139 213
bottle 0.0547 17 0 209 500
bottle 0.0540 79 289 141 491
bottle 0.0525 206 0 293 407
bottle 0.0524 80 0 185 363
bottle 0.0508 209 302 279 494
bottle 0.0456 79 0 155 93
bottle 0.0444 38 293 110 496
bottle 0.0366 76 274 314 500
bottle 0.0365 233 261 375 500
bottle 0.0359 215 5 281 223
bottle 0.0358 8 3 97 294
bottle 0.0335 85 18 166 244
bottle 0.0324 44 0 124 270
bottle 0.0311 206 166 290 495
bottle 0.0305 83 172 204 490
bottle 0.0300 77 5 228 99
bottle 0.0299 266 300 330 495
bottle 0.0284 168 63 279 498
bottle 0.0282 232 333 295 500
bottle 0.0280 81 3 123 140
bottle 0.0274 80 360 186 490
bottle 0.0269 220 88 278 356
bottle 0.0265 231 0 303 283
bottle 0.0261 100 387 126 470
bottle 0.0258 158 417 283 494
bottle 0.0255 77 363 123 497
bottle 0.0251 36 266 78 339
bottle 0.0247 0 161 18 279
bottle 0.0243 92 93 159 347
bottle 0.0242 79 48 138 313
bottle 0.0238 237 387 273 490
bottle 0.0234 257 378 363 500
bottle 0.0221 289 294 301 354
bottle 0.0219 63 2 297 125
bottle 0.0210 52 68 109 318
bottle 0.0209 60 193 154 492
bottle 0.0202 81 2 158 50
bottle 0.0202 202 396 276 489
bottle 0.0201 73 0 229 203
bottle 0.0200 292 154 375 500
car 0.0497 341 477 375 498
car 0.0443 271 382 375 496
car 0.0404 3 260 76 341
car 0.0388 0 380 21 498
car 0.0383 0 110 14 163
car 0.0347 0 377 87 500
car 0.0320 0 451 66 498
car 0.0267 318 472 375 500
car 0.0265 38 264 78 336
car 0.0259 0 435 17 500
car 0.0245 0 311 26 337
car 0.0239 308 445 374 498
car 0.0222 0 270 77 419
car 0.0208 0 392 16 459
chair 0.0345 283 370 375 500
diningtable 0.0347 73 47 375 492
diningtable 0.0332 69 6 285 172
diningtable 0.0259 0 0 293 442
person 0.1373 0 327 65 498
person 0.1269 0 242 20 333
person 0.1204 278 147 371 500
person 0.1023 0 343 35 500
person 0.0972 278 347 324 497
person 0.0955 0 173 81 496
person 0.0861 0 24 75 393
person 0.0834 290 0 375 431
person 0.0825 301 365 373 500
person 0.0760 0 234 37 339
person 0.0696 1 158 54 338
person 0.0585 0 0 28 63
person 0.0584 2 256 61 340
person 0.0577 255 0 341 445
person 0.0548 0 0 15 51
person 0.0514 0 242 17 296
person 0.0501 0 282 17 335
person 0.0495 0 456 17 500
person 0.0485 10 401 36 499
person 0.0476 249 330 373 500
person 0.0420 339 387 373 500
person 0.0417 0 256 64 416
person 0.0410 0 0 30 25
person 0.0407 0 419 30 500
person 0.0393 0 187 19 303
person 0.0390 26 355 86 495
person 0.0361 239 356 284 496
person 0.0354 0 472 31 499
person 0.0348 360 228 374 281
person 0.0345 306 30 373 302
person 0.0345 229 25 312 469
person 0.0339 0 357 20 475
person 0.0330 0 0 9 30
person 0.0329 17 94 80 337
person 0.0327 0 70 55 294
person 0.0326 0 276 30 337
person 0.0324 0 321 33 434
person 0.0319 355 406 375 500
person 0.0314 0 0 34 126
person 0.0304 282 401 318 500
person 0.0303 281 388 352 496
person 0.0302 342 465 375 499
person 0.0299 284 340 313 446
person 0.0295 0 307 20 337
person 0.0292 0 0 17 21
person 0.0289 1 295 49 458
person 0.0276 0 211 16 276
person 0.0275 0 457 43 500
person 0.0272 285 48 351 305
person 0.0268 1 177 30 319
person 0.0265 357 459 374 500
person 0.0263 37 259 77 334
person 0.0263 2 410 80 499
person 0.0263 25 210 79 339
person 0.0261 0 0 45 42
person 0.0257 196 370 277 488
person 0.0251 0 1 57 72
person 0.0240 0 347 16 412
person 0.0233 3 250 30 320
person 0.0233 245 373 317 498
person 0.0232 0 92 15 166
person 0.0228 42 366 78 471
person 0.0226 4 1 65 205
person 0.0222 265 42 317 312
person 0.0221 269 167 316 439
person 0.0212 246 387 272 479
person 0.0211 311 462 375 499
person 0.0208 226 299 276 482
person 0.0207 0 238 25 414
person 0.0204 11 0 98 244
person 0.0203 215 111 282 477
person 0.0202 361 203 374 256
person 0.0200 0 372 17 437
pottedplant 0.0385 277 0 367 336
pottedplant 0.0239 77 291 286 496
pottedplant 0.0235 302 0 374 224
pottedplant 0.0232 0 310 122 497
tvmonitor 0.0577 2 313 93 498
