car 0.9081 14 32 484 277
car 0.6879 271 21 498 133
car 0.6139 400 12 500 85
car 0.3296 356 6 498 114
car 0.2653 292 12 324 26
car 0.2633 199 7 485 186
car 0.1764 299 8 329 23
car 0.1661 402 27 500 130
car 0.1508 348 30 412 59
car 0.1416 323 7 347 22
car 0.1414 359 6 477 66
car 0.1410 312 8 338 23
car 0.1356 312 26 492 226
car 0.1315 270 61 477 161
car 0.1242 300 4 344 25
car 0.1158 251 46 420 121
car 0.1090 337 5 363 21
car 0.1016 321 13 347 25
car 0.1016 335 9 349 22
car 0.1005 358 19 428 60
car 0.0995 284 2 333 28
car 0.0978 286 7 318 23
car 0.0973 449 22 500 92
car 0.0967 295 8 311 24
car 0.0966 319 3 360 23
car 0.0958 59 9 111 32
car 0.0951 345 2 371 22
car 0.0948 310 10 324 23
car 0.0946 327 11 340 23
car 0.0918 320 10 332 23
car 0.0904 331 83 496 158
car 0.0881 403 19 493 53
car 0.0741 201 49 355 120
car 0.0732 291 43 352 60
car 0.0732 265 45 352 82
car 0.0702 127 39 473 135
car 0.0690 9 60 94 194
car 0.0684 274 38 360 70
car 0.0681 449 43 500 131
car 0.0675 316 20 415 63
car 0.0674 313 112 480 183
car 0.0670 421 52 500 93
car 0.0635 327 0 375 22
car 0.0629 112 49 301 119
car 0.0616 339 9 426 109
car 0.0614 349 0 383 20
car 0.0587 283 14 312 26
car 0.0587 379 20 465 59
car 0.0583 149 0 491 95
car 0.0577 274 30 422 83
car 0.0558 296 3 326 19
car 0.0552 331 3 357 18
car 0.0549 323 36 459 145
car 0.0537 458 12 500 60
car 0.0526 312 9 353 26
car 0.0523 404 22 453 52
car 0.0519 269 4 322 24
car 0.0498 288 7 303 23
car 0.0493 463 14 498 31
car 0.0492 254 41 383 95
car 0.0486 315 3 342 17
car 0.0478 243 45 461 268
car 0.0468 369 69 500 137
car 0.0468 364 48 490 104
car 0.0464 334 13 363 24
car 0.0459 477 16 500 52
car 0.0457 9 42 153 246
car 0.0454 73 16 112 32
car 0.0446 420 12 498 43
car 0.0444 258 50 331 96
car 0.0442 429 38 500 81
car 0.0437 438 1 499 67
car 0.0436 422 93 500 130
car 0.0436 335 25 472 80
car 0.0434 305 7 315 22
car 0.0422 102 120 467 263
car 0.0416 246 0 402 142
car 0.0412 298 27 388 59
car 0.0388 281 0 310 27
car 0.0386 364 84 479 203
car 0.0380 398 15 473 42
car 0.0361 57 29 425 188
car 0.0360 288 15 323 30
car 0.0359 460 3 499 28
car 0.0359 305 0 500 77
car 0.0351 157 36 320 99
car 0.0350 401 21 436 44
car 0.0348 479 11 499 35
car 0.0345 148 13 171 34
car 0.0338 382 13 441 50
car 0.0336 279 11 303 27
car 0.0331 471 35 500 112
car 0.0327 278 5 293 23
car 0.0325 270 3 285 22
car 0.0323 342 11 374 25
car 0.0322 337 2 352 15
car 0.0322 375 35 410 59
car 0.0321 304 0 368 16
car 0.0321 288 0 356 23
car 0.0318 298 16 333 30
car 0.0317 2 5 21 42
car 0.0311 345 1 361 16
car 0.0311 388 97 496 142
car 0.0310 257 19 354 117
car 0.0310 61 8 88 33
car 0.0310 335 0 487 42
car 0.0310 315 0 348 35
car 0.0308 329 2 344 15
car 0.0308 84 10 108 33
car 0.0304 410 18 458 36
car 0.0301 273 77 439 137
car 0.0299 468 7 495 23
car 0.0298 340 8 355 25
car 0.0298 157 12 176 32
car 0.0296 181 58 297 109
car 0.0294 351 5 376 26
car 0.0294 322 2 336 14
car 0.0290 312 0 419 49
car 0.0289 338 94 482 267
car 0.0288 479 50 499 94
car 0.0286 314 1 328 14
car 0.0284 36 46 206 123
car 0.0284 305 1 321 14
car 0.0283 463 0 496 17
car 0.0280 269 28 351 62
car 0.0278 394 46 485 81
car 0.0278 181 33 403 109
car 0.0275 459 48 499 84
car 0.0274 87 36 271 98
car 0.0274 452 14 487 26
car 0.0273 327 0 400 30
car 0.0272 244 80 396 154
car 0.0270 269 6 298 22
car 0.0270 242 47 316 84
car 0.0269 432 11 497 31
car 0.0268 405 0 500 29
car 0.0267 453 6 486 20
car 0.0266 271 46 344 64
car 0.0266 339 37 430 77
car 0.0266 239 62 302 107
car 0.0265 1 28 35 46
car 0.0263 4 106 108 215
car 0.0260 408 0 444 12
car 0.0259 245 58 348 108
car 0.0259 376 28 421 53
car 0.0257 352 0 378 12
car 0.0256 348 35 384 59
car 0.0255 285 7 344 36
car 0.0255 2 0 38 44
car 0.0254 480 63 500 113
car 0.0252 414 14 455 29
car 0.0251 23 42 261 259
car 0.0249 273 0 337 16
car 0.0245 452 0 486 15
car 0.0245 442 0 500 22
car 0.0245 327 0 354 8
car 0.0244 401 29 435 54
car 0.0244 312 0 338 6
car 0.0240 299 95 460 148
car 0.0239 435 6 470 19
car 0.0239 431 14 469 27
car 0.0238 278 92 394 134
car 0.0236 479 0 499 22
car 0.0235 279 9 365 54
car 0.0235 6 17 33 43
car 0.0235 315 15 337 30
car 0.0232 386 4 447 38
car 0.0231 261 5 281 23
car 0.0229 478 25 500 69
car 0.0227 262 107 428 180
car 0.0226 352 102 444 143
car 0.0226 139 17 156 35
car 0.0225 422 1 460 12
car 0.0223 399 0 478 19
car 0.0221 416 6 453 19
car 0.0220 404 60 493 192
car 0.0220 343 0 371 10
car 0.0219 181 13 204 34
car 0.0218 160 17 189 33
car 0.0218 421 66 500 126
car 0.0218 404 37 490 70
car 0.0216 90 13 114 31
car 0.0215 298 1 314 15
car 0.0213 271 11 291 27
car 0.0213 192 7 207 36
car 0.0211 323 16 345 31
car 0.0209 25 42 313 140
car 0.0209 307 13 325 30
car 0.0208 0 22 21 47
car 0.0208 332 95 423 130
car 0.0208 457 33 500 73
car 0.0207 446 16 488 34
car 0.0206 264 0 289 25
car 0.0204 447 2 471 16
car 0.0203 370 12 419 48
car 0.0202 393 21 426 53
car 0.0201 17 40 137 141
car 0.0200 6 107 77 182
car 0.0200 250 0 313 27
person 0.5130 374 0 412 55
person 0.1270 354 0 375 21
person 0.1227 354 2 417 71
person 0.1052 373 0 408 19
person 0.1044 361 0 381 18
person 0.0985 318 9 332 25
person 0.0974 369 0 388 27
person 0.0953 348 1 368 22
person 0.0894 342 6 356 22
person 0.0881 369 0 399 35
person 0.0732 381 0 413 31
person 0.0705 373 0 385 16
person 0.0593 130 90 155 116
person 0.0580 382 5 437 55
person 0.0578 389 0 419 42
person 0.0567 350 0 399 47
person 0.0547 342 0 383 23
person 0.0501 237 59 289 98
person 0.0497 336 6 346 21
person 0.0496 400 9 420 42
person 0.0495 436 46 495 124
person 0.0480 398 0 418 30
person 0.0478 375 0 392 13
person 0.0474 380 25 407 59
person 0.0460 321 7 330 21
person 0.0460 336 0 362 24
person 0.0459 356 0 383 36
person 0.0454 328 7 338 21
person 0.0449 391 0 411 19
person 0.0441 148 13 160 35
person 0.0440 152 12 169 34
person 0.0437 313 7 322 21
person 0.0435 273 328 301 375
person 0.0435 176 6 192 32
person 0.0430 161 13 173 31
person 0.0422 240 76 287 96
person 0.0418 237 1 253 27
person 0.0417 363 17 404 58
person 0.0416 18 6 37 44
person 0.0409 173 60 218 110
person 0.0408 233 3 247 28
person 0.0406 191 3 208 35
person 0.0393 183 4 200 34
person 0.0388 199 3 213 33
person 0.0371 170 11 183 30
person 0.0367 363 193 389 214
person 0.0366 264 73 292 95
person 0.0365 327 0 352 25
person 0.0364 362 3 379 29
person 0.0363 9 5 31 42
person 0.0362 141 18 151 35
person 0.0343 270 5 284 25
person 0.0343 393 0 422 15
person 0.0335 392 0 477 66
person 0.0335 403 15 432 40
person 0.0332 353 0 398 16
person 0.0331 246 46 306 88
person 0.0330 312 0 336 27
person 0.0323 278 7 293 26
person 0.0321 193 62 219 105
person 0.0319 216 7 231 28
person 0.0318 243 2 261 26
person 0.0315 471 8 493 25
person 0.0311 262 47 319 99
person 0.0308 4 0 41 44
person 0.0308 367 35 406 58
person 0.0306 173 0 197 35
person 0.0305 406 7 427 25
person 0.0304 394 0 443 40
person 0.0302 217 52 297 104
person 0.0302 24 9 42 44
person 0.0301 402 24 422 53
person 0.0300 262 5 278 24
person 0.0299 148 5 172 35
person 0.0296 469 0 494 20
person 0.0289 207 7 221 30
person 0.0285 464 0 484 19
person 0.0283 480 7 498 27
person 0.0281 370 8 390 45
person 0.0279 253 4 270 25
person 0.0277 163 50 263 108
person 0.0276 334 1 377 54
person 0.0274 441 155 459 185
person 0.0271 403 0 417 13
person 0.0267 416 7 434 24
person 0.0264 407 1 432 14
person 0.0262 353 0 420 28
person 0.0258 1 1 22 41
person 0.0258 256 66 285 94
person 0.0256 465 9 482 24
person 0.0252 164 1 188 34
person 0.0248 416 13 435 34
person 0.0247 450 44 500 99
person 0.0244 404 3 447 27
person 0.0243 85 9 107 31
person 0.0241 399 0 436 17
person 0.0241 141 48 226 109
person 0.0240 165 63 201 110
person 0.0240 376 0 434 24
person 0.0240 470 55 497 89
person 0.0239 350 3 376 43
person 0.0238 463 0 499 40
person 0.0236 286 339 311 375
person 0.0234 347 18 389 60
person 0.0234 266 34 317 79
person 0.0232 259 51 295 96
person 0.0231 458 3 474 19
person 0.0230 132 17 145 34
person 0.0229 405 8 448 50
person 0.0226 271 48 317 64
person 0.0223 392 13 425 47
person 0.0222 398 0 454 11
person 0.0220 357 182 387 216
person 0.0220 412 0 426 11
person 0.0219 202 64 224 101
person 0.0214 350 18 497 267
person 0.0209 444 156 467 189
person 0.0207 290 5 300 21
person 0.0206 8 142 31 172
person 0.0203 61 6 86 32
person 0.0203 414 0 438 9
person 0.0200 449 4 466 19
person 0.0200 459 11 473 24
pottedplant 0.0333 224 6 238 28
pottedplant 0.0327 238 0 254 26
pottedplant 0.0319 232 0 248 26
pottedplant 0.0284 267 327 311 375
pottedplant 0.0249 244 1 262 24
pottedplant 0.0247 218 0 242 31
pottedplant 0.0240 215 2 233 26
pottedplant 0.0219 175 0 207 37
pottedplant 0.0211 202 0 226 33
pottedplant 0.0210 191 0 209 34
pottedplant 0.0208 199 0 215 31
pottedplant 0.0201 207 1 222 27
train 0.0353 87 162 471 270
train 0.0224 275 0 403 28
