bottle 0.0374 92 355 138 374
bottle 0.0291 0 321 25 375
bottle 0.0239 0 358 56 374
bottle 0.0239 0 343 39 375
bottle 0.0202 0 353 29 375
cat 0.5666 102 111 428 267
cat 0.2305 153 160 400 263
cat 0.1054 107 89 323 228
cat 0.0948 282 175 408 263
cat 0.0849 111 88 281 173
cat 0.0444 132 89 233 147
cat 0.0426 252 132 455 272
cat 0.0372 213 191 396 272
cat 0.0302 98 92 225 201
cat 0.0203 187 167 368 231
cat 0.0203 317 168 407 232
cat 0.0200 98 98 275 302
chair 0.0900 66 72 419 319
chair 0.0568 112 84 413 204
chair 0.0532 200 113 481 292
chair 0.0475 75 46 348 227
chair 0.0432 0 97 150 375
chair 0.0405 15 194 478 365
chair 0.0387 188 18 491 239
chair 0.0372 31 104 236 309
chair 0.0371 10 62 193 250
chair 0.0359 212 255 500 371
chair 0.0344 344 0 500 208
chair 0.0344 312 139 492 301
chair 0.0339 1 0 152 215
chair 0.0338 386 73 500 323
chair 0.0322 53 2 211 188
chair 0.0300 4 197 218 375
chair 0.0288 0 45 101 266
chair 0.0285 0 0 500 375
chair 0.0285 4 203 85 375
chair 0.0279 115 73 340 161
chair 0.0273 93 74 209 161
chair 0.0269 300 60 500 251
chair 0.0268 413 0 499 123
chair 0.0245 412 159 500 314
chair 0.0244 183 87 384 167
chair 0.0244 3 5 83 170
chair 0.0236 80 254 414 369
chair 0.0234 94 87 270 181
chair 0.0234 2 306 163 374
chair 0.0230 311 72 338 95
chair 0.0219 4 136 82 311
chair 0.0218 0 282 49 375
chair 0.0215 415 42 500 207
chair 0.0212 406 233 499 369
chair 0.0211 339 201 499 375
chair 0.0210 262 75 447 188
chair 0.0210 0 66 278 375
chair 0.0205 82 75 243 245
chair 0.0201 89 22 188 154
chair 0.0200 247 0 429 201
diningtable 0.0310 75 211 500 368
dog 0.0289 86 89 334 217
person 0.0245 476 0 500 67
person 0.0219 0 344 60 375
person 0.0217 0 301 26 375
pottedplant 0.0309 461 0 497 74
pottedplant 0.0295 429 0 496 115
pottedplant 0.0269 0 0 42 68
pottedplant 0.0226 484 66 500 110
pottedplant 0.0225 1 295 41 375
pottedplant 0.0224 474 0 500 61
pottedplant 0.0222 2 310 76 375
pottedplant 0.0220 427 271 498 375
sofa 0.4710 51 6 494 314
sofa 0.3341 89 83 458 264
sofa 0.0593 0 165 500 375
sofa 0.0585 113 10 345 234
sofa 0.0560 209 0 463 243
sofa 0.0375 177 256 500 370
sofa 0.0343 126 175 473 311
