boat 0.0236 29 35 111 78
boat 0.0214 17 0 93 85
boat 0.0202 387 65 464 94
bus 0.8880 173 80 345 263
bus 0.8169 14 79 123 207
bus 0.1949 264 59 311 98
bus 0.0906 289 61 311 86
bus 0.0832 16 15 133 170
bus 0.0810 0 83 12 154
bus 0.0695 36 85 217 212
bus 0.0684 1 86 19 138
bus 0.0614 91 6 342 273
bus 0.0603 273 102 343 253
bus 0.0586 28 80 119 150
bus 0.0570 271 59 301 85
bus 0.0565 2 82 32 142
bus 0.0476 235 101 344 201
bus 0.0461 235 62 274 92
bus 0.0445 256 55 286 101
bus 0.0396 0 20 108 238
bus 0.0385 1 105 15 144
bus 0.0376 68 83 308 226
bus 0.0368 35 79 121 109
bus 0.0359 10 82 32 120
bus 0.0358 222 62 256 89
bus 0.0351 255 68 323 116
bus 0.0346 6 78 137 321
bus 0.0333 137 73 168 101
bus 0.0316 229 55 306 99
bus 0.0313 285 113 344 201
bus 0.0307 8 13 149 87
bus 0.0306 16 44 100 136
bus 0.0304 142 87 152 101
bus 0.0301 173 83 253 211
bus 0.0293 156 37 346 197
bus 0.0287 0 83 25 116
bus 0.0271 260 57 279 91
bus 0.0255 260 46 319 106
bus 0.0253 342 88 373 116
bus 0.0253 201 134 347 225
bus 0.0246 10 89 42 146
bus 0.0244 122 78 155 103
bus 0.0244 0 105 89 215
bus 0.0241 290 57 312 76
bus 0.0240 259 69 271 86
bus 0.0239 170 89 337 152
bus 0.0238 298 140 342 195
bus 0.0236 7 80 44 125
bus 0.0231 0 107 9 144
bus 0.0225 265 53 318 78
bus 0.0220 61 102 124 205
bus 0.0217 133 84 143 100
bus 0.0214 225 65 238 83
bus 0.0213 119 66 172 102
bus 0.0212 173 129 207 214
bus 0.0212 143 83 157 98
bus 0.0211 347 85 364 107
bus 0.0209 213 69 325 127
bus 0.0208 171 82 222 186
bus 0.0205 89 111 122 200
bus 0.0203 251 67 333 156
bus 0.0202 231 65 245 84
car 0.2959 264 61 312 101
car 0.2556 265 70 285 100
car 0.1853 286 63 311 90
car 0.1707 265 66 294 92
car 0.1249 269 59 304 88
car 0.1160 252 74 275 95
car 0.1118 260 63 280 99
car 0.1087 239 75 269 93
car 0.1026 265 67 278 90
car 0.0885 239 67 286 99
car 0.0869 262 77 305 102
car 0.0851 265 81 291 103
car 0.0824 247 81 281 98
car 0.0767 146 90 164 103
car 0.0753 227 80 259 91
car 0.0729 251 70 296 104
car 0.0727 238 71 254 91
car 0.0699 230 67 269 92
car 0.0682 151 90 160 102
car 0.0642 29 34 98 88
car 0.0639 156 86 169 99
car 0.0596 258 71 271 90
car 0.0586 153 89 170 103
car 0.0580 272 87 311 105
car 0.0575 231 73 251 87
car 0.0556 141 91 158 103
car 0.0537 267 59 288 85
car 0.0521 0 116 10 150
car 0.0500 286 71 313 102
car 0.0476 222 72 280 95
car 0.0469 225 74 242 86
car 0.0448 245 62 277 92
car 0.0433 262 72 318 112
car 0.0424 143 92 152 103
car 0.0413 146 87 164 98
car 0.0389 163 86 177 99
car 0.0388 136 80 167 102
car 0.0374 277 60 314 81
car 0.0371 222 78 244 91
car 0.0359 248 69 264 90
car 0.0351 213 74 241 84
car 0.0348 160 90 182 102
car 0.0347 164 111 175 140
car 0.0332 205 79 242 91
car 0.0331 152 94 171 108
car 0.0324 230 66 249 85
car 0.0322 236 65 259 87
car 0.0322 171 82 183 102
car 0.0315 215 65 249 88
car 0.0313 134 90 151 103
car 0.0307 49 72 87 86
car 0.0303 247 87 283 103
car 0.0289 354 94 374 114
car 0.0288 0 336 97 373
car 0.0288 206 77 260 93
car 0.0284 219 68 235 83
car 0.0284 275 55 312 71
car 0.0283 248 54 312 90
car 0.0283 139 94 165 107
car 0.0282 256 66 279 82
car 0.0277 44 46 83 85
car 0.0275 236 77 258 96
car 0.0275 164 88 175 105
car 0.0274 346 88 378 116
car 0.0267 39 70 94 89
car 0.0264 145 72 173 100
car 0.0263 266 62 280 80
car 0.0262 351 101 378 116
car 0.0258 0 339 19 375
car 0.0257 216 79 269 97
car 0.0250 138 87 157 98
car 0.0249 207 67 233 80
car 0.0247 214 61 285 92
car 0.0246 151 78 180 102
car 0.0246 194 74 227 84
car 0.0237 219 73 231 86
car 0.0237 168 102 181 138
car 0.0236 224 61 304 106
car 0.0223 167 84 189 98
car 0.0221 463 146 497 163
car 0.0216 186 79 230 91
car 0.0214 268 93 308 108
car 0.0214 127 90 140 104
car 0.0214 143 88 175 110
car 0.0213 385 68 465 97
car 0.0213 232 76 290 108
car 0.0212 186 70 245 87
car 0.0208 162 93 178 109
car 0.0206 172 80 193 101
car 0.0205 193 63 243 84
car 0.0201 46 64 85 83
car 0.0200 126 89 135 103
chair 0.0242 0 90 124 208
person 0.1992 38 39 75 79
person 0.1137 34 40 57 72
person 0.0546 49 40 75 69
person 0.0450 40 39 62 64
person 0.0406 358 94 372 115
person 0.0404 0 49 352 375
person 0.0390 28 40 67 89
person 0.0378 348 93 363 115
person 0.0369 365 90 378 115
person 0.0351 40 46 62 85
person 0.0349 29 42 48 72
person 0.0339 1 68 143 375
person 0.0331 156 76 166 97
person 0.0308 344 94 356 115
person 0.0295 50 41 85 81
person 0.0286 35 53 51 83
person 0.0274 61 41 82 72
person 0.0267 171 86 183 116
person 0.0263 165 103 176 135
person 0.0246 34 37 70 55
person 0.0240 19 20 69 77
person 0.0239 40 32 98 72
person 0.0238 108 51 500 375
person 0.0218 4 216 83 375
person 0.0218 150 78 160 97
person 0.0215 26 44 53 83
person 0.0211 164 92 175 112
person 0.0208 163 79 172 96
person 0.0201 339 139 352 173
sheep 0.0206 24 80 124 105
train 0.0502 26 34 91 83
train 0.0430 20 39 115 107
train 0.0420 229 58 312 97
train 0.0381 267 61 314 88
train 0.0302 255 63 326 105
train 0.0273 18 16 115 83
train 0.0251 181 92 340 157
train 0.0230 201 63 327 111
train 0.0226 21 74 121 112
train 0.0219 37 57 118 92
