bottle 0.2369 136 99 168 165
bottle 0.1913 170 112 196 163
bottle 0.1416 127 98 155 165
bottle 0.1371 148 113 169 164
bottle 0.1117 92 86 126 157
bottle 0.1028 128 114 146 162
bottle 0.0957 180 113 264 222
bottle 0.0904 146 105 185 165
bottle 0.0708 176 108 254 167
bottle 0.0679 122 116 137 161
bottle 0.0678 194 108 243 141
bottle 0.0642 108 86 157 166
bottle 0.0548 122 90 176 174
bottle 0.0520 342 141 402 185
bottle 0.0514 142 112 259 190
bottle 0.0508 171 110 225 158
bottle 0.0503 267 115 410 187
bottle 0.0499 143 97 162 148
bottle 0.0496 106 96 130 156
bottle 0.0475 136 97 156 133
bottle 0.0461 141 110 213 176
bottle 0.0431 121 101 137 145
bottle 0.0418 211 124 266 208
bottle 0.0416 260 117 342 183
bottle 0.0415 250 96 366 208
bottle 0.0392 140 98 163 124
bottle 0.0392 128 96 147 133
bottle 0.0373 87 72 147 168
bottle 0.0366 157 111 194 186
bottle 0.0362 177 102 266 143
bottle 0.0360 100 101 122 154
bottle 0.0346 256 96 331 151
bottle 0.0345 263 147 338 182
bottle 0.0344 305 142 411 191
bottle 0.0329 202 109 270 159
bottle 0.0322 174 119 220 192
bottle 0.0320 114 117 129 158
bottle 0.0316 253 99 303 165
bottle 0.0311 194 112 221 143
bottle 0.0309 343 112 413 189
bottle 0.0305 147 98 168 129
bottle 0.0296 183 51 278 187
bottle 0.0295 178 122 200 164
bottle 0.0294 119 93 160 143
bottle 0.0291 125 89 233 165
bottle 0.0285 175 135 260 184
bottle 0.0285 1 82 37 152
bottle 0.0270 344 147 365 185
bottle 0.0260 215 100 303 224
bottle 0.0258 257 94 281 133
bottle 0.0258 155 107 174 152
bottle 0.0257 189 113 208 147
bottle 0.0256 166 112 191 143
bottle 0.0254 264 145 380 190
bottle 0.0254 126 94 161 122
bottle 0.0249 0 104 34 176
bottle 0.0246 2 81 52 125
bottle 0.0242 115 92 129 136
bottle 0.0237 238 99 280 166
bottle 0.0228 347 144 376 180
bottle 0.0225 97 102 141 158
bottle 0.0224 121 94 138 121
bottle 0.0222 6 84 32 124
bottle 0.0221 1 83 20 129
bottle 0.0217 131 102 193 194
bottle 0.0216 233 123 276 198
bottle 0.0214 369 126 418 187
bottle 0.0210 279 149 422 212
bottle 0.0207 261 95 290 119
bottle 0.0205 356 146 386 180
bottle 0.0204 255 95 287 152
bottle 0.0203 329 131 413 174
bottle 0.0202 102 85 124 129
bottle 0.0200 110 109 169 157
car 0.0684 261 87 414 159
cat 0.5614 14 144 492 373
cat 0.1932 28 128 288 361
cat 0.0808 24 50 398 327
cat 0.0754 10 136 156 269
cat 0.0683 101 164 365 362
cat 0.0654 105 223 497 389
cat 0.0629 360 58 420 126
cat 0.0604 19 111 272 232
cat 0.0576 7 101 101 232
cat 0.0471 117 142 288 226
cat 0.0452 6 40 296 192
cat 0.0431 19 133 192 217
cat 0.0412 121 107 499 290
cat 0.0364 93 44 451 190
cat 0.0331 9 47 200 274
cat 0.0318 354 77 394 115
cat 0.0281 136 146 317 312
cat 0.0222 0 150 195 330
chair 0.0979 256 91 414 179
chair 0.0949 29 112 500 390
chair 0.0804 349 43 421 132
chair 0.0758 7 63 139 121
chair 0.0685 4 61 125 173
chair 0.0661 237 186 500 392
chair 0.0554 287 48 420 146
chair 0.0522 257 98 346 169
chair 0.0507 0 95 96 184
chair 0.0499 4 90 111 248
chair 0.0485 202 97 420 214
chair 0.0474 147 41 485 299
chair 0.0438 0 128 127 371
chair 0.0435 397 39 482 145
chair 0.0432 3 0 76 111
chair 0.0398 1 77 53 181
chair 0.0389 232 159 499 286
chair 0.0386 248 7 421 161
chair 0.0379 1 0 48 94
chair 0.0376 416 49 496 194
chair 0.0371 236 132 443 233
chair 0.0369 344 63 489 197
chair 0.0361 256 293 494 393
chair 0.0354 406 39 463 104
chair 0.0354 327 13 450 140
chair 0.0345 2 219 118 349
chair 0.0329 23 10 117 115
chair 0.0326 361 38 470 120
chair 0.0310 289 76 497 340
chair 0.0306 2 131 131 214
chair 0.0304 356 151 500 399
chair 0.0303 2 76 82 152
chair 0.0296 388 49 429 122
chair 0.0295 277 120 470 203
chair 0.0294 335 0 408 119
chair 0.0292 309 72 416 123
chair 0.0289 363 55 438 155
chair 0.0288 175 126 430 311
chair 0.0286 362 0 490 169
chair 0.0282 0 120 45 191
chair 0.0281 332 126 499 247
chair 0.0280 2 66 44 129
chair 0.0279 289 178 499 256
chair 0.0277 0 239 200 401
chair 0.0273 52 0 92 68
chair 0.0271 246 88 379 145
chair 0.0270 0 41 186 148
chair 0.0268 7 38 240 317
chair 0.0265 307 107 404 180
chair 0.0259 242 119 360 185
chair 0.0256 409 0 498 124
chair 0.0253 252 93 319 153
chair 0.0252 413 37 487 72
chair 0.0250 5 74 92 118
chair 0.0250 163 127 271 215
chair 0.0246 406 53 453 128
chair 0.0245 369 35 421 108
chair 0.0244 352 52 406 97
chair 0.0238 287 93 373 174
chair 0.0236 0 0 24 93
chair 0.0235 0 111 62 233
chair 0.0235 403 229 499 395
chair 0.0230 391 97 500 215
chair 0.0228 15 0 89 75
chair 0.0228 4 279 158 356
chair 0.0220 61 63 137 161
chair 0.0211 402 66 461 165
chair 0.0210 10 55 58 118
chair 0.0209 369 167 500 234
chair 0.0206 299 42 467 224
chair 0.0201 194 61 380 179
chair 0.0201 355 63 425 112
diningtable 0.0427 13 70 142 166
diningtable 0.0373 130 110 255 182
diningtable 0.0314 63 95 181 167
diningtable 0.0252 11 116 166 176
diningtable 0.0225 95 108 209 174
diningtable 0.0211 113 140 270 206
dog 0.1584 353 66 420 131
dog 0.1290 16 143 259 348
dog 0.1155 19 128 500 383
dog 0.1090 354 76 408 116
dog 0.0904 377 75 418 124
dog 0.0782 310 75 421 143
dog 0.0698 10 136 106 294
dog 0.0616 3 124 198 291
dog 0.0443 218 155 483 399
dog 0.0414 364 80 393 115
dog 0.0408 19 162 137 338
dog 0.0321 22 227 356 367
dog 0.0311 2 130 109 220
dog 0.0257 385 71 427 141
dog 0.0250 20 285 193 355
dog 0.0239 387 76 417 108
dog 0.0220 0 139 155 245
dog 0.0209 351 56 407 108
person 0.1083 348 68 421 160
person 0.0770 108 10 495 389
person 0.0755 150 119 269 214
person 0.0711 360 80 399 137
person 0.0628 105 2 244 78
person 0.0596 195 96 398 191
person 0.0575 303 83 416 178
person 0.0549 350 8 425 139
person 0.0512 155 32 195 67
person 0.0499 369 76 417 139
person 0.0473 93 68 293 214
person 0.0471 120 98 253 194
person 0.0456 140 31 164 65
person 0.0442 294 7 415 153
person 0.0420 194 40 218 76
person 0.0405 10 12 159 120
person 0.0401 205 109 326 214
person 0.0400 104 111 358 227
person 0.0387 233 40 469 227
person 0.0382 113 23 160 68
person 0.0374 166 104 305 192
person 0.0372 121 14 202 68
person 0.0359 1 114 90 229
person 0.0346 339 99 407 185
person 0.0346 132 28 177 67
person 0.0332 351 64 395 114
person 0.0331 143 30 215 78
person 0.0323 105 0 171 72
person 0.0317 148 51 263 182
person 0.0315 12 0 61 77
person 0.0312 11 0 95 110
person 0.0301 341 85 407 145
person 0.0299 99 3 143 69
person 0.0294 181 149 348 230
person 0.0293 339 36 437 180
person 0.0293 365 81 393 119
person 0.0290 51 0 93 70
person 0.0284 190 29 227 77
person 0.0283 372 61 473 193
person 0.0281 181 35 201 72
person 0.0275 370 95 419 178
person 0.0272 189 36 211 72
person 0.0271 154 0 253 101
person 0.0270 67 92 210 188
person 0.0266 0 0 24 89
person 0.0263 60 0 150 103
person 0.0261 0 128 57 187
person 0.0259 109 34 196 73
person 0.0258 102 16 193 136
person 0.0252 343 53 500 250
person 0.0248 169 10 224 80
person 0.0234 30 0 78 72
person 0.0233 28 58 149 175
person 0.0230 1 0 19 47
person 0.0230 2 142 77 197
person 0.0227 279 0 380 122
person 0.0219 387 78 429 150
person 0.0211 18 137 111 181
person 0.0210 319 75 452 226
person 0.0208 80 0 124 70
person 0.0206 0 142 42 221
person 0.0201 116 31 141 70
person 0.0200 0 111 28 185
pottedplant 0.0267 344 138 410 183
pottedplant 0.0230 257 96 321 145
sofa 0.3085 12 123 485 375
sofa 0.0631 4 55 243 183
sofa 0.0493 3 66 149 238
sofa 0.0473 267 71 458 168
sofa 0.0343 330 54 424 122
sofa 0.0277 0 31 325 334
sofa 0.0267 2 175 150 409
sofa 0.0234 272 11 491 143
sofa 0.0206 0 281 241 398
tvmonitor 0.1229 424 41 497 171
tvmonitor 0.1171 67 0 281 149
tvmonitor 0.1069 256 93 403 164
tvmonitor 0.0911 12 46 268 183
tvmonitor 0.0824 87 39 269 119
tvmonitor 0.0821 454 64 496 165
tvmonitor 0.0743 4 63 150 181
tvmonitor 0.0596 96 0 258 97
tvmonitor 0.0586 90 79 267 153
tvmonitor 0.0579 409 38 492 107
tvmonitor 0.0543 21 14 245 111
tvmonitor 0.0538 367 37 476 147
tvmonitor 0.0532 9 59 193 126
tvmonitor 0.0530 18 0 325 353
tvmonitor 0.0528 63 96 277 198
tvmonitor 0.0500 0 95 103 184
tvmonitor 0.0449 10 0 420 178
tvmonitor 0.0447 129 29 273 190
tvmonitor 0.0437 258 97 359 145
tvmonitor 0.0404 175 102 254 148
tvmonitor 0.0395 104 51 390 179
tvmonitor 0.0388 321 61 488 169
tvmonitor 0.0382 111 56 234 141
tvmonitor 0.0375 395 17 498 129
tvmonitor 0.0362 156 95 266 162
tvmonitor 0.0358 200 0 283 109
tvmonitor 0.0346 441 54 489 145
tvmonitor 0.0345 65 66 209 160
tvmonitor 0.0340 1 133 87 183
tvmonitor 0.0322 9 0 147 139
tvmonitor 0.0318 437 95 493 165
tvmonitor 0.0303 115 39 241 92
tvmonitor 0.0301 126 71 198 166
tvmonitor 0.0297 219 0 403 159
tvmonitor 0.0293 449 47 500 118
tvmonitor 0.0283 264 95 349 125
tvmonitor 0.0281 146 82 248 141
tvmonitor 0.0275 170 38 253 143
tvmonitor 0.0269 118 56 253 105
tvmonitor 0.0267 43 66 139 130
tvmonitor 0.0262 407 105 500 200
tvmonitor 0.0262 77 82 140 158
tvmonitor 0.0256 415 49 470 129
tvmonitor 0.0253 48 0 192 95
tvmonitor 0.0249 133 8 359 116
tvmonitor 0.0236 0 115 34 180
tvmonitor 0.0235 159 19 248 88
tvmonitor 0.0235 138 0 413 282
tvmonitor 0.0234 32 93 130 167
tvmonitor 0.0230 416 83 483 180
tvmonitor 0.0229 99 43 163 162
tvmonitor 0.0224 181 29 267 97
tvmonitor 0.0223 283 91 385 129
tvmonitor 0.0221 14 127 108 170
tvmonitor 0.0211 24 0 111 78
tvmonitor 0.0206 181 80 288 146
tvmonitor 0.0205 413 73 500 143
tvmonitor 0.0204 86 71 144 127
tvmonitor 0.0203 410 13 495 83
tvmonitor 0.0203 118 59 174 150
