aeroplane 0.0485 398 184 438 231
bird 0.0517 280 172 356 261
bird 0.0392 0 189 85 270
bird 0.0373 398 186 438 227
bird 0.0345 240 195 321 249
bird 0.0303 241 191 300 229
bird 0.0269 0 193 39 281
bird 0.0256 316 166 355 257
bird 0.0217 306 199 353 263
boat 0.0360 0 0 438 294
boat 0.0226 402 203 438 236
boat 0.0203 103 53 368 195
bottle 0.3493 121 201 223 294
bottle 0.1482 105 200 236 350
bottle 0.0841 95 199 247 471
bottle 0.0804 46 189 250 304
bottle 0.0742 132 233 206 294
bottle 0.0724 115 199 335 338
bottle 0.0648 139 193 302 279
bottle 0.0631 102 263 242 373
bottle 0.0620 122 202 172 287
bottle 0.0586 23 199 237 393
bottle 0.0545 144 246 192 291
bottle 0.0542 113 152 244 289
bottle 0.0451 78 195 203 275
bottle 0.0439 169 204 219 290
bottle 0.0425 109 199 184 258
bottle 0.0361 24 307 275 495
bottle 0.0338 183 198 273 291
bottle 0.0330 90 189 180 324
bottle 0.0310 146 197 196 283
bottle 0.0291 16 184 160 288
bottle 0.0289 176 200 353 300
bottle 0.0285 96 216 191 290
bottle 0.0284 95 254 359 495
bottle 0.0284 151 201 228 259
bottle 0.0273 131 122 267 338
bottle 0.0261 401 195 438 231
bottle 0.0246 100 190 159 243
bottle 0.0245 149 251 174 291
bottle 0.0245 189 197 233 293
bottle 0.0238 111 210 156 293
bottle 0.0229 201 206 248 294
bottle 0.0216 159 252 187 292
bottle 0.0216 194 213 219 288
bottle 0.0214 6 94 143 207
bottle 0.0214 134 192 210 239
bottle 0.0212 143 218 275 347
bottle 0.0212 127 180 302 430
bottle 0.0204 196 198 257 262
bottle 0.0202 59 151 187 261
car 0.5000 2 121 430 500
car 0.1232 10 29 393 307
car 0.0989 1 196 327 435
car 0.0967 67 137 406 328
car 0.0659 5 110 125 204
car 0.0656 126 44 430 236
car 0.0500 285 171 437 498
car 0.0406 398 174 438 222
car 0.0324 162 80 355 212
car 0.0321 399 182 437 264
car 0.0304 0 91 166 236
car 0.0299 281 180 432 292
car 0.0298 4 156 73 204
car 0.0290 169 183 438 418
car 0.0273 174 67 348 158
car 0.0270 398 192 438 233
car 0.0255 254 107 436 375
car 0.0253 364 188 438 384
car 0.0221 2 33 96 203
car 0.0218 2 195 92 384
car 0.0216 0 103 305 360
car 0.0208 0 408 18 460
car 0.0206 0 186 114 496
car 0.0206 11 15 272 229
car 0.0202 0 199 224 373
car 0.0202 173 25 343 118
car 0.0200 0 189 35 214
chair 0.0605 268 162 359 255
chair 0.0553 304 166 358 209
chair 0.0520 241 194 298 238
chair 0.0427 398 186 438 235
chair 0.0357 284 155 357 219
chair 0.0327 197 79 356 225
chair 0.0318 312 167 356 240
chair 0.0263 221 190 337 257
chair 0.0245 1 79 157 214
chair 0.0220 326 168 357 219
chair 0.0205 0 105 41 200
motorbike 0.1747 0 38 426 500
person 0.1074 244 176 357 254
person 0.0720 130 191 324 289
person 0.0706 234 128 328 228
person 0.0660 193 184 350 274
person 0.0659 67 189 304 500
person 0.0605 16 189 209 294
person 0.0549 205 117 302 211
person 0.0523 198 182 428 500
person 0.0514 194 119 351 260
person 0.0495 238 184 306 245
person 0.0482 25 183 63 203
person 0.0464 5 54 293 454
person 0.0453 259 134 296 203
person 0.0440 136 180 379 350
person 0.0435 255 161 411 259
person 0.0434 3 192 224 406
person 0.0425 247 147 344 211
person 0.0422 239 166 299 226
person 0.0418 272 170 356 223
person 0.0400 83 151 116 213
person 0.0397 2 157 143 299
person 0.0397 94 33 371 261
person 0.0396 7 91 239 255
person 0.0395 81 188 113 212
person 0.0367 292 163 360 266
person 0.0359 119 112 315 286
person 0.0359 15 142 121 205
person 0.0354 398 157 438 235
person 0.0351 0 189 117 268
person 0.0349 22 162 83 202
person 0.0345 175 25 420 396
person 0.0339 3 109 149 215
person 0.0332 89 173 109 209
person 0.0329 61 185 108 213
person 0.0326 159 165 322 252
person 0.0320 9 167 111 218
person 0.0319 37 184 77 202
person 0.0317 272 158 352 202
person 0.0310 234 146 302 204
person 0.0306 268 143 313 199
person 0.0305 265 80 431 420
person 0.0304 202 167 424 300
person 0.0295 27 168 47 203
person 0.0291 3 66 174 394
person 0.0290 5 149 63 205
person 0.0288 34 175 105 207
person 0.0275 0 450 20 500
person 0.0275 268 170 355 314
person 0.0273 222 142 367 374
person 0.0271 56 155 112 208
person 0.0271 97 169 115 209
person 0.0270 14 187 52 207
person 0.0267 52 183 93 203
person 0.0266 84 166 103 206
person 0.0264 0 455 58 499
person 0.0261 233 93 428 268
person 0.0260 242 186 294 215
person 0.0259 0 187 39 270
person 0.0255 11 175 72 206
person 0.0252 1 119 98 267
person 0.0250 394 119 436 216
person 0.0249 186 100 281 247
person 0.0248 43 151 96 201
person 0.0247 3 187 92 238
person 0.0244 228 110 347 198
person 0.0242 10 478 56 499
person 0.0241 220 155 312 286
person 0.0239 2 187 92 341
person 0.0237 210 128 272 199
person 0.0237 0 200 125 461
person 0.0234 0 148 16 197
person 0.0229 29 187 114 230
person 0.0225 211 136 245 206
person 0.0224 0 107 22 200
person 0.0221 245 128 285 201
person 0.0220 176 117 251 203
person 0.0219 1 115 41 204
person 0.0218 2 169 64 221
person 0.0217 34 168 211 256
person 0.0216 282 154 314 196
person 0.0212 269 175 316 250
person 0.0212 293 163 314 199
person 0.0211 422 136 437 190
person 0.0210 20 127 70 205
person 0.0209 250 114 309 206
person 0.0209 412 132 438 217
person 0.0207 0 59 140 262
person 0.0205 54 115 120 209
person 0.0204 52 188 157 239
person 0.0204 367 151 438 322
person 0.0203 2 100 83 210
person 0.0200 199 190 298 240
pottedplant 0.1014 98 286 245 365
pottedplant 0.0373 76 93 293 282
pottedplant 0.0346 25 69 351 221
pottedplant 0.0286 1 418 78 500
pottedplant 0.0260 187 108 298 204
pottedplant 0.0250 162 288 243 358
pottedplant 0.0248 127 106 240 289
pottedplant 0.0233 127 171 274 264
pottedplant 0.0231 0 457 59 500
pottedplant 0.0228 146 110 272 242
pottedplant 0.0222 12 478 58 499
pottedplant 0.0207 173 109 254 193
pottedplant 0.0203 174 96 255 139
train 0.0787 0 23 417 424
train 0.0302 1 0 352 261
train 0.0209 29 187 438 496
train 0.0202 298 167 438 373
tvmonitor 0.0368 0 190 150 494
tvmonitor 0.0240 296 180 438 500
tvmonitor 0.0238 9 210 247 428
