aeroplane 0.8811 21 68 485 223
aeroplane 0.5758 0 8 156 93
aeroplane 0.2245 0 58 84 94
aeroplane 0.1853 0 18 189 147
aeroplane 0.1607 163 112 492 221
aeroplane 0.1559 0 37 126 89
aeroplane 0.1412 0 0 74 25
aeroplane 0.1255 4 0 500 173
aeroplane 0.1186 14 58 265 192
aeroplane 0.1116 205 0 261 14
aeroplane 0.1009 3 7 271 107
aeroplane 0.0989 6 65 168 134
aeroplane 0.0965 0 71 53 93
aeroplane 0.0948 3 79 500 375
aeroplane 0.0929 450 117 500 158
aeroplane 0.0915 326 137 493 213
aeroplane 0.0874 0 6 72 92
aeroplane 0.0871 7 67 123 102
aeroplane 0.0868 0 41 57 92
aeroplane 0.0820 28 60 132 93
aeroplane 0.0818 0 0 145 53
aeroplane 0.0777 50 26 159 81
aeroplane 0.0771 257 185 354 226
aeroplane 0.0724 429 103 500 166
aeroplane 0.0701 0 0 114 33
aeroplane 0.0657 104 70 135 86
aeroplane 0.0647 38 67 105 93
aeroplane 0.0573 403 92 498 212
aeroplane 0.0558 285 64 498 213
aeroplane 0.0547 238 164 426 229
aeroplane 0.0540 457 127 500 148
aeroplane 0.0537 66 57 145 86
aeroplane 0.0524 28 47 142 81
aeroplane 0.0519 98 62 146 86
aeroplane 0.0517 328 78 368 121
aeroplane 0.0512 98 0 242 81
aeroplane 0.0508 0 54 25 92
aeroplane 0.0493 61 1 187 73
aeroplane 0.0487 0 10 42 27
aeroplane 0.0485 0 21 76 53
aeroplane 0.0455 470 113 500 153
aeroplane 0.0453 0 31 71 68
aeroplane 0.0448 20 0 77 15
aeroplane 0.0444 10 80 177 172
aeroplane 0.0438 454 3 498 58
aeroplane 0.0431 454 82 500 152
aeroplane 0.0427 2 81 41 94
aeroplane 0.0417 94 67 128 82
aeroplane 0.0416 20 49 204 109
aeroplane 0.0415 463 128 500 165
aeroplane 0.0412 413 12 500 149
aeroplane 0.0412 182 170 363 231
aeroplane 0.0408 478 126 500 160
aeroplane 0.0406 0 37 25 77
aeroplane 0.0403 0 78 88 110
aeroplane 0.0381 2 81 40 110
aeroplane 0.0380 447 114 500 140
aeroplane 0.0380 94 34 159 78
aeroplane 0.0379 2 57 48 102
aeroplane 0.0373 0 10 76 41
aeroplane 0.0373 13 14 57 25
aeroplane 0.0367 17 96 37 111
aeroplane 0.0358 34 74 85 93
aeroplane 0.0351 356 30 497 134
aeroplane 0.0349 81 68 133 87
aeroplane 0.0348 384 113 500 176
aeroplane 0.0346 109 69 157 87
aeroplane 0.0345 37 15 71 26
aeroplane 0.0340 5 0 112 17
aeroplane 0.0338 421 4 500 49
aeroplane 0.0337 422 134 500 175
aeroplane 0.0332 30 2 81 26
aeroplane 0.0326 456 16 500 83
aeroplane 0.0324 3 55 69 81
aeroplane 0.0322 133 7 281 95
aeroplane 0.0319 74 50 386 192
aeroplane 0.0314 47 34 142 65
aeroplane 0.0309 410 179 498 213
aeroplane 0.0307 0 27 37 84
aeroplane 0.0304 63 120 381 216
aeroplane 0.0302 15 5 67 19
aeroplane 0.0301 41 72 233 146
aeroplane 0.0299 344 70 500 151
aeroplane 0.0291 110 156 388 236
aeroplane 0.0290 14 88 40 113
aeroplane 0.0286 0 0 46 40
aeroplane 0.0285 481 19 498 45
aeroplane 0.0284 456 40 500 104
aeroplane 0.0281 23 28 343 143
aeroplane 0.0281 460 24 500 42
aeroplane 0.0281 459 112 500 131
aeroplane 0.0278 23 75 143 118
aeroplane 0.0278 448 70 500 126
aeroplane 0.0275 345 0 497 79
aeroplane 0.0273 0 22 22 60
aeroplane 0.0272 0 63 42 88
aeroplane 0.0270 419 184 444 212
aeroplane 0.0265 28 63 86 90
aeroplane 0.0263 13 10 94 30
aeroplane 0.0260 39 20 70 31
aeroplane 0.0260 20 103 365 271
aeroplane 0.0257 1 17 40 34
aeroplane 0.0257 427 93 500 133
aeroplane 0.0256 146 1 195 24
aeroplane 0.0254 218 173 258 187
aeroplane 0.0253 207 0 238 12
aeroplane 0.0251 89 60 165 91
aeroplane 0.0251 98 60 135 77
aeroplane 0.0248 397 146 489 210
aeroplane 0.0247 0 130 32 146
aeroplane 0.0247 6 23 111 63
aeroplane 0.0246 91 0 189 30
aeroplane 0.0245 286 9 499 164
aeroplane 0.0244 0 39 35 61
aeroplane 0.0244 41 0 89 13
aeroplane 0.0243 38 8 67 22
aeroplane 0.0241 459 64 500 85
aeroplane 0.0240 256 175 335 206
aeroplane 0.0240 47 0 153 27
aeroplane 0.0239 176 0 278 16
aeroplane 0.0239 16 19 66 46
aeroplane 0.0238 255 176 298 196
aeroplane 0.0236 45 18 64 28
aeroplane 0.0234 3 0 34 23
aeroplane 0.0233 481 27 499 59
aeroplane 0.0233 443 121 500 200
aeroplane 0.0232 43 0 214 39
aeroplane 0.0231 480 108 499 138
aeroplane 0.0229 0 43 47 70
aeroplane 0.0229 53 72 103 88
aeroplane 0.0228 15 74 102 135
aeroplane 0.0227 14 16 82 35
aeroplane 0.0227 18 19 57 32
aeroplane 0.0226 14 81 53 95
aeroplane 0.0225 435 188 500 216
aeroplane 0.0219 67 70 161 102
aeroplane 0.0218 95 38 241 118
aeroplane 0.0216 104 56 159 82
aeroplane 0.0216 224 68 478 162
aeroplane 0.0216 453 139 500 159
aeroplane 0.0214 72 67 118 81
aeroplane 0.0214 0 9 39 61
aeroplane 0.0213 148 0 201 13
aeroplane 0.0213 0 45 88 123
aeroplane 0.0210 267 201 347 231
aeroplane 0.0209 103 3 199 56
aeroplane 0.0209 468 29 500 45
aeroplane 0.0208 51 18 71 28
aeroplane 0.0208 457 192 500 212
aeroplane 0.0208 69 8 166 48
aeroplane 0.0208 48 65 95 84
aeroplane 0.0206 206 0 270 25
aeroplane 0.0206 18 18 117 46
aeroplane 0.0206 160 2 341 71
aeroplane 0.0205 31 25 71 40
aeroplane 0.0204 69 72 115 86
aeroplane 0.0203 1 26 32 52
aeroplane 0.0202 19 73 92 100
aeroplane 0.0202 64 44 158 93
aeroplane 0.0200 427 52 500 118
bicycle 0.0550 329 82 361 126
bird 0.0305 173 0 278 12
boat 0.1274 331 82 363 120
boat 0.0540 153 242 196 257
boat 0.0257 214 0 262 14
boat 0.0226 332 81 369 104
boat 0.0215 169 4 289 81
car 0.1009 330 86 363 120
car 0.0929 208 358 253 374
car 0.0737 213 354 275 374
car 0.0631 0 74 30 94
car 0.0492 230 347 297 375
car 0.0452 182 356 260 375
car 0.0375 0 74 13 95
car 0.0303 197 358 238 375
car 0.0301 1 81 27 98
car 0.0292 242 355 288 374
car 0.0251 257 350 279 375
car 0.0229 176 360 226 374
car 0.0225 338 104 369 119
car 0.0224 259 192 335 228
car 0.0222 0 54 39 102
car 0.0201 182 346 283 373
car 0.0200 257 357 309 375
chair 0.0785 204 0 264 14
chair 0.0231 209 0 238 14
person 0.0861 330 92 353 121
person 0.0732 330 97 349 133
person 0.0728 106 69 127 86
person 0.0718 216 357 253 375
person 0.0640 21 93 33 115
person 0.0640 17 96 28 115
person 0.0593 37 72 94 93
person 0.0535 13 93 27 109
person 0.0484 329 85 362 128
person 0.0437 338 88 365 120
person 0.0423 227 350 267 374
person 0.0377 0 70 11 98
person 0.0371 334 113 345 142
person 0.0360 17 89 38 108
person 0.0315 2 81 19 100
person 0.0310 327 95 344 122
person 0.0299 5 80 34 110
person 0.0290 0 0 130 131
person 0.0286 87 65 128 88
person 0.0267 331 110 342 132
person 0.0264 42 63 77 90
person 0.0261 332 116 341 137
person 0.0246 0 39 196 172
person 0.0246 5 90 18 108
person 0.0236 256 177 298 224
person 0.0231 14 80 40 103
person 0.0231 211 354 237 374
person 0.0221 7 95 18 115
person 0.0218 352 97 369 121
person 0.0215 179 0 262 11
person 0.0209 0 72 28 104
person 0.0207 229 352 247 372
person 0.0204 5 89 26 106
train 0.0567 25 219 500 375
train 0.0255 0 85 394 375
train 0.0210 408 221 496 363
