bird 0.0314 3 126 137 375
bottle 0.4358 31 4 237 155
bottle 0.3394 9 4 234 370
bottle 0.1558 133 8 241 152
bottle 0.1551 72 14 168 148
bottle 0.1136 0 22 198 227
bottle 0.1090 5 26 159 142
bottle 0.0948 85 1 243 242
bottle 0.0860 97 47 162 157
bottle 0.0786 33 4 384 302
bottle 0.0670 77 67 228 159
bottle 0.0664 72 31 131 127
bottle 0.0637 69 32 125 82
bottle 0.0620 84 0 208 117
bottle 0.0614 110 33 203 155
bottle 0.0593 115 92 167 158
bottle 0.0561 1 39 100 167
bottle 0.0527 92 10 344 149
bottle 0.0520 82 8 149 108
bottle 0.0469 0 46 131 375
bottle 0.0457 70 33 109 69
bottle 0.0456 90 85 152 145
bottle 0.0446 30 2 198 84
bottle 0.0425 136 92 185 157
bottle 0.0415 87 56 146 122
bottle 0.0413 65 7 140 74
bottle 0.0399 2 73 88 232
bottle 0.0385 94 53 183 201
bottle 0.0381 8 33 133 100
bottle 0.0360 36 35 116 71
bottle 0.0360 112 84 240 189
bottle 0.0354 86 3 172 76
bottle 0.0341 36 77 173 148
bottle 0.0340 98 35 159 91
bottle 0.0337 2 118 84 307
bottle 0.0336 43 47 173 296
bottle 0.0334 59 28 176 101
bottle 0.0333 80 70 128 146
bottle 0.0332 172 23 275 164
bottle 0.0327 180 5 239 122
bottle 0.0323 94 40 129 107
bottle 0.0305 98 85 192 161
bottle 0.0304 75 0 221 62
bottle 0.0303 110 80 177 139
bottle 0.0301 47 36 136 162
bottle 0.0295 64 48 116 112
bottle 0.0292 92 0 143 63
bottle 0.0286 117 115 199 154
bottle 0.0282 72 2 164 48
bottle 0.0280 158 78 196 150
bottle 0.0278 11 43 106 86
bottle 0.0276 149 48 208 149
bottle 0.0275 85 110 162 155
bottle 0.0272 126 91 222 154
bottle 0.0269 52 3 123 99
bottle 0.0268 112 15 178 128
bottle 0.0265 165 39 231 146
bottle 0.0261 21 64 129 221
bottle 0.0259 99 0 121 29
bottle 0.0258 2 0 98 106
bottle 0.0253 12 0 485 174
bottle 0.0249 21 55 145 112
bottle 0.0247 92 0 155 28
bottle 0.0243 142 56 189 134
bottle 0.0239 105 1 181 54
bottle 0.0239 0 107 151 193
bottle 0.0238 190 55 235 135
bottle 0.0236 0 80 220 186
bottle 0.0234 95 0 129 38
bottle 0.0233 125 29 171 107
bottle 0.0227 115 121 174 163
bottle 0.0223 115 23 175 76
bottle 0.0222 170 77 219 148
bottle 0.0222 153 10 215 125
bottle 0.0221 102 70 141 138
bottle 0.0217 76 92 170 178
bottle 0.0217 10 0 160 59
bottle 0.0216 133 0 240 84
bottle 0.0215 1 51 87 116
bottle 0.0214 100 48 124 87
bottle 0.0213 79 101 125 163
bottle 0.0213 95 1 198 33
bottle 0.0213 164 78 294 172
bottle 0.0211 64 72 110 143
bottle 0.0210 88 38 120 87
bottle 0.0207 5 169 92 373
bottle 0.0206 51 34 104 95
bottle 0.0206 114 121 242 227
bottle 0.0205 92 33 115 67
bottle 0.0202 128 118 287 187
bottle 0.0202 143 30 187 107
bottle 0.0201 76 50 152 93
bottle 0.0200 109 49 130 85
car 0.0359 246 115 431 195
cat 0.1776 74 114 497 366
cat 0.0492 0 84 126 374
chair 0.3100 33 33 494 373
chair 0.1121 17 56 217 370
chair 0.1049 198 120 490 370
chair 0.0883 71 160 437 361
chair 0.0784 44 0 462 171
chair 0.0579 318 106 496 342
chair 0.0518 53 0 338 318
chair 0.0500 201 4 495 149
chair 0.0493 243 111 496 246
chair 0.0471 454 0 500 120
chair 0.0430 83 115 247 373
chair 0.0424 0 231 360 375
chair 0.0411 396 147 498 375
chair 0.0392 419 0 500 149
chair 0.0387 292 114 488 199
chair 0.0385 193 23 500 283
chair 0.0383 0 101 124 375
chair 0.0370 336 0 497 192
chair 0.0352 221 73 496 193
chair 0.0343 407 108 497 244
chair 0.0342 97 260 439 369
chair 0.0314 175 9 361 142
chair 0.0305 108 19 263 298
chair 0.0300 135 134 328 375
chair 0.0281 231 7 422 93
chair 0.0280 1 0 38 64
chair 0.0279 352 226 495 374
chair 0.0274 423 247 498 375
chair 0.0272 258 100 460 172
chair 0.0271 376 0 488 121
chair 0.0266 461 0 500 69
chair 0.0265 383 44 500 264
chair 0.0265 32 90 414 274
chair 0.0258 341 97 499 178
chair 0.0247 4 0 85 64
chair 0.0245 117 234 300 368
chair 0.0245 472 310 500 375
chair 0.0243 57 114 222 283
chair 0.0240 121 158 279 299
chair 0.0236 256 137 459 299
chair 0.0236 210 112 429 198
chair 0.0231 108 303 313 371
chair 0.0227 253 18 393 127
chair 0.0226 2 226 159 375
chair 0.0221 117 104 281 237
chair 0.0208 294 0 480 72
chair 0.0205 442 0 491 60
chair 0.0205 282 0 354 119
chair 0.0203 459 286 498 375
chair 0.0202 0 0 148 49
diningtable 0.0901 0 39 339 364
diningtable 0.0699 16 5 414 245
diningtable 0.0402 0 56 265 199
diningtable 0.0372 91 24 341 164
diningtable 0.0246 0 109 232 281
person 0.3235 8 37 482 371
person 0.2305 0 0 248 367
person 0.0708 1 88 155 373
person 0.0369 241 116 464 349
person 0.0242 0 0 135 158
person 0.0204 6 183 94 375
pottedplant 0.0966 0 0 234 371
pottedplant 0.0633 0 2 222 139
pottedplant 0.0437 0 0 465 375
pottedplant 0.0233 182 0 362 161
sofa 0.1465 12 13 500 374
