bird 0.0252 72 370 239 463
bird 0.0231 123 374 314 462
bottle 0.0435 8 0 55 89
bottle 0.0359 93 0 117 60
bottle 0.0336 25 0 69 91
bottle 0.0299 96 0 115 30
bottle 0.0292 0 0 41 64
bottle 0.0242 67 0 86 23
bottle 0.0233 59 0 78 25
bottle 0.0223 54 0 70 27
bottle 0.0217 111 0 127 56
bottle 0.0213 89 0 110 27
bottle 0.0204 90 7 109 47
car 0.0293 363 1 461 81
cat 0.0374 235 205 446 440
cat 0.0250 327 238 456 454
cat 0.0220 184 348 459 487
chair 0.0334 27 1 122 96
chair 0.0306 4 0 59 99
chair 0.0219 0 135 108 495
chair 0.0215 9 243 88 470
chair 0.0214 40 0 142 146
chair 0.0209 0 0 34 83
chair 0.0205 13 0 86 123
chair 0.0201 49 21 84 95
dog 0.6407 51 50 451 472
dog 0.0778 47 50 300 246
dog 0.0627 53 58 232 352
dog 0.0451 47 57 153 277
dog 0.0451 58 144 215 470
dog 0.0326 115 240 451 459
dog 0.0305 17 97 133 473
dog 0.0287 57 21 282 148
dog 0.0273 54 12 386 317
dog 0.0263 180 71 419 417
dog 0.0258 63 210 146 436
dog 0.0255 284 134 453 447
dog 0.0254 51 150 147 297
dog 0.0238 59 297 338 464
dog 0.0215 42 118 114 308
dog 0.0207 90 114 320 487
person 0.0467 425 0 461 69
person 0.0417 334 0 456 79
person 0.0367 69 23 461 397
person 0.0366 400 0 458 78
person 0.0308 443 223 460 282
person 0.0300 439 0 461 49
person 0.0297 0 0 38 79
person 0.0287 119 0 171 57
person 0.0286 93 0 117 50
person 0.0282 0 0 37 40
person 0.0277 37 9 157 263
person 0.0275 102 0 120 30
person 0.0270 85 51 313 186
person 0.0265 392 0 458 42
person 0.0261 107 21 279 120
person 0.0252 98 0 112 22
person 0.0243 137 1 262 76
person 0.0226 32 0 121 155
person 0.0225 429 212 461 284
person 0.0220 424 0 460 33
person 0.0217 112 0 128 30
person 0.0217 116 0 136 55
person 0.0216 108 0 130 54
person 0.0204 9 147 132 483
pottedplant 0.0362 4 0 60 90
pottedplant 0.0354 25 0 121 96
pottedplant 0.0312 0 0 38 73
pottedplant 0.0311 91 0 119 78
pottedplant 0.0204 76 0 119 48
pottedplant 0.0204 93 0 117 36
tvmonitor 0.0224 118 3 279 84
tvmonitor 0.0208 38 0 144 110
tvmonitor 0.0206 39 0 303 121
