bicycle 0.1015 188 133 354 222
bicycle 0.0300 0 0 23 25
bird 0.0294 222 361 278 373
bird 0.0281 295 354 336 372
bird 0.0208 218 366 286 375
bus 0.0314 324 5 425 57
bus 0.0297 324 2 420 28
car 0.0965 156 8 208 30
car 0.0818 161 0 228 30
car 0.0758 156 2 191 28
car 0.0660 182 12 219 28
car 0.0532 195 7 222 27
car 0.0488 155 0 210 22
car 0.0412 168 0 193 21
car 0.0401 199 1 226 23
car 0.0397 169 5 212 25
car 0.0392 404 2 430 28
car 0.0387 189 0 229 16
car 0.0345 356 0 427 30
car 0.0342 405 0 461 30
car 0.0324 394 0 438 31
car 0.0316 147 5 225 42
car 0.0307 171 0 214 16
car 0.0275 0 1 24 24
car 0.0267 154 0 171 25
car 0.0266 0 209 24 270
car 0.0262 0 0 45 25
car 0.0256 164 0 189 14
car 0.0252 192 0 244 31
car 0.0251 168 15 214 30
car 0.0249 413 0 435 23
car 0.0226 159 0 179 20
car 0.0223 174 0 240 11
car 0.0219 142 0 200 37
car 0.0219 147 0 198 14
car 0.0216 154 10 185 33
car 0.0212 149 5 275 51
car 0.0202 14 0 59 33
chair 0.0528 86 25 114 48
chair 0.0421 155 4 182 30
chair 0.0309 81 5 116 51
chair 0.0288 152 0 189 44
chair 0.0271 159 0 200 31
chair 0.0226 85 22 127 55
motorbike 0.8374 121 112 379 363
motorbike 0.1279 225 122 378 333
motorbike 0.0776 159 133 372 261
motorbike 0.0668 268 133 372 277
motorbike 0.0605 112 127 261 358
motorbike 0.0430 0 0 20 25
motorbike 0.0424 102 208 198 368
motorbike 0.0399 6 94 495 375
motorbike 0.0370 163 130 500 324
motorbike 0.0329 114 127 240 262
motorbike 0.0275 80 102 207 331
motorbike 0.0271 293 131 398 244
motorbike 0.0244 276 195 367 346
motorbike 0.0236 301 151 391 311
motorbike 0.0226 130 121 320 229
motorbike 0.0214 59 103 347 257
motorbike 0.0204 110 259 353 365
person 0.8274 201 12 343 279
person 0.4172 157 66 359 350
person 0.2158 223 104 359 303
person 0.0875 171 115 319 305
person 0.0709 270 125 345 265
person 0.0707 169 0 191 27
person 0.0606 196 15 340 149
person 0.0517 213 78 321 245
person 0.0501 191 7 210 28
person 0.0498 76 0 114 48
person 0.0488 41 0 59 22
person 0.0478 136 126 263 298
person 0.0472 273 70 342 224
person 0.0466 178 4 198 28
person 0.0444 197 8 219 28
person 0.0436 118 21 341 183
person 0.0416 154 1 170 30
person 0.0404 240 140 308 267
person 0.0394 445 0 469 30
person 0.0358 249 36 367 249
person 0.0358 300 129 393 253
person 0.0345 38 9 370 307
person 0.0339 116 136 222 347
person 0.0337 208 16 315 96
person 0.0334 159 0 198 31
person 0.0332 191 0 426 336
person 0.0330 299 119 341 210
person 0.0317 20 0 58 23
person 0.0312 251 234 271 270
person 0.0310 237 15 302 65
person 0.0301 125 124 223 252
person 0.0299 186 137 283 268
person 0.0298 185 0 218 30
person 0.0287 167 0 185 18
person 0.0285 95 0 127 52
person 0.0283 175 0 189 17
person 0.0268 277 157 363 310
person 0.0267 47 34 288 165
person 0.0267 226 102 341 201
person 0.0262 64 75 200 294
person 0.0261 0 87 19 132
person 0.0260 111 0 130 35
person 0.0260 430 0 452 29
person 0.0256 251 154 294 239
person 0.0249 46 76 497 369
person 0.0247 152 180 173 214
person 0.0242 88 13 110 45
person 0.0242 175 0 206 20
person 0.0240 295 146 339 235
person 0.0238 422 0 443 28
person 0.0231 327 134 383 207
person 0.0231 253 181 293 268
person 0.0230 287 204 355 342
person 0.0225 281 52 337 171
person 0.0225 270 123 397 344
person 0.0225 283 101 333 185
person 0.0222 143 82 276 243
person 0.0218 0 63 13 144
person 0.0216 263 138 321 241
person 0.0216 107 0 135 50
person 0.0215 312 132 359 212
person 0.0215 216 16 279 65
person 0.0207 0 57 22 135
person 0.0205 94 7 114 41
person 0.0204 255 12 313 53
person 0.0204 300 88 342 164
person 0.0200 414 0 469 30
pottedplant 0.1262 18 42 168 131
pottedplant 0.0572 11 32 180 190
pottedplant 0.0306 0 0 42 25
pottedplant 0.0297 7 16 95 124
pottedplant 0.0297 0 1 19 31
pottedplant 0.0293 122 57 169 120
pottedplant 0.0292 0 115 20 153
pottedplant 0.0291 77 17 176 123
pottedplant 0.0278 302 3 316 28
pottedplant 0.0263 14 1 61 55
pottedplant 0.0257 29 6 136 112
pottedplant 0.0247 129 23 158 66
pottedplant 0.0237 11 41 63 114
pottedplant 0.0233 83 53 184 178
pottedplant 0.0228 28 13 229 136
pottedplant 0.0215 126 32 169 97
pottedplant 0.0213 52 24 276 181
train 0.0225 331 0 476 30
tvmonitor 0.0568 16 0 163 158
tvmonitor 0.0328 352 0 417 30
tvmonitor 0.0284 0 0 80 164
tvmonitor 0.0221 0 0 50 122
tvmonitor 0.0215 211 14 312 83
tvmonitor 0.0212 14 0 157 72
