bicycle 0.1451 176 214 288 320
bicycle 0.0415 96 186 172 254
bicycle 0.0291 1 105 27 139
bicycle 0.0280 46 386 123 498
bicycle 0.0209 187 250 257 315
boat 0.0408 0 0 106 50
boat 0.0379 14 0 272 421
boat 0.0323 0 0 63 93
boat 0.0294 0 0 371 269
boat 0.0224 46 77 258 269
boat 0.0214 6 0 105 23
boat 0.0211 0 0 34 131
bottle 0.0281 101 188 137 229
car 0.0557 0 366 31 391
car 0.0391 0 203 20 278
car 0.0368 2 105 22 135
car 0.0342 344 218 374 340
car 0.0320 321 212 373 387
car 0.0298 0 196 38 284
car 0.0294 71 185 165 261
car 0.0294 0 196 18 240
car 0.0283 0 321 38 396
car 0.0245 216 210 286 292
car 0.0244 281 209 375 284
car 0.0244 335 213 375 282
car 0.0237 0 243 19 286
car 0.0225 356 228 375 302
car 0.0211 0 163 16 215
car 0.0210 44 200 111 253
car 0.0207 1 242 38 321
car 0.0200 0 351 19 391
chair 0.0234 96 154 173 236
motorbike 0.8845 238 202 375 500
motorbike 0.7725 27 185 166 496
motorbike 0.3753 0 210 41 390
motorbike 0.2565 77 171 172 421
motorbike 0.1801 178 178 272 320
motorbike 0.1783 94 197 341 496
motorbike 0.1608 106 175 185 340
motorbike 0.1495 223 215 262 321
motorbike 0.1262 9 199 125 420
motorbike 0.1168 235 206 327 436
motorbike 0.1057 0 200 31 319
motorbike 0.0974 226 211 284 352
motorbike 0.0861 0 191 75 439
motorbike 0.0797 227 207 373 363
motorbike 0.0760 45 277 117 500
motorbike 0.0733 196 219 299 323
motorbike 0.0726 32 197 240 409
motorbike 0.0671 0 125 294 492
motorbike 0.0647 41 183 177 323
motorbike 0.0645 186 196 324 374
motorbike 0.0563 144 126 304 321
motorbike 0.0517 2 178 60 349
motorbike 0.0502 234 232 267 347
motorbike 0.0502 128 219 178 327
motorbike 0.0498 3 225 46 325
motorbike 0.0478 94 183 176 272
motorbike 0.0412 321 215 373 388
motorbike 0.0396 4 264 47 363
motorbike 0.0375 64 157 224 338
motorbike 0.0364 9 190 122 301
motorbike 0.0354 0 212 21 361
motorbike 0.0346 1 230 27 286
motorbike 0.0341 118 201 221 327
motorbike 0.0338 31 335 168 496
motorbike 0.0323 38 0 114 18
motorbike 0.0321 2 203 46 285
motorbike 0.0294 0 285 32 398
motorbike 0.0288 231 210 286 288
motorbike 0.0274 252 338 375 493
motorbike 0.0262 242 239 278 359
motorbike 0.0235 39 275 229 500
motorbike 0.0227 19 203 80 372
motorbike 0.0226 19 228 54 349
motorbike 0.0217 0 146 154 331
motorbike 0.0217 159 162 282 471
motorbike 0.0215 116 209 177 449
motorbike 0.0214 114 206 175 265
motorbike 0.0208 240 214 304 270
person 0.9175 176 82 264 315
person 0.7930 99 98 172 319
person 0.4546 66 123 176 407
person 0.3754 129 85 242 317
person 0.2629 183 124 237 317
person 0.1891 101 96 164 215
person 0.1694 112 175 177 330
person 0.1617 198 135 279 331
person 0.1162 223 221 249 312
person 0.1125 217 193 265 315
person 0.0991 94 141 169 259
person 0.0892 148 138 275 479
person 0.0868 137 223 176 328
person 0.0786 0 42 139 491
person 0.0781 0 206 23 299
person 0.0762 99 98 153 172
person 0.0638 155 234 178 325
person 0.0596 11 102 26 137
person 0.0584 99 176 153 273
person 0.0550 190 209 248 314
person 0.0550 19 202 90 401
person 0.0546 0 229 29 331
person 0.0544 0 231 18 288
person 0.0542 134 99 158 171
person 0.0528 0 51 298 472
person 0.0504 133 116 174 258
person 0.0494 187 192 223 312
person 0.0488 232 197 300 346
person 0.0486 21 159 160 441
person 0.0484 253 132 375 500
person 0.0462 223 113 263 287
person 0.0441 184 112 303 416
person 0.0431 48 84 245 389
person 0.0425 206 197 279 412
person 0.0423 172 86 255 203
person 0.0408 174 104 211 194
person 0.0408 1 97 17 135
person 0.0402 131 134 198 322
person 0.0400 299 207 371 406
person 0.0390 136 99 152 147
person 0.0385 0 211 18 269
person 0.0384 136 107 163 202
person 0.0383 10 243 39 335
person 0.0379 93 186 136 245
person 0.0374 230 236 254 336
person 0.0366 236 291 250 338
person 0.0359 24 243 38 284
person 0.0348 100 195 164 381
person 0.0348 18 246 36 290
person 0.0338 138 179 174 288
person 0.0338 164 183 253 322
person 0.0336 8 226 38 298
person 0.0322 343 219 375 358
person 0.0319 84 111 375 500
person 0.0316 109 97 141 140
person 0.0316 0 183 46 500
person 0.0312 128 208 179 380
person 0.0307 214 92 264 219
person 0.0302 160 236 175 293
person 0.0299 95 112 144 233
person 0.0291 119 94 166 157
person 0.0284 5 282 22 339
person 0.0284 355 225 375 330
person 0.0284 206 149 251 312
person 0.0275 11 239 30 286
person 0.0269 237 255 258 341
person 0.0268 29 241 38 267
person 0.0268 72 78 168 244
person 0.0268 232 111 265 207
person 0.0267 142 132 167 239
person 0.0267 145 185 186 320
person 0.0267 122 98 153 142
person 0.0266 157 161 210 318
person 0.0263 100 106 126 176
person 0.0262 171 90 226 174
person 0.0261 111 100 128 147
person 0.0258 239 230 270 319
person 0.0257 350 226 372 295
person 0.0253 13 204 57 344
person 0.0252 222 215 262 289
person 0.0250 13 277 28 325
person 0.0249 117 188 171 264
person 0.0247 2 264 24 354
person 0.0246 104 112 122 158
person 0.0245 123 100 177 195
person 0.0240 178 137 215 308
person 0.0239 0 178 29 264
person 0.0238 173 90 227 268
person 0.0237 18 256 35 313
person 0.0237 159 273 177 327
person 0.0235 108 112 143 165
person 0.0234 25 65 171 299
person 0.0233 17 265 44 350
person 0.0233 97 156 132 237
person 0.0231 104 201 141 301
person 0.0230 122 106 155 183
person 0.0228 179 89 250 148
person 0.0225 23 284 41 337
person 0.0224 234 303 245 337
person 0.0222 3 246 22 301
person 0.0220 330 214 369 303
person 0.0220 102 92 190 175
person 0.0208 4 215 30 283
person 0.0207 224 109 292 312
person 0.0206 24 259 40 315
person 0.0205 68 173 162 314
person 0.0205 2 202 23 249
person 0.0205 30 236 37 257
person 0.0204 360 255 374 326
person 0.0204 1 89 27 138
person 0.0204 107 100 122 142
person 0.0203 110 153 215 384
person 0.0202 0 269 16 332
person 0.0201 0 151 14 204
person 0.0201 102 192 124 234
person 0.0201 144 116 162 161
pottedplant 0.0323 0 0 144 32
pottedplant 0.0307 28 0 111 20
pottedplant 0.0253 5 2 123 80
pottedplant 0.0210 99 186 137 234
train 0.0601 14 57 262 363
train 0.0201 0 20 283 210
