bird 0.0218 116 242 305 304
car 0.0376 463 314 500 333
cat 0.7581 104 19 383 312
cat 0.1189 115 101 306 296
cat 0.0419 244 15 491 317
cat 0.0368 115 115 227 267
cat 0.0351 0 0 401 178
cat 0.0342 251 19 387 282
cat 0.0340 7 5 282 306
cat 0.0334 102 199 383 300
cat 0.0328 177 14 435 245
cat 0.0304 116 228 306 293
cat 0.0254 140 239 378 307
cat 0.0234 181 94 360 247
cat 0.0228 106 104 192 226
cat 0.0224 114 11 381 127
cat 0.0219 273 0 500 156
cat 0.0218 111 189 236 288
cat 0.0217 17 73 171 308
cat 0.0202 0 4 291 116
cat 0.0202 280 19 371 133
chair 0.0240 3 95 148 329
diningtable 0.0268 0 0 500 304
person 0.0254 0 273 26 333
