cat 0.6727 109 29 488 241
cat 0.1060 198 83 494 213
cat 0.0782 112 41 229 134
cat 0.0661 106 40 272 227
cat 0.0631 341 106 496 206
cat 0.0508 113 243 500 372
cat 0.0444 137 46 323 124
cat 0.0409 85 117 448 263
cat 0.0399 103 39 200 198
cat 0.0377 115 41 211 84
cat 0.0375 97 35 200 113
cat 0.0327 112 39 422 161
cat 0.0293 118 34 279 103
cat 0.0268 118 152 381 238
cat 0.0243 374 140 500 202
cat 0.0223 213 142 486 236
cat 0.0211 147 44 229 101
cat 0.0210 148 72 387 222
cat 0.0202 107 36 169 86
chair 0.0847 84 32 500 296
chair 0.0539 333 35 495 216
chair 0.0337 49 23 197 259
chair 0.0335 140 34 468 161
chair 0.0329 396 82 499 204
chair 0.0328 93 18 261 233
chair 0.0319 4 150 214 361
chair 0.0304 0 16 122 292
chair 0.0299 218 100 500 266
chair 0.0284 186 243 500 369
chair 0.0271 40 33 385 211
chair 0.0270 251 158 500 325
chair 0.0264 234 0 491 237
chair 0.0250 373 29 479 166
chair 0.0239 54 41 318 331
chair 0.0233 165 118 491 375
chair 0.0226 413 9 500 172
chair 0.0221 71 32 197 171
chair 0.0215 177 28 343 101
chair 0.0212 246 66 491 173
chair 0.0211 192 16 443 110
chair 0.0210 336 118 500 208
chair 0.0205 300 11 483 139
diningtable 0.0242 39 151 500 375
diningtable 0.0203 47 12 442 193
sofa 0.4297 83 13 500 274
sofa 0.1081 5 150 500 375
sofa 0.0286 15 219 322 375
sofa 0.0227 0 37 366 293
