aeroplane 0.0899 427 373 500 398
bicycle 0.0279 0 278 417 393
bicycle 0.0230 183 287 499 394
bird 0.9079 7 42 418 390
bird 0.0631 0 279 352 396
bird 0.0517 250 41 399 332
bird 0.0398 107 48 403 183
bird 0.0387 208 51 396 137
bird 0.0346 4 212 148 310
bird 0.0289 4 251 185 376
bird 0.0271 206 34 384 100
bird 0.0254 293 49 402 151
bird 0.0254 78 241 443 396
bird 0.0254 322 123 492 395
bird 0.0252 7 43 368 235
bird 0.0248 0 186 373 379
bird 0.0244 200 60 482 378
bird 0.0238 4 242 94 362
bird 0.0234 7 250 101 311
bird 0.0226 8 180 99 302
bird 0.0222 303 373 405 394
bird 0.0208 265 41 394 115
boat 0.1655 423 378 500 398
boat 0.0463 458 381 500 398
boat 0.0430 406 366 500 396
boat 0.0423 423 382 469 399
boat 0.0388 420 387 492 399
boat 0.0309 405 334 500 399
boat 0.0306 451 366 500 399
boat 0.0239 477 378 499 399
boat 0.0237 441 375 472 399
boat 0.0231 345 360 500 399
boat 0.0222 442 370 489 390
boat 0.0206 240 278 500 394
bottle 0.0308 298 46 398 90
bottle 0.0226 267 44 400 112
chair 0.0269 0 295 344 399
