bicycle 0.0993 455 314 500 374
bicycle 0.0967 423 299 500 375
bicycle 0.0515 444 341 500 374
bicycle 0.0399 387 278 500 362
bicycle 0.0275 313 264 500 373
bicycle 0.0215 390 327 500 373
bicycle 0.0207 144 191 198 266
bicycle 0.0207 467 347 500 374
bicycle 0.0205 471 312 500 361
boat 0.0518 378 233 406 264
boat 0.0426 331 294 420 335
boat 0.0295 0 0 500 328
boat 0.0272 358 300 500 372
boat 0.0263 328 247 418 337
boat 0.0254 289 283 474 348
boat 0.0248 120 256 402 349
boat 0.0208 330 235 408 289
boat 0.0208 170 112 339 364
bottle 0.0207 266 259 285 305
bus 0.0315 0 0 447 375
bus 0.0236 0 0 500 175
car 0.2099 132 129 338 348
car 0.0475 0 0 482 240
car 0.0456 156 184 177 213
car 0.0394 130 279 326 345
car 0.0350 377 234 406 265
car 0.0345 61 46 398 303
car 0.0339 96 229 287 345
car 0.0335 201 253 246 269
car 0.0296 173 141 215 160
car 0.0268 159 135 271 228
car 0.0261 153 184 204 223
car 0.0258 148 184 221 242
car 0.0246 149 194 270 269
car 0.0238 152 184 181 234
car 0.0236 150 207 211 266
car 0.0235 177 129 302 195
car 0.0233 179 137 217 153
car 0.0231 150 235 230 269
car 0.0224 84 247 202 346
car 0.0219 244 191 336 298
car 0.0206 210 131 233 144
motorbike 0.7729 133 121 337 340
motorbike 0.1153 164 141 314 275
motorbike 0.0797 213 139 340 319
motorbike 0.0580 216 128 304 261
motorbike 0.0579 324 284 496 361
motorbike 0.0546 152 183 239 271
motorbike 0.0456 146 126 275 239
motorbike 0.0448 162 126 466 366
motorbike 0.0417 0 54 400 366
motorbike 0.0379 263 181 336 299
motorbike 0.0342 152 189 208 256
motorbike 0.0322 322 126 487 368
motorbike 0.0290 194 128 292 206
motorbike 0.0276 323 251 456 344
motorbike 0.0275 64 104 343 265
motorbike 0.0264 327 220 404 330
motorbike 0.0249 188 146 325 228
motorbike 0.0231 236 116 346 215
motorbike 0.0217 147 241 356 346
motorbike 0.0211 200 171 337 256
motorbike 0.0202 71 143 256 359
motorbike 0.0202 97 187 401 359
person 0.0736 121 220 134 265
person 0.0501 214 211 233 249
person 0.0489 4 15 425 339
person 0.0471 231 216 248 251
person 0.0450 206 131 292 258
person 0.0447 219 207 239 247
person 0.0444 214 129 232 159
person 0.0442 123 223 135 244
person 0.0428 237 218 254 256
person 0.0365 233 135 329 271
person 0.0357 220 195 240 234
person 0.0352 136 140 229 262
person 0.0349 214 199 245 253
person 0.0335 242 220 262 257
person 0.0334 217 130 266 203
person 0.0331 225 204 251 251
person 0.0320 169 149 268 273
person 0.0317 216 201 233 234
person 0.0315 211 91 223 119
person 0.0301 209 126 249 191
person 0.0292 154 200 206 267
person 0.0289 220 188 243 215
person 0.0287 231 233 247 266
person 0.0285 201 132 256 222
person 0.0284 188 186 213 209
person 0.0280 233 206 258 252
person 0.0272 222 224 240 261
person 0.0271 214 129 237 176
person 0.0266 277 175 293 204
person 0.0263 198 205 236 261
person 0.0257 231 139 284 214
person 0.0252 120 223 131 252
person 0.0248 222 179 242 205
person 0.0246 332 99 485 358
person 0.0245 225 196 249 233
person 0.0241 207 213 227 249
person 0.0238 221 159 264 240
person 0.0234 159 187 242 269
person 0.0233 116 218 138 275
person 0.0232 123 222 140 259
person 0.0232 249 131 295 204
person 0.0231 236 186 255 210
person 0.0227 334 308 357 335
person 0.0226 186 188 227 239
person 0.0224 269 188 337 302
person 0.0221 265 253 286 306
person 0.0221 190 191 218 220
person 0.0217 126 223 134 236
person 0.0217 270 168 288 200
person 0.0214 222 195 261 262
person 0.0211 175 143 242 239
person 0.0210 236 203 270 262
person 0.0208 189 196 211 228
person 0.0208 217 134 230 148
person 0.0208 125 156 247 335
person 0.0203 206 202 226 231
person 0.0200 207 165 248 240
pottedplant 0.0261 116 219 136 279
train 0.0308 0 0 387 306
train 0.0277 104 244 375 347
