aeroplane 0.8682 16 0 496 239
aeroplane 0.1490 161 165 250 202
aeroplane 0.1449 314 5 495 220
aeroplane 0.1380 0 118 123 251
aeroplane 0.1252 256 167 311 191
aeroplane 0.1250 331 138 497 215
aeroplane 0.1180 95 140 251 204
aeroplane 0.1006 0 0 142 239
aeroplane 0.0983 0 95 388 238
aeroplane 0.0962 151 149 290 200
aeroplane 0.0949 246 106 495 225
aeroplane 0.0913 264 173 287 189
aeroplane 0.0907 376 168 489 212
aeroplane 0.0906 9 116 226 238
aeroplane 0.0861 235 0 489 149
aeroplane 0.0831 271 162 455 227
aeroplane 0.0802 241 169 297 188
aeroplane 0.0788 248 174 273 186
aeroplane 0.0783 223 165 304 193
aeroplane 0.0776 257 173 282 186
aeroplane 0.0762 195 167 281 197
aeroplane 0.0751 201 150 318 191
aeroplane 0.0745 143 173 223 204
aeroplane 0.0705 55 115 242 193
aeroplane 0.0658 71 99 115 128
aeroplane 0.0611 269 139 367 228
aeroplane 0.0606 111 131 370 212
aeroplane 0.0600 259 150 322 190
aeroplane 0.0597 236 168 272 190
aeroplane 0.0585 241 173 264 185
aeroplane 0.0568 273 168 300 190
aeroplane 0.0567 71 100 93 129
aeroplane 0.0567 26 110 176 204
aeroplane 0.0552 301 0 495 79
aeroplane 0.0551 273 179 385 232
aeroplane 0.0535 1 86 144 193
aeroplane 0.0499 0 186 106 255
aeroplane 0.0497 117 164 211 199
aeroplane 0.0485 414 89 498 208
aeroplane 0.0480 266 135 351 195
aeroplane 0.0479 159 131 323 193
aeroplane 0.0450 20 38 280 205
aeroplane 0.0440 155 153 222 198
aeroplane 0.0431 4 0 224 151
aeroplane 0.0421 3 2 105 149
aeroplane 0.0408 80 101 125 119
aeroplane 0.0398 321 62 363 74
aeroplane 0.0397 124 0 411 158
aeroplane 0.0395 0 120 100 193
aeroplane 0.0392 64 101 135 134
aeroplane 0.0388 261 162 346 194
aeroplane 0.0383 248 175 262 190
aeroplane 0.0380 179 53 493 211
aeroplane 0.0364 215 160 282 189
aeroplane 0.0357 182 168 378 226
aeroplane 0.0355 358 50 496 173
aeroplane 0.0348 257 177 270 189
aeroplane 0.0347 63 154 273 227
aeroplane 0.0337 51 99 132 162
aeroplane 0.0333 8 225 80 252
aeroplane 0.0332 259 0 413 77
aeroplane 0.0322 155 0 500 88
aeroplane 0.0319 120 177 197 205
aeroplane 0.0319 351 0 500 127
aeroplane 0.0319 381 162 458 189
aeroplane 0.0305 18 205 69 250
aeroplane 0.0298 168 167 299 210
aeroplane 0.0294 0 235 41 271
aeroplane 0.0289 342 107 500 187
aeroplane 0.0289 243 177 254 188
aeroplane 0.0288 245 169 273 183
aeroplane 0.0284 217 164 255 190
aeroplane 0.0283 0 230 60 257
aeroplane 0.0282 258 164 288 192
aeroplane 0.0282 62 98 100 132
aeroplane 0.0279 72 95 141 123
aeroplane 0.0277 162 1 378 70
aeroplane 0.0276 231 171 248 185
aeroplane 0.0272 201 160 251 197
aeroplane 0.0271 15 150 70 190
aeroplane 0.0268 11 56 138 142
aeroplane 0.0256 261 167 340 219
aeroplane 0.0254 435 167 478 182
aeroplane 0.0252 456 254 500 297
aeroplane 0.0252 403 160 486 185
aeroplane 0.0251 0 246 61 274
aeroplane 0.0249 0 109 128 169
aeroplane 0.0248 250 154 299 195
aeroplane 0.0247 23 93 134 134
aeroplane 0.0244 223 138 301 186
aeroplane 0.0243 279 135 433 203
aeroplane 0.0240 139 160 258 223
aeroplane 0.0237 3 160 196 261
aeroplane 0.0231 320 58 386 75
aeroplane 0.0230 435 275 500 307
aeroplane 0.0230 131 145 451 232
aeroplane 0.0229 126 183 168 197
aeroplane 0.0228 128 116 287 183
aeroplane 0.0226 25 116 121 154
aeroplane 0.0226 118 185 176 206
aeroplane 0.0225 391 96 497 148
aeroplane 0.0224 0 0 347 97
aeroplane 0.0224 50 71 136 131
aeroplane 0.0218 166 151 243 184
aeroplane 0.0218 266 161 295 183
aeroplane 0.0216 0 231 98 266
aeroplane 0.0213 0 0 164 86
aeroplane 0.0210 3 259 44 274
aeroplane 0.0210 227 168 254 182
aeroplane 0.0208 418 100 470 140
aeroplane 0.0208 316 65 353 78
aeroplane 0.0206 16 105 105 142
aeroplane 0.0204 329 161 464 206
aeroplane 0.0204 33 124 96 174
aeroplane 0.0202 112 145 183 196
bicycle 0.0910 276 179 382 232
bicycle 0.0480 281 187 337 232
bicycle 0.0446 422 176 490 214
bicycle 0.0263 405 182 467 215
bicycle 0.0258 298 188 363 232
boat 0.0483 0 146 101 244
boat 0.0426 280 183 382 232
boat 0.0274 19 132 99 208
boat 0.0237 40 111 120 228
boat 0.0223 31 142 81 224
boat 0.0205 419 228 467 246
boat 0.0201 82 156 111 223
bus 0.0234 0 137 43 260
car 0.5855 158 171 240 204
car 0.2350 268 175 306 191
car 0.1991 195 170 241 201
car 0.1445 0 127 91 252
car 0.1424 163 175 207 203
car 0.1410 158 186 198 204
car 0.0935 262 166 309 192
car 0.0899 392 173 489 212
car 0.0853 215 169 241 197
car 0.0775 263 175 286 191
car 0.0770 3 126 82 195
car 0.0759 1 187 85 255
car 0.0675 258 178 281 189
car 0.0658 380 168 448 212
car 0.0617 201 185 242 204
car 0.0574 273 179 311 195
car 0.0560 247 177 272 190
car 0.0551 0 199 37 255
car 0.0549 170 171 211 193
car 0.0545 478 278 500 306
car 0.0538 88 182 107 224
car 0.0526 0 222 84 256
car 0.0521 175 186 220 204
car 0.0510 468 184 491 213
car 0.0506 223 173 247 196
car 0.0502 427 181 491 215
car 0.0498 0 212 22 252
car 0.0481 32 158 96 248
car 0.0481 185 176 228 203
car 0.0478 226 172 251 186
car 0.0469 2 233 38 253
car 0.0454 151 189 180 204
car 0.0444 236 176 263 190
car 0.0442 381 165 459 193
car 0.0430 158 193 194 208
car 0.0421 268 172 316 204
car 0.0415 2 167 41 249
car 0.0408 184 170 233 190
car 0.0406 0 218 29 263
car 0.0396 481 267 498 291
car 0.0395 2 129 44 210
car 0.0389 418 229 449 246
car 0.0380 230 172 244 193
car 0.0373 218 180 250 199
car 0.0372 203 174 231 205
car 0.0367 478 255 499 287
car 0.0360 135 181 212 207
car 0.0355 177 161 245 197
car 0.0351 226 173 268 193
car 0.0349 280 184 329 231
car 0.0348 454 278 500 303
car 0.0341 463 277 500 293
car 0.0341 216 169 258 190
car 0.0340 0 258 37 276
car 0.0336 2 147 100 214
car 0.0334 0 158 80 200
car 0.0333 82 167 110 226
car 0.0320 0 174 82 217
car 0.0319 31 142 88 185
car 0.0317 382 187 440 213
car 0.0312 156 175 189 206
car 0.0307 241 175 255 190
car 0.0307 8 141 60 187
car 0.0302 0 250 31 272
car 0.0302 0 199 9 254
car 0.0301 284 171 310 194
car 0.0298 417 268 499 305
car 0.0290 278 177 309 218
car 0.0286 23 208 78 250
car 0.0282 208 165 242 183
car 0.0281 6 127 75 158
car 0.0281 230 181 263 198
car 0.0281 0 187 23 248
car 0.0279 11 169 63 248
car 0.0279 0 237 24 269
car 0.0279 143 183 180 207
car 0.0279 0 245 37 264
car 0.0274 465 250 500 303
car 0.0273 6 221 45 252
car 0.0272 12 233 60 251
car 0.0261 415 180 457 213
car 0.0260 316 187 382 231
car 0.0257 265 179 296 194
car 0.0255 66 168 103 237
car 0.0251 20 227 81 249
car 0.0241 384 169 437 186
car 0.0240 47 148 92 221
car 0.0235 433 248 499 298
car 0.0234 159 170 199 190
car 0.0234 138 194 173 208
car 0.0234 74 151 89 187
car 0.0234 173 194 210 207
car 0.0234 31 122 94 204
car 0.0234 34 181 87 223
car 0.0232 24 161 77 185
car 0.0232 175 165 210 179
car 0.0228 219 188 252 203
car 0.0225 477 187 495 215
car 0.0225 241 182 271 197
car 0.0223 487 269 500 302
car 0.0220 5 150 36 189
car 0.0219 169 162 230 187
car 0.0217 10 205 63 257
car 0.0217 94 180 111 217
car 0.0217 7 129 32 183
car 0.0215 471 248 500 274
car 0.0215 81 187 102 225
car 0.0212 190 164 228 178
car 0.0211 141 188 168 205
car 0.0207 0 117 98 164
car 0.0205 54 150 90 183
car 0.0200 453 267 499 324
chair 0.0360 281 187 323 231
chair 0.0314 384 169 439 214
chair 0.0308 420 228 450 246
chair 0.0234 315 193 377 234
chair 0.0212 381 186 430 213
person 0.0754 27 194 46 248
person 0.0747 35 196 49 235
person 0.0699 279 134 363 227
person 0.0673 421 229 435 246
person 0.0663 327 189 380 233
person 0.0518 6 189 45 253
person 0.0488 19 178 49 247
person 0.0478 41 197 57 231
person 0.0468 258 178 271 191
person 0.0436 32 187 67 246
person 0.0429 5 134 33 193
person 0.0418 11 144 28 187
person 0.0382 193 175 220 205
person 0.0382 28 174 59 235
person 0.0381 284 182 378 232
person 0.0362 4 0 181 239
person 0.0360 420 172 486 214
person 0.0357 11 139 55 192
person 0.0345 221 171 240 191
person 0.0341 424 232 434 243
person 0.0337 422 181 447 213
person 0.0329 182 170 208 202
person 0.0320 5 214 30 251
person 0.0315 421 226 442 248
person 0.0312 429 177 465 215
person 0.0309 18 211 38 249
person 0.0303 0 168 40 242
person 0.0299 36 184 63 225
person 0.0298 278 180 333 233
person 0.0293 29 200 57 242
person 0.0292 2 148 38 214
person 0.0287 30 133 75 186
person 0.0283 30 188 45 226
person 0.0280 28 146 57 186
person 0.0271 289 127 346 194
person 0.0269 47 183 93 249
person 0.0266 290 163 349 229
person 0.0264 280 188 311 231
person 0.0264 75 154 89 192
person 0.0261 310 188 356 233
person 0.0260 410 167 456 213
person 0.0260 4 142 21 189
person 0.0258 232 174 244 188
person 0.0257 157 152 210 201
person 0.0256 459 183 490 213
person 0.0256 33 170 73 226
person 0.0249 22 197 39 238
person 0.0249 26 151 47 184
person 0.0244 176 159 237 205
person 0.0243 356 192 380 228
person 0.0238 31 159 53 187
person 0.0235 34 186 50 216
person 0.0233 343 194 374 232
person 0.0231 13 138 35 179
person 0.0230 40 151 59 181
person 0.0226 425 230 440 243
person 0.0226 204 168 231 197
person 0.0225 15 155 53 211
person 0.0219 27 162 47 193
person 0.0218 418 231 432 242
person 0.0217 14 153 35 189
person 0.0215 442 182 468 214
person 0.0214 11 153 64 240
person 0.0212 75 169 89 209
person 0.0212 72 190 90 225
person 0.0210 47 192 66 222
person 0.0209 9 162 28 198
person 0.0208 42 192 73 234
person 0.0207 65 179 104 246
person 0.0205 29 167 54 214
