bicycle 0.1353 382 201 446 306
bicycle 0.0880 368 125 462 283
bicycle 0.0422 369 126 447 173
bicycle 0.0367 374 127 464 202
bicycle 0.0349 17 244 81 333
bicycle 0.0341 336 162 454 254
bicycle 0.0336 358 216 471 315
bicycle 0.0318 394 164 484 301
bicycle 0.0291 320 104 478 232
bicycle 0.0284 387 242 441 303
bicycle 0.0275 345 193 453 289
bicycle 0.0233 47 249 86 332
bicycle 0.0230 90 115 500 266
bicycle 0.0219 310 170 468 305
boat 0.0522 0 0 394 224
boat 0.0284 47 0 179 159
boat 0.0208 478 0 500 46
bottle 0.0253 131 0 157 61
bus 0.0580 27 21 371 269
car 0.8574 28 111 436 238
car 0.1661 0 147 66 256
car 0.1476 0 150 59 198
car 0.1009 9 142 147 253
car 0.0994 466 95 498 108
car 0.0978 0 17 409 227
car 0.0974 15 140 282 249
car 0.0917 336 120 450 239
car 0.0766 479 84 499 108
car 0.0670 387 135 453 234
car 0.0624 252 107 458 249
car 0.0588 296 111 447 172
car 0.0581 167 116 447 211
car 0.0536 0 92 474 333
car 0.0529 456 80 500 109
car 0.0504 0 154 26 184
car 0.0502 51 113 165 247
car 0.0491 0 138 92 300
car 0.0482 457 95 484 108
car 0.0480 1 136 73 171
car 0.0480 7 148 85 179
car 0.0462 415 143 498 238
car 0.0433 352 105 470 182
car 0.0425 374 129 449 186
car 0.0420 0 152 54 178
car 0.0403 414 145 499 181
car 0.0398 141 101 283 156
car 0.0388 456 90 471 108
car 0.0380 401 139 448 209
car 0.0364 389 130 494 201
car 0.0342 147 106 399 178
car 0.0334 459 89 491 107
car 0.0322 332 122 442 164
car 0.0318 0 86 96 242
car 0.0317 50 143 133 176
car 0.0309 29 115 140 204
car 0.0304 379 123 487 262
car 0.0303 215 106 390 159
car 0.0300 362 69 395 82
car 0.0296 401 197 447 215
car 0.0276 66 129 133 170
car 0.0270 170 89 292 139
car 0.0269 298 75 329 87
car 0.0264 17 50 191 245
car 0.0261 0 0 261 181
car 0.0259 305 71 335 81
car 0.0252 394 136 489 169
car 0.0252 0 137 94 195
car 0.0248 52 184 217 248
car 0.0246 9 152 55 167
car 0.0242 64 78 133 211
car 0.0241 289 73 336 90
car 0.0241 3 123 73 160
car 0.0239 121 90 238 145
car 0.0233 195 96 218 108
car 0.0228 0 106 49 235
car 0.0228 451 84 478 110
car 0.0228 3 238 77 333
car 0.0226 320 71 348 81
car 0.0225 203 95 228 109
car 0.0225 0 109 47 170
car 0.0223 192 85 227 110
car 0.0223 0 100 73 184
car 0.0222 445 145 499 200
car 0.0220 290 70 319 81
car 0.0218 282 75 315 87
car 0.0217 0 153 36 168
car 0.0217 2 146 42 161
car 0.0217 487 91 500 113
car 0.0217 357 70 380 81
car 0.0217 0 140 34 188
car 0.0216 334 71 359 80
car 0.0214 32 138 117 167
car 0.0214 431 148 500 171
car 0.0212 351 71 371 81
car 0.0212 155 97 184 108
car 0.0212 2 144 20 167
car 0.0210 293 186 452 246
car 0.0208 305 88 423 161
car 0.0207 398 172 452 228
car 0.0206 0 154 34 215
car 0.0206 281 67 338 84
car 0.0206 16 151 72 214
car 0.0201 141 96 171 108
chair 0.0471 119 109 141 144
chair 0.0460 393 138 455 244
chair 0.0418 387 228 446 305
chair 0.0339 136 120 184 149
chair 0.0328 396 137 486 275
chair 0.0311 0 143 60 276
chair 0.0303 388 178 446 268
chair 0.0280 33 246 79 333
chair 0.0269 403 162 447 217
chair 0.0268 382 196 464 289
chair 0.0238 116 126 141 146
chair 0.0229 408 148 478 230
chair 0.0221 432 149 496 240
diningtable 0.0245 108 73 242 130
diningtable 0.0231 74 71 185 134
dog 0.0471 372 132 441 163
person 0.7515 79 61 128 154
person 0.6823 137 99 183 150
person 0.6483 231 81 273 146
person 0.6324 308 74 340 120
person 0.4834 232 84 274 112
person 0.3727 244 124 273 151
person 0.2993 236 107 275 156
person 0.2654 57 47 114 158
person 0.2453 196 87 274 150
person 0.2195 302 93 341 147
person 0.1445 144 97 249 148
person 0.1426 107 62 138 118
person 0.1379 214 90 234 113
person 0.1370 229 87 253 113
person 0.1354 65 58 142 193
person 0.1317 181 96 234 146
person 0.1302 302 125 333 149
person 0.1206 175 108 265 150
person 0.1084 211 94 249 147
person 0.1049 203 114 286 150
person 0.1044 90 62 155 149
person 0.1040 62 20 145 150
person 0.0986 67 75 92 154
person 0.0950 303 120 353 150
person 0.0929 157 106 187 147
person 0.0909 237 125 262 151
person 0.0902 287 78 337 136
person 0.0874 132 100 168 140
person 0.0872 213 90 250 116
person 0.0872 261 123 292 149
person 0.0867 87 59 135 122
person 0.0839 198 106 242 149
person 0.0793 312 74 336 100
person 0.0773 221 123 267 150
person 0.0768 114 74 177 149
person 0.0756 244 124 275 178
person 0.0754 207 89 239 137
person 0.0733 99 64 127 117
person 0.0727 220 86 238 110
person 0.0713 121 100 156 145
person 0.0712 118 61 138 93
person 0.0708 134 101 211 164
person 0.0706 53 68 89 159
person 0.0682 113 57 151 109
person 0.0678 102 61 125 92
person 0.0674 208 105 275 178
person 0.0673 143 100 176 133
person 0.0668 223 94 300 153
person 0.0664 299 123 321 147
person 0.0636 117 69 138 111
person 0.0628 242 83 328 149
person 0.0627 209 90 226 113
person 0.0627 221 90 279 124
person 0.0626 47 69 175 242
person 0.0624 211 84 255 127
person 0.0623 137 21 152 61
person 0.0617 282 120 340 148
person 0.0616 18 37 84 161
person 0.0604 249 103 280 148
person 0.0591 107 62 134 83
person 0.0577 115 71 142 141
person 0.0575 270 120 306 145
person 0.0574 134 104 156 133
person 0.0573 87 10 172 132
person 0.0559 45 91 123 217
person 0.0557 88 97 120 148
person 0.0557 51 248 77 308
person 0.0551 168 113 221 148
person 0.0547 296 119 379 160
person 0.0531 307 74 341 90
person 0.0529 61 125 154 242
person 0.0528 231 126 273 159
person 0.0523 163 101 201 145
person 0.0521 217 86 263 109
person 0.0519 224 93 260 138
person 0.0517 226 97 264 113
person 0.0516 131 101 215 217
person 0.0515 94 98 182 221
person 0.0512 143 100 179 118
person 0.0511 372 125 449 220
person 0.0503 72 71 109 143
person 0.0500 118 106 143 145
person 0.0493 205 53 269 136
person 0.0492 227 128 256 149
person 0.0486 89 62 126 81
person 0.0484 208 81 237 115
person 0.0479 165 123 185 150
person 0.0478 181 101 280 218
person 0.0477 271 127 296 148
person 0.0475 134 39 208 136
person 0.0474 122 85 166 135
person 0.0472 210 120 252 149
person 0.0471 218 95 239 123
person 0.0471 205 80 271 114
person 0.0464 234 107 348 153
person 0.0461 252 87 277 114
person 0.0459 233 120 299 153
person 0.0457 250 115 327 147
person 0.0457 125 104 147 136
person 0.0456 103 69 135 145
person 0.0455 201 91 215 112
person 0.0454 149 112 180 153
person 0.0447 294 123 311 148
person 0.0444 300 76 329 114
person 0.0441 265 93 311 144
person 0.0440 71 104 131 162
person 0.0437 302 81 362 158
person 0.0436 131 101 162 122
person 0.0426 79 62 123 103
person 0.0426 75 45 172 169
person 0.0423 133 12 156 66
person 0.0416 228 95 250 122
person 0.0413 270 119 351 158
person 0.0410 118 12 153 89
person 0.0409 386 134 444 170
person 0.0406 125 60 165 119
person 0.0404 320 121 393 146
person 0.0404 129 23 150 67
person 0.0402 125 74 143 109
person 0.0399 165 103 187 135
person 0.0399 165 106 235 161
person 0.0397 113 3 146 64
person 0.0396 89 71 121 137
person 0.0393 149 98 171 122
person 0.0390 170 117 196 147
person 0.0384 315 74 333 89
person 0.0381 405 139 445 186
person 0.0375 79 72 97 101
person 0.0370 90 9 144 99
person 0.0360 302 81 318 111
person 0.0359 74 73 90 112
person 0.0359 110 103 134 146
person 0.0358 322 92 367 143
person 0.0356 276 106 341 140
person 0.0355 52 248 68 285
person 0.0355 309 114 336 145
person 0.0352 344 121 382 135
person 0.0348 94 62 120 98
person 0.0345 138 97 198 128
person 0.0344 116 106 330 227
person 0.0344 453 92 465 108
person 0.0343 313 127 343 153
person 0.0343 129 32 163 102
person 0.0341 140 111 168 147
person 0.0337 104 98 184 167
person 0.0337 247 132 277 156
person 0.0331 137 85 151 107
person 0.0331 176 70 257 151
person 0.0327 120 81 147 128
person 0.0326 247 93 273 125
person 0.0325 123 64 145 99
person 0.0325 225 116 283 166
person 0.0323 283 124 318 141
person 0.0318 82 62 115 87
person 0.0318 229 50 291 136
person 0.0317 0 46 109 237
person 0.0313 301 120 345 137
person 0.0313 312 117 366 139
person 0.0312 153 101 168 113
person 0.0310 313 72 336 85
person 0.0310 289 114 428 156
person 0.0309 325 124 350 150
person 0.0309 291 71 339 106
person 0.0308 203 116 334 160
person 0.0308 230 80 302 121
person 0.0307 338 118 376 139
person 0.0306 125 6 148 55
person 0.0305 170 100 185 117
person 0.0305 254 118 282 145
person 0.0304 131 71 154 109
person 0.0304 189 77 231 131
person 0.0304 311 64 351 111
person 0.0303 95 58 141 90
person 0.0303 100 111 123 148
person 0.0300 123 60 137 79
person 0.0299 138 4 152 46
person 0.0295 233 91 261 123
person 0.0295 268 119 290 142
person 0.0291 405 157 447 217
person 0.0290 136 97 154 118
person 0.0289 85 70 109 101
person 0.0288 141 26 158 61
person 0.0287 301 74 318 99
person 0.0286 173 99 183 111
person 0.0285 270 74 316 124
person 0.0284 89 125 119 147
person 0.0284 163 49 244 136
person 0.0280 65 0 104 63
person 0.0280 116 3 140 46
person 0.0279 273 118 327 138
person 0.0278 141 118 198 150
person 0.0278 196 86 220 114
person 0.0278 218 109 261 146
person 0.0277 160 101 189 123
person 0.0277 256 97 279 126
person 0.0277 146 115 255 236
person 0.0276 135 114 155 147
person 0.0275 194 94 208 111
person 0.0274 112 13 225 143
person 0.0273 311 75 325 86
person 0.0272 235 137 271 154
person 0.0270 94 0 135 58
person 0.0269 205 97 231 119
person 0.0268 292 120 329 135
person 0.0266 405 136 445 161
person 0.0264 146 106 214 139
person 0.0264 70 65 96 119
person 0.0263 81 0 123 65
person 0.0263 336 118 359 145
person 0.0262 19 8 208 224
person 0.0262 104 64 123 78
person 0.0262 348 122 408 151
person 0.0262 155 97 166 108
person 0.0261 212 105 237 141
person 0.0260 175 124 206 148
person 0.0259 319 76 364 128
person 0.0259 150 98 172 111
person 0.0258 348 123 393 141
person 0.0257 192 99 222 138
person 0.0257 366 123 442 179
person 0.0257 229 118 279 144
person 0.0256 187 117 226 150
person 0.0255 237 112 276 207
person 0.0254 361 127 424 160
person 0.0254 82 23 121 89
person 0.0253 236 83 255 103
person 0.0252 103 52 158 93
person 0.0247 132 98 291 186
person 0.0246 290 86 343 118
person 0.0246 109 68 135 99
person 0.0246 67 92 109 164
person 0.0246 75 66 107 95
person 0.0245 145 93 158 107
person 0.0245 218 131 246 150
person 0.0244 48 248 85 333
person 0.0243 120 20 143 66
person 0.0242 136 64 155 97
person 0.0242 306 95 339 127
person 0.0242 356 121 371 134
person 0.0242 113 78 132 120
person 0.0240 131 14 145 47
person 0.0240 298 77 332 91
person 0.0239 119 0 174 108
person 0.0239 413 141 441 172
person 0.0238 344 119 369 132
person 0.0237 338 115 358 134
person 0.0237 199 97 215 123
person 0.0236 325 75 339 87
person 0.0236 324 113 367 151
person 0.0234 344 110 390 153
person 0.0233 124 60 144 84
person 0.0232 300 74 322 88
person 0.0232 119 51 141 83
person 0.0231 276 129 331 150
person 0.0230 199 100 269 132
person 0.0229 174 94 183 107
person 0.0228 61 56 124 120
person 0.0227 172 102 193 125
person 0.0227 128 3 146 35
person 0.0227 92 93 138 153
person 0.0226 146 99 160 112
person 0.0226 198 0 270 120
person 0.0225 254 122 295 163
person 0.0224 183 112 244 138
person 0.0224 275 107 400 173
person 0.0224 114 65 131 79
person 0.0224 99 15 141 69
person 0.0224 357 122 395 134
person 0.0223 322 73 343 84
person 0.0223 71 99 90 149
person 0.0223 26 89 82 165
person 0.0222 187 96 198 111
person 0.0221 120 13 137 53
person 0.0221 178 98 189 111
person 0.0220 137 91 165 117
person 0.0218 155 87 192 138
person 0.0217 254 82 272 104
person 0.0215 60 104 89 168
person 0.0215 178 112 204 144
person 0.0214 291 51 358 139
person 0.0214 1 92 43 163
person 0.0214 301 102 392 144
person 0.0214 71 69 117 113
person 0.0213 107 0 137 34
person 0.0213 235 117 359 175
person 0.0213 351 122 377 147
person 0.0212 159 99 180 111
person 0.0212 116 42 145 91
person 0.0212 138 0 153 29
person 0.0211 162 102 176 114
person 0.0211 316 87 407 168
person 0.0209 161 0 243 118
person 0.0209 344 90 442 177
person 0.0208 1 143 67 292
person 0.0208 18 239 82 333
person 0.0208 454 83 472 107
person 0.0208 65 106 243 231
person 0.0208 295 110 325 141
person 0.0205 113 2 382 259
person 0.0204 132 64 185 136
pottedplant 0.0247 62 0 107 74
pottedplant 0.0245 80 0 134 74
pottedplant 0.0231 0 37 49 174
pottedplant 0.0200 1 60 37 113
sofa 0.0376 20 115 362 236
sofa 0.0341 0 98 486 271
sofa 0.0214 11 61 159 200
sofa 0.0210 51 74 257 214
tvmonitor 0.0416 272 120 296 143
tvmonitor 0.0405 76 0 199 133
tvmonitor 0.0367 94 0 159 86
tvmonitor 0.0355 19 0 274 241
tvmonitor 0.0293 274 120 309 136
tvmonitor 0.0245 18 30 89 150
tvmonitor 0.0235 259 115 313 144
tvmonitor 0.0226 111 0 211 75
tvmonitor 0.0209 129 0 158 54
tvmonitor 0.0206 118 79 141 108
