aeroplane 0.0216 21 1 92 153
boat 0.7973 41 7 375 429
boat 0.2315 128 316 367 402
boat 0.1529 67 226 375 431
boat 0.1493 37 0 229 379
boat 0.1423 48 304 60 339
boat 0.1279 167 357 371 405
boat 0.1277 238 322 368 400
boat 0.0909 206 310 328 399
boat 0.0900 34 4 137 370
boat 0.0650 175 292 304 378
boat 0.0598 43 117 120 342
boat 0.0592 192 344 341 394
boat 0.0564 52 0 209 219
boat 0.0543 71 336 332 416
boat 0.0508 77 308 105 384
boat 0.0503 58 163 263 398
boat 0.0502 346 287 370 300
boat 0.0501 2 313 15 351
boat 0.0499 5 323 22 346
boat 0.0494 201 265 371 411
boat 0.0491 76 297 162 397
boat 0.0474 3 334 26 350
boat 0.0465 59 316 374 458
boat 0.0465 72 287 315 390
boat 0.0463 111 334 263 396
boat 0.0456 2 328 20 352
boat 0.0453 346 290 358 302
boat 0.0451 258 344 360 386
boat 0.0439 11 326 27 343
boat 0.0437 248 300 351 380
boat 0.0436 201 366 325 402
boat 0.0429 139 58 244 390
boat 0.0416 74 340 156 390
boat 0.0407 341 292 352 303
boat 0.0404 43 306 70 339
boat 0.0403 0 315 25 350
boat 0.0398 109 0 162 174
boat 0.0397 68 8 348 244
boat 0.0394 345 290 371 306
boat 0.0387 43 312 56 338
boat 0.0386 117 216 303 395
boat 0.0384 0 294 17 356
boat 0.0383 50 371 375 500
boat 0.0377 347 284 357 298
boat 0.0371 246 228 364 381
boat 0.0364 189 357 286 396
boat 0.0359 346 287 353 302
boat 0.0357 95 1 179 109
boat 0.0351 275 271 362 398
boat 0.0350 335 282 375 304
boat 0.0350 342 285 352 298
boat 0.0347 153 319 253 381
boat 0.0339 37 305 60 341
boat 0.0337 344 292 358 308
boat 0.0336 350 282 364 298
boat 0.0332 44 43 118 256
boat 0.0332 44 221 129 364
boat 0.0329 0 336 20 361
boat 0.0328 21 329 33 342
boat 0.0328 338 293 356 306
boat 0.0325 288 334 372 376
boat 0.0322 56 164 141 393
boat 0.0311 70 263 202 401
boat 0.0300 347 287 373 317
boat 0.0296 321 344 375 379
boat 0.0291 336 292 347 303
boat 0.0290 74 360 162 400
boat 0.0290 0 24 88 421
boat 0.0288 336 289 354 300
boat 0.0287 44 10 173 127
boat 0.0285 350 264 371 307
boat 0.0284 76 301 126 379
boat 0.0282 160 255 316 360
boat 0.0279 42 312 51 341
boat 0.0276 346 280 369 296
boat 0.0276 38 319 48 337
boat 0.0275 17 326 36 339
boat 0.0272 31 330 40 342
boat 0.0270 346 346 372 365
boat 0.0270 350 285 359 301
boat 0.0270 353 284 369 307
boat 0.0270 28 2 134 162
boat 0.0266 354 278 368 300
boat 0.0266 37 328 47 342
boat 0.0264 360 286 374 326
boat 0.0263 155 327 286 411
boat 0.0261 0 329 37 350
boat 0.0259 21 320 33 338
boat 0.0257 112 1 138 91
boat 0.0256 50 315 59 347
boat 0.0255 54 311 73 336
boat 0.0254 6 298 20 345
boat 0.0252 337 284 347 298
boat 0.0252 33 174 96 375
boat 0.0252 86 4 173 296
boat 0.0251 5 339 30 355
boat 0.0250 341 281 357 294
boat 0.0249 82 113 364 357
boat 0.0247 333 295 346 310
boat 0.0247 177 238 235 374
boat 0.0247 346 277 352 298
boat 0.0246 42 322 60 338
boat 0.0245 341 295 348 307
boat 0.0244 23 332 31 346
boat 0.0244 73 6 141 204
boat 0.0243 345 293 353 312
boat 0.0242 14 243 271 446
boat 0.0241 20 0 107 289
boat 0.0241 231 248 311 355
boat 0.0241 350 290 361 305
boat 0.0239 31 321 40 337
boat 0.0237 73 349 221 407
boat 0.0237 347 258 372 353
boat 0.0237 117 0 150 111
boat 0.0236 353 289 371 330
boat 0.0236 14 335 25 351
boat 0.0233 77 329 93 381
boat 0.0233 46 280 144 384
boat 0.0233 38 326 54 338
boat 0.0232 148 276 244 372
boat 0.0232 28 327 45 338
boat 0.0232 165 373 285 400
boat 0.0229 20 337 33 348
boat 0.0227 15 335 36 345
boat 0.0227 280 306 372 371
boat 0.0226 329 281 358 305
boat 0.0222 309 233 371 398
boat 0.0222 338 350 374 373
boat 0.0218 0 311 7 360
boat 0.0218 2 319 45 344
boat 0.0215 362 270 372 302
boat 0.0211 91 72 218 340
boat 0.0211 335 289 341 303
boat 0.0208 350 274 359 297
boat 0.0208 161 158 278 414
boat 0.0208 36 323 42 342
boat 0.0207 0 324 20 375
boat 0.0205 29 325 35 342
boat 0.0204 45 301 67 363
boat 0.0203 357 348 374 378
boat 0.0201 9 316 31 338
boat 0.0200 245 359 353 396
car 0.0249 362 346 373 372
car 0.0216 364 344 372 364
car 0.0200 353 346 375 365
person 0.7750 249 285 284 367
person 0.4940 205 330 238 374
person 0.1434 212 299 275 375
person 0.0944 203 296 235 374
person 0.0936 248 289 309 380
person 0.0859 209 317 248 369
person 0.0817 261 294 285 357
person 0.0780 202 336 258 381
person 0.0721 214 341 243 375
person 0.0714 237 314 299 375
person 0.0689 201 334 224 375
person 0.0677 182 327 244 376
person 0.0592 270 296 286 341
person 0.0586 247 290 275 346
person 0.0547 250 288 282 321
person 0.0531 247 296 266 336
person 0.0478 219 325 240 367
person 0.0439 182 283 249 373
person 0.0426 267 317 286 368
person 0.0420 245 238 289 373
person 0.0409 247 288 268 317
person 0.0409 207 350 231 379
person 0.0378 183 335 213 373
person 0.0323 183 319 281 381
person 0.0321 184 342 198 372
person 0.0317 187 345 231 375
person 0.0312 195 342 217 371
person 0.0309 195 326 232 362
person 0.0306 188 350 205 374
person 0.0296 219 286 255 369
person 0.0293 172 318 185 374
person 0.0283 201 251 283 356
person 0.0275 218 327 277 368
person 0.0268 251 321 283 371
person 0.0258 205 322 235 348
person 0.0256 178 323 200 373
person 0.0238 212 191 273 352
person 0.0228 210 356 243 379
person 0.0228 220 336 254 371
person 0.0220 274 304 290 346
person 0.0219 246 306 256 333
person 0.0216 269 289 285 323
person 0.0215 186 181 248 356
person 0.0213 174 325 191 373
person 0.0211 218 310 234 353
person 0.0210 139 0 243 396
person 0.0210 252 284 281 308
