bottle 0.0215 428 0 465 64
cat 0.9071 4 5 492 328
cat 0.0576 121 5 443 108
cat 0.0436 7 0 157 228
cat 0.0369 358 29 476 294
cat 0.0339 22 0 464 177
cat 0.0330 295 266 492 329
cat 0.0326 0 230 356 327
cat 0.0307 156 231 500 328
cat 0.0288 253 15 484 314
cat 0.0278 272 7 441 101
cat 0.0276 2 9 215 330
cat 0.0272 160 3 383 57
cat 0.0246 30 166 498 323
cat 0.0237 268 0 494 145
cat 0.0236 390 38 465 144
cat 0.0235 287 175 493 332
cat 0.0230 328 30 465 146
cat 0.0227 170 269 419 329
cat 0.0226 2 218 170 330
cat 0.0225 5 181 92 323
cat 0.0224 344 0 435 90
cat 0.0206 10 122 81 275
cat 0.0202 8 0 356 120
cat 0.0201 0 272 220 329
dog 0.0224 320 279 500 329
person 0.0216 1 0 44 57
person 0.0205 0 0 20 41
