aeroplane 0.0451 0 21 332 458
bottle 0.0443 322 1 331 50
bottle 0.0230 324 0 332 78
bottle 0.0213 0 367 8 445
car 0.0200 295 59 331 89
chair 0.0699 6 69 164 286
chair 0.0615 3 64 103 354
chair 0.0513 9 153 186 331
chair 0.0478 7 19 233 360
chair 0.0435 0 182 269 465
chair 0.0428 3 79 61 317
chair 0.0425 298 75 330 219
chair 0.0402 24 102 193 235
chair 0.0372 22 214 173 356
chair 0.0368 30 158 161 254
chair 0.0330 7 87 87 247
chair 0.0298 2 194 117 373
chair 0.0296 18 184 144 291
chair 0.0292 21 78 119 216
chair 0.0283 102 0 324 489
chair 0.0280 11 164 76 359
chair 0.0278 239 0 326 358
chair 0.0264 0 0 142 499
chair 0.0258 68 74 229 268
chair 0.0250 46 4 174 238
chair 0.0248 31 114 107 285
chair 0.0239 14 43 217 201
chair 0.0238 4 39 58 218
chair 0.0234 298 155 332 221
chair 0.0224 249 215 314 383
chair 0.0218 17 10 126 151
chair 0.0215 62 82 159 209
chair 0.0206 300 303 330 390
chair 0.0205 131 108 219 228
chair 0.0204 53 185 204 302
diningtable 0.0350 0 133 259 431
dog 0.8138 126 227 263 469
dog 0.0776 79 121 273 484
dog 0.0519 145 232 251 308
dog 0.0500 129 220 265 351
dog 0.0448 39 210 228 457
dog 0.0431 116 226 222 404
dog 0.0339 172 226 272 404
dog 0.0275 152 225 214 290
dog 0.0242 201 218 274 340
dog 0.0221 152 304 286 465
dog 0.0203 113 223 209 325
person 0.0577 324 2 332 51
person 0.0503 0 82 285 473
person 0.0326 157 231 222 282
person 0.0283 323 2 329 32
person 0.0273 107 0 314 470
person 0.0272 60 219 239 379
person 0.0255 177 234 242 284
person 0.0238 203 234 260 389
person 0.0238 315 0 329 44
person 0.0233 173 221 304 441
person 0.0224 173 232 256 338
person 0.0222 129 229 207 291
person 0.0206 107 179 225 422
person 0.0203 201 234 257 313
sofa 0.0468 9 21 332 445
tvmonitor 0.0237 0 0 51 213
tvmonitor 0.0233 0 74 53 284
tvmonitor 0.0227 0 0 32 164
