bird 0.0627 108 138 137 199
bird 0.0615 116 166 138 198
bird 0.0519 112 135 130 169
bird 0.0426 194 239 227 277
bird 0.0398 2 107 150 360
bird 0.0383 170 24 198 51
bird 0.0297 108 140 151 219
bird 0.0286 109 167 143 210
bird 0.0264 192 237 209 274
bird 0.0258 82 149 98 187
bird 0.0255 357 110 382 144
bird 0.0253 24 152 128 323
bird 0.0240 191 222 291 361
bird 0.0240 119 156 292 371
bird 0.0235 70 259 109 308
bird 0.0221 5 231 284 366
bird 0.0215 351 105 387 170
bird 0.0211 96 136 135 180
bird 0.0210 64 141 151 301
bird 0.0207 6 135 91 308
bird 0.0201 193 237 231 304
boat 0.0269 40 0 102 65
boat 0.0230 14 0 162 56
bottle 0.0209 195 241 231 295
car 0.8657 202 137 291 217
car 0.0662 247 145 289 212
car 0.0566 228 169 290 214
car 0.0523 222 142 282 194
car 0.0473 196 160 304 252
car 0.0466 199 135 266 196
car 0.0402 204 150 257 219
car 0.0344 478 0 499 39
car 0.0302 208 138 282 170
car 0.0297 202 148 238 186
car 0.0269 459 0 497 57
car 0.0260 222 188 286 213
car 0.0260 204 202 288 232
car 0.0249 145 141 264 213
car 0.0235 240 136 289 182
car 0.0228 218 177 262 211
car 0.0227 225 109 303 209
car 0.0222 202 140 242 171
car 0.0216 194 145 232 212
car 0.0215 201 149 225 175
car 0.0211 375 1 500 56
car 0.0210 246 191 291 212
car 0.0205 203 162 239 208
cow 0.0419 11 8 178 341
cow 0.0403 353 54 498 144
cow 0.0359 458 66 498 143
cow 0.0282 22 150 281 366
cow 0.0217 0 51 448 369
cow 0.0207 299 30 499 169
dog 0.0345 12 61 176 353
dog 0.0266 28 124 271 337
horse 0.0473 4 128 300 375
horse 0.0219 9 46 142 256
person 0.0667 116 166 138 202
person 0.0652 204 148 241 212
person 0.0548 0 15 479 366
person 0.0483 113 166 142 221
person 0.0444 268 82 311 152
person 0.0403 202 146 227 197
person 0.0339 215 150 261 214
person 0.0329 441 26 462 52
person 0.0307 274 81 306 129
person 0.0283 44 1 94 56
person 0.0273 215 169 246 214
person 0.0270 202 150 218 187
person 0.0267 204 144 225 173
person 0.0258 0 0 36 68
person 0.0255 169 24 200 52
person 0.0254 109 147 151 234
person 0.0253 11 73 169 332
person 0.0247 207 146 234 180
person 0.0233 43 17 157 146
person 0.0228 204 165 225 209
person 0.0226 115 158 150 204
person 0.0223 290 88 309 126
person 0.0218 189 158 360 375
person 0.0216 256 159 292 215
person 0.0213 3 18 41 92
person 0.0213 129 133 295 341
person 0.0210 14 2 335 254
person 0.0208 217 150 242 185
person 0.0207 65 131 152 279
person 0.0206 483 260 499 302
person 0.0202 208 158 233 202
person 0.0202 207 137 252 198
person 0.0202 143 24 161 43
person 0.0201 268 79 337 180
pottedplant 0.0372 459 164 497 226
pottedplant 0.0332 0 1 40 20
pottedplant 0.0241 315 112 381 216
pottedplant 0.0227 349 118 382 196
pottedplant 0.0203 333 123 376 199
sheep 0.0562 380 60 500 143
sheep 0.0303 2 22 152 321
sheep 0.0269 439 74 494 142
sheep 0.0267 385 98 497 142
sheep 0.0248 29 136 264 373
sheep 0.0247 462 78 499 144
sheep 0.0234 110 168 303 375
train 0.0401 196 7 500 131
train 0.0289 118 11 500 206
train 0.0239 340 33 496 142
train 0.0203 45 111 481 375
