bottle 0.0432 312 0 399 41
bottle 0.0347 458 3 497 143
bottle 0.0326 425 23 496 217
bottle 0.0263 456 43 499 203
bottle 0.0244 474 29 500 141
bottle 0.0230 441 9 487 116
bottle 0.0227 81 147 99 187
cat 0.5697 11 152 189 374
cat 0.2604 22 101 266 458
cat 0.2304 67 201 196 451
cat 0.0939 89 231 170 353
cat 0.0846 9 159 172 279
cat 0.0714 92 308 200 455
cat 0.0672 86 260 203 408
cat 0.0418 81 159 174 337
cat 0.0408 120 254 169 350
cat 0.0385 51 234 177 391
cat 0.0371 38 151 130 236
cat 0.0360 10 170 112 346
cat 0.0326 71 142 198 263
cat 0.0315 3 140 119 252
cat 0.0291 153 258 186 343
cat 0.0265 108 242 220 359
cat 0.0260 67 152 155 242
cat 0.0253 1 227 168 337
cat 0.0249 56 148 114 205
cat 0.0230 43 195 232 337
cat 0.0206 44 200 140 353
chair 0.0535 3 165 164 448
chair 0.0498 159 268 500 449
chair 0.0497 287 214 500 428
chair 0.0439 317 2 393 167
chair 0.0433 336 262 499 375
chair 0.0386 58 112 236 363
chair 0.0338 316 302 499 443
chair 0.0312 455 2 497 136
chair 0.0303 0 284 196 458
chair 0.0296 0 78 192 275
chair 0.0290 299 31 448 195
chair 0.0272 26 138 286 295
chair 0.0269 375 185 490 286
chair 0.0268 171 353 500 458
chair 0.0248 7 256 93 450
chair 0.0234 313 370 500 454
chair 0.0230 10 366 194 457
chair 0.0229 176 369 377 453
chair 0.0220 310 77 500 225
chair 0.0217 434 0 494 97
chair 0.0209 111 184 264 355
chair 0.0205 405 258 498 407
chair 0.0201 473 0 500 102
diningtable 0.0308 29 274 403 454
dog 0.2334 53 191 203 458
dog 0.1341 75 314 205 458
dog 0.0820 85 243 175 352
dog 0.0558 107 246 188 455
dog 0.0524 86 292 290 458
dog 0.0405 122 256 167 351
dog 0.0393 12 186 447 458
dog 0.0311 160 329 492 451
dog 0.0303 121 250 196 381
dog 0.0277 140 261 186 352
dog 0.0267 15 310 145 455
dog 0.0266 97 365 287 453
dog 0.0230 157 321 319 456
dog 0.0220 137 220 252 448
dog 0.0220 78 262 158 442
dog 0.0209 158 266 199 361
dog 0.0201 35 255 228 403
person 0.5771 23 13 496 458
person 0.3884 12 129 229 442
person 0.3443 330 107 498 384
person 0.2475 227 78 500 422
person 0.1853 0 0 478 251
person 0.1770 14 4 305 381
person 0.1674 369 20 500 324
person 0.1409 96 107 283 432
person 0.1035 144 158 452 441
person 0.1007 15 1 353 150
person 0.0956 128 56 434 367
person 0.0833 412 39 500 264
person 0.0797 24 178 387 398
person 0.0779 0 119 267 299
person 0.0765 3 0 251 231
person 0.0763 315 2 489 240
person 0.0667 349 185 491 336
person 0.0601 312 1 398 41
person 0.0553 11 4 185 140
person 0.0526 387 145 500 287
person 0.0501 194 0 426 172
person 0.0483 34 1 259 87
person 0.0481 203 100 381 406
person 0.0478 266 215 500 445
person 0.0442 291 7 432 158
person 0.0424 20 212 151 458
person 0.0382 157 147 313 453
person 0.0377 381 11 482 200
person 0.0348 294 0 398 70
person 0.0341 261 165 390 390
person 0.0336 389 201 479 283
person 0.0327 120 3 379 214
person 0.0316 397 224 498 382
person 0.0312 86 10 319 106
person 0.0310 312 0 407 121
person 0.0306 328 164 471 290
person 0.0303 416 0 495 158
person 0.0298 75 274 180 458
person 0.0288 78 47 249 329
person 0.0279 361 72 493 233
person 0.0278 323 214 408 376
person 0.0266 156 2 378 86
person 0.0265 3 0 148 83
person 0.0265 315 33 408 194
person 0.0259 350 0 402 36
person 0.0259 5 0 103 145
person 0.0258 139 162 260 382
person 0.0258 258 100 500 272
person 0.0255 9 29 152 227
person 0.0242 119 300 357 458
person 0.0239 249 3 416 290
person 0.0234 51 137 253 254
person 0.0231 122 309 208 454
person 0.0229 175 244 290 457
person 0.0219 311 58 437 294
person 0.0219 17 0 216 57
person 0.0212 0 37 193 355
person 0.0212 435 0 492 83
person 0.0210 163 225 247 387
person 0.0209 2 0 90 68
person 0.0208 338 225 462 385
person 0.0207 83 0 246 168
person 0.0202 72 0 193 108
person 0.0202 106 63 332 293
person 0.0202 13 0 125 24
sofa 0.0743 28 121 500 453
sofa 0.0221 155 232 500 452
