bottle 0.0284 0 289 21 355
bottle 0.0269 1 283 45 365
bottle 0.0201 301 0 412 14
bottle 0.0201 5 278 67 344
cat 0.8376 178 78 471 329
cat 0.1519 0 317 170 374
cat 0.0992 19 25 416 339
cat 0.0931 172 88 346 304
cat 0.0826 14 117 319 368
cat 0.0821 2 276 230 372
cat 0.0565 350 85 483 338
cat 0.0518 5 282 119 375
cat 0.0488 7 68 249 292
cat 0.0482 6 180 217 375
cat 0.0469 175 85 296 181
cat 0.0454 185 76 458 212
cat 0.0434 168 97 261 256
cat 0.0410 2 338 135 371
cat 0.0345 1 0 87 62
cat 0.0333 25 20 289 225
cat 0.0311 173 180 296 303
cat 0.0309 62 80 353 252
cat 0.0288 385 169 479 341
cat 0.0256 0 3 119 130
cat 0.0250 177 230 342 305
cat 0.0235 102 88 251 342
cat 0.0233 108 85 256 209
cat 0.0228 291 97 477 258
cat 0.0222 91 0 330 169
cat 0.0218 199 90 292 132
cat 0.0215 149 67 273 156
cat 0.0209 186 76 349 148
cat 0.0203 173 0 427 252
chair 0.0574 0 257 261 370
chair 0.0461 1 162 172 368
chair 0.0372 50 0 464 375
chair 0.0314 2 238 99 364
chair 0.0294 30 96 226 351
chair 0.0285 50 0 269 139
chair 0.0266 46 211 233 355
chair 0.0225 4 161 95 323
chair 0.0219 0 273 62 375
chair 0.0207 83 157 208 343
diningtable 0.0203 10 8 500 347
dog 0.0222 0 0 96 68
dog 0.0200 194 235 494 341
person 0.0328 6 1 87 131
sofa 0.0218 65 0 257 148
tvmonitor 0.0474 2 0 225 152
tvmonitor 0.0391 0 49 159 274
tvmonitor 0.0351 0 0 291 315
tvmonitor 0.0336 0 287 24 369
tvmonitor 0.0315 11 89 210 219
tvmonitor 0.0283 11 9 130 185
tvmonitor 0.0277 6 3 87 147
tvmonitor 0.0265 4 119 131 238
tvmonitor 0.0255 1 276 82 371
tvmonitor 0.0244 2 90 169 171
tvmonitor 0.0234 44 53 262 154
tvmonitor 0.0206 48 14 189 133
tvmonitor 0.0206 5 136 98 291
