bicycle 0.6404 113 139 343 331
bicycle 0.1844 75 84 431 318
bicycle 0.0896 190 172 328 332
bicycle 0.0597 134 141 335 235
bicycle 0.0534 203 255 332 330
bicycle 0.0521 113 144 254 286
bicycle 0.0446 164 225 413 329
bicycle 0.0381 212 138 365 299
bicycle 0.0379 207 206 283 329
bicycle 0.0343 100 188 269 330
bicycle 0.0318 247 218 328 329
bicycle 0.0300 230 133 456 326
bicycle 0.0286 31 135 261 316
bicycle 0.0283 237 281 333 331
bicycle 0.0255 117 140 249 219
bicycle 0.0229 228 302 295 332
bicycle 0.0200 162 150 278 265
bird 0.0215 49 289 71 315
boat 0.0311 129 149 201 177
boat 0.0218 130 151 165 175
bottle 0.0221 255 34 320 78
bottle 0.0210 127 90 190 172
cat 0.0294 27 0 411 228
motorbike 0.1666 78 118 400 316
person 0.8473 144 32 362 315
person 0.2754 124 132 314 328
person 0.1298 231 124 353 317
person 0.1208 36 0 320 299
person 0.0639 228 39 355 259
person 0.0571 166 89 293 293
person 0.0563 124 140 226 276
person 0.0510 263 95 349 274
person 0.0468 133 27 339 187
person 0.0395 143 61 279 228
person 0.0363 132 139 256 226
person 0.0360 91 18 489 275
person 0.0359 128 100 222 218
person 0.0357 95 141 239 332
person 0.0352 145 148 264 300
person 0.0332 177 39 353 127
person 0.0320 122 91 195 182
person 0.0301 274 168 365 325
person 0.0285 256 171 323 329
person 0.0249 212 148 273 283
person 0.0243 220 156 312 301
person 0.0240 285 94 354 215
person 0.0232 246 34 335 141
person 0.0229 130 143 218 179
person 0.0227 247 43 473 332
person 0.0215 161 132 222 173
person 0.0214 263 43 364 179
person 0.0209 280 258 327 332
person 0.0202 127 111 176 176
person 0.0201 270 112 413 323
pottedplant 0.0245 119 87 184 179
tvmonitor 0.0244 31 5 332 126
