bottle 0.0437 225 298 250 344
bottle 0.0402 0 45 47 90
bottle 0.0276 352 0 388 61
bottle 0.0259 0 53 43 72
bottle 0.0238 0 34 50 71
bottle 0.0215 0 56 30 83
car 0.1014 0 12 180 119
car 0.0720 0 1 122 50
car 0.0533 1 0 106 101
car 0.0413 6 0 201 73
car 0.0350 0 44 131 117
car 0.0242 347 169 497 375
car 0.0224 3 27 124 77
car 0.0202 0 76 22 119
cat 0.0232 465 353 500 375
chair 0.0666 406 1 500 132
chair 0.0553 327 110 490 374
chair 0.0484 442 26 500 143
chair 0.0441 387 0 498 74
chair 0.0410 322 1 498 121
chair 0.0318 339 259 494 372
chair 0.0317 382 51 500 140
chair 0.0305 298 0 397 71
chair 0.0304 353 0 388 66
chair 0.0270 344 0 453 90
chair 0.0247 154 46 490 375
chair 0.0243 293 3 428 100
chair 0.0212 347 0 414 72
chair 0.0210 418 269 497 375
chair 0.0210 352 312 494 373
dog 0.8912 133 1 367 374
dog 0.0825 167 2 307 72
dog 0.0687 184 0 500 375
dog 0.0664 131 0 223 19
dog 0.0518 132 5 325 231
dog 0.0506 29 1 305 118
dog 0.0467 118 210 373 371
dog 0.0381 143 0 310 42
dog 0.0325 319 0 496 289
dog 0.0317 0 26 42 72
dog 0.0313 154 0 340 122
dog 0.0274 85 12 287 331
dog 0.0269 170 0 242 16
dog 0.0267 155 2 235 52
dog 0.0264 279 0 499 159
dog 0.0264 128 8 251 104
dog 0.0250 156 299 362 370
dog 0.0248 112 0 185 16
dog 0.0246 159 0 215 26
dog 0.0245 127 269 269 372
dog 0.0240 179 5 277 44
dog 0.0240 238 269 493 371
dog 0.0237 188 0 445 182
dog 0.0233 115 0 221 32
dog 0.0224 68 0 388 80
dog 0.0214 134 155 283 375
dog 0.0214 207 3 312 52
dog 0.0214 218 159 362 372
dog 0.0209 0 1 207 195
person 0.1141 0 0 78 31
person 0.0809 98 0 139 17
person 0.0806 0 0 134 36
person 0.0616 0 1 101 81
person 0.0579 0 0 39 30
person 0.0543 1 17 48 93
person 0.0505 0 3 61 48
person 0.0491 15 0 53 31
person 0.0475 0 51 39 111
person 0.0451 202 0 303 17
person 0.0441 470 0 500 57
person 0.0423 0 28 79 103
person 0.0415 221 267 255 344
person 0.0414 0 62 22 100
person 0.0411 382 0 496 70
person 0.0394 156 0 314 44
person 0.0389 63 0 140 21
person 0.0364 89 0 129 23
person 0.0363 97 0 120 19
person 0.0354 20 0 112 24
person 0.0353 193 1 298 33
person 0.0340 204 2 358 76
person 0.0333 95 0 175 18
person 0.0332 155 0 251 19
person 0.0332 223 2 311 59
person 0.0328 464 348 500 375
person 0.0327 113 0 154 15
person 0.0310 242 0 302 30
person 0.0302 161 1 256 32
person 0.0298 10 6 225 116
person 0.0297 244 4 404 109
person 0.0286 0 20 83 60
person 0.0284 0 1 31 53
person 0.0276 0 51 62 84
person 0.0266 13 0 212 28
person 0.0264 200 1 250 16
person 0.0258 451 0 500 89
person 0.0256 252 0 300 17
person 0.0247 261 0 312 45
person 0.0242 453 0 499 35
person 0.0234 18 0 66 20
person 0.0232 472 0 500 30
person 0.0231 0 56 33 91
person 0.0225 283 2 375 57
person 0.0215 0 28 33 79
person 0.0213 80 0 118 29
person 0.0209 166 2 222 53
person 0.0209 107 0 211 29
person 0.0208 179 0 275 14
person 0.0206 2 0 22 29
person 0.0202 203 0 255 26
person 0.0200 357 0 406 65
pottedplant 0.1092 447 1 500 145
pottedplant 0.0635 460 2 499 84
pottedplant 0.0567 394 1 500 127
pottedplant 0.0456 474 3 500 61
pottedplant 0.0359 412 1 498 68
pottedplant 0.0330 451 26 500 100
pottedplant 0.0251 444 69 500 140
pottedplant 0.0230 419 262 497 372
pottedplant 0.0212 0 28 48 73
pottedplant 0.0206 441 4 500 55
sofa 0.0244 137 34 500 372
tvmonitor 0.0617 0 15 190 124
tvmonitor 0.0344 0 0 294 101
tvmonitor 0.0303 0 28 119 104
tvmonitor 0.0236 343 198 497 375
