aeroplane 0.0229 33 0 375 407
aeroplane 0.0222 215 260 249 279
bird 0.7860 183 114 372 278
bird 0.1954 97 58 375 375
bird 0.1914 2 0 212 459
bird 0.1358 214 164 375 254
bird 0.1266 132 0 199 32
bird 0.1008 148 159 372 446
bird 0.0975 181 85 288 271
bird 0.0912 158 0 370 293
bird 0.0816 7 0 201 186
bird 0.0693 34 20 308 306
bird 0.0669 173 63 238 234
bird 0.0642 167 73 325 345
bird 0.0640 208 180 375 318
bird 0.0627 121 0 203 69
bird 0.0599 89 5 208 166
bird 0.0587 112 396 204 500
bird 0.0555 181 88 258 198
bird 0.0535 180 50 357 190
bird 0.0526 162 1 206 31
bird 0.0516 182 86 225 181
bird 0.0514 192 238 375 368
bird 0.0504 96 377 261 495
bird 0.0501 358 174 375 225
bird 0.0492 182 167 309 272
bird 0.0462 191 101 337 220
bird 0.0461 184 232 253 274
bird 0.0453 126 0 169 43
bird 0.0447 174 31 273 218
bird 0.0438 181 132 248 282
bird 0.0430 292 158 374 260
bird 0.0418 245 55 370 253
bird 0.0417 238 287 375 385
bird 0.0391 135 4 245 247
bird 0.0387 177 63 301 160
bird 0.0385 82 0 212 44
bird 0.0384 116 452 199 497
bird 0.0365 6 0 96 165
bird 0.0357 131 30 221 181
bird 0.0338 158 68 258 302
bird 0.0338 345 167 375 219
bird 0.0320 260 131 365 278
bird 0.0318 185 226 318 302
bird 0.0307 228 93 375 199
bird 0.0304 252 144 375 223
bird 0.0301 191 136 265 189
bird 0.0298 124 0 218 127
bird 0.0296 187 199 261 276
bird 0.0293 327 161 375 205
bird 0.0289 185 183 226 270
bird 0.0271 110 2 289 165
bird 0.0261 153 0 192 25
bird 0.0259 46 0 200 108
bird 0.0259 177 263 318 353
bird 0.0258 132 2 155 37
bird 0.0247 308 257 375 403
bird 0.0244 117 1 152 42
bird 0.0241 247 137 375 383
bird 0.0239 149 8 205 37
bird 0.0239 145 64 250 164
bird 0.0236 314 141 375 212
bird 0.0234 177 123 275 230
bird 0.0233 151 17 186 34
bird 0.0231 99 366 174 500
bird 0.0227 112 395 159 495
bird 0.0224 134 428 195 495
bird 0.0220 136 0 234 52
bird 0.0216 290 200 375 325
bird 0.0216 175 2 208 23
bird 0.0215 184 115 224 217
bird 0.0210 227 152 344 212
bird 0.0207 162 17 198 35
bird 0.0206 107 0 169 106
bird 0.0205 350 170 375 201
bird 0.0204 298 168 375 220
bird 0.0202 108 4 176 53
boat 0.0839 0 0 306 462
boat 0.0343 181 281 221 319
boat 0.0216 286 311 375 388
boat 0.0203 326 315 375 360
boat 0.0201 150 273 195 319
bottle 0.3066 0 0 216 485
bottle 0.0869 1 0 112 425
bottle 0.0841 104 0 213 367
bottle 0.0803 46 0 197 289
bottle 0.0777 158 256 375 396
bottle 0.0530 0 0 144 249
bottle 0.0443 3 72 65 309
bottle 0.0435 184 276 314 384
bottle 0.0417 130 267 194 314
bottle 0.0383 116 10 198 191
bottle 0.0382 7 4 96 180
bottle 0.0381 5 122 99 271
bottle 0.0358 120 75 195 292
bottle 0.0355 0 139 164 441
bottle 0.0329 126 267 228 397
bottle 0.0295 29 2 69 155
bottle 0.0294 131 32 223 277
bottle 0.0289 3 146 66 403
bottle 0.0284 0 273 182 500
bottle 0.0282 8 1 196 165
bottle 0.0278 166 264 219 317
bottle 0.0276 112 317 192 484
bottle 0.0261 0 342 128 454
bottle 0.0258 120 207 195 390
bottle 0.0257 74 108 199 325
bottle 0.0255 65 62 194 464
bottle 0.0237 50 108 109 293
bottle 0.0228 14 161 138 258
bottle 0.0228 0 224 115 437
bottle 0.0225 65 74 294 306
bottle 0.0223 36 2 62 97
bottle 0.0221 177 75 237 179
bottle 0.0221 33 174 115 307
bottle 0.0219 0 0 52 445
bottle 0.0219 219 301 375 396
bottle 0.0219 60 56 154 335
bottle 0.0216 86 246 252 439
bottle 0.0211 59 0 107 172
bottle 0.0207 64 35 241 219
bottle 0.0204 153 274 189 318
bottle 0.0204 184 71 223 155
bottle 0.0204 42 185 64 266
bottle 0.0203 4 186 98 360
bottle 0.0203 100 22 175 231
cat 0.0924 1 0 186 179
cat 0.0577 11 0 69 164
cat 0.0291 0 0 45 175
cat 0.0266 0 0 92 209
cat 0.0248 17 0 134 142
chair 0.0453 15 102 308 488
chair 0.0344 15 370 239 495
chair 0.0321 203 240 371 500
chair 0.0308 101 301 280 490
chair 0.0270 28 164 189 500
chair 0.0264 83 127 222 491
chair 0.0239 303 303 375 474
chair 0.0224 1 299 173 488
chair 0.0218 122 199 343 500
chair 0.0211 133 0 360 129
chair 0.0201 69 286 203 500
cow 0.0250 0 0 44 186
diningtable 0.1083 110 309 375 491
diningtable 0.0760 0 333 286 500
diningtable 0.0694 0 98 324 492
diningtable 0.0676 124 271 362 400
diningtable 0.0354 59 267 285 409
diningtable 0.0229 94 342 273 474
diningtable 0.0213 33 267 234 480
dog 0.0539 107 406 213 499
person 0.0607 0 0 290 490
person 0.0335 148 122 375 500
person 0.0323 142 2 309 189
person 0.0208 93 9 375 416
pottedplant 0.0537 0 0 162 209
pottedplant 0.0522 94 354 340 494
pottedplant 0.0414 7 369 178 488
pottedplant 0.0385 182 333 375 499
pottedplant 0.0366 0 406 122 491
pottedplant 0.0355 8 0 67 180
pottedplant 0.0341 1 0 95 273
pottedplant 0.0327 303 375 373 500
pottedplant 0.0326 166 5 369 173
pottedplant 0.0304 196 285 375 413
pottedplant 0.0264 250 362 375 489
pottedplant 0.0254 12 1 91 119
pottedplant 0.0240 129 382 292 483
pottedplant 0.0235 1 3 58 97
pottedplant 0.0233 173 131 375 500
pottedplant 0.0229 37 406 164 497
pottedplant 0.0228 0 272 133 500
pottedplant 0.0225 30 0 68 121
pottedplant 0.0216 290 317 375 460
pottedplant 0.0210 176 1 321 99
pottedplant 0.0207 101 316 222 500
pottedplant 0.0206 0 0 54 388
pottedplant 0.0206 0 448 67 500
train 0.0298 9 0 256 469
