bottle 0.0309 247 164 255 192
bottle 0.0299 226 158 238 195
bottle 0.0295 254 162 264 192
bottle 0.0276 222 153 230 187
diningtable 0.0239 47 189 223 364
motorbike 0.0272 121 93 249 313
person 0.4937 226 72 284 127
person 0.3990 239 80 270 128
person 0.1435 0 86 17 156
person 0.0972 6 87 27 151
person 0.0902 203 59 277 132
person 0.0802 240 82 258 122
person 0.0771 1 75 33 164
person 0.0667 227 89 264 128
person 0.0573 218 77 290 177
person 0.0571 241 74 279 115
person 0.0563 0 0 239 500
person 0.0514 0 81 14 130
person 0.0488 234 86 253 127
person 0.0451 248 77 265 120
person 0.0409 225 85 271 149
person 0.0400 224 68 253 128
person 0.0363 240 80 282 153
person 0.0357 225 39 289 145
person 0.0347 254 68 289 138
person 0.0333 2 83 20 117
person 0.0324 35 5 333 380
person 0.0318 10 83 24 129
person 0.0313 232 68 273 102
person 0.0300 170 40 333 500
person 0.0297 13 95 29 145
person 0.0288 235 79 262 106
person 0.0256 245 95 274 126
person 0.0253 174 37 298 137
person 0.0250 13 78 51 169
person 0.0249 259 85 276 127
person 0.0239 239 102 267 130
person 0.0219 244 70 271 92
person 0.0215 0 97 11 147
person 0.0213 37 95 52 167
person 0.0207 3 78 31 128
person 0.0206 228 92 261 181
pottedplant 0.5416 167 41 227 136
pottedplant 0.1361 153 53 250 149
pottedplant 0.1327 183 58 273 134
pottedplant 0.0851 202 47 227 129
pottedplant 0.0826 191 42 225 107
pottedplant 0.0798 144 50 240 262
pottedplant 0.0783 115 24 231 136
pottedplant 0.0746 98 108 142 133
pottedplant 0.0675 168 56 193 131
pottedplant 0.0654 170 48 224 95
pottedplant 0.0645 169 69 213 133
pottedplant 0.0622 106 95 136 129
pottedplant 0.0592 117 113 141 131
pottedplant 0.0558 206 53 225 98
pottedplant 0.0537 98 154 123 190
pottedplant 0.0529 167 54 191 95
pottedplant 0.0465 106 116 142 136
pottedplant 0.0447 188 60 223 129
pottedplant 0.0445 182 41 223 73
pottedplant 0.0436 113 94 130 123
pottedplant 0.0430 110 155 123 189
pottedplant 0.0424 229 160 244 194
pottedplant 0.0420 94 101 140 154
pottedplant 0.0405 124 106 139 127
pottedplant 0.0384 163 30 292 159
pottedplant 0.0376 116 155 126 188
pottedplant 0.0358 132 72 240 173
pottedplant 0.0356 208 65 248 132
pottedplant 0.0356 102 99 126 127
pottedplant 0.0348 186 40 218 61
pottedplant 0.0345 212 6 268 130
pottedplant 0.0336 7 50 43 67
pottedplant 0.0333 207 44 224 80
pottedplant 0.0330 98 129 127 192
pottedplant 0.0330 133 11 197 144
pottedplant 0.0321 129 111 142 132
pottedplant 0.0314 167 50 209 81
pottedplant 0.0301 244 162 253 191
pottedplant 0.0293 99 115 126 138
pottedplant 0.0287 158 40 201 135
pottedplant 0.0281 167 61 183 115
pottedplant 0.0280 199 39 223 85
pottedplant 0.0279 230 172 251 193
pottedplant 0.0278 228 149 252 193
pottedplant 0.0275 101 114 133 179
pottedplant 0.0270 166 55 188 78
pottedplant 0.0264 160 16 251 113
pottedplant 0.0263 145 80 214 140
pottedplant 0.0261 253 161 267 190
pottedplant 0.0258 120 101 136 133
pottedplant 0.0242 182 84 238 138
pottedplant 0.0241 176 92 210 133
pottedplant 0.0240 246 173 260 194
pottedplant 0.0239 140 62 190 136
pottedplant 0.0237 241 170 255 194
pottedplant 0.0235 172 44 205 113
pottedplant 0.0233 251 171 266 193
pottedplant 0.0229 100 110 119 132
pottedplant 0.0227 90 142 138 189
pottedplant 0.0221 197 41 241 135
pottedplant 0.0220 92 94 156 139
pottedplant 0.0216 110 131 132 195
pottedplant 0.0213 170 49 199 69
pottedplant 0.0206 238 152 255 195
pottedplant 0.0205 244 154 259 195
tvmonitor 0.8992 131 201 243 316
tvmonitor 0.1772 0 62 51 166
tvmonitor 0.1099 135 98 242 286
tvmonitor 0.0937 128 202 184 317
tvmonitor 0.0860 187 197 247 324
tvmonitor 0.0645 0 28 45 71
tvmonitor 0.0450 228 140 282 192
tvmonitor 0.0441 224 69 287 180
tvmonitor 0.0423 255 150 277 193
tvmonitor 0.0418 142 149 280 322
tvmonitor 0.0398 0 47 43 87
tvmonitor 0.0383 0 68 36 123
tvmonitor 0.0322 0 112 49 170
tvmonitor 0.0322 128 216 149 311
tvmonitor 0.0320 129 200 204 265
tvmonitor 0.0307 49 80 247 348
tvmonitor 0.0301 0 42 135 173
tvmonitor 0.0298 0 64 47 98
tvmonitor 0.0290 226 146 255 194
tvmonitor 0.0285 267 154 279 193
tvmonitor 0.0283 122 141 251 397
tvmonitor 0.0278 165 71 288 177
tvmonitor 0.0266 128 183 178 244
tvmonitor 0.0265 128 206 163 295
tvmonitor 0.0253 0 79 27 102
tvmonitor 0.0253 232 127 284 319
tvmonitor 0.0252 211 214 247 305
tvmonitor 0.0246 9 41 82 162
tvmonitor 0.0244 156 200 242 271
tvmonitor 0.0242 220 119 293 197
tvmonitor 0.0240 0 63 60 279
tvmonitor 0.0231 243 154 264 194
tvmonitor 0.0231 231 105 277 178
tvmonitor 0.0229 203 201 245 265
tvmonitor 0.0229 127 242 207 314
tvmonitor 0.0229 1 71 30 92
tvmonitor 0.0227 17 29 64 75
tvmonitor 0.0224 132 148 165 197
tvmonitor 0.0224 1 74 17 97
tvmonitor 0.0223 141 227 275 339
tvmonitor 0.0216 128 259 241 355
tvmonitor 0.0216 186 188 242 252
tvmonitor 0.0215 148 312 192 351
tvmonitor 0.0209 200 156 244 199
