bottle 0.0375 100 171 132 211
bottle 0.0239 102 182 160 225
car 0.8827 8 90 494 340
car 0.1459 344 98 495 328
car 0.1295 344 98 485 217
car 0.1148 1 126 159 342
car 0.0813 410 106 496 231
car 0.0747 0 79 38 127
car 0.0700 0 92 26 124
car 0.0588 0 93 46 155
car 0.0585 4 175 92 342
car 0.0530 0 7 55 144
car 0.0467 0 87 76 139
car 0.0452 2 103 88 222
car 0.0413 198 93 483 211
car 0.0401 0 102 75 165
car 0.0394 0 102 39 124
car 0.0394 0 74 23 115
car 0.0388 1 56 72 156
car 0.0384 414 140 500 325
car 0.0365 293 129 440 212
car 0.0356 0 101 24 137
car 0.0351 0 306 85 341
car 0.0342 0 105 155 184
car 0.0339 0 281 38 342
car 0.0290 0 91 357 237
car 0.0289 449 90 499 149
car 0.0286 0 52 35 117
car 0.0282 0 280 167 341
car 0.0281 0 143 105 244
car 0.0270 7 165 154 234
car 0.0270 73 88 133 105
car 0.0258 485 222 499 263
car 0.0257 0 198 22 231
car 0.0251 462 198 499 280
car 0.0247 0 209 224 341
car 0.0246 0 101 58 134
car 0.0244 0 111 24 152
car 0.0238 423 100 498 158
car 0.0235 0 89 38 111
car 0.0233 0 102 134 264
car 0.0232 0 54 273 337
car 0.0223 421 174 492 210
car 0.0223 0 172 74 230
car 0.0215 48 55 497 220
car 0.0213 337 90 500 157
car 0.0211 198 45 236 61
car 0.0210 309 48 500 191
car 0.0208 0 139 56 342
car 0.0207 6 66 68 120
car 0.0206 391 148 500 211
car 0.0201 0 317 34 342
chair 0.0455 346 42 446 102
dog 0.0288 72 82 132 103
dog 0.0226 42 0 213 43
person 0.8004 350 5 440 100
person 0.7333 190 46 245 95
person 0.7193 70 36 134 105
person 0.5913 190 136 268 217
person 0.3014 50 23 120 114
person 0.2678 55 17 166 97
person 0.2663 349 119 440 210
person 0.2568 4 0 71 120
person 0.2493 342 20 449 173
person 0.1953 30 7 78 109
person 0.1551 387 119 467 210
person 0.1449 4 2 53 82
person 0.1379 336 75 456 213
person 0.1312 43 46 76 112
person 0.1301 392 134 436 210
person 0.1294 95 171 158 227
person 0.1250 154 110 277 219
person 0.1239 186 106 330 216
person 0.1072 77 14 227 89
person 0.1055 42 11 95 94
person 0.1013 49 33 85 102
person 0.1002 84 37 193 99
person 0.0969 43 14 74 85
person 0.0959 260 108 348 214
person 0.0850 0 168 24 217
person 0.0848 326 108 394 211
person 0.0844 148 38 242 99
person 0.0836 15 9 110 120
person 0.0807 411 111 495 211
person 0.0807 47 15 68 45
person 0.0797 33 2 205 109
person 0.0788 0 104 58 223
person 0.0774 69 49 139 150
person 0.0764 311 7 482 105
person 0.0742 428 164 470 209
person 0.0730 219 49 249 92
person 0.0717 257 103 426 212
person 0.0692 1 153 43 218
person 0.0663 304 106 365 212
person 0.0657 414 178 437 210
person 0.0634 96 39 130 92
person 0.0623 0 282 30 342
person 0.0620 13 1 81 68
person 0.0614 405 152 440 209
person 0.0603 30 0 129 85
person 0.0561 237 121 317 214
person 0.0557 1 0 43 48
person 0.0550 102 53 134 100
person 0.0545 419 173 447 210
person 0.0543 356 141 414 210
person 0.0537 358 9 437 50
person 0.0535 101 170 136 219
person 0.0522 65 33 138 71
person 0.0519 182 171 260 217
person 0.0516 3 14 40 109
person 0.0510 12 31 84 140
person 0.0496 0 0 20 31
person 0.0494 201 45 242 79
person 0.0492 417 144 476 212
person 0.0487 49 0 180 70
person 0.0487 30 40 129 166
person 0.0478 86 36 124 72
person 0.0477 188 51 222 92
person 0.0470 283 1 417 98
person 0.0468 174 62 250 186
person 0.0465 77 68 130 103
person 0.0463 197 47 236 66
person 0.0463 376 148 425 212
person 0.0460 0 0 25 75
person 0.0459 38 8 68 54
person 0.0455 175 129 240 210
person 0.0454 0 104 45 174
person 0.0450 193 15 264 94
person 0.0447 4 0 49 28
person 0.0445 348 9 395 72
person 0.0438 152 0 238 88
person 0.0434 429 175 454 209
person 0.0431 82 41 118 92
person 0.0430 220 159 266 213
person 0.0430 26 0 67 44
person 0.0430 332 121 368 208
person 0.0427 196 48 219 80
person 0.0427 252 142 303 211
person 0.0425 69 88 96 107
person 0.0424 44 2 91 62
person 0.0424 107 74 132 102
person 0.0411 128 159 261 220
person 0.0411 4 93 186 327
person 0.0410 110 43 133 82
person 0.0405 397 0 488 99
person 0.0404 221 120 284 210
person 0.0387 385 172 439 212
person 0.0386 161 40 203 96
person 0.0379 0 93 74 181
person 0.0377 177 156 219 216
person 0.0376 202 44 279 94
person 0.0376 102 168 213 226
person 0.0372 0 192 25 217
person 0.0361 69 82 118 106
person 0.0360 66 86 148 196
person 0.0357 112 47 140 95
person 0.0357 359 14 383 53
person 0.0356 67 35 101 89
person 0.0356 45 50 71 87
person 0.0355 117 64 137 96
person 0.0348 0 164 72 222
person 0.0346 18 29 63 117
person 0.0344 455 134 498 212
person 0.0343 381 158 482 211
person 0.0334 16 81 134 210
person 0.0332 62 44 86 89
person 0.0330 0 113 31 223
person 0.0327 79 118 155 226
person 0.0326 345 178 424 210
person 0.0319 5 0 30 22
person 0.0319 340 151 370 212
person 0.0317 93 37 132 57
person 0.0315 210 49 236 86
person 0.0311 64 106 257 223
person 0.0309 25 9 62 73
person 0.0308 373 198 414 211
person 0.0306 0 182 39 220
person 0.0304 249 7 352 89
person 0.0301 106 48 236 115
person 0.0294 102 171 132 199
person 0.0293 192 45 257 141
person 0.0292 73 54 110 99
person 0.0290 62 123 86 174
person 0.0287 56 56 88 109
person 0.0282 155 28 291 87
person 0.0282 56 49 158 111
person 0.0280 114 187 161 223
person 0.0279 327 78 495 281
person 0.0278 208 144 253 211
person 0.0278 125 43 168 97
person 0.0277 66 73 86 105
person 0.0276 14 0 40 21
person 0.0275 47 0 71 36
person 0.0270 53 112 92 176
person 0.0268 209 16 320 88
person 0.0266 5 3 28 39
person 0.0265 84 172 133 232
person 0.0265 103 27 154 84
person 0.0263 16 116 82 210
person 0.0263 358 15 495 203
person 0.0263 83 37 112 62
person 0.0262 2 4 20 51
person 0.0260 155 139 213 216
person 0.0260 408 174 481 210
person 0.0260 0 183 68 213
person 0.0260 52 9 67 29
person 0.0259 176 46 213 95
person 0.0258 96 44 148 105
person 0.0257 353 22 387 97
person 0.0257 397 159 428 210
person 0.0256 19 2 51 53
person 0.0254 187 187 213 215
person 0.0254 0 106 28 159
person 0.0254 22 75 82 125
person 0.0253 74 77 102 105
person 0.0252 214 45 244 70
person 0.0252 239 43 277 95
person 0.0250 11 68 61 130
person 0.0248 87 16 139 76
person 0.0247 441 156 483 208
person 0.0246 19 55 144 122
person 0.0246 44 165 153 231
person 0.0246 390 0 436 47
person 0.0245 59 109 111 193
person 0.0244 70 50 92 83
person 0.0244 58 97 147 150
person 0.0243 37 28 125 75
person 0.0242 54 47 76 83
person 0.0241 44 11 63 34
person 0.0240 123 33 212 92
person 0.0240 35 62 71 122
person 0.0240 0 20 108 197
person 0.0237 399 190 439 210
person 0.0237 41 13 148 59
person 0.0237 108 148 173 223
person 0.0236 97 169 152 203
person 0.0236 26 0 188 39
person 0.0234 355 2 474 60
person 0.0232 0 151 53 257
person 0.0232 359 1 406 43
person 0.0232 66 88 137 130
person 0.0231 82 34 164 65
person 0.0231 28 112 79 174
person 0.0229 44 50 94 129
person 0.0228 423 140 496 241
person 0.0228 230 49 260 92
person 0.0227 13 23 48 89
person 0.0227 190 142 225 211
person 0.0227 114 79 139 98
person 0.0226 141 42 185 96
person 0.0226 46 19 69 64
person 0.0224 130 92 235 208
person 0.0224 119 128 205 225
person 0.0224 442 173 469 207
person 0.0223 71 2 163 48
person 0.0222 354 24 376 56
person 0.0222 216 125 256 193
person 0.0222 75 142 134 218
person 0.0221 355 191 417 210
person 0.0221 23 109 166 247
person 0.0220 344 154 396 212
person 0.0219 0 140 104 223
person 0.0219 113 174 136 206
person 0.0219 0 313 33 342
person 0.0218 77 49 101 82
person 0.0218 122 174 189 219
person 0.0216 64 78 143 112
person 0.0215 26 0 54 28
person 0.0214 343 181 366 212
person 0.0214 8 73 131 143
person 0.0213 0 136 52 198
person 0.0212 316 144 357 212
person 0.0211 52 0 278 77
person 0.0211 364 8 389 43
person 0.0211 1 100 95 150
person 0.0210 43 6 61 27
person 0.0210 454 173 474 207
person 0.0209 62 72 119 162
person 0.0209 67 62 98 102
person 0.0209 201 55 231 93
person 0.0209 403 119 449 199
person 0.0209 86 41 109 78
person 0.0208 0 130 21 170
person 0.0208 13 92 85 133
person 0.0207 357 27 381 67
person 0.0207 50 114 127 224
person 0.0206 57 1 113 55
person 0.0206 0 158 29 248
person 0.0202 106 38 134 64
person 0.0201 63 82 90 113
person 0.0201 7 102 126 174
person 0.0200 60 20 147 47
pottedplant 0.0398 47 0 207 50
sofa 0.0254 17 0 500 230
