bird 0.0262 132 138 204 179
bottle 0.0451 356 440 375 500
bottle 0.0319 303 385 375 499
bottle 0.0302 17 127 38 176
bottle 0.0289 339 412 374 500
bottle 0.0226 0 473 74 500
bottle 0.0203 360 428 375 479
bottle 0.0202 56 436 197 500
bottle 0.0200 0 438 18 493
cat 0.7216 178 245 372 436
cat 0.1527 220 58 375 413
cat 0.1495 110 149 375 450
cat 0.0888 140 307 375 481
cat 0.0866 180 406 375 499
cat 0.0526 183 250 321 373
cat 0.0508 273 329 374 438
cat 0.0434 216 358 375 473
cat 0.0392 0 477 42 498
cat 0.0378 183 250 255 399
cat 0.0367 243 282 373 464
cat 0.0352 0 473 68 500
cat 0.0351 205 249 273 303
cat 0.0307 312 288 375 434
cat 0.0302 314 2 372 90
cat 0.0299 283 397 375 497
cat 0.0291 314 342 375 483
cat 0.0247 192 245 303 318
cat 0.0226 179 251 240 343
cat 0.0226 277 218 375 437
cat 0.0223 344 0 374 94
cat 0.0213 192 247 244 309
cat 0.0213 172 276 296 457
chair 0.1856 286 0 375 309
chair 0.1232 233 7 375 397
chair 0.0820 0 417 101 499
chair 0.0794 0 358 219 493
chair 0.0654 43 406 281 498
chair 0.0615 0 450 73 497
chair 0.0610 36 49 375 421
chair 0.0567 0 407 171 493
chair 0.0505 0 288 87 494
chair 0.0415 192 207 375 376
chair 0.0369 92 320 301 496
chair 0.0368 275 147 367 298
chair 0.0346 314 71 374 285
chair 0.0346 274 0 369 174
chair 0.0325 0 4 86 140
chair 0.0316 197 0 366 252
chair 0.0299 261 7 333 226
chair 0.0290 242 72 368 287
chair 0.0278 331 0 375 168
chair 0.0275 0 392 47 499
chair 0.0271 144 351 371 500
chair 0.0261 113 373 236 483
chair 0.0260 215 136 375 323
chair 0.0222 150 254 269 497
chair 0.0218 0 445 161 500
chair 0.0215 0 200 46 367
chair 0.0214 194 422 366 497
chair 0.0213 0 0 46 165
chair 0.0213 290 144 375 411
chair 0.0212 281 209 375 310
chair 0.0204 0 472 80 500
chair 0.0204 7 342 125 500
chair 0.0202 0 193 34 281
diningtable 0.0783 27 249 375 500
diningtable 0.0726 26 397 301 500
dog 0.0280 0 473 59 500
person 0.1524 272 0 375 301
person 0.0715 0 412 88 500
person 0.0635 220 0 375 423
person 0.0496 246 416 375 500
person 0.0439 0 454 44 500
person 0.0414 316 0 373 159
person 0.0301 126 400 375 500
person 0.0273 217 0 339 256
person 0.0270 0 401 38 494
person 0.0258 0 432 60 493
person 0.0248 0 432 23 500
person 0.0243 260 0 334 197
person 0.0241 280 0 365 180
person 0.0219 130 419 283 495
person 0.0203 307 1 374 84
pottedplant 0.6352 11 41 217 366
pottedplant 0.2846 16 9 354 425
pottedplant 0.2380 44 169 209 359
pottedplant 0.1700 0 28 175 250
pottedplant 0.1217 0 128 265 441
pottedplant 0.1178 3 177 136 354
pottedplant 0.1134 122 152 216 350
pottedplant 0.1106 10 358 282 491
pottedplant 0.1045 40 105 88 139
pottedplant 0.0941 0 74 158 195
pottedplant 0.0929 0 15 130 169
pottedplant 0.0913 24 284 255 473
pottedplant 0.0868 143 283 199 394
pottedplant 0.0857 66 240 321 421
pottedplant 0.0847 2 98 117 170
pottedplant 0.0834 2 56 79 214
pottedplant 0.0806 92 309 155 359
pottedplant 0.0798 2 58 108 288
pottedplant 0.0775 173 0 369 388
pottedplant 0.0774 0 281 137 489
pottedplant 0.0771 41 245 179 354
pottedplant 0.0767 0 119 69 338
pottedplant 0.0737 51 197 122 356
pottedplant 0.0724 1 230 81 358
pottedplant 0.0723 152 302 183 387
pottedplant 0.0721 0 249 373 500
pottedplant 0.0671 77 279 169 361
pottedplant 0.0671 0 3 77 62
pottedplant 0.0648 155 187 229 347
pottedplant 0.0642 13 97 154 322
pottedplant 0.0631 30 97 217 255
pottedplant 0.0585 98 209 251 397
pottedplant 0.0581 24 105 98 150
pottedplant 0.0573 105 301 203 380
pottedplant 0.0514 6 274 120 363
pottedplant 0.0507 0 306 78 487
pottedplant 0.0493 25 39 323 271
pottedplant 0.0490 145 307 169 382
pottedplant 0.0487 167 183 215 307
pottedplant 0.0476 1 0 77 127
pottedplant 0.0463 156 228 211 385
pottedplant 0.0461 4 220 103 416
pottedplant 0.0453 3 107 59 184
pottedplant 0.0448 14 90 150 150
pottedplant 0.0436 100 84 209 317
pottedplant 0.0432 49 292 221 399
pottedplant 0.0431 72 423 221 498
pottedplant 0.0431 105 0 280 331
pottedplant 0.0421 129 238 196 382
pottedplant 0.0409 53 276 129 358
pottedplant 0.0404 86 226 158 357
pottedplant 0.0399 112 303 245 462
pottedplant 0.0397 134 129 219 236
pottedplant 0.0390 7 121 41 180
pottedplant 0.0385 8 96 87 140
pottedplant 0.0377 46 104 80 128
pottedplant 0.0375 0 0 249 172
pottedplant 0.0372 125 288 163 368
pottedplant 0.0357 125 265 240 412
pottedplant 0.0357 4 4 143 100
pottedplant 0.0352 107 247 176 372
pottedplant 0.0344 66 167 146 342
pottedplant 0.0344 0 1 44 52
pottedplant 0.0340 149 143 225 295
pottedplant 0.0339 177 225 215 326
pottedplant 0.0328 131 307 192 369
pottedplant 0.0328 0 161 40 365
pottedplant 0.0326 0 100 134 476
pottedplant 0.0323 42 237 101 365
pottedplant 0.0322 97 288 131 357
pottedplant 0.0321 100 337 214 445
pottedplant 0.0319 67 379 200 488
pottedplant 0.0317 161 246 245 366
pottedplant 0.0317 11 117 90 168
pottedplant 0.0313 44 92 199 178
pottedplant 0.0306 11 75 118 133
pottedplant 0.0306 142 283 166 360
pottedplant 0.0306 37 304 113 470
pottedplant 0.0295 118 301 152 362
pottedplant 0.0292 181 195 219 286
pottedplant 0.0284 35 90 121 263
pottedplant 0.0283 115 134 205 191
pottedplant 0.0274 65 121 202 202
pottedplant 0.0272 62 33 218 189
pottedplant 0.0271 103 73 225 213
pottedplant 0.0271 54 108 79 142
pottedplant 0.0270 197 123 375 500
pottedplant 0.0269 0 85 44 266
pottedplant 0.0268 153 307 167 360
pottedplant 0.0260 115 420 272 495
pottedplant 0.0257 48 33 141 182
pottedplant 0.0255 48 342 158 453
pottedplant 0.0254 0 24 49 199
pottedplant 0.0250 0 149 57 500
pottedplant 0.0249 173 255 220 376
pottedplant 0.0247 0 184 88 290
pottedplant 0.0245 0 299 115 399
pottedplant 0.0243 133 335 194 389
pottedplant 0.0242 37 98 126 140
pottedplant 0.0241 165 259 203 365
pottedplant 0.0238 142 162 311 436
pottedplant 0.0235 79 306 131 361
pottedplant 0.0223 0 135 82 243
pottedplant 0.0223 82 270 124 352
pottedplant 0.0218 99 149 219 270
pottedplant 0.0215 29 0 71 58
pottedplant 0.0211 151 267 189 371
pottedplant 0.0211 69 248 188 424
pottedplant 0.0211 61 280 96 352
pottedplant 0.0210 53 270 102 330
pottedplant 0.0209 111 264 219 359
pottedplant 0.0208 108 276 141 355
pottedplant 0.0207 156 299 178 364
pottedplant 0.0207 93 312 125 356
pottedplant 0.0206 47 308 108 360
pottedplant 0.0205 50 101 146 227
pottedplant 0.0204 134 313 225 399
pottedplant 0.0203 54 218 98 313
sofa 0.0487 61 1 375 367
