boat 0.0609 43 0 482 346
boat 0.0373 353 269 500 347
bottle 0.7615 195 91 330 348
bottle 0.2959 101 22 343 348
bottle 0.1573 350 97 492 347
bottle 0.1345 180 10 447 348
bottle 0.0909 200 94 332 219
bottle 0.0834 348 242 495 347
bottle 0.0667 167 148 270 346
bottle 0.0615 289 8 500 348
bottle 0.0488 187 218 327 345
bottle 0.0469 322 207 405 339
bottle 0.0449 26 51 178 339
bottle 0.0441 169 221 247 348
bottle 0.0422 98 121 245 343
bottle 0.0407 130 198 217 343
bottle 0.0392 288 200 357 343
bottle 0.0385 245 105 332 294
bottle 0.0360 404 283 498 347
bottle 0.0357 291 197 490 348
bottle 0.0345 167 150 425 335
bottle 0.0342 264 100 330 210
bottle 0.0330 244 175 330 346
bottle 0.0309 455 262 497 347
bottle 0.0306 189 270 230 346
bottle 0.0298 212 102 311 141
bottle 0.0295 284 271 322 347
bottle 0.0291 285 112 328 194
bottle 0.0291 172 27 316 253
bottle 0.0280 238 105 381 344
bottle 0.0280 417 324 500 347
bottle 0.0280 270 271 308 347
bottle 0.0265 169 112 236 277
bottle 0.0264 420 334 486 346
bottle 0.0261 364 307 500 346
bottle 0.0260 217 99 328 163
bottle 0.0258 0 4 271 348
bottle 0.0248 348 193 446 333
bottle 0.0236 279 100 325 154
bottle 0.0235 269 107 320 179
bottle 0.0234 133 131 215 303
bottle 0.0228 316 128 392 298
bottle 0.0227 265 0 332 146
bottle 0.0225 37 24 116 176
bottle 0.0225 207 106 279 190
bottle 0.0224 200 288 237 346
bottle 0.0217 95 200 189 342
bottle 0.0216 206 111 248 180
bottle 0.0216 172 273 342 343
bottle 0.0213 311 270 452 348
bottle 0.0211 206 210 236 298
bottle 0.0206 225 5 311 142
bottle 0.0205 279 0 328 91
bottle 0.0205 196 191 257 344
bottle 0.0201 277 218 332 346
chair 0.0272 347 191 496 348
chair 0.0222 356 264 500 348
chair 0.0213 4 237 72 346
diningtable 0.0566 166 203 459 344
diningtable 0.0388 176 97 500 347
diningtable 0.0371 259 242 500 345
diningtable 0.0314 45 201 326 348
diningtable 0.0264 0 31 342 336
diningtable 0.0203 7 10 331 174
person 0.0699 345 160 495 347
person 0.0564 0 0 422 338
person 0.0294 301 105 444 346
person 0.0289 68 86 206 348
person 0.0274 15 45 138 345
person 0.0255 19 6 129 184
person 0.0236 412 150 497 326
person 0.0225 7 8 77 167
person 0.0213 361 15 485 322
tvmonitor 0.0410 0 0 358 339
tvmonitor 0.0318 12 0 153 216
tvmonitor 0.0254 14 0 248 140
tvmonitor 0.0239 32 1 267 63
tvmonitor 0.0224 0 0 88 197
