bird 0.0522 34 0 320 222
bird 0.0338 280 0 320 16
bird 0.0307 177 0 320 228
bird 0.0232 298 0 318 15
bottle 0.0484 26 153 48 192
bottle 0.0437 52 127 74 151
bottle 0.0284 97 88 117 120
bottle 0.0281 144 56 180 81
bottle 0.0257 16 153 42 196
bottle 0.0232 46 126 72 162
bottle 0.0214 30 167 45 191
bottle 0.0213 52 110 71 147
car 0.0552 169 154 219 172
car 0.0372 0 0 319 240
cat 0.1251 13 130 50 209
cat 0.0537 15 128 46 173
cat 0.0525 117 57 177 83
cat 0.0297 19 141 46 186
cat 0.0293 14 139 42 165
cat 0.0274 145 56 180 81
chair 0.2031 167 139 280 223
chair 0.1915 173 114 219 175
chair 0.1904 167 133 226 218
chair 0.1702 191 116 221 163
chair 0.1492 248 169 320 240
chair 0.1445 182 112 209 164
chair 0.1408 53 140 124 219
chair 0.1179 14 142 59 229
chair 0.1139 174 158 248 225
chair 0.1025 185 119 238 169
chair 0.1016 179 108 198 157
chair 0.0977 96 110 133 198
chair 0.0861 163 100 222 198
chair 0.0819 221 124 268 164
chair 0.0784 235 131 311 174
chair 0.0779 119 142 250 232
chair 0.0774 15 157 95 227
chair 0.0767 165 112 309 208
chair 0.0763 203 122 228 162
chair 0.0736 49 151 118 195
chair 0.0730 47 174 129 222
chair 0.0725 240 113 287 170
chair 0.0723 165 163 218 233
chair 0.0718 242 117 267 162
chair 0.0713 167 154 221 189
chair 0.0712 37 158 70 224
chair 0.0687 88 145 132 221
chair 0.0684 193 122 213 155
chair 0.0633 261 116 284 151
chair 0.0630 98 132 128 185
chair 0.0623 246 175 291 233
chair 0.0614 193 169 236 223
chair 0.0601 179 119 288 166
chair 0.0596 189 118 204 155
chair 0.0585 205 129 302 189
chair 0.0584 19 174 68 225
chair 0.0577 164 132 268 183
chair 0.0567 104 56 192 193
chair 0.0563 214 138 282 166
chair 0.0562 299 101 319 140
chair 0.0557 282 167 320 236
chair 0.0553 220 139 255 165
chair 0.0549 249 118 278 161
chair 0.0538 61 150 185 227
chair 0.0523 71 147 129 185
chair 0.0521 125 86 212 222
chair 0.0519 165 111 197 168
chair 0.0512 99 152 129 196
chair 0.0510 199 165 275 218
chair 0.0509 0 222 47 240
chair 0.0505 200 128 255 168
chair 0.0504 234 202 320 240
chair 0.0500 231 114 259 161
chair 0.0492 4 166 51 240
chair 0.0483 158 187 249 232
chair 0.0475 118 89 181 178
chair 0.0473 165 142 216 177
chair 0.0473 68 162 130 212
chair 0.0472 246 141 315 202
chair 0.0468 100 168 129 215
chair 0.0468 0 206 21 240
chair 0.0462 3 193 74 239
chair 0.0462 263 116 282 135
chair 0.0460 91 166 221 233
chair 0.0455 145 207 242 238
chair 0.0452 254 124 297 172
chair 0.0452 234 159 280 230
chair 0.0450 244 137 291 168
chair 0.0446 0 217 15 239
chair 0.0442 190 123 261 203
chair 0.0431 273 99 319 173
chair 0.0426 166 56 258 199
chair 0.0424 169 155 219 174
chair 0.0419 136 109 206 175
chair 0.0414 217 124 241 165
chair 0.0411 0 228 29 239
chair 0.0411 13 128 45 183
chair 0.0408 174 78 236 180
chair 0.0400 244 114 260 146
chair 0.0400 257 99 288 155
chair 0.0399 270 162 319 211
chair 0.0399 177 150 252 175
chair 0.0397 291 97 319 160
chair 0.0395 253 104 277 150
chair 0.0393 262 97 283 137
chair 0.0391 222 115 250 159
chair 0.0388 144 140 215 207
chair 0.0382 186 114 198 148
chair 0.0381 215 123 229 157
chair 0.0381 2 218 71 238
chair 0.0379 210 116 235 158
chair 0.0368 62 164 113 185
chair 0.0368 42 167 87 221
chair 0.0367 5 129 41 230
chair 0.0364 116 157 196 219
chair 0.0364 213 181 290 238
chair 0.0363 4 205 46 237
chair 0.0358 216 142 266 215
chair 0.0356 191 140 242 166
chair 0.0351 14 196 55 228
chair 0.0351 56 175 98 225
chair 0.0351 0 166 27 239
chair 0.0350 12 178 39 230
chair 0.0349 81 199 230 236
chair 0.0346 161 200 229 229
chair 0.0345 181 199 265 240
chair 0.0345 256 156 319 189
chair 0.0344 236 135 267 164
chair 0.0343 101 99 150 180
chair 0.0336 57 197 131 225
chair 0.0336 168 168 205 216
chair 0.0336 72 103 193 206
chair 0.0334 140 162 231 217
chair 0.0334 260 136 315 162
chair 0.0333 199 106 226 155
chair 0.0328 225 170 264 223
chair 0.0327 13 188 134 232
chair 0.0320 136 189 214 238
chair 0.0317 43 205 153 235
chair 0.0316 50 179 75 224
chair 0.0312 266 108 305 161
chair 0.0312 250 114 263 138
chair 0.0310 182 178 224 233
chair 0.0309 210 147 265 170
chair 0.0308 12 148 40 213
chair 0.0306 196 56 313 196
chair 0.0304 115 136 191 200
chair 0.0304 179 149 286 186
chair 0.0303 83 161 127 189
chair 0.0303 280 107 302 144
chair 0.0300 284 100 312 144
chair 0.0299 0 199 12 240
chair 0.0299 63 189 108 221
chair 0.0297 161 207 207 235
chair 0.0297 265 100 279 121
chair 0.0297 108 163 133 207
chair 0.0296 0 207 116 236
chair 0.0295 164 128 188 172
chair 0.0294 60 157 112 176
chair 0.0294 245 173 311 213
chair 0.0291 219 147 298 204
chair 0.0290 243 113 252 139
chair 0.0288 141 215 211 238
chair 0.0288 201 180 227 224
chair 0.0287 204 124 220 150
chair 0.0287 178 216 248 238
chair 0.0285 242 177 272 222
chair 0.0285 4 219 28 240
chair 0.0283 218 176 252 217
chair 0.0282 171 182 213 222
chair 0.0282 259 130 284 163
chair 0.0280 178 208 227 234
chair 0.0279 60 187 88 224
chair 0.0277 271 103 295 144
chair 0.0277 214 91 259 165
chair 0.0277 190 147 233 173
chair 0.0276 229 146 288 171
chair 0.0276 203 154 246 212
chair 0.0273 265 107 280 128
chair 0.0272 90 132 147 190
chair 0.0271 286 200 320 237
chair 0.0269 157 221 207 239
chair 0.0269 204 179 245 233
chair 0.0268 200 99 307 173
chair 0.0267 16 160 53 204
chair 0.0267 246 216 316 237
chair 0.0266 276 221 320 239
chair 0.0265 89 158 113 187
chair 0.0262 188 183 258 221
chair 0.0262 160 154 198 182
chair 0.0261 114 177 279 240
chair 0.0260 163 169 190 213
chair 0.0259 168 225 227 240
chair 0.0258 16 170 162 240
chair 0.0257 220 203 277 239
chair 0.0255 250 133 273 165
chair 0.0254 158 127 205 173
chair 0.0254 146 117 185 175
chair 0.0254 239 129 258 161
chair 0.0252 188 136 220 176
chair 0.0250 195 198 233 227
chair 0.0250 3 155 22 216
chair 0.0250 101 123 211 186
chair 0.0249 168 190 201 230
chair 0.0247 197 172 220 212
chair 0.0246 252 114 269 144
chair 0.0246 1 196 29 234
chair 0.0243 184 95 204 152
chair 0.0242 192 210 254 233
chair 0.0241 220 141 239 166
chair 0.0240 266 120 284 142
chair 0.0238 259 171 316 196
chair 0.0236 82 179 127 216
chair 0.0235 134 156 174 182
chair 0.0234 25 189 79 228
chair 0.0234 180 160 262 198
chair 0.0233 255 114 265 136
chair 0.0233 238 227 313 240
chair 0.0231 12 127 42 159
chair 0.0229 275 125 316 158
chair 0.0228 78 144 110 180
chair 0.0227 99 168 128 186
chair 0.0227 242 165 293 206
chair 0.0226 9 209 76 232
chair 0.0226 295 168 320 210
chair 0.0224 220 152 302 179
chair 0.0224 236 132 274 177
chair 0.0224 182 111 195 141
chair 0.0223 232 112 252 147
chair 0.0223 112 175 129 218
chair 0.0223 235 83 277 165
chair 0.0221 133 125 176 180
chair 0.0220 192 189 219 230
chair 0.0219 71 148 174 194
chair 0.0219 109 168 127 196
chair 0.0219 211 132 235 169
chair 0.0219 60 210 130 231
chair 0.0219 195 120 221 146
chair 0.0218 231 131 252 161
chair 0.0218 181 118 194 154
chair 0.0217 50 201 103 222
chair 0.0216 198 132 218 163
chair 0.0215 225 144 248 164
chair 0.0212 42 177 64 224
chair 0.0211 192 114 202 141
chair 0.0209 212 122 226 149
chair 0.0209 56 218 137 237
chair 0.0207 244 202 289 237
chair 0.0206 179 164 223 204
chair 0.0206 165 105 189 151
chair 0.0205 238 115 248 140
chair 0.0205 204 214 296 239
chair 0.0205 0 158 13 240
chair 0.0203 199 135 227 174
chair 0.0203 220 190 250 230
chair 0.0203 240 110 271 144
chair 0.0202 190 140 232 202
chair 0.0202 14 160 32 204
chair 0.0202 256 146 302 169
chair 0.0202 255 138 296 160
chair 0.0201 8 126 61 169
chair 0.0201 195 119 208 145
chair 0.0201 74 157 111 193
chair 0.0200 8 143 83 206
chair 0.0200 0 205 247 240
chair 0.0200 47 197 82 225
dog 0.0604 5 0 308 240
dog 0.0431 16 18 188 223
dog 0.0295 139 26 318 228
dog 0.0241 66 70 207 210
horse 0.0291 0 0 320 240
person 0.2305 245 149 318 235
person 0.1880 14 136 56 226
person 0.1247 267 139 318 179
person 0.1148 28 152 73 225
person 0.1040 247 132 320 197
person 0.0955 16 130 91 227
person 0.0892 3 0 320 224
person 0.0854 40 153 96 223
person 0.0808 217 150 294 229
person 0.0699 222 94 319 222
person 0.0695 167 90 299 228
person 0.0688 17 137 47 195
person 0.0651 13 26 111 222
person 0.0633 271 169 319 235
person 0.0619 274 139 317 162
person 0.0605 34 90 142 232
person 0.0598 237 119 312 174
person 0.0569 275 140 320 218
person 0.0567 296 135 320 170
person 0.0543 50 151 111 186
person 0.0491 301 98 320 136
person 0.0484 43 164 68 223
person 0.0463 26 156 49 192
person 0.0463 254 138 305 171
person 0.0457 245 47 320 197
person 0.0436 283 125 319 175
person 0.0436 139 100 251 232
person 0.0411 113 48 200 185
person 0.0396 56 154 103 176
person 0.0387 50 130 78 170
person 0.0376 0 197 15 240
person 0.0375 275 150 320 174
person 0.0375 306 136 320 161
person 0.0373 44 132 93 193
person 0.0365 1 107 68 229
person 0.0365 291 146 320 181
person 0.0361 186 97 197 118
person 0.0350 28 151 56 208
person 0.0340 26 128 77 199
person 0.0334 293 116 320 163
person 0.0333 50 149 81 186
person 0.0330 80 82 185 231
person 0.0317 289 162 320 211
person 0.0317 45 12 209 232
person 0.0307 169 40 257 185
person 0.0299 283 158 320 191
person 0.0295 182 96 199 149
person 0.0290 43 149 70 191
person 0.0290 270 141 299 161
person 0.0289 43 160 63 197
person 0.0284 184 97 193 113
person 0.0277 197 21 320 221
person 0.0276 158 58 218 178
person 0.0256 56 136 88 173
person 0.0248 0 132 40 233
person 0.0246 48 158 77 212
person 0.0246 263 132 290 163
person 0.0234 277 141 307 156
person 0.0234 105 36 277 236
person 0.0233 34 160 57 194
person 0.0231 304 141 320 176
person 0.0227 22 153 109 200
person 0.0223 26 141 101 183
person 0.0220 279 142 302 166
person 0.0214 299 136 318 153
person 0.0211 57 151 79 176
person 0.0211 184 66 230 165
person 0.0200 262 33 318 147
pottedplant 0.0362 119 59 155 83
pottedplant 0.0321 111 53 188 176
pottedplant 0.0302 115 56 183 93
pottedplant 0.0264 146 56 182 81
pottedplant 0.0244 261 44 282 90
pottedplant 0.0237 12 128 40 165
pottedplant 0.0204 204 25 311 183
sofa 0.4541 168 140 319 234
sofa 0.3440 230 160 318 236
sofa 0.2218 35 148 125 224
sofa 0.2116 165 159 274 227
sofa 0.1285 222 129 318 207
sofa 0.1205 71 120 316 229
sofa 0.1177 17 137 96 228
sofa 0.1014 19 161 181 229
sofa 0.0990 240 138 319 176
sofa 0.0780 174 133 297 184
sofa 0.0763 88 165 278 233
sofa 0.0664 168 185 304 233
sofa 0.0636 5 54 307 237
sofa 0.0626 15 97 202 231
sofa 0.0537 198 121 311 168
sofa 0.0415 261 118 320 172
sofa 0.0414 249 147 320 194
sofa 0.0403 8 181 232 238
sofa 0.0400 76 138 233 219
sofa 0.0385 252 163 320 212
sofa 0.0365 135 122 293 207
sofa 0.0353 42 116 151 214
sofa 0.0282 150 41 320 239
sofa 0.0261 73 196 306 240
sofa 0.0251 85 104 214 180
sofa 0.0219 0 148 288 240
sofa 0.0200 170 97 320 178
tvmonitor 0.4121 95 117 129 173
tvmonitor 0.1922 51 84 82 153
tvmonitor 0.1231 50 91 70 135
tvmonitor 0.1207 51 124 126 218
tvmonitor 0.1143 86 90 126 176
tvmonitor 0.1091 55 84 104 160
tvmonitor 0.0996 62 123 130 180
tvmonitor 0.0865 51 119 77 158
tvmonitor 0.0789 46 73 129 200
tvmonitor 0.0706 54 106 89 164
tvmonitor 0.0693 82 63 189 179
tvmonitor 0.0618 59 121 113 164
tvmonitor 0.0607 75 68 141 178
tvmonitor 0.0606 93 105 121 157
tvmonitor 0.0592 41 113 110 176
tvmonitor 0.0583 51 146 119 188
tvmonitor 0.0561 77 115 126 160
tvmonitor 0.0545 87 137 126 177
tvmonitor 0.0545 296 93 318 141
tvmonitor 0.0543 84 121 111 169
tvmonitor 0.0493 12 126 107 220
tvmonitor 0.0474 97 110 161 176
tvmonitor 0.0472 71 119 95 161
tvmonitor 0.0439 98 91 128 151
tvmonitor 0.0416 51 136 102 175
tvmonitor 0.0401 276 63 319 145
tvmonitor 0.0382 50 126 94 155
tvmonitor 0.0381 98 120 126 146
tvmonitor 0.0379 62 87 85 136
tvmonitor 0.0376 264 96 280 122
tvmonitor 0.0366 71 90 94 144
tvmonitor 0.0352 46 101 70 154
tvmonitor 0.0336 14 51 99 211
tvmonitor 0.0329 67 148 114 178
tvmonitor 0.0318 25 119 86 164
tvmonitor 0.0317 66 116 88 154
tvmonitor 0.0314 80 87 115 153
tvmonitor 0.0312 95 87 119 134
tvmonitor 0.0312 99 127 127 159
tvmonitor 0.0295 303 95 320 130
tvmonitor 0.0288 284 96 313 141
tvmonitor 0.0288 22 82 82 154
tvmonitor 0.0285 99 75 170 160
tvmonitor 0.0277 292 199 319 238
tvmonitor 0.0276 39 95 79 168
tvmonitor 0.0275 67 143 125 168
tvmonitor 0.0275 10 88 56 167
tvmonitor 0.0272 14 128 49 161
tvmonitor 0.0270 13 126 72 176
tvmonitor 0.0263 36 105 178 184
tvmonitor 0.0260 50 133 84 163
tvmonitor 0.0254 28 13 117 181
tvmonitor 0.0252 23 104 73 194
tvmonitor 0.0251 262 89 284 136
tvmonitor 0.0246 54 129 75 148
tvmonitor 0.0244 51 103 65 131
tvmonitor 0.0244 254 65 294 149
tvmonitor 0.0239 92 94 144 161
tvmonitor 0.0237 95 117 123 136
tvmonitor 0.0233 0 6 40 35
tvmonitor 0.0230 81 117 100 161
tvmonitor 0.0225 63 104 84 149
tvmonitor 0.0224 34 128 80 154
tvmonitor 0.0222 0 110 139 195
tvmonitor 0.0216 61 120 80 149
tvmonitor 0.0216 95 121 117 166
tvmonitor 0.0214 50 97 129 152
tvmonitor 0.0214 250 78 280 143
tvmonitor 0.0213 45 83 73 124
tvmonitor 0.0211 98 119 116 141
tvmonitor 0.0200 79 118 93 150
tvmonitor 0.0200 56 93 74 129
