bicycle 0.5574 48 8 432 214
bicycle 0.5116 65 57 312 213
bicycle 0.1799 34 46 376 150
bicycle 0.1741 29 36 214 206
bicycle 0.1328 80 82 442 183
bicycle 0.0969 129 69 268 196
bicycle 0.0834 57 132 299 217
bicycle 0.0765 71 76 201 180
bicycle 0.0529 186 76 281 163
bicycle 0.0517 168 75 314 206
bicycle 0.0476 67 158 187 217
bicycle 0.0463 170 72 237 160
bicycle 0.0440 431 0 498 43
bicycle 0.0388 100 74 334 164
bicycle 0.0387 88 90 239 218
bicycle 0.0380 110 74 216 151
bicycle 0.0369 61 112 166 193
bicycle 0.0336 28 82 284 177
bicycle 0.0317 0 0 23 19
bicycle 0.0274 75 75 271 138
bicycle 0.0264 21 131 187 218
bicycle 0.0250 205 79 318 147
bicycle 0.0246 92 163 288 210
bicycle 0.0241 207 97 308 188
bicycle 0.0216 179 63 426 147
bicycle 0.0201 437 0 496 24
bird 0.0351 117 1 389 73
bird 0.0236 14 0 476 156
bird 0.0213 113 0 192 99
boat 0.0303 67 171 187 216
boat 0.0230 50 162 292 218
bottle 0.0544 77 166 184 217
bottle 0.0419 66 116 135 198
bottle 0.0243 120 171 175 217
bottle 0.0230 119 162 140 181
bottle 0.0212 67 158 126 187
bottle 0.0203 86 122 174 218
car 0.0368 2 81 75 159
car 0.0341 0 64 119 158
car 0.0337 67 173 247 215
car 0.0328 1 134 19 160
car 0.0290 206 64 488 145
car 0.0252 341 12 498 152
car 0.0239 416 55 496 144
cat 0.0219 118 0 198 101
chair 0.2351 36 2 489 184
chair 0.0922 64 11 461 112
chair 0.0769 177 33 476 155
chair 0.0528 232 55 464 198
chair 0.0514 20 0 80 25
chair 0.0458 77 170 186 217
chair 0.0437 296 20 490 175
chair 0.0423 470 0 500 41
chair 0.0413 202 3 498 68
chair 0.0391 169 75 240 159
chair 0.0389 410 0 500 53
chair 0.0373 343 0 498 61
chair 0.0278 70 197 173 216
chair 0.0276 0 78 105 155
chair 0.0275 205 86 276 154
chair 0.0269 46 0 89 28
chair 0.0265 279 0 466 40
chair 0.0262 299 0 499 103
chair 0.0256 0 0 108 31
chair 0.0251 128 0 424 81
chair 0.0250 0 7 311 218
chair 0.0247 200 98 311 204
chair 0.0242 70 205 160 218
chair 0.0231 422 0 479 33
chair 0.0231 62 141 283 218
chair 0.0218 31 192 194 218
chair 0.0218 13 0 54 24
chair 0.0215 391 0 500 144
chair 0.0213 222 0 391 38
chair 0.0213 480 1 500 27
chair 0.0210 306 0 408 50
chair 0.0200 0 0 75 16
horse 0.0206 0 20 52 111
person 0.4008 48 12 280 207
person 0.3613 81 39 210 202
person 0.1851 70 72 170 187
person 0.1750 112 5 220 164
person 0.1523 32 15 189 176
person 0.1444 23 0 473 171
person 0.1107 134 66 259 189
person 0.0998 66 105 135 187
person 0.0886 0 16 109 162
person 0.0865 124 67 208 170
person 0.0843 96 55 186 164
person 0.0758 164 71 229 161
person 0.0736 0 10 315 118
person 0.0675 27 68 139 174
person 0.0654 79 110 174 217
person 0.0524 112 91 180 187
person 0.0524 104 1 232 87
person 0.0475 186 74 280 153
person 0.0458 150 51 243 143
person 0.0455 124 0 173 42
person 0.0454 0 45 251 150
person 0.0453 1 129 19 159
person 0.0443 114 0 186 73
person 0.0440 142 23 307 164
person 0.0430 0 112 23 160
person 0.0414 9 74 92 162
person 0.0410 0 0 27 37
person 0.0376 64 112 120 165
person 0.0359 0 23 40 71
person 0.0354 2 12 91 95
person 0.0346 15 0 208 93
person 0.0328 82 171 192 217
person 0.0317 184 71 230 120
person 0.0300 36 106 147 214
person 0.0294 72 0 171 38
person 0.0293 173 76 221 131
person 0.0291 120 0 225 44
person 0.0277 456 7 499 53
person 0.0276 1 3 39 50
person 0.0274 429 0 499 61
person 0.0271 479 22 499 47
person 0.0269 0 34 19 63
person 0.0263 94 0 333 70
person 0.0246 118 209 170 217
person 0.0243 0 26 47 103
person 0.0240 14 2 121 69
person 0.0237 41 0 83 25
person 0.0237 148 0 199 40
person 0.0234 120 33 200 136
person 0.0232 1 111 18 142
person 0.0224 2 106 37 159
person 0.0221 108 107 158 179
person 0.0220 135 10 245 118
person 0.0210 135 69 227 131
person 0.0210 3 8 29 29
person 0.0209 0 7 26 58
person 0.0208 0 18 22 45
person 0.0205 30 100 113 162
person 0.0201 0 74 55 162
pottedplant 0.0957 0 0 33 28
pottedplant 0.0797 1 0 80 28
pottedplant 0.0703 442 0 499 43
pottedplant 0.0291 466 0 499 31
pottedplant 0.0281 0 12 26 29
pottedplant 0.0250 404 0 500 52
pottedplant 0.0249 440 0 479 30
pottedplant 0.0240 10 4 38 25
pottedplant 0.0225 0 0 27 15
pottedplant 0.0221 0 0 14 27
pottedplant 0.0214 0 0 66 51
pottedplant 0.0206 481 0 500 42
sofa 0.0284 18 0 500 168
