car 0.0272 373 3 500 60
car 0.0265 414 34 500 157
car 0.0263 409 45 498 106
car 0.0247 331 9 500 99
car 0.0224 481 0 500 24
car 0.0221 456 0 500 16
car 0.0214 415 79 499 116
car 0.0204 453 0 499 35
car 0.0203 456 42 499 108
dog 0.8849 0 2 452 371
dog 0.1160 10 0 237 353
dog 0.0975 1 0 140 282
dog 0.0679 42 185 465 371
dog 0.0655 5 26 86 217
dog 0.0404 0 1 149 146
dog 0.0294 95 262 462 369
dog 0.0284 325 24 472 367
dog 0.0247 5 0 93 119
dog 0.0231 96 307 325 371
dog 0.0216 1 3 271 127
dog 0.0211 2 2 83 60
dog 0.0207 7 87 126 214
dog 0.0206 0 120 104 251
dog 0.0205 289 133 449 375
person 0.0505 0 41 115 359
person 0.0352 0 2 23 86
person 0.0288 5 109 93 310
person 0.0283 2 2 39 69
person 0.0272 1 0 20 42
person 0.0240 0 37 18 92
person 0.0228 6 187 102 358
person 0.0200 2 77 77 244
pottedplant 0.0232 0 0 22 75
