bird 0.0796 97 433 139 459
bird 0.0464 35 319 290 441
bird 0.0310 158 396 214 427
bird 0.0307 103 346 265 420
bird 0.0269 330 393 355 413
bird 0.0268 63 364 268 467
bird 0.0265 339 383 354 416
bird 0.0259 69 311 242 392
bird 0.0253 182 398 213 419
bird 0.0246 96 420 148 457
bird 0.0243 292 406 315 420
bird 0.0212 46 346 213 434
bird 0.0205 256 390 272 415
car 0.0217 0 420 15 463
dog 0.8986 61 75 270 375
dog 0.0795 132 274 269 375
dog 0.0653 59 249 276 381
dog 0.0438 53 306 264 402
dog 0.0371 58 85 155 316
dog 0.0342 74 280 241 363
dog 0.0311 189 213 267 383
dog 0.0293 22 126 303 464
dog 0.0265 167 86 275 376
dog 0.0202 93 194 131 217
person 0.0368 83 77 100 125
person 0.0340 209 362 240 382
person 0.0256 63 76 104 135
person 0.0237 258 389 271 415
person 0.0228 205 342 254 381
person 0.0208 135 314 271 381
person 0.0203 206 225 267 377
pottedplant 0.0203 209 367 240 385
sofa 0.0268 19 64 313 413
sofa 0.0204 111 196 149 216
