aeroplane 0.0658 27 69 500 270
boat 0.0226 55 7 500 276
bus 0.0248 477 194 500 233
car 0.1002 480 199 499 248
car 0.0404 473 210 494 247
car 0.0393 464 203 500 250
car 0.0353 482 222 499 252
car 0.0286 0 222 22 250
car 0.0282 468 235 499 250
car 0.0278 49 199 100 245
car 0.0209 473 227 500 248
person 0.0544 52 190 66 221
person 0.0397 54 192 75 223
person 0.0335 42 191 61 219
person 0.0322 50 198 67 238
person 0.0270 51 193 82 241
person 0.0269 47 199 60 224
person 0.0235 49 211 59 233
person 0.0212 57 194 72 214
train 0.8463 55 146 487 250
train 0.2035 0 187 63 217
train 0.1052 0 193 37 218
train 0.0956 0 184 25 215
train 0.0703 478 193 499 242
train 0.0582 0 181 83 227
train 0.0562 26 189 63 213
train 0.0537 16 125 500 375
train 0.0522 4 199 60 216
train 0.0509 30 153 141 242
train 0.0494 48 52 500 252
train 0.0470 1 163 47 220
train 0.0448 49 147 230 249
train 0.0388 463 190 495 249
train 0.0384 49 190 67 215
train 0.0381 30 187 77 220
train 0.0353 0 195 46 235
train 0.0350 50 191 83 242
train 0.0337 342 200 498 251
train 0.0320 5 186 42 210
train 0.0305 40 192 64 216
train 0.0300 314 151 489 253
train 0.0293 10 145 100 243
train 0.0290 51 190 79 219
train 0.0282 39 185 94 230
train 0.0272 1 204 45 219
train 0.0233 473 192 493 226
train 0.0218 2 204 74 243
train 0.0218 406 184 495 253
train 0.0215 13 183 71 206
