boat 0.0437 6 80 47 284
boat 0.0419 160 4 364 168
boat 0.0299 13 155 43 273
boat 0.0236 248 7 367 134
boat 0.0221 5 140 31 270
bottle 0.0703 190 402 214 498
bottle 0.0654 181 367 219 500
bottle 0.0646 341 379 374 500
bottle 0.0488 21 243 41 269
bottle 0.0392 15 393 37 499
bottle 0.0375 193 399 209 472
bottle 0.0351 200 337 228 433
bottle 0.0348 314 396 351 492
bottle 0.0337 191 331 215 413
bottle 0.0331 0 264 16 314
bottle 0.0308 181 405 204 500
bottle 0.0303 182 320 226 441
bottle 0.0284 198 398 215 469
bottle 0.0281 368 336 375 445
bottle 0.0264 27 242 44 277
bottle 0.0259 348 137 363 193
bottle 0.0245 21 194 43 272
bottle 0.0237 194 336 208 390
bottle 0.0236 180 367 210 450
bottle 0.0235 196 402 208 446
bottle 0.0234 182 337 209 424
bottle 0.0233 182 396 212 467
bottle 0.0230 191 340 254 436
bottle 0.0229 200 401 214 444
bottle 0.0229 191 406 203 466
bottle 0.0225 200 406 221 498
bottle 0.0223 207 389 220 442
bottle 0.0219 221 215 232 259
bottle 0.0216 273 476 343 500
bottle 0.0215 327 347 369 488
bottle 0.0211 171 253 236 300
bottle 0.0207 0 476 31 499
bottle 0.0206 203 370 224 457
bottle 0.0201 208 407 219 462
bottle 0.0201 26 215 40 266
bus 0.0466 6 69 48 280
bus 0.0454 0 0 70 316
bus 0.0245 3 20 111 383
car 0.2937 31 31 359 500
car 0.0686 337 281 355 321
car 0.0671 4 6 59 248
car 0.0658 26 289 287 497
car 0.0509 123 34 375 227
car 0.0474 0 7 232 168
car 0.0451 0 269 16 311
car 0.0423 336 279 351 306
car 0.0412 62 201 333 430
car 0.0387 33 110 292 334
car 0.0373 3 2 123 176
car 0.0345 6 7 143 453
car 0.0319 96 159 353 359
car 0.0298 168 220 230 265
car 0.0298 14 38 231 386
car 0.0292 6 91 54 333
car 0.0282 171 249 229 272
car 0.0281 341 284 353 338
car 0.0277 194 2 375 162
car 0.0270 26 15 183 131
car 0.0270 326 275 359 336
car 0.0265 66 3 341 160
car 0.0261 0 16 73 500
car 0.0259 3 96 36 282
car 0.0256 161 234 234 288
car 0.0255 332 273 355 308
car 0.0254 337 279 366 334
car 0.0246 166 161 288 263
car 0.0246 250 182 362 303
car 0.0243 337 271 348 297
car 0.0239 2 78 107 290
car 0.0238 248 0 367 256
car 0.0224 310 266 353 324
car 0.0212 173 256 229 282
car 0.0210 203 162 335 267
car 0.0206 0 0 75 137
car 0.0202 154 205 244 278
car 0.0202 46 3 215 93
car 0.0202 319 276 351 361
chair 0.1972 157 326 352 495
chair 0.1909 5 263 56 500
chair 0.1109 139 273 229 495
chair 0.1101 97 262 155 335
chair 0.0929 47 263 100 324
chair 0.0881 155 338 251 496
chair 0.0813 215 391 356 492
chair 0.0807 151 261 214 420
chair 0.0751 0 291 29 500
chair 0.0749 48 266 221 496
chair 0.0709 156 254 229 350
chair 0.0694 2 257 115 494
chair 0.0679 8 258 53 398
chair 0.0673 245 259 360 500
chair 0.0652 178 345 222 500
chair 0.0637 47 261 172 420
chair 0.0634 119 266 194 469
chair 0.0629 270 352 353 500
chair 0.0601 341 411 375 500
chair 0.0579 0 127 68 498
chair 0.0568 107 298 295 495
chair 0.0567 97 259 163 386
chair 0.0555 137 262 185 418
chair 0.0542 59 263 144 323
chair 0.0499 149 258 196 360
chair 0.0462 153 319 219 453
chair 0.0453 14 251 83 448
chair 0.0441 182 372 282 497
chair 0.0438 1 288 30 401
chair 0.0435 149 265 172 332
chair 0.0425 5 367 33 500
chair 0.0422 39 260 129 389
chair 0.0418 140 358 210 500
chair 0.0414 80 257 186 347
chair 0.0405 23 258 98 361
chair 0.0404 0 8 230 500
chair 0.0404 73 263 101 326
chair 0.0404 130 237 231 387
chair 0.0402 97 265 125 328
chair 0.0399 323 359 374 496
chair 0.0397 162 259 196 328
chair 0.0394 110 257 220 326
chair 0.0379 303 287 367 492
chair 0.0372 144 266 175 375
chair 0.0372 115 208 261 427
chair 0.0363 116 264 151 323
chair 0.0359 288 402 369 500
chair 0.0348 2 259 32 362
chair 0.0336 41 307 59 391
chair 0.0336 13 254 48 346
chair 0.0335 150 267 163 321
chair 0.0332 167 252 231 287
chair 0.0315 184 312 238 452
chair 0.0309 136 256 189 327
chair 0.0308 37 259 65 348
chair 0.0300 32 263 71 382
chair 0.0297 27 285 58 399
chair 0.0296 126 261 161 345
chair 0.0295 176 339 274 435
chair 0.0292 253 413 345 491
chair 0.0289 145 289 197 400
chair 0.0284 20 250 162 360
chair 0.0284 0 281 19 450
chair 0.0276 6 145 56 381
chair 0.0274 10 172 146 441
chair 0.0262 20 257 59 328
chair 0.0260 294 264 352 435
chair 0.0254 10 299 46 426
chair 0.0246 94 269 113 326
chair 0.0246 0 233 61 338
chair 0.0240 128 280 169 408
chair 0.0239 158 262 221 313
chair 0.0239 83 254 113 327
chair 0.0236 0 55 108 434
chair 0.0236 86 268 105 326
chair 0.0234 107 268 209 363
chair 0.0228 182 397 243 500
chair 0.0226 0 263 47 315
chair 0.0222 141 265 161 322
chair 0.0222 131 265 154 319
chair 0.0221 0 252 14 395
chair 0.0220 0 269 18 347
chair 0.0219 26 306 131 468
chair 0.0219 144 307 175 413
chair 0.0218 228 318 310 489
chair 0.0217 145 306 164 384
chair 0.0216 257 449 355 498
chair 0.0215 255 386 341 460
chair 0.0214 358 401 375 500
chair 0.0212 83 342 186 489
chair 0.0212 17 275 46 379
chair 0.0211 139 321 180 471
chair 0.0210 176 268 228 414
chair 0.0209 109 292 220 414
chair 0.0209 103 263 134 318
chair 0.0208 103 393 222 496
chair 0.0208 33 247 80 342
chair 0.0204 8 343 167 492
chair 0.0203 0 221 37 460
chair 0.0202 82 265 99 315
chair 0.0201 0 204 36 332
chair 0.0200 113 273 155 369
person 0.7640 152 187 350 497
person 0.2987 40 109 345 498
person 0.1921 148 257 277 500
person 0.1499 169 334 338 497
person 0.1018 176 333 225 492
person 0.0877 171 246 188 268
person 0.0803 160 203 294 415
person 0.0779 245 233 358 500
person 0.0737 160 267 241 448
person 0.0734 179 184 314 298
person 0.0570 17 208 244 482
person 0.0568 0 0 40 216
person 0.0562 5 51 51 278
person 0.0526 184 343 267 454
person 0.0524 187 177 339 376
person 0.0495 156 245 237 364
person 0.0450 14 114 26 171
person 0.0447 151 194 268 340
person 0.0436 224 183 354 304
person 0.0433 190 372 295 496
person 0.0382 1 2 34 104
person 0.0372 5 76 26 193
person 0.0365 225 390 346 496
person 0.0357 191 335 232 459
person 0.0353 217 104 369 472
person 0.0336 175 245 206 264
person 0.0333 168 241 220 267
person 0.0329 10 105 29 212
person 0.0322 168 249 204 273
person 0.0313 218 180 296 268
person 0.0310 230 207 243 265
person 0.0309 94 124 258 471
person 0.0298 162 242 187 270
person 0.0292 272 185 354 352
person 0.0291 178 344 211 456
person 0.0283 3 30 30 167
person 0.0279 175 243 191 263
person 0.0271 4 37 144 483
person 0.0271 226 205 238 262
person 0.0267 13 81 35 174
person 0.0253 17 113 31 161
person 0.0249 0 0 63 113
person 0.0247 0 459 15 500
person 0.0244 12 37 43 161
person 0.0242 13 89 43 223
person 0.0242 169 249 189 279
person 0.0241 348 131 365 195
person 0.0241 177 251 221 269
person 0.0240 0 0 28 67
person 0.0240 175 234 185 262
person 0.0239 324 300 371 491
person 0.0238 141 223 228 323
person 0.0231 163 172 239 309
person 0.0222 191 241 222 263
person 0.0221 170 236 196 267
person 0.0217 4 110 25 247
person 0.0213 145 10 299 368
person 0.0213 332 255 343 285
person 0.0212 21 247 45 273
person 0.0211 164 245 189 317
person 0.0209 165 252 216 308
person 0.0208 221 206 233 258
person 0.0207 267 179 305 270
person 0.0207 315 394 344 475
person 0.0206 222 194 242 269
person 0.0205 222 183 257 269
person 0.0203 41 102 56 153
person 0.0202 39 94 50 152
person 0.0202 0 25 24 298
person 0.0201 184 241 195 263
pottedplant 0.0227 145 303 164 382
sofa 0.0420 20 266 208 477
sofa 0.0292 96 251 375 500
train 0.2116 0 0 355 478
train 0.1378 11 0 362 229
train 0.0485 5 2 118 299
train 0.0452 6 0 180 453
train 0.0346 173 168 363 322
train 0.0325 154 0 359 370
train 0.0202 161 62 373 255
tvmonitor 0.1356 342 411 375 500
tvmonitor 0.0670 3 301 48 500
tvmonitor 0.0548 315 397 374 498
tvmonitor 0.0513 14 393 38 498
tvmonitor 0.0508 172 236 233 269
tvmonitor 0.0504 0 263 16 310
tvmonitor 0.0374 182 400 211 500
tvmonitor 0.0343 161 252 230 319
tvmonitor 0.0331 167 253 232 287
tvmonitor 0.0315 176 249 230 272
tvmonitor 0.0305 186 232 226 262
tvmonitor 0.0302 221 0 367 181
tvmonitor 0.0272 290 2 359 139
tvmonitor 0.0262 172 207 234 273
tvmonitor 0.0245 363 418 375 499
tvmonitor 0.0242 169 230 233 295
tvmonitor 0.0239 274 476 346 500
tvmonitor 0.0236 0 454 34 500
tvmonitor 0.0230 347 126 369 195
tvmonitor 0.0229 0 4 55 166
tvmonitor 0.0228 0 413 31 499
tvmonitor 0.0227 9 71 56 273
tvmonitor 0.0221 345 459 374 498
tvmonitor 0.0211 14 369 54 500
tvmonitor 0.0209 228 0 312 91
tvmonitor 0.0208 0 246 24 311
tvmonitor 0.0200 14 133 38 261
