boat 0.0633 0 0 80 20
boat 0.0371 0 33 256 162
boat 0.0340 302 277 326 306
boat 0.0322 187 17 244 39
boat 0.0293 10 5 230 59
boat 0.0263 17 16 253 100
boat 0.0257 0 0 181 40
boat 0.0227 287 0 500 65
boat 0.0225 0 0 59 38
boat 0.0216 114 4 261 56
boat 0.0210 316 9 499 122
bottle 0.0765 191 178 207 220
bottle 0.0765 86 134 200 334
bottle 0.0721 2 254 24 304
bottle 0.0693 25 323 228 375
bottle 0.0687 79 246 204 339
bottle 0.0671 3 233 32 302
bottle 0.0659 93 256 170 317
bottle 0.0619 353 134 372 170
bottle 0.0566 162 144 192 204
bottle 0.0564 5 240 148 336
bottle 0.0551 184 160 212 222
bottle 0.0550 88 273 238 362
bottle 0.0518 169 118 225 220
bottle 0.0497 106 129 139 187
bottle 0.0497 208 51 232 79
bottle 0.0481 0 255 26 333
bottle 0.0470 160 265 222 342
bottle 0.0468 110 206 218 341
bottle 0.0439 99 223 185 325
bottle 0.0434 4 302 85 369
bottle 0.0434 0 299 33 349
bottle 0.0432 152 301 301 375
bottle 0.0431 16 171 129 326
bottle 0.0427 2 81 20 119
bottle 0.0423 215 69 231 108
bottle 0.0418 336 136 359 164
bottle 0.0416 9 246 28 292
bottle 0.0415 149 346 241 375
bottle 0.0412 172 152 207 219
bottle 0.0407 210 54 233 105
bottle 0.0407 207 135 240 201
bottle 0.0406 0 224 26 283
bottle 0.0399 112 149 132 186
bottle 0.0395 156 128 202 223
bottle 0.0393 154 262 256 374
bottle 0.0389 14 253 36 303
bottle 0.0380 140 320 252 374
bottle 0.0379 350 136 366 158
bottle 0.0375 1 305 161 371
bottle 0.0374 113 47 148 128
bottle 0.0367 119 346 204 375
bottle 0.0366 119 130 139 177
bottle 0.0366 115 38 143 62
bottle 0.0363 58 200 158 330
bottle 0.0362 8 76 30 117
bottle 0.0358 118 131 187 212
bottle 0.0354 199 114 238 184
bottle 0.0343 90 263 140 323
bottle 0.0342 7 234 28 272
bottle 0.0342 144 148 190 217
bottle 0.0340 125 358 183 375
bottle 0.0338 107 152 157 208
bottle 0.0335 105 149 190 258
bottle 0.0332 195 172 214 214
bottle 0.0331 184 175 202 216
bottle 0.0329 355 128 372 153
bottle 0.0328 70 323 157 372
bottle 0.0325 53 261 166 363
bottle 0.0321 475 0 499 46
bottle 0.0319 0 0 24 44
bottle 0.0314 0 0 84 17
bottle 0.0312 120 265 167 324
bottle 0.0312 191 136 229 223
bottle 0.0311 115 258 209 323
bottle 0.0299 125 38 146 71
bottle 0.0297 104 231 158 309
bottle 0.0297 107 323 192 372
bottle 0.0294 472 11 493 44
bottle 0.0294 0 196 37 306
bottle 0.0292 99 193 162 292
bottle 0.0292 165 296 220 366
bottle 0.0291 3 286 84 342
bottle 0.0290 165 356 223 374
bottle 0.0289 336 129 358 152
bottle 0.0286 83 246 124 315
bottle 0.0277 358 137 379 178
bottle 0.0275 112 37 130 64
bottle 0.0270 149 358 202 375
bottle 0.0269 97 145 147 195
bottle 0.0265 139 349 180 374
bottle 0.0264 127 133 145 172
bottle 0.0260 97 281 161 327
bottle 0.0253 114 38 147 87
bottle 0.0251 353 120 376 160
bottle 0.0248 50 321 83 375
bottle 0.0247 216 142 240 183
bottle 0.0246 86 344 177 375
bottle 0.0244 142 260 188 323
bottle 0.0242 192 114 234 138
bottle 0.0241 125 136 164 192
bottle 0.0239 0 172 40 264
bottle 0.0239 104 158 126 191
bottle 0.0239 184 133 201 173
bottle 0.0237 18 236 34 273
bottle 0.0236 99 154 139 222
bottle 0.0236 33 321 106 372
bottle 0.0234 0 292 48 375
bottle 0.0233 168 48 186 78
bottle 0.0231 57 329 76 368
bottle 0.0230 123 51 164 126
bottle 0.0230 161 348 190 375
bottle 0.0230 126 350 165 374
bottle 0.0229 177 347 206 375
bottle 0.0228 185 348 227 374
bottle 0.0228 155 315 211 375
bottle 0.0228 112 268 149 320
bottle 0.0227 488 0 500 54
bottle 0.0225 109 158 229 287
bottle 0.0225 203 301 382 375
bottle 0.0225 176 177 194 216
bottle 0.0223 0 0 53 35
bottle 0.0223 127 176 256 361
bottle 0.0223 12 240 51 309
bottle 0.0219 218 339 327 373
bottle 0.0219 346 132 368 149
bottle 0.0215 203 306 252 369
bottle 0.0215 208 55 226 73
bottle 0.0215 3 210 78 332
bottle 0.0215 0 257 16 314
bottle 0.0214 103 358 160 374
bottle 0.0213 0 288 18 355
bottle 0.0212 88 315 168 362
bottle 0.0212 0 141 76 271
bottle 0.0211 0 0 28 21
bottle 0.0210 201 155 228 212
bottle 0.0208 182 303 237 368
bottle 0.0208 180 332 267 375
bottle 0.0207 0 0 175 31
bottle 0.0207 123 308 174 368
bottle 0.0206 0 70 14 126
bottle 0.0206 141 248 324 368
bottle 0.0205 95 206 142 275
bottle 0.0203 331 101 362 150
bottle 0.0203 109 155 138 201
bottle 0.0202 50 314 125 362
bottle 0.0202 172 50 192 87
bottle 0.0202 354 109 374 143
car 0.0202 320 42 500 137
chair 0.1448 326 148 374 187
chair 0.1149 349 143 376 186
chair 0.1141 69 167 500 373
chair 0.0862 81 310 300 373
chair 0.0644 155 306 376 372
chair 0.0593 325 131 376 176
chair 0.0557 351 163 377 187
chair 0.0529 347 139 369 176
chair 0.0503 335 141 361 175
chair 0.0470 86 292 471 375
chair 0.0436 338 161 372 187
chair 0.0373 344 154 380 202
chair 0.0362 334 137 363 161
chair 0.0361 327 147 355 180
chair 0.0352 342 129 370 166
chair 0.0350 125 332 288 374
chair 0.0349 0 313 157 374
chair 0.0345 353 136 374 165
chair 0.0339 348 121 379 178
chair 0.0337 132 295 258 372
chair 0.0329 382 280 411 315
chair 0.0320 330 145 369 165
chair 0.0311 216 263 500 374
chair 0.0274 7 243 190 375
chair 0.0264 0 274 135 357
chair 0.0260 265 302 490 370
chair 0.0254 384 256 417 312
chair 0.0251 344 151 380 173
chair 0.0238 314 132 392 193
chair 0.0232 340 136 373 151
chair 0.0230 91 336 209 374
chair 0.0230 329 131 377 155
chair 0.0223 0 70 19 133
chair 0.0221 0 209 26 350
chair 0.0216 320 146 342 182
chair 0.0216 77 298 196 375
chair 0.0201 0 154 164 233
diningtable 0.1785 0 306 284 374
diningtable 0.0992 0 155 467 375
diningtable 0.0911 0 264 368 375
diningtable 0.0803 76 326 280 375
diningtable 0.0709 9 271 220 364
diningtable 0.0453 68 301 486 375
diningtable 0.0415 9 323 199 375
diningtable 0.0334 101 155 212 214
diningtable 0.0319 0 146 198 313
diningtable 0.0289 14 288 141 375
diningtable 0.0271 2 197 171 375
diningtable 0.0259 81 282 201 375
diningtable 0.0227 117 125 241 205
diningtable 0.0204 104 316 247 365
person 0.8575 85 42 456 370
person 0.7766 8 41 175 316
person 0.5277 278 69 496 371
person 0.5206 18 35 307 354
person 0.5111 140 111 191 164
person 0.2889 127 128 145 160
person 0.2886 440 73 500 132
person 0.2743 0 53 150 218
person 0.2487 366 90 500 337
person 0.2309 0 111 27 163
person 0.2268 141 109 203 199
person 0.2071 431 72 500 177
person 0.1809 152 108 236 189
person 0.1428 71 70 196 230
person 0.1424 124 115 148 156
person 0.1274 97 97 234 340
person 0.1244 132 126 152 157
person 0.1227 3 57 83 176
person 0.1208 0 39 289 205
person 0.1207 109 96 188 213
person 0.1182 385 79 500 142
person 0.1177 183 40 372 293
person 0.1170 127 77 227 221
person 0.1146 128 110 146 145
person 0.1136 471 77 500 128
person 0.1066 313 111 339 172
person 0.1038 417 71 494 111
person 0.1028 184 103 249 210
person 0.1025 126 122 163 162
person 0.0999 359 83 497 187
person 0.0970 98 42 244 248
person 0.0950 2 88 41 159
person 0.0946 123 89 188 167
person 0.0930 122 118 140 151
person 0.0913 315 113 358 182
person 0.0910 117 126 143 168
person 0.0901 142 107 182 145
person 0.0897 0 109 27 137
person 0.0877 159 125 192 198
person 0.0875 2 151 203 342
person 0.0870 189 107 237 178
person 0.0808 309 73 366 185
person 0.0795 107 113 182 174
person 0.0794 458 95 500 203
person 0.0773 162 112 197 152
person 0.0754 109 126 189 272
person 0.0747 323 133 375 185
person 0.0743 88 51 187 179
person 0.0732 463 136 498 221
person 0.0728 116 100 145 159
person 0.0721 176 53 290 218
person 0.0711 295 40 351 179
person 0.0697 130 102 144 131
person 0.0694 65 46 137 175
person 0.0686 100 97 139 169
person 0.0676 135 114 151 143
person 0.0674 141 113 167 151
person 0.0667 123 106 175 151
person 0.0665 152 59 251 182
person 0.0660 473 164 499 215
person 0.0645 462 88 500 154
person 0.0644 10 73 63 149
person 0.0642 123 106 138 138
person 0.0632 3 66 44 137
person 0.0625 94 50 142 160
person 0.0617 1 116 41 185
person 0.0602 147 110 188 132
person 0.0601 146 38 352 197
person 0.0598 144 89 203 160
person 0.0594 305 60 405 191
person 0.0587 215 75 230 115
person 0.0572 457 75 499 115
person 0.0572 479 96 500 135
person 0.0569 11 99 40 143
person 0.0564 319 103 421 200
person 0.0562 11 46 124 146
person 0.0561 426 73 500 280
person 0.0561 142 82 255 295
person 0.0556 143 107 164 135
person 0.0543 416 90 487 148
person 0.0542 9 105 30 131
person 0.0540 305 93 343 177
person 0.0532 18 100 37 131
person 0.0530 331 113 393 187
person 0.0530 125 95 146 136
person 0.0529 0 78 53 188
person 0.0522 5 250 172 329
person 0.0522 0 95 30 205
person 0.0518 173 113 195 143
person 0.0513 359 106 410 187
person 0.0506 67 269 250 367
person 0.0501 4 98 20 121
person 0.0500 362 106 443 211
person 0.0498 367 101 484 150
person 0.0496 0 76 29 144
person 0.0494 152 121 199 168
person 0.0494 183 124 201 152
person 0.0489 108 128 140 184
person 0.0486 15 138 128 321
person 0.0484 3 87 32 128
person 0.0484 316 64 352 162
person 0.0480 257 41 387 209
person 0.0477 424 73 472 103
person 0.0474 126 262 481 368
person 0.0473 11 98 29 121
person 0.0471 0 236 244 355
person 0.0471 129 103 154 141
person 0.0466 318 56 487 168
person 0.0461 337 88 474 235
person 0.0460 135 111 154 131
person 0.0457 486 81 500 129
person 0.0454 475 102 500 173
person 0.0451 121 129 149 151
person 0.0451 320 133 361 166
person 0.0439 91 86 150 197
person 0.0438 139 131 162 164
person 0.0435 113 61 148 150
person 0.0433 140 111 173 129
person 0.0431 173 111 206 164
person 0.0429 438 73 496 99
person 0.0423 156 61 303 350
person 0.0420 182 115 201 139
person 0.0420 481 111 500 151
person 0.0418 304 107 421 306
person 0.0416 200 81 215 117
person 0.0411 475 76 500 107
person 0.0411 208 79 223 116
person 0.0410 9 85 29 117
person 0.0407 0 26 192 142
person 0.0406 128 119 178 198
person 0.0405 172 126 195 160
person 0.0398 31 43 112 110
person 0.0394 319 134 339 173
person 0.0391 148 104 207 143
person 0.0390 477 127 500 209
person 0.0389 120 102 231 161
person 0.0388 13 80 38 122
person 0.0388 1 90 93 292
person 0.0387 454 47 500 152
person 0.0379 180 112 227 152
person 0.0378 326 90 372 164
person 0.0375 19 90 46 139
person 0.0373 123 140 200 211
person 0.0367 363 93 405 156
person 0.0365 132 139 156 164
person 0.0364 439 75 477 116
person 0.0363 186 113 215 137
person 0.0360 187 45 353 130
person 0.0359 81 53 127 137
person 0.0357 172 122 220 207
person 0.0354 17 45 61 118
person 0.0351 84 230 321 369
person 0.0349 354 122 384 182
person 0.0347 260 215 500 375
person 0.0346 55 32 76 55
person 0.0345 226 95 249 126
person 0.0343 82 95 129 170
person 0.0341 196 55 434 193
person 0.0341 136 104 150 123
person 0.0339 286 44 430 251
person 0.0338 0 118 33 143
person 0.0335 31 50 74 128
person 0.0335 165 39 500 238
person 0.0335 197 60 332 178
person 0.0334 342 138 387 191
person 0.0333 409 70 462 125
person 0.0332 334 82 394 167
person 0.0332 124 98 137 129
person 0.0330 120 58 174 151
person 0.0330 162 146 188 185
person 0.0328 103 127 165 204
person 0.0326 119 85 139 135
person 0.0324 52 43 116 89
person 0.0324 163 110 187 140
person 0.0323 144 120 176 167
person 0.0320 1 282 164 352
person 0.0319 0 105 49 244
person 0.0318 169 112 201 129
person 0.0317 220 86 237 118
person 0.0316 182 126 202 171
person 0.0316 328 130 352 160
person 0.0312 393 96 468 172
person 0.0312 368 69 500 119
person 0.0311 365 104 428 162
person 0.0310 282 80 460 185
person 0.0310 187 120 209 153
person 0.0309 488 105 500 145
person 0.0306 412 54 497 129
person 0.0306 128 100 180 135
person 0.0306 126 33 223 156
person 0.0306 99 42 139 120
person 0.0305 78 118 213 190
person 0.0304 324 109 355 157
person 0.0304 112 95 135 144
person 0.0300 204 98 264 196
person 0.0299 485 114 500 184
person 0.0298 24 84 43 119
person 0.0297 224 66 411 375
person 0.0296 191 84 234 156
person 0.0294 460 75 499 96
person 0.0293 137 105 185 126
person 0.0291 63 48 112 124
person 0.0291 141 71 188 143
person 0.0291 378 96 471 132
person 0.0290 50 91 210 171
person 0.0290 54 35 87 52
person 0.0289 47 49 93 123
person 0.0287 470 73 493 102
person 0.0283 125 132 161 187
person 0.0282 446 97 500 128
person 0.0282 147 107 160 121
person 0.0279 116 103 131 139
person 0.0279 441 122 492 209
person 0.0278 162 129 187 165
person 0.0278 0 103 40 127
person 0.0278 164 79 227 162
person 0.0275 9 114 255 285
person 0.0275 115 123 133 157
person 0.0273 3 70 19 113
person 0.0270 0 106 22 123
person 0.0269 197 72 249 171
person 0.0268 0 297 27 355
person 0.0266 0 112 54 149
person 0.0264 488 118 500 161
person 0.0264 472 111 500 249
person 0.0263 352 45 496 134
person 0.0263 223 89 261 164
person 0.0263 131 133 192 167
person 0.0262 61 32 85 48
person 0.0259 205 65 228 112
person 0.0256 200 81 230 118
person 0.0256 186 111 199 128
person 0.0255 327 124 366 155
person 0.0254 176 109 207 135
person 0.0254 46 47 223 130
person 0.0253 429 69 489 92
person 0.0251 188 111 228 132
person 0.0248 179 112 193 129
person 0.0248 157 69 199 137
person 0.0247 151 107 169 122
person 0.0247 31 41 85 91
person 0.0246 5 101 36 119
person 0.0245 104 50 310 159
person 0.0244 0 96 125 181
person 0.0242 295 41 421 141
person 0.0242 0 111 18 149
person 0.0241 381 117 500 227
person 0.0241 196 84 219 125
person 0.0240 182 113 208 129
person 0.0239 53 32 68 52
person 0.0239 10 71 28 109
person 0.0238 446 153 493 226
person 0.0237 362 85 448 140
person 0.0235 142 42 265 140
person 0.0234 387 99 438 155
person 0.0234 189 107 238 142
person 0.0234 22 67 47 114
person 0.0234 298 95 387 245
person 0.0233 411 57 453 105
person 0.0232 159 144 191 169
person 0.0231 156 108 194 124
person 0.0231 333 149 480 373
person 0.0230 355 105 389 160
person 0.0230 427 138 500 241
person 0.0230 321 57 378 155
person 0.0229 196 82 209 117
person 0.0229 145 105 165 119
person 0.0228 28 75 54 126
person 0.0227 86 122 128 190
person 0.0227 215 40 337 89
person 0.0226 126 15 267 193
person 0.0225 34 63 51 103
person 0.0225 267 77 359 181
person 0.0224 168 127 213 172
person 0.0224 330 99 351 138
person 0.0223 440 17 500 131
person 0.0223 10 117 37 153
person 0.0222 163 65 175 95
person 0.0221 155 118 220 154
person 0.0221 169 137 195 173
person 0.0220 166 91 201 145
person 0.0220 460 29 499 108
person 0.0220 50 34 71 61
person 0.0219 119 124 149 140
person 0.0218 0 126 20 180
person 0.0218 0 225 142 308
person 0.0218 193 108 207 127
person 0.0218 1 50 36 119
person 0.0217 0 127 70 201
person 0.0217 111 91 150 137
person 0.0215 319 93 345 152
person 0.0215 419 101 484 199
person 0.0215 156 109 179 129
person 0.0214 79 41 124 99
person 0.0214 437 80 465 110
person 0.0213 108 62 136 138
person 0.0213 198 101 216 127
person 0.0212 44 39 121 70
person 0.0211 1 13 18 47
person 0.0211 216 71 292 195
pottedplant 0.0546 187 119 232 185
pottedplant 0.0465 369 80 393 109
pottedplant 0.0440 189 136 226 210
pottedplant 0.0406 360 79 397 130
pottedplant 0.0391 182 147 215 216
pottedplant 0.0330 375 84 397 116
pottedplant 0.0290 202 53 234 73
pottedplant 0.0281 191 113 234 150
pottedplant 0.0281 173 129 206 190
pottedplant 0.0272 185 130 213 177
pottedplant 0.0235 354 75 397 110
pottedplant 0.0235 384 83 402 110
pottedplant 0.0233 361 80 385 110
pottedplant 0.0231 194 135 235 174
pottedplant 0.0229 201 140 232 192
pottedplant 0.0220 0 70 35 118
pottedplant 0.0214 378 83 395 101
pottedplant 0.0201 195 110 231 134
pottedplant 0.0200 165 148 210 200
tvmonitor 0.0514 415 71 480 100
tvmonitor 0.0279 416 61 455 101
tvmonitor 0.0232 324 118 379 159
tvmonitor 0.0220 419 69 447 97
tvmonitor 0.0214 0 19 193 167
tvmonitor 0.0202 412 29 500 116
tvmonitor 0.0200 0 27 163 100
