aeroplane 0.7648 39 32 490 343
aeroplane 0.3030 59 71 372 259
aeroplane 0.2115 0 212 479 375
aeroplane 0.1632 280 193 497 375
aeroplane 0.1450 350 83 499 361
aeroplane 0.1348 4 260 299 371
aeroplane 0.1344 433 192 499 281
aeroplane 0.1180 64 109 246 262
aeroplane 0.1178 61 192 239 264
aeroplane 0.1153 66 101 171 243
aeroplane 0.1114 0 318 133 374
aeroplane 0.1019 276 303 454 373
aeroplane 0.0971 214 40 464 293
aeroplane 0.0967 435 119 498 270
aeroplane 0.0957 2 195 158 375
aeroplane 0.0954 323 207 391 240
aeroplane 0.0915 200 264 485 371
aeroplane 0.0898 10 89 159 299
aeroplane 0.0873 73 101 161 182
aeroplane 0.0863 349 171 498 301
aeroplane 0.0844 416 178 500 327
aeroplane 0.0798 0 301 190 370
aeroplane 0.0795 3 252 105 373
aeroplane 0.0773 86 180 356 260
aeroplane 0.0723 27 96 148 205
aeroplane 0.0715 33 151 301 350
aeroplane 0.0705 300 111 488 292
aeroplane 0.0696 286 204 393 250
aeroplane 0.0651 372 202 500 272
aeroplane 0.0627 110 131 487 287
aeroplane 0.0626 0 322 45 374
aeroplane 0.0615 170 17 359 89
aeroplane 0.0606 146 31 433 174
aeroplane 0.0604 306 187 487 265
aeroplane 0.0599 238 319 389 374
aeroplane 0.0597 67 94 221 202
aeroplane 0.0595 457 193 499 261
aeroplane 0.0591 70 214 187 261
aeroplane 0.0590 47 154 200 267
aeroplane 0.0552 0 333 88 375
aeroplane 0.0552 441 213 495 265
aeroplane 0.0545 99 99 158 148
aeroplane 0.0538 178 4 350 53
aeroplane 0.0526 184 0 254 29
aeroplane 0.0525 278 134 437 258
aeroplane 0.0519 204 190 393 255
aeroplane 0.0516 25 188 164 261
aeroplane 0.0492 0 2 419 205
aeroplane 0.0491 1 294 77 374
aeroplane 0.0488 225 176 496 291
aeroplane 0.0485 179 203 440 363
aeroplane 0.0457 418 199 487 260
aeroplane 0.0434 67 41 314 196
aeroplane 0.0424 156 22 343 142
aeroplane 0.0418 399 165 499 259
aeroplane 0.0418 315 202 440 256
aeroplane 0.0416 113 275 411 365
aeroplane 0.0415 4 84 117 183
aeroplane 0.0413 304 210 393 276
aeroplane 0.0405 64 61 232 168
aeroplane 0.0395 7 39 147 172
aeroplane 0.0389 1 110 108 354
aeroplane 0.0378 33 99 164 155
aeroplane 0.0377 186 140 396 253
aeroplane 0.0375 187 2 279 46
aeroplane 0.0374 158 309 380 370
aeroplane 0.0372 292 195 421 292
aeroplane 0.0366 342 266 492 373
aeroplane 0.0361 7 99 99 258
aeroplane 0.0359 129 206 318 266
aeroplane 0.0356 110 0 305 59
aeroplane 0.0351 180 0 321 34
aeroplane 0.0347 68 203 144 255
aeroplane 0.0345 441 195 494 242
aeroplane 0.0344 72 234 157 260
aeroplane 0.0343 0 351 112 375
aeroplane 0.0341 330 189 397 234
aeroplane 0.0340 62 11 373 111
aeroplane 0.0339 2 130 72 198
aeroplane 0.0339 442 195 457 232
aeroplane 0.0331 25 6 274 149
aeroplane 0.0330 74 11 274 86
aeroplane 0.0327 312 177 411 245
aeroplane 0.0326 237 272 377 367
aeroplane 0.0326 51 217 244 337
aeroplane 0.0324 180 38 403 120
aeroplane 0.0321 116 68 300 146
aeroplane 0.0317 375 195 493 358
aeroplane 0.0316 121 45 314 120
aeroplane 0.0313 335 83 452 266
aeroplane 0.0305 8 36 249 228
aeroplane 0.0305 243 211 400 262
aeroplane 0.0300 6 163 112 276
aeroplane 0.0296 339 25 500 251
aeroplane 0.0295 283 295 375 375
aeroplane 0.0294 270 246 405 360
aeroplane 0.0284 381 113 482 272
aeroplane 0.0284 65 121 145 198
aeroplane 0.0282 409 227 494 270
aeroplane 0.0281 273 20 475 204
aeroplane 0.0278 89 98 198 164
aeroplane 0.0276 435 201 470 260
aeroplane 0.0269 328 312 375 373
aeroplane 0.0265 402 193 462 246
aeroplane 0.0261 266 22 438 93
aeroplane 0.0259 0 134 40 184
aeroplane 0.0257 109 100 152 132
aeroplane 0.0257 0 343 57 370
aeroplane 0.0255 66 225 263 269
aeroplane 0.0253 90 247 137 261
aeroplane 0.0252 7 193 192 291
aeroplane 0.0252 65 174 147 245
aeroplane 0.0251 261 212 365 248
aeroplane 0.0251 146 235 251 265
aeroplane 0.0251 105 0 459 79
aeroplane 0.0248 79 243 148 262
aeroplane 0.0245 460 223 500 259
aeroplane 0.0244 22 252 185 361
aeroplane 0.0241 2 100 72 169
aeroplane 0.0240 56 103 141 144
aeroplane 0.0240 302 217 492 315
aeroplane 0.0240 338 206 387 224
aeroplane 0.0239 254 114 418 335
aeroplane 0.0238 474 92 500 171
aeroplane 0.0238 342 210 392 231
aeroplane 0.0236 362 197 481 244
aeroplane 0.0235 80 114 133 158
aeroplane 0.0234 244 78 423 226
aeroplane 0.0232 87 227 359 317
aeroplane 0.0229 128 217 250 261
aeroplane 0.0229 330 220 393 248
aeroplane 0.0229 440 197 472 232
aeroplane 0.0228 74 241 127 258
aeroplane 0.0228 249 223 339 254
aeroplane 0.0225 305 244 394 282
aeroplane 0.0223 3 158 78 227
aeroplane 0.0222 55 44 244 111
aeroplane 0.0222 134 0 259 31
aeroplane 0.0221 117 100 154 119
aeroplane 0.0219 309 106 430 210
aeroplane 0.0219 113 103 198 142
aeroplane 0.0217 207 255 337 354
aeroplane 0.0212 247 303 335 369
aeroplane 0.0211 129 82 262 179
aeroplane 0.0210 464 196 498 234
aeroplane 0.0209 0 11 117 255
aeroplane 0.0208 447 204 480 254
aeroplane 0.0207 33 0 246 64
aeroplane 0.0207 266 219 394 296
aeroplane 0.0206 342 125 429 169
aeroplane 0.0206 331 197 392 221
aeroplane 0.0204 29 229 200 307
aeroplane 0.0203 280 292 336 329
aeroplane 0.0203 120 95 381 211
boat 0.0944 289 315 432 373
boat 0.0706 426 267 497 375
boat 0.0638 10 269 329 366
boat 0.0549 0 352 101 375
boat 0.0535 380 298 486 374
boat 0.0535 0 319 36 372
boat 0.0531 313 318 385 374
boat 0.0433 452 295 497 375
boat 0.0430 403 296 457 375
boat 0.0409 353 206 495 375
boat 0.0404 340 319 416 374
boat 0.0400 263 289 500 375
boat 0.0369 36 303 396 372
boat 0.0343 0 343 155 375
boat 0.0329 411 316 479 374
boat 0.0316 350 297 442 375
boat 0.0302 174 0 340 36
boat 0.0299 446 312 482 375
boat 0.0251 425 166 500 375
boat 0.0247 469 194 498 250
boat 0.0241 246 260 273 334
boat 0.0240 344 315 379 374
boat 0.0240 0 318 89 375
boat 0.0238 22 358 92 374
boat 0.0233 187 1 253 26
boat 0.0229 369 324 458 371
boat 0.0227 160 22 470 153
boat 0.0218 82 263 303 341
bottle 0.0423 412 319 448 374
bottle 0.0319 404 83 432 120
bottle 0.0258 246 261 274 336
bottle 0.0249 441 315 474 374
bottle 0.0210 476 308 500 375
car 0.1168 0 258 354 368
car 0.0689 311 314 453 373
car 0.0678 0 348 91 375
car 0.0591 287 324 395 374
car 0.0561 227 362 276 374
car 0.0509 279 344 352 375
car 0.0507 228 355 314 375
car 0.0498 0 335 55 374
car 0.0495 0 249 77 373
car 0.0483 244 334 361 375
car 0.0480 432 202 498 370
car 0.0393 6 308 277 368
car 0.0383 291 356 341 375
car 0.0380 0 354 50 374
car 0.0373 0 317 34 373
car 0.0369 339 319 382 375
car 0.0362 0 143 18 185
car 0.0349 302 354 361 375
car 0.0339 471 191 500 264
car 0.0332 203 342 332 373
car 0.0328 331 327 421 374
car 0.0320 0 337 229 375
car 0.0317 204 359 284 375
car 0.0298 179 326 348 374
car 0.0298 349 300 500 374
car 0.0297 411 358 452 374
car 0.0281 0 347 30 373
car 0.0281 306 336 372 375
car 0.0276 416 268 496 375
car 0.0271 479 190 499 230
car 0.0267 415 332 496 374
car 0.0261 26 357 108 375
car 0.0259 0 124 26 191
car 0.0259 81 324 290 371
car 0.0247 0 159 18 198
car 0.0241 1 108 43 186
car 0.0237 4 347 47 365
car 0.0232 457 250 499 360
car 0.0228 408 354 477 375
car 0.0228 367 331 456 374
car 0.0225 453 209 499 295
car 0.0219 0 139 39 199
car 0.0217 1 316 22 360
car 0.0217 81 342 222 371
car 0.0213 0 299 152 373
car 0.0209 34 341 165 372
chair 0.0278 41 273 227 366
chair 0.0253 426 150 500 375
chair 0.0233 452 190 500 313
chair 0.0222 350 324 408 375
chair 0.0221 399 45 500 365
person 0.1117 339 319 375 375
person 0.1115 410 46 498 289
person 0.1034 336 327 361 375
person 0.1021 344 338 364 375
person 0.0728 434 106 497 268
person 0.0599 316 335 365 375
person 0.0598 341 353 369 375
person 0.0585 272 354 317 375
person 0.0561 400 311 438 373
person 0.0535 330 339 355 375
person 0.0522 348 336 376 375
person 0.0514 231 353 317 375
person 0.0493 267 346 339 375
person 0.0464 360 337 382 375
person 0.0440 413 218 496 375
person 0.0423 0 241 58 375
person 0.0421 413 304 449 374
person 0.0411 361 8 492 264
person 0.0408 351 316 410 375
person 0.0406 318 356 362 375
person 0.0367 320 343 346 375
person 0.0358 301 319 373 375
person 0.0354 478 95 500 187
person 0.0354 2 279 42 373
person 0.0336 293 330 349 375
person 0.0332 424 289 456 368
person 0.0325 353 354 385 375
person 0.0321 380 318 421 374
person 0.0313 441 304 491 375
person 0.0309 383 75 477 249
person 0.0308 413 341 441 375
person 0.0307 7 348 66 374
person 0.0302 450 174 500 258
person 0.0301 25 63 178 292
person 0.0299 415 292 451 348
person 0.0298 405 303 429 351
person 0.0298 311 347 337 375
person 0.0297 0 268 24 361
person 0.0291 397 311 425 357
person 0.0288 421 295 445 326
person 0.0281 0 264 12 358
person 0.0281 258 356 301 375
person 0.0279 436 293 463 373
person 0.0268 293 348 324 375
person 0.0263 331 339 391 375
person 0.0256 31 347 126 374
person 0.0256 423 323 444 369
person 0.0255 0 228 22 323
person 0.0253 0 114 120 375
person 0.0253 0 282 18 333
person 0.0250 0 221 31 375
person 0.0249 467 79 498 179
person 0.0247 0 275 9 334
person 0.0246 441 294 457 332
person 0.0244 429 317 453 371
person 0.0244 431 294 451 328
person 0.0244 407 319 429 365
person 0.0244 455 87 499 224
person 0.0242 42 360 98 374
person 0.0240 326 319 354 371
person 0.0239 346 318 366 357
person 0.0239 416 323 437 368
person 0.0233 441 308 457 358
person 0.0231 409 304 426 338
person 0.0231 465 13 497 111
person 0.0230 323 365 370 375
person 0.0229 234 356 271 373
person 0.0226 355 317 382 371
person 0.0222 446 0 500 260
person 0.0221 13 346 38 374
person 0.0221 445 177 500 324
person 0.0220 333 38 449 228
person 0.0216 2 341 32 373
person 0.0213 416 312 434 353
person 0.0212 425 313 442 355
person 0.0212 374 304 451 375
person 0.0212 416 299 436 334
person 0.0209 419 321 468 375
person 0.0208 438 140 486 245
person 0.0208 479 0 499 36
person 0.0208 477 0 500 80
person 0.0206 343 105 435 250
person 0.0206 418 0 497 161
person 0.0205 341 364 386 375
person 0.0201 483 319 499 371
person 0.0200 480 97 498 149
pottedplant 0.0387 409 320 444 375
pottedplant 0.0232 433 315 466 374
train 0.0265 273 305 480 375
train 0.0218 176 348 346 375
tvmonitor 0.0396 229 361 273 375
tvmonitor 0.0313 411 357 444 375
tvmonitor 0.0282 227 355 300 375
tvmonitor 0.0277 410 333 453 375
tvmonitor 0.0224 210 364 285 375
tvmonitor 0.0205 411 348 472 375
