bicycle 0.0299 104 141 279 202
bird 0.0363 161 161 274 201
bird 0.0356 106 165 217 203
bird 0.0316 215 145 285 201
bird 0.0294 78 164 178 204
bird 0.0255 6 55 80 171
car 0.0849 89 2 199 38
car 0.0719 131 2 224 40
car 0.0704 73 0 157 34
car 0.0645 31 0 180 40
car 0.0585 3 0 66 34
car 0.0521 178 0 240 39
car 0.0500 12 0 113 36
car 0.0492 233 0 297 47
car 0.0443 192 0 288 43
car 0.0416 120 1 176 34
car 0.0396 121 0 152 31
car 0.0334 168 1 215 37
car 0.0324 3 0 47 19
car 0.0317 174 0 266 61
car 0.0309 126 0 203 27
car 0.0280 2 0 26 34
car 0.0279 61 0 123 33
car 0.0277 276 0 299 44
car 0.0267 34 0 81 33
car 0.0260 193 0 228 33
car 0.0253 20 0 56 22
car 0.0246 213 0 299 28
car 0.0227 100 0 133 31
car 0.0224 154 0 192 31
car 0.0223 147 0 252 30
car 0.0222 211 1 266 36
car 0.0216 92 0 256 47
car 0.0216 8 0 59 12
car 0.0214 151 0 206 54
car 0.0212 261 0 296 32
car 0.0200 33 4 213 59
horse 0.8244 15 30 266 208
horse 0.0780 197 52 270 201
horse 0.0589 20 36 78 111
horse 0.0521 208 57 260 146
horse 0.0518 30 35 220 111
horse 0.0433 32 25 170 180
horse 0.0418 30 35 101 95
horse 0.0374 172 50 263 129
horse 0.0323 138 46 264 162
horse 0.0314 145 93 275 202
horse 0.0296 19 10 75 82
horse 0.0289 82 43 256 124
horse 0.0280 224 90 280 204
horse 0.0256 9 32 87 146
horse 0.0241 3 102 220 204
horse 0.0223 222 54 274 130
horse 0.0212 40 38 165 88
horse 0.0211 21 34 135 119
horse 0.0207 232 60 264 152
person 0.0653 0 0 15 38
person 0.0466 4 0 40 34
person 0.0462 227 128 266 200
person 0.0375 186 11 203 52
person 0.0357 46 0 68 32
person 0.0346 0 0 27 28
person 0.0305 184 0 204 37
person 0.0288 2 0 17 24
person 0.0282 24 0 58 33
person 0.0265 56 0 69 20
person 0.0259 240 2 274 58
person 0.0258 55 0 79 29
person 0.0256 237 141 261 198
person 0.0255 276 0 299 52
person 0.0251 15 0 46 27
person 0.0251 3 35 84 191
person 0.0244 244 0 292 66
person 0.0242 30 0 65 23
person 0.0237 236 5 259 55
person 0.0233 286 0 299 22
person 0.0232 284 65 300 97
person 0.0231 63 0 90 28
person 0.0229 138 10 156 49
person 0.0228 264 4 293 51
person 0.0227 254 7 279 52
person 0.0225 188 2 201 30
person 0.0223 46 0 63 20
person 0.0223 41 1 58 29
person 0.0222 182 0 218 44
person 0.0221 51 0 66 24
person 0.0219 129 0 153 32
person 0.0218 33 0 69 40
person 0.0218 12 0 75 61
person 0.0217 244 149 267 199
person 0.0214 188 12 201 39
person 0.0211 152 56 203 136
person 0.0208 125 49 246 203
person 0.0204 121 0 137 20
train 0.0331 28 36 253 101
train 0.0304 21 0 293 76
train 0.0214 59 0 260 160
tvmonitor 0.0317 251 0 297 60
