person 0.1719 394 163 414 195
person 0.1445 374 159 401 197
person 0.1439 368 159 390 199
person 0.1280 384 162 405 194
person 0.1213 364 161 381 199
person 0.0930 357 156 385 202
person 0.0733 416 0 449 8
person 0.0684 354 161 375 200
person 0.0629 379 162 418 197
person 0.0556 341 153 354 185
person 0.0544 344 155 370 200
person 0.0513 322 149 343 180
person 0.0500 362 154 406 202
person 0.0469 403 164 422 195
person 0.0428 331 153 348 182
person 0.0371 316 148 334 180
person 0.0353 416 87 497 240
person 0.0346 161 78 175 99
person 0.0334 466 128 494 149
person 0.0328 151 78 167 99
person 0.0316 368 173 387 205
person 0.0314 168 77 184 99
person 0.0309 392 0 467 9
person 0.0307 145 76 161 100
person 0.0304 346 148 393 213
person 0.0303 388 172 420 194
person 0.0291 345 152 361 183
person 0.0289 466 128 497 198
person 0.0280 331 144 361 196
person 0.0278 319 143 354 190
person 0.0276 270 98 375 204
person 0.0272 379 173 408 198
person 0.0270 371 161 387 186
person 0.0257 341 166 357 199
person 0.0255 396 158 420 189
person 0.0252 175 74 191 99
person 0.0245 419 0 444 16
person 0.0238 375 175 396 203
person 0.0235 309 149 324 181
person 0.0235 422 0 470 7
person 0.0229 377 160 396 187
person 0.0226 345 173 367 208
person 0.0214 374 154 418 217
person 0.0213 326 136 375 209
person 0.0205 332 162 348 193
person 0.0204 382 84 482 212
person 0.0202 472 183 488 215
pottedplant 0.0214 462 306 499 333
train 0.7911 252 57 500 323
train 0.7345 94 22 499 277
train 0.5206 63 21 416 187
train 0.1551 74 47 271 194
train 0.1233 103 21 500 121
train 0.1003 269 102 380 288
train 0.0800 264 81 500 212
train 0.0796 71 118 268 190
train 0.0659 69 48 158 179
train 0.0654 236 17 493 177
train 0.0546 210 23 495 88
train 0.0540 343 111 488 300
train 0.0494 266 102 369 204
train 0.0420 269 122 345 252
train 0.0400 296 16 498 121
train 0.0396 97 92 393 196
train 0.0387 253 207 500 313
train 0.0342 47 50 128 174
train 0.0341 64 131 83 155
train 0.0324 408 90 498 289
train 0.0311 249 32 413 227
train 0.0305 84 23 368 96
train 0.0303 271 126 345 187
train 0.0301 368 63 490 245
train 0.0293 437 122 497 262
train 0.0285 189 122 341 187
train 0.0282 278 132 386 225
train 0.0279 260 153 346 301
train 0.0271 76 63 130 157
train 0.0257 312 0 500 253
train 0.0256 309 246 495 312
train 0.0253 258 123 453 239
train 0.0251 72 26 313 140
train 0.0250 80 25 203 154
train 0.0244 158 23 394 76
train 0.0242 295 138 424 197
train 0.0240 241 76 461 164
train 0.0234 141 115 485 257
train 0.0219 173 32 397 153
train 0.0218 466 121 497 205
train 0.0216 106 144 283 196
train 0.0205 343 98 500 181
