aeroplane 0.0204 74 92 187 181
bicycle 0.1346 261 276 500 375
bicycle 0.0580 208 280 407 368
bicycle 0.0367 0 313 135 374
boat 0.4359 8 20 455 369
boat 0.3325 10 198 474 372
boat 0.2712 169 77 500 375
boat 0.2124 8 21 436 141
boat 0.1989 77 110 373 375
boat 0.1913 160 187 384 372
boat 0.1867 268 284 491 373
boat 0.1798 83 264 439 375
boat 0.1416 0 161 202 375
boat 0.1239 227 183 478 375
boat 0.1215 0 255 293 372
boat 0.1150 470 148 493 190
boat 0.0935 131 15 405 213
boat 0.0925 256 136 282 182
boat 0.0913 76 180 279 373
boat 0.0897 206 297 412 372
boat 0.0880 124 295 353 370
boat 0.0872 301 42 363 119
boat 0.0868 0 98 292 268
boat 0.0834 226 49 379 297
boat 0.0801 243 36 395 170
boat 0.0739 216 171 258 187
boat 0.0725 471 151 500 212
boat 0.0721 2 235 157 373
boat 0.0716 0 304 179 372
boat 0.0713 319 217 493 375
boat 0.0708 209 176 259 191
boat 0.0691 209 29 483 149
boat 0.0672 190 166 269 197
boat 0.0656 106 172 351 305
boat 0.0636 102 97 458 271
boat 0.0598 139 35 389 132
boat 0.0546 0 260 56 375
boat 0.0532 213 27 378 100
boat 0.0529 87 89 250 343
boat 0.0526 0 1 245 351
boat 0.0521 212 150 272 192
boat 0.0514 0 51 134 375
boat 0.0505 195 240 423 362
boat 0.0505 0 250 24 338
boat 0.0496 71 18 383 101
boat 0.0489 106 186 261 268
boat 0.0487 0 32 257 152
boat 0.0484 259 120 294 176
boat 0.0484 254 141 272 185
boat 0.0477 337 308 500 375
boat 0.0474 1 256 18 303
boat 0.0469 229 169 253 186
boat 0.0469 0 36 189 230
boat 0.0468 255 109 411 191
boat 0.0468 264 136 286 169
boat 0.0466 196 73 358 210
boat 0.0451 270 52 369 146
boat 0.0448 253 151 299 191
boat 0.0447 221 75 470 203
boat 0.0439 98 275 260 370
boat 0.0437 81 141 198 326
boat 0.0434 236 149 285 191
boat 0.0427 226 163 299 197
boat 0.0427 137 148 268 322
boat 0.0425 207 0 488 274
boat 0.0422 264 42 427 118
boat 0.0419 1 287 22 332
boat 0.0415 0 0 434 85
boat 0.0414 183 176 269 207
boat 0.0413 257 157 335 190
boat 0.0409 197 179 261 197
boat 0.0408 0 283 27 356
boat 0.0408 192 118 353 187
boat 0.0399 256 160 286 186
boat 0.0399 1 270 21 318
boat 0.0395 242 169 263 187
boat 0.0392 270 313 433 374
boat 0.0388 211 172 241 187
boat 0.0384 257 139 310 183
boat 0.0381 323 116 358 142
boat 0.0381 425 313 497 375
boat 0.0373 474 164 500 196
boat 0.0373 263 148 288 184
boat 0.0371 124 99 278 236
boat 0.0368 0 306 86 375
boat 0.0365 91 231 259 308
boat 0.0357 259 96 384 152
boat 0.0353 251 162 274 185
boat 0.0352 257 131 345 187
boat 0.0348 460 155 500 188
boat 0.0348 245 137 273 193
boat 0.0343 231 164 259 191
boat 0.0342 0 54 164 120
boat 0.0337 306 77 367 135
boat 0.0331 176 156 265 190
boat 0.0331 275 106 368 142
boat 0.0330 187 144 305 197
boat 0.0330 221 164 270 187
boat 0.0328 155 42 335 266
boat 0.0327 257 136 281 157
boat 0.0324 281 24 484 95
boat 0.0319 37 194 262 310
boat 0.0319 278 92 441 174
boat 0.0318 134 170 291 242
boat 0.0314 251 158 264 183
boat 0.0309 0 346 43 375
boat 0.0308 221 62 317 195
boat 0.0307 0 334 66 375
boat 0.0306 225 129 289 190
boat 0.0304 114 192 229 316
boat 0.0301 202 110 277 199
boat 0.0299 0 5 237 110
boat 0.0299 252 131 304 167
boat 0.0298 306 63 356 110
boat 0.0297 263 31 434 231
boat 0.0297 165 158 289 204
boat 0.0297 107 320 307 373
boat 0.0294 130 141 285 213
boat 0.0290 71 251 219 354
boat 0.0289 329 11 500 259
boat 0.0286 96 204 190 340
boat 0.0281 74 58 341 155
boat 0.0280 178 66 289 230
boat 0.0279 478 256 500 319
boat 0.0278 203 165 250 188
boat 0.0277 204 160 337 204
boat 0.0275 269 74 381 210
boat 0.0273 100 336 247 373
boat 0.0272 298 32 388 142
boat 0.0270 476 160 500 253
boat 0.0269 96 93 134 150
boat 0.0266 111 95 229 197
boat 0.0265 263 159 300 180
boat 0.0264 161 163 179 174
boat 0.0264 0 79 150 155
boat 0.0262 291 34 363 69
boat 0.0261 0 309 330 375
boat 0.0260 239 149 363 195
boat 0.0258 242 168 253 185
boat 0.0258 225 172 239 187
boat 0.0258 0 5 97 125
boat 0.0256 205 128 253 193
boat 0.0255 249 99 302 195
boat 0.0254 164 90 254 211
boat 0.0254 299 75 476 148
boat 0.0253 147 0 487 117
boat 0.0252 243 156 266 189
boat 0.0251 204 128 348 248
boat 0.0250 312 106 387 143
boat 0.0246 257 85 330 190
boat 0.0246 201 178 245 189
boat 0.0245 157 163 172 174
boat 0.0244 271 338 380 373
boat 0.0242 162 186 264 221
boat 0.0239 82 81 333 209
boat 0.0236 0 278 50 343
boat 0.0236 167 164 187 174
boat 0.0233 163 163 194 172
boat 0.0232 266 37 361 93
boat 0.0231 252 145 297 175
boat 0.0231 216 172 229 187
boat 0.0231 235 171 246 185
boat 0.0231 162 133 253 262
boat 0.0228 93 46 318 117
boat 0.0228 309 50 499 121
boat 0.0227 61 91 203 239
boat 0.0226 465 155 495 177
boat 0.0226 161 167 178 179
boat 0.0225 316 172 354 184
boat 0.0225 58 83 262 177
boat 0.0223 33 84 219 146
boat 0.0222 99 151 130 210
boat 0.0222 212 168 246 182
boat 0.0221 150 230 258 365
boat 0.0220 210 170 228 183
boat 0.0216 162 169 173 182
boat 0.0216 162 165 173 177
boat 0.0213 154 91 318 173
boat 0.0212 219 184 261 196
boat 0.0212 255 123 282 162
boat 0.0211 242 166 259 182
boat 0.0211 129 348 219 375
boat 0.0209 289 107 378 178
boat 0.0209 0 234 30 305
boat 0.0208 247 56 355 110
boat 0.0208 168 330 337 375
boat 0.0207 92 124 178 268
boat 0.0206 235 166 252 181
boat 0.0205 291 339 485 375
boat 0.0204 263 153 300 170
boat 0.0204 315 298 385 329
boat 0.0204 156 165 166 178
boat 0.0203 12 232 187 312
boat 0.0203 5 0 159 170
boat 0.0202 331 175 352 185
boat 0.0201 479 172 499 216
boat 0.0201 124 134 224 264
boat 0.0200 156 168 172 179
bottle 0.0860 300 40 364 115
bottle 0.0532 315 291 464 373
bottle 0.0514 96 154 128 213
bottle 0.0447 303 37 364 70
bottle 0.0403 347 178 412 314
bottle 0.0384 473 148 495 182
bottle 0.0368 359 234 399 302
bottle 0.0344 302 298 407 369
bottle 0.0328 306 51 354 70
bottle 0.0317 311 57 350 109
bottle 0.0311 257 159 306 197
bottle 0.0311 356 297 393 329
bottle 0.0289 350 239 406 327
bottle 0.0278 338 287 398 333
bottle 0.0270 317 40 342 69
bottle 0.0269 263 160 290 193
bottle 0.0260 185 306 329 375
bottle 0.0249 436 307 496 374
bottle 0.0247 325 39 356 69
bottle 0.0246 340 291 422 360
bottle 0.0239 302 45 354 88
bottle 0.0234 326 234 355 258
bottle 0.0232 1 239 49 349
bottle 0.0228 307 59 352 75
bottle 0.0223 197 337 318 373
bottle 0.0219 318 295 390 344
bottle 0.0209 355 253 383 302
bottle 0.0201 374 241 412 300
car 0.0692 0 350 48 375
car 0.0675 479 276 500 318
car 0.0523 0 341 88 374
car 0.0343 1 249 18 295
car 0.0262 11 355 69 375
car 0.0241 457 148 500 196
car 0.0230 0 342 25 374
car 0.0217 457 289 499 372
chair 0.0329 479 270 500 328
chair 0.0306 0 240 15 317
chair 0.0255 0 229 53 363
chair 0.0207 441 280 500 375
diningtable 0.0290 0 60 318 339
motorbike 0.1476 231 222 500 375
person 0.8254 232 161 345 370
person 0.8117 2 93 127 360
person 0.8114 341 89 497 375
person 0.2827 270 109 453 375
person 0.2415 174 67 411 375
person 0.2373 39 135 253 375
person 0.2206 162 201 377 369
person 0.1883 235 236 453 372
person 0.1409 471 148 490 181
person 0.1182 122 119 340 373
person 0.1130 304 262 496 375
person 0.1021 303 177 429 368
person 0.1013 10 89 136 196
person 0.0893 14 90 96 150
person 0.0888 211 248 342 374
person 0.0774 7 214 99 375
person 0.0678 324 217 350 258
person 0.0658 242 161 346 273
person 0.0642 264 247 375 375
person 0.0611 332 91 481 242
person 0.0556 39 99 128 239
person 0.0513 365 181 477 373
person 0.0488 315 156 410 303
person 0.0478 29 89 73 136
person 0.0470 249 137 371 317
person 0.0459 307 36 500 281
person 0.0442 317 108 419 242
person 0.0434 253 161 327 201
person 0.0427 381 92 473 211
person 0.0415 254 219 333 366
person 0.0403 10 302 61 375
person 0.0400 325 286 448 369
person 0.0396 1 266 75 375
person 0.0374 85 158 126 244
person 0.0373 343 250 418 367
person 0.0368 77 118 128 230
person 0.0367 4 286 126 372
person 0.0360 48 90 118 140
person 0.0351 198 213 297 369
person 0.0350 310 192 353 260
person 0.0349 226 183 297 313
person 0.0346 356 289 387 327
person 0.0343 333 235 401 338
person 0.0339 393 92 495 290
person 0.0337 417 96 495 216
person 0.0335 394 241 495 375
person 0.0335 378 91 455 159
person 0.0330 287 181 350 274
person 0.0326 286 204 352 343
person 0.0325 31 90 54 127
person 0.0318 299 222 346 303
person 0.0313 284 85 444 214
person 0.0309 9 94 75 183
person 0.0301 51 91 80 135
person 0.0300 71 92 133 185
person 0.0300 194 302 332 375
person 0.0299 7 98 96 243
person 0.0299 253 157 298 223
person 0.0298 180 164 335 317
person 0.0293 348 248 392 320
person 0.0292 37 257 155 375
person 0.0291 433 119 497 267
person 0.0290 440 123 491 190
person 0.0288 462 150 497 219
person 0.0285 465 146 498 185
person 0.0284 338 90 455 186
person 0.0284 342 282 416 341
person 0.0283 314 216 355 283
person 0.0277 232 203 280 280
person 0.0274 305 223 373 335
person 0.0272 0 321 162 372
person 0.0271 236 84 423 270
person 0.0267 90 265 204 375
person 0.0267 13 86 88 122
person 0.0266 465 223 498 320
person 0.0264 311 60 410 189
person 0.0263 226 227 267 293
person 0.0262 3 87 65 135
person 0.0259 461 161 499 262
person 0.0257 146 263 263 375
person 0.0254 95 138 131 216
person 0.0251 92 94 137 164
person 0.0250 257 137 270 159
person 0.0249 312 255 396 365
person 0.0249 92 92 180 212
person 0.0247 3 97 47 163
person 0.0244 229 217 279 321
person 0.0241 314 284 396 338
person 0.0237 90 191 119 254
person 0.0235 243 274 314 375
person 0.0234 0 50 151 175
person 0.0232 316 238 359 311
person 0.0231 298 244 340 329
person 0.0230 11 262 57 347
person 0.0224 420 96 469 171
person 0.0224 46 91 71 128
person 0.0224 270 118 373 243
person 0.0223 57 170 141 335
person 0.0222 445 154 494 235
person 0.0220 5 169 75 347
person 0.0220 230 244 262 279
person 0.0216 324 227 381 310
person 0.0214 389 100 437 182
person 0.0213 267 282 332 375
person 0.0212 470 153 484 173
person 0.0212 239 174 278 241
person 0.0211 256 356 300 374
person 0.0211 480 337 499 375
person 0.0210 59 132 125 288
person 0.0210 9 350 53 375
person 0.0209 61 95 115 166
person 0.0204 355 272 385 319
person 0.0204 428 182 499 339
person 0.0204 219 113 333 294
person 0.0202 346 238 380 302
person 0.0202 434 100 487 173
person 0.0202 337 296 390 329
train 0.0278 261 97 498 246
tvmonitor 0.0307 460 310 500 375
