bottle 0.0394 29 310 46 347
bottle 0.0377 0 402 28 452
bottle 0.0360 270 184 286 221
bottle 0.0321 265 361 292 449
bottle 0.0260 0 0 22 72
bottle 0.0257 2 280 42 348
bottle 0.0255 270 378 288 440
bottle 0.0216 269 175 291 238
bottle 0.0212 6 295 61 344
bottle 0.0203 0 404 18 440
car 0.1305 0 94 31 149
car 0.0944 0 65 62 150
car 0.0787 0 58 27 143
car 0.0752 0 59 11 109
car 0.0644 1 204 92 345
car 0.0601 0 0 34 147
car 0.0542 0 54 16 131
car 0.0463 0 101 16 146
car 0.0422 0 70 23 118
car 0.0392 0 97 25 124
car 0.0372 0 122 26 148
car 0.0359 0 81 33 128
car 0.0357 260 0 299 18
car 0.0355 0 211 85 287
car 0.0328 0 84 16 120
car 0.0320 0 55 22 99
car 0.0264 0 100 47 166
car 0.0253 0 121 32 163
car 0.0251 1 59 53 110
car 0.0238 0 247 66 309
car 0.0238 0 42 8 124
car 0.0236 0 53 13 90
car 0.0233 5 177 94 272
car 0.0214 2 0 28 93
car 0.0208 0 236 59 281
car 0.0208 0 128 129 301
car 0.0204 15 251 69 278
cat 0.0290 47 226 92 357
chair 0.1277 2 297 58 452
chair 0.0987 0 232 73 438
chair 0.0906 0 371 52 452
chair 0.0663 2 213 90 363
chair 0.0632 159 300 300 449
chair 0.0557 0 247 68 349
chair 0.0490 0 350 85 450
chair 0.0438 167 363 293 445
chair 0.0393 12 219 112 452
chair 0.0384 0 259 48 400
chair 0.0360 0 220 84 299
chair 0.0331 0 102 90 452
chair 0.0287 0 323 47 415
chair 0.0282 0 248 30 354
chair 0.0272 208 99 298 286
chair 0.0260 0 411 33 452
chair 0.0259 22 313 73 446
chair 0.0243 0 332 141 452
chair 0.0235 5 300 67 355
chair 0.0235 176 19 300 213
chair 0.0230 198 195 299 428
chair 0.0230 0 340 32 441
chair 0.0229 1 290 47 346
chair 0.0226 23 260 78 345
chair 0.0225 36 288 96 448
chair 0.0221 0 306 64 389
chair 0.0211 236 350 296 451
dog 0.6853 44 52 214 439
dog 0.3289 29 40 172 282
dog 0.3071 38 49 144 210
dog 0.2821 77 97 293 448
dog 0.1895 57 178 166 443
dog 0.1424 15 61 119 414
dog 0.1185 52 223 251 446
dog 0.1060 40 25 161 139
dog 0.1002 34 18 223 191
dog 0.0863 56 220 120 429
dog 0.0863 39 44 105 178
dog 0.0848 85 99 215 347
dog 0.0842 53 1 261 286
dog 0.0759 61 292 185 450
dog 0.0712 56 83 201 221
dog 0.0660 16 202 111 349
dog 0.0634 48 116 126 367
dog 0.0603 54 45 142 117
dog 0.0576 118 151 215 443
dog 0.0536 148 276 204 435
dog 0.0536 46 195 121 319
dog 0.0528 7 262 121 452
dog 0.0509 83 38 147 180
dog 0.0469 24 51 97 127
dog 0.0468 8 59 98 232
dog 0.0436 38 98 113 227
dog 0.0431 124 104 220 267
dog 0.0428 120 318 200 442
dog 0.0424 49 121 151 216
dog 0.0417 35 152 187 325
dog 0.0395 75 136 205 270
dog 0.0374 87 60 183 189
dog 0.0370 21 106 118 293
dog 0.0365 50 361 166 446
dog 0.0324 40 228 98 410
dog 0.0314 8 0 207 128
dog 0.0305 39 171 136 261
dog 0.0299 106 128 189 237
dog 0.0284 25 311 103 444
dog 0.0259 89 47 142 102
dog 0.0253 27 67 75 156
dog 0.0248 53 169 106 208
dog 0.0247 146 207 210 398
dog 0.0240 44 149 114 205
dog 0.0233 101 365 213 447
dog 0.0226 109 281 239 451
dog 0.0202 12 0 114 189
dog 0.0200 70 171 123 211
dog 0.0200 145 159 218 300
person 0.4312 167 22 298 444
person 0.4240 46 25 287 447
person 0.1631 201 0 299 281
person 0.1449 77 35 94 74
person 0.1064 75 13 97 72
person 0.1049 159 261 298 451
person 0.0972 8 53 74 138
person 0.0954 61 5 115 75
person 0.0950 83 19 186 105
person 0.0897 220 104 300 452
person 0.0878 67 2 162 74
person 0.0867 64 22 167 143
person 0.0813 71 17 214 193
person 0.0808 61 41 94 78
person 0.0789 95 0 293 300
person 0.0788 0 190 94 431
person 0.0777 0 0 49 143
person 0.0736 69 36 105 86
person 0.0735 55 39 125 89
person 0.0696 82 43 137 89
person 0.0690 78 0 121 25
person 0.0680 2 62 114 320
person 0.0660 96 1 121 21
person 0.0644 120 11 226 134
person 0.0636 31 25 112 133
person 0.0621 1 74 59 151
person 0.0616 81 11 139 80
person 0.0614 138 0 285 178
person 0.0611 55 28 105 73
person 0.0607 95 6 212 80
person 0.0591 23 50 83 112
person 0.0588 36 0 137 183
person 0.0570 54 51 77 83
person 0.0568 49 50 91 103
person 0.0559 62 0 115 33
person 0.0535 72 28 125 72
person 0.0529 149 125 235 433
person 0.0524 23 57 61 129
person 0.0517 44 0 135 63
person 0.0500 73 36 157 98
person 0.0490 10 6 84 158
person 0.0486 44 0 224 101
person 0.0479 27 171 107 368
person 0.0465 134 1 243 79
person 0.0459 122 57 224 212
person 0.0447 96 55 211 146
person 0.0442 33 7 101 93
person 0.0417 4 60 37 139
person 0.0412 89 2 122 72
person 0.0410 34 53 89 174
person 0.0409 257 0 300 20
person 0.0404 2 205 83 342
person 0.0401 4 62 107 177
person 0.0391 247 250 298 445
person 0.0385 92 0 153 23
person 0.0380 40 52 74 81
person 0.0380 149 292 202 445
person 0.0375 88 30 146 71
person 0.0372 50 42 132 120
person 0.0372 242 1 300 212
person 0.0366 0 89 32 148
person 0.0338 175 184 259 426
person 0.0337 65 2 99 61
person 0.0336 211 2 297 69
person 0.0335 53 3 91 73
person 0.0333 15 0 142 104
person 0.0331 237 0 299 39
person 0.0328 269 286 300 452
person 0.0325 126 0 192 98
person 0.0323 25 73 63 171
person 0.0323 159 46 270 306
person 0.0319 128 32 192 168
person 0.0311 102 42 162 86
person 0.0310 135 365 198 452
person 0.0310 16 74 81 213
person 0.0294 158 0 296 92
person 0.0292 203 14 273 195
person 0.0289 89 0 132 30
person 0.0287 104 1 132 19
person 0.0281 160 243 221 418
person 0.0280 0 258 16 345
person 0.0279 72 382 170 449
person 0.0278 36 228 86 355
person 0.0278 190 18 245 182
person 0.0277 80 4 106 72
person 0.0277 32 47 80 89
person 0.0274 83 31 113 93
person 0.0274 147 39 233 162
person 0.0274 249 126 300 354
person 0.0270 0 26 154 452
person 0.0269 93 42 146 110
person 0.0264 139 100 228 264
person 0.0262 79 37 107 70
person 0.0262 57 36 99 113
person 0.0260 148 84 199 153
person 0.0260 57 49 87 74
person 0.0260 2 151 66 309
person 0.0257 97 52 172 204
person 0.0254 129 236 209 452
person 0.0251 169 5 256 124
person 0.0250 101 174 300 452
person 0.0250 2 76 26 133
person 0.0248 118 36 184 91
person 0.0248 87 0 116 40
person 0.0248 15 91 49 160
person 0.0247 182 328 287 445
person 0.0246 7 2 37 98
person 0.0244 202 3 255 71
person 0.0242 65 33 94 66
person 0.0242 103 0 116 20
person 0.0242 70 50 95 76
person 0.0240 27 66 67 109
person 0.0237 152 322 243 442
person 0.0235 59 1 89 33
person 0.0232 72 3 100 41
person 0.0232 73 1 127 109
person 0.0231 0 0 13 48
person 0.0227 44 60 79 139
person 0.0227 144 7 202 83
person 0.0227 71 36 88 72
person 0.0220 16 74 56 120
person 0.0220 87 1 153 43
person 0.0220 22 10 61 107
person 0.0219 221 0 290 134
person 0.0218 154 0 257 52
person 0.0217 0 100 89 267
person 0.0217 168 3 230 72
person 0.0214 92 0 111 24
person 0.0214 275 1 300 19
person 0.0214 0 114 32 163
person 0.0214 32 125 47 166
person 0.0211 188 74 246 233
person 0.0211 46 22 79 81
person 0.0208 274 165 297 275
person 0.0207 127 90 198 238
person 0.0207 254 3 299 60
person 0.0207 48 0 100 27
person 0.0205 162 86 186 147
person 0.0204 169 86 183 121
person 0.0204 18 5 44 94
person 0.0204 106 0 143 74
person 0.0203 73 1 104 21
person 0.0202 145 139 213 333
person 0.0201 30 102 59 177
person 0.0201 0 286 12 340
person 0.0200 0 0 21 59
sofa 0.0914 4 0 300 452
train 0.0203 14 0 187 94
tvmonitor 0.0337 0 0 42 131
tvmonitor 0.0233 0 209 82 293
tvmonitor 0.0229 0 0 22 78
tvmonitor 0.0216 32 0 190 78
