bicycle 0.0263 0 3 500 310
car 0.0390 0 79 475 375
car 0.0377 0 0 435 239
car 0.0275 71 138 387 289
cat 0.0445 329 151 426 258
chair 0.0207 0 5 500 375
dog 0.7373 222 135 434 268
dog 0.0474 322 162 426 258
dog 0.0396 217 141 303 266
dog 0.0367 213 139 378 203
dog 0.0346 214 194 394 278
dog 0.0346 169 58 453 271
dog 0.0336 198 117 448 344
dog 0.0314 281 186 446 261
dog 0.0299 217 139 306 196
dog 0.0271 244 144 421 224
person 0.0549 24 303 44 338
person 0.0260 0 0 303 352
person 0.0247 35 254 51 282
person 0.0236 214 298 233 333
person 0.0205 20 302 48 355
sofa 0.0585 0 6 500 325
train 0.0215 58 120 427 302
