bird 0.0375 206 256 326 296
bird 0.0316 226 252 386 301
bird 0.0261 267 262 315 299
bird 0.0214 85 254 372 316
boat 0.0405 83 237 370 299
bottle 0.0422 152 250 324 296
bottle 0.0398 230 253 293 290
bottle 0.0318 267 260 315 299
bottle 0.0250 238 263 309 295
bottle 0.0228 271 260 298 293
bottle 0.0223 301 208 386 252
bottle 0.0204 242 251 283 266
car 0.8673 75 51 435 293
car 0.7987 65 18 218 108
car 0.3949 422 37 498 133
car 0.3582 69 29 302 127
car 0.2079 65 21 227 211
car 0.2010 68 53 226 132
car 0.1813 68 62 187 112
car 0.1768 453 37 498 114
car 0.1730 375 14 497 134
car 0.1630 107 19 220 79
car 0.1092 445 70 500 133
car 0.1063 115 49 381 129
car 0.1059 449 48 498 88
car 0.1050 95 66 288 136
car 0.1049 251 60 418 286
car 0.0996 244 51 411 120
car 0.0934 47 0 381 82
car 0.0922 328 32 453 128
car 0.0896 276 10 441 115
car 0.0877 169 68 357 141
car 0.0832 71 66 241 297
car 0.0826 421 59 470 131
car 0.0761 59 3 337 176
car 0.0761 63 72 146 115
car 0.0660 449 55 487 80
car 0.0658 176 21 407 104
car 0.0655 332 60 391 110
car 0.0641 65 69 87 100
car 0.0637 71 115 164 272
car 0.0629 295 56 420 144
car 0.0621 124 70 210 114
car 0.0603 413 40 484 99
car 0.0602 115 15 214 53
car 0.0593 365 86 391 108
car 0.0559 481 46 499 80
car 0.0558 162 18 217 57
car 0.0557 200 41 427 177
car 0.0549 445 61 500 102
car 0.0542 64 28 153 117
car 0.0540 407 0 499 100
car 0.0528 250 72 383 132
car 0.0527 333 5 405 108
car 0.0518 422 37 499 80
car 0.0517 461 49 496 76
car 0.0507 61 189 402 293
car 0.0505 60 10 209 69
car 0.0481 305 117 416 272
car 0.0477 457 72 499 108
car 0.0474 222 27 476 133
car 0.0468 258 0 411 84
car 0.0461 276 55 391 103
car 0.0448 409 27 463 120
car 0.0437 312 34 456 268
car 0.0430 62 71 175 161
car 0.0423 297 0 500 155
car 0.0414 452 76 495 96
car 0.0405 119 57 214 95
car 0.0400 149 119 437 268
car 0.0399 15 0 169 114
car 0.0393 194 49 362 105
car 0.0392 423 11 500 207
car 0.0385 471 48 500 96
car 0.0380 63 46 123 108
car 0.0377 0 69 19 114
car 0.0374 346 31 388 105
car 0.0372 362 66 392 109
car 0.0363 66 90 168 210
car 0.0361 192 23 218 54
car 0.0355 7 40 73 111
car 0.0353 0 58 34 114
car 0.0352 449 61 483 89
car 0.0345 193 47 332 80
car 0.0345 415 87 487 131
car 0.0342 147 20 288 99
car 0.0330 254 86 411 159
car 0.0330 445 43 494 72
car 0.0328 2 0 78 55
car 0.0322 423 100 498 137
car 0.0320 456 0 499 82
car 0.0319 462 61 497 92
car 0.0315 89 75 165 118
car 0.0306 74 90 155 123
car 0.0304 72 238 308 295
car 0.0303 95 68 303 195
car 0.0301 69 193 169 294
car 0.0290 451 53 472 73
car 0.0288 202 80 388 227
car 0.0288 66 69 108 101
car 0.0286 89 141 370 249
car 0.0284 83 70 159 103
car 0.0281 293 68 395 118
car 0.0280 182 0 369 56
car 0.0274 145 27 215 66
car 0.0274 12 0 87 103
car 0.0272 454 41 492 60
car 0.0270 345 46 493 178
car 0.0268 101 32 190 115
car 0.0266 464 122 499 140
car 0.0262 145 0 500 94
car 0.0261 421 20 499 64
car 0.0260 485 47 498 66
car 0.0259 64 71 77 99
car 0.0258 456 94 499 133
car 0.0254 199 186 398 255
car 0.0254 267 105 393 250
car 0.0252 71 141 135 244
car 0.0250 293 188 420 292
car 0.0248 175 211 246 241
car 0.0242 257 48 375 87
car 0.0241 19 26 117 120
car 0.0241 317 60 411 207
car 0.0237 361 23 401 103
car 0.0236 479 108 499 139
car 0.0234 338 81 393 108
car 0.0229 360 0 428 113
car 0.0228 348 58 381 104
car 0.0226 61 215 238 290
car 0.0226 445 31 480 84
car 0.0225 117 213 333 282
car 0.0225 325 0 393 27
car 0.0224 472 47 500 66
car 0.0222 478 63 500 100
car 0.0222 450 85 500 118
car 0.0220 1 9 53 118
car 0.0217 21 66 87 107
car 0.0217 366 0 494 65
car 0.0213 132 31 220 110
car 0.0211 55 45 96 106
car 0.0211 439 58 467 75
car 0.0211 0 52 17 91
car 0.0210 197 211 395 283
car 0.0207 445 80 489 100
car 0.0206 469 43 494 62
car 0.0206 163 0 287 71
car 0.0205 50 117 125 276
car 0.0203 156 0 225 71
car 0.0202 307 50 392 89
car 0.0202 200 1 277 50
car 0.0202 460 65 487 100
car 0.0201 470 77 500 103
chair 0.0250 101 240 301 293
dog 0.0209 95 33 431 375
person 0.3498 263 99 336 138
person 0.2557 220 83 274 135
person 0.2175 226 90 325 134
person 0.1571 178 76 203 123
person 0.1229 187 79 209 123
person 0.1202 205 72 304 134
person 0.1201 152 75 207 125
person 0.1082 245 77 359 136
person 0.0953 277 97 332 127
person 0.0861 174 75 262 131
person 0.0857 190 78 231 126
person 0.0812 193 85 216 123
person 0.0794 421 57 456 130
person 0.0711 259 93 305 137
person 0.0694 109 67 211 128
person 0.0668 137 36 215 123
person 0.0602 272 99 316 120
person 0.0590 240 88 294 131
person 0.0571 208 82 237 123
person 0.0561 217 82 249 124
person 0.0529 278 100 310 136
person 0.0508 201 84 226 122
person 0.0480 292 99 323 132
person 0.0479 445 66 496 127
person 0.0470 254 95 287 133
person 0.0465 287 79 430 299
person 0.0453 249 93 341 156
person 0.0448 154 59 228 136
person 0.0444 450 50 466 75
person 0.0441 195 87 246 130
person 0.0410 260 87 347 124
person 0.0407 231 89 262 130
person 0.0397 291 96 344 141
person 0.0392 263 103 293 135
person 0.0378 203 81 266 118
person 0.0365 281 95 322 112
person 0.0356 190 50 344 126
person 0.0350 142 78 187 129
person 0.0348 410 38 450 110
person 0.0345 309 196 352 245
person 0.0335 218 80 271 106
person 0.0334 126 65 173 120
person 0.0334 451 43 477 74
person 0.0333 301 199 377 254
person 0.0325 457 87 500 138
person 0.0324 239 106 316 139
person 0.0311 448 57 468 86
person 0.0311 439 75 479 130
person 0.0311 303 98 328 126
person 0.0310 247 92 274 128
person 0.0309 217 81 243 104
person 0.0301 271 96 298 126
person 0.0296 272 96 368 131
person 0.0285 275 114 333 141
person 0.0282 228 83 262 113
person 0.0282 219 93 241 130
person 0.0274 444 69 470 120
person 0.0268 280 154 393 283
person 0.0267 167 81 192 122
person 0.0265 308 92 354 148
person 0.0260 312 100 336 131
person 0.0259 450 37 466 67
person 0.0258 169 20 216 71
person 0.0258 317 101 346 139
person 0.0253 445 54 459 75
person 0.0250 168 79 218 139
person 0.0249 136 201 410 290
person 0.0248 237 71 374 242
person 0.0247 289 59 384 150
person 0.0244 195 84 407 309
person 0.0243 333 59 385 109
person 0.0242 119 73 186 106
person 0.0242 181 54 281 152
person 0.0241 446 58 474 101
person 0.0241 435 68 463 124
person 0.0240 193 242 388 298
person 0.0235 299 179 407 257
person 0.0232 267 95 304 112
person 0.0227 227 96 291 146
person 0.0226 123 73 151 102
person 0.0224 118 86 197 125
person 0.0223 312 63 364 127
person 0.0222 185 25 216 56
person 0.0222 329 110 347 141
person 0.0220 190 100 226 123
person 0.0219 241 83 266 121
person 0.0218 269 61 343 130
person 0.0216 253 118 315 141
person 0.0216 202 79 229 108
person 0.0215 262 88 292 124
person 0.0214 424 45 468 106
person 0.0213 477 101 500 138
person 0.0211 208 97 260 127
person 0.0210 474 45 491 66
person 0.0210 441 59 460 88
person 0.0209 157 57 307 216
person 0.0209 451 74 475 110
person 0.0208 102 65 154 119
person 0.0207 325 142 427 287
person 0.0206 303 222 351 253
person 0.0205 250 83 272 118
person 0.0204 226 97 254 134
person 0.0204 258 92 282 120
person 0.0202 400 54 437 122
person 0.0201 273 107 300 139
person 0.0201 312 201 341 237
pottedplant 0.0202 267 248 395 301
train 0.0474 63 190 423 295
train 0.0340 102 237 387 300
tvmonitor 0.0265 178 208 244 240
tvmonitor 0.0219 157 186 354 246
