bottle 0.0273 478 316 500 375
bottle 0.0235 0 347 42 375
bottle 0.0203 0 1 25 35
car 0.0391 85 0 125 18
car 0.0335 242 25 415 97
car 0.0306 224 13 484 126
car 0.0264 263 47 445 131
car 0.0213 127 12 399 120
chair 0.1904 36 66 294 375
chair 0.1357 206 192 500 375
chair 0.1196 13 208 320 375
chair 0.0969 0 91 94 375
chair 0.0958 2 119 68 245
chair 0.0860 183 112 421 365
chair 0.0666 0 18 86 264
chair 0.0658 7 45 135 321
chair 0.0632 414 155 500 351
chair 0.0591 70 134 141 223
chair 0.0586 270 255 500 372
chair 0.0563 54 304 285 370
chair 0.0485 238 298 436 370
chair 0.0483 327 299 500 373
chair 0.0477 1 249 179 374
chair 0.0467 0 45 51 239
chair 0.0466 8 107 130 241
chair 0.0443 37 98 175 370
chair 0.0424 2 127 43 226
chair 0.0413 69 79 162 262
chair 0.0388 76 134 154 188
chair 0.0371 78 141 126 199
chair 0.0359 0 149 92 285
chair 0.0352 373 185 488 327
chair 0.0338 0 230 104 364
chair 0.0329 256 200 400 375
chair 0.0326 477 207 500 287
chair 0.0323 68 142 112 215
chair 0.0319 199 161 340 375
chair 0.0313 401 321 500 374
chair 0.0310 447 199 499 326
chair 0.0304 168 238 380 375
chair 0.0301 219 254 318 375
chair 0.0300 1 4 174 215
chair 0.0297 0 306 159 372
chair 0.0290 8 77 81 222
chair 0.0290 344 246 448 375
chair 0.0275 77 132 151 303
chair 0.0269 434 177 493 297
chair 0.0267 21 133 118 312
chair 0.0263 0 126 51 333
chair 0.0263 0 0 26 39
chair 0.0263 190 300 361 371
chair 0.0255 0 0 48 162
chair 0.0250 57 26 265 265
chair 0.0248 32 104 103 220
chair 0.0241 59 105 128 209
chair 0.0237 1 166 46 249
chair 0.0236 77 180 221 375
chair 0.0233 467 230 498 303
chair 0.0228 162 269 302 372
chair 0.0227 95 331 292 375
chair 0.0226 284 169 499 298
chair 0.0225 305 255 408 375
chair 0.0224 381 249 487 375
chair 0.0220 395 164 493 273
chair 0.0213 70 216 152 367
chair 0.0211 0 186 73 266
chair 0.0208 2 89 39 200
chair 0.0206 21 78 131 195
chair 0.0205 312 205 500 346
chair 0.0201 0 0 28 80
person 0.8215 242 37 487 371
person 0.8056 53 10 296 368
person 0.3307 331 152 498 372
person 0.2620 404 175 499 375
person 0.2037 203 43 387 364
person 0.1160 438 207 500 362
person 0.0715 404 286 500 375
person 0.0599 52 10 265 215
person 0.0582 329 3 486 289
person 0.0565 0 8 119 363
person 0.0557 455 275 498 375
person 0.0506 70 0 486 336
person 0.0503 429 158 497 322
person 0.0502 24 0 195 330
person 0.0493 238 39 442 220
person 0.0474 255 169 403 375
person 0.0461 252 50 347 198
person 0.0420 120 144 304 375
person 0.0413 75 33 194 232
person 0.0407 262 45 346 104
person 0.0405 421 222 481 339
person 0.0400 180 18 325 99
person 0.0384 369 150 475 306
person 0.0383 128 14 279 108
person 0.0370 0 0 23 34
person 0.0368 248 46 405 128
person 0.0363 181 19 280 172
person 0.0350 220 33 317 172
person 0.0349 73 64 160 203
person 0.0335 440 314 500 374
person 0.0312 295 40 469 173
person 0.0309 284 107 437 352
person 0.0304 346 218 449 368
person 0.0303 476 288 500 373
person 0.0290 143 12 291 240
person 0.0282 215 196 325 375
person 0.0280 463 263 499 342
person 0.0280 350 108 491 268
person 0.0277 340 58 441 205
person 0.0275 454 221 498 320
person 0.0270 88 15 190 153
person 0.0256 394 81 500 323
person 0.0248 201 23 331 269
person 0.0246 403 193 474 323
person 0.0246 63 8 238 131
person 0.0245 86 0 115 19
person 0.0235 357 16 484 191
person 0.0233 445 231 485 311
person 0.0222 168 7 259 45
person 0.0221 53 1 370 120
person 0.0216 262 45 335 77
person 0.0215 448 254 480 328
person 0.0213 0 0 12 23
person 0.0209 246 102 354 343
pottedplant 0.0356 466 211 499 283
pottedplant 0.0251 480 234 498 279
pottedplant 0.0211 456 192 500 354
pottedplant 0.0210 0 344 46 375
sofa 0.2439 66 27 500 371
sofa 0.0891 0 106 346 374
sofa 0.0528 184 151 500 375
sofa 0.0211 246 121 500 302
tvmonitor 0.0343 45 3 255 156
tvmonitor 0.0301 1 125 39 212
tvmonitor 0.0247 264 16 485 168
