boat 0.0218 0 0 500 324
bottle 0.5542 369 258 428 362
bottle 0.0977 364 257 419 320
bottle 0.0546 307 359 365 373
bottle 0.0521 311 254 423 353
bottle 0.0500 374 260 416 299
bottle 0.0473 455 302 500 343
bottle 0.0470 352 215 436 367
bottle 0.0449 263 207 290 250
bottle 0.0411 376 256 437 309
bottle 0.0377 476 338 499 374
bottle 0.0368 365 314 434 370
bottle 0.0343 286 237 376 352
bottle 0.0329 216 207 239 255
bottle 0.0326 379 259 408 288
bottle 0.0324 370 266 470 373
bottle 0.0311 349 255 390 323
bottle 0.0288 489 169 500 229
bottle 0.0271 294 229 312 258
bottle 0.0269 234 202 292 250
bottle 0.0261 273 355 371 375
bottle 0.0258 281 259 325 322
bottle 0.0258 151 330 185 350
bottle 0.0257 290 358 345 374
bottle 0.0253 373 268 399 304
bottle 0.0252 398 263 422 295
bottle 0.0248 156 263 205 330
bottle 0.0246 328 249 366 323
bottle 0.0246 438 299 496 367
bottle 0.0240 321 340 343 369
bottle 0.0240 409 350 439 375
bottle 0.0233 145 256 174 333
bottle 0.0225 459 318 500 355
bottle 0.0222 151 237 172 265
bottle 0.0220 388 266 426 313
bottle 0.0215 318 350 346 373
bottle 0.0208 474 303 500 335
bottle 0.0206 202 361 248 374
bottle 0.0201 272 216 294 250
bottle 0.0200 0 205 8 253
car 0.0219 215 289 281 325
chair 0.1280 6 234 41 318
chair 0.1213 382 320 500 375
chair 0.0880 171 314 438 371
chair 0.0843 281 310 497 370
chair 0.0768 330 289 454 370
chair 0.0763 436 311 499 375
chair 0.0634 356 259 434 375
chair 0.0580 417 339 500 374
chair 0.0547 378 273 494 367
chair 0.0519 201 184 349 244
chair 0.0490 19 319 296 370
chair 0.0440 0 195 48 317
chair 0.0440 303 337 500 375
chair 0.0416 236 268 436 367
chair 0.0399 469 324 500 374
chair 0.0399 129 165 426 344
chair 0.0372 194 62 350 245
chair 0.0365 11 256 39 300
chair 0.0358 449 275 500 362
chair 0.0356 1 332 212 375
chair 0.0326 3 226 47 285
chair 0.0317 249 176 366 262
chair 0.0310 325 339 439 371
chair 0.0302 202 242 394 350
chair 0.0301 191 115 363 318
chair 0.0300 336 360 396 373
chair 0.0300 404 321 461 375
chair 0.0292 2 270 37 354
chair 0.0291 1 212 30 290
chair 0.0289 375 322 449 371
chair 0.0285 122 323 252 371
chair 0.0281 0 242 65 329
chair 0.0280 132 308 329 374
chair 0.0269 196 188 278 250
chair 0.0263 438 330 483 370
chair 0.0260 405 352 489 375
chair 0.0257 0 248 32 334
chair 0.0246 3 307 121 375
chair 0.0246 129 270 360 359
chair 0.0243 231 191 311 245
chair 0.0232 284 181 353 249
chair 0.0232 8 143 477 375
chair 0.0229 336 354 432 375
chair 0.0227 5 166 70 302
chair 0.0227 304 319 419 371
chair 0.0226 204 330 392 373
chair 0.0225 282 181 364 306
chair 0.0223 6 251 33 290
chair 0.0222 442 301 500 342
chair 0.0222 2 247 25 306
chair 0.0222 249 192 287 249
chair 0.0221 36 339 160 373
chair 0.0218 191 188 234 251
chair 0.0218 144 258 175 332
chair 0.0217 128 259 288 328
chair 0.0217 275 283 386 375
chair 0.0211 22 256 44 297
chair 0.0209 30 256 75 318
chair 0.0206 107 272 243 349
chair 0.0203 3 270 107 355
chair 0.0201 156 176 281 265
chair 0.0200 448 327 498 364
diningtable 0.1031 45 311 466 375
diningtable 0.0736 90 325 272 372
diningtable 0.0606 135 276 462 369
diningtable 0.0550 0 334 384 375
diningtable 0.0514 223 299 500 375
diningtable 0.0421 40 185 430 336
diningtable 0.0372 0 229 490 370
diningtable 0.0338 268 257 447 353
diningtable 0.0331 179 253 410 345
diningtable 0.0264 349 259 465 352
diningtable 0.0258 81 281 369 354
diningtable 0.0243 330 295 466 373
diningtable 0.0236 117 320 253 359
diningtable 0.0202 303 262 427 331
diningtable 0.0202 96 143 366 311
diningtable 0.0200 210 218 480 346
person 0.0972 367 247 429 374
person 0.0719 352 264 472 369
person 0.0699 284 265 444 369
person 0.0638 197 319 406 373
person 0.0451 305 357 396 375
person 0.0434 0 0 392 341
person 0.0382 370 346 443 374
person 0.0355 399 348 438 374
person 0.0322 6 0 178 315
person 0.0305 403 346 482 374
person 0.0296 277 18 500 375
person 0.0263 126 153 483 366
person 0.0231 0 334 20 374
person 0.0227 378 195 500 375
person 0.0206 0 320 35 374
pottedplant 0.0994 1 337 110 374
pottedplant 0.0813 217 320 425 372
pottedplant 0.0642 113 324 288 372
pottedplant 0.0548 301 358 377 374
pottedplant 0.0514 3 218 40 285
pottedplant 0.0504 311 351 402 374
pottedplant 0.0492 187 232 207 258
pottedplant 0.0422 187 325 250 354
pottedplant 0.0420 0 205 42 328
pottedplant 0.0410 200 268 451 375
pottedplant 0.0407 274 341 399 370
pottedplant 0.0397 301 337 362 373
pottedplant 0.0395 154 327 257 366
pottedplant 0.0384 0 342 65 375
pottedplant 0.0369 328 360 393 373
pottedplant 0.0366 6 216 31 267
pottedplant 0.0361 0 327 175 374
pottedplant 0.0345 411 241 495 366
pottedplant 0.0341 179 320 327 375
pottedplant 0.0340 91 312 455 375
pottedplant 0.0335 149 327 204 349
pottedplant 0.0330 337 189 453 366
pottedplant 0.0323 0 358 59 374
pottedplant 0.0317 293 258 432 343
pottedplant 0.0316 10 220 27 257
pottedplant 0.0296 314 353 352 373
pottedplant 0.0282 296 292 436 374
pottedplant 0.0279 318 336 347 372
pottedplant 0.0276 353 244 482 375
pottedplant 0.0276 36 344 104 375
pottedplant 0.0264 207 193 238 256
pottedplant 0.0260 13 224 38 263
pottedplant 0.0252 144 321 246 353
pottedplant 0.0245 7 236 45 275
pottedplant 0.0245 183 218 212 261
pottedplant 0.0235 0 293 92 375
pottedplant 0.0235 225 201 285 250
pottedplant 0.0233 0 329 40 375
pottedplant 0.0231 8 195 70 327
pottedplant 0.0230 289 322 378 370
pottedplant 0.0223 28 341 76 372
pottedplant 0.0221 144 165 205 272
pottedplant 0.0211 334 353 375 372
pottedplant 0.0210 7 354 97 374
pottedplant 0.0208 196 328 248 372
pottedplant 0.0203 217 198 260 253
pottedplant 0.0202 277 225 393 362
pottedplant 0.0200 5 243 95 334
sofa 0.0616 177 163 361 255
tvmonitor 0.8982 190 50 321 157
tvmonitor 0.1384 147 10 325 172
tvmonitor 0.1142 56 6 278 156
tvmonitor 0.0915 4 249 40 316
tvmonitor 0.0859 182 184 360 254
tvmonitor 0.0647 175 47 266 162
tvmonitor 0.0601 211 15 283 39
tvmonitor 0.0585 21 1 202 183
tvmonitor 0.0585 287 50 347 167
tvmonitor 0.0579 174 130 193 160
tvmonitor 0.0562 447 336 500 375
tvmonitor 0.0552 306 86 339 159
tvmonitor 0.0533 250 52 334 162
tvmonitor 0.0515 20 0 300 270
tvmonitor 0.0509 6 0 144 285
tvmonitor 0.0480 4 215 38 282
tvmonitor 0.0446 305 356 401 375
tvmonitor 0.0416 111 13 186 170
tvmonitor 0.0399 140 54 191 159
tvmonitor 0.0393 5 32 86 180
tvmonitor 0.0390 203 53 381 184
tvmonitor 0.0367 455 298 500 337
tvmonitor 0.0366 206 270 284 326
tvmonitor 0.0354 259 76 313 158
tvmonitor 0.0354 184 98 349 220
tvmonitor 0.0353 146 163 193 259
tvmonitor 0.0351 11 259 39 301
tvmonitor 0.0349 213 192 302 251
tvmonitor 0.0347 285 41 395 162
tvmonitor 0.0340 133 238 418 353
tvmonitor 0.0337 281 265 325 322
tvmonitor 0.0317 200 55 313 109
tvmonitor 0.0315 60 14 147 161
tvmonitor 0.0311 473 344 500 375
tvmonitor 0.0310 180 10 292 44
tvmonitor 0.0308 0 22 78 62
tvmonitor 0.0304 147 43 227 158
tvmonitor 0.0303 187 101 308 158
tvmonitor 0.0301 17 17 118 158
tvmonitor 0.0298 280 80 329 159
tvmonitor 0.0297 4 211 18 253
tvmonitor 0.0295 160 170 373 308
tvmonitor 0.0291 6 213 28 260
tvmonitor 0.0287 246 183 349 237
tvmonitor 0.0286 241 16 291 39
tvmonitor 0.0286 173 258 366 328
tvmonitor 0.0283 489 168 500 229
tvmonitor 0.0283 1 27 94 98
tvmonitor 0.0280 186 57 253 122
tvmonitor 0.0279 195 25 291 74
tvmonitor 0.0278 208 19 292 51
tvmonitor 0.0277 2 209 23 272
tvmonitor 0.0272 278 186 336 226
tvmonitor 0.0268 188 45 275 92
tvmonitor 0.0257 230 28 364 152
tvmonitor 0.0254 267 18 292 38
tvmonitor 0.0245 459 355 500 374
tvmonitor 0.0241 293 3 414 202
tvmonitor 0.0228 287 174 351 244
tvmonitor 0.0221 224 29 310 78
tvmonitor 0.0221 435 283 498 354
tvmonitor 0.0220 315 76 349 163
tvmonitor 0.0219 222 193 284 235
tvmonitor 0.0214 244 46 325 94
tvmonitor 0.0214 0 198 14 290
tvmonitor 0.0209 185 78 246 154
