aeroplane 0.0212 8 82 500 375
aeroplane 0.0209 465 354 500 373
bird 0.0315 462 356 499 375
bird 0.0254 92 222 108 252
bird 0.0216 444 363 500 375
boat 0.0240 5 0 40 45
boat 0.0222 17 0 57 45
boat 0.0200 2 15 48 49
bottle 0.0630 18 13 34 49
bottle 0.0388 7 5 36 52
bottle 0.0333 112 27 139 58
bottle 0.0247 0 0 54 65
bottle 0.0240 97 28 141 66
car 0.0223 4 26 36 49
person 0.1710 14 20 28 53
person 0.1362 20 19 33 52
person 0.1279 28 24 41 51
person 0.0926 6 23 20 53
person 0.0762 13 18 39 51
person 0.0739 33 27 47 51
person 0.0603 83 35 101 65
person 0.0592 3 14 25 54
person 0.0499 0 22 10 55
person 0.0387 5 25 35 54
person 0.0359 28 19 50 52
person 0.0353 12 12 30 43
person 0.0350 20 30 44 49
person 0.0327 43 28 56 50
person 0.0320 0 6 19 59
person 0.0294 8 30 31 49
person 0.0264 3 29 20 63
person 0.0260 17 0 56 55
person 0.0249 74 35 99 54
person 0.0238 91 39 111 71
person 0.0227 90 26 141 65
person 0.0226 0 29 21 48
person 0.0209 86 35 104 55
person 0.0207 52 27 66 50
person 0.0204 25 26 46 61
person 0.0203 80 28 111 71
person 0.0202 0 0 96 142
pottedplant 0.0329 4 2 37 51
pottedplant 0.0307 5 9 18 42
pottedplant 0.0277 10 8 30 35
pottedplant 0.0256 0 0 26 44
pottedplant 0.0248 17 0 60 53
pottedplant 0.0233 1 0 21 27
pottedplant 0.0214 32 0 75 54
sheep 0.7995 88 146 191 251
sheep 0.7425 327 169 423 247
sheep 0.2469 137 141 177 158
sheep 0.1818 137 143 188 178
sheep 0.1621 130 144 190 221
sheep 0.1564 20 196 52 210
sheep 0.1002 148 142 191 157
sheep 0.0951 22 194 36 212
sheep 0.0921 146 149 192 202
sheep 0.0845 152 152 193 172
sheep 0.0833 137 149 173 170
sheep 0.0755 13 196 34 211
sheep 0.0752 24 198 35 209
sheep 0.0745 139 135 167 156
sheep 0.0706 25 196 40 206
sheep 0.0689 136 139 194 163
sheep 0.0601 83 163 127 247
sheep 0.0599 384 188 427 242
sheep 0.0588 330 178 382 247
sheep 0.0534 148 148 194 164
sheep 0.0520 7 194 27 213
sheep 0.0496 141 153 163 169
sheep 0.0494 142 130 162 149
sheep 0.0479 26 200 63 213
sheep 0.0466 16 197 33 206
sheep 0.0455 18 194 39 204
sheep 0.0455 378 222 424 240
sheep 0.0454 137 142 160 165
sheep 0.0454 49 88 185 249
sheep 0.0448 144 125 162 137
sheep 0.0446 124 168 188 256
sheep 0.0434 341 168 407 206
sheep 0.0434 142 144 166 153
sheep 0.0415 26 194 34 205
sheep 0.0403 355 206 432 245
sheep 0.0399 363 169 416 217
sheep 0.0394 169 143 197 155
sheep 0.0387 4 192 36 218
sheep 0.0385 14 193 47 216
sheep 0.0379 150 140 180 168
sheep 0.0377 403 205 427 238
sheep 0.0370 118 139 189 190
sheep 0.0362 172 151 193 165
sheep 0.0360 138 156 177 175
sheep 0.0358 89 175 156 257
sheep 0.0353 176 146 193 159
sheep 0.0351 145 132 171 147
sheep 0.0338 24 192 55 205
sheep 0.0337 4 193 19 218
sheep 0.0336 17 201 28 210
sheep 0.0324 301 154 469 252
sheep 0.0317 147 128 159 137
sheep 0.0316 139 159 158 175
sheep 0.0313 46 177 184 258
sheep 0.0301 404 221 429 240
sheep 0.0299 139 145 154 157
sheep 0.0294 243 164 421 249
sheep 0.0293 23 198 51 220
sheep 0.0287 158 139 190 150
sheep 0.0284 0 195 22 209
sheep 0.0282 25 189 39 200
sheep 0.0280 83 156 178 215
sheep 0.0277 168 143 186 161
sheep 0.0275 161 153 189 187
sheep 0.0273 320 179 360 248
sheep 0.0272 92 142 311 255
sheep 0.0272 140 131 153 148
sheep 0.0268 156 136 176 156
sheep 0.0267 82 201 123 252
sheep 0.0267 150 149 196 244
sheep 0.0248 149 127 167 138
sheep 0.0248 165 147 188 168
sheep 0.0246 83 160 126 208
sheep 0.0246 0 194 13 215
sheep 0.0246 138 129 169 143
sheep 0.0244 18 195 27 205
sheep 0.0241 10 197 29 225
sheep 0.0241 327 169 378 209
sheep 0.0239 135 157 152 169
sheep 0.0239 91 212 117 253
sheep 0.0233 46 202 73 212
sheep 0.0233 41 140 129 254
sheep 0.0232 16 190 31 200
sheep 0.0232 177 150 190 162
sheep 0.0230 328 212 402 247
sheep 0.0230 44 198 72 208
sheep 0.0230 374 224 403 242
sheep 0.0229 330 171 369 189
sheep 0.0228 137 151 154 163
sheep 0.0228 28 188 45 201
sheep 0.0226 324 166 444 304
sheep 0.0225 130 152 168 177
sheep 0.0224 6 189 16 205
sheep 0.0222 137 153 173 194
sheep 0.0221 127 132 175 160
sheep 0.0216 139 149 164 159
sheep 0.0216 128 156 153 167
sheep 0.0215 148 186 188 255
sheep 0.0214 105 199 202 252
sheep 0.0214 91 157 139 223
sheep 0.0212 319 171 404 221
sheep 0.0209 158 134 178 147
sheep 0.0209 24 183 34 199
sheep 0.0208 9 186 24 200
sheep 0.0206 143 129 153 141
sheep 0.0206 17 190 54 227
sheep 0.0205 0 190 24 236
sheep 0.0203 16 183 39 210
sheep 0.0203 180 155 197 169
sheep 0.0201 407 199 426 227
sheep 0.0201 0 192 23 203
train 0.0226 24 19 142 122
