bicycle 0.1636 1 253 38 301
bicycle 0.1497 104 301 410 375
bicycle 0.1248 11 254 65 300
bicycle 0.0960 113 279 184 370
bicycle 0.0862 18 256 84 312
bicycle 0.0854 19 256 49 295
bicycle 0.0799 25 257 58 316
bicycle 0.0792 0 252 21 297
bicycle 0.0682 247 303 355 375
bicycle 0.0591 0 239 88 300
bicycle 0.0550 35 267 187 363
bicycle 0.0547 80 274 168 348
bicycle 0.0529 461 249 497 304
bicycle 0.0492 2 250 49 326
bicycle 0.0489 8 255 72 357
bicycle 0.0470 15 254 40 288
bicycle 0.0468 74 284 310 361
bicycle 0.0453 0 249 13 313
bicycle 0.0422 74 270 124 349
bicycle 0.0413 24 257 101 293
bicycle 0.0399 27 258 111 332
bicycle 0.0379 28 257 54 287
bicycle 0.0377 0 246 25 323
bicycle 0.0364 135 281 184 346
bicycle 0.0364 68 266 109 328
bicycle 0.0360 220 307 481 371
bicycle 0.0356 16 243 155 338
bicycle 0.0337 17 224 113 295
bicycle 0.0310 48 261 117 313
bicycle 0.0304 111 279 179 326
bicycle 0.0301 268 304 316 375
bicycle 0.0299 474 258 499 306
bicycle 0.0294 12 218 68 294
bicycle 0.0277 56 254 110 296
bicycle 0.0260 75 259 197 328
bicycle 0.0253 138 280 499 360
bicycle 0.0242 4 252 33 278
bicycle 0.0236 128 287 231 374
bicycle 0.0235 172 309 334 369
bicycle 0.0206 0 249 52 283
bicycle 0.0200 64 267 137 301
bus 0.9183 12 104 472 310
bus 0.0856 300 97 468 298
bus 0.0737 13 130 95 274
bus 0.0721 332 99 473 208
bus 0.0656 80 97 469 218
bus 0.0633 36 160 332 299
bus 0.0566 102 0 155 38
bus 0.0549 365 121 469 259
bus 0.0528 462 114 495 189
bus 0.0501 15 119 156 301
bus 0.0485 365 154 452 209
bus 0.0436 95 178 468 301
bus 0.0382 41 0 267 285
bus 0.0371 436 109 496 224
bus 0.0368 11 147 68 250
bus 0.0343 408 153 453 209
bus 0.0322 387 125 489 211
bus 0.0285 417 140 473 217
bus 0.0264 342 154 462 293
bus 0.0260 423 107 495 173
bus 0.0260 6 116 107 212
bus 0.0256 27 0 118 131
bus 0.0254 447 119 488 193
bus 0.0248 9 136 77 203
bus 0.0245 100 0 161 101
bus 0.0243 0 309 493 375
bus 0.0236 0 115 64 296
bus 0.0232 349 128 427 213
bus 0.0229 291 97 445 182
bus 0.0220 136 17 406 293
bus 0.0218 469 110 500 223
bus 0.0214 17 110 339 225
bus 0.0213 32 196 165 294
bus 0.0213 60 123 210 294
bus 0.0212 460 124 487 173
bus 0.0209 21 0 147 231
bus 0.0207 376 95 496 185
car 0.0647 0 223 16 261
car 0.0619 463 119 495 197
car 0.0591 364 164 421 212
car 0.0485 28 183 110 292
car 0.0479 363 177 468 300
car 0.0456 341 149 459 209
car 0.0437 461 128 485 178
car 0.0432 101 232 295 298
car 0.0360 300 230 471 304
car 0.0347 412 169 437 206
car 0.0336 350 166 453 235
car 0.0321 190 101 241 116
car 0.0310 25 237 104 292
car 0.0303 361 187 432 218
car 0.0291 49 238 224 298
car 0.0288 403 200 449 216
car 0.0286 53 180 142 295
car 0.0285 66 231 105 294
car 0.0281 61 259 138 292
car 0.0278 10 171 81 295
car 0.0276 0 217 13 290
car 0.0272 395 165 456 212
car 0.0270 366 199 460 237
car 0.0269 191 237 414 299
car 0.0262 2 235 18 274
car 0.0260 15 155 97 229
car 0.0237 330 197 467 250
car 0.0234 205 211 480 310
car 0.0230 375 197 451 222
car 0.0230 14 235 154 300
car 0.0230 402 186 436 203
car 0.0226 3 252 39 271
car 0.0222 242 97 271 107
car 0.0217 424 182 441 206
car 0.0215 407 196 448 210
car 0.0213 356 190 416 234
car 0.0213 423 201 458 216
car 0.0213 47 217 97 289
car 0.0211 463 149 496 239
car 0.0211 22 159 97 199
car 0.0210 58 311 498 375
car 0.0210 0 243 23 266
car 0.0210 279 82 295 106
car 0.0207 99 268 160 291
car 0.0207 466 140 490 171
car 0.0205 351 243 481 322
car 0.0205 355 154 442 195
car 0.0204 460 149 500 175
car 0.0203 14 153 68 209
car 0.0202 375 199 415 215
car 0.0202 417 175 445 210
chair 0.0336 19 254 52 330
chair 0.0270 3 228 35 292
chair 0.0236 30 259 68 323
chair 0.0231 70 273 108 352
chair 0.0223 2 249 51 347
chair 0.0214 139 285 185 375
cow 0.0224 60 0 108 36
person 0.5007 367 168 401 208
person 0.2486 70 172 91 201
person 0.1865 179 174 202 210
person 0.1370 362 171 387 207
person 0.1247 160 173 203 212
person 0.1160 366 184 395 209
person 0.0981 155 174 179 210
person 0.0923 471 149 490 187
person 0.0906 171 174 199 200
person 0.0894 463 139 481 178
person 0.0892 460 150 473 182
person 0.0876 66 167 103 202
person 0.0862 187 187 207 212
person 0.0849 464 127 495 194
person 0.0815 354 166 395 213
person 0.0801 481 151 497 196
person 0.0781 368 165 390 197
person 0.0775 87 170 106 201
person 0.0759 145 172 187 213
person 0.0735 302 192 315 217
person 0.0726 464 151 479 189
person 0.0719 460 159 471 196
person 0.0699 53 171 66 199
person 0.0687 378 167 412 206
person 0.0670 59 173 73 200
person 0.0643 55 168 87 199
person 0.0632 163 173 188 204
person 0.0629 275 167 294 211
person 0.0628 375 186 408 210
person 0.0615 135 171 152 212
person 0.0600 364 159 430 209
person 0.0597 477 147 500 215
person 0.0587 176 194 210 211
person 0.0580 131 171 146 202
person 0.0572 356 166 374 204
person 0.0567 141 172 168 215
person 0.0542 114 173 128 214
person 0.0541 187 173 206 206
person 0.0539 128 168 149 218
person 0.0536 151 179 171 215
person 0.0528 194 195 218 212
person 0.0522 361 164 382 194
person 0.0521 198 188 214 210
person 0.0515 389 180 411 208
person 0.0513 468 134 488 175
person 0.0512 151 174 174 199
person 0.0511 361 180 416 212
person 0.0509 403 177 418 202
person 0.0509 489 152 500 201
person 0.0507 279 76 292 107
person 0.0489 39 165 60 194
person 0.0488 185 180 220 213
person 0.0476 462 154 483 206
person 0.0473 136 169 151 195
person 0.0469 298 191 310 216
person 0.0464 372 169 409 192
person 0.0459 144 172 161 205
person 0.0459 154 174 188 193
person 0.0454 69 171 84 192
person 0.0452 44 158 99 198
person 0.0451 186 198 211 214
person 0.0450 122 172 150 248
person 0.0446 45 162 69 197
person 0.0445 208 188 223 211
person 0.0441 361 164 398 184
person 0.0435 415 172 434 204
person 0.0430 409 173 428 203
person 0.0428 297 177 318 218
person 0.0424 307 192 322 217
person 0.0422 470 156 493 213
person 0.0410 391 169 411 198
person 0.0409 69 165 97 191
person 0.0408 111 173 131 237
person 0.0405 160 191 198 211
person 0.0398 347 152 386 203
person 0.0395 121 173 135 211
person 0.0391 293 174 309 211
person 0.0389 118 171 138 228
person 0.0384 386 165 438 206
person 0.0382 481 134 498 178
person 0.0377 355 162 405 192
person 0.0369 456 136 483 194
person 0.0367 77 176 99 204
person 0.0367 130 167 167 239
person 0.0365 130 169 160 202
person 0.0365 155 169 199 197
person 0.0361 170 199 206 213
person 0.0359 370 192 402 216
person 0.0356 474 166 490 206
person 0.0351 63 175 86 194
person 0.0344 474 223 489 249
person 0.0341 111 156 155 265
person 0.0340 32 159 56 191
person 0.0337 94 176 109 205
person 0.0336 398 170 430 202
person 0.0336 344 162 371 208
person 0.0335 202 179 227 213
person 0.0324 299 193 318 234
person 0.0323 455 167 465 196
person 0.0322 483 171 497 216
person 0.0321 457 164 465 180
person 0.0318 110 177 123 209
person 0.0316 66 168 88 187
person 0.0311 130 185 147 235
person 0.0309 282 172 300 214
person 0.0309 283 79 296 106
person 0.0308 351 155 415 228
person 0.0306 284 164 313 217
person 0.0305 124 172 136 196
person 0.0303 358 180 381 208
person 0.0303 334 156 377 214
person 0.0302 137 186 151 230
person 0.0298 303 175 326 217
person 0.0298 214 185 230 211
person 0.0294 297 196 310 229
person 0.0293 276 304 307 373
person 0.0285 302 199 320 222
person 0.0284 60 161 104 221
person 0.0284 456 158 465 175
person 0.0284 142 168 179 196
person 0.0284 58 171 83 188
person 0.0283 134 163 188 203
person 0.0281 143 175 171 191
person 0.0280 375 164 411 182
person 0.0279 114 186 146 257
person 0.0279 38 153 76 199
person 0.0279 475 214 488 241
person 0.0278 456 161 473 212
person 0.0278 384 191 415 211
person 0.0275 465 168 478 207
person 0.0275 104 164 135 248
person 0.0274 421 173 441 206
person 0.0267 274 153 303 213
person 0.0266 274 202 294 245
person 0.0263 293 186 313 225
person 0.0262 371 167 389 187
person 0.0262 0 220 13 301
person 0.0261 199 199 229 213
person 0.0260 459 134 476 173
person 0.0259 185 171 200 192
person 0.0258 269 164 299 245
person 0.0256 114 158 146 223
person 0.0256 275 191 294 222
person 0.0254 115 168 145 200
person 0.0254 166 172 202 190
person 0.0254 130 210 144 251
person 0.0253 87 266 108 295
person 0.0249 43 172 62 201
person 0.0246 180 162 212 213
person 0.0245 276 81 288 107
person 0.0245 140 164 193 235
person 0.0244 79 160 108 198
person 0.0244 301 187 318 211
person 0.0242 484 123 500 200
person 0.0238 354 163 378 188
person 0.0237 147 172 179 188
person 0.0237 15 1 35 27
person 0.0237 341 142 401 213
person 0.0236 197 172 215 206
person 0.0236 124 164 153 195
person 0.0234 451 158 468 203
person 0.0234 377 167 396 188
person 0.0233 111 163 132 206
person 0.0233 178 164 204 200
person 0.0232 223 184 239 212
person 0.0232 305 200 324 239
person 0.0232 161 173 175 190
person 0.0231 209 176 235 214
person 0.0230 136 279 171 335
person 0.0229 490 169 500 217
person 0.0228 364 174 402 234
person 0.0227 54 175 77 194
person 0.0225 112 206 127 247
person 0.0225 179 173 193 190
person 0.0225 316 190 331 217
person 0.0224 105 168 126 208
person 0.0223 198 65 217 107
person 0.0222 473 185 490 220
person 0.0221 145 170 159 190
person 0.0220 379 183 432 207
person 0.0220 274 198 304 260
person 0.0219 9 1 28 28
person 0.0218 189 170 234 213
person 0.0218 86 152 153 296
person 0.0218 145 189 161 223
person 0.0217 296 197 323 261
person 0.0217 458 162 470 176
person 0.0216 179 175 209 194
person 0.0216 77 170 111 216
person 0.0215 459 156 492 227
person 0.0215 330 141 365 206
person 0.0215 16 228 58 290
person 0.0215 120 198 137 241
person 0.0212 474 199 490 228
person 0.0212 40 3 61 27
person 0.0211 155 200 192 214
person 0.0210 50 160 68 185
person 0.0210 41 166 82 192
person 0.0210 55 162 109 189
person 0.0209 394 187 427 204
person 0.0209 30 1 57 27
person 0.0207 189 192 233 213
person 0.0207 469 226 482 250
person 0.0207 449 149 469 186
person 0.0206 273 186 297 213
person 0.0204 154 173 168 190
person 0.0202 48 170 75 190
person 0.0200 453 175 463 207
pottedplant 0.0419 30 261 55 333
pottedplant 0.0332 34 280 51 331
pottedplant 0.0281 274 309 307 374
sofa 0.0206 5 171 500 375
train 0.0318 353 158 459 217
train 0.0309 54 209 372 306
train 0.0296 460 124 496 227
train 0.0296 417 121 497 213
train 0.0274 322 135 459 205
train 0.0259 154 215 482 309
train 0.0205 374 145 494 211
tvmonitor 0.0291 102 0 152 38
tvmonitor 0.0262 27 150 127 241
tvmonitor 0.0238 46 158 113 223
tvmonitor 0.0211 320 132 430 211
tvmonitor 0.0208 144 160 209 212
tvmonitor 0.0206 51 154 111 195
tvmonitor 0.0205 60 150 167 249
tvmonitor 0.0203 219 164 259 216
