aeroplane 0.0237 19 345 95 374
bird 0.7111 214 168 300 217
bird 0.1973 222 211 299 242
bird 0.1425 214 186 300 245
bird 0.1004 216 168 268 203
bird 0.0977 207 168 310 297
bird 0.0971 224 171 299 198
bird 0.0958 0 0 243 375
bird 0.0751 212 124 306 224
bird 0.0737 0 326 23 375
bird 0.0732 0 336 52 375
bird 0.0706 258 230 297 243
bird 0.0687 182 170 295 235
bird 0.0679 242 223 298 241
bird 0.0653 271 228 295 241
bird 0.0634 0 114 167 375
bird 0.0551 244 170 297 188
bird 0.0545 0 318 90 375
bird 0.0516 215 169 250 192
bird 0.0410 163 0 500 375
bird 0.0404 258 173 297 196
bird 0.0403 90 150 222 371
bird 0.0402 0 304 33 374
bird 0.0388 257 218 295 239
bird 0.0372 256 168 300 213
bird 0.0371 1 284 54 375
bird 0.0358 224 184 294 213
bird 0.0351 10 344 38 375
bird 0.0343 7 346 89 374
bird 0.0338 272 221 295 238
bird 0.0333 0 206 23 243
bird 0.0319 224 202 294 226
bird 0.0308 3 221 102 371
bird 0.0302 268 215 296 245
bird 0.0283 228 164 294 184
bird 0.0268 8 357 61 374
bird 0.0256 252 166 293 179
bird 0.0256 241 199 284 213
bird 0.0250 17 173 126 349
bird 0.0246 135 138 206 270
bird 0.0244 15 133 188 275
bird 0.0241 0 202 25 275
bird 0.0238 217 198 293 217
bird 0.0229 9 208 62 275
bird 0.0226 216 168 234 193
bird 0.0225 1 195 40 266
bird 0.0223 219 166 258 182
bird 0.0223 150 149 288 248
bird 0.0221 239 167 285 205
bird 0.0221 265 169 293 182
bird 0.0216 4 138 91 325
bird 0.0215 235 167 375 235
bird 0.0214 2 15 145 295
bird 0.0214 260 200 298 250
bird 0.0207 282 229 300 241
bird 0.0204 237 211 290 230
bird 0.0203 5 320 28 363
bird 0.0202 208 91 318 187
bird 0.0200 73 0 401 117
boat 0.1083 0 224 220 375
boat 0.0835 110 207 214 374
boat 0.0789 1 339 21 375
boat 0.0755 0 338 42 375
boat 0.0640 0 304 210 371
boat 0.0586 157 148 177 203
boat 0.0547 41 114 232 375
boat 0.0522 0 335 91 373
boat 0.0467 0 287 97 374
boat 0.0434 99 288 207 372
boat 0.0418 0 257 141 371
boat 0.0414 141 315 178 375
boat 0.0398 0 0 269 375
boat 0.0395 127 339 185 374
boat 0.0383 133 275 189 374
boat 0.0358 0 319 138 373
boat 0.0358 3 355 54 374
boat 0.0322 47 337 99 375
boat 0.0303 127 357 182 373
boat 0.0293 57 248 161 375
boat 0.0291 160 148 177 180
boat 0.0268 73 335 199 373
boat 0.0260 29 340 136 373
boat 0.0254 41 290 92 375
boat 0.0234 140 348 177 374
boat 0.0233 34 353 113 375
boat 0.0230 148 151 186 208
boat 0.0213 159 165 176 211
boat 0.0210 94 354 187 375
cat 0.0917 0 0 458 375
cow 0.0494 0 0 500 346
dog 0.0846 2 0 439 375
dog 0.0218 204 0 500 354
person 0.0478 0 0 267 375
person 0.0260 54 316 89 375
person 0.0210 217 168 231 186
person 0.0200 11 350 39 375
sheep 0.0756 0 0 486 375
tvmonitor 0.0212 0 14 64 55
