bicycle 0.0642 30 261 332 366
bird 0.0394 28 257 76 273
bird 0.0211 28 243 80 273
bottle 0.0546 147 282 249 362
bottle 0.0532 320 297 446 372
bottle 0.0312 323 303 377 368
bottle 0.0300 202 202 241 250
bottle 0.0298 164 289 223 357
bottle 0.0280 154 304 181 347
bottle 0.0262 220 284 266 364
bottle 0.0240 329 298 401 353
bottle 0.0234 202 256 263 363
bottle 0.0231 195 288 230 355
bottle 0.0229 348 300 381 326
bottle 0.0228 23 231 105 272
bottle 0.0211 140 327 243 361
bottle 0.0208 26 247 86 273
bottle 0.0202 349 297 392 318
bottle 0.0201 335 281 428 343
chair 0.1705 16 162 289 374
chair 0.1094 376 89 500 373
chair 0.1025 7 230 217 373
chair 0.0913 283 101 494 340
chair 0.0701 0 180 132 375
chair 0.0692 416 158 498 365
chair 0.0637 35 267 303 367
chair 0.0637 55 233 470 370
chair 0.0594 242 190 500 365
chair 0.0511 261 234 455 346
chair 0.0483 18 301 241 370
chair 0.0471 379 197 467 351
chair 0.0414 339 223 434 358
chair 0.0380 328 244 487 370
chair 0.0368 283 194 424 323
chair 0.0365 41 255 166 374
chair 0.0335 3 102 106 336
chair 0.0333 288 263 433 363
chair 0.0322 5 255 95 375
chair 0.0312 103 305 325 366
chair 0.0310 105 246 249 358
chair 0.0301 3 191 111 308
chair 0.0300 231 142 449 317
chair 0.0300 305 300 466 369
chair 0.0295 219 248 383 364
chair 0.0289 2 26 105 256
chair 0.0279 353 0 500 278
chair 0.0264 3 30 186 212
chair 0.0251 156 220 271 350
chair 0.0247 171 278 343 357
chair 0.0244 79 240 190 365
chair 0.0241 336 91 490 233
chair 0.0238 419 85 500 286
chair 0.0232 1 230 156 326
chair 0.0231 5 12 87 164
chair 0.0225 198 206 254 332
chair 0.0224 370 123 473 300
chair 0.0220 7 148 147 285
chair 0.0212 0 214 61 375
chair 0.0209 185 307 404 369
diningtable 0.0936 4 202 419 375
diningtable 0.0314 22 293 341 373
diningtable 0.0248 154 293 478 375
person 0.8167 25 43 285 363
person 0.7814 266 105 453 359
person 0.4646 120 80 446 358
person 0.1405 115 139 279 363
person 0.1201 25 209 297 367
person 0.1023 178 181 281 363
person 0.0996 261 135 369 340
person 0.0849 190 110 335 352
person 0.0821 269 169 338 327
person 0.0806 207 231 274 363
person 0.0749 164 216 353 367
person 0.0701 259 202 417 354
person 0.0656 154 38 297 349
person 0.0625 15 37 164 289
person 0.0614 6 121 165 372
person 0.0580 38 41 262 223
person 0.0577 110 251 287 364
person 0.0518 346 102 483 328
person 0.0468 368 194 433 315
person 0.0440 164 243 258 361
person 0.0424 258 96 410 252
person 0.0421 252 237 352 346
person 0.0398 117 42 274 181
person 0.0346 31 44 195 175
person 0.0335 212 186 309 343
person 0.0328 228 74 385 315
person 0.0323 315 98 439 289
person 0.0321 177 60 284 218
person 0.0304 60 57 160 204
person 0.0303 197 261 317 361
person 0.0284 347 148 425 316
person 0.0282 92 47 253 134
person 0.0275 298 148 410 333
person 0.0272 140 277 239 358
person 0.0257 29 71 133 237
person 0.0238 186 201 250 330
person 0.0237 260 97 353 220
person 0.0230 29 148 126 283
person 0.0229 184 114 282 306
person 0.0223 138 45 224 162
person 0.0222 212 106 315 247
person 0.0206 328 228 433 316
person 0.0206 326 101 406 222
person 0.0201 271 116 336 267
pottedplant 0.0205 72 321 259 370
sofa 0.3156 31 67 459 363
sofa 0.2443 235 93 481 367
sofa 0.0571 89 42 500 242
sofa 0.0491 0 35 340 284
sofa 0.0489 145 9 495 123
sofa 0.0436 261 12 464 244
sofa 0.0360 183 52 487 181
sofa 0.0296 34 17 403 136
