aeroplane 0.0564 0 0 498 375
aeroplane 0.0251 211 196 438 357
aeroplane 0.0242 0 0 202 374
aeroplane 0.0219 100 131 500 338
bicycle 0.2893 172 299 373 374
bicycle 0.1430 256 318 406 375
bicycle 0.1392 174 334 325 374
bicycle 0.0619 317 263 459 335
bicycle 0.0576 335 289 448 341
bicycle 0.0571 174 315 271 375
bicycle 0.0511 0 325 83 365
bicycle 0.0503 253 334 353 373
bicycle 0.0425 0 295 82 344
bicycle 0.0412 0 308 111 370
bicycle 0.0341 0 339 55 373
bicycle 0.0322 327 295 413 330
bicycle 0.0308 2 313 68 349
bicycle 0.0307 355 280 443 323
bicycle 0.0292 202 341 388 375
bicycle 0.0291 43 157 62 211
bicycle 0.0271 170 337 239 375
bicycle 0.0259 322 341 416 374
bicycle 0.0217 304 272 402 323
bicycle 0.0200 165 347 284 375
bird 0.2047 466 53 498 102
bird 0.0445 467 51 494 78
bird 0.0377 465 53 487 87
bird 0.0251 470 53 500 145
bird 0.0249 462 79 500 102
bird 0.0232 476 51 499 84
boat 0.0911 182 345 273 374
boat 0.0779 226 116 254 189
boat 0.0526 149 198 453 353
boat 0.0372 32 135 500 360
boat 0.0358 15 203 300 351
boat 0.0354 222 179 262 237
boat 0.0342 164 186 360 243
boat 0.0322 208 348 309 374
boat 0.0294 0 0 410 249
boat 0.0292 43 162 99 246
boat 0.0291 236 128 253 179
boat 0.0290 188 353 251 373
boat 0.0282 15 0 237 354
boat 0.0271 157 188 263 237
boat 0.0263 153 167 319 289
boat 0.0260 197 112 258 241
boat 0.0257 160 130 251 261
boat 0.0254 141 154 393 244
boat 0.0251 76 165 99 218
boat 0.0242 21 164 94 275
boat 0.0238 37 164 74 238
boat 0.0226 232 122 248 172
boat 0.0221 215 203 265 235
boat 0.0219 163 135 308 371
boat 0.0204 214 115 252 211
boat 0.0202 247 204 263 235
bottle 0.0327 251 253 288 338
bottle 0.0214 219 261 255 354
bottle 0.0200 249 357 308 374
car 0.1121 85 240 108 276
car 0.0843 1 229 43 248
car 0.0774 311 268 345 301
car 0.0749 169 282 188 307
car 0.0717 435 227 488 267
car 0.0696 115 226 153 284
car 0.0692 460 255 497 286
car 0.0630 101 228 139 282
car 0.0588 477 253 500 285
car 0.0584 464 228 496 286
car 0.0571 435 230 483 247
car 0.0548 461 232 486 277
car 0.0540 82 231 124 280
car 0.0540 45 229 112 285
car 0.0530 463 228 484 258
car 0.0495 479 235 499 276
car 0.0493 429 257 495 297
car 0.0486 68 234 112 274
car 0.0485 470 229 488 266
car 0.0483 0 253 134 337
car 0.0468 167 276 195 304
car 0.0438 5 226 41 241
car 0.0430 436 243 490 287
car 0.0423 170 279 193 328
car 0.0420 300 228 486 337
car 0.0412 100 239 128 274
car 0.0410 452 237 497 309
car 0.0409 0 236 41 261
car 0.0406 465 250 494 276
car 0.0402 92 241 114 267
car 0.0386 434 231 466 252
car 0.0384 455 253 490 270
car 0.0375 0 228 83 274
car 0.0374 55 229 140 306
car 0.0368 408 232 497 312
car 0.0360 8 230 122 299
car 0.0358 457 208 495 275
car 0.0355 0 349 32 373
car 0.0355 463 243 486 266
car 0.0352 452 257 484 279
car 0.0352 464 272 498 313
car 0.0351 343 318 488 374
car 0.0350 39 264 134 320
car 0.0346 22 226 51 239
car 0.0346 16 226 59 248
car 0.0331 47 236 99 262
car 0.0330 350 210 478 289
car 0.0327 124 226 161 265
car 0.0325 462 270 499 293
car 0.0320 343 344 422 374
car 0.0318 0 343 53 369
car 0.0317 76 241 108 260
car 0.0303 83 223 159 291
car 0.0303 144 222 364 365
car 0.0303 0 239 85 323
car 0.0299 70 276 108 295
car 0.0296 442 237 487 256
car 0.0295 86 244 123 273
car 0.0295 257 234 372 301
car 0.0292 1 230 20 252
car 0.0290 55 236 93 252
car 0.0285 134 231 167 275
car 0.0274 308 265 345 284
car 0.0270 456 297 497 358
car 0.0266 405 222 484 284
car 0.0263 0 339 42 357
car 0.0258 176 349 262 375
car 0.0256 106 240 124 265
car 0.0254 216 352 316 375
car 0.0252 65 280 126 312
car 0.0251 77 269 115 290
car 0.0251 376 357 422 374
car 0.0251 351 236 470 315
car 0.0248 451 248 487 261
car 0.0241 445 255 478 268
car 0.0241 333 303 398 337
car 0.0241 436 232 455 247
car 0.0237 233 236 264 250
car 0.0236 67 245 102 266
car 0.0235 422 289 498 375
car 0.0233 443 242 497 265
car 0.0231 111 225 179 296
car 0.0228 140 230 165 257
car 0.0227 0 0 497 375
car 0.0224 382 352 492 375
car 0.0222 420 341 499 370
car 0.0222 78 236 108 250
car 0.0221 294 269 348 309
car 0.0220 168 270 208 320
car 0.0219 289 216 427 285
car 0.0219 473 284 500 317
car 0.0218 183 232 266 279
car 0.0217 455 228 480 251
car 0.0216 433 251 487 273
car 0.0213 443 267 500 306
car 0.0212 153 209 309 269
car 0.0212 18 223 116 269
car 0.0212 376 205 500 338
car 0.0212 212 232 264 255
car 0.0211 51 230 84 245
car 0.0211 65 264 120 294
car 0.0210 460 347 498 375
car 0.0210 174 283 202 308
car 0.0209 84 238 102 256
car 0.0207 438 317 495 357
car 0.0207 427 233 479 258
car 0.0205 463 292 498 314
car 0.0205 3 226 18 245
car 0.0204 371 293 435 332
car 0.0201 443 226 485 242
car 0.0201 439 283 500 319
car 0.0200 238 233 335 279
chair 0.0508 180 295 341 375
chair 0.0483 312 269 345 300
chair 0.0248 220 260 354 366
chair 0.0225 183 306 268 375
chair 0.0200 175 300 241 363
motorbike 0.7127 0 273 149 369
motorbike 0.4928 360 263 491 358
motorbike 0.4139 271 292 494 367
motorbike 0.4139 313 312 420 375
motorbike 0.4021 202 301 443 375
motorbike 0.3009 169 254 451 370
motorbike 0.2364 335 291 451 370
motorbike 0.2300 303 266 431 365
motorbike 0.2003 424 263 495 350
motorbike 0.1869 176 280 320 375
motorbike 0.1336 0 287 84 364
motorbike 0.1331 47 267 292 372
motorbike 0.1249 453 261 498 340
motorbike 0.1234 67 280 147 367
motorbike 0.1183 329 231 474 375
motorbike 0.1072 98 290 385 375
motorbike 0.1045 460 257 498 304
motorbike 0.0862 122 241 339 367
motorbike 0.0841 458 256 487 292
motorbike 0.0836 47 258 144 347
motorbike 0.0819 250 278 377 375
motorbike 0.0767 395 238 487 342
motorbike 0.0765 13 231 128 355
motorbike 0.0734 352 286 462 342
motorbike 0.0728 466 258 494 288
motorbike 0.0696 362 308 423 360
motorbike 0.0672 0 182 170 355
motorbike 0.0666 349 321 464 366
motorbike 0.0662 398 294 500 357
motorbike 0.0638 476 261 499 292
motorbike 0.0622 260 195 494 356
motorbike 0.0595 336 333 425 374
motorbike 0.0587 448 289 497 360
motorbike 0.0586 440 254 490 304
motorbike 0.0580 328 301 410 345
motorbike 0.0574 19 280 133 338
motorbike 0.0542 62 278 146 324
motorbike 0.0541 369 313 459 353
motorbike 0.0517 0 311 55 366
motorbike 0.0503 0 314 132 367
motorbike 0.0498 422 198 500 363
motorbike 0.0426 56 222 500 375
motorbike 0.0425 52 246 188 363
motorbike 0.0401 1 316 40 351
motorbike 0.0386 0 296 68 342
motorbike 0.0368 0 326 75 358
motorbike 0.0368 306 326 385 375
motorbike 0.0362 162 262 250 373
motorbike 0.0340 438 283 492 336
motorbike 0.0340 0 341 76 370
motorbike 0.0335 364 258 471 318
motorbike 0.0312 386 303 431 348
motorbike 0.0303 0 335 43 367
motorbike 0.0293 363 344 421 375
motorbike 0.0282 434 312 500 354
motorbike 0.0278 68 234 155 317
motorbike 0.0274 401 321 432 350
motorbike 0.0272 412 263 489 311
motorbike 0.0269 385 328 480 359
motorbike 0.0266 438 231 500 333
motorbike 0.0264 56 319 149 366
motorbike 0.0258 324 280 413 319
motorbike 0.0258 361 305 491 375
motorbike 0.0257 469 248 500 326
motorbike 0.0256 85 330 340 375
motorbike 0.0255 464 279 498 319
motorbike 0.0228 466 295 496 322
motorbike 0.0227 385 278 473 328
motorbike 0.0227 160 267 223 344
motorbike 0.0225 0 329 28 354
motorbike 0.0220 400 306 449 350
motorbike 0.0219 92 274 194 351
motorbike 0.0219 34 280 117 320
motorbike 0.0215 457 270 494 293
motorbike 0.0204 2 339 51 356
motorbike 0.0203 99 299 151 368
person 0.6799 244 240 339 369
person 0.5891 187 235 274 365
person 0.5777 386 223 436 335
person 0.5419 10 235 68 356
person 0.4602 349 227 387 311
person 0.4600 36 235 79 350
person 0.4159 222 237 290 369
person 0.4029 181 234 237 355
person 0.3882 378 223 466 354
person 0.3858 0 233 43 352
person 0.3740 362 217 429 351
person 0.3600 24 245 119 361
person 0.3477 184 253 375 375
person 0.3276 121 229 140 287
person 0.2988 337 223 398 357
person 0.2862 382 223 422 303
person 0.2563 189 235 223 295
person 0.2404 33 236 67 305
person 0.2300 179 231 217 331
person 0.2245 223 236 261 328
person 0.2213 321 277 409 370
person 0.2112 138 254 151 290
person 0.2099 296 238 445 365
person 0.1988 127 240 143 288
person 0.1955 357 225 405 329
person 0.1776 133 241 154 289
person 0.1722 43 233 87 310
person 0.1673 144 246 160 286
person 0.1670 232 240 259 290
person 0.1650 268 268 365 372
person 0.1522 30 271 71 354
person 0.1501 161 245 175 284
person 0.1500 199 234 254 326
person 0.1498 182 238 207 298
person 0.1476 398 232 436 303
person 0.1465 11 285 62 363
person 0.1411 153 246 167 284
person 0.1390 87 240 107 275
person 0.1361 126 226 161 286
person 0.1321 114 234 135 284
person 0.1311 201 235 238 289
person 0.1303 50 235 108 328
person 0.1288 0 235 44 287
person 0.1238 214 239 251 296
person 0.1232 410 255 480 347
person 0.1223 168 245 183 286
person 0.1187 55 241 93 293
person 0.1176 48 276 134 363
person 0.1156 405 243 446 334
person 0.1153 18 229 57 323
person 0.1150 174 242 192 292
person 0.1145 245 238 299 343
person 0.1138 235 237 277 324
person 0.1134 0 254 27 347
person 0.1126 287 250 348 346
person 0.1126 185 247 200 290
person 0.1110 4 0 159 369
person 0.1102 116 226 148 298
person 0.1094 459 257 483 289
person 0.1087 319 232 393 314
person 0.1079 374 281 424 354
person 0.1056 205 236 226 275
person 0.1039 437 265 492 343
person 0.1025 32 233 57 284
person 0.1013 242 241 262 282
person 0.1012 72 248 92 284
person 0.1001 44 279 88 355
person 0.0976 2 203 99 356
person 0.0972 7 270 50 345
person 0.0966 221 238 240 272
person 0.0961 75 241 106 288
person 0.0959 167 232 201 297
person 0.0943 62 250 86 286
person 0.0934 1 290 39 350
person 0.0930 139 234 163 284
person 0.0916 0 0 363 375
person 0.0906 224 239 256 275
person 0.0902 57 249 77 287
person 0.0894 164 240 188 293
person 0.0882 337 308 398 370
person 0.0880 347 221 364 252
person 0.0880 41 233 71 284
person 0.0879 387 222 418 268
person 0.0876 297 250 345 306
person 0.0868 312 302 361 370
person 0.0857 106 241 122 273
person 0.0852 62 231 144 355
person 0.0846 33 229 51 257
person 0.0836 84 232 120 291
person 0.0835 26 238 46 272
person 0.0832 188 234 212 276
person 0.0830 58 267 107 340
person 0.0829 249 240 328 312
person 0.0827 459 252 497 314
person 0.0796 63 248 99 313
person 0.0780 0 238 43 261
person 0.0778 370 241 430 315
person 0.0761 0 239 21 273
person 0.0756 404 227 431 276
person 0.0746 400 266 437 346
person 0.0742 347 267 390 343
person 0.0741 210 239 234 278
person 0.0736 193 245 230 318
person 0.0730 73 239 128 319
person 0.0728 407 307 426 348
person 0.0716 164 202 247 333
person 0.0715 97 235 130 285
person 0.0713 145 239 171 288
person 0.0710 451 258 485 311
person 0.0701 157 236 181 286
person 0.0701 207 280 328 375
person 0.0701 408 280 457 354
person 0.0689 306 241 363 311
person 0.0684 397 224 421 259
person 0.0681 250 242 270 279
person 0.0681 189 206 467 361
person 0.0676 19 232 48 254
person 0.0673 224 233 287 299
person 0.0666 64 243 98 280
person 0.0660 10 225 51 277
person 0.0656 409 227 427 262
person 0.0653 351 230 378 290
person 0.0650 294 281 345 372
person 0.0642 22 240 48 290
person 0.0641 1 306 23 345
person 0.0640 2 245 35 309
person 0.0640 13 238 41 273
person 0.0635 95 233 142 312
person 0.0628 244 240 274 290
person 0.0626 463 248 483 280
person 0.0622 168 186 314 367
person 0.0615 0 224 81 307
person 0.0611 246 309 341 375
person 0.0610 468 264 500 330
person 0.0608 250 240 288 307
person 0.0607 332 183 490 365
person 0.0607 361 230 391 291
person 0.0606 22 229 64 273
person 0.0606 329 312 372 372
person 0.0603 307 265 353 330
person 0.0603 408 237 438 287
person 0.0598 383 225 408 261
person 0.0598 311 265 348 302
person 0.0598 55 233 108 281
person 0.0596 16 229 49 245
person 0.0595 371 230 405 300
person 0.0594 174 233 215 287
person 0.0587 11 308 42 350
person 0.0579 76 273 128 340
person 0.0575 366 315 391 344
person 0.0572 36 235 65 265
person 0.0568 95 241 112 271
person 0.0566 346 222 366 275
person 0.0564 37 197 105 305
person 0.0563 171 254 195 304
person 0.0561 135 231 156 274
person 0.0551 277 233 357 319
person 0.0550 127 261 150 290
person 0.0550 351 226 370 259
person 0.0548 468 254 493 285
person 0.0544 385 219 438 278
person 0.0543 365 318 422 375
person 0.0543 141 262 161 288
person 0.0539 206 248 240 317
person 0.0538 35 259 66 328
person 0.0537 118 228 132 270
person 0.0528 421 249 466 319
person 0.0528 46 238 86 277
person 0.0525 477 264 500 300
person 0.0523 7 310 32 345
person 0.0521 26 290 59 347
person 0.0520 232 229 416 342
person 0.0519 378 230 397 258
person 0.0519 189 230 259 288
person 0.0518 194 247 216 290
person 0.0516 415 234 435 270
person 0.0514 457 236 489 290
person 0.0504 147 230 217 359
person 0.0503 28 231 46 250
person 0.0501 53 280 97 329
person 0.0501 0 233 31 255
person 0.0499 407 287 432 342
person 0.0496 37 247 61 292
person 0.0494 355 227 385 269
person 0.0494 465 239 482 270
person 0.0488 228 239 248 268
person 0.0479 407 201 494 337
person 0.0479 30 217 80 294
person 0.0477 49 233 68 261
person 0.0475 384 298 433 362
person 0.0475 361 230 382 260
person 0.0475 169 269 187 301
person 0.0472 122 224 136 253
person 0.0471 165 253 209 351
person 0.0469 0 239 11 275
person 0.0467 183 238 200 271
person 0.0466 408 230 476 316
person 0.0466 234 240 259 266
person 0.0464 436 255 478 304
person 0.0464 207 232 252 272
person 0.0457 361 308 395 357
person 0.0453 27 234 58 252
person 0.0451 203 247 225 290
person 0.0450 468 269 495 306
person 0.0448 72 279 105 323
person 0.0447 0 307 32 362
person 0.0444 369 231 389 259
person 0.0444 271 248 338 300
person 0.0442 459 286 498 354
person 0.0440 348 224 370 242
person 0.0440 361 271 410 345
person 0.0434 447 257 469 289
person 0.0425 135 228 186 298
person 0.0424 359 298 413 361
person 0.0422 38 234 75 254
person 0.0420 58 287 87 339
person 0.0420 44 274 72 335
person 0.0417 285 318 354 373
person 0.0417 106 227 142 279
person 0.0415 0 235 20 311
person 0.0414 284 242 314 305
person 0.0413 187 248 209 284
person 0.0413 42 266 88 323
person 0.0412 5 242 33 281
person 0.0408 202 234 227 258
person 0.0408 376 227 401 271
person 0.0408 459 257 476 279
person 0.0408 216 250 250 340
person 0.0406 342 305 395 345
person 0.0402 211 235 234 257
person 0.0402 168 268 197 329
person 0.0401 392 224 413 250
person 0.0399 17 302 38 340
person 0.0394 290 254 310 293
person 0.0394 178 240 192 272
person 0.0393 37 231 60 248
person 0.0392 204 346 266 374
person 0.0392 250 238 285 272
person 0.0390 258 238 304 293
person 0.0390 431 268 469 340
person 0.0388 218 250 243 290
person 0.0388 399 315 423 350
person 0.0387 117 225 175 311
person 0.0387 64 292 117 366
person 0.0387 109 236 122 263
person 0.0384 36 232 49 245
person 0.0383 179 276 247 375
person 0.0380 179 255 204 311
person 0.0380 427 238 441 265
person 0.0380 52 235 75 268
person 0.0378 342 222 362 242
person 0.0376 141 228 162 265
person 0.0374 34 302 64 352
person 0.0374 170 284 187 330
person 0.0370 119 260 142 290
person 0.0368 224 6 500 375
person 0.0365 240 248 264 306
person 0.0364 220 237 241 255
person 0.0363 74 241 92 268
person 0.0362 356 230 385 247
person 0.0361 221 221 261 272
person 0.0359 455 260 478 299
person 0.0359 371 217 451 306
person 0.0358 41 251 73 314
person 0.0357 77 260 101 291
person 0.0357 45 159 61 195
person 0.0357 468 289 495 325
person 0.0355 98 225 160 335
person 0.0355 72 263 104 304
person 0.0355 214 322 291 373
person 0.0354 350 224 385 252
person 0.0353 400 232 422 272
person 0.0352 367 346 419 374
person 0.0352 315 227 359 290
person 0.0351 186 250 210 319
person 0.0349 160 228 239 301
person 0.0346 333 228 364 303
person 0.0345 394 309 418 343
person 0.0345 21 320 45 352
person 0.0341 386 223 420 244
person 0.0341 0 323 24 357
person 0.0340 212 256 234 294
person 0.0339 397 182 423 216
person 0.0339 215 239 245 261
person 0.0338 419 233 432 255
person 0.0338 368 230 394 246
person 0.0337 353 223 404 264
person 0.0337 195 234 219 265
person 0.0337 70 287 93 326
person 0.0335 450 225 500 344
person 0.0334 423 226 469 282
person 0.0333 343 220 391 277
person 0.0328 376 229 407 247
person 0.0327 86 259 107 291
person 0.0326 190 233 241 265
person 0.0326 0 240 20 258
person 0.0326 64 239 87 266
person 0.0323 437 258 462 288
person 0.0323 35 233 97 265
person 0.0322 330 258 381 324
sofa 0.0314 0 249 107 333
sofa 0.0265 349 233 453 310
train 0.0582 0 0 481 328
train 0.0471 247 221 486 360
train 0.0282 432 220 490 253
train 0.0258 362 336 500 375
train 0.0247 0 339 150 375
train 0.0240 0 198 157 357
train 0.0231 391 219 493 286
train 0.0214 424 197 492 263
