bicycle 0.0787 146 253 500 434
bicycle 0.0341 189 256 254 314
bicycle 0.0218 0 143 76 230
boat 0.1134 2 247 499 422
boat 0.1022 0 356 19 398
boat 0.1000 289 324 353 372
boat 0.0818 0 315 360 414
boat 0.0810 279 291 352 370
boat 0.0699 0 346 157 403
boat 0.0650 0 0 500 418
boat 0.0585 0 357 39 400
boat 0.0585 0 361 78 397
boat 0.0585 114 286 407 381
boat 0.0575 0 283 259 396
boat 0.0570 19 248 125 395
boat 0.0565 0 371 127 404
boat 0.0528 7 198 339 385
boat 0.0475 193 239 356 362
boat 0.0447 3 333 88 399
boat 0.0431 1 337 268 402
boat 0.0420 2 293 37 387
boat 0.0419 4 274 70 401
boat 0.0403 0 309 23 396
boat 0.0366 5 359 48 383
boat 0.0357 3 218 178 400
boat 0.0352 34 317 133 392
boat 0.0347 0 369 24 403
boat 0.0339 251 318 368 377
boat 0.0319 308 331 348 369
boat 0.0314 1 341 54 388
boat 0.0306 0 374 161 430
boat 0.0296 163 300 500 423
boat 0.0287 285 310 317 372
boat 0.0285 0 356 225 422
boat 0.0279 152 329 385 395
boat 0.0274 0 381 39 403
boat 0.0271 1 353 31 384
boat 0.0269 10 365 57 390
boat 0.0260 5 352 61 378
boat 0.0251 258 250 345 374
boat 0.0236 0 379 79 403
boat 0.0231 63 342 134 378
boat 0.0229 0 385 124 461
boat 0.0227 297 310 343 362
boat 0.0224 12 118 313 314
boat 0.0224 10 373 60 398
boat 0.0210 286 317 302 368
boat 0.0210 0 353 14 430
boat 0.0208 6 289 141 434
boat 0.0207 89 13 466 266
boat 0.0203 275 309 295 370
boat 0.0202 1 310 110 381
boat 0.0201 279 299 306 372
boat 0.0200 12 308 52 383
bottle 0.0831 12 254 64 385
bottle 0.0782 150 135 182 210
bottle 0.0747 42 267 72 377
bottle 0.0724 6 276 42 379
bottle 0.0662 19 174 51 259
bottle 0.0511 3 196 48 385
bottle 0.0470 7 293 31 369
bottle 0.0441 46 254 71 336
bottle 0.0428 11 246 45 346
bottle 0.0423 0 160 25 270
bottle 0.0400 0 294 25 395
bottle 0.0397 25 286 59 373
bottle 0.0388 36 246 66 355
bottle 0.0368 10 283 28 332
bottle 0.0356 19 211 56 332
bottle 0.0348 23 277 48 359
bottle 0.0341 47 204 70 242
bottle 0.0340 4 300 22 365
bottle 0.0337 47 216 69 258
bottle 0.0331 11 213 46 307
bottle 0.0319 65 273 82 318
bottle 0.0316 3 185 34 281
bottle 0.0305 0 246 36 401
bottle 0.0302 31 201 50 254
bottle 0.0300 2 214 18 268
bottle 0.0283 2 317 20 385
bottle 0.0281 21 248 48 321
bottle 0.0277 5 284 21 332
bottle 0.0275 7 224 36 326
bottle 0.0275 278 270 294 323
bottle 0.0270 0 208 22 308
bottle 0.0269 55 267 76 339
bottle 0.0269 2 271 24 349
bottle 0.0268 39 186 63 233
bottle 0.0268 16 291 36 343
bottle 0.0268 28 288 45 344
bottle 0.0266 49 283 68 346
bottle 0.0257 42 279 61 329
bottle 0.0255 60 276 74 329
bottle 0.0255 9 257 30 326
bottle 0.0252 21 202 49 275
bottle 0.0250 48 316 68 373
bottle 0.0243 111 48 130 103
bottle 0.0242 8 219 26 263
bottle 0.0237 2 173 21 245
bottle 0.0229 235 252 259 288
bottle 0.0225 18 312 48 375
bottle 0.0225 15 273 36 323
bottle 0.0223 478 95 498 175
bottle 0.0221 271 293 297 372
bottle 0.0219 11 251 26 305
bottle 0.0218 34 279 49 330
bottle 0.0217 41 313 62 369
bottle 0.0214 157 163 178 210
bottle 0.0213 27 268 45 325
bottle 0.0207 36 198 65 255
bottle 0.0204 107 61 124 105
car 0.0724 205 114 253 166
car 0.0539 211 138 247 165
car 0.0209 337 205 402 241
car 0.0203 202 122 246 153
car 0.0200 204 134 263 171
chair 0.3175 379 234 437 294
chair 0.2196 317 231 355 293
chair 0.1365 456 236 493 293
chair 0.1259 4 132 60 267
chair 0.1110 339 263 500 435
chair 0.1107 291 258 333 313
chair 0.1036 298 239 349 301
chair 0.1004 53 243 121 376
chair 0.0899 290 252 349 359
chair 0.0899 24 149 63 241
chair 0.0877 350 231 437 312
chair 0.0875 66 252 114 309
chair 0.0866 457 236 497 349
chair 0.0853 318 211 386 287
chair 0.0850 2 128 98 364
chair 0.0781 291 278 339 329
chair 0.0779 433 234 495 312
chair 0.0767 306 290 339 333
chair 0.0764 47 179 120 295
chair 0.0735 389 245 448 312
chair 0.0735 315 220 362 272
chair 0.0719 312 240 341 295
chair 0.0716 111 130 156 204
chair 0.0713 330 230 418 291
chair 0.0705 1 144 53 361
chair 0.0694 319 235 359 262
chair 0.0675 305 226 364 320
chair 0.0646 387 212 433 281
chair 0.0643 389 228 487 299
chair 0.0623 45 191 111 234
chair 0.0619 403 245 499 401
chair 0.0598 44 246 71 333
chair 0.0577 53 230 122 309
chair 0.0574 465 216 500 293
chair 0.0570 315 246 332 291
chair 0.0569 365 223 412 295
chair 0.0556 12 209 90 392
chair 0.0554 36 176 89 227
chair 0.0548 347 226 384 293
chair 0.0527 38 146 72 223
chair 0.0523 312 248 354 341
chair 0.0521 278 236 341 319
chair 0.0503 452 249 500 435
chair 0.0499 406 238 438 294
chair 0.0498 39 168 109 251
chair 0.0494 304 255 328 295
chair 0.0493 295 286 336 308
chair 0.0485 17 168 58 289
chair 0.0473 351 215 420 277
chair 0.0471 423 233 469 310
chair 0.0464 312 258 333 303
chair 0.0464 312 282 335 317
chair 0.0463 426 253 496 342
chair 0.0461 288 216 358 287
chair 0.0459 365 207 453 290
chair 0.0448 69 265 95 308
chair 0.0447 381 231 500 341
chair 0.0443 308 211 358 256
chair 0.0440 64 260 87 313
chair 0.0439 307 298 347 366
chair 0.0438 328 202 400 260
chair 0.0437 314 234 383 344
chair 0.0437 315 234 335 276
chair 0.0429 415 240 446 314
chair 0.0428 381 238 406 284
chair 0.0427 275 279 386 379
chair 0.0423 318 298 341 335
chair 0.0423 394 236 426 283
chair 0.0414 281 248 330 299
chair 0.0414 40 212 117 343
chair 0.0405 321 206 342 241
chair 0.0404 29 235 71 370
chair 0.0402 40 186 74 243
chair 0.0399 304 275 331 312
chair 0.0399 6 183 43 312
chair 0.0399 50 248 97 328
chair 0.0393 316 228 349 253
chair 0.0387 47 140 100 190
chair 0.0387 291 262 315 305
chair 0.0384 413 288 496 469
chair 0.0382 337 235 365 289
chair 0.0381 345 208 391 274
chair 0.0374 58 204 115 276
chair 0.0373 406 205 429 240
chair 0.0373 30 182 66 254
chair 0.0372 404 279 487 326
chair 0.0370 313 232 341 259
chair 0.0370 267 253 322 313
chair 0.0368 17 138 66 202
chair 0.0364 30 280 132 391
chair 0.0363 321 247 374 309
chair 0.0356 264 249 325 359
chair 0.0352 65 265 107 338
chair 0.0351 254 223 343 344
chair 0.0350 374 353 496 463
chair 0.0347 249 250 290 327
chair 0.0346 101 150 162 222
chair 0.0341 311 219 338 242
chair 0.0339 403 260 488 313
chair 0.0339 290 235 360 272
chair 0.0339 51 254 75 318
chair 0.0336 35 233 66 324
chair 0.0332 48 153 69 194
chair 0.0332 376 233 422 275
chair 0.0330 44 239 70 294
chair 0.0328 296 245 334 285
chair 0.0323 317 210 385 248
chair 0.0322 456 235 490 267
chair 0.0321 443 215 491 289
chair 0.0320 45 172 72 228
chair 0.0318 335 241 401 331
chair 0.0317 387 235 433 263
chair 0.0317 281 256 304 313
chair 0.0315 26 184 72 320
chair 0.0308 466 228 494 273
chair 0.0307 59 147 79 171
chair 0.0307 91 205 187 251
chair 0.0307 338 209 394 241
chair 0.0305 51 242 119 283
chair 0.0300 479 227 500 279
chair 0.0300 234 250 500 471
chair 0.0299 323 217 354 244
chair 0.0299 20 162 48 238
chair 0.0299 53 143 79 188
chair 0.0299 392 205 436 256
chair 0.0298 388 241 416 287
chair 0.0298 435 234 462 290
chair 0.0297 45 223 122 256
chair 0.0296 421 264 471 333
chair 0.0294 323 296 353 333
chair 0.0293 48 196 171 303
chair 0.0293 297 204 348 245
chair 0.0293 271 249 297 324
chair 0.0287 68 270 126 355
chair 0.0287 333 299 349 333
chair 0.0287 0 181 37 396
chair 0.0284 470 242 500 312
chair 0.0283 363 233 390 288
chair 0.0282 48 261 85 369
chair 0.0281 91 205 209 298
chair 0.0280 64 154 171 247
chair 0.0279 45 203 71 253
chair 0.0279 257 209 327 304
chair 0.0279 108 135 179 244
chair 0.0279 421 235 444 289
chair 0.0278 442 235 474 290
chair 0.0278 351 238 375 286
chair 0.0277 310 195 367 246
chair 0.0277 333 233 358 274
chair 0.0276 51 226 165 348
chair 0.0275 304 212 327 240
chair 0.0275 315 273 342 324
chair 0.0274 315 224 334 253
chair 0.0274 321 201 441 278
chair 0.0273 47 195 83 236
chair 0.0272 308 242 326 271
chair 0.0272 377 246 401 297
chair 0.0272 50 147 69 178
chair 0.0272 306 228 331 250
chair 0.0271 462 214 498 255
chair 0.0271 293 233 348 258
chair 0.0271 380 225 456 274
chair 0.0270 254 186 323 268
chair 0.0269 299 253 321 281
chair 0.0268 45 222 70 271
chair 0.0267 345 248 385 317
chair 0.0265 339 206 357 244
chair 0.0264 386 203 426 241
chair 0.0264 317 206 336 236
chair 0.0262 45 138 72 185
chair 0.0260 33 157 97 198
chair 0.0260 35 150 156 340
chair 0.0258 283 257 298 300
chair 0.0257 34 134 84 185
chair 0.0257 379 204 418 263
chair 0.0256 275 226 343 266
chair 0.0256 74 198 162 235
chair 0.0255 286 239 331 269
chair 0.0254 0 154 37 233
chair 0.0252 41 155 64 210
chair 0.0250 360 242 381 287
chair 0.0249 327 207 366 243
chair 0.0248 307 233 326 260
chair 0.0247 409 217 499 279
chair 0.0247 52 195 132 250
chair 0.0246 481 211 500 258
chair 0.0245 379 258 397 291
chair 0.0244 288 256 319 285
chair 0.0244 284 195 339 239
chair 0.0244 0 234 63 376
chair 0.0242 416 250 438 300
chair 0.0241 309 200 339 240
chair 0.0240 269 225 315 294
chair 0.0240 299 222 336 253
chair 0.0239 25 244 55 331
chair 0.0238 321 289 339 318
chair 0.0238 22 144 51 210
chair 0.0238 472 255 500 354
chair 0.0237 136 139 174 211
chair 0.0237 279 253 293 303
chair 0.0236 54 144 94 172
chair 0.0235 298 237 324 256
chair 0.0235 382 269 439 298
chair 0.0234 313 211 350 239
chair 0.0232 259 191 372 277
chair 0.0232 363 298 500 387
chair 0.0228 64 311 127 377
chair 0.0228 79 241 134 305
chair 0.0227 297 245 323 264
chair 0.0227 305 236 337 255
chair 0.0226 367 208 403 277
chair 0.0224 12 219 67 298
chair 0.0223 301 205 332 232
chair 0.0221 309 283 362 332
chair 0.0221 242 202 301 305
chair 0.0219 22 236 96 315
chair 0.0218 113 161 169 205
chair 0.0217 414 212 434 247
chair 0.0216 140 128 189 233
chair 0.0216 293 293 332 345
chair 0.0216 298 214 335 279
chair 0.0215 437 272 500 324
chair 0.0215 452 174 500 299
chair 0.0215 43 200 99 250
chair 0.0214 80 266 110 308
chair 0.0214 338 225 358 259
chair 0.0214 264 234 330 257
chair 0.0213 76 217 156 299
chair 0.0213 303 284 350 313
chair 0.0212 377 231 400 271
chair 0.0211 311 263 347 308
chair 0.0211 114 220 241 309
chair 0.0210 66 179 118 226
chair 0.0207 42 238 92 289
chair 0.0207 298 207 319 237
chair 0.0207 327 245 350 295
chair 0.0207 333 267 412 308
chair 0.0206 283 272 331 353
chair 0.0205 300 222 326 243
chair 0.0205 314 288 346 308
chair 0.0204 431 342 492 465
chair 0.0204 349 206 413 253
chair 0.0204 446 241 464 285
chair 0.0201 54 145 72 165
chair 0.0201 277 248 291 280
chair 0.0200 68 264 111 295
diningtable 0.0740 274 240 346 308
diningtable 0.0661 328 224 429 294
diningtable 0.0639 243 254 361 361
diningtable 0.0607 30 133 231 246
diningtable 0.0550 386 240 494 326
diningtable 0.0546 221 294 385 373
diningtable 0.0531 200 238 336 327
diningtable 0.0528 240 287 462 384
diningtable 0.0523 8 240 399 373
diningtable 0.0516 97 224 252 301
diningtable 0.0503 52 151 157 233
diningtable 0.0486 78 142 254 291
diningtable 0.0467 242 217 343 306
diningtable 0.0462 295 232 412 306
diningtable 0.0452 28 249 120 383
diningtable 0.0448 291 236 371 332
diningtable 0.0435 47 221 263 338
diningtable 0.0422 81 190 340 320
diningtable 0.0410 242 236 441 340
diningtable 0.0408 338 240 447 321
diningtable 0.0389 7 146 225 348
diningtable 0.0366 2 243 77 377
diningtable 0.0362 253 240 338 283
diningtable 0.0354 53 180 228 264
diningtable 0.0352 22 234 197 387
diningtable 0.0345 117 144 368 282
diningtable 0.0340 287 273 378 373
diningtable 0.0339 16 219 107 335
diningtable 0.0335 22 171 170 255
diningtable 0.0318 57 260 500 460
diningtable 0.0317 243 248 316 324
diningtable 0.0317 38 234 128 307
diningtable 0.0315 122 185 295 261
diningtable 0.0295 188 224 399 364
diningtable 0.0293 184 221 310 297
diningtable 0.0289 35 214 205 291
diningtable 0.0288 281 223 500 363
diningtable 0.0286 65 194 168 240
diningtable 0.0284 297 273 427 348
diningtable 0.0277 96 137 184 237
diningtable 0.0269 240 187 341 275
diningtable 0.0264 263 209 384 285
diningtable 0.0256 185 176 327 251
diningtable 0.0250 267 264 355 335
diningtable 0.0248 212 251 297 318
diningtable 0.0234 275 211 458 299
diningtable 0.0226 20 194 130 280
diningtable 0.0220 0 168 103 257
motorbike 0.0204 27 19 411 258
person 0.7824 192 223 246 319
person 0.1178 0 141 23 243
person 0.1122 1 95 58 253
person 0.1006 2 146 21 207
person 0.0950 221 247 253 325
person 0.0896 192 228 225 302
person 0.0796 9 226 65 382
person 0.0763 194 223 238 270
person 0.0745 159 216 256 308
person 0.0714 218 133 241 167
person 0.0669 213 224 244 289
person 0.0635 211 118 247 166
person 0.0623 234 256 255 322
person 0.0591 201 233 303 316
person 0.0560 219 225 242 266
person 0.0545 1 141 23 178
person 0.0544 1 132 31 199
person 0.0530 202 225 241 254
person 0.0530 192 224 223 254
person 0.0523 210 241 244 315
person 0.0491 7 146 42 240
person 0.0487 227 122 249 164
person 0.0483 191 203 269 350
person 0.0460 0 89 27 188
person 0.0457 171 153 246 294
person 0.0455 229 235 258 313
person 0.0420 224 227 252 281
person 0.0419 198 223 234 245
person 0.0418 80 218 259 339
person 0.0416 236 247 256 296
person 0.0394 226 231 248 264
person 0.0394 238 123 255 162
person 0.0385 203 239 260 332
person 0.0379 33 0 500 384
person 0.0369 228 245 249 279
person 0.0354 235 234 255 275
person 0.0337 189 233 215 280
person 0.0334 197 245 233 316
person 0.0333 236 248 278 328
person 0.0327 210 219 255 265
person 0.0323 168 231 336 356
person 0.0322 222 236 242 286
person 0.0321 194 260 217 312
person 0.0315 217 214 262 293
person 0.0311 211 222 245 246
person 0.0310 202 128 229 165
person 0.0295 96 176 187 312
person 0.0285 242 255 259 301
person 0.0285 7 155 28 214
person 0.0284 234 216 277 301
person 0.0283 179 264 254 323
person 0.0281 231 290 249 324
person 0.0281 142 130 265 309
person 0.0271 0 178 50 401
person 0.0260 404 205 421 237
person 0.0253 6 112 44 186
person 0.0249 221 106 258 166
person 0.0244 149 132 185 227
person 0.0242 221 226 251 254
person 0.0241 227 274 251 326
person 0.0241 14 86 52 179
person 0.0240 189 248 214 302
person 0.0236 16 150 37 199
person 0.0235 211 110 237 154
person 0.0235 244 126 260 160
person 0.0220 221 90 237 125
person 0.0219 242 244 260 284
person 0.0213 197 119 215 155
person 0.0211 192 235 255 286
person 0.0204 18 162 37 219
person 0.0203 214 96 234 130
person 0.0203 101 236 121 270
person 0.0203 481 416 498 466
pottedplant 0.5033 246 158 319 230
pottedplant 0.4272 47 149 113 230
pottedplant 0.3430 245 94 328 229
pottedplant 0.2851 65 146 106 208
pottedplant 0.2474 6 60 46 160
pottedplant 0.2418 1 10 50 150
pottedplant 0.2337 14 131 104 237
pottedplant 0.2271 49 186 114 227
pottedplant 0.2209 115 129 155 154
pottedplant 0.2041 5 50 78 234
pottedplant 0.1965 254 188 316 229
pottedplant 0.1811 5 142 71 265
pottedplant 0.1756 152 100 193 131
pottedplant 0.1728 414 282 438 314
pottedplant 0.1675 96 124 149 150
pottedplant 0.1660 69 147 97 188
pottedplant 0.1602 339 286 465 382
pottedplant 0.1589 337 267 498 428
pottedplant 0.1565 1 1 62 89
pottedplant 0.1480 107 135 157 205
pottedplant 0.1454 95 108 130 146
pottedplant 0.1380 23 73 115 221
pottedplant 0.1320 0 0 49 49
pottedplant 0.1318 0 3 97 159
pottedplant 0.1310 27 141 78 231
pottedplant 0.1306 193 108 314 228
pottedplant 0.1242 97 102 151 148
pottedplant 0.1218 14 72 49 126
pottedplant 0.1211 101 118 156 166
pottedplant 0.1170 362 233 441 352
pottedplant 0.1166 37 135 145 222
pottedplant 0.1160 148 98 202 149
pottedplant 0.1104 70 0 140 69
pottedplant 0.1100 159 76 335 245
pottedplant 0.1077 111 119 147 144
pottedplant 0.1073 148 102 189 179
pottedplant 0.1066 339 300 359 340
pottedplant 0.1055 0 76 51 248
pottedplant 0.1054 3 10 133 235
pottedplant 0.1014 395 278 441 316
pottedplant 0.0984 244 164 295 214
pottedplant 0.0974 343 295 419 365
pottedplant 0.0969 366 279 406 325
pottedplant 0.0963 93 131 133 152
pottedplant 0.0959 147 79 190 140
pottedplant 0.0958 28 0 125 132
pottedplant 0.0957 227 130 318 251
pottedplant 0.0951 409 281 445 328
pottedplant 0.0949 74 1 118 47
pottedplant 0.0918 5 51 61 124
pottedplant 0.0910 230 26 349 233
pottedplant 0.0896 88 119 137 155
pottedplant 0.0864 248 78 301 203
pottedplant 0.0860 19 170 52 258
pottedplant 0.0850 339 296 386 345
pottedplant 0.0849 82 154 106 193
pottedplant 0.0842 146 110 275 226
pottedplant 0.0841 11 89 59 196
pottedplant 0.0832 251 133 359 235
pottedplant 0.0827 350 286 444 339
pottedplant 0.0825 69 137 120 187
pottedplant 0.0823 124 124 147 147
pottedplant 0.0822 237 178 300 236
pottedplant 0.0817 64 0 154 131
pottedplant 0.0816 339 301 373 366
pottedplant 0.0815 380 264 445 322
pottedplant 0.0812 380 279 427 314
pottedplant 0.0808 9 133 89 347
pottedplant 0.0806 246 172 278 221
pottedplant 0.0794 330 117 370 154
pottedplant 0.0792 347 317 449 372
pottedplant 0.0759 109 107 144 136
pottedplant 0.0748 98 101 125 132
pottedplant 0.0747 111 112 165 152
pottedplant 0.0745 78 133 184 240
pottedplant 0.0742 313 253 429 364
pottedplant 0.0737 392 238 438 311
pottedplant 0.0731 149 125 184 211
pottedplant 0.0720 0 100 107 288
pottedplant 0.0720 151 97 171 131
pottedplant 0.0716 379 120 420 185
pottedplant 0.0712 6 0 205 169
pottedplant 0.0706 108 115 227 223
pottedplant 0.0704 108 119 131 150
pottedplant 0.0701 71 120 163 203
pottedplant 0.0696 212 158 298 233
pottedplant 0.0696 67 0 116 101
pottedplant 0.0691 339 229 490 356
pottedplant 0.0688 359 280 395 342
pottedplant 0.0682 84 133 157 175
pottedplant 0.0673 82 124 261 263
pottedplant 0.0669 66 63 146 201
pottedplant 0.0665 375 277 397 315
pottedplant 0.0665 0 117 56 346
pottedplant 0.0665 254 123 318 211
pottedplant 0.0663 65 161 105 189
pottedplant 0.0661 330 213 447 300
pottedplant 0.0658 381 284 468 350
pottedplant 0.0652 255 194 280 231
pottedplant 0.0651 369 313 477 392
pottedplant 0.0650 245 154 312 197
pottedplant 0.0648 279 173 316 224
pottedplant 0.0637 18 0 58 35
pottedplant 0.0636 25 151 117 321
pottedplant 0.0633 65 145 90 172
pottedplant 0.0628 67 166 108 227
pottedplant 0.0625 74 101 138 150
pottedplant 0.0625 29 0 108 74
pottedplant 0.0621 467 103 497 202
pottedplant 0.0619 315 131 399 253
pottedplant 0.0616 263 196 290 231
pottedplant 0.0610 77 126 131 167
pottedplant 0.0603 2 95 201 244
pottedplant 0.0602 127 113 146 140
pottedplant 0.0600 321 113 386 163
pottedplant 0.0597 26 79 52 121
pottedplant 0.0594 235 85 459 238
pottedplant 0.0594 26 184 100 236
pottedplant 0.0592 156 83 181 124
pottedplant 0.0592 399 302 458 344
pottedplant 0.0591 10 0 81 46
pottedplant 0.0591 0 0 30 34
pottedplant 0.0591 251 91 290 174
pottedplant 0.0590 71 247 500 442
pottedplant 0.0583 224 97 295 184
pottedplant 0.0582 318 293 393 369
pottedplant 0.0576 99 65 174 197
pottedplant 0.0575 147 115 207 201
pottedplant 0.0573 129 122 155 144
pottedplant 0.0572 383 270 495 372
pottedplant 0.0571 281 108 410 218
pottedplant 0.0570 245 167 278 197
pottedplant 0.0570 367 306 425 380
pottedplant 0.0569 101 99 191 150
pottedplant 0.0568 116 127 159 183
pottedplant 0.0567 299 125 484 265
pottedplant 0.0567 286 192 314 230
pottedplant 0.0563 141 28 193 133
pottedplant 0.0561 148 108 161 139
pottedplant 0.0559 15 68 69 150
pottedplant 0.0556 371 274 422 352
pottedplant 0.0553 93 64 263 205
pottedplant 0.0551 249 176 335 292
pottedplant 0.0548 92 72 146 154
pottedplant 0.0548 236 88 368 194
pottedplant 0.0547 135 129 161 154
pottedplant 0.0546 23 90 47 129
pottedplant 0.0543 104 110 180 177
pottedplant 0.0531 121 91 149 138
pottedplant 0.0529 61 114 153 161
pottedplant 0.0528 106 102 146 126
pottedplant 0.0527 191 149 279 284
pottedplant 0.0526 299 200 500 403
pottedplant 0.0525 339 265 402 352
pottedplant 0.0523 1 132 56 217
pottedplant 0.0521 115 92 186 134
pottedplant 0.0521 35 102 317 239
pottedplant 0.0519 358 312 435 345
pottedplant 0.0519 147 91 161 126
pottedplant 0.0518 417 269 498 429
pottedplant 0.0518 31 169 148 240
pottedplant 0.0518 100 84 153 133
pottedplant 0.0512 303 183 423 268
pottedplant 0.0508 10 150 43 248
pottedplant 0.0507 376 204 467 314
pottedplant 0.0505 227 93 350 299
pottedplant 0.0503 338 300 368 327
pottedplant 0.0501 140 87 219 137
pottedplant 0.0500 0 77 31 173
pottedplant 0.0497 123 92 158 157
pottedplant 0.0495 145 114 214 159
pottedplant 0.0493 53 11 295 192
pottedplant 0.0490 343 316 400 373
pottedplant 0.0488 150 104 237 173
pottedplant 0.0488 145 120 161 151
pottedplant 0.0486 280 139 319 219
pottedplant 0.0486 142 61 181 129
pottedplant 0.0485 343 287 408 332
pottedplant 0.0484 99 173 114 196
pottedplant 0.0483 23 137 174 268
pottedplant 0.0483 375 260 413 317
pottedplant 0.0480 19 15 76 112
pottedplant 0.0480 64 158 88 197
pottedplant 0.0478 127 67 210 205
pottedplant 0.0477 127 101 145 130
pottedplant 0.0476 110 56 149 139
pottedplant 0.0476 149 82 169 123
pottedplant 0.0469 0 3 18 45
pottedplant 0.0466 131 92 297 183
pottedplant 0.0466 97 132 150 159
pottedplant 0.0465 70 142 110 159
pottedplant 0.0462 399 288 430 314
pottedplant 0.0461 249 130 288 201
pottedplant 0.0457 0 86 44 137
pottedplant 0.0457 351 176 481 279
pottedplant 0.0456 52 196 118 245
pottedplant 0.0456 74 6 98 46
pottedplant 0.0454 79 38 190 153
pottedplant 0.0454 318 116 409 182
pottedplant 0.0452 52 0 98 58
pottedplant 0.0449 196 168 332 243
pottedplant 0.0448 345 302 374 339
pottedplant 0.0444 334 107 493 207
pottedplant 0.0444 140 116 153 140
pottedplant 0.0442 271 196 317 224
pottedplant 0.0441 339 1 499 293
pottedplant 0.0441 117 110 153 130
pottedplant 0.0440 149 107 169 143
pottedplant 0.0440 95 9 136 114
pottedplant 0.0436 0 136 22 263
pottedplant 0.0431 202 109 253 165
pottedplant 0.0426 63 139 120 163
pottedplant 0.0425 4 104 140 190
pottedplant 0.0424 49 140 94 208
pottedplant 0.0423 408 310 455 332
pottedplant 0.0421 299 304 427 376
pottedplant 0.0420 242 178 270 210
pottedplant 0.0414 143 80 164 131
pottedplant 0.0414 330 294 369 338
pottedplant 0.0413 126 53 208 141
pottedplant 0.0412 384 293 441 367
pottedplant 0.0410 414 18 498 210
pottedplant 0.0409 82 143 119 214
pottedplant 0.0409 59 103 214 174
pottedplant 0.0408 164 77 185 115
pottedplant 0.0408 409 293 483 398
pottedplant 0.0407 0 0 71 30
pottedplant 0.0405 27 1 70 22
pottedplant 0.0404 106 164 121 198
pottedplant 0.0404 1 3 38 75
pottedplant 0.0403 91 151 118 198
pottedplant 0.0402 146 119 194 148
pottedplant 0.0401 374 286 412 315
pottedplant 0.0401 314 63 397 206
pottedplant 0.0400 329 116 352 152
pottedplant 0.0399 141 101 173 140
pottedplant 0.0399 88 0 157 88
pottedplant 0.0397 335 134 434 267
pottedplant 0.0397 17 168 92 254
pottedplant 0.0397 4 65 42 118
pottedplant 0.0397 83 76 126 147
pottedplant 0.0397 382 314 462 349
pottedplant 0.0396 81 125 126 146
pottedplant 0.0396 402 96 495 270
pottedplant 0.0395 330 336 411 380
pottedplant 0.0395 315 119 333 155
pottedplant 0.0394 397 120 436 181
pottedplant 0.0393 130 55 169 134
pottedplant 0.0392 402 307 457 381
pottedplant 0.0391 87 168 110 206
pottedplant 0.0391 139 105 156 127
pottedplant 0.0391 368 321 440 358
pottedplant 0.0390 246 155 399 267
pottedplant 0.0390 412 125 440 176
pottedplant 0.0390 78 146 111 175
pottedplant 0.0389 240 155 273 213
pottedplant 0.0386 125 95 148 122
pottedplant 0.0385 5 47 138 147
pottedplant 0.0385 123 73 148 125
pottedplant 0.0384 13 29 350 305
pottedplant 0.0381 118 80 296 311
pottedplant 0.0380 409 297 452 322
pottedplant 0.0379 305 237 442 321
pottedplant 0.0379 14 158 228 380
pottedplant 0.0378 376 117 475 186
pottedplant 0.0378 78 152 152 209
pottedplant 0.0377 71 3 106 66
pottedplant 0.0377 84 139 127 158
pottedplant 0.0376 11 85 163 356
pottedplant 0.0376 84 138 126 176
pottedplant 0.0374 323 119 340 155
pottedplant 0.0373 401 288 486 337
pottedplant 0.0370 22 67 60 110
pottedplant 0.0369 128 82 145 119
pottedplant 0.0369 22 130 122 197
pottedplant 0.0369 248 149 291 186
pottedplant 0.0368 146 132 191 153
pottedplant 0.0366 75 0 123 25
pottedplant 0.0366 62 192 102 222
pottedplant 0.0362 132 89 156 139
pottedplant 0.0361 266 162 306 220
pottedplant 0.0357 98 138 128 205
pottedplant 0.0357 246 178 366 241
pottedplant 0.0356 58 0 158 43
pottedplant 0.0356 294 184 317 216
pottedplant 0.0355 75 32 131 147
pottedplant 0.0352 24 6 47 50
pottedplant 0.0348 334 299 350 338
pottedplant 0.0348 360 287 390 320
pottedplant 0.0347 183 102 246 156
pottedplant 0.0346 374 318 424 349
pottedplant 0.0346 100 10 234 135
pottedplant 0.0345 219 149 267 225
pottedplant 0.0345 386 280 436 339
pottedplant 0.0345 250 0 495 205
pottedplant 0.0344 110 51 132 109
pottedplant 0.0344 31 182 68 256
pottedplant 0.0344 159 109 199 139
pottedplant 0.0342 0 77 109 160
pottedplant 0.0341 61 115 112 174
sofa 0.0258 109 212 236 300
train 0.0286 0 267 500 471
tvmonitor 0.0797 301 303 348 367
tvmonitor 0.0775 288 272 350 369
tvmonitor 0.0655 110 139 155 205
tvmonitor 0.0265 92 205 190 252
tvmonitor 0.0265 9 189 52 257
tvmonitor 0.0259 309 304 340 336
tvmonitor 0.0235 308 330 353 370
tvmonitor 0.0221 0 207 40 266
tvmonitor 0.0217 112 166 147 202
