aeroplane 0.9417 111 130 426 209
aeroplane 0.1331 36 94 423 221
aeroplane 0.1307 247 138 426 202
aeroplane 0.1020 115 129 236 202
aeroplane 0.0797 347 141 401 164
aeroplane 0.0751 341 145 430 201
aeroplane 0.0590 124 131 325 191
aeroplane 0.0588 374 143 399 158
aeroplane 0.0512 116 127 196 182
aeroplane 0.0503 354 169 428 200
aeroplane 0.0456 177 136 407 186
aeroplane 0.0362 384 143 402 157
aeroplane 0.0360 310 141 399 167
aeroplane 0.0356 157 128 192 171
aeroplane 0.0306 137 129 269 170
aeroplane 0.0305 254 142 327 166
aeroplane 0.0301 283 143 322 154
aeroplane 0.0269 341 141 381 156
aeroplane 0.0267 128 127 203 160
aeroplane 0.0266 154 128 237 158
aeroplane 0.0262 382 142 399 152
aeroplane 0.0253 259 138 397 172
aeroplane 0.0251 109 165 201 199
aeroplane 0.0245 116 173 166 185
aeroplane 0.0243 332 140 408 186
aeroplane 0.0242 269 141 333 157
aeroplane 0.0241 310 166 429 205
aeroplane 0.0228 68 126 202 192
aeroplane 0.0222 159 130 179 166
aeroplane 0.0222 353 140 377 153
aeroplane 0.0220 370 141 393 153
aeroplane 0.0213 297 143 335 154
aeroplane 0.0211 359 139 386 154
aeroplane 0.0208 350 137 383 149
aeroplane 0.0206 265 143 301 154
aeroplane 0.0205 145 126 180 175
boat 0.0407 0 0 430 188
boat 0.0313 57 44 274 215
bus 0.0395 0 0 476 333
car 0.0393 0 0 471 333
motorbike 0.0347 40 71 305 210
person 0.1136 0 0 212 303
person 0.0790 14 0 500 275
person 0.0526 53 0 248 201
