aeroplane 0.0309 0 0 500 356
bird 0.0208 0 358 49 374
boat 0.0460 252 112 317 127
bottle 0.0280 17 244 37 299
bottle 0.0231 222 308 254 374
bottle 0.0207 211 360 261 374
bottle 0.0205 300 335 319 375
car 0.0217 0 165 448 375
chair 0.1302 198 261 334 372
chair 0.1173 322 240 418 368
chair 0.0871 410 196 499 375
chair 0.0782 327 221 420 265
chair 0.0684 221 291 314 374
chair 0.0673 283 185 428 375
chair 0.0642 310 236 416 284
chair 0.0606 5 200 39 296
chair 0.0572 215 269 281 371
chair 0.0570 356 225 463 371
chair 0.0539 164 250 271 330
chair 0.0537 296 244 394 307
chair 0.0531 133 234 308 375
chair 0.0509 278 214 426 271
chair 0.0509 226 222 375 373
chair 0.0491 103 246 265 306
chair 0.0469 342 202 365 222
chair 0.0448 362 217 418 255
chair 0.0446 7 234 218 375
chair 0.0431 290 256 392 375
chair 0.0419 254 250 321 295
chair 0.0411 208 249 302 329
chair 0.0401 230 253 316 310
chair 0.0391 0 115 46 267
chair 0.0388 4 183 40 256
chair 0.0379 37 188 71 251
chair 0.0363 275 242 386 284
chair 0.0363 251 198 317 223
chair 0.0363 12 195 57 292
chair 0.0362 118 184 149 234
chair 0.0339 34 235 138 354
chair 0.0324 251 239 360 307
chair 0.0322 253 257 319 338
chair 0.0320 293 250 353 296
chair 0.0319 344 197 420 257
chair 0.0319 261 247 342 282
chair 0.0318 296 249 358 331
chair 0.0316 265 247 343 353
chair 0.0303 309 190 413 305
chair 0.0300 30 206 136 288
chair 0.0300 12 227 95 356
chair 0.0298 271 293 328 373
chair 0.0295 201 253 276 306
chair 0.0290 52 313 236 371
chair 0.0286 37 188 106 249
chair 0.0282 173 262 261 375
chair 0.0280 108 273 236 372
chair 0.0279 19 189 55 254
chair 0.0278 83 211 96 235
chair 0.0275 305 292 432 367
chair 0.0273 193 234 346 301
chair 0.0273 310 325 416 368
chair 0.0272 35 164 124 271
chair 0.0271 238 229 406 282
chair 0.0271 0 206 27 307
chair 0.0270 71 150 127 229
chair 0.0270 163 257 264 294
chair 0.0269 118 236 225 291
chair 0.0268 405 296 498 375
chair 0.0268 335 195 363 224
chair 0.0263 215 261 269 331
chair 0.0262 276 257 332 306
chair 0.0258 220 301 267 375
chair 0.0257 342 194 381 222
chair 0.0257 166 211 294 293
chair 0.0252 126 206 261 331
chair 0.0252 165 185 189 228
chair 0.0251 313 211 411 251
chair 0.0251 207 287 252 371
chair 0.0248 60 185 134 242
chair 0.0244 30 233 182 306
chair 0.0241 125 183 174 230
chair 0.0239 18 235 53 304
chair 0.0238 28 194 77 280
chair 0.0236 247 228 331 282
chair 0.0234 237 273 308 320
chair 0.0232 357 226 414 284
chair 0.0228 210 244 320 287
chair 0.0227 107 186 140 237
chair 0.0226 447 249 498 375
chair 0.0226 325 198 411 232
chair 0.0223 16 165 161 344
chair 0.0223 233 292 316 330
chair 0.0220 364 264 421 369
chair 0.0219 137 247 241 282
chair 0.0217 183 249 270 283
chair 0.0215 34 287 152 374
chair 0.0214 145 182 267 269
chair 0.0214 302 234 385 273
chair 0.0212 223 286 291 342
chair 0.0212 288 299 360 366
chair 0.0211 38 340 135 373
chair 0.0211 79 203 99 238
chair 0.0209 32 243 122 299
chair 0.0209 214 329 303 372
chair 0.0208 405 336 493 373
chair 0.0205 184 189 359 259
chair 0.0205 263 283 313 350
chair 0.0204 79 213 90 235
chair 0.0204 253 315 404 373
chair 0.0203 2 302 45 372
chair 0.0202 349 198 370 222
chair 0.0201 369 181 392 223
chair 0.0201 70 243 213 316
chair 0.0201 120 187 139 228
chair 0.0200 29 231 75 293
chair 0.0200 314 187 390 221
dog 0.0238 0 346 39 375
person 0.0954 350 218 418 265
person 0.0530 375 221 419 252
person 0.0475 10 235 37 301
person 0.0417 308 242 400 268
person 0.0367 0 0 417 375
person 0.0356 20 241 35 294
person 0.0323 4 208 34 296
person 0.0297 16 193 40 212
person 0.0291 42 109 60 140
person 0.0275 345 243 407 266
person 0.0272 43 174 255 372
person 0.0265 395 217 420 247
person 0.0264 286 0 500 375
person 0.0262 59 109 75 133
person 0.0252 21 191 38 222
person 0.0249 255 195 318 223
person 0.0248 58 242 225 307
person 0.0234 293 136 429 345
person 0.0229 292 195 313 222
person 0.0227 47 109 65 135
person 0.0225 0 357 43 375
person 0.0222 0 344 22 375
person 0.0206 16 223 38 284
person 0.0206 18 190 40 243
person 0.0204 92 112 104 139
person 0.0204 66 110 81 134
person 0.0200 371 233 416 266
pottedplant 0.0794 311 7 365 51
pottedplant 0.0450 343 198 364 222
pottedplant 0.0431 123 146 139 175
pottedplant 0.0392 319 2 359 30
pottedplant 0.0391 118 121 140 141
pottedplant 0.0385 0 0 24 47
pottedplant 0.0356 121 156 139 187
pottedplant 0.0335 116 139 144 191
pottedplant 0.0324 118 126 142 172
pottedplant 0.0280 323 9 355 46
pottedplant 0.0250 124 154 145 179
pottedplant 0.0228 125 120 143 149
pottedplant 0.0220 123 165 145 190
pottedplant 0.0205 326 0 351 24
pottedplant 0.0202 15 0 59 59
pottedplant 0.0202 12 0 141 58
sofa 0.6492 32 234 265 375
sofa 0.6106 305 225 420 368
sofa 0.1747 191 228 420 370
sofa 0.1541 422 218 497 374
sofa 0.1517 322 217 494 372
sofa 0.1302 124 253 305 370
sofa 0.1033 340 216 419 267
sofa 0.0824 303 231 422 293
sofa 0.0754 55 216 242 330
sofa 0.0544 49 200 413 366
sofa 0.0494 256 204 429 303
sofa 0.0481 103 230 323 321
sofa 0.0481 276 269 397 373
sofa 0.0446 342 228 416 333
sofa 0.0426 218 278 369 367
sofa 0.0384 33 289 214 372
sofa 0.0376 271 187 448 375
sofa 0.0373 347 233 417 280
sofa 0.0304 159 192 387 325
sofa 0.0297 219 211 392 280
sofa 0.0294 261 190 417 261
sofa 0.0286 228 233 390 302
sofa 0.0284 19 173 232 309
sofa 0.0274 79 237 238 299
sofa 0.0272 94 216 259 286
sofa 0.0272 125 210 349 294
sofa 0.0264 35 215 196 283
sofa 0.0257 30 109 316 375
sofa 0.0247 308 252 421 321
sofa 0.0247 319 298 485 373
sofa 0.0242 29 156 133 285
sofa 0.0239 71 182 287 273
sofa 0.0223 367 264 500 366
sofa 0.0212 179 178 358 278
sofa 0.0201 0 67 490 367
tvmonitor 0.5510 71 143 121 193
tvmonitor 0.3381 0 118 42 213
tvmonitor 0.0888 46 131 130 194
tvmonitor 0.0793 93 145 125 189
tvmonitor 0.0743 65 146 130 220
tvmonitor 0.0703 44 139 76 191
tvmonitor 0.0624 2 200 34 269
tvmonitor 0.0608 81 147 113 185
tvmonitor 0.0560 83 138 137 186
tvmonitor 0.0548 9 114 102 194
tvmonitor 0.0521 47 146 70 179
tvmonitor 0.0489 49 140 104 186
tvmonitor 0.0483 11 194 42 257
tvmonitor 0.0480 73 157 109 191
tvmonitor 0.0432 71 150 96 187
tvmonitor 0.0431 0 207 20 268
tvmonitor 0.0401 22 137 116 211
tvmonitor 0.0395 459 4 500 188
tvmonitor 0.0394 7 149 54 209
tvmonitor 0.0371 468 30 498 121
tvmonitor 0.0368 3 159 42 231
tvmonitor 0.0363 32 78 122 191
tvmonitor 0.0358 44 106 58 127
tvmonitor 0.0350 11 116 55 197
tvmonitor 0.0339 76 167 126 194
tvmonitor 0.0324 52 159 116 194
tvmonitor 0.0323 79 146 118 167
tvmonitor 0.0315 1 89 65 206
tvmonitor 0.0305 110 146 133 188
tvmonitor 0.0302 23 143 143 244
tvmonitor 0.0297 462 186 499 250
tvmonitor 0.0294 121 160 140 190
tvmonitor 0.0290 47 161 81 194
tvmonitor 0.0287 47 108 69 124
tvmonitor 0.0286 113 159 129 187
tvmonitor 0.0281 3 125 61 246
tvmonitor 0.0279 74 144 103 172
tvmonitor 0.0273 41 102 75 126
tvmonitor 0.0264 0 141 25 211
tvmonitor 0.0263 0 66 21 229
tvmonitor 0.0263 33 154 86 203
tvmonitor 0.0261 253 253 316 293
tvmonitor 0.0257 115 152 129 177
tvmonitor 0.0254 102 143 122 177
tvmonitor 0.0247 47 59 82 109
tvmonitor 0.0244 1 131 39 177
tvmonitor 0.0244 103 140 141 173
tvmonitor 0.0244 40 109 112 179
tvmonitor 0.0239 56 109 77 123
tvmonitor 0.0236 117 142 145 193
tvmonitor 0.0235 7 212 26 252
tvmonitor 0.0234 35 123 84 177
tvmonitor 0.0233 83 135 188 210
tvmonitor 0.0231 8 12 142 201
tvmonitor 0.0229 0 206 23 235
tvmonitor 0.0227 6 140 81 199
tvmonitor 0.0225 489 25 500 123
tvmonitor 0.0218 58 161 93 193
tvmonitor 0.0215 46 174 74 196
tvmonitor 0.0211 101 160 124 192
tvmonitor 0.0211 18 116 173 196
tvmonitor 0.0210 407 0 500 291
tvmonitor 0.0208 21 208 37 251
tvmonitor 0.0206 481 38 500 111
tvmonitor 0.0205 62 147 86 188
tvmonitor 0.0204 38 98 92 132
tvmonitor 0.0204 434 0 496 146
tvmonitor 0.0203 41 105 62 139
tvmonitor 0.0200 61 73 77 104
