car 0.2540 316 1 372 49
car 0.1215 342 4 374 49
car 0.0630 282 0 374 69
car 0.0603 251 0 279 20
car 0.0486 337 21 367 47
car 0.0473 347 54 374 118
car 0.0470 360 65 374 119
car 0.0449 338 14 373 76
car 0.0385 345 27 374 50
car 0.0376 367 62 375 120
car 0.0364 358 0 375 42
car 0.0358 321 21 371 111
car 0.0326 236 0 282 26
car 0.0319 339 0 362 44
car 0.0282 336 41 374 107
car 0.0267 305 0 348 56
car 0.0256 235 0 363 50
car 0.0255 311 3 359 87
car 0.0235 300 0 356 30
car 0.0229 339 31 366 52
car 0.0215 310 0 342 20
horse 0.0219 69 12 328 477
person 0.1814 190 218 210 289
person 0.0770 190 128 204 162
person 0.0657 250 145 267 191
person 0.0570 196 221 214 274
person 0.0538 256 1 281 19
person 0.0520 190 218 205 263
person 0.0502 195 131 207 158
person 0.0437 265 0 279 32
person 0.0433 270 0 298 76
person 0.0433 185 224 203 290
person 0.0423 185 126 199 162
person 0.0404 180 122 205 158
person 0.0404 271 0 283 39
person 0.0392 194 217 225 290
person 0.0387 270 0 286 64
person 0.0384 174 129 184 156
person 0.0381 263 0 281 57
person 0.0377 244 0 278 23
person 0.0369 179 125 190 157
person 0.0348 201 130 212 162
person 0.0339 248 0 279 59
person 0.0337 266 0 278 17
person 0.0335 268 9 279 64
person 0.0333 268 0 286 20
person 0.0328 205 221 221 269
person 0.0320 176 58 192 88
person 0.0320 246 143 269 217
person 0.0304 171 130 179 157
person 0.0295 314 0 349 55
person 0.0287 259 5 275 46
person 0.0285 228 0 244 47
person 0.0283 264 0 304 33
person 0.0281 302 0 326 18
person 0.0274 261 15 274 61
person 0.0271 273 0 283 16
person 0.0270 332 0 361 47
person 0.0266 198 240 215 292
person 0.0265 187 213 216 268
person 0.0264 252 0 270 19
person 0.0261 270 0 324 25
person 0.0258 312 0 327 21
person 0.0255 155 112 165 154
person 0.0247 243 146 258 188
person 0.0246 250 0 303 18
person 0.0240 189 218 214 246
person 0.0239 275 0 300 50
person 0.0238 256 0 283 36
person 0.0234 241 0 257 27
person 0.0234 258 0 297 50
person 0.0233 241 0 272 41
person 0.0231 233 0 249 44
person 0.0230 178 57 191 78
person 0.0228 205 238 220 286
person 0.0227 278 1 311 76
person 0.0227 187 125 207 179
person 0.0224 206 223 230 283
person 0.0221 151 107 161 156
person 0.0218 176 118 195 161
person 0.0212 273 0 293 24
person 0.0212 163 128 171 158
person 0.0210 266 0 291 12
person 0.0208 237 2 263 53
person 0.0206 252 6 271 46
person 0.0205 305 2 321 31
person 0.0203 220 138 231 164
person 0.0203 308 0 319 16
person 0.0203 299 0 318 22
person 0.0201 171 118 187 161
person 0.0201 253 17 269 60
person 0.0200 177 62 192 111
train 0.8866 87 26 318 331
train 0.0897 193 69 323 333
train 0.0881 104 166 322 326
train 0.0829 50 0 267 500
train 0.0712 97 18 299 187
train 0.0453 66 3 211 312
train 0.0437 295 206 321 295
train 0.0399 122 22 272 131
train 0.0384 272 176 323 331
train 0.0364 192 228 323 319
train 0.0326 97 33 168 193
train 0.0290 155 0 211 25
train 0.0288 108 40 251 268
train 0.0270 131 4 275 89
train 0.0256 91 40 178 288
train 0.0247 144 64 324 224
train 0.0245 229 142 315 324
train 0.0238 237 0 287 22
train 0.0229 105 26 200 147
train 0.0228 167 0 280 47
train 0.0210 178 23 310 128
train 0.0205 194 23 298 252
train 0.0201 80 12 137 171
train 0.0200 304 212 319 267
tvmonitor 0.0287 352 59 372 110
