bicycle 0.0637 15 254 315 370
bicycle 0.0268 264 244 500 371
bird 0.0764 25 305 274 370
bird 0.0388 121 302 321 372
bottle 0.0745 24 335 117 373
bottle 0.0716 35 345 101 375
bottle 0.0660 19 296 139 372
bottle 0.0634 35 221 129 368
bottle 0.0598 4 318 94 375
bottle 0.0580 42 358 98 374
bottle 0.0448 34 307 84 372
bottle 0.0404 16 301 282 374
bottle 0.0380 18 328 185 375
bottle 0.0341 13 255 106 375
bottle 0.0340 78 337 188 373
bottle 0.0298 83 321 308 372
bottle 0.0286 66 294 198 372
bottle 0.0281 46 323 96 375
bottle 0.0278 38 345 63 375
bottle 0.0276 68 348 94 375
bottle 0.0268 56 304 111 372
bottle 0.0255 63 322 143 372
bottle 0.0250 0 332 60 375
bottle 0.0248 33 338 55 374
bottle 0.0229 69 359 123 374
bottle 0.0229 25 356 68 375
bottle 0.0227 159 333 186 375
bottle 0.0225 41 334 80 375
bottle 0.0223 78 342 100 372
bottle 0.0222 114 339 241 373
bottle 0.0213 46 356 147 375
bottle 0.0207 180 298 310 374
bottle 0.0207 170 339 296 372
bottle 0.0204 83 304 130 371
car 0.0235 0 325 22 366
chair 0.0354 0 334 42 375
chair 0.0266 178 303 341 372
chair 0.0265 0 343 26 375
chair 0.0265 238 302 425 370
chair 0.0260 0 355 42 375
chair 0.0254 292 340 405 372
chair 0.0210 442 303 472 374
diningtable 0.0309 200 205 498 375
diningtable 0.0243 4 296 307 375
person 0.9137 36 94 304 370
person 0.8924 264 44 496 375
person 0.7610 77 58 447 375
person 0.1093 171 64 362 368
person 0.0776 395 64 500 372
person 0.0497 21 233 311 374
person 0.0492 414 49 496 217
person 0.0476 28 97 155 373
person 0.0453 206 127 321 370
person 0.0437 418 172 496 375
person 0.0435 448 241 500 375
person 0.0383 26 261 169 373
person 0.0362 456 295 498 375
person 0.0361 218 218 308 375
person 0.0353 65 99 154 252
person 0.0347 269 292 308 372
person 0.0345 62 90 275 260
person 0.0333 434 65 491 133
person 0.0317 65 98 202 344
person 0.0295 241 269 307 372
person 0.0290 441 307 488 375
person 0.0287 78 94 255 179
person 0.0284 452 73 498 148
person 0.0271 81 110 123 190
person 0.0269 0 1 22 44
person 0.0264 302 194 500 374
person 0.0264 57 322 241 373
person 0.0261 403 57 488 121
person 0.0256 190 306 312 375
person 0.0248 335 45 493 169
person 0.0245 249 267 419 373
person 0.0245 459 343 499 375
person 0.0237 254 159 423 375
person 0.0233 40 112 127 284
person 0.0233 77 92 191 215
person 0.0232 415 283 500 374
person 0.0224 275 279 303 350
person 0.0222 131 110 276 356
person 0.0220 247 223 336 373
person 0.0219 394 87 478 280
person 0.0216 120 269 316 374
person 0.0213 259 55 353 208
person 0.0208 403 53 453 113
person 0.0208 456 93 498 179
person 0.0206 458 44 498 115
person 0.0205 261 40 434 264
person 0.0205 413 338 496 373
train 0.0407 260 44 500 179
train 0.0277 55 89 279 222
train 0.0216 259 74 500 272
