bicycle 0.0719 189 242 294 495
bicycle 0.0560 126 278 273 495
bicycle 0.0539 203 295 264 498
bicycle 0.0510 5 267 298 500
bicycle 0.0313 221 197 330 500
bicycle 0.0285 159 327 327 497
bicycle 0.0204 279 0 330 153
boat 0.0425 0 305 96 499
boat 0.0406 14 8 275 190
boat 0.0332 0 398 106 496
boat 0.0252 242 424 332 496
boat 0.0233 93 9 301 135
boat 0.0207 134 137 190 188
boat 0.0200 318 118 332 156
boat 0.0200 0 333 174 495
bottle 0.0777 1 176 69 500
bottle 0.0525 142 139 186 183
bottle 0.0338 154 141 181 175
bottle 0.0268 40 286 99 495
bottle 0.0245 144 139 177 167
bottle 0.0231 0 0 92 500
bottle 0.0229 103 0 323 114
bottle 0.0224 161 147 185 181
bottle 0.0212 104 6 256 83
car 0.0903 4 0 46 162
car 0.0788 0 102 14 161
car 0.0574 2 2 31 115
car 0.0545 271 0 329 115
car 0.0535 0 326 56 495
car 0.0528 131 1 317 162
car 0.0526 225 0 315 82
car 0.0523 305 454 332 494
car 0.0504 6 0 45 79
car 0.0488 5 0 70 115
car 0.0487 3 0 109 200
car 0.0456 0 0 34 41
car 0.0451 0 450 57 498
car 0.0418 8 0 66 46
car 0.0406 0 436 15 496
car 0.0403 0 105 22 176
car 0.0384 8 5 215 186
car 0.0377 220 2 326 144
car 0.0342 0 425 29 499
car 0.0334 0 0 26 24
car 0.0314 282 0 326 57
car 0.0302 0 417 87 497
car 0.0298 0 127 16 179
car 0.0297 0 415 14 477
car 0.0292 266 451 331 498
car 0.0291 308 413 332 492
car 0.0291 319 119 331 160
car 0.0286 0 0 25 180
car 0.0283 11 1 122 111
car 0.0270 221 401 329 496
car 0.0267 302 473 332 500
car 0.0259 0 395 19 492
car 0.0252 1 52 49 262
car 0.0243 307 5 331 113
car 0.0242 292 0 332 34
car 0.0240 0 74 37 166
car 0.0233 0 0 24 80
car 0.0230 315 432 332 484
car 0.0228 0 393 48 500
car 0.0223 0 121 22 154
car 0.0208 0 474 31 500
car 0.0206 0 81 13 144
chair 0.0209 205 310 258 496
motorbike 0.6195 3 0 328 495
motorbike 0.1162 143 48 323 500
motorbike 0.0391 190 222 332 500
motorbike 0.0232 64 172 306 500
person 0.1535 197 2 332 496
person 0.1493 57 0 301 470
person 0.1449 82 317 100 381
person 0.1116 0 10 122 500
person 0.1055 0 112 71 500
person 0.0970 231 2 326 303
person 0.0943 4 0 48 165
person 0.0860 89 314 112 377
person 0.0847 7 0 92 267
person 0.0782 233 0 320 162
person 0.0622 269 0 328 196
person 0.0596 9 0 41 103
person 0.0577 158 0 315 190
person 0.0547 242 0 316 95
person 0.0534 0 460 15 500
person 0.0480 287 0 326 116
person 0.0459 12 0 82 154
person 0.0454 83 307 112 417
person 0.0451 0 475 32 500
person 0.0426 275 1 314 86
person 0.0395 11 0 189 209
person 0.0388 280 0 331 27
person 0.0381 0 459 44 500
person 0.0374 0 293 55 498
person 0.0372 0 0 36 41
person 0.0368 9 0 61 29
person 0.0365 261 0 314 26
person 0.0360 254 0 315 46
person 0.0356 304 0 331 137
person 0.0356 12 0 56 75
person 0.0350 15 0 44 37
person 0.0350 2 7 29 151
person 0.0341 11 0 80 45
person 0.0340 4 234 112 500
person 0.0330 240 122 328 491
person 0.0328 265 3 311 132
person 0.0323 84 318 97 356
person 0.0321 79 304 117 482
person 0.0315 95 316 110 363
person 0.0313 5 55 58 321
person 0.0306 16 0 32 32
person 0.0304 174 178 270 495
person 0.0301 152 3 310 92
person 0.0291 83 344 96 393
person 0.0278 84 309 105 363
person 0.0264 50 278 129 499
person 0.0256 77 296 107 391
person 0.0251 9 1 98 78
person 0.0251 36 0 128 233
person 0.0250 83 298 143 493
person 0.0247 13 0 33 52
person 0.0243 279 0 306 24
person 0.0242 207 259 266 471
person 0.0235 96 257 270 495
person 0.0233 4 0 31 79
person 0.0232 18 36 47 153
person 0.0232 302 0 331 67
person 0.0231 97 326 112 378
person 0.0230 271 71 332 306
person 0.0227 2 417 43 500
person 0.0227 124 1 319 319
person 0.0218 297 0 324 25
person 0.0217 10 62 40 168
person 0.0213 288 0 316 38
person 0.0213 0 439 24 500
person 0.0210 283 0 310 53
person 0.0209 21 2 157 101
person 0.0204 281 38 310 152
person 0.0200 5 55 45 218
person 0.0200 37 313 102 500
pottedplant 0.0203 12 19 55 147
train 0.1802 2 0 332 334
train 0.0366 0 10 262 222
tvmonitor 0.0248 8 19 44 113
tvmonitor 0.0209 70 1 332 111
tvmonitor 0.0207 0 9 23 114
