bus 0.0412 0 0 478 378
cow 0.8521 207 104 318 313
cow 0.8259 313 119 416 257
cow 0.5460 452 130 497 260
cow 0.1664 243 115 401 291
cow 0.1424 413 130 492 260
cow 0.1090 251 155 313 309
cow 0.0864 463 174 495 260
cow 0.0764 427 160 473 256
cow 0.0731 326 146 389 261
cow 0.0731 350 124 456 266
cow 0.0686 204 151 265 286
cow 0.0653 411 171 459 257
cow 0.0633 457 129 496 204
cow 0.0620 361 128 420 244
cow 0.0475 435 176 462 243
cow 0.0457 155 180 197 234
cow 0.0423 444 169 486 260
cow 0.0402 347 151 408 263
cow 0.0364 223 161 292 290
cow 0.0363 131 73 303 325
cow 0.0361 395 181 434 257
cow 0.0360 313 147 365 257
cow 0.0349 416 178 452 236
cow 0.0339 273 154 324 288
cow 0.0331 173 112 268 300
cow 0.0319 380 163 452 263
cow 0.0311 462 195 484 257
cow 0.0302 457 130 492 163
cow 0.0293 156 169 298 310
cow 0.0287 245 105 318 262
cow 0.0286 206 186 247 272
cow 0.0285 348 123 422 194
cow 0.0275 291 138 386 281
cow 0.0266 296 126 353 262
cow 0.0264 181 154 346 341
cow 0.0261 130 144 212 265
cow 0.0261 283 117 325 238
cow 0.0261 344 177 387 262
cow 0.0257 291 108 431 328
cow 0.0256 377 180 416 260
cow 0.0252 460 131 496 150
cow 0.0248 451 203 500 262
cow 0.0248 441 183 470 253
cow 0.0242 302 167 338 252
cow 0.0234 288 174 319 261
cow 0.0221 267 186 310 296
cow 0.0213 103 168 231 288
cow 0.0209 195 100 298 229
cow 0.0208 441 197 457 238
cow 0.0207 205 223 329 331
cow 0.0204 458 115 500 345
cow 0.0202 315 186 437 261
cow 0.0200 430 188 453 240
horse 0.1240 186 110 304 329
horse 0.0526 0 0 500 378
horse 0.0434 83 124 285 322
person 0.1231 0 0 173 378
person 0.0813 0 0 493 352
person 0.0394 463 189 493 264
person 0.0302 464 211 482 256
pottedplant 0.0752 285 116 318 137
pottedplant 0.0577 144 178 184 234
pottedplant 0.0397 208 102 302 257
pottedplant 0.0388 206 209 241 272
pottedplant 0.0382 209 118 239 146
pottedplant 0.0370 156 183 197 238
pottedplant 0.0357 235 103 286 141
pottedplant 0.0333 313 178 347 250
pottedplant 0.0317 206 213 224 248
pottedplant 0.0313 283 110 320 164
pottedplant 0.0289 130 170 173 229
pottedplant 0.0270 237 103 281 124
pottedplant 0.0269 154 187 177 231
pottedplant 0.0267 126 163 214 284
pottedplant 0.0260 83 178 203 269
pottedplant 0.0259 399 130 422 157
pottedplant 0.0259 167 189 185 233
pottedplant 0.0245 243 104 318 244
pottedplant 0.0242 203 213 216 243
pottedplant 0.0238 202 171 261 310
pottedplant 0.0237 204 104 285 164
pottedplant 0.0236 344 189 381 259
pottedplant 0.0235 169 196 195 234
pottedplant 0.0220 104 147 182 259
pottedplant 0.0220 409 134 423 163
pottedplant 0.0218 209 215 232 256
pottedplant 0.0218 99 186 241 305
pottedplant 0.0213 206 108 248 165
pottedplant 0.0210 321 176 330 199
pottedplant 0.0205 454 88 500 233
pottedplant 0.0200 321 173 340 211
