aeroplane 0.0949 381 254 499 331
aeroplane 0.0878 347 177 496 351
aeroplane 0.0608 0 0 500 334
aeroplane 0.0539 82 87 110 100
aeroplane 0.0356 411 267 500 314
aeroplane 0.0345 408 257 500 295
aeroplane 0.0323 376 236 500 302
aeroplane 0.0286 413 246 500 282
aeroplane 0.0274 83 88 111 110
aeroplane 0.0250 448 254 500 309
aeroplane 0.0207 416 201 499 318
aeroplane 0.0201 50 0 489 105
bicycle 0.0890 291 0 500 109
bird 0.8439 97 188 295 312
bird 0.3669 313 303 392 354
bird 0.3264 94 193 132 212
bird 0.2577 324 255 496 351
bird 0.1977 304 272 438 355
bird 0.1199 336 125 493 353
bird 0.1142 96 181 450 324
bird 0.1124 457 273 500 334
bird 0.1087 392 260 498 336
bird 0.1072 291 0 500 105
bird 0.0941 94 195 149 218
bird 0.0794 123 186 294 240
bird 0.0763 236 188 294 226
bird 0.0683 54 81 500 332
bird 0.0679 249 223 500 348
bird 0.0660 94 245 271 318
bird 0.0646 176 187 294 226
bird 0.0568 86 121 320 337
bird 0.0534 301 2 490 319
bird 0.0531 215 354 254 368
bird 0.0526 470 274 495 309
bird 0.0506 212 187 297 297
bird 0.0439 479 274 499 319
bird 0.0419 199 271 474 362
bird 0.0409 316 298 500 359
bird 0.0405 433 268 498 361
bird 0.0392 91 180 141 212
bird 0.0387 358 251 500 311
bird 0.0385 422 275 500 324
bird 0.0373 94 195 237 234
bird 0.0351 95 192 206 220
bird 0.0347 464 275 498 296
bird 0.0341 271 298 419 361
bird 0.0340 209 353 274 372
bird 0.0338 92 189 140 232
bird 0.0338 449 268 500 309
bird 0.0334 451 280 482 329
bird 0.0328 286 1 401 95
bird 0.0314 143 190 256 221
bird 0.0312 315 306 369 342
bird 0.0301 111 190 129 209
bird 0.0297 301 230 447 333
bird 0.0292 91 198 124 214
bird 0.0290 146 254 392 335
bird 0.0289 94 193 255 269
bird 0.0279 350 283 492 328
bird 0.0273 258 199 293 224
bird 0.0266 156 197 391 297
bird 0.0266 94 197 187 254
bird 0.0265 351 309 388 352
bird 0.0265 101 190 137 207
bird 0.0264 90 119 212 281
bird 0.0260 462 275 487 307
bird 0.0255 175 208 311 313
bird 0.0247 39 147 266 304
bird 0.0245 53 0 495 111
bird 0.0236 0 78 8 115
bird 0.0231 454 290 498 372
bird 0.0231 370 192 500 375
bird 0.0227 402 156 499 321
bird 0.0224 96 199 189 305
bird 0.0223 264 249 413 375
bird 0.0223 253 191 415 318
bird 0.0222 0 78 18 112
bird 0.0222 109 196 150 209
bird 0.0219 93 199 180 227
bird 0.0218 218 351 253 363
bird 0.0216 470 284 495 328
bird 0.0215 91 191 108 213
bird 0.0213 310 274 381 348
bird 0.0205 338 290 411 341
bird 0.0205 98 184 133 201
bird 0.0200 324 332 391 353
bird 0.0200 334 304 378 348
boat 0.0719 291 0 500 111
boat 0.0404 0 2 500 337
chair 0.0543 418 0 498 111
chair 0.0275 454 23 500 108
chair 0.0234 434 41 492 111
chair 0.0229 327 0 499 218
chair 0.0215 373 41 500 110
person 0.0706 232 188 293 225
person 0.0322 0 0 472 347
person 0.0306 237 2 500 375
person 0.0274 262 193 292 223
person 0.0235 348 42 500 362
pottedplant 0.1007 289 0 500 109
pottedplant 0.0398 412 0 500 111
pottedplant 0.0262 306 0 500 337
