bicycle 0.8498 36 37 483 325
bicycle 0.1235 46 14 259 291
bicycle 0.1160 32 26 192 236
bicycle 0.0854 25 87 132 258
bicycle 0.0577 26 122 92 255
bicycle 0.0517 312 39 488 303
bicycle 0.0495 51 30 207 143
bicycle 0.0409 17 123 147 321
bicycle 0.0362 31 13 137 174
bicycle 0.0344 405 135 500 318
bicycle 0.0293 133 214 500 324
bicycle 0.0223 454 0 500 10
bicycle 0.0214 34 138 272 333
bottle 0.1963 275 155 296 194
bottle 0.1870 253 169 289 215
bottle 0.1693 282 152 299 182
bottle 0.1667 217 185 231 217
bottle 0.1606 259 159 296 205
bottle 0.1528 212 216 263 259
bottle 0.1208 220 193 232 215
bottle 0.1190 253 173 274 206
bottle 0.1162 214 196 232 231
bottle 0.1030 287 156 299 171
bottle 0.0981 215 165 232 217
bottle 0.0972 208 209 245 265
bottle 0.0964 240 210 254 227
bottle 0.0943 209 199 235 245
bottle 0.0902 267 214 288 268
bottle 0.0891 251 188 271 223
bottle 0.0888 233 207 244 220
bottle 0.0881 250 202 261 222
bottle 0.0833 234 203 242 217
bottle 0.0830 232 210 247 227
bottle 0.0828 220 217 256 246
bottle 0.0827 243 203 252 218
bottle 0.0813 202 156 229 221
bottle 0.0796 236 212 255 234
bottle 0.0788 251 193 261 217
bottle 0.0741 257 166 281 201
bottle 0.0735 228 212 250 236
bottle 0.0702 225 167 250 224
bottle 0.0692 277 218 290 265
bottle 0.0678 252 177 263 207
bottle 0.0653 233 172 260 230
bottle 0.0644 209 215 233 258
bottle 0.0630 288 153 309 181
bottle 0.0629 213 212 248 240
bottle 0.0626 282 159 294 173
bottle 0.0613 277 157 318 200
bottle 0.0594 260 215 282 251
bottle 0.0578 235 199 256 227
bottle 0.0572 233 194 241 212
bottle 0.0555 253 181 284 231
bottle 0.0549 250 203 273 225
bottle 0.0549 247 209 262 231
bottle 0.0545 272 166 294 203
bottle 0.0543 253 211 284 230
bottle 0.0536 207 204 277 276
bottle 0.0536 245 195 252 213
bottle 0.0525 295 154 318 183
bottle 0.0512 226 190 246 222
bottle 0.0509 254 197 288 256
bottle 0.0504 247 170 273 226
bottle 0.0490 217 202 241 225
bottle 0.0490 294 156 305 170
bottle 0.0485 216 223 242 260
bottle 0.0478 222 190 254 239
bottle 0.0474 228 215 283 260
bottle 0.0474 295 161 319 199
bottle 0.0453 238 181 255 220
bottle 0.0444 193 142 224 219
bottle 0.0438 246 191 265 226
bottle 0.0430 263 214 288 240
bottle 0.0427 207 168 239 247
bottle 0.0426 198 198 233 261
bottle 0.0416 228 201 261 245
bottle 0.0413 232 201 244 214
bottle 0.0407 209 186 225 220
bottle 0.0398 246 187 253 208
bottle 0.0396 249 175 266 217
bottle 0.0396 243 200 254 214
bottle 0.0395 203 183 230 216
bottle 0.0378 158 91 226 237
bottle 0.0377 250 209 274 239
bottle 0.0374 230 219 267 244
bottle 0.0374 292 158 298 169
bottle 0.0365 205 206 231 235
bottle 0.0355 238 208 286 246
bottle 0.0346 242 183 282 255
bottle 0.0338 243 212 263 240
bottle 0.0337 276 147 305 188
bottle 0.0335 282 155 298 168
bottle 0.0334 251 221 273 255
bottle 0.0324 293 145 329 205
bottle 0.0323 290 170 313 203
bottle 0.0317 247 218 278 244
bottle 0.0314 197 165 264 280
bottle 0.0311 220 194 271 228
bottle 0.0307 191 127 210 168
bottle 0.0302 236 206 270 234
bottle 0.0301 200 178 216 223
bottle 0.0298 304 162 325 200
bottle 0.0295 236 226 268 270
bottle 0.0294 209 191 236 221
bottle 0.0293 212 229 233 273
bottle 0.0292 272 157 288 179
bottle 0.0289 303 152 325 185
bottle 0.0289 185 107 216 176
bottle 0.0289 227 206 254 222
bottle 0.0288 221 177 289 271
bottle 0.0286 178 153 218 227
bottle 0.0280 208 165 226 213
bottle 0.0279 267 194 286 228
bottle 0.0278 263 224 280 267
bottle 0.0277 230 213 262 229
bottle 0.0275 298 152 304 166
bottle 0.0273 301 152 314 172
bottle 0.0270 198 165 224 240
bottle 0.0269 243 206 268 221
bottle 0.0267 314 161 332 200
bottle 0.0265 211 208 276 238
bottle 0.0265 205 219 232 289
bottle 0.0262 247 159 297 257
bottle 0.0259 25 123 57 180
bottle 0.0259 216 184 259 222
bottle 0.0256 193 151 235 251
bottle 0.0250 147 138 211 238
bottle 0.0249 182 131 201 166
bottle 0.0248 261 162 278 188
bottle 0.0247 277 173 304 202
bottle 0.0244 239 212 270 226
bottle 0.0243 224 172 271 219
bottle 0.0234 134 182 215 309
bottle 0.0232 231 222 259 258
bottle 0.0231 173 208 216 278
bottle 0.0230 174 134 196 164
bottle 0.0230 230 203 250 216
bottle 0.0230 192 117 219 196
bottle 0.0229 250 229 270 267
bottle 0.0228 265 153 297 181
bottle 0.0228 279 211 292 241
bottle 0.0224 195 165 215 213
bottle 0.0223 307 138 337 206
bottle 0.0223 315 147 333 185
bottle 0.0223 286 140 315 187
bottle 0.0216 177 176 216 251
bottle 0.0216 265 164 308 194
bottle 0.0213 25 129 45 171
bottle 0.0210 275 153 301 171
bottle 0.0208 269 152 321 184
bottle 0.0207 255 120 295 213
bottle 0.0207 162 163 202 225
bottle 0.0203 190 160 210 204
bottle 0.0203 281 162 316 182
bottle 0.0200 197 128 215 174
car 0.0486 57 31 208 128
car 0.0468 128 41 220 72
car 0.0377 97 38 223 100
car 0.0208 57 0 152 111
car 0.0202 111 22 218 65
chair 0.1216 31 30 184 290
chair 0.0740 28 128 126 259
chair 0.0480 20 74 89 238
chair 0.0450 348 45 445 168
chair 0.0418 32 45 120 205
chair 0.0411 61 30 204 133
chair 0.0394 11 12 115 275
chair 0.0386 360 44 487 222
chair 0.0379 44 144 156 282
chair 0.0372 364 129 498 325
chair 0.0362 405 34 498 177
chair 0.0362 53 75 154 222
chair 0.0357 368 37 477 142
chair 0.0350 52 2 229 230
chair 0.0345 22 152 201 317
chair 0.0338 45 108 202 242
chair 0.0294 17 156 99 307
chair 0.0279 410 85 499 262
chair 0.0273 134 40 222 145
chair 0.0263 349 25 491 98
chair 0.0254 31 137 78 224
chair 0.0243 461 40 499 115
chair 0.0235 13 206 143 317
chair 0.0233 32 177 81 253
chair 0.0232 68 165 204 272
chair 0.0228 32 119 179 198
chair 0.0221 407 0 500 101
chair 0.0216 83 69 188 216
diningtable 0.0399 50 200 500 307
diningtable 0.0264 56 170 357 288
diningtable 0.0243 20 204 284 321
diningtable 0.0242 261 157 311 192
diningtable 0.0211 70 226 360 310
person 0.0570 103 23 119 53
person 0.0514 351 47 432 146
person 0.0511 26 113 89 243
person 0.0400 23 68 84 201
person 0.0354 405 46 432 98
person 0.0323 348 48 422 104
person 0.0303 24 121 59 199
person 0.0301 375 45 436 119
person 0.0297 29 112 76 186
person 0.0278 73 159 90 205
person 0.0278 59 154 91 215
person 0.0277 57 25 164 130
person 0.0251 31 34 102 167
person 0.0249 402 42 454 90
person 0.0244 410 38 483 94
person 0.0216 421 14 497 112
person 0.0216 44 13 101 116
pottedplant 0.1315 432 318 500 375
pottedplant 0.0713 468 324 500 375
pottedplant 0.0508 31 135 101 256
pottedplant 0.0459 20 44 83 186
pottedplant 0.0381 482 311 500 375
pottedplant 0.0371 155 45 223 182
pottedplant 0.0367 38 19 124 151
pottedplant 0.0364 33 86 207 294
pottedplant 0.0354 26 98 81 198
pottedplant 0.0319 343 47 430 122
pottedplant 0.0301 13 12 105 217
pottedplant 0.0298 65 199 500 313
pottedplant 0.0268 26 119 114 212
pottedplant 0.0249 30 69 75 162
pottedplant 0.0246 410 263 499 362
pottedplant 0.0244 44 142 92 226
pottedplant 0.0239 14 1 90 56
pottedplant 0.0238 50 172 270 314
pottedplant 0.0238 18 0 90 145
pottedplant 0.0236 48 140 140 264
pottedplant 0.0235 23 58 61 149
pottedplant 0.0234 351 45 423 185
pottedplant 0.0234 338 54 372 114
pottedplant 0.0228 26 120 57 175
pottedplant 0.0226 93 142 222 295
pottedplant 0.0205 454 323 491 371
pottedplant 0.0201 477 327 500 363
sofa 0.0202 361 14 491 131
tvmonitor 0.0371 62 36 197 127
tvmonitor 0.0349 141 44 222 165
tvmonitor 0.0278 117 36 216 123
tvmonitor 0.0202 35 195 82 252
