bicycle 0.0272 1 359 58 408
bicycle 0.0224 1 321 76 405
bottle 0.0302 21 289 51 315
bottle 0.0226 28 293 58 322
bus 0.9267 73 35 300 420
bus 0.0996 68 241 292 414
bus 0.0696 67 36 296 231
bus 0.0653 76 178 138 368
bus 0.0577 296 182 350 356
bus 0.0531 201 69 301 420
bus 0.0474 141 138 294 440
bus 0.0383 290 119 358 310
bus 0.0360 77 235 176 393
bus 0.0322 70 76 141 341
bus 0.0317 339 159 374 252
bus 0.0314 314 178 372 262
bus 0.0306 0 59 74 392
bus 0.0302 71 42 287 143
bus 0.0300 79 87 194 411
bus 0.0273 233 129 298 328
bus 0.0252 229 48 296 221
bus 0.0244 87 315 263 413
bus 0.0226 292 183 356 263
bus 0.0218 155 38 303 297
bus 0.0211 279 45 366 362
bus 0.0207 65 61 144 211
bus 0.0206 212 204 287 397
bus 0.0202 9 21 97 317
car 0.1334 328 263 350 279
car 0.1295 288 262 315 329
car 0.1102 294 265 314 287
car 0.1012 323 259 351 286
car 0.0826 330 266 348 291
car 0.0807 316 263 341 279
car 0.0788 359 150 375 191
car 0.0771 20 244 62 270
car 0.0745 304 267 324 286
car 0.0741 313 266 340 291
car 0.0740 336 264 349 286
car 0.0725 35 247 61 265
car 0.0724 301 266 315 282
car 0.0715 310 226 360 361
car 0.0705 327 254 350 271
car 0.0634 331 259 346 275
car 0.0627 290 260 312 305
car 0.0607 293 261 305 283
car 0.0603 315 253 356 292
car 0.0533 49 252 71 273
car 0.0524 290 259 322 284
car 0.0515 31 247 65 279
car 0.0512 2 238 69 289
car 0.0496 298 262 329 288
car 0.0485 302 259 340 282
car 0.0477 13 235 63 262
car 0.0472 68 254 78 284
car 0.0466 25 239 54 255
car 0.0458 53 253 79 294
car 0.0441 297 266 317 299
car 0.0436 290 293 312 329
car 0.0427 326 258 342 274
car 0.0421 317 255 342 271
car 0.0416 297 264 306 281
car 0.0414 23 382 53 400
car 0.0412 297 260 309 277
car 0.0408 298 269 349 340
car 0.0392 302 250 352 277
car 0.0390 288 255 309 285
car 0.0387 332 265 344 279
car 0.0386 79 249 184 410
car 0.0381 0 243 34 269
car 0.0380 50 257 72 284
car 0.0376 62 256 76 277
car 0.0373 37 239 62 255
car 0.0368 51 247 71 262
car 0.0366 58 260 79 283
car 0.0359 303 261 315 275
car 0.0357 285 250 319 291
car 0.0354 58 253 78 272
car 0.0341 294 257 304 276
car 0.0336 37 240 79 289
car 0.0336 11 223 71 267
car 0.0336 293 251 299 275
car 0.0328 327 244 349 262
car 0.0322 64 243 79 292
car 0.0319 296 257 313 273
car 0.0317 42 244 58 260
car 0.0305 349 150 375 200
car 0.0304 307 257 327 270
car 0.0303 0 375 19 407
car 0.0298 0 248 121 406
car 0.0297 290 264 333 312
car 0.0293 330 248 345 267
car 0.0291 18 371 55 401
car 0.0288 29 243 49 259
car 0.0286 338 251 348 271
car 0.0286 68 233 143 391
car 0.0284 310 260 322 274
car 0.0277 324 240 375 356
car 0.0275 319 258 334 274
car 0.0273 322 239 350 274
car 0.0269 342 142 374 231
car 0.0267 55 250 68 266
car 0.0265 44 240 74 273
car 0.0264 66 251 74 272
car 0.0261 298 248 327 280
car 0.0259 24 244 42 261
car 0.0251 299 253 343 294
car 0.0248 17 382 43 403
car 0.0246 48 244 62 260
car 0.0246 64 266 82 292
car 0.0245 314 228 356 279
car 0.0245 45 250 56 265
car 0.0242 353 145 373 183
car 0.0235 60 246 78 262
car 0.0235 288 239 337 283
car 0.0234 17 240 42 257
car 0.0232 296 253 305 274
car 0.0229 323 210 349 277
car 0.0227 23 282 63 316
car 0.0227 50 250 60 265
car 0.0226 326 245 341 266
car 0.0225 67 245 79 269
car 0.0215 37 236 67 266
car 0.0213 296 247 309 268
car 0.0212 141 344 288 425
car 0.0210 68 349 248 423
car 0.0208 289 236 315 277
car 0.0208 345 232 374 330
car 0.0208 300 267 332 299
car 0.0202 4 244 17 263
car 0.0201 13 239 44 268
cat 0.0220 150 217 246 285
chair 0.0203 0 341 56 403
cow 0.0319 242 137 284 200
diningtable 0.0319 0 294 76 409
diningtable 0.0216 0 277 69 361
dog 0.0281 243 157 281 200
horse 0.0525 245 157 278 199
motorbike 0.0253 298 286 364 369
motorbike 0.0210 2 295 103 407
person 0.7845 18 249 67 401
person 0.6841 310 263 344 364
person 0.6350 1 266 34 406
person 0.4351 326 269 349 363
person 0.3850 80 244 115 377
person 0.2817 0 253 17 306
person 0.2637 194 232 238 287
person 0.2448 5 245 60 342
person 0.2288 0 316 17 407
person 0.2181 0 258 28 327
person 0.2180 147 242 161 283
person 0.1925 161 247 173 281
person 0.1912 15 247 58 301
person 0.1850 123 242 138 284
person 0.1830 6 250 39 305
person 0.1819 19 248 54 275
person 0.1813 77 257 103 358
person 0.1698 15 252 40 287
person 0.1683 308 311 321 365
person 0.1632 309 294 327 368
person 0.1572 154 246 168 279
person 0.1523 299 264 327 349
person 0.1487 37 249 77 374
person 0.1460 334 265 350 333
person 0.1440 25 248 71 335
person 0.1431 309 266 334 337
person 0.1424 0 252 18 280
person 0.1396 15 263 36 303
person 0.1391 51 259 72 355
person 0.1336 13 264 38 332
person 0.1284 161 243 185 281
person 0.1282 289 263 317 333
person 0.1260 76 278 92 356
person 0.1257 33 250 62 274
person 0.1229 10 307 36 401
person 0.1229 18 254 47 319
person 0.1216 133 240 158 284
person 0.1193 85 333 110 394
person 0.1151 62 261 82 352
person 0.1116 67 264 79 311
person 0.1109 56 242 105 399
person 0.1109 70 265 89 355
person 0.1094 0 267 19 348
person 0.1063 141 238 167 284
person 0.1062 47 254 63 289
person 0.1019 324 323 338 369
person 0.1019 321 296 340 368
person 0.1015 0 253 29 287
person 0.0994 330 266 347 309
person 0.0990 335 300 350 366
person 0.0969 79 236 134 341
person 0.0958 306 265 324 328
person 0.0937 14 252 31 275
person 0.0936 27 246 59 266
person 0.0916 334 264 350 297
person 0.0908 138 245 150 286
person 0.0907 25 248 48 288
person 0.0888 6 247 42 277
person 0.0885 326 307 346 368
person 0.0871 1 266 28 303
person 0.0870 27 280 60 393
person 0.0867 313 268 345 322
person 0.0866 124 237 150 286
person 0.0860 194 252 222 286
person 0.0835 206 240 235 280
person 0.0824 58 258 78 320
person 0.0809 310 266 328 313
person 0.0796 315 263 358 385
person 0.0795 10 276 38 366
person 0.0755 0 334 39 408
person 0.0754 316 316 332 368
person 0.0753 299 264 315 309
person 0.0750 181 234 222 285
person 0.0749 83 276 108 387
person 0.0748 52 260 69 297
person 0.0741 0 226 56 418
person 0.0740 108 245 134 335
person 0.0730 55 294 69 358
person 0.0729 17 274 36 319
person 0.0724 167 240 196 282
person 0.0721 40 249 59 267
person 0.0719 107 242 137 284
person 0.0710 307 290 321 346
person 0.0707 331 277 357 372
person 0.0705 18 247 38 269
person 0.0698 46 253 67 314
person 0.0687 323 267 340 308
person 0.0683 9 278 35 308
person 0.0682 301 264 315 290
person 0.0677 292 259 301 286
person 0.0675 307 265 321 288
person 0.0661 308 266 332 289
person 0.0652 62 264 75 298
person 0.0650 82 240 110 319
person 0.0647 30 251 64 294
person 0.0644 46 277 68 372
person 0.0627 305 319 316 362
person 0.0623 77 259 95 327
person 0.0613 342 263 368 378
person 0.0608 141 137 175 164
person 0.0603 303 268 314 284
person 0.0598 73 270 83 324
person 0.0590 149 250 177 283
person 0.0576 86 258 108 345
person 0.0572 29 311 72 402
person 0.0565 29 246 45 271
person 0.0562 329 331 344 367
person 0.0558 78 260 92 299
person 0.0548 202 261 236 288
person 0.0546 0 231 71 311
person 0.0546 50 253 61 271
person 0.0540 340 268 353 324
person 0.0539 20 285 40 331
person 0.0539 1 279 26 317
person 0.0538 322 339 342 367
person 0.0532 245 144 277 198
person 0.0532 86 243 109 279
person 0.0530 36 247 53 270
person 0.0526 312 263 328 281
person 0.0524 90 254 121 345
person 0.0514 75 194 140 396
person 0.0511 18 349 35 401
person 0.0502 11 229 85 360
person 0.0493 20 282 44 374
person 0.0491 181 240 198 283
person 0.0487 75 284 86 348
person 0.0478 310 269 319 284
person 0.0469 23 260 50 298
person 0.0466 322 266 343 291
person 0.0466 46 243 79 325
person 0.0466 64 251 80 299
person 0.0461 55 257 67 281
person 0.0460 9 254 20 273
person 0.0459 312 299 351 375
person 0.0457 73 267 83 299
person 0.0456 4 281 35 330
person 0.0455 318 271 346 301
person 0.0452 170 224 245 289
person 0.0450 88 328 105 376
person 0.0447 21 372 42 400
person 0.0446 78 247 107 292
person 0.0445 2 256 101 399
person 0.0443 17 250 31 267
person 0.0441 310 261 341 300
person 0.0439 27 376 48 399
person 0.0435 0 297 15 370
person 0.0431 20 275 58 346
person 0.0430 142 249 158 286
person 0.0429 93 241 140 310
person 0.0426 305 265 313 279
person 0.0420 218 234 240 276
person 0.0420 62 271 92 383
person 0.0416 312 321 325 370
person 0.0416 315 258 324 276
person 0.0408 148 236 190 278
person 0.0406 62 238 92 329
person 0.0406 6 247 25 264
person 0.0403 289 260 304 313
person 0.0397 81 255 100 301
person 0.0396 68 287 113 396
person 0.0396 296 279 315 330
person 0.0396 197 235 217 280
person 0.0389 322 274 338 329
person 0.0387 0 283 17 311
person 0.0386 77 318 108 380
person 0.0385 302 306 319 359
person 0.0383 326 260 354 326
person 0.0377 0 263 12 329
person 0.0374 28 261 61 310
person 0.0372 187 251 209 285
person 0.0371 88 240 131 282
person 0.0368 332 337 351 368
person 0.0368 65 258 75 281
person 0.0364 96 244 119 276
person 0.0362 0 243 25 274
person 0.0358 315 243 324 269
person 0.0357 69 256 85 306
person 0.0355 346 237 375 405
person 0.0354 80 295 102 368
person 0.0352 60 269 75 343
person 0.0352 21 349 64 406
person 0.0351 174 232 205 286
person 0.0349 293 266 337 405
person 0.0349 154 255 171 287
person 0.0345 60 310 71 359
person 0.0344 340 285 353 352
person 0.0342 67 278 79 346
person 0.0341 203 233 237 266
person 0.0339 20 241 77 287
person 0.0338 149 243 170 270
person 0.0338 80 246 91 283
person 0.0337 127 250 144 288
person 0.0337 311 264 319 278
person 0.0336 296 274 344 331
person 0.0335 290 264 295 287
person 0.0334 41 256 62 302
person 0.0332 301 260 324 291
person 0.0332 0 359 19 407
person 0.0329 21 280 53 305
person 0.0326 89 303 104 360
person 0.0326 327 266 339 284
person 0.0326 158 244 179 270
person 0.0321 341 323 353 371
person 0.0321 101 241 131 269
person 0.0320 0 161 77 384
person 0.0319 28 271 46 310
person 0.0313 288 260 295 295
person 0.0313 44 243 64 277
person 0.0311 307 291 336 393
person 0.0310 288 251 304 291
person 0.0307 117 239 148 332
person 0.0306 0 282 28 369
person 0.0304 0 247 15 265
person 0.0299 50 246 71 288
person 0.0298 50 301 66 356
person 0.0295 88 289 121 397
person 0.0293 73 310 85 360
person 0.0293 31 261 129 414
person 0.0288 76 234 119 297
person 0.0285 4 251 14 268
person 0.0283 22 364 54 402
person 0.0282 32 248 83 302
person 0.0281 72 216 108 334
person 0.0280 290 233 341 346
person 0.0279 211 223 244 281
person 0.0279 84 354 104 396
person 0.0278 74 326 120 400
person 0.0278 247 170 279 198
person 0.0277 67 306 78 355
person 0.0275 314 230 325 265
person 0.0273 307 248 333 310
person 0.0273 328 261 337 276
person 0.0271 141 135 202 166
person 0.0270 92 249 110 305
person 0.0268 57 234 80 304
person 0.0262 300 297 314 333
person 0.0261 81 287 96 346
person 0.0261 311 244 328 281
person 0.0258 84 238 98 277
person 0.0258 324 251 350 303
person 0.0258 39 261 63 334
person 0.0258 119 250 135 305
person 0.0257 189 265 215 287
person 0.0257 23 299 40 355
person 0.0255 23 286 47 317
person 0.0255 43 268 70 297
person 0.0254 20 326 40 400
person 0.0252 75 254 83 282
person 0.0252 35 363 51 400
person 0.0252 328 245 337 269
person 0.0252 192 240 228 270
person 0.0251 58 254 66 271
person 0.0248 33 323 56 402
person 0.0245 288 247 314 302
person 0.0242 214 249 242 284
person 0.0242 73 261 85 286
person 0.0241 205 229 224 272
person 0.0241 304 251 313 271
person 0.0239 318 229 348 321
person 0.0239 327 228 337 262
person 0.0236 318 267 331 285
person 0.0235 32 375 59 398
person 0.0235 159 260 187 287
person 0.0234 303 308 315 344
person 0.0234 94 240 110 268
person 0.0233 38 231 107 342
person 0.0232 341 264 352 285
person 0.0231 13 360 30 406
person 0.0229 77 319 90 366
person 0.0228 184 238 209 274
person 0.0228 68 348 111 404
person 0.0225 327 258 375 367
person 0.0225 97 246 121 312
person 0.0225 26 248 38 265
person 0.0224 27 333 49 402
person 0.0222 261 148 280 193
person 0.0222 310 249 319 270
person 0.0222 7 275 54 319
person 0.0221 111 235 160 283
person 0.0220 336 310 358 387
person 0.0219 320 261 329 277
person 0.0219 320 232 362 349
person 0.0215 20 140 31 182
person 0.0214 46 164 120 388
person 0.0214 320 247 329 270
person 0.0213 41 236 68 289
person 0.0211 17 378 38 404
person 0.0210 298 280 373 371
person 0.0210 345 342 355 382
person 0.0209 178 255 205 283
person 0.0209 0 269 25 478
person 0.0207 304 246 322 282
person 0.0207 205 226 236 253
person 0.0205 177 239 192 271
person 0.0204 66 265 160 412
person 0.0203 102 242 114 265
person 0.0202 52 308 69 386
person 0.0202 4 304 78 420
person 0.0201 29 351 44 401
person 0.0201 112 298 127 342
pottedplant 0.0206 242 134 284 201
sofa 0.0434 0 283 75 400
sofa 0.0235 288 278 371 372
train 0.0679 65 280 297 417
train 0.0337 71 36 296 193
train 0.0333 0 209 81 282
train 0.0283 290 173 375 261
train 0.0257 0 234 121 397
train 0.0253 73 56 375 390
train 0.0246 304 219 357 366
train 0.0227 301 197 363 275
train 0.0217 8 202 73 255
train 0.0216 0 113 293 429
train 0.0211 283 127 363 378
train 0.0211 314 215 373 267
train 0.0201 62 341 273 427
tvmonitor 0.0237 144 222 247 287
