bird 0.0313 257 284 374 492
bird 0.0250 263 316 293 409
bird 0.0241 306 246 376 467
bird 0.0237 239 270 300 431
bird 0.0203 252 286 343 417
boat 0.0225 257 145 373 446
horse 0.6595 21 120 225 500
horse 0.1757 77 92 353 500
horse 0.1702 119 119 255 494
horse 0.1011 220 120 370 498
horse 0.0815 162 121 233 441
horse 0.0688 1 289 77 499
horse 0.0623 0 265 178 500
horse 0.0586 28 81 214 313
horse 0.0432 98 122 205 443
horse 0.0368 0 393 91 500
horse 0.0367 67 126 293 346
horse 0.0355 147 212 215 485
horse 0.0346 188 166 246 418
horse 0.0284 221 234 281 419
horse 0.0273 4 31 376 373
horse 0.0256 63 270 308 499
horse 0.0253 0 452 76 498
horse 0.0248 173 196 257 486
horse 0.0246 40 65 263 217
horse 0.0236 238 245 302 410
horse 0.0220 189 122 295 442
horse 0.0214 95 277 214 492
horse 0.0210 267 317 289 412
person 0.1008 6 102 242 500
person 0.0612 162 116 234 419
person 0.0577 56 82 372 500
person 0.0569 77 117 225 383
person 0.0469 223 371 231 400
person 0.0424 233 368 243 402
person 0.0395 228 373 237 401
person 0.0351 89 131 165 347
person 0.0318 206 219 230 337
person 0.0317 167 29 364 433
person 0.0313 0 59 203 222
person 0.0311 31 10 205 332
person 0.0306 6 57 152 376
person 0.0298 145 255 212 493
person 0.0288 147 111 217 328
person 0.0251 169 114 231 284
person 0.0250 0 461 17 500
person 0.0249 219 373 227 400
person 0.0246 117 127 188 347
person 0.0244 185 110 292 429
person 0.0239 105 49 293 442
person 0.0239 92 119 218 244
person 0.0236 182 150 230 362
person 0.0229 68 122 155 276
person 0.0221 193 217 224 338
person 0.0219 83 17 222 247
person 0.0219 1 148 119 500
person 0.0213 257 115 371 437
person 0.0208 118 53 365 210
person 0.0207 360 440 375 494
person 0.0203 0 406 35 500
train 0.0229 257 190 374 484
train 0.0224 241 243 363 415
train 0.0208 2 0 368 171
tvmonitor 0.0208 25 16 207 209
