boat 0.0346 4 353 92 374
bottle 0.1734 0 300 90 374
bottle 0.1357 47 303 71 347
bottle 0.1269 1 299 49 370
bottle 0.1155 13 235 92 367
bottle 0.1151 27 300 72 344
bottle 0.0969 44 301 90 368
bottle 0.0834 41 302 65 339
bottle 0.0788 30 302 53 338
bottle 0.0770 0 285 36 350
bottle 0.0723 62 302 107 371
bottle 0.0709 18 298 56 347
bottle 0.0703 26 277 61 339
bottle 0.0699 330 30 376 81
bottle 0.0666 61 306 87 359
bottle 0.0657 28 265 45 303
bottle 0.0600 60 348 91 375
bottle 0.0576 45 268 117 371
bottle 0.0533 0 314 27 368
bottle 0.0526 65 306 84 342
bottle 0.0499 5 289 71 342
bottle 0.0477 30 302 69 325
bottle 0.0471 32 267 75 336
bottle 0.0449 3 311 31 348
bottle 0.0440 253 93 289 141
bottle 0.0434 50 303 78 329
bottle 0.0430 8 298 42 343
bottle 0.0400 67 317 94 375
bottle 0.0398 19 265 52 331
bottle 0.0372 22 349 91 374
bottle 0.0371 27 307 47 345
bottle 0.0367 314 32 384 126
bottle 0.0364 26 292 48 326
bottle 0.0356 317 31 367 97
bottle 0.0353 64 331 88 370
bottle 0.0335 72 308 89 347
bottle 0.0324 16 312 38 347
bottle 0.0305 17 348 48 375
bottle 0.0301 31 279 52 317
bottle 0.0297 7 312 42 362
bottle 0.0293 38 290 96 341
bottle 0.0290 2 304 34 335
bottle 0.0287 336 31 372 60
bottle 0.0282 65 319 130 374
bottle 0.0281 388 130 435 256
bottle 0.0272 8 341 40 372
bottle 0.0267 62 304 86 327
bottle 0.0264 58 210 87 289
bottle 0.0258 2 286 32 324
bottle 0.0257 51 309 79 343
bottle 0.0257 14 306 74 357
bottle 0.0246 319 38 342 92
bottle 0.0245 40 292 60 319
bottle 0.0237 12 291 38 326
bottle 0.0236 404 160 435 243
bottle 0.0233 45 347 73 375
bottle 0.0230 38 299 76 318
bottle 0.0227 334 35 364 71
bottle 0.0224 330 35 349 74
bottle 0.0222 252 105 291 130
bottle 0.0218 29 286 70 321
bottle 0.0212 72 346 100 375
bottle 0.0208 306 33 396 87
bottle 0.0206 10 297 62 322
bottle 0.0205 272 93 294 131
bottle 0.0201 57 235 109 343
bottle 0.0201 389 178 428 250
bottle 0.0201 30 267 60 311
chair 0.1270 0 340 57 375
chair 0.1148 0 307 81 375
chair 0.0874 0 263 36 331
chair 0.0867 0 271 47 360
chair 0.0828 3 257 80 366
chair 0.0798 0 320 39 374
chair 0.0744 177 239 300 375
chair 0.0709 18 215 93 350
chair 0.0674 0 342 29 374
chair 0.0672 8 218 197 372
chair 0.0609 27 263 47 306
chair 0.0606 0 259 20 319
chair 0.0564 0 282 27 371
chair 0.0542 9 347 92 374
chair 0.0534 4 356 63 373
chair 0.0522 29 300 215 370
chair 0.0512 12 246 68 332
chair 0.0446 21 265 51 320
chair 0.0438 28 340 128 374
chair 0.0433 157 299 317 371
chair 0.0407 0 300 71 345
chair 0.0399 38 310 119 373
chair 0.0397 5 348 42 375
chair 0.0387 0 228 52 334
chair 0.0375 48 245 116 370
chair 0.0360 63 277 130 375
chair 0.0332 7 270 41 314
chair 0.0332 288 243 422 374
chair 0.0324 87 192 184 375
chair 0.0301 55 345 97 375
chair 0.0292 25 262 81 317
chair 0.0292 257 240 318 374
chair 0.0288 3 232 35 310
chair 0.0286 50 231 286 375
chair 0.0279 270 299 437 370
chair 0.0276 60 340 169 374
chair 0.0270 0 283 27 325
chair 0.0267 1 280 76 320
chair 0.0248 223 249 386 375
chair 0.0239 0 295 52 331
chair 0.0228 58 351 135 375
chair 0.0226 271 253 346 375
chair 0.0224 66 354 108 375
chair 0.0221 151 241 209 374
chair 0.0207 29 224 79 310
chair 0.0205 246 265 298 375
chair 0.0200 96 267 225 372
diningtable 0.2456 0 306 105 375
diningtable 0.1203 0 334 88 373
diningtable 0.1085 0 231 317 375
diningtable 0.0939 7 298 178 372
diningtable 0.0687 0 287 79 356
diningtable 0.0684 0 82 381 373
diningtable 0.0606 12 230 127 375
diningtable 0.0474 118 228 443 375
diningtable 0.0335 0 267 108 341
diningtable 0.0326 6 348 105 375
diningtable 0.0310 0 335 182 375
diningtable 0.0286 12 294 91 334
diningtable 0.0284 177 85 500 375
diningtable 0.0262 120 166 308 375
diningtable 0.0262 239 251 468 375
diningtable 0.0254 7 307 75 347
diningtable 0.0253 0 323 72 363
diningtable 0.0252 185 149 390 375
diningtable 0.0213 0 162 196 355
diningtable 0.0212 68 290 333 375
person 0.8718 277 43 432 375
person 0.8707 22 50 184 374
person 0.8453 186 89 295 375
person 0.3919 227 61 361 374
person 0.3297 141 54 266 365
person 0.1919 98 23 319 375
person 0.1155 193 93 294 184
person 0.1084 169 28 479 375
person 0.1044 329 10 500 375
person 0.0911 19 183 132 373
person 0.0900 244 91 294 157
person 0.0776 208 96 293 257
person 0.0624 330 148 369 184
person 0.0607 283 35 436 201
person 0.0592 283 208 429 375
person 0.0581 179 199 329 375
person 0.0530 84 89 232 375
person 0.0451 19 192 90 324
person 0.0424 375 116 436 279
person 0.0420 255 90 293 136
person 0.0417 253 91 340 224
person 0.0381 73 45 191 278
person 0.0377 12 109 97 350
person 0.0348 220 243 293 375
person 0.0347 54 191 270 373
person 0.0327 207 94 287 151
person 0.0323 190 111 227 181
person 0.0323 253 215 325 375
person 0.0319 284 248 359 374
person 0.0296 251 102 294 192
person 0.0281 191 108 263 210
person 0.0279 124 50 173 122
person 0.0273 31 46 186 175
person 0.0269 119 209 197 375
person 0.0268 276 35 399 135
person 0.0267 118 71 204 226
person 0.0264 191 105 266 158
person 0.0249 107 50 183 164
person 0.0240 251 27 411 100
person 0.0238 233 35 405 278
person 0.0227 188 102 236 149
person 0.0224 285 337 380 374
person 0.0223 364 177 464 375
person 0.0223 256 55 352 170
person 0.0218 350 146 373 180
person 0.0214 187 46 344 264
person 0.0214 340 32 436 162
person 0.0210 368 61 437 210
person 0.0204 254 106 287 158
person 0.0204 240 102 301 297
person 0.0203 379 182 424 268
person 0.0202 326 251 406 375
person 0.0201 324 95 437 193
sofa 0.0319 0 61 345 362
tvmonitor 0.1865 0 262 20 308
tvmonitor 0.1347 0 262 35 317
tvmonitor 0.0529 12 262 41 307
tvmonitor 0.0511 3 263 31 296
tvmonitor 0.0413 0 284 29 314
tvmonitor 0.0274 0 277 37 303
tvmonitor 0.0239 267 40 419 131
tvmonitor 0.0231 308 30 395 89
tvmonitor 0.0231 21 257 38 294
tvmonitor 0.0224 2 254 45 301
tvmonitor 0.0200 0 257 22 286
