bottle 0.0645 331 300 366 374
bottle 0.0606 339 334 368 375
bottle 0.0461 310 292 362 375
bottle 0.0413 376 323 398 374
bottle 0.0404 336 356 370 374
bottle 0.0344 339 229 459 352
bottle 0.0336 380 323 423 375
bottle 0.0325 398 175 451 256
bottle 0.0307 304 304 341 375
bottle 0.0304 329 344 349 375
bottle 0.0300 411 230 452 253
bottle 0.0297 328 328 356 375
bottle 0.0270 323 334 342 374
bottle 0.0260 338 310 385 375
bottle 0.0258 371 334 390 374
bottle 0.0255 351 336 372 373
bottle 0.0251 360 338 380 374
bottle 0.0230 319 298 410 375
bottle 0.0220 437 182 492 252
bottle 0.0218 398 225 460 325
bottle 0.0218 420 182 464 254
bottle 0.0214 322 344 375 375
bottle 0.0213 288 294 327 374
bottle 0.0209 320 310 343 373
bottle 0.0204 271 236 378 363
cat 0.7455 43 109 448 246
cat 0.1444 7 126 436 333
cat 0.1151 59 108 288 229
cat 0.1074 231 131 456 251
cat 0.0943 375 146 451 254
cat 0.0696 29 0 418 278
cat 0.0515 155 159 422 257
cat 0.0510 271 178 456 256
cat 0.0506 55 103 192 210
cat 0.0496 23 228 436 366
cat 0.0399 165 176 463 311
cat 0.0374 339 126 468 246
cat 0.0364 198 192 405 254
cat 0.0362 41 116 147 225
cat 0.0351 68 98 354 189
cat 0.0277 191 78 440 271
cat 0.0262 383 201 450 253
cat 0.0253 153 197 332 256
cat 0.0235 64 27 258 214
cat 0.0235 376 149 446 184
cat 0.0224 57 162 246 234
cat 0.0218 333 195 463 292
chair 0.0643 60 36 464 322
chair 0.0620 191 209 469 351
chair 0.0589 411 191 492 352
chair 0.0491 366 205 479 363
chair 0.0409 401 158 489 292
chair 0.0384 328 237 467 343
chair 0.0365 377 175 466 313
chair 0.0350 448 182 500 336
chair 0.0347 296 147 467 336
chair 0.0339 379 130 499 340
chair 0.0326 156 170 454 305
chair 0.0311 368 137 489 255
chair 0.0280 274 239 500 372
chair 0.0251 431 176 497 263
chair 0.0248 0 270 339 367
chair 0.0240 408 121 499 234
chair 0.0239 459 181 498 256
chair 0.0230 464 196 499 305
chair 0.0218 210 242 403 370
chair 0.0211 477 184 500 258
chair 0.0208 224 228 442 311
chair 0.0206 277 279 344 375
chair 0.0205 395 119 496 170
chair 0.0202 9 198 375 332
diningtable 0.0745 5 131 474 374
diningtable 0.0687 199 216 476 362
diningtable 0.0287 416 181 499 280
diningtable 0.0227 404 176 500 234
diningtable 0.0213 274 275 462 358
diningtable 0.0210 311 159 500 278
pottedplant 0.0461 78 102 467 375
pottedplant 0.0256 200 180 462 375
sofa 0.0395 0 43 500 297
tvmonitor 0.0368 465 318 500 375
tvmonitor 0.0339 428 236 498 375
tvmonitor 0.0263 0 269 309 368
tvmonitor 0.0214 405 291 500 375
tvmonitor 0.0211 377 322 425 375
tvmonitor 0.0209 0 278 177 361
tvmonitor 0.0202 2 199 322 340
