person 0.0647 3 177 15 207
person 0.0631 0 179 10 209
person 0.0471 169 166 183 205
person 0.0433 324 133 338 162
person 0.0360 8 171 16 198
person 0.0357 254 177 269 218
person 0.0356 223 156 238 204
person 0.0325 17 157 26 184
person 0.0297 0 164 12 217
person 0.0295 12 177 24 206
person 0.0294 260 177 277 220
person 0.0280 18 167 25 192
person 0.0272 320 135 335 158
person 0.0270 247 172 263 212
person 0.0269 265 171 289 229
person 0.0260 165 170 177 201
person 0.0257 10 162 17 192
person 0.0256 227 158 256 236
person 0.0255 172 167 189 209
person 0.0252 217 158 232 200
person 0.0251 225 156 247 217
person 0.0247 214 154 241 235
person 0.0247 1 157 18 206
person 0.0227 243 164 274 237
person 0.0217 19 157 31 181
person 0.0208 258 179 282 238
person 0.0201 238 164 254 208
pottedplant 0.0371 0 324 29 386
pottedplant 0.0224 0 269 75 385
pottedplant 0.0211 0 289 40 386
pottedplant 0.0201 0 352 23 386
train 0.9078 101 104 402 350
train 0.3992 55 143 91 173
train 0.2212 35 142 71 170
train 0.2070 32 146 57 169
train 0.1976 22 140 89 171
train 0.1906 17 142 54 171
train 0.1816 72 146 91 175
train 0.1206 17 144 35 172
train 0.0687 48 141 89 160
train 0.0628 269 107 413 342
train 0.0602 26 142 45 168
train 0.0582 104 100 375 226
train 0.0543 56 142 78 167
train 0.0534 49 143 68 166
train 0.0481 15 148 28 179
train 0.0468 68 143 93 164
train 0.0450 10 126 40 178
train 0.0423 107 124 238 311
train 0.0412 39 150 62 172
train 0.0411 47 155 78 171
train 0.0402 121 220 416 346
train 0.0401 29 140 62 162
train 0.0391 43 144 97 186
train 0.0387 13 123 77 173
train 0.0379 78 151 95 174
train 0.0359 102 122 203 244
train 0.0343 39 141 52 162
train 0.0331 44 138 62 153
train 0.0323 38 137 55 155
train 0.0318 20 139 62 190
train 0.0289 239 258 410 342
train 0.0286 52 138 70 151
train 0.0277 103 112 235 203
train 0.0276 28 117 119 321
train 0.0274 43 142 58 160
train 0.0274 307 201 405 347
train 0.0271 18 153 45 172
train 0.0268 10 149 19 180
train 0.0267 196 107 384 291
train 0.0259 345 220 412 346
train 0.0257 8 138 33 190
train 0.0255 59 134 101 176
train 0.0252 48 134 76 145
train 0.0249 59 138 79 150
train 0.0247 17 137 100 196
train 0.0245 66 0 476 342
train 0.0245 223 107 368 164
train 0.0240 243 101 402 241
train 0.0239 50 152 68 173
train 0.0237 102 129 174 173
train 0.0233 65 155 89 178
train 0.0233 45 110 178 372
train 0.0231 38 135 79 161
train 0.0227 26 137 46 156
train 0.0226 39 128 96 169
train 0.0221 17 121 80 261
train 0.0217 18 135 39 159
train 0.0209 64 138 129 170
train 0.0208 166 99 394 184
train 0.0202 35 134 61 147
train 0.0202 32 132 89 152
train 0.0202 54 143 66 157
