bottle 0.0217 301 76 346 94
bus 0.7894 85 22 416 361
bus 0.7480 0 98 103 283
bus 0.3189 21 78 156 283
bus 0.1797 78 61 202 289
bus 0.1085 285 52 418 284
bus 0.0963 86 92 124 159
bus 0.0917 0 100 90 201
bus 0.0725 352 58 484 265
bus 0.0708 76 91 132 199
bus 0.0685 48 112 113 275
bus 0.0680 55 125 93 184
bus 0.0678 90 69 184 212
bus 0.0610 71 82 149 243
bus 0.0606 91 53 294 279
bus 0.0588 396 103 498 269
bus 0.0466 0 0 261 323
bus 0.0450 91 124 182 274
bus 0.0436 39 95 128 182
bus 0.0391 66 103 111 193
bus 0.0390 90 49 255 168
bus 0.0374 181 47 417 224
bus 0.0371 41 110 98 220
bus 0.0356 0 111 36 184
bus 0.0350 314 59 409 210
bus 0.0334 80 54 154 183
bus 0.0332 406 89 433 151
bus 0.0326 81 100 114 177
bus 0.0306 52 156 157 276
bus 0.0297 5 117 73 245
bus 0.0296 250 47 415 159
bus 0.0285 9 167 128 287
bus 0.0281 88 85 159 153
bus 0.0281 72 93 106 159
bus 0.0273 95 37 342 192
bus 0.0256 75 126 123 252
bus 0.0252 296 136 430 362
bus 0.0252 85 97 108 149
bus 0.0252 71 135 107 204
bus 0.0243 176 111 421 307
bus 0.0239 0 65 148 189
bus 0.0228 275 134 486 271
bus 0.0228 30 42 204 211
bus 0.0213 408 108 427 149
bus 0.0206 91 30 183 158
car 0.7337 403 166 499 261
car 0.0767 340 161 483 273
car 0.0660 408 184 430 212
car 0.0626 0 145 90 285
car 0.0567 465 152 496 168
car 0.0552 443 164 500 209
car 0.0533 394 189 433 265
car 0.0532 69 258 428 364
car 0.0478 84 90 121 156
car 0.0432 462 246 499 264
car 0.0426 464 172 499 241
car 0.0416 155 128 225 147
car 0.0414 123 75 248 143
car 0.0401 415 172 498 224
car 0.0396 411 182 436 203
car 0.0381 463 173 498 205
car 0.0368 407 178 465 255
car 0.0351 467 251 496 267
car 0.0346 478 243 499 266
car 0.0333 477 175 499 215
car 0.0329 479 220 499 261
car 0.0328 299 143 432 279
car 0.0326 4 212 89 285
car 0.0324 377 181 424 259
car 0.0309 404 179 433 233
car 0.0304 477 150 499 167
car 0.0299 246 125 290 143
car 0.0287 461 171 499 190
car 0.0286 391 170 448 253
car 0.0282 52 213 84 281
car 0.0276 415 209 498 261
car 0.0273 163 125 209 141
car 0.0272 403 188 421 219
car 0.0272 405 176 455 216
car 0.0269 414 169 495 200
car 0.0258 472 237 500 261
car 0.0252 461 166 499 181
car 0.0251 472 187 500 263
car 0.0245 475 350 500 375
car 0.0245 443 179 498 261
car 0.0242 417 180 447 201
car 0.0236 451 157 500 191
car 0.0228 480 169 499 196
car 0.0224 87 141 381 295
car 0.0222 1 124 20 174
car 0.0217 346 171 423 278
car 0.0217 456 148 500 171
car 0.0216 378 168 420 230
car 0.0212 106 99 253 160
car 0.0212 82 190 194 284
car 0.0209 339 229 430 375
car 0.0205 484 145 497 165
car 0.0204 240 186 426 369
car 0.0203 153 130 239 165
car 0.0203 451 213 500 263
car 0.0202 1 99 82 137
dog 0.0257 289 72 405 148
person 0.2091 238 84 315 138
person 0.2087 190 82 264 136
person 0.1403 191 85 223 128
person 0.1351 238 87 284 131
person 0.1141 303 89 344 140
person 0.0980 268 86 334 138
person 0.0978 228 87 268 138
person 0.0976 169 78 240 138
person 0.0878 198 85 242 124
person 0.0777 291 95 324 140
person 0.0727 241 91 267 131
person 0.0656 305 99 328 139
person 0.0606 252 93 295 131
person 0.0595 247 77 354 141
person 0.0484 275 94 317 132
person 0.0453 216 87 262 123
person 0.0423 180 88 213 130
person 0.0421 291 79 371 142
person 0.0380 212 92 246 136
person 0.0371 320 91 344 133
person 0.0362 259 102 321 142
person 0.0347 192 89 234 114
person 0.0346 212 89 244 117
person 0.0335 196 81 219 117
person 0.0334 395 188 411 221
person 0.0322 285 107 316 140
person 0.0308 176 82 231 120
person 0.0308 173 73 281 122
person 0.0305 246 101 290 142
person 0.0305 137 73 333 146
person 0.0296 59 213 85 280
person 0.0282 202 93 225 133
person 0.0282 298 111 319 142
person 0.0280 215 77 300 130
person 0.0264 252 89 314 120
person 0.0263 154 75 221 128
person 0.0257 296 77 349 124
person 0.0249 470 177 497 211
person 0.0248 237 86 270 116
person 0.0243 161 114 176 139
person 0.0242 163 93 208 143
person 0.0239 187 78 281 183
person 0.0235 267 86 304 127
person 0.0234 179 101 242 150
person 0.0233 423 180 445 204
person 0.0232 325 86 366 142
person 0.0231 123 71 242 143
person 0.0225 182 98 201 131
person 0.0223 168 120 183 138
person 0.0222 297 93 320 125
person 0.0222 187 77 256 112
person 0.0221 206 82 238 107
person 0.0219 249 85 273 123
person 0.0219 248 123 287 143
person 0.0219 460 175 490 204
person 0.0215 65 214 81 264
person 0.0214 262 99 288 136
person 0.0210 222 86 254 112
person 0.0209 272 98 296 130
person 0.0205 226 93 251 130
person 0.0204 183 87 220 109
person 0.0204 181 84 206 117
person 0.0204 188 81 226 101
person 0.0203 281 119 310 142
person 0.0201 240 108 270 139
person 0.0200 428 176 453 205
person 0.0200 152 109 170 141
train 0.0435 135 40 410 159
train 0.0344 418 175 494 209
train 0.0339 80 83 145 162
train 0.0333 89 72 186 155
train 0.0331 285 163 488 278
train 0.0320 154 149 424 289
train 0.0293 97 58 377 229
train 0.0259 205 72 403 146
train 0.0243 100 208 428 354
train 0.0230 126 45 500 290
train 0.0220 297 71 410 152
train 0.0213 255 34 430 193
train 0.0205 427 186 498 222
tvmonitor 0.0444 106 37 407 160
tvmonitor 0.0221 117 24 414 108
tvmonitor 0.0218 134 65 319 178
