bicycle 0.0603 0 244 83 333
bicycle 0.0439 2 227 134 330
bicycle 0.0417 0 186 24 258
bicycle 0.0357 0 296 84 332
bicycle 0.0327 0 277 129 332
bicycle 0.0310 1 198 37 272
bicycle 0.0306 0 288 39 333
bicycle 0.0300 1 204 19 249
bicycle 0.0275 0 259 50 331
bicycle 0.0240 1 190 21 235
bicycle 0.0226 0 205 44 312
bicycle 0.0212 38 253 102 330
bicycle 0.0209 1 177 32 235
bicycle 0.0206 4 127 134 322
car 0.9608 47 60 466 290
car 0.8316 0 44 42 133
car 0.2227 0 38 48 93
car 0.1402 7 12 77 119
car 0.1140 0 0 107 70
car 0.0918 0 46 37 81
car 0.0818 311 66 465 277
car 0.0697 0 80 52 137
car 0.0690 0 7 41 71
car 0.0586 0 41 23 72
car 0.0575 0 30 21 62
car 0.0519 0 2 65 50
car 0.0505 41 97 132 211
car 0.0486 0 31 59 60
car 0.0471 0 35 36 68
car 0.0470 0 1 19 43
car 0.0458 0 22 31 106
car 0.0398 356 74 469 193
car 0.0396 38 75 178 266
car 0.0363 10 50 65 149
car 0.0342 20 53 46 97
car 0.0317 0 59 34 191
car 0.0304 0 121 22 137
car 0.0297 6 0 131 131
car 0.0294 1 58 39 98
car 0.0293 44 78 172 162
car 0.0290 96 67 309 124
car 0.0281 0 0 42 38
car 0.0273 27 43 138 190
car 0.0265 6 46 43 67
car 0.0258 288 67 459 176
car 0.0252 10 67 140 131
car 0.0242 23 62 46 88
car 0.0236 13 49 48 83
car 0.0227 59 69 231 129
car 0.0227 0 19 53 173
car 0.0220 0 102 20 136
car 0.0217 254 64 429 131
car 0.0211 39 104 120 137
car 0.0210 61 67 381 167
car 0.0208 0 87 29 139
car 0.0205 13 90 139 319
car 0.0200 0 0 15 71
person 0.0363 0 0 20 36
person 0.0328 157 103 179 131
person 0.0237 0 127 15 148
person 0.0232 0 124 9 144
person 0.0222 0 126 20 140
person 0.0209 1 133 15 173
pottedplant 0.0344 0 127 13 205
pottedplant 0.0286 0 245 111 333
pottedplant 0.0265 0 226 51 332
pottedplant 0.0261 0 147 16 191
pottedplant 0.0231 61 251 107 313
pottedplant 0.0221 4 265 204 330
pottedplant 0.0221 51 313 84 333
pottedplant 0.0206 3 235 274 328
pottedplant 0.0203 0 150 14 233
