bicycle 0.0250 48 101 181 236
bicycle 0.0240 34 79 116 226
bird 0.7492 179 124 267 224
bird 0.0680 168 66 287 221
bird 0.0582 114 107 269 237
bird 0.0518 152 119 329 229
bird 0.0512 175 126 221 200
bird 0.0477 186 128 267 169
bird 0.0467 120 6 500 228
bird 0.0429 121 105 150 149
bird 0.0425 76 109 213 233
bird 0.0422 52 59 262 252
bird 0.0380 200 131 269 195
bird 0.0363 146 121 222 231
bird 0.0311 165 102 490 234
bird 0.0311 203 133 346 215
bird 0.0300 58 95 87 144
bird 0.0294 19 0 205 264
bird 0.0289 114 101 154 164
bird 0.0283 0 263 321 373
bird 0.0262 115 128 318 283
bird 0.0260 135 156 495 366
bird 0.0256 178 126 219 159
bird 0.0241 165 126 204 195
bird 0.0234 107 110 157 200
bird 0.0233 187 169 282 225
bird 0.0233 2 274 176 362
bird 0.0228 118 124 179 218
bird 0.0227 177 127 194 160
bird 0.0223 179 126 207 149
bird 0.0223 179 158 243 226
bird 0.0223 195 148 284 210
bird 0.0220 127 126 200 192
bird 0.0218 182 143 213 222
bird 0.0212 119 111 166 176
bird 0.0207 4 139 263 264
bird 0.0206 67 101 151 220
bird 0.0202 50 70 83 141
bird 0.0201 129 102 155 135
boat 0.0329 52 0 223 182
boat 0.0315 0 0 374 223
boat 0.0235 61 117 168 230
boat 0.0204 0 32 191 146
boat 0.0200 10 95 87 222
bottle 0.0307 132 100 153 137
bottle 0.0234 338 74 369 124
cat 0.0210 48 242 493 375
horse 0.0308 0 0 500 375
person 0.0688 0 0 388 375
person 0.0397 35 1 262 243
person 0.0377 30 41 120 179
person 0.0369 55 28 166 156
person 0.0317 52 88 91 159
person 0.0315 8 25 90 56
person 0.0315 135 98 154 135
person 0.0295 128 101 148 136
person 0.0293 5 43 86 180
person 0.0284 66 101 153 235
person 0.0262 0 76 20 117
person 0.0259 0 73 213 240
person 0.0246 73 5 188 217
person 0.0241 0 64 24 135
person 0.0236 114 76 153 143
person 0.0230 55 90 108 183
person 0.0216 202 8 500 375
person 0.0216 53 127 87 210
person 0.0211 35 97 115 238
person 0.0210 1 73 37 146
pottedplant 0.0274 336 71 371 124
pottedplant 0.0243 362 67 396 122
tvmonitor 0.0214 0 15 57 54
