chair 0.0728 0 0 388 382
chair 0.0372 173 0 395 445
chair 0.0302 42 6 376 221
dog 0.8430 5 168 369 472
dog 0.1160 0 327 285 488
dog 0.1060 0 173 131 350
dog 0.1058 5 171 266 353
dog 0.0897 0 219 157 483
dog 0.0771 120 178 384 386
dog 0.0716 3 206 85 369
dog 0.0613 2 245 82 464
dog 0.0590 25 47 380 386
dog 0.0396 0 133 205 304
dog 0.0380 0 245 126 332
dog 0.0331 103 178 334 311
dog 0.0315 74 360 351 489
dog 0.0313 14 161 151 268
dog 0.0283 0 369 132 483
dog 0.0239 260 197 394 371
person 0.0718 0 62 114 346
person 0.0386 0 126 91 294
person 0.0381 264 74 394 380
person 0.0275 136 21 381 406
person 0.0273 0 0 226 413
person 0.0245 2 18 70 255
person 0.0231 0 59 43 243
person 0.0212 0 85 189 271
person 0.0200 0 103 35 216
sofa 0.2811 3 76 395 485
sofa 0.0575 0 0 390 319
