bird 0.0403 230 76 245 111
bird 0.0268 79 299 109 319
bird 0.0240 49 295 111 321
bird 0.0208 22 261 330 367
horse 0.0266 0 183 22 263
person 0.0621 231 77 245 106
person 0.0477 160 120 175 145
person 0.0410 0 0 275 375
person 0.0393 4 238 30 301
person 0.0381 160 76 173 110
person 0.0342 2 211 21 260
person 0.0331 0 207 25 305
person 0.0269 12 263 28 300
person 0.0261 4 235 21 285
person 0.0259 3 253 19 298
person 0.0248 0 231 16 306
person 0.0242 10 241 27 284
person 0.0240 8 223 25 264
person 0.0228 0 243 8 304
train 0.9256 43 144 321 291
train 0.0547 26 231 45 253
train 0.0525 22 204 337 340
train 0.0403 145 232 312 290
train 0.0397 149 147 313 206
train 0.0395 179 141 319 284
train 0.0345 238 155 311 290
train 0.0314 39 161 197 281
train 0.0289 279 218 310 279
train 0.0285 0 181 23 268
train 0.0265 227 139 394 293
train 0.0255 290 209 309 269
train 0.0242 52 256 299 333
train 0.0235 16 224 46 253
train 0.0230 289 237 310 272
train 0.0225 65 119 493 315
train 0.0222 41 196 137 255
train 0.0221 42 218 78 247
train 0.0219 40 216 114 247
train 0.0217 101 207 318 301
train 0.0208 42 188 96 249
