bottle 0.1487 138 0 180 27
bottle 0.0870 406 45 485 129
bottle 0.0725 338 0 367 50
bottle 0.0685 210 0 235 32
bottle 0.0578 202 0 226 31
bottle 0.0547 408 46 461 64
bottle 0.0528 199 0 217 30
bottle 0.0459 225 0 250 32
bottle 0.0450 463 45 492 77
bottle 0.0397 203 0 256 34
bottle 0.0383 179 0 203 23
bottle 0.0369 404 45 435 66
bottle 0.0367 342 0 367 28
bottle 0.0360 186 0 208 29
bottle 0.0359 135 0 157 28
bottle 0.0353 416 0 469 63
bottle 0.0350 463 44 496 101
bottle 0.0326 411 80 481 109
bottle 0.0292 147 0 197 30
bottle 0.0282 465 74 498 151
bottle 0.0279 476 47 497 82
bottle 0.0277 406 62 481 104
bottle 0.0275 470 57 493 94
bottle 0.0274 468 73 496 99
bottle 0.0260 404 45 476 73
bottle 0.0253 466 65 498 114
bottle 0.0251 444 87 482 143
bottle 0.0240 408 349 428 374
bottle 0.0237 406 28 462 87
bottle 0.0234 427 0 457 50
bottle 0.0216 191 0 206 19
bottle 0.0214 405 0 447 56
bottle 0.0210 121 6 148 34
bottle 0.0206 487 142 500 192
bottle 0.0206 460 95 483 144
bottle 0.0201 159 0 184 27
bottle 0.0201 476 65 498 97
car 0.0334 0 0 50 25
car 0.0210 30 0 165 30
cat 0.1508 404 43 489 114
cat 0.0660 455 44 493 77
cat 0.0638 407 44 488 70
cat 0.0597 405 45 454 64
cat 0.0257 404 45 467 85
chair 0.1585 92 0 142 36
chair 0.1508 404 39 489 114
chair 0.1376 362 30 489 264
chair 0.1344 397 31 493 167
chair 0.1176 333 0 368 55
chair 0.1116 287 0 346 42
chair 0.1057 234 1 268 35
chair 0.0820 315 30 463 315
chair 0.0820 340 19 481 137
chair 0.0697 422 59 494 210
chair 0.0687 212 0 263 35
chair 0.0686 397 7 490 94
chair 0.0680 274 0 310 41
chair 0.0668 114 0 176 32
chair 0.0655 243 0 292 38
chair 0.0610 209 0 237 32
chair 0.0609 0 12 430 375
chair 0.0598 309 0 365 44
chair 0.0595 344 13 366 56
chair 0.0586 139 0 188 28
chair 0.0562 242 13 272 36
chair 0.0554 261 0 361 52
chair 0.0511 286 1 405 58
chair 0.0492 175 43 475 325
chair 0.0466 306 13 456 101
chair 0.0463 456 80 499 191
chair 0.0462 356 3 443 92
chair 0.0459 294 24 463 186
chair 0.0447 408 39 487 78
chair 0.0446 227 2 251 34
chair 0.0425 434 41 496 89
chair 0.0423 306 8 341 46
chair 0.0423 236 0 333 39
chair 0.0420 267 1 290 39
chair 0.0409 0 0 64 37
chair 0.0408 412 74 486 147
chair 0.0405 451 117 498 219
chair 0.0395 415 0 478 74
chair 0.0394 333 23 363 53
chair 0.0393 331 13 350 49
chair 0.0390 259 2 280 37
chair 0.0387 375 29 472 76
chair 0.0378 452 22 496 81
chair 0.0367 164 0 204 27
chair 0.0364 354 19 370 58
chair 0.0361 431 45 498 130
chair 0.0355 180 1 254 32
chair 0.0352 347 53 440 229
chair 0.0348 44 97 127 244
chair 0.0346 197 0 220 31
chair 0.0343 31 20 156 295
chair 0.0342 419 20 500 307
chair 0.0338 0 6 48 54
chair 0.0334 175 0 218 31
chair 0.0333 422 0 459 56
chair 0.0318 261 86 431 334
chair 0.0316 299 15 361 54
chair 0.0314 322 18 342 46
chair 0.0310 348 86 490 358
chair 0.0307 351 1 384 59
chair 0.0298 436 9 490 73
chair 0.0298 423 93 495 169
chair 0.0289 401 8 462 62
chair 0.0283 364 46 467 91
chair 0.0278 369 36 444 69
chair 0.0271 294 2 321 38
chair 0.0270 208 2 304 44
chair 0.0268 403 43 478 65
chair 0.0268 228 16 264 34
chair 0.0266 129 2 194 41
chair 0.0265 474 72 500 155
chair 0.0263 382 103 474 278
chair 0.0262 248 16 287 36
chair 0.0262 425 118 484 218
chair 0.0255 252 0 438 236
chair 0.0253 331 0 416 74
chair 0.0253 283 7 303 43
chair 0.0246 230 0 266 19
chair 0.0244 275 41 443 123
chair 0.0244 318 15 347 53
chair 0.0241 248 0 271 31
chair 0.0238 440 105 486 190
chair 0.0237 467 46 499 98
chair 0.0236 30 30 313 294
chair 0.0236 345 137 437 309
chair 0.0233 301 17 334 42
chair 0.0230 49 135 163 253
chair 0.0230 355 44 445 148
chair 0.0229 234 0 381 73
chair 0.0228 322 19 374 56
chair 0.0226 359 2 399 60
chair 0.0218 178 0 278 52
chair 0.0217 387 24 458 102
chair 0.0215 10 0 87 52
chair 0.0212 117 212 455 328
chair 0.0210 350 9 433 61
chair 0.0209 377 168 472 324
chair 0.0208 353 66 500 156
chair 0.0200 258 9 296 41
chair 0.0200 54 64 210 300
diningtable 0.0564 77 0 194 36
diningtable 0.0384 129 0 208 32
diningtable 0.0324 4 0 130 48
diningtable 0.0313 169 0 261 34
diningtable 0.0260 193 0 329 49
diningtable 0.0233 149 3 276 49
person 0.1343 362 13 486 125
person 0.0845 356 1 448 63
person 0.0649 120 0 178 25
person 0.0510 335 1 412 60
person 0.0496 400 0 463 68
person 0.0450 306 8 445 107
person 0.0435 108 1 151 30
person 0.0420 338 0 368 40
person 0.0410 142 0 207 26
person 0.0310 216 0 264 37
person 0.0309 401 0 491 102
person 0.0302 0 0 51 21
person 0.0293 301 0 369 26
person 0.0286 173 0 219 30
person 0.0285 342 0 384 54
person 0.0280 234 0 275 38
person 0.0275 168 0 201 16
person 0.0274 190 0 231 34
person 0.0225 289 0 440 48
person 0.0217 282 0 368 60
person 0.0207 345 0 364 23
pottedplant 0.2695 84 0 143 35
pottedplant 0.2228 56 0 91 26
pottedplant 0.1402 59 0 118 29
pottedplant 0.1246 120 0 175 29
pottedplant 0.1123 139 1 181 24
pottedplant 0.1094 404 44 490 140
pottedplant 0.0821 39 0 158 33
pottedplant 0.0664 43 0 100 33
pottedplant 0.0663 10 0 82 28
pottedplant 0.0622 479 334 499 375
pottedplant 0.0576 397 356 436 375
pottedplant 0.0550 34 0 68 27
pottedplant 0.0550 339 0 367 41
pottedplant 0.0521 43 0 82 23
pottedplant 0.0479 93 2 123 35
pottedplant 0.0391 454 43 491 79
pottedplant 0.0359 79 0 176 46
pottedplant 0.0348 66 0 104 21
pottedplant 0.0327 463 74 498 152
pottedplant 0.0320 13 3 116 44
pottedplant 0.0297 105 0 162 23
pottedplant 0.0285 18 0 64 19
pottedplant 0.0282 455 333 500 375
pottedplant 0.0275 470 53 500 187
pottedplant 0.0273 455 50 497 118
pottedplant 0.0273 431 69 484 143
pottedplant 0.0263 105 0 136 30
pottedplant 0.0237 398 338 434 375
pottedplant 0.0225 82 0 123 19
pottedplant 0.0214 42 0 59 21
pottedplant 0.0213 421 316 497 375
pottedplant 0.0211 412 66 500 122
pottedplant 0.0208 48 0 66 20
pottedplant 0.0207 133 0 196 47
pottedplant 0.0206 87 0 110 29
pottedplant 0.0203 442 0 497 63
pottedplant 0.0202 327 0 375 31
pottedplant 0.0201 47 0 133 59
sofa 0.7187 62 26 448 326
sofa 0.0483 61 16 406 175
sofa 0.0429 284 9 486 122
sofa 0.0368 153 167 473 333
sofa 0.0348 36 123 369 302
sofa 0.0339 67 67 277 327
sofa 0.0336 202 5 453 191
sofa 0.0302 236 17 394 90
sofa 0.0247 53 28 223 252
sofa 0.0224 37 33 137 239
sofa 0.0214 0 33 358 234
sofa 0.0212 266 33 442 154
sofa 0.0209 157 20 340 91
tvmonitor 0.1447 0 0 52 40
tvmonitor 0.1119 286 0 347 41
tvmonitor 0.0852 0 0 46 21
tvmonitor 0.0741 0 0 79 54
tvmonitor 0.0723 106 0 183 33
tvmonitor 0.0719 12 2 89 33
tvmonitor 0.0638 139 0 191 25
tvmonitor 0.0591 0 6 40 30
tvmonitor 0.0539 24 0 128 30
tvmonitor 0.0400 128 0 219 32
tvmonitor 0.0391 0 9 24 42
tvmonitor 0.0272 302 0 343 29
tvmonitor 0.0231 168 0 264 36
tvmonitor 0.0223 465 93 499 166
tvmonitor 0.0210 2 13 46 36
tvmonitor 0.0203 17 2 64 23
