boat 0.0526 0 28 449 333
bottle 0.3139 206 171 236 235
bottle 0.2254 207 186 226 235
bottle 0.2183 220 171 253 233
bottle 0.1605 208 140 265 229
bottle 0.1600 100 4 127 84
bottle 0.1530 215 170 242 221
bottle 0.1480 414 0 497 119
bottle 0.1468 205 173 227 212
bottle 0.1416 273 155 298 203
bottle 0.1271 212 133 249 208
bottle 0.1265 275 156 312 192
bottle 0.1249 211 171 234 205
bottle 0.1236 114 218 144 281
bottle 0.1204 275 155 294 183
bottle 0.1199 111 2 127 37
bottle 0.1152 197 175 214 206
bottle 0.1095 171 135 217 219
bottle 0.1084 278 157 307 179
bottle 0.1064 102 1 126 46
bottle 0.1008 227 170 248 203
bottle 0.1007 183 172 211 206
bottle 0.0983 382 0 445 111
bottle 0.0969 191 162 229 227
bottle 0.0967 286 158 314 183
bottle 0.0943 201 183 215 224
bottle 0.0921 42 0 76 54
bottle 0.0914 126 0 149 45
bottle 0.0912 207 182 247 257
bottle 0.0910 235 169 254 202
bottle 0.0896 135 2 151 38
bottle 0.0887 436 0 492 82
bottle 0.0867 78 0 131 100
bottle 0.0831 117 0 138 43
bottle 0.0815 447 196 468 226
bottle 0.0814 168 162 213 205
bottle 0.0813 87 0 125 55
bottle 0.0801 279 157 336 199
bottle 0.0791 227 188 250 233
bottle 0.0788 113 9 127 60
bottle 0.0773 271 155 289 192
bottle 0.0762 107 8 122 63
bottle 0.0735 96 13 119 77
bottle 0.0730 181 167 215 229
bottle 0.0718 387 0 479 81
bottle 0.0712 17 0 80 74
bottle 0.0696 110 3 142 80
bottle 0.0694 210 166 249 198
bottle 0.0678 75 2 104 75
bottle 0.0677 221 153 252 200
bottle 0.0674 198 186 229 265
bottle 0.0668 252 163 271 197
bottle 0.0665 107 201 158 279
bottle 0.0664 426 0 457 57
bottle 0.0656 387 1 437 66
bottle 0.0650 251 153 287 210
bottle 0.0648 296 155 318 181
bottle 0.0645 219 189 241 232
bottle 0.0635 96 3 118 34
bottle 0.0634 1 0 46 46
bottle 0.0621 76 8 94 64
bottle 0.0618 191 177 209 216
bottle 0.0614 75 7 91 37
bottle 0.0611 81 5 96 37
bottle 0.0609 267 159 310 218
bottle 0.0604 201 168 256 278
bottle 0.0602 233 180 254 228
bottle 0.0594 90 214 117 258
bottle 0.0592 21 57 44 106
bottle 0.0590 245 167 262 201
bottle 0.0589 97 206 139 272
bottle 0.0588 258 162 278 199
bottle 0.0587 226 172 275 233
bottle 0.0587 70 2 93 44
bottle 0.0584 200 195 218 235
bottle 0.0573 371 343 406 375
bottle 0.0571 42 0 77 27
bottle 0.0569 337 201 361 235
bottle 0.0563 202 141 232 207
bottle 0.0562 294 157 311 177
bottle 0.0553 244 136 278 199
bottle 0.0553 202 262 231 284
bottle 0.0548 99 11 114 61
bottle 0.0547 48 3 70 39
bottle 0.0546 225 160 259 214
bottle 0.0543 138 0 186 25
bottle 0.0543 206 167 226 196
bottle 0.0539 92 209 114 240
bottle 0.0539 183 0 209 23
bottle 0.0536 121 212 153 234
bottle 0.0530 51 0 91 48
bottle 0.0528 98 0 159 100
bottle 0.0527 0 282 104 374
bottle 0.0525 185 156 219 210
bottle 0.0524 197 166 217 197
bottle 0.0523 83 1 115 40
bottle 0.0516 113 223 130 271
bottle 0.0515 220 127 262 197
bottle 0.0510 289 144 326 190
bottle 0.0509 4 0 53 77
bottle 0.0508 386 24 401 61
bottle 0.0506 121 213 151 271
bottle 0.0504 334 154 362 178
bottle 0.0498 282 156 331 181
bottle 0.0497 98 0 137 34
bottle 0.0495 23 0 107 104
bottle 0.0492 133 5 150 64
bottle 0.0481 82 195 122 260
bottle 0.0476 192 194 208 233
bottle 0.0476 87 6 111 66
bottle 0.0475 118 8 136 67
bottle 0.0473 86 194 112 239
bottle 0.0471 263 163 291 211
bottle 0.0470 185 138 247 250
bottle 0.0469 98 154 167 276
bottle 0.0465 255 168 295 230
bottle 0.0463 11 0 69 29
bottle 0.0463 419 0 481 60
bottle 0.0461 266 146 322 181
bottle 0.0461 245 160 264 186
bottle 0.0459 129 0 157 31
bottle 0.0452 236 163 255 187
bottle 0.0450 128 5 169 75
bottle 0.0449 58 0 89 24
bottle 0.0448 57 0 123 69
bottle 0.0446 230 164 274 205
bottle 0.0441 454 0 491 58
bottle 0.0433 78 2 103 26
bottle 0.0433 219 169 255 191
bottle 0.0429 249 147 273 178
bottle 0.0427 133 0 178 46
bottle 0.0425 259 140 295 198
bottle 0.0424 404 36 428 91
bottle 0.0423 87 2 125 27
bottle 0.0418 98 220 123 268
bottle 0.0414 305 151 327 182
bottle 0.0414 340 145 365 176
bottle 0.0413 337 144 373 205
bottle 0.0412 134 5 194 84
bottle 0.0412 267 157 297 175
bottle 0.0411 115 219 131 245
bottle 0.0410 370 27 385 61
bottle 0.0406 181 2 211 44
bottle 0.0404 227 148 259 190
bottle 0.0400 434 1 456 40
bottle 0.0400 240 147 268 189
bottle 0.0400 118 218 137 264
bottle 0.0394 279 166 303 206
bottle 0.0392 425 6 473 94
bottle 0.0389 128 210 157 254
bottle 0.0389 270 152 288 174
bottle 0.0388 335 146 362 191
bottle 0.0385 443 181 474 227
bottle 0.0385 88 9 106 44
bottle 0.0384 305 161 345 182
bottle 0.0383 66 3 86 33
bottle 0.0381 98 221 122 242
bottle 0.0381 186 171 224 198
bottle 0.0381 283 161 315 206
bottle 0.0381 131 210 163 231
bottle 0.0381 0 296 46 370
bottle 0.0376 381 25 394 61
bottle 0.0375 166 138 228 267
bottle 0.0374 441 78 459 117
bottle 0.0373 260 149 279 180
bottle 0.0372 256 159 282 185
bottle 0.0370 207 155 225 188
bottle 0.0369 447 84 465 119
bottle 0.0367 158 207 200 275
bottle 0.0366 276 177 295 210
bottle 0.0363 202 267 253 285
bottle 0.0358 196 172 243 204
bottle 0.0358 112 217 136 235
bottle 0.0358 318 150 360 180
bottle 0.0355 180 193 216 265
bottle 0.0354 137 212 189 277
bottle 0.0353 364 25 381 61
bottle 0.0352 5 0 48 22
bottle 0.0352 190 15 208 42
bottle 0.0351 29 23 74 101
bottle 0.0350 380 0 424 51
bottle 0.0345 239 169 266 218
bottle 0.0342 94 182 138 244
bottle 0.0342 144 2 185 63
bottle 0.0340 203 177 234 197
bottle 0.0336 339 156 378 177
bottle 0.0334 131 19 145 63
bottle 0.0333 289 156 354 187
bottle 0.0332 212 151 233 189
bottle 0.0329 445 195 487 229
bottle 0.0329 70 1 117 24
bottle 0.0326 100 8 130 28
bottle 0.0325 405 0 450 57
bottle 0.0324 110 204 204 281
bottle 0.0323 274 174 343 225
bottle 0.0321 214 159 245 185
bottle 0.0319 161 173 204 240
bottle 0.0318 194 181 223 223
bottle 0.0318 277 147 294 171
bottle 0.0318 331 185 366 234
bottle 0.0315 120 223 167 286
bottle 0.0314 66 3 97 23
bottle 0.0313 250 170 278 223
bottle 0.0311 449 185 466 218
bottle 0.0311 192 139 221 196
bottle 0.0310 233 191 264 235
bottle 0.0310 73 224 133 271
bottle 0.0309 282 155 319 173
bottle 0.0307 199 151 218 190
bottle 0.0305 114 208 160 242
bottle 0.0305 306 197 365 296
bottle 0.0303 139 0 163 24
bottle 0.0303 381 5 407 69
bottle 0.0302 320 154 369 201
bottle 0.0301 0 317 78 371
bottle 0.0300 172 18 186 62
bottle 0.0300 402 43 421 83
bottle 0.0300 184 204 202 236
bottle 0.0300 342 158 366 198
bottle 0.0298 99 195 158 237
bottle 0.0297 110 210 176 258
bottle 0.0296 436 0 487 43
bottle 0.0295 111 212 135 255
bottle 0.0295 171 189 225 238
bottle 0.0294 213 162 268 194
bottle 0.0291 303 149 347 202
bottle 0.0291 30 0 101 54
bottle 0.0289 262 142 290 178
bottle 0.0287 29 61 49 100
bottle 0.0287 136 8 163 60
bottle 0.0286 0 0 97 160
bottle 0.0283 105 227 126 277
bottle 0.0283 478 0 500 67
bottle 0.0282 156 207 194 236
bottle 0.0281 265 179 311 241
bottle 0.0281 161 209 191 254
bottle 0.0280 329 141 354 176
bottle 0.0280 258 158 304 184
bottle 0.0277 416 0 456 31
bottle 0.0276 385 29 405 76
bottle 0.0275 301 163 331 187
bottle 0.0275 264 152 310 174
bottle 0.0274 177 0 233 25
bottle 0.0274 428 0 456 22
bottle 0.0274 0 266 83 336
bottle 0.0273 90 17 105 63
bottle 0.0272 194 200 295 339
bottle 0.0271 0 347 41 375
bottle 0.0270 372 296 421 373
bottle 0.0270 228 194 276 254
bottle 0.0270 185 194 203 222
bottle 0.0270 453 85 473 119
bottle 0.0269 237 168 270 188
bottle 0.0268 254 158 288 175
bottle 0.0268 179 186 207 210
bottle 0.0267 94 231 148 281
bottle 0.0267 111 20 129 75
bottle 0.0265 254 146 283 172
bottle 0.0265 351 147 373 176
bottle 0.0264 429 17 453 74
bottle 0.0263 139 163 216 278
bottle 0.0262 152 0 207 23
bottle 0.0262 389 46 402 75
bottle 0.0261 70 214 173 282
bottle 0.0261 48 8 86 92
bottle 0.0261 0 246 89 299
bottle 0.0260 344 138 376 180
bottle 0.0260 99 218 129 235
bottle 0.0259 381 17 420 100
bottle 0.0257 342 324 415 374
bottle 0.0256 241 190 303 237
bottle 0.0255 300 144 319 173
bottle 0.0255 64 6 86 57
bottle 0.0254 461 1 484 42
bottle 0.0253 170 173 199 207
bottle 0.0253 236 163 274 180
bottle 0.0253 104 210 142 237
bottle 0.0252 159 288 304 374
bottle 0.0252 111 0 146 28
bottle 0.0252 434 62 460 116
bottle 0.0252 349 203 372 237
bottle 0.0252 438 12 457 58
bottle 0.0250 190 197 237 285
bottle 0.0248 118 206 178 232
bottle 0.0248 447 179 497 227
bottle 0.0248 13 70 27 105
bottle 0.0247 138 213 160 246
bottle 0.0246 69 14 83 52
bottle 0.0246 151 22 172 59
bottle 0.0245 65 0 108 41
bottle 0.0244 4 73 19 110
bottle 0.0243 165 0 205 54
bottle 0.0243 470 1 492 40
bottle 0.0243 326 22 339 55
bottle 0.0242 299 216 346 288
bottle 0.0241 17 2 46 37
bottle 0.0241 286 140 316 178
bottle 0.0240 139 8 157 44
bottle 0.0240 145 210 174 230
bottle 0.0240 278 185 304 208
bottle 0.0240 116 206 140 233
bus 0.0300 16 39 367 326
car 0.0247 140 95 180 112
chair 0.1148 297 252 419 375
chair 0.0926 242 188 365 371
chair 0.0841 3 141 115 266
chair 0.0774 328 193 432 375
chair 0.0709 168 248 338 371
chair 0.0702 0 203 23 271
chair 0.0676 296 164 423 300
chair 0.0658 2 260 116 375
chair 0.0626 4 188 137 282
chair 0.0593 269 218 494 375
chair 0.0558 362 261 491 375
chair 0.0531 375 187 454 293
chair 0.0516 263 151 500 328
chair 0.0482 3 194 44 265
chair 0.0480 2 195 87 265
chair 0.0476 207 198 331 342
chair 0.0460 462 60 500 121
chair 0.0457 2 155 60 270
chair 0.0426 85 129 204 218
chair 0.0421 0 305 91 374
chair 0.0411 0 175 131 371
chair 0.0405 0 221 121 312
chair 0.0397 0 339 92 374
chair 0.0396 290 240 359 373
chair 0.0380 349 268 433 372
chair 0.0374 341 162 449 272
chair 0.0373 329 201 444 294
chair 0.0362 213 269 312 375
chair 0.0360 371 209 488 343
chair 0.0359 365 135 480 281
chair 0.0347 289 190 359 308
chair 0.0345 450 78 495 121
chair 0.0336 1 230 80 269
chair 0.0334 281 223 438 314
chair 0.0324 445 81 467 120
chair 0.0318 212 147 263 178
chair 0.0315 361 315 500 373
chair 0.0313 218 296 392 375
chair 0.0308 298 315 437 373
chair 0.0293 255 253 340 375
chair 0.0291 253 147 411 232
chair 0.0291 38 163 170 268
chair 0.0290 44 267 215 367
chair 0.0289 480 63 499 108
chair 0.0284 0 353 77 375
chair 0.0280 0 152 30 276
chair 0.0279 94 170 203 227
chair 0.0279 0 315 170 372
chair 0.0273 86 151 185 252
chair 0.0271 0 244 86 279
chair 0.0270 121 284 295 375
chair 0.0265 295 170 426 238
chair 0.0264 471 79 493 115
chair 0.0260 326 149 458 222
chair 0.0256 439 66 472 119
chair 0.0254 265 207 346 323
chair 0.0245 308 210 385 340
chair 0.0242 0 323 47 375
chair 0.0238 0 223 43 273
chair 0.0228 462 85 484 118
chair 0.0224 313 197 376 295
chair 0.0223 309 243 437 299
chair 0.0220 379 286 445 374
chair 0.0220 474 44 500 113
chair 0.0216 0 243 59 364
chair 0.0216 306 226 362 317
chair 0.0215 463 89 498 122
chair 0.0213 363 338 463 373
chair 0.0208 434 85 481 123
chair 0.0207 0 208 21 245
chair 0.0207 402 178 489 251
chair 0.0206 183 70 217 121
chair 0.0205 361 227 437 347
chair 0.0203 0 217 63 260
chair 0.0201 86 162 156 233
chair 0.0200 397 200 490 275
diningtable 0.6518 4 227 360 367
diningtable 0.3721 79 154 419 369
diningtable 0.2748 62 193 364 321
diningtable 0.2208 164 212 474 375
diningtable 0.2098 19 139 311 295
diningtable 0.1403 104 147 356 266
diningtable 0.1337 3 255 230 373
diningtable 0.1276 22 209 287 293
diningtable 0.1261 92 257 322 371
diningtable 0.1236 198 154 386 340
diningtable 0.1198 205 166 320 229
diningtable 0.1084 154 187 342 265
diningtable 0.1074 43 181 263 271
diningtable 0.0921 57 94 412 266
diningtable 0.0881 5 183 161 371
diningtable 0.0832 182 214 345 365
diningtable 0.0827 83 138 267 242
diningtable 0.0818 212 148 351 214
diningtable 0.0747 204 138 389 244
diningtable 0.0724 162 163 277 226
diningtable 0.0696 1 209 160 280
diningtable 0.0692 190 202 356 288
diningtable 0.0658 195 158 295 204
diningtable 0.0645 204 175 275 218
diningtable 0.0638 0 227 214 320
diningtable 0.0594 0 153 178 273
diningtable 0.0576 15 301 282 371
diningtable 0.0572 209 179 291 240
diningtable 0.0557 106 151 236 224
diningtable 0.0547 135 190 275 244
diningtable 0.0542 211 184 359 246
diningtable 0.0538 235 160 438 268
diningtable 0.0518 251 154 500 361
diningtable 0.0513 147 278 419 375
diningtable 0.0497 95 229 311 300
diningtable 0.0460 189 181 278 269
diningtable 0.0460 201 125 265 216
diningtable 0.0445 84 193 208 281
diningtable 0.0443 178 136 303 211
diningtable 0.0420 113 188 290 358
diningtable 0.0411 153 156 242 211
diningtable 0.0402 242 168 365 232
diningtable 0.0397 150 166 249 252
diningtable 0.0379 97 179 228 240
diningtable 0.0375 115 203 241 263
diningtable 0.0369 0 292 122 373
diningtable 0.0364 203 198 313 250
diningtable 0.0358 188 171 249 232
diningtable 0.0344 140 67 500 316
diningtable 0.0338 0 255 144 343
diningtable 0.0331 243 240 431 367
diningtable 0.0320 138 207 292 276
diningtable 0.0313 234 171 318 211
diningtable 0.0300 252 200 413 274
diningtable 0.0297 63 209 206 369
diningtable 0.0297 95 212 230 312
diningtable 0.0296 0 95 271 375
diningtable 0.0295 202 193 272 232
diningtable 0.0260 133 126 248 208
diningtable 0.0254 251 160 333 261
diningtable 0.0249 213 212 331 266
diningtable 0.0249 220 232 353 294
diningtable 0.0241 223 172 319 280
diningtable 0.0241 174 170 247 203
diningtable 0.0240 163 201 238 232
diningtable 0.0236 207 151 268 188
diningtable 0.0235 287 270 500 375
diningtable 0.0228 0 236 126 287
diningtable 0.0226 46 222 189 279
diningtable 0.0224 166 182 238 222
diningtable 0.0220 143 297 306 372
diningtable 0.0218 249 198 335 236
diningtable 0.0218 252 184 337 223
diningtable 0.0210 190 226 304 278
diningtable 0.0207 182 199 250 276
diningtable 0.0205 247 198 336 311
person 0.8307 3 99 118 266
person 0.7521 95 102 200 226
person 0.7168 336 89 471 370
person 0.7096 166 101 222 202
person 0.6964 289 90 428 361
person 0.6574 213 124 269 178
person 0.6157 42 100 188 256
person 0.5076 301 94 370 207
person 0.4494 387 98 500 356
person 0.4192 277 93 380 246
person 0.3357 256 101 363 190
person 0.3005 314 93 455 268
person 0.2730 226 103 389 342
person 0.2698 207 128 270 216
person 0.2627 418 114 494 229
person 0.2458 277 130 366 217
person 0.2452 415 116 470 201
person 0.2345 214 121 334 179
person 0.2239 309 88 407 228
person 0.2229 43 123 253 321
person 0.2217 321 95 361 174
person 0.2185 205 106 358 223
person 0.2080 183 101 256 205
person 0.2061 100 132 332 335
person 0.1943 90 90 120 132
person 0.1908 9 97 106 193
person 0.1901 127 99 236 216
person 0.1857 425 0 496 119
person 0.1743 72 96 158 231
person 0.1654 372 99 471 263
person 0.1617 196 28 250 126
person 0.1611 294 195 460 375
person 0.1583 176 99 223 154
person 0.1537 81 93 124 151
person 0.1527 228 94 438 217
person 0.1480 85 104 349 257
person 0.1453 333 93 431 185
person 0.1363 174 113 232 178
person 0.1328 4 120 151 348
person 0.1285 448 108 500 205
person 0.1252 205 112 246 169
person 0.1243 174 58 243 176
person 0.1232 255 143 351 282
person 0.1222 84 98 175 183
person 0.1208 354 24 492 217
person 0.1198 232 129 278 173
person 0.1172 129 99 191 193
person 0.1172 165 115 236 242
person 0.1139 191 27 208 64
person 0.1105 423 69 444 118
person 0.1071 329 112 370 205
person 0.1071 362 101 461 192
person 0.1055 216 91 284 177
person 0.1042 265 119 412 288
person 0.1030 322 95 500 204
person 0.1021 354 65 395 96
person 0.1008 266 24 286 55
person 0.1003 431 114 489 190
person 0.0991 226 151 361 213
person 0.0990 90 153 213 263
person 0.0976 133 86 427 297
person 0.0975 415 70 437 119
person 0.0969 200 101 228 145
person 0.0967 287 55 316 104
person 0.0967 403 62 433 119
person 0.0965 251 140 335 199
person 0.0955 410 22 500 168
person 0.0940 117 126 273 251
person 0.0932 91 101 138 163
person 0.0919 409 106 458 178
person 0.0891 216 139 327 248
person 0.0886 180 91 314 192
person 0.0885 181 123 296 265
person 0.0882 383 0 482 115
person 0.0868 240 121 293 179
person 0.0862 212 127 249 148
person 0.0856 13 50 122 217
person 0.0847 372 68 395 96
person 0.0824 224 133 310 193
person 0.0820 317 93 353 147
person 0.0809 207 110 238 149
person 0.0807 224 47 486 357
person 0.0805 75 100 131 180
person 0.0800 333 92 369 159
person 0.0798 204 68 391 195
person 0.0793 316 131 363 179
person 0.0793 151 100 183 157
person 0.0789 11 93 87 159
person 0.0782 324 101 394 179
person 0.0773 204 36 271 160
person 0.0769 415 94 500 175
person 0.0768 100 100 195 154
person 0.0766 274 159 342 207
person 0.0764 281 145 375 333
person 0.0752 62 96 114 167
person 0.0751 281 90 346 174
person 0.0746 169 24 239 132
person 0.0723 158 98 211 162
person 0.0720 190 29 229 82
person 0.0711 87 90 113 117
person 0.0703 100 91 121 122
person 0.0700 218 125 242 159
person 0.0693 207 133 249 189
person 0.0689 260 94 280 131
person 0.0686 6 3 86 148
person 0.0686 209 103 233 136
person 0.0684 205 79 247 141
person 0.0683 341 90 385 167
person 0.0675 460 95 500 161
person 0.0657 380 198 482 375
person 0.0652 284 162 362 229
person 0.0651 159 129 212 215
person 0.0647 205 120 226 151
person 0.0641 24 0 109 117
person 0.0639 318 127 375 230
person 0.0638 410 78 450 145
person 0.0637 189 109 269 168
person 0.0637 187 26 214 92
person 0.0636 300 180 370 297
person 0.0633 308 105 347 178
person 0.0628 196 100 255 153
person 0.0626 38 95 100 153
person 0.0622 3 83 19 122
person 0.0619 285 108 300 132
person 0.0618 328 119 440 224
person 0.0613 0 43 413 353
person 0.0607 111 97 130 129
person 0.0597 219 56 313 176
person 0.0589 48 81 286 221
person 0.0588 471 104 500 188
person 0.0587 182 23 205 68
person 0.0584 20 90 203 195
person 0.0584 454 21 497 118
person 0.0580 320 95 340 134
person 0.0576 268 145 312 200
person 0.0572 306 145 357 184
person 0.0572 302 258 413 373
person 0.0567 381 86 442 171
person 0.0567 198 34 245 90
person 0.0565 377 46 477 175
person 0.0563 215 116 244 138
person 0.0563 5 96 39 169
person 0.0563 364 89 428 138
person 0.0559 296 22 446 210
person 0.0557 458 67 497 130
person 0.0556 424 80 463 143
person 0.0554 253 125 325 173
person 0.0550 404 119 484 294
person 0.0549 396 79 435 143
person 0.0549 415 53 500 278
person 0.0541 169 102 201 149
person 0.0538 85 20 209 188
person 0.0538 436 96 490 160
person 0.0537 96 95 134 134
person 0.0536 22 94 139 156
person 0.0529 291 118 357 185
person 0.0526 77 92 111 135
person 0.0524 54 94 122 135
person 0.0523 191 55 234 133
person 0.0519 347 66 389 121
person 0.0519 278 151 363 193
person 0.0516 415 100 473 156
person 0.0513 223 128 266 148
person 0.0510 257 47 291 128
person 0.0503 204 132 225 165
person 0.0501 335 126 367 176
person 0.0496 351 104 376 162
person 0.0495 209 187 331 312
person 0.0493 278 68 291 106
person 0.0493 281 106 293 129
person 0.0486 324 74 380 152
person 0.0486 352 77 412 118
person 0.0485 397 31 432 114
person 0.0485 192 99 222 128
person 0.0484 211 118 271 148
person 0.0482 184 125 223 195
person 0.0481 104 73 231 169
person 0.0480 255 72 284 133
person 0.0480 244 83 296 170
person 0.0476 0 179 372 375
person 0.0475 99 103 124 140
person 0.0474 301 106 319 133
person 0.0471 242 142 302 213
person 0.0471 317 344 410 375
person 0.0470 17 87 62 143
person 0.0469 440 68 485 127
person 0.0469 262 70 277 110
person 0.0467 353 80 417 156
person 0.0467 299 103 334 172
person 0.0465 190 28 218 53
person 0.0464 402 22 448 122
person 0.0464 326 125 402 204
person 0.0462 285 62 322 126
person 0.0462 224 139 261 182
person 0.0460 126 98 234 155
person 0.0460 455 140 499 234
person 0.0455 52 103 116 215
person 0.0454 2 0 45 34
person 0.0453 229 42 284 136
person 0.0453 158 111 189 175
person 0.0453 0 67 108 164
person 0.0452 431 87 493 134
person 0.0452 145 22 250 171
person 0.0448 259 54 281 111
person 0.0447 314 98 337 147
person 0.0445 299 75 418 172
person 0.0443 296 311 428 374
person 0.0443 96 111 126 157
person 0.0441 21 60 46 108
person 0.0440 271 51 307 123
person 0.0439 144 13 221 121
person 0.0438 401 70 424 111
person 0.0437 229 131 258 169
person 0.0435 284 59 303 100
person 0.0433 62 0 139 118
person 0.0433 211 129 239 168
person 0.0432 94 96 170 135
person 0.0432 431 132 465 193
person 0.0432 429 66 461 120
person 0.0431 319 94 357 113
person 0.0429 176 21 190 62
person 0.0429 218 118 256 134
person 0.0428 31 107 102 237
person 0.0422 137 96 189 138
person 0.0422 78 127 130 231
person 0.0422 163 105 186 148
person 0.0422 215 107 239 133
person 0.0421 281 98 303 133
person 0.0421 9 112 81 226
person 0.0421 300 133 335 184
person 0.0421 0 81 24 137
person 0.0420 229 137 278 205
person 0.0420 29 90 79 145
person 0.0419 290 110 311 131
person 0.0419 64 94 99 147
person 0.0419 370 77 500 146
person 0.0419 215 55 259 132
person 0.0418 409 132 458 222
person 0.0418 261 85 322 169
person 0.0416 440 0 499 74
person 0.0416 200 34 230 64
person 0.0414 294 170 387 255
person 0.0412 337 95 360 136
person 0.0412 428 79 450 118
person 0.0410 307 104 325 134
person 0.0410 97 12 128 82
person 0.0410 57 97 91 162
person 0.0409 266 139 353 178
person 0.0409 354 129 444 277
person 0.0409 421 40 474 126
person 0.0409 14 106 66 177
person 0.0408 262 23 288 79
person 0.0407 325 88 441 143
person 0.0406 300 88 343 152
person 0.0405 346 9 441 145
person 0.0404 441 109 500 292
person 0.0403 265 64 287 115
person 0.0403 79 91 99 127
person 0.0402 283 125 333 191
person 0.0402 440 83 459 119
person 0.0401 315 178 376 231
person 0.0401 74 90 166 151
person 0.0398 108 101 146 150
person 0.0397 282 114 405 193
person 0.0395 7 83 27 115
person 0.0394 320 92 342 116
person 0.0394 147 111 180 185
person 0.0393 177 75 217 138
person 0.0392 208 102 262 139
person 0.0391 242 62 278 132
person 0.0390 73 59 131 145
person 0.0390 399 72 461 128
person 0.0387 270 72 285 109
person 0.0386 147 43 345 189
person 0.0386 182 102 239 138
person 0.0384 374 75 421 126
person 0.0383 336 61 401 107
person 0.0382 274 56 294 105
person 0.0382 327 94 408 131
person 0.0380 168 13 221 89
person 0.0377 0 167 105 375
person 0.0376 1 70 33 125
person 0.0375 167 120 196 166
person 0.0375 294 99 339 136
person 0.0374 346 97 366 140
person 0.0373 346 36 389 96
person 0.0373 240 131 268 166
person 0.0373 389 109 479 166
person 0.0373 92 2 188 124
person 0.0371 471 74 500 145
person 0.0371 307 151 418 243
person 0.0370 211 96 231 125
person 0.0370 178 39 217 123
person 0.0370 429 116 462 165
person 0.0369 384 65 401 94
person 0.0368 172 17 199 71
person 0.0367 248 66 500 180
person 0.0367 112 150 211 222
person 0.0365 113 95 129 118
person 0.0365 456 126 491 195
pottedplant 0.1029 330 0 409 59
pottedplant 0.0882 356 1 435 62
pottedplant 0.0843 379 0 444 107
pottedplant 0.0819 354 0 391 56
pottedplant 0.0737 339 2 422 92
pottedplant 0.0675 338 0 392 31
pottedplant 0.0606 371 0 402 61
pottedplant 0.0566 335 0 481 113
pottedplant 0.0509 382 0 421 59
pottedplant 0.0450 383 9 404 61
pottedplant 0.0430 328 7 371 58
pottedplant 0.0409 343 6 390 82
pottedplant 0.0401 397 0 436 65
pottedplant 0.0382 313 0 457 73
pottedplant 0.0381 359 0 410 45
pottedplant 0.0352 351 0 394 20
pottedplant 0.0331 301 0 453 184
pottedplant 0.0329 358 1 385 32
pottedplant 0.0321 361 6 404 84
pottedplant 0.0320 370 15 387 60
pottedplant 0.0315 380 15 395 59
pottedplant 0.0313 373 0 447 40
pottedplant 0.0307 327 7 377 30
pottedplant 0.0289 362 15 381 59
pottedplant 0.0283 257 4 436 126
pottedplant 0.0268 396 14 429 88
pottedplant 0.0245 288 2 369 130
pottedplant 0.0234 385 31 404 59
pottedplant 0.0231 319 0 425 33
pottedplant 0.0226 359 17 397 62
pottedplant 0.0221 326 9 356 50
pottedplant 0.0216 352 44 406 94
pottedplant 0.0215 341 0 377 23
pottedplant 0.0213 314 0 376 45
pottedplant 0.0211 282 0 405 80
pottedplant 0.0201 364 33 384 60
sofa 0.1048 100 111 287 236
sofa 0.0800 31 79 483 299
sofa 0.0796 29 120 241 254
sofa 0.0774 219 113 450 262
train 0.0521 23 69 361 248
train 0.0335 194 3 485 340
train 0.0288 129 73 430 183
train 0.0265 0 0 253 315
train 0.0207 146 12 420 253
train 0.0202 314 0 500 241
tvmonitor 0.0794 350 63 395 96
tvmonitor 0.0594 4 0 77 104
tvmonitor 0.0501 20 56 48 108
tvmonitor 0.0386 253 5 333 55
tvmonitor 0.0378 5 0 165 139
tvmonitor 0.0346 27 52 72 103
tvmonitor 0.0319 275 15 330 51
tvmonitor 0.0316 329 21 372 60
tvmonitor 0.0309 332 2 404 102
tvmonitor 0.0301 6 49 40 115
tvmonitor 0.0295 161 6 260 75
tvmonitor 0.0294 323 55 394 103
tvmonitor 0.0277 267 2 387 57
tvmonitor 0.0276 130 7 222 89
tvmonitor 0.0275 43 0 247 145
tvmonitor 0.0269 0 0 97 181
tvmonitor 0.0266 447 0 493 46
tvmonitor 0.0266 262 9 336 106
tvmonitor 0.0259 191 4 422 163
tvmonitor 0.0239 189 12 284 88
tvmonitor 0.0238 2 0 49 52
tvmonitor 0.0223 226 0 356 47
tvmonitor 0.0220 192 5 337 60
tvmonitor 0.0214 3 15 46 119
tvmonitor 0.0211 334 44 426 108
tvmonitor 0.0206 191 14 344 130
tvmonitor 0.0205 31 11 75 56
tvmonitor 0.0203 121 0 264 40
tvmonitor 0.0203 180 0 246 21
