aeroplane 0.0639 0 265 219 383
aeroplane 0.0244 233 271 270 301
bird 0.0830 0 25 276 380
bird 0.0529 90 43 172 281
bird 0.0381 5 0 117 288
bird 0.0229 124 0 288 303
bird 0.0212 8 101 165 343
bird 0.0207 72 90 95 141
bird 0.0203 53 74 155 293
boat 0.0322 4 96 79 284
boat 0.0315 0 270 214 381
boat 0.0246 72 91 94 128
boat 0.0202 109 261 169 285
bottle 0.0253 98 259 174 301
bus 0.0511 0 0 288 343
car 0.0567 241 281 271 302
car 0.0472 237 267 284 301
car 0.0460 1 292 49 384
car 0.0447 4 271 102 384
car 0.0427 0 332 25 384
car 0.0387 0 338 48 383
car 0.0348 0 366 25 384
car 0.0281 1 288 24 305
car 0.0275 0 348 15 383
car 0.0266 0 325 84 384
car 0.0251 267 280 288 299
car 0.0238 246 279 287 300
car 0.0227 0 354 33 383
car 0.0225 227 275 274 305
car 0.0220 5 286 26 299
car 0.0213 4 116 56 283
car 0.0206 253 270 288 314
cat 0.1225 0 0 242 375
cat 0.0585 88 27 175 276
cat 0.0484 8 34 106 325
cat 0.0321 110 0 275 341
cat 0.0266 0 0 201 195
cat 0.0204 187 27 288 330
person 0.0931 0 329 12 382
person 0.0664 1 316 26 384
person 0.0516 1 312 48 384
person 0.0502 2 340 17 382
person 0.0457 0 0 139 372
person 0.0372 1 350 29 383
person 0.0299 275 270 287 298
person 0.0291 241 281 264 301
person 0.0271 0 303 15 381
person 0.0267 3 324 16 366
person 0.0261 246 354 263 373
person 0.0254 12 354 27 384
person 0.0251 219 255 232 295
person 0.0248 0 328 13 358
person 0.0242 2 354 54 382
person 0.0235 0 305 87 384
person 0.0233 3 366 36 383
person 0.0233 217 236 228 268
person 0.0225 6 339 21 379
person 0.0210 242 273 256 301
person 0.0209 231 277 271 303
person 0.0207 8 332 36 382
person 0.0203 281 272 288 305
person 0.0200 250 300 285 384
train 0.5720 0 261 288 373
train 0.1388 0 130 283 377
train 0.1311 111 280 288 380
train 0.1257 220 286 286 381
train 0.0402 0 288 173 384
train 0.0355 203 234 286 384
train 0.0328 3 191 195 369
train 0.0294 77 206 288 362
train 0.0246 238 278 287 354
train 0.0243 3 253 97 380
train 0.0211 201 328 288 384
train 0.0204 227 268 288 318
