bicycle 0.0203 114 144 178 199
bird 0.0524 138 144 162 179
bird 0.0228 118 143 163 180
bird 0.0210 135 145 180 189
boat 0.0240 0 0 443 256
chair 0.0222 132 144 164 192
cow 0.7886 345 175 498 312
cow 0.7849 200 177 341 281
cow 0.7499 48 166 146 308
cow 0.6558 135 173 192 284
cow 0.4823 322 183 381 290
cow 0.3189 84 167 173 304
cow 0.2171 284 181 360 281
cow 0.2028 424 183 496 311
cow 0.1976 310 174 448 294
cow 0.1613 236 179 480 308
cow 0.1454 125 160 181 260
cow 0.1423 333 178 367 204
cow 0.1361 341 181 416 299
cow 0.1307 323 177 377 235
cow 0.1108 106 169 160 273
cow 0.1083 129 171 319 293
cow 0.0989 199 181 258 276
cow 0.0978 341 175 404 205
cow 0.0953 326 203 366 282
cow 0.0952 309 185 367 254
cow 0.0902 326 173 401 252
cow 0.0859 334 176 383 213
cow 0.0833 310 178 368 217
cow 0.0811 368 179 500 252
cow 0.0790 474 176 500 242
cow 0.0722 197 213 240 280
cow 0.0713 147 206 188 284
cow 0.0709 134 168 191 232
cow 0.0709 20 160 202 295
cow 0.0700 251 189 330 281
cow 0.0681 74 171 258 304
cow 0.0675 456 182 499 250
cow 0.0671 80 198 140 314
cow 0.0647 363 175 408 195
cow 0.0639 481 176 500 219
cow 0.0632 68 167 151 254
cow 0.0631 319 186 362 228
cow 0.0598 47 201 108 309
cow 0.0588 149 173 263 275
cow 0.0571 337 176 389 196
cow 0.0552 62 163 187 229
cow 0.0549 362 177 408 266
cow 0.0537 108 164 154 232
cow 0.0518 358 174 413 226
cow 0.0517 136 138 204 255
cow 0.0492 0 199 159 321
cow 0.0459 199 218 318 278
cow 0.0450 296 183 350 240
cow 0.0449 128 204 217 303
cow 0.0436 127 149 169 219
cow 0.0422 366 201 426 305
cow 0.0421 479 175 500 199
cow 0.0421 435 235 486 316
cow 0.0420 362 175 425 206
cow 0.0406 149 178 190 253
cow 0.0397 47 164 129 234
cow 0.0396 326 188 358 216
cow 0.0387 279 210 336 281
cow 0.0385 50 231 91 309
cow 0.0383 135 195 173 280
cow 0.0378 242 175 382 238
cow 0.0366 371 229 500 310
cow 0.0361 331 177 358 196
cow 0.0343 201 226 265 280
cow 0.0342 295 183 407 271
cow 0.0340 199 176 295 251
cow 0.0337 111 200 151 288
cow 0.0336 93 150 168 245
cow 0.0335 373 247 413 303
cow 0.0335 344 202 380 281
cow 0.0331 353 173 464 213
cow 0.0325 337 185 379 257
cow 0.0325 464 179 499 218
cow 0.0322 253 187 392 299
cow 0.0318 51 241 129 313
cow 0.0312 103 154 212 272
cow 0.0309 23 162 120 284
cow 0.0295 358 177 393 200
cow 0.0293 150 182 214 282
cow 0.0290 439 191 492 277
cow 0.0288 48 167 103 268
cow 0.0286 438 176 500 229
cow 0.0285 375 181 440 286
cow 0.0285 196 178 240 249
cow 0.0275 320 215 352 280
cow 0.0269 98 180 140 277
cow 0.0263 319 182 357 198
cow 0.0260 52 166 125 193
cow 0.0255 137 178 171 231
cow 0.0254 304 191 354 223
cow 0.0250 202 228 228 272
cow 0.0249 318 176 374 199
cow 0.0247 144 178 186 220
cow 0.0243 210 228 242 277
cow 0.0241 333 219 394 291
cow 0.0241 335 190 369 220
cow 0.0239 62 247 99 304
cow 0.0236 390 200 467 300
cow 0.0232 244 176 359 213
cow 0.0231 0 71 130 322
cow 0.0230 40 177 79 256
cow 0.0227 350 179 389 240
cow 0.0225 336 176 363 190
cow 0.0218 304 155 500 375
cow 0.0215 57 166 146 208
cow 0.0215 468 176 497 202
cow 0.0212 334 170 441 231
cow 0.0212 55 244 82 301
cow 0.0211 313 188 358 206
cow 0.0208 94 231 132 310
cow 0.0204 205 176 318 219
cow 0.0203 55 167 93 190
cow 0.0200 414 177 469 194
horse 0.1247 30 135 173 305
horse 0.1046 43 163 259 299
horse 0.0607 120 170 339 301
horse 0.0357 184 172 459 295
motorbike 0.0284 0 66 500 375
motorbike 0.0262 22 79 195 304
person 0.1086 0 0 362 375
person 0.0384 236 15 500 359
person 0.0313 129 142 169 200
person 0.0297 66 0 164 128
person 0.0235 34 0 244 311
person 0.0217 149 215 184 286
person 0.0217 73 252 106 311
pottedplant 0.0504 324 188 360 240
pottedplant 0.0413 363 175 409 215
pottedplant 0.0383 203 224 239 280
pottedplant 0.0331 324 216 357 282
pottedplant 0.0312 199 193 231 273
pottedplant 0.0309 326 192 357 220
pottedplant 0.0274 482 173 499 196
pottedplant 0.0272 330 172 372 212
pottedplant 0.0268 475 175 500 232
pottedplant 0.0260 138 143 183 206
pottedplant 0.0257 371 247 409 302
pottedplant 0.0252 389 176 472 203
pottedplant 0.0241 35 106 176 291
pottedplant 0.0234 368 178 406 245
pottedplant 0.0223 215 231 256 282
pottedplant 0.0222 461 162 500 215
pottedplant 0.0207 435 178 500 217
sheep 0.0216 425 175 496 205
